basin,name,year,cyclone_of_the_year,num_of_track_entries,date,time,record_identifier,status_of_system,latitude,longitude,max_sustained_wind,central_pressure,34kt_NE,34kt_SE,34kt_SW,34kt_NW,50kt_NE,50kt_SE,50kt_SW,50kt_NW,64kt_NE,64kt_SE,64kt_SW,64kt_NW
AL,UNNAMED,1851,1,14,18510625,0,,HU,28.0N,94.8W,80,,,,,,,,,,,,,
AL,UNNAMED,1851,1,14,18510625,600,,HU,28.0N,95.4W,80,,,,,,,,,,,,,
AL,UNNAMED,1851,1,14,18510625,1200,,HU,28.0N,96.0W,80,,,,,,,,,,,,,
AL,UNNAMED,1851,1,14,18510625,1800,,HU,28.1N,96.5W,80,,,,,,,,,,,,,
AL,UNNAMED,1851,1,14,18510625,2100,L,HU,28.2N,96.8W,80,,,,,,,,,,,,,
AL,UNNAMED,1851,1,14,18510626,0,,HU,28.2N,97.0W,70,,,,,,,,,,,,,
AL,UNNAMED,1851,1,14,18510626,600,,TS,28.3N,97.6W,60,,,,,,,,,,,,,
AL,UNNAMED,1851,1,14,18510626,1200,,TS,28.4N,98.3W,60,,,,,,,,,,,,,
AL,UNNAMED,1851,1,14,18510626,1800,,TS,28.6N,98.9W,50,,,,,,,,,,,,,
AL,UNNAMED,1851,1,14,18510627,0,,TS,29.0N,99.4W,50,,,,,,,,,,,,,
AL,UNNAMED,1851,1,14,18510627,600,,TS,29.5N,99.8W,40,,,,,,,,,,,,,
AL,UNNAMED,1851,1,14,18510627,1200,,TS,30.0N,100.0W,40,,,,,,,,,,,,,
AL,UNNAMED,1851,1,14,18510627,1800,,TS,30.5N,100.1W,40,,,,,,,,,,,,,
AL,UNNAMED,1851,1,14,18510628,0,,TS,31.0N,100.2W,40,,,,,,,,,,,,,
AL,UNNAMED,1851,2,1,18510705,1200,,HU,22.2N,97.6W,80,,,,,,,,,,,,,
AL,UNNAMED,1851,3,1,18510710,1200,,TS,12.0N,60.0W,50,,,,,,,,,,,,,
AL,UNNAMED,1851,4,49,18510816,0,,TS,13.4N,48.0W,40,,,,,,,,,,,,,
AL,UNNAMED,1851,4,49,18510816,600,,TS,13.7N,49.5W,40,,,,,,,,,,,,,
AL,UNNAMED,1851,4,49,18510816,1200,,TS,14.0N,51.0W,50,,,,,,,,,,,,,
AL,UNNAMED,1851,4,49,18510816,1800,,TS,14.4N,52.8W,50,,,,,,,,,,,,,
AL,UNNAMED,1851,4,49,18510817,0,,TS,14.9N,54.6W,60,,,,,,,,,,,,,
AL,UNNAMED,1851,4,49,18510817,600,,TS,15.4N,56.5W,60,,,,,,,,,,,,,
AL,UNNAMED,1851,4,49,18510817,1200,,HU,15.9N,58.5W,70,,,,,,,,,,,,,
AL,UNNAMED,1851,4,49,18510817,1800,,HU,16.1N,60.4W,70,,,,,,,,,,,,,
AL,UNNAMED,1851,4,49,18510818,0,,HU,16.6N,62.5W,80,,,,,,,,,,,,,
AL,UNNAMED,1851,4,49,18510818,600,,HU,16.9N,64.1W,80,,,,,,,,,,,,,
AL,UNNAMED,1851,4,49,18510818,1200,,HU,17.2N,66.0W,90,,,,,,,,,,,,,
AL,UNNAMED,1851,4,49,18510818,1800,,HU,17.6N,67.6W,90,,,,,,,,,,,,,
AL,UNNAMED,1851,4,49,18510819,0,,HU,18.0N,69.3W,90,,,,,,,,,,,,,
AL,UNNAMED,1851,4,49,18510819,600,,HU,18.4N,71.1W,70,,,,,,,,,,,,,
AL,UNNAMED,1851,4,49,18510819,1200,,TS,18.9N,72.6W,60,,,,,,,,,,,,,
AL,UNNAMED,1851,4,49,18510819,1800,,TS,19.4N,74.3W,60,,,,,,,,,,,,,
AL,UNNAMED,1851,4,49,18510820,0,,HU,19.9N,75.9W,70,,,,,,,,,,,,,
AL,UNNAMED,1851,4,49,18510820,600,,HU,20.5N,77.6W,70,,,,,,,,,,,,,
AL,UNNAMED,1851,4,49,18510820,1200,,HU,21.2N,79.0W,70,,,,,,,,,,,,,
AL,UNNAMED,1851,4,49,18510820,1800,,HU,21.9N,80.4W,70,,,,,,,,,,,,,
AL,UNNAMED,1851,4,49,18510821,0,,TS,22.6N,81.4W,60,,,,,,,,,,,,,
AL,UNNAMED,1851,4,49,18510821,600,,TS,23.2N,82.5W,60,,,,,,,,,,,,,
AL,UNNAMED,1851,4,49,18510821,1200,,HU,23.9N,83.6W,70,,,,,,,,,,,,,
AL,UNNAMED,1851,4,49,18510821,1800,,HU,24.4N,84.3W,70,,,,,,,,,,,,,
AL,UNNAMED,1851,4,49,18510822,0,,HU,25.0N,84.9W,80,,,,,,,,,,,,,
AL,UNNAMED,1851,4,49,18510822,600,,HU,25.6N,85.5W,80,,,,,,,,,,,,,
AL,UNNAMED,1851,4,49,18510822,1200,,HU,26.2N,86.0W,90,,,,,,,,,,,,,
AL,UNNAMED,1851,4,49,18510822,1800,,HU,26.8N,86.3W,90,,,,,,,,,,,,,
AL,UNNAMED,1851,4,49,18510823,0,,HU,27.4N,86.5W,100,,,,,,,,,,,,,
AL,UNNAMED,1851,4,49,18510823,600,,HU,28.0N,86.6W,100,,,,,,,,,,,,,
AL,UNNAMED,1851,4,49,18510823,1200,,HU,28.5N,86.6W,100,,,,,,,,,,,,,
AL,UNNAMED,1851,4,49,18510823,1800,,HU,29.6N,86.1W,100,,,,,,,,,,,,,
AL,UNNAMED,1851,4,49,18510823,2100,L,HU,30.1N,85.7W,100,,,,,,,,,,,,,
AL,UNNAMED,1851,4,49,18510824,0,,HU,30.7N,85.1W,90,,,,,,,,,,,,,
AL,UNNAMED,1851,4,49,18510824,600,,HU,31.6N,84.1W,70,,,,,,,,,,,,,
AL,UNNAMED,1851,4,49,18510824,1200,,TS,32.5N,83.0W,60,,,,,,,,,,,,,
AL,UNNAMED,1851,4,49,18510824,1800,,TS,33.4N,81.4W,50,,,,,,,,,,,,,
AL,UNNAMED,1851,4,49,18510825,0,,TS,34.0N,80.0W,40,,,,,,,,,,,,,
AL,UNNAMED,1851,4,49,18510825,600,,TS,34.8N,78.6W,40,,,,,,,,,,,,,
AL,UNNAMED,1851,4,49,18510825,1200,,TS,35.8N,77.0W,40,,,,,,,,,,,,,
AL,UNNAMED,1851,4,49,18510825,1800,,TS,36.8N,75.1W,40,,,,,,,,,,,,,
AL,UNNAMED,1851,4,49,18510826,0,,TS,37.8N,73.6W,40,,,,,,,,,,,,,
AL,UNNAMED,1851,4,49,18510826,600,,TS,38.9N,71.8W,40,,,,,,,,,,,,,
AL,UNNAMED,1851,4,49,18510826,1200,,TS,40.0N,70.0W,40,,,,,,,,,,,,,
AL,UNNAMED,1851,4,49,18510826,1800,,TS,41.3N,66.8W,40,,,,,,,,,,,,,
AL,UNNAMED,1851,4,49,18510827,0,,TS,42.8N,63.3W,40,,,,,,,,,,,,,
AL,UNNAMED,1851,4,49,18510827,600,,TS,44.5N,60.2W,40,,,,,,,,,,,,,
AL,UNNAMED,1851,4,49,18510827,1200,,TS,46.4N,57.2W,40,,,,,,,,,,,,,
AL,UNNAMED,1851,4,49,18510827,1800,,TS,48.5N,54.2W,40,,,,,,,,,,,,,
AL,UNNAMED,1851,5,16,18510913,0,,TS,32.5N,73.5W,50,,,,,,,,,,,,,
AL,UNNAMED,1851,5,16,18510913,600,,TS,32.5N,73.5W,50,,,,,,,,,,,,,
AL,UNNAMED,1851,5,16,18510913,1200,,TS,32.5N,73.5W,50,,,,,,,,,,,,,
AL,UNNAMED,1851,5,16,18510913,1800,,TS,32.5N,73.5W,50,,,,,,,,,,,,,
AL,UNNAMED,1851,5,16,18510914,0,,TS,32.5N,73.5W,50,,,,,,,,,,,,,
AL,UNNAMED,1851,5,16,18510914,600,,TS,32.5N,73.5W,50,,,,,,,,,,,,,
AL,UNNAMED,1851,5,16,18510914,1200,,TS,32.5N,73.5W,50,,,,,,,,,,,,,
AL,UNNAMED,1851,5,16,18510914,1800,,TS,32.5N,73.5W,50,,,,,,,,,,,,,
AL,UNNAMED,1851,5,16,18510915,0,,TS,32.5N,73.5W,50,,,,,,,,,,,,,
AL,UNNAMED,1851,5,16,18510915,600,,TS,32.5N,73.5W,50,,,,,,,,,,,,,
AL,UNNAMED,1851,5,16,18510915,1200,,TS,32.5N,73.5W,50,,,,,,,,,,,,,
AL,UNNAMED,1851,5,16,18510915,1800,,TS,32.5N,73.5W,50,,,,,,,,,,,,,
AL,UNNAMED,1851,5,16,18510916,0,,TS,32.5N,73.5W,50,,,,,,,,,,,,,
AL,UNNAMED,1851,5,16,18510916,600,,TS,32.5N,73.5W,50,,,,,,,,,,,,,
AL,UNNAMED,1851,5,16,18510916,1200,,TS,32.5N,73.5W,50,,,,,,,,,,,,,
AL,UNNAMED,1851,5,16,18510916,1800,,TS,32.5N,73.5W,50,,,,,,,,,,,,,
AL,UNNAMED,1851,6,17,18511016,0,,TS,28.7N,78.0W,40,,,,,,,,,,,,,
AL,UNNAMED,1851,6,17,18511016,600,,TS,29.1N,77.8W,40,,,,,,,,,,,,,
AL,UNNAMED,1851,6,17,18511016,1200,,TS,29.5N,77.5W,50,,,,,,,,,,,,,
AL,UNNAMED,1851,6,17,18511016,1800,,TS,30.1N,77.1W,50,,,,,,,,,,,,,
AL,UNNAMED,1851,6,17,18511017,0,,TS,30.7N,76.6W,60,,,,,,,,,,,,,
AL,UNNAMED,1851,6,17,18511017,600,,TS,31.2N,76.3W,60,,,,,,,,,,,,,
AL,UNNAMED,1851,6,17,18511017,1200,,TS,31.6N,75.9W,60,,,,,,,,,,,,,
AL,UNNAMED,1851,6,17,18511017,1800,,TS,32.0N,75.5W,60,,,,,,,,,,,,,
AL,UNNAMED,1851,6,17,18511018,0,,TS,32.7N,74.9W,60,,,,,,,,,,,,,
AL,UNNAMED,1851,6,17,18511018,600,,TS,33.3N,74.3W,60,,,,,,,,,,,,,
AL,UNNAMED,1851,6,17,18511018,1200,,TS,34.0N,73.8W,60,,,,,,,,,,,,,
AL,UNNAMED,1851,6,17,18511018,1800,,TS,35.3N,73.0W,60,,,,,,,,,,,,,
AL,UNNAMED,1851,6,17,18511019,0,,TS,37.0N,72.6W,50,,,,,,,,,,,,,
AL,UNNAMED,1851,6,17,18511019,600,,TS,38.5N,72.1W,50,,,,,,,,,,,,,
AL,UNNAMED,1851,6,17,18511019,1200,,TS,40.2N,71.8W,50,,,,,,,,,,,,,
AL,UNNAMED,1851,6,17,18511019,1500,L,TS,41.1N,71.7W,50,,,,,,,,,,,,,
AL,UNNAMED,1851,6,17,18511019,1800,,TS,42.0N,71.6W,40,,,,,,,,,,,,,
AL,UNNAMED,1852,1,45,18520819,0,,TS,20.5N,67.1W,60,,,,,,,,,,,,,
AL,UNNAMED,1852,1,45,18520819,600,,TS,20.7N,68.0W,60,,,,,,,,,,,,,
AL,UNNAMED,1852,1,45,18520819,1200,,TS,20.9N,68.8W,60,,,,,,,,,,,,,
AL,UNNAMED,1852,1,45,18520819,1800,,TS,21.1N,69.6W,60,,,,,,,,,,,,,
AL,UNNAMED,1852,1,45,18520820,0,,HU,21.2N,70.6W,70,,,,,,,,,,,,,
AL,UNNAMED,1852,1,45,18520820,600,,HU,21.5N,71.9W,70,,,,,,,,,,,,,
AL,UNNAMED,1852,1,45,18520820,1200,,HU,21.7N,73.0W,70,,,,,,,,,,,,,
AL,UNNAMED,1852,1,45,18520820,1800,,HU,21.9N,74.0W,70,,,,,,,,,,,,,
AL,UNNAMED,1852,1,45,18520821,0,,HU,22.1N,74.9W,80,,,,,,,,,,,,,
AL,UNNAMED,1852,1,45,18520821,600,,HU,22.2N,76.1W,80,,,,,,,,,,,,,
AL,UNNAMED,1852,1,45,18520821,1200,,HU,22.6N,77.1W,80,,,,,,,,,,,,,
AL,UNNAMED,1852,1,45,18520821,1800,,HU,22.9N,78.1W,80,,,,,,,,,,,,,
AL,UNNAMED,1852,1,45,18520822,0,,HU,23.2N,79.3W,90,,,,,,,,,,,,,
AL,UNNAMED,1852,1,45,18520822,600,,HU,23.5N,80.1W,90,,,,,,,,,,,,,
AL,UNNAMED,1852,1,45,18520822,1200,,HU,23.8N,81.1W,90,,,,,,,,,,,,,
AL,UNNAMED,1852,1,45,18520822,1800,,HU,24.2N,82.1W,90,,,,,,,,,,,,,
AL,UNNAMED,1852,1,45,18520823,0,,HU,24.7N,83.1W,90,,,,,,,,,,,,,
AL,UNNAMED,1852,1,45,18520823,600,,HU,25.2N,83.9W,90,,,,,,,,,,,,,
AL,UNNAMED,1852,1,45,18520823,1200,,HU,25.7N,84.6W,90,,,,,,,,,,,,,
AL,UNNAMED,1852,1,45,18520823,1800,,HU,26.2N,85.3W,90,,,,,,,,,,,,,
AL,UNNAMED,1852,1,45,18520824,0,,HU,26.7N,86.0W,100,,,,,,,,,,,,,
AL,UNNAMED,1852,1,45,18520824,600,,HU,27.2N,86.6W,100,,,,,,,,,,,,,
AL,UNNAMED,1852,1,45,18520824,1200,,HU,27.7N,87.1W,100,,,,,,,,,,,,,
AL,UNNAMED,1852,1,45,18520824,1800,,HU,28.2N,87.5W,100,,,,,,,,,,,,,
AL,UNNAMED,1852,1,45,18520825,0,,HU,28.6N,87.8W,100,,,,,,,,,,,,,
AL,UNNAMED,1852,1,45,18520825,600,,HU,28.8N,88.0W,100,,,,,,,,,,,,,
AL,UNNAMED,1852,1,45,18520825,1200,,HU,29.1N,88.2W,100,,,,,,,,,,,,,
AL,UNNAMED,1852,1,45,18520825,1800,,HU,29.4N,88.4W,100,,,,,,,,,,,,,
AL,UNNAMED,1852,1,45,18520826,0,,HU,29.8N,88.6W,100,,,,,,,,,,,,,
AL,UNNAMED,1852,1,45,18520826,600,L,HU,30.2N,88.6W,100,961,,,,,,,,,,,,
AL,UNNAMED,1852,1,45,18520826,1200,,HU,30.6N,88.5W,90,,,,,,,,,,,,,
AL,UNNAMED,1852,1,45,18520826,1800,,HU,31.2N,88.1W,70,,,,,,,,,,,,,
AL,UNNAMED,1852,1,45,18520827,0,,TS,31.8N,87.4W,50,,,,,,,,,,,,,
AL,UNNAMED,1852,1,45,18520827,600,,TS,32.3N,86.3W,40,,,,,,,,,,,,,
AL,UNNAMED,1852,1,45,18520827,1200,,TS,32.8N,84.8W,40,,,,,,,,,,,,,
AL,UNNAMED,1852,1,45,18520827,1800,,TS,33.2N,82.8W,40,,,,,,,,,,,,,
AL,UNNAMED,1852,1,45,18520828,0,,TS,33.5N,80.5W,40,,,,,,,,,,,,,
AL,UNNAMED,1852,1,45,18520828,600,,TS,33.8N,78.2W,40,,,,,,,,,,,,,
AL,UNNAMED,1852,1,45,18520828,1200,,TS,34.0N,76.0W,40,,,,,,,,,,,,,
AL,UNNAMED,1852,1,45,18520828,1800,,TS,34.4N,74.2W,40,,,,,,,,,,,,,
AL,UNNAMED,1852,1,45,18520829,0,,TS,35.2N,72.8W,50,,,,,,,,,,,,,
AL,UNNAMED,1852,1,45,18520829,600,,TS,36.4N,71.8W,50,,,,,,,,,,,,,
AL,UNNAMED,1852,1,45,18520829,1200,,TS,38.0N,70.8W,50,,,,,,,,,,,,,
AL,UNNAMED,1852,1,45,18520829,1800,,TS,39.6N,69.6W,50,,,,,,,,,,,,,
AL,UNNAMED,1852,1,45,18520830,0,,TS,41.0N,68.0W,50,,,,,,,,,,,,,
AL,UNNAMED,1852,2,8,18520905,0,,HU,17.0N,64.1W,70,,,,,,,,,,,,,
AL,UNNAMED,1852,2,8,18520905,600,,HU,17.4N,65.1W,70,,,,,,,,,,,,,
AL,UNNAMED,1852,2,8,18520905,1200,,HU,17.7N,66.1W,70,,,,,,,,,,,,,
AL,UNNAMED,1852,2,8,18520905,1800,,TS,18.2N,67.1W,60,,,,,,,,,,,,,
AL,UNNAMED,1852,2,8,18520906,0,,TS,18.6N,68.8W,60,,,,,,,,,,,,,
AL,UNNAMED,1852,2,8,18520906,600,,TS,19.2N,70.1W,50,,,,,,,,,,,,,
AL,UNNAMED,1852,2,8,18520906,1200,,TS,19.5N,71.4W,40,,,,,,,,,,,,,
AL,UNNAMED,1852,2,8,18520906,1800,,TS,19.7N,72.5W,40,,,,,,,,,,,,,
AL,UNNAMED,1852,3,20,18520909,0,,HU,26.4N,90.4W,70,,,,,,,,,,,,,
AL,UNNAMED,1852,3,20,18520909,600,,HU,26.5N,89.6W,70,,,,,,,,,,,,,
AL,UNNAMED,1852,3,20,18520909,1200,,HU,26.6N,88.8W,70,,,,,,,,,,,,,
AL,UNNAMED,1852,3,20,18520909,1800,,HU,26.6N,88.1W,70,,,,,,,,,,,,,
AL,UNNAMED,1852,3,20,18520910,0,,HU,26.8N,87.4W,70,,,,,,,,,,,,,
AL,UNNAMED,1852,3,20,18520910,600,,HU,26.9N,86.6W,70,,,,,,,,,,,,,
AL,UNNAMED,1852,3,20,18520910,1200,,HU,27.1N,86.1W,70,,,,,,,,,,,,,
AL,UNNAMED,1852,3,20,18520910,1800,,HU,27.3N,85.6W,70,,,,,,,,,,,,,
AL,UNNAMED,1852,3,20,18520911,0,,HU,27.5N,85.1W,70,,,,,,,,,,,,,
AL,UNNAMED,1852,3,20,18520911,600,,HU,27.7N,84.6W,70,,,,,,,,,,,,,
AL,UNNAMED,1852,3,20,18520911,1200,,HU,27.8N,84.0W,70,,,,,,,,,,,,,
AL,UNNAMED,1852,3,20,18520911,1800,,HU,27.9N,83.4W,70,,,,,,,,,,,,,
AL,UNNAMED,1852,3,20,18520912,0,L,HU,28.0N,82.8W,70,,,,,,,,,,,,,
AL,UNNAMED,1852,3,20,18520912,600,,TS,28.1N,82.2W,60,,,,,,,,,,,,,
AL,UNNAMED,1852,3,20,18520912,1200,,TS,28.2N,81.5W,50,,,,,,,,,,,,,
AL,UNNAMED,1852,3,20,18520912,1800,,TS,28.5N,80.5W,50,,,,,,,,,,,,,
AL,UNNAMED,1852,3,20,18520913,0,,TS,29.2N,79.0W,60,,,,,,,,,,,,,
AL,UNNAMED,1852,3,20,18520913,600,,HU,30.4N,77.0W,70,,,,,,,,,,,,,
AL,UNNAMED,1852,3,20,18520913,1200,,HU,32.0N,74.5W,70,,,,,,,,,,,,,
AL,UNNAMED,1852,3,20,18520913,1800,,HU,34.0N,71.5W,70,,,,,,,,,,,,,
AL,UNNAMED,1852,4,36,18520922,0,,TS,16.1N,58.5W,50,,,,,,,,,,,,,
AL,UNNAMED,1852,4,36,18520922,600,,TS,16.4N,59.1W,50,,,,,,,,,,,,,
AL,UNNAMED,1852,4,36,18520922,1200,,TS,16.7N,59.7W,50,,,,,,,,,,,,,
AL,UNNAMED,1852,4,36,18520922,1800,,TS,17.0N,60.3W,50,,,,,,,,,,,,,
AL,UNNAMED,1852,4,36,18520923,0,,TS,17.4N,61.2W,60,,,,,,,,,,,,,
AL,UNNAMED,1852,4,36,18520923,600,,TS,17.7N,62.2W,60,,,,,,,,,,,,,
AL,UNNAMED,1852,4,36,18520923,1200,,HU,18.1N,63.1W,70,,,,,,,,,,,,,
AL,UNNAMED,1852,4,36,18520923,1800,,HU,18.4N,63.7W,70,,,,,,,,,,,,,
AL,UNNAMED,1852,4,36,18520924,0,,HU,18.7N,64.3W,70,,,,,,,,,,,,,
AL,UNNAMED,1852,4,36,18520924,600,,HU,18.9N,65.0W,70,,,,,,,,,,,,,
AL,UNNAMED,1852,4,36,18520924,1200,,HU,19.1N,65.8W,70,,,,,,,,,,,,,
AL,UNNAMED,1852,4,36,18520924,1800,,HU,19.2N,66.6W,70,,,,,,,,,,,,,
AL,UNNAMED,1852,4,36,18520925,0,,HU,19.5N,67.4W,80,,,,,,,,,,,,,
AL,UNNAMED,1852,4,36,18520925,600,,HU,19.7N,68.1W,80,,,,,,,,,,,,,
AL,UNNAMED,1852,4,36,18520925,1200,,HU,19.9N,68.8W,80,,,,,,,,,,,,,
AL,UNNAMED,1852,4,36,18520925,1800,,HU,20.0N,69.6W,80,,,,,,,,,,,,,
AL,UNNAMED,1852,4,36,18520926,0,,HU,20.1N,70.3W,80,,,,,,,,,,,,,
AL,UNNAMED,1852,4,36,18520926,600,,HU,20.4N,70.9W,80,,,,,,,,,,,,,
AL,UNNAMED,1852,4,36,18520926,1200,,HU,20.7N,71.6W,80,,,,,,,,,,,,,
AL,UNNAMED,1852,4,36,18520926,1800,,HU,21.0N,72.1W,80,,,,,,,,,,,,,
AL,UNNAMED,1852,4,36,18520927,0,,HU,21.4N,73.0W,80,,,,,,,,,,,,,
AL,UNNAMED,1852,4,36,18520927,600,,HU,21.9N,73.6W,80,,,,,,,,,,,,,
AL,UNNAMED,1852,4,36,18520927,1200,,HU,22.5N,74.0W,80,,,,,,,,,,,,,
AL,UNNAMED,1852,4,36,18520927,1800,,HU,23.2N,74.4W,80,,,,,,,,,,,,,
AL,UNNAMED,1852,4,36,18520928,0,,HU,23.9N,74.6W,80,,,,,,,,,,,,,
AL,UNNAMED,1852,4,36,18520928,600,,HU,24.6N,74.6W,80,,,,,,,,,,,,,
AL,UNNAMED,1852,4,36,18520928,1200,,HU,25.4N,74.5W,80,,,,,,,,,,,,,
AL,UNNAMED,1852,4,36,18520928,1800,,HU,26.5N,74.0W,80,,,,,,,,,,,,,
AL,UNNAMED,1852,4,36,18520929,0,,HU,27.4N,73.5W,80,,,,,,,,,,,,,
AL,UNNAMED,1852,4,36,18520929,600,,HU,28.2N,72.9W,80,,,,,,,,,,,,,
AL,UNNAMED,1852,4,36,18520929,1200,,HU,29.0N,72.3W,80,,,,,,,,,,,,,
AL,UNNAMED,1852,4,36,18520929,1800,,HU,30.2N,71.5W,80,,,,,,,,,,,,,
AL,UNNAMED,1852,4,36,18520930,0,,HU,31.6N,70.5W,70,,,,,,,,,,,,,
AL,UNNAMED,1852,4,36,18520930,600,,HU,32.7N,69.6W,70,,,,,,,,,,,,,
AL,UNNAMED,1852,4,36,18520930,1200,,HU,33.8N,69.1W,70,,,,,,,,,,,,,
AL,UNNAMED,1852,4,36,18520930,1800,,HU,34.9N,68.6W,70,,,,,,,,,,,,,
AL,UNNAMED,1852,5,25,18521006,0,,HU,17.0N,73.8W,90,,,,,,,,,,,,,
AL,UNNAMED,1852,5,25,18521006,600,,HU,17.1N,75.0W,90,,,,,,,,,,,,,
AL,UNNAMED,1852,5,25,18521006,1200,,HU,17.2N,76.3W,90,,,,,,,,,,,,,
AL,UNNAMED,1852,5,25,18521006,1800,,HU,17.2N,77.8W,90,,,,,,,,,,,,,
AL,UNNAMED,1852,5,25,18521007,0,,HU,17.7N,79.6W,90,,,,,,,,,,,,,
AL,UNNAMED,1852,5,25,18521007,600,,HU,18.2N,81.5W,90,,,,,,,,,,,,,
AL,UNNAMED,1852,5,25,18521007,1200,,HU,18.7N,83.1W,90,,,,,,,,,,,,,
AL,UNNAMED,1852,5,25,18521007,1800,,HU,19.5N,84.4W,90,,,,,,,,,,,,,
AL,UNNAMED,1852,5,25,18521008,0,,HU,20.4N,85.5W,90,,,,,,,,,,,,,
AL,UNNAMED,1852,5,25,18521008,600,,HU,21.2N,86.4W,90,,,,,,,,,,,,,
AL,UNNAMED,1852,5,25,18521008,1200,,HU,22.4N,86.9W,90,,,,,,,,,,,,,
AL,UNNAMED,1852,5,25,18521008,1800,,HU,24.0N,86.8W,90,,,,,,,,,,,,,
AL,UNNAMED,1852,5,25,18521009,0,,HU,25.6N,86.4W,90,,,,,,,,,,,,,
AL,UNNAMED,1852,5,25,18521009,600,,HU,26.9N,85.9W,90,,,,,,,,,,,,,
AL,UNNAMED,1852,5,25,18521009,1200,,HU,28.0N,85.5W,90,,,,,,,,,,,,,
AL,UNNAMED,1852,5,25,18521009,1800,,HU,29.2N,84.9W,90,,,,,,,,,,,,,
AL,UNNAMED,1852,5,25,18521009,2100,L,HU,29.9N,84.4W,90,,,,,,,,,,,,,
AL,UNNAMED,1852,5,25,18521010,0,,HU,30.5N,83.9W,80,,,,,,,,,,,,,
AL,UNNAMED,1852,5,25,18521010,600,,TS,31.8N,82.8W,60,,,,,,,,,,,,,
AL,UNNAMED,1852,5,25,18521010,1200,,TS,33.0N,81.1W,50,,,,,,,,,,,,,
AL,UNNAMED,1852,5,25,18521010,1800,,TS,34.0N,79.5W,50,,,,,,,,,,,,,
AL,UNNAMED,1852,5,25,18521011,0,,TS,35.0N,77.0W,50,,,,,,,,,,,,,
AL,UNNAMED,1852,5,25,18521011,600,,TS,36.0N,74.0W,50,,,,,,,,,,,,,
AL,UNNAMED,1852,5,25,18521011,1200,,TS,38.0N,70.0W,60,,,,,,,,,,,,,
AL,UNNAMED,1852,5,25,18521011,1800,,TS,40.0N,66.0W,60,,,,,,,,,,,,,
AL,UNNAMED,1853,1,1,18530805,1200,,TS,32.5N,69.0W,50,,,,,,,,,,,,,
AL,UNNAMED,1853,2,1,18530810,1200,,TS,12.0N,60.0W,40,,,,,,,,,,,,,
AL,UNNAMED,1853,3,48,18530830,0,,TS,12.1N,23.2W,40,,,,,,,,,,,,,
AL,UNNAMED,1853,3,48,18530830,600,,TS,12.3N,25.1W,40,,,,,,,,,,,,,
AL,UNNAMED,1853,3,48,18530830,1200,,TS,12.5N,27.0W,40,,,,,,,,,,,,,
AL,UNNAMED,1853,3,48,18530830,1800,,TS,12.8N,28.9W,40,,,,,,,,,,,,,
AL,UNNAMED,1853,3,48,18530831,0,,TS,13.0N,30.9W,50,,,,,,,,,,,,,
AL,UNNAMED,1853,3,48,18530831,600,,TS,13.3N,33.0W,50,,,,,,,,,,,,,
AL,UNNAMED,1853,3,48,18530831,1200,,TS,13.6N,35.0W,60,,,,,,,,,,,,,
AL,UNNAMED,1853,3,48,18530831,1800,,TS,13.9N,36.8W,60,,,,,,,,,,,,,
AL,UNNAMED,1853,3,48,18530901,0,,HU,14.2N,38.5W,70,,,,,,,,,,,,,
AL,UNNAMED,1853,3,48,18530901,600,,HU,14.6N,40.5W,70,,,,,,,,,,,,,
AL,UNNAMED,1853,3,48,18530901,1200,,HU,14.9N,42.3W,80,,,,,,,,,,,,,
AL,UNNAMED,1853,3,48,18530901,1800,,HU,15.2N,43.9W,80,,,,,,,,,,,,,
AL,UNNAMED,1853,3,48,18530902,0,,HU,15.7N,45.7W,90,,,,,,,,,,,,,
AL,UNNAMED,1853,3,48,18530902,600,,HU,16.2N,47.3W,90,,,,,,,,,,,,,
AL,UNNAMED,1853,3,48,18530902,1200,,HU,16.7N,49.0W,100,,,,,,,,,,,,,
AL,UNNAMED,1853,3,48,18530902,1800,,HU,17.4N,51.0W,110,,,,,,,,,,,,,
AL,UNNAMED,1853,3,48,18530903,0,,HU,18.2N,52.8W,120,,,,,,,,,,,,,
AL,UNNAMED,1853,3,48,18530903,600,,HU,19.1N,54.6W,130,,,,,,,,,,,,,
AL,UNNAMED,1853,3,48,18530903,1200,,HU,19.7N,56.2W,130,924,,,,,,,,,,,,
AL,UNNAMED,1853,3,48,18530903,1800,,HU,20.7N,58.0W,130,,,,,,,,,,,,,
AL,UNNAMED,1853,3,48,18530904,0,,HU,21.2N,59.9W,120,,,,,,,,,,,,,
AL,UNNAMED,1853,3,48,18530904,600,,HU,22.0N,61.8W,120,,,,,,,,,,,,,
AL,UNNAMED,1853,3,48,18530904,1200,,HU,22.7N,63.7W,120,,,,,,,,,,,,,
AL,UNNAMED,1853,3,48,18530904,1800,,HU,23.4N,65.3W,120,,,,,,,,,,,,,
AL,UNNAMED,1853,3,48,18530905,0,,HU,24.2N,67.1W,120,,,,,,,,,,,,,
AL,UNNAMED,1853,3,48,18530905,600,,HU,25.0N,68.6W,120,,,,,,,,,,,,,
AL,UNNAMED,1853,3,48,18530905,1200,,HU,25.8N,70.1W,120,,,,,,,,,,,,,
AL,UNNAMED,1853,3,48,18530905,1800,,HU,26.6N,71.1W,120,,,,,,,,,,,,,
AL,UNNAMED,1853,3,48,18530906,0,,HU,27.3N,72.0W,120,,,,,,,,,,,,,
AL,UNNAMED,1853,3,48,18530906,600,,HU,28.2N,72.9W,120,,,,,,,,,,,,,
AL,UNNAMED,1853,3,48,18530906,1200,,HU,29.1N,73.5W,120,,,,,,,,,,,,,
AL,UNNAMED,1853,3,48,18530906,1800,,HU,30.2N,74.0W,120,,,,,,,,,,,,,
AL,UNNAMED,1853,3,48,18530907,0,,HU,31.2N,74.3W,110,,,,,,,,,,,,,
AL,UNNAMED,1853,3,48,18530907,600,,HU,32.5N,74.1W,110,,,,,,,,,,,,,
AL,UNNAMED,1853,3,48,18530907,1200,,HU,33.7N,73.9W,100,,,,,,,,,,,,,
AL,UNNAMED,1853,3,48,18530907,1800,,HU,34.9N,72.9W,100,,,,,,,,,,,,,
AL,UNNAMED,1853,3,48,18530908,0,,HU,36.0N,71.6W,100,,,,,,,,,,,,,
AL,UNNAMED,1853,3,48,18530908,600,,HU,36.8N,69.9W,100,,,,,,,,,,,,,
AL,UNNAMED,1853,3,48,18530908,1200,,HU,37.5N,67.9W,100,,,,,,,,,,,,,
AL,UNNAMED,1853,3,48,18530908,1800,,HU,38.2N,65.4W,100,,,,,,,,,,,,,
AL,UNNAMED,1853,3,48,18530909,0,,HU,39.0N,62.3W,100,,,,,,,,,,,,,
AL,UNNAMED,1853,3,48,18530909,600,,HU,39.9N,59.4W,90,,,,,,,,,,,,,
AL,UNNAMED,1853,3,48,18530909,1200,,HU,40.8N,56.8W,80,,,,,,,,,,,,,
AL,UNNAMED,1853,3,48,18530909,1800,,HU,41.9N,53.4W,70,,,,,,,,,,,,,
AL,UNNAMED,1853,3,48,18530910,0,,HU,42.9N,49.5W,70,,,,,,,,,,,,,
AL,UNNAMED,1853,3,48,18530910,600,,HU,43.9N,45.5W,70,,,,,,,,,,,,,
AL,UNNAMED,1853,3,48,18530910,1200,,HU,45.0N,41.2W,70,,,,,,,,,,,,,
AL,UNNAMED,1853,3,48,18530910,1800,,HU,46.2N,36.2W,70,,,,,,,,,,,,,
AL,UNNAMED,1853,4,12,18530908,0,,HU,37.0N,53.0W,100,,,,,,,,,,,,,
AL,UNNAMED,1853,4,12,18530908,600,,HU,38.0N,51.0W,100,,,,,,,,,,,,,
AL,UNNAMED,1853,4,12,18530908,1200,,HU,39.0N,49.0W,100,,,,,,,,,,,,,
AL,UNNAMED,1853,4,12,18530908,1800,,HU,40.0N,46.8W,100,,,,,,,,,,,,,
AL,UNNAMED,1853,4,12,18530909,0,,HU,41.3N,44.0W,100,,,,,,,,,,,,,
AL,UNNAMED,1853,4,12,18530909,600,,HU,42.5N,41.5W,100,,,,,,,,,,,,,
AL,UNNAMED,1853,4,12,18530909,1200,,HU,43.4N,39.3W,100,,,,,,,,,,,,,
AL,UNNAMED,1853,4,12,18530909,1800,,HU,44.5N,37.2W,100,,,,,,,,,,,,,
AL,UNNAMED,1853,4,12,18530910,0,,HU,45.5N,34.7W,100,,,,,,,,,,,,,
AL,UNNAMED,1853,4,12,18530910,600,,HU,46.3N,32.3W,100,,,,,,,,,,,,,
AL,UNNAMED,1853,4,12,18530910,1200,,HU,47.0N,30.0W,90,,,,,,,,,,,,,
AL,UNNAMED,1853,4,12,18530910,1800,,HU,48.0N,27.5W,90,,,,,,,,,,,,,
AL,UNNAMED,1853,5,1,18530921,1200,,TS,20.0N,95.0W,50,,,,,,,,,,,,,
AL,UNNAMED,1853,6,22,18530926,0,,TS,25.8N,62.0W,50,,,,,,,,,,,,,
AL,UNNAMED,1853,6,22,18530926,600,,TS,27.4N,62.5W,50,,,,,,,,,,,,,
AL,UNNAMED,1853,6,22,18530926,1200,,TS,29.0N,62.9W,50,,,,,,,,,,,,,
AL,UNNAMED,1853,6,22,18530926,1800,,TS,30.6N,63.2W,50,,,,,,,,,,,,,
AL,UNNAMED,1853,6,22,18530927,0,,TS,32.9N,62.6W,60,,,,,,,,,,,,,
AL,UNNAMED,1853,6,22,18530927,600,,TS,34.8N,61.3W,60,,,,,,,,,,,,,
AL,UNNAMED,1853,6,22,18530927,1200,,HU,36.0N,59.8W,70,,,,,,,,,,,,,
AL,UNNAMED,1853,6,22,18530927,1800,,HU,36.7N,58.4W,70,,,,,,,,,,,,,
AL,UNNAMED,1853,6,22,18530928,0,,HU,36.8N,57.4W,70,,,,,,,,,,,,,
AL,UNNAMED,1853,6,22,18530928,600,,HU,36.3N,56.7W,70,,,,,,,,,,,,,
AL,UNNAMED,1853,6,22,18530928,1200,,HU,35.5N,56.9W,70,,,,,,,,,,,,,
AL,UNNAMED,1853,6,22,18530928,1800,,HU,35.5N,57.0W,70,,,,,,,,,,,,,
AL,UNNAMED,1853,6,22,18530929,0,,HU,35.4N,57.2W,70,,,,,,,,,,,,,
AL,UNNAMED,1853,6,22,18530929,600,,HU,35.3N,57.4W,70,,,,,,,,,,,,,
AL,UNNAMED,1853,6,22,18530929,1200,,HU,35.3N,57.7W,70,,,,,,,,,,,,,
AL,UNNAMED,1853,6,22,18530929,1800,,HU,35.4N,57.9W,70,,,,,,,,,,,,,
AL,UNNAMED,1853,6,22,18530930,0,,HU,35.5N,58.1W,70,,,,,,,,,,,,,
AL,UNNAMED,1853,6,22,18530930,600,,HU,35.5N,58.2W,70,,,,,,,,,,,,,
AL,UNNAMED,1853,6,22,18530930,1200,,HU,35.8N,58.3W,70,,,,,,,,,,,,,
AL,UNNAMED,1853,6,22,18530930,1800,,HU,36.3N,58.0W,70,,,,,,,,,,,,,
AL,UNNAMED,1853,6,22,18531001,0,,HU,37.0N,57.5W,70,,,,,,,,,,,,,
AL,UNNAMED,1853,6,22,18531001,600,,HU,38.0N,56.8W,70,,,,,,,,,,,,,
AL,UNNAMED,1853,7,1,18530928,1200,,TS,15.0N,37.0W,50,,,,,,,,,,,,,
AL,UNNAMED,1853,8,14,18531019,0,,HU,27.5N,78.5W,70,,,,,,,,,,,,,
AL,UNNAMED,1853,8,14,18531019,600,,HU,28.0N,78.9W,70,,,,,,,,,,,,,
AL,UNNAMED,1853,8,14,18531019,1200,,HU,28.5N,79.3W,80,,,,,,,,,,,,,
AL,UNNAMED,1853,8,14,18531019,1800,,HU,28.9N,79.6W,80,,,,,,,,,,,,,
AL,UNNAMED,1853,8,14,18531020,0,,HU,29.3N,79.9W,80,,,,,,,,,,,,,
AL,UNNAMED,1853,8,14,18531020,600,,HU,29.7N,80.2W,80,,,,,,,,,,,,,
AL,UNNAMED,1853,8,14,18531020,1200,,HU,30.0N,80.5W,90,,,,,,,,,,,,,
AL,UNNAMED,1853,8,14,18531020,1800,,HU,30.3N,80.7W,90,,,,,,,,,,,,,
AL,UNNAMED,1853,8,14,18531021,0,,HU,30.6N,80.9W,90,,,,,,,,,,,,,
AL,UNNAMED,1853,8,14,18531021,600,,HU,30.9N,80.9W,90,,,,,,,,,,,,,
AL,UNNAMED,1853,8,14,18531021,1200,,HU,31.3N,80.6W,80,,,,,,,,,,,,,
AL,UNNAMED,1853,8,14,18531021,1800,,HU,31.7N,80.1W,80,,,,,,,,,,,,,
AL,UNNAMED,1853,8,14,18531022,0,,HU,32.1N,79.4W,80,,,,,,,,,,,,,
AL,UNNAMED,1853,8,14,18531022,600,,HU,32.5N,78.5W,80,,,,,,,,,,,,,
AL,UNNAMED,1854,1,11,18540625,0,,TS,26.0N,92.5W,60,,,,,,,,,,,,,
AL,UNNAMED,1854,1,11,18540625,600,,TS,26.0N,93.0W,60,,,,,,,,,,,,,
AL,UNNAMED,1854,1,11,18540625,1200,,HU,26.0N,93.5W,70,,,,,,,,,,,,,
AL,UNNAMED,1854,1,11,18540625,1800,,HU,26.0N,94.0W,70,,,,,,,,,,,,,
AL,UNNAMED,1854,1,11,18540626,0,,HU,26.0N,94.7W,70,,,,,,,,,,,,,
AL,UNNAMED,1854,1,11,18540626,600,,HU,26.1N,95.7W,70,,,,,,,,,,,,,
AL,UNNAMED,1854,1,11,18540626,1200,L,HU,26.2N,97.0W,70,,,,,,,,,,,,,
AL,UNNAMED,1854,1,11,18540626,1800,,TS,26.4N,98.5W,50,,,,,,,,,,,,,
AL,UNNAMED,1854,1,11,18540627,0,,TS,26.8N,100.0W,40,,,,,,,,,,,,,
AL,UNNAMED,1854,1,11,18540627,600,,TS,27.4N,101.5W,40,,,,,,,,,,,,,
AL,UNNAMED,1854,1,11,18540627,1200,,TS,28.0N,103.0W,40,,,,,,,,,,,,,
AL,UNNAMED,1854,2,1,18540823,1200,,TS,33.0N,55.0W,60,,,,,,,,,,,,,
AL,UNNAMED,1854,3,25,18540907,0,,HU,26.4N,76.6W,110,,,,,,,,,,,,,
AL,UNNAMED,1854,3,25,18540907,600,,HU,27.2N,77.6W,110,,,,,,,,,,,,,
AL,UNNAMED,1854,3,25,18540907,1200,,HU,28.0N,78.6W,110,938,,,,,,,,,,,,
AL,UNNAMED,1854,3,25,18540907,1800,,HU,28.8N,79.6W,110,,,,,,,,,,,,,
AL,UNNAMED,1854,3,25,18540908,0,,HU,29.6N,80.3W,110,,,,,,,,,,,,,
AL,UNNAMED,1854,3,25,18540908,600,,HU,30.4N,80.6W,110,,,,,,,,,,,,,
AL,UNNAMED,1854,3,25,18540908,1200,,HU,31.1N,80.9W,100,,,,,,,,,,,,,
AL,UNNAMED,1854,3,25,18540908,1800,,HU,31.6N,81.1W,100,950,,,,,,,,,,,,
AL,UNNAMED,1854,3,25,18540908,2000,L,HU,31.7N,81.1W,100,950,,,,,,,,,,,,
AL,UNNAMED,1854,3,25,18540909,0,,HU,32.0N,81.3W,80,,,,,,,,,,,,,
AL,UNNAMED,1854,3,25,18540909,600,,HU,32.5N,81.5W,70,,,,,,,,,,,,,
AL,UNNAMED,1854,3,25,18540909,1200,,TS,33.2N,81.5W,60,,,,,,,,,,,,,
AL,UNNAMED,1854,3,25,18540909,1800,,TS,34.3N,80.5W,50,,,,,,,,,,,,,
AL,UNNAMED,1854,3,25,18540910,0,,TS,35.5N,78.1W,40,,,,,,,,,,,,,
AL,UNNAMED,1854,3,25,18540910,600,,TS,36.8N,75.9W,40,,,,,,,,,,,,,
AL,UNNAMED,1854,3,25,18540910,1200,,TS,37.8N,74.0W,50,,,,,,,,,,,,,
AL,UNNAMED,1854,3,25,18540910,1800,,TS,38.4N,71.9W,60,,,,,,,,,,,,,
AL,UNNAMED,1854,3,25,18540911,0,,HU,38.8N,69.5W,70,,,,,,,,,,,,,
AL,UNNAMED,1854,3,25,18540911,600,,HU,39.0N,67.3W,80,,,,,,,,,,,,,
AL,UNNAMED,1854,3,25,18540911,1200,,HU,39.4N,65.0W,90,,,,,,,,,,,,,
AL,UNNAMED,1854,3,25,18540911,1800,,HU,39.5N,61.8W,90,,,,,,,,,,,,,
AL,UNNAMED,1854,3,25,18540912,0,,HU,39.8N,58.3W,90,,,,,,,,,,,,,
AL,UNNAMED,1854,3,25,18540912,600,,HU,40.0N,55.1W,90,,,,,,,,,,,,,
AL,UNNAMED,1854,3,25,18540912,1200,,HU,40.0N,52.0W,80,,,,,,,,,,,,,
AL,UNNAMED,1854,3,25,18540912,1800,,HU,40.2N,48.0W,80,,,,,,,,,,,,,
AL,UNNAMED,1854,4,11,18540918,0,,HU,28.2N,93.6W,90,,,,,,,,,,,,,
AL,UNNAMED,1854,4,11,18540918,600,,HU,28.4N,94.1W,90,,,,,,,,,,,,,
AL,UNNAMED,1854,4,11,18540918,1200,,HU,28.6N,94.6W,90,,,,,,,,,,,,,
AL,UNNAMED,1854,4,11,18540918,1800,,HU,28.8N,95.1W,90,,,,,,,,,,,,,
AL,UNNAMED,1854,4,11,18540918,2100,L,HU,28.9N,95.3W,90,,,,,,,,,,,,,
AL,UNNAMED,1854,4,11,18540919,0,,HU,29.0N,95.6W,80,,,,,,,,,,,,,
AL,UNNAMED,1854,4,11,18540919,600,,HU,29.2N,96.1W,70,,,,,,,,,,,,,
AL,UNNAMED,1854,4,11,18540919,1200,,TS,29.4N,96.5W,60,,,,,,,,,,,,,
AL,UNNAMED,1854,4,11,18540919,1800,,TS,29.7N,96.6W,60,,,,,,,,,,,,,
AL,UNNAMED,1854,4,11,18540920,0,,TS,30.0N,96.4W,50,,,,,,,,,,,,,
AL,UNNAMED,1854,4,11,18540920,600,,TS,30.3N,96.0W,40,,,,,,,,,,,,,
AL,UNNAMED,1854,5,12,18541020,0,,TS,25.0N,67.6W,50,,,,,,,,,,,,,
AL,UNNAMED,1854,5,12,18541020,600,,TS,25.8N,67.6W,50,,,,,,,,,,,,,
AL,UNNAMED,1854,5,12,18541020,1200,,TS,26.7N,67.6W,50,,,,,,,,,,,,,
AL,UNNAMED,1854,5,12,18541020,1800,,TS,27.6N,67.5W,50,,,,,,,,,,,,,
AL,UNNAMED,1854,5,12,18541021,0,,TS,28.6N,67.3W,60,,,,,,,,,,,,,
AL,UNNAMED,1854,5,12,18541021,600,,TS,29.5N,67.0W,60,,,,,,,,,,,,,
AL,UNNAMED,1854,5,12,18541021,1200,,TS,30.3N,66.6W,60,,,,,,,,,,,,,
AL,UNNAMED,1854,5,12,18541021,1800,,TS,31.5N,65.6W,60,,,,,,,,,,,,,
AL,UNNAMED,1854,5,12,18541022,0,,TS,32.4N,64.3W,60,,,,,,,,,,,,,
AL,UNNAMED,1854,5,12,18541022,600,,TS,33.0N,62.8W,60,,,,,,,,,,,,,
AL,UNNAMED,1854,5,12,18541022,1200,,TS,33.5N,61.0W,50,,,,,,,,,,,,,
AL,UNNAMED,1854,5,12,18541022,1800,,TS,34.2N,58.7W,50,,,,,,,,,,,,,
AL,UNNAMED,1855,1,1,18550806,1200,,HU,22.2N,98.0W,90,,,,,,,,,,,,,
AL,UNNAMED,1855,2,6,18550810,0,,HU,44.0N,42.0W,90,,,,,,,,,,,,,
AL,UNNAMED,1855,2,6,18550810,600,,HU,46.0N,39.0W,90,,,,,,,,,,,,,
AL,UNNAMED,1855,2,6,18550810,1200,,HU,48.0N,36.0W,90,,,,,,,,,,,,,
AL,UNNAMED,1855,2,6,18550810,1800,,HU,50.0N,32.5W,90,,,,,,,,,,,,,
AL,UNNAMED,1855,2,6,18550811,0,,HU,52.0N,29.0W,90,,,,,,,,,,,,,
AL,UNNAMED,1855,2,6,18550811,600,,HU,54.0N,24.0W,90,,,,,,,,,,,,,
AL,UNNAMED,1855,3,1,18550811,1200,,HU,12.5N,83.0W,70,,,,,,,,,,,,,
AL,UNNAMED,1855,4,16,18550824,0,,TS,12.0N,55.9W,50,,,,,,,,,,,,,
AL,UNNAMED,1855,4,16,18550824,600,,TS,12.0N,57.1W,50,,,,,,,,,,,,,
AL,UNNAMED,1855,4,16,18550824,1200,,TS,12.1N,58.3W,50,,,,,,,,,,,,,
AL,UNNAMED,1855,4,16,18550824,1800,,TS,12.3N,59.5W,50,,,,,,,,,,,,,
AL,UNNAMED,1855,4,16,18550825,0,,TS,12.8N,60.7W,60,,,,,,,,,,,,,
AL,UNNAMED,1855,4,16,18550825,600,,TS,13.5N,61.9W,60,,,,,,,,,,,,,
AL,UNNAMED,1855,4,16,18550825,1200,,TS,14.1N,62.8W,60,,,,,,,,,,,,,
AL,UNNAMED,1855,4,16,18550825,1800,,TS,14.8N,63.7W,60,,,,,,,,,,,,,
AL,UNNAMED,1855,4,16,18550826,0,,TS,15.6N,64.4W,60,,,,,,,,,,,,,
AL,UNNAMED,1855,4,16,18550826,600,,TS,16.4N,65.4W,60,,,,,,,,,,,,,
AL,UNNAMED,1855,4,16,18550826,1200,,TS,17.1N,66.5W,60,,,,,,,,,,,,,
AL,UNNAMED,1855,4,16,18550826,1800,,TS,17.7N,67.9W,60,,,,,,,,,,,,,
AL,UNNAMED,1855,4,16,18550827,0,,TS,18.4N,69.5W,50,997,,,,,,,,,,,,
AL,UNNAMED,1855,4,16,18550827,600,,TS,19.2N,71.1W,50,,,,,,,,,,,,,
AL,UNNAMED,1855,4,16,18550827,1200,,TS,19.5N,72.3W,40,,,,,,,,,,,,,
AL,UNNAMED,1855,4,16,18550827,1800,,TS,19.7N,73.6W,40,,,,,,,,,,,,,
AL,UNNAMED,1855,5,11,18550915,0,,HU,26.7N,89.1W,70,,,,,,,,,,,,,
AL,UNNAMED,1855,5,11,18550915,600,,HU,27.1N,89.1W,80,,,,,,,,,,,,,
AL,UNNAMED,1855,5,11,18550915,1200,,HU,27.5N,89.3W,90,,,,,,,,,,,,,
AL,UNNAMED,1855,5,11,18550915,1800,,HU,28.1N,89.4W,100,,,,,,,,,,,,,
AL,UNNAMED,1855,5,11,18550916,0,,HU,28.8N,89.5W,110,,,,,,,,,,,,,
AL,UNNAMED,1855,5,11,18550916,300,L,HU,29.2N,89.5W,110,,,,,,,,,,,,,
AL,UNNAMED,1855,5,11,18550916,600,,HU,29.6N,89.5W,110,,,,,,,,,,,,,
AL,UNNAMED,1855,5,11,18550916,1200,,HU,30.2N,89.4W,100,,,,,,,,,,,,,
AL,UNNAMED,1855,5,11,18550916,1800,,HU,31.0N,89.1W,70,,,,,,,,,,,,,
AL,UNNAMED,1855,5,11,18550917,0,,TS,32.0N,88.8W,50,,,,,,,,,,,,,
AL,UNNAMED,1855,5,11,18550917,600,,TS,33.0N,88.3W,40,,,,,,,,,,,,,
AL,UNNAMED,1856,1,14,18560809,0,,HU,25.0N,83.9W,70,,,,,,,,,,,,,
AL,UNNAMED,1856,1,14,18560809,600,,HU,25.7N,85.1W,80,,,,,,,,,,,,,
AL,UNNAMED,1856,1,14,18560809,1200,,HU,26.3N,86.5W,90,,,,,,,,,,,,,
AL,UNNAMED,1856,1,14,18560809,1800,,HU,27.0N,87.8W,100,,,,,,,,,,,,,
AL,UNNAMED,1856,1,14,18560810,0,,HU,27.7N,89.1W,110,,,,,,,,,,,,,
AL,UNNAMED,1856,1,14,18560810,600,,HU,28.2N,89.8W,120,,,,,,,,,,,,,
AL,UNNAMED,1856,1,14,18560810,1200,,HU,28.7N,90.5W,130,,,,,,,,,,,,,
AL,UNNAMED,1856,1,14,18560810,1800,L,HU,29.2N,91.1W,130,934,,,,,,,,,,,,
AL,UNNAMED,1856,1,14,18560811,0,,HU,29.7N,91.6W,110,,,,,,,,,,,,,
AL,UNNAMED,1856,1,14,18560811,600,,HU,30.0N,91.8W,80,,,,,,,,,,,,,
AL,UNNAMED,1856,1,14,18560811,1200,,TS,30.3N,91.9W,60,,,,,,,,,,,,,
AL,UNNAMED,1856,1,14,18560811,1800,,TS,30.6N,91.8W,50,,,,,,,,,,,,,
AL,UNNAMED,1856,1,14,18560812,0,,TS,30.9N,91.6W,40,,,,,,,,,,,,,
AL,UNNAMED,1856,1,14,18560812,600,,TS,31.3N,91.0W,40,,,,,,,,,,,,,
AL,UNNAMED,1856,2,8,18560813,0,,HU,12.1N,56.1W,70,,,,,,,,,,,,,
AL,UNNAMED,1856,2,8,18560813,600,,HU,12.1N,57.3W,70,,,,,,,,,,,,,
AL,UNNAMED,1856,2,8,18560813,1200,,HU,12.1N,58.5W,70,,,,,,,,,,,,,
AL,UNNAMED,1856,2,8,18560813,1800,,HU,12.1N,60.1W,70,,,,,,,,,,,,,
AL,UNNAMED,1856,2,8,18560814,0,,HU,12.1N,61.8W,70,,,,,,,,,,,,,
AL,UNNAMED,1856,2,8,18560814,600,,HU,12.1N,63.2W,70,,,,,,,,,,,,,
AL,UNNAMED,1856,2,8,18560814,1200,,HU,12.1N,64.5W,70,,,,,,,,,,,,,
AL,UNNAMED,1856,2,8,18560814,1800,,HU,12.1N,65.6W,70,,,,,,,,,,,,,
AL,UNNAMED,1856,3,12,18560819,0,,TS,32.5N,75.5W,50,,,,,,,,,,,,,
AL,UNNAMED,1856,3,12,18560819,600,,TS,33.8N,76.0W,50,,,,,,,,,,,,,
AL,UNNAMED,1856,3,12,18560819,1100,L,TS,34.8N,76.4W,50,,,,,,,,,,,,,
AL,UNNAMED,1856,3,12,18560819,1200,,TS,35.0N,76.5W,50,,,,,,,,,,,,,
AL,UNNAMED,1856,3,12,18560819,1800,,TS,36.0N,76.3W,50,,,,,,,,,,,,,
AL,UNNAMED,1856,3,12,18560820,0,,TS,37.0N,76.0W,50,,,,,,,,,,,,,
AL,UNNAMED,1856,3,12,18560820,600,,TS,38.0N,75.3W,50,,,,,,,,,,,,,
AL,UNNAMED,1856,3,12,18560820,1200,,TS,39.0N,74.3W,50,,,,,,,,,,,,,
AL,UNNAMED,1856,3,12,18560820,1800,,TS,39.8N,73.0W,50,,,,,,,,,,,,,
AL,UNNAMED,1856,3,12,18560821,0,,TS,40.4N,71.5W,50,,,,,,,,,,,,,
AL,UNNAMED,1856,3,12,18560821,600,,TS,40.8N,69.5W,50,,,,,,,,,,,,,
AL,UNNAMED,1856,3,12,18560821,1200,,TS,41.0N,67.0W,50,,,,,,,,,,,,,
AL,UNNAMED,1856,4,1,18560821,1200,,TS,23.0N,82.5W,50,,,,,,,,,,,,,
AL,UNNAMED,1856,5,40,18560825,0,,HU,21.0N,69.8W,70,,,,,,,,,,,,,
AL,UNNAMED,1856,5,40,18560825,600,,HU,21.0N,70.8W,70,,,,,,,,,,,,,
AL,UNNAMED,1856,5,40,18560825,1200,,HU,21.1N,71.9W,70,,,,,,,,,,,,,
AL,UNNAMED,1856,5,40,18560825,1800,,HU,21.2N,72.8W,70,,,,,,,,,,,,,
AL,UNNAMED,1856,5,40,18560826,0,,HU,21.6N,73.9W,70,,,,,,,,,,,,,
AL,UNNAMED,1856,5,40,18560826,600,,HU,21.7N,74.8W,70,,,,,,,,,,,,,
AL,UNNAMED,1856,5,40,18560826,1200,,HU,22.0N,75.9W,80,,,,,,,,,,,,,
AL,UNNAMED,1856,5,40,18560826,1800,,HU,22.2N,76.6W,80,,,,,,,,,,,,,
AL,UNNAMED,1856,5,40,18560827,0,,HU,22.4N,77.6W,80,,,,,,,,,,,,,
AL,UNNAMED,1856,5,40,18560827,600,,HU,22.6N,78.6W,80,,,,,,,,,,,,,
AL,UNNAMED,1856,5,40,18560827,1200,,HU,22.7N,79.5W,90,,,,,,,,,,,,,
AL,UNNAMED,1856,5,40,18560827,1800,,HU,22.7N,80.6W,80,,,,,,,,,,,,,
AL,UNNAMED,1856,5,40,18560828,0,,HU,22.9N,81.6W,80,,,,,,,,,,,,,
AL,UNNAMED,1856,5,40,18560828,600,,HU,23.0N,82.9W,90,969,,,,,,,,,,,,
AL,UNNAMED,1856,5,40,18560828,1200,,HU,23.2N,84.0W,90,,,,,,,,,,,,,
AL,UNNAMED,1856,5,40,18560828,1800,,HU,23.6N,84.6W,90,,,,,,,,,,,,,
AL,UNNAMED,1856,5,40,18560829,0,,HU,23.9N,85.1W,90,,,,,,,,,,,,,
AL,UNNAMED,1856,5,40,18560829,600,,HU,24.2N,85.6W,90,,,,,,,,,,,,,
AL,UNNAMED,1856,5,40,18560829,1200,,HU,24.7N,86.4W,90,,,,,,,,,,,,,
AL,UNNAMED,1856,5,40,18560829,1800,,HU,24.9N,86.8W,90,,,,,,,,,,,,,
AL,UNNAMED,1856,5,40,18560830,0,,HU,25.2N,87.1W,100,,,,,,,,,,,,,
AL,UNNAMED,1856,5,40,18560830,600,,HU,25.6N,87.3W,100,,,,,,,,,,,,,
AL,UNNAMED,1856,5,40,18560830,1200,,HU,26.2N,87.4W,100,,,,,,,,,,,,,
AL,UNNAMED,1856,5,40,18560830,1800,,HU,27.5N,87.3W,100,,,,,,,,,,,,,
AL,UNNAMED,1856,5,40,18560831,0,,HU,28.9N,86.6W,90,,,,,,,,,,,,,
AL,UNNAMED,1856,5,40,18560831,600,L,HU,30.2N,85.9W,90,,,,,,,,,,,,,
AL,UNNAMED,1856,5,40,18560831,1200,,HU,31.1N,84.8W,70,,,,,,,,,,,,,
AL,UNNAMED,1856,5,40,18560831,1800,,TS,32.2N,83.3W,60,,,,,,,,,,,,,
AL,UNNAMED,1856,5,40,18560901,0,,TS,33.0N,81.6W,50,,,,,,,,,,,,,
AL,UNNAMED,1856,5,40,18560901,600,,TS,34.0N,79.6W,50,,,,,,,,,,,,,
AL,UNNAMED,1856,5,40,18560901,1200,,TS,34.7N,77.9W,50,,,,,,,,,,,,,
AL,UNNAMED,1856,5,40,18560901,1800,,TS,35.5N,75.3W,50,,,,,,,,,,,,,
AL,UNNAMED,1856,5,40,18560902,0,,TS,36.3N,72.8W,50,,,,,,,,,,,,,
AL,UNNAMED,1856,5,40,18560902,600,,TS,36.8N,70.0W,50,,,,,,,,,,,,,
AL,UNNAMED,1856,5,40,18560902,1200,,TS,37.2N,67.3W,50,,,,,,,,,,,,,
AL,UNNAMED,1856,5,40,18560902,1800,,TS,37.7N,64.6W,50,,,,,,,,,,,,,
AL,UNNAMED,1856,5,40,18560903,0,,TS,38.2N,61.8W,50,,,,,,,,,,,,,
AL,UNNAMED,1856,5,40,18560903,600,,TS,38.8N,58.6W,50,,,,,,,,,,,,,
AL,UNNAMED,1856,5,40,18560903,1200,,TS,39.0N,56.0W,50,,,,,,,,,,,,,
AL,UNNAMED,1856,5,40,18560903,1800,,TS,39.5N,52.3W,50,,,,,,,,,,,,,
AL,UNNAMED,1856,6,20,18560918,0,,TS,32.0N,48.8W,50,,,,,,,,,,,,,
AL,UNNAMED,1856,6,20,18560918,600,,TS,32.5N,48.9W,50,,,,,,,,,,,,,
AL,UNNAMED,1856,6,20,18560918,1200,,TS,32.9N,49.0W,50,,,,,,,,,,,,,
AL,UNNAMED,1856,6,20,18560918,1800,,TS,33.5N,49.3W,50,,,,,,,,,,,,,
AL,UNNAMED,1856,6,20,18560919,0,,TS,34.5N,49.8W,60,,,,,,,,,,,,,
AL,UNNAMED,1856,6,20,18560919,600,,TS,35.2N,50.5W,60,,,,,,,,,,,,,
AL,UNNAMED,1856,6,20,18560919,1200,,HU,35.6N,51.0W,70,,,,,,,,,,,,,
AL,UNNAMED,1856,6,20,18560919,1800,,HU,35.8N,51.4W,70,,,,,,,,,,,,,
AL,UNNAMED,1856,6,20,18560920,0,,HU,36.0N,51.7W,70,,,,,,,,,,,,,
AL,UNNAMED,1856,6,20,18560920,600,,HU,36.1N,52.0W,70,,,,,,,,,,,,,
AL,UNNAMED,1856,6,20,18560920,1200,,HU,36.2N,52.3W,70,,,,,,,,,,,,,
AL,UNNAMED,1856,6,20,18560920,1800,,HU,36.3N,52.4W,70,,,,,,,,,,,,,
AL,UNNAMED,1856,6,20,18560921,0,,TS,36.4N,52.5W,60,,,,,,,,,,,,,
AL,UNNAMED,1856,6,20,18560921,600,,TS,36.5N,52.6W,60,,,,,,,,,,,,,
AL,UNNAMED,1856,6,20,18560921,1200,,TS,36.5N,52.7W,60,,,,,,,,,,,,,
AL,UNNAMED,1856,6,20,18560921,1800,,TS,36.5N,52.8W,60,,,,,,,,,,,,,
AL,UNNAMED,1856,6,20,18560922,0,,TS,36.5N,52.9W,60,,,,,,,,,,,,,
AL,UNNAMED,1856,6,20,18560922,600,,TS,36.5N,53.0W,60,,,,,,,,,,,,,
AL,UNNAMED,1856,6,20,18560922,1200,,TS,36.5N,53.0W,60,,,,,,,,,,,,,
AL,UNNAMED,1856,6,20,18560922,1800,,TS,36.5N,53.0W,60,,,,,,,,,,,,,
AL,UNNAMED,1857,1,8,18570630,0,,TS,34.0N,74.5W,50,,,,,,,,,,,,,
AL,UNNAMED,1857,1,8,18570630,600,,TS,34.5N,73.8W,50,,,,,,,,,,,,,
AL,UNNAMED,1857,1,8,18570630,1200,,TS,35.0N,72.6W,50,,,,,,,,,,,,,
AL,UNNAMED,1857,1,8,18570630,1800,,TS,35.2N,71.4W,50,,,,,,,,,,,,,
AL,UNNAMED,1857,1,8,18570701,0,,TS,35.4N,70.1W,50,,,,,,,,,,,,,
AL,UNNAMED,1857,1,8,18570701,600,,TS,35.5N,68.9W,50,,,,,,,,,,,,,
AL,UNNAMED,1857,1,8,18570701,1200,,TS,35.8N,67.6W,50,,,,,,,,,,,,,
AL,UNNAMED,1857,1,8,18570701,1800,,TS,36.0N,66.0W,50,,,,,,,,,,,,,
AL,UNNAMED,1857,2,47,18570906,1800,,TS,26.5N,73.0W,40,,,,,,,,,,,,,
AL,UNNAMED,1857,2,47,18570907,0,,TS,26.7N,72.8W,40,,,,,,,,,,,,,
AL,UNNAMED,1857,2,47,18570907,600,,TS,26.9N,72.6W,40,,,,,,,,,,,,,
AL,UNNAMED,1857,2,47,18570907,1200,,TS,27.2N,72.4W,50,,,,,,,,,,,,,
AL,UNNAMED,1857,2,47,18570907,1800,,TS,27.5N,72.3W,50,,,,,,,,,,,,,
AL,UNNAMED,1857,2,47,18570908,0,,TS,27.7N,72.5W,50,,,,,,,,,,,,,
AL,UNNAMED,1857,2,47,18570908,600,,TS,27.9N,72.7W,50,,,,,,,,,,,,,
AL,UNNAMED,1857,2,47,18570908,1200,,TS,28.1N,72.9W,60,,,,,,,,,,,,,
AL,UNNAMED,1857,2,47,18570908,1800,,TS,28.3N,73.0W,60,,,,,,,,,,,,,
AL,UNNAMED,1857,2,47,18570909,0,,TS,28.7N,73.6W,60,,,,,,,,,,,,,
AL,UNNAMED,1857,2,47,18570909,600,,HU,29.1N,74.2W,70,,,,,,,,,,,,,
AL,UNNAMED,1857,2,47,18570909,1200,,HU,29.5N,74.7W,70,,,,,,,,,,,,,
AL,UNNAMED,1857,2,47,18570909,1800,,HU,29.9N,75.3W,70,,,,,,,,,,,,,
AL,UNNAMED,1857,2,47,18570910,0,,HU,30.2N,75.8W,70,,,,,,,,,,,,,
AL,UNNAMED,1857,2,47,18570910,600,,HU,30.5N,76.2W,70,,,,,,,,,,,,,
AL,UNNAMED,1857,2,47,18570910,1200,,HU,30.7N,76.7W,80,,,,,,,,,,,,,
AL,UNNAMED,1857,2,47,18570910,1800,,HU,31.0N,77.1W,80,,,,,,,,,,,,,
AL,UNNAMED,1857,2,47,18570911,0,,HU,31.2N,77.4W,90,,,,,,,,,,,,,
AL,UNNAMED,1857,2,47,18570911,600,,HU,31.5N,77.7W,90,,,,,,,,,,,,,
AL,UNNAMED,1857,2,47,18570911,1200,,HU,31.7N,78.0W,90,,,,,,,,,,,,,
AL,UNNAMED,1857,2,47,18570911,1800,,HU,32.1N,78.2W,90,,,,,,,,,,,,,
AL,UNNAMED,1857,2,47,18570912,0,,HU,32.3N,78.2W,90,,,,,,,,,,,,,
AL,UNNAMED,1857,2,47,18570912,600,,HU,32.5N,78.3W,90,,,,,,,,,,,,,
AL,UNNAMED,1857,2,47,18570912,1200,,HU,32.8N,78.3W,90,,,,,,,,,,,,,
AL,UNNAMED,1857,2,47,18570912,1800,,HU,33.3N,78.3W,90,961,,,,,,,,,,,,
AL,UNNAMED,1857,2,47,18570913,0,L,HU,33.9N,78.0W,90,,,,,,,,,,,,,
AL,UNNAMED,1857,2,47,18570913,600,,HU,34.5N,77.5W,80,,,,,,,,,,,,,
AL,UNNAMED,1857,2,47,18570913,1200,,HU,34.9N,77.1W,70,,,,,,,,,,,,,
AL,UNNAMED,1857,2,47,18570913,1800,,TS,35.5N,76.5W,60,,,,,,,,,,,,,
AL,UNNAMED,1857,2,47,18570914,0,,TS,36.0N,76.2W,50,,,,,,,,,,,,,
AL,UNNAMED,1857,2,47,18570914,600,,TS,36.3N,75.8W,50,,,,,,,,,,,,,
AL,UNNAMED,1857,2,47,18570914,1200,,TS,36.5N,74.9W,50,,,,,,,,,,,,,
AL,UNNAMED,1857,2,47,18570914,1800,,TS,36.8N,73.5W,60,,,,,,,,,,,,,
AL,UNNAMED,1857,2,47,18570915,0,,TS,37.6N,71.8W,60,,,,,,,,,,,,,
AL,UNNAMED,1857,2,47,18570915,600,,HU,38.5N,69.8W,70,,,,,,,,,,,,,
AL,UNNAMED,1857,2,47,18570915,1200,,HU,39.4N,67.6W,80,,,,,,,,,,,,,
AL,UNNAMED,1857,2,47,18570915,1800,,HU,40.3N,65.2W,80,,,,,,,,,,,,,
AL,UNNAMED,1857,2,47,18570916,0,,HU,41.2N,61.7W,80,,,,,,,,,,,,,
AL,UNNAMED,1857,2,47,18570916,600,,HU,42.1N,58.9W,80,,,,,,,,,,,,,
AL,UNNAMED,1857,2,47,18570916,1200,,HU,43.0N,56.0W,80,,,,,,,,,,,,,
AL,UNNAMED,1857,2,47,18570916,1800,,HU,44.0N,53.0W,80,,,,,,,,,,,,,
AL,UNNAMED,1857,2,47,18570917,0,,HU,45.0N,50.0W,80,,,,,,,,,,,,,
AL,UNNAMED,1857,2,47,18570917,600,,HU,46.0N,46.0W,70,,,,,,,,,,,,,
AL,UNNAMED,1857,2,47,18570917,1200,,TS,47.0N,42.0W,60,,,,,,,,,,,,,
AL,UNNAMED,1857,2,47,18570917,1800,,EX,48.0N,38.0W,50,,,,,,,,,,,,,
AL,UNNAMED,1857,2,47,18570918,0,,EX,49.0N,34.0W,40,,,,,,,,,,,,,
AL,UNNAMED,1857,2,47,18570918,600,,EX,50.0N,30.0W,40,,,,,,,,,,,,,
AL,UNNAMED,1857,3,20,18570922,0,,HU,32.5N,73.5W,70,,,,,,,,,,,,,
AL,UNNAMED,1857,3,20,18570922,600,,HU,32.5N,73.5W,70,,,,,,,,,,,,,
AL,UNNAMED,1857,3,20,18570922,1200,,HU,32.5N,73.5W,70,,,,,,,,,,,,,
AL,UNNAMED,1857,3,20,18570922,1800,,HU,32.5N,73.5W,70,,,,,,,,,,,,,
AL,UNNAMED,1857,3,20,18570923,0,,HU,32.5N,73.5W,70,,,,,,,,,,,,,
AL,UNNAMED,1857,3,20,18570923,600,,HU,32.5N,73.5W,70,,,,,,,,,,,,,
AL,UNNAMED,1857,3,20,18570923,1200,,HU,32.5N,73.5W,70,,,,,,,,,,,,,
AL,UNNAMED,1857,3,20,18570923,1800,,HU,32.5N,73.5W,70,,,,,,,,,,,,,
AL,UNNAMED,1857,3,20,18570924,0,,HU,32.5N,73.5W,70,,,,,,,,,,,,,
AL,UNNAMED,1857,3,20,18570924,600,,HU,32.5N,73.5W,70,,,,,,,,,,,,,
AL,UNNAMED,1857,3,20,18570924,1200,,HU,32.5N,73.5W,70,,,,,,,,,,,,,
AL,UNNAMED,1857,3,20,18570924,1800,,HU,32.5N,73.5W,70,,,,,,,,,,,,,
AL,UNNAMED,1857,3,20,18570925,0,,HU,32.5N,73.5W,70,,,,,,,,,,,,,
AL,UNNAMED,1857,3,20,18570925,600,,HU,32.5N,73.5W,70,,,,,,,,,,,,,
AL,UNNAMED,1857,3,20,18570925,1200,,HU,32.5N,73.5W,70,,,,,,,,,,,,,
AL,UNNAMED,1857,3,20,18570925,1800,,HU,32.5N,73.5W,70,,,,,,,,,,,,,
AL,UNNAMED,1857,3,20,18570926,0,,HU,32.5N,73.5W,70,,,,,,,,,,,,,
AL,UNNAMED,1857,3,20,18570926,600,,HU,32.5N,73.5W,70,,,,,,,,,,,,,
AL,UNNAMED,1857,3,20,18570926,1200,,HU,32.5N,73.5W,70,,,,,,,,,,,,,
AL,UNNAMED,1857,3,20,18570926,1800,,HU,32.5N,73.5W,70,,,,,,,,,,,,,
AL,UNNAMED,1857,4,29,18570924,0,,TS,16.0N,54.7W,50,,,,,,,,,,,,,
AL,UNNAMED,1857,4,29,18570924,600,,TS,16.0N,56.2W,50,,,,,,,,,,,,,
AL,UNNAMED,1857,4,29,18570924,1200,,TS,16.0N,57.7W,50,,,,,,,,,,,,,
AL,UNNAMED,1857,4,29,18570924,1800,,TS,16.0N,59.2W,50,,,,,,,,,,,,,
AL,UNNAMED,1857,4,29,18570925,0,,TS,16.0N,61.1W,60,,,,,,,,,,,,,
AL,UNNAMED,1857,4,29,18570925,600,,TS,16.0N,63.0W,60,,,,,,,,,,,,,
AL,UNNAMED,1857,4,29,18570925,1200,,TS,16.0N,64.6W,60,,,,,,,,,,,,,
AL,UNNAMED,1857,4,29,18570925,1800,,TS,16.0N,66.8W,60,,,,,,,,,,,,,
AL,UNNAMED,1857,4,29,18570926,0,,HU,16.0N,68.5W,70,,,,,,,,,,,,,
AL,UNNAMED,1857,4,29,18570926,600,,HU,16.0N,70.3W,70,,,,,,,,,,,,,
AL,UNNAMED,1857,4,29,18570926,1200,,HU,16.1N,72.1W,70,,,,,,,,,,,,,
AL,UNNAMED,1857,4,29,18570926,1800,,HU,16.2N,73.9W,70,,,,,,,,,,,,,
AL,UNNAMED,1857,4,29,18570927,0,,HU,16.6N,75.8W,80,,,,,,,,,,,,,
AL,UNNAMED,1857,4,29,18570927,600,,HU,17.0N,78.0W,80,,,,,,,,,,,,,
AL,UNNAMED,1857,4,29,18570927,1200,,HU,17.7N,80.1W,80,,,,,,,,,,,,,
AL,UNNAMED,1857,4,29,18570927,1800,,HU,18.2N,81.4W,80,,,,,,,,,,,,,
AL,UNNAMED,1857,4,29,18570928,0,,HU,19.0N,82.9W,90,,,,,,,,,,,,,
AL,UNNAMED,1857,4,29,18570928,600,,HU,19.7N,84.1W,90,,,,,,,,,,,,,
AL,UNNAMED,1857,4,29,18570928,1200,,HU,20.2N,85.3W,90,,,,,,,,,,,,,
AL,UNNAMED,1857,4,29,18570928,1800,,HU,21.0N,86.5W,90,,,,,,,,,,,,,
AL,UNNAMED,1857,4,29,18570929,0,,HU,21.7N,87.9W,70,,,,,,,,,,,,,
AL,UNNAMED,1857,4,29,18570929,600,,TS,22.2N,89.4W,60,,,,,,,,,,,,,
AL,UNNAMED,1857,4,29,18570929,1200,,TS,23.0N,91.0W,60,,,,,,,,,,,,,
AL,UNNAMED,1857,4,29,18570929,1800,,TS,23.7N,92.6W,60,,,,,,,,,,,,,
AL,UNNAMED,1857,4,29,18570930,0,,TS,24.4N,94.1W,50,,,,,,,,,,,,,
AL,UNNAMED,1857,4,29,18570930,600,,TS,25.2N,95.8W,50,,,,,,,,,,,,,
AL,UNNAMED,1857,4,29,18570930,1000,L,TS,25.8N,97.0W,50,,,,,,,,,,,,,
AL,UNNAMED,1857,4,29,18570930,1200,,TS,26.0N,97.5W,50,,,,,,,,,,,,,
AL,UNNAMED,1857,4,29,18570930,1800,,TS,27.0N,99.1W,40,,,,,,,,,,,,,
AL,UNNAMED,1858,1,1,18580612,1200,,HU,19.0N,85.5W,70,,,,,,,,,,,,,
AL,UNNAMED,1858,2,1,18580805,1200,,HU,45.0N,40.0W,70,,,,,,,,,,,,,
AL,UNNAMED,1858,3,16,18580914,0,,TS,25.2N,84.6W,60,,,,,,,,,,,,,
AL,UNNAMED,1858,3,16,18580914,600,,TS,26.0N,83.9W,60,,,,,,,,,,,,,
AL,UNNAMED,1858,3,16,18580914,1200,,TS,26.9N,83.1W,60,,,,,,,,,,,,,
AL,UNNAMED,1858,3,16,18580914,1500,L,TS,27.6N,82.7W,60,,,,,,,,,,,,,
AL,UNNAMED,1858,3,16,18580914,1800,,TS,27.9N,82.0W,50,,,,,,,,,,,,,
AL,UNNAMED,1858,3,16,18580915,0,,TS,28.9N,80.8W,50,,,,,,,,,,,,,
AL,UNNAMED,1858,3,16,18580915,600,,TS,30.0N,79.6W,60,,,,,,,,,,,,,
AL,UNNAMED,1858,3,16,18580915,1200,,HU,31.2N,78.5W,80,,,,,,,,,,,,,
AL,UNNAMED,1858,3,16,18580915,1800,,HU,32.4N,77.3W,90,,,,,,,,,,,,,
AL,UNNAMED,1858,3,16,18580916,0,,HU,34.0N,75.8W,90,,,,,,,,,,,,,
AL,UNNAMED,1858,3,16,18580916,600,,HU,36.0N,74.6W,90,,,,,,,,,,,,,
AL,UNNAMED,1858,3,16,18580916,1200,,HU,38.5N,73.3W,80,,,,,,,,,,,,,
AL,UNNAMED,1858,3,16,18580916,1700,L,HU,40.9N,72.2W,80,,,,,,,,,,,,,
AL,UNNAMED,1858,3,16,18580916,1800,L,HU,41.4N,72.0W,70,979,,,,,,,,,,,,
AL,UNNAMED,1858,3,16,18580917,0,,TS,45.5N,70.0W,50,,,,,,,,,,,,,
AL,UNNAMED,1858,3,16,18580917,600,,TS,50.0N,67.0W,40,,,,,,,,,,,,,
AL,UNNAMED,1858,4,32,18580917,0,,HU,18.4N,41.4W,80,,,,,,,,,,,,,
AL,UNNAMED,1858,4,32,18580917,600,,HU,19.2N,42.2W,80,,,,,,,,,,,,,
AL,UNNAMED,1858,4,32,18580917,1200,,HU,20.0N,43.0W,80,,,,,,,,,,,,,
AL,UNNAMED,1858,4,32,18580917,1800,,HU,20.7N,43.9W,80,,,,,,,,,,,,,
AL,UNNAMED,1858,4,32,18580918,0,,HU,21.7N,45.0W,80,,,,,,,,,,,,,
AL,UNNAMED,1858,4,32,18580918,600,,HU,22.7N,46.0W,80,,,,,,,,,,,,,
AL,UNNAMED,1858,4,32,18580918,1200,,HU,23.5N,47.0W,80,,,,,,,,,,,,,
AL,UNNAMED,1858,4,32,18580918,1800,,HU,24.2N,48.2W,80,,,,,,,,,,,,,
AL,UNNAMED,1858,4,32,18580919,0,,HU,25.2N,49.4W,80,,,,,,,,,,,,,
AL,UNNAMED,1858,4,32,18580919,600,,HU,26.1N,50.7W,80,,,,,,,,,,,,,
AL,UNNAMED,1858,4,32,18580919,1200,,HU,27.0N,52.0W,80,,,,,,,,,,,,,
AL,UNNAMED,1858,4,32,18580919,1800,,HU,28.0N,53.5W,80,,,,,,,,,,,,,
AL,UNNAMED,1858,4,32,18580920,0,,HU,29.2N,55.2W,80,,,,,,,,,,,,,
AL,UNNAMED,1858,4,32,18580920,600,,HU,30.6N,57.1W,80,,,,,,,,,,,,,
AL,UNNAMED,1858,4,32,18580920,1200,,HU,32.0N,59.0W,80,,,,,,,,,,,,,
AL,UNNAMED,1858,4,32,18580920,1800,,HU,33.3N,60.6W,80,,,,,,,,,,,,,
AL,UNNAMED,1858,4,32,18580921,0,,HU,34.5N,61.9W,80,,,,,,,,,,,,,
AL,UNNAMED,1858,4,32,18580921,600,,HU,35.8N,63.0W,80,,,,,,,,,,,,,
AL,UNNAMED,1858,4,32,18580921,1200,,HU,37.0N,63.6W,80,,,,,,,,,,,,,
AL,UNNAMED,1858,4,32,18580921,1800,,HU,38.0N,63.8W,80,,,,,,,,,,,,,
AL,UNNAMED,1858,4,32,18580922,0,,HU,39.0N,63.6W,80,,,,,,,,,,,,,
AL,UNNAMED,1858,4,32,18580922,600,,HU,40.0N,63.2W,80,,,,,,,,,,,,,
AL,UNNAMED,1858,4,32,18580922,1200,,HU,41.0N,62.4W,80,,,,,,,,,,,,,
AL,UNNAMED,1858,4,32,18580922,1800,,HU,42.0N,61.3W,80,,,,,,,,,,,,,
AL,UNNAMED,1858,4,32,18580923,0,,HU,42.9N,59.5W,80,,,,,,,,,,,,,
AL,UNNAMED,1858,4,32,18580923,600,,HU,43.5N,57.6W,80,,,,,,,,,,,,,
AL,UNNAMED,1858,4,32,18580923,1200,,HU,44.0N,56.1W,70,,,,,,,,,,,,,
AL,UNNAMED,1858,4,32,18580923,1800,,HU,44.7N,54.1W,70,,,,,,,,,,,,,
AL,UNNAMED,1858,4,32,18580924,0,,TS,45.2N,51.8W,60,,,,,,,,,,,,,
AL,UNNAMED,1858,4,32,18580924,600,,TS,45.7N,50.0W,60,,,,,,,,,,,,,
AL,UNNAMED,1858,4,32,18580924,1200,,TS,46.0N,48.0W,50,,,,,,,,,,,,,
AL,UNNAMED,1858,4,32,18580924,1800,,TS,46.5N,45.2W,50,,,,,,,,,,,,,
AL,UNNAMED,1858,5,14,18580922,1200,,TS,21.9N,74.0W,50,,,,,,,,,,,,,
AL,UNNAMED,1858,5,14,18580922,1800,,TS,23.2N,74.0W,50,,,,,,,,,,,,,
AL,UNNAMED,1858,5,14,18580923,0,,TS,24.6N,74.0W,60,,,,,,,,,,,,,
AL,UNNAMED,1858,5,14,18580923,600,,TS,26.1N,74.0W,60,,,,,,,,,,,,,
AL,UNNAMED,1858,5,14,18580923,1200,,HU,27.9N,74.0W,70,,,,,,,,,,,,,
AL,UNNAMED,1858,5,14,18580923,1800,,HU,29.3N,74.1W,70,,,,,,,,,,,,,
AL,UNNAMED,1858,5,14,18580924,0,,HU,30.7N,74.1W,70,,,,,,,,,,,,,
AL,UNNAMED,1858,5,14,18580924,600,,HU,32.2N,74.0W,70,,,,,,,,,,,,,
AL,UNNAMED,1858,5,14,18580924,1200,,HU,33.3N,73.8W,80,,,,,,,,,,,,,
AL,UNNAMED,1858,5,14,18580924,1800,,HU,33.9N,73.7W,80,,,,,,,,,,,,,
AL,UNNAMED,1858,5,14,18580925,0,,HU,34.5N,73.6W,80,,,,,,,,,,,,,
AL,UNNAMED,1858,5,14,18580925,600,,HU,35.2N,73.4W,80,,,,,,,,,,,,,
AL,UNNAMED,1858,5,14,18580925,1200,,HU,35.9N,73.1W,80,,,,,,,,,,,,,
AL,UNNAMED,1858,5,14,18580925,1800,,HU,36.5N,72.6W,80,,,,,,,,,,,,,
AL,UNNAMED,1858,6,22,18581021,0,,TS,21.5N,73.6W,50,,,,,,,,,,,,,
AL,UNNAMED,1858,6,22,18581021,600,,TS,21.7N,73.3W,50,,,,,,,,,,,,,
AL,UNNAMED,1858,6,22,18581021,1200,,TS,22.1N,72.9W,60,,,,,,,,,,,,,
AL,UNNAMED,1858,6,22,18581021,1800,,TS,22.5N,72.5W,60,,,,,,,,,,,,,
AL,UNNAMED,1858,6,22,18581022,0,,TS,23.1N,72.1W,60,,,,,,,,,,,,,
AL,UNNAMED,1858,6,22,18581022,600,,TS,23.7N,71.6W,60,,,,,,,,,,,,,
AL,UNNAMED,1858,6,22,18581022,1200,,HU,24.2N,71.1W,70,,,,,,,,,,,,,
AL,UNNAMED,1858,6,22,18581022,1800,,HU,25.2N,70.6W,70,,,,,,,,,,,,,
AL,UNNAMED,1858,6,22,18581023,0,,HU,26.1N,70.0W,70,,,,,,,,,,,,,
AL,UNNAMED,1858,6,22,18581023,600,,HU,27.0N,69.3W,70,,,,,,,,,,,,,
AL,UNNAMED,1858,6,22,18581023,1200,,HU,28.2N,68.5W,80,,,,,,,,,,,,,
AL,UNNAMED,1858,6,22,18581023,1800,,HU,29.5N,67.4W,80,,,,,,,,,,,,,
AL,UNNAMED,1858,6,22,18581024,0,,HU,31.0N,66.3W,90,,,,,,,,,,,,,
AL,UNNAMED,1858,6,22,18581024,600,,HU,32.5N,65.0W,90,,,,,,,,,,,,,
AL,UNNAMED,1858,6,22,18581024,1200,,HU,34.0N,63.7W,90,,,,,,,,,,,,,
AL,UNNAMED,1858,6,22,18581024,1800,,HU,35.5N,62.7W,90,,,,,,,,,,,,,
AL,UNNAMED,1858,6,22,18581025,0,,HU,37.0N,61.7W,80,,,,,,,,,,,,,
AL,UNNAMED,1858,6,22,18581025,600,,HU,38.5N,60.7W,80,,,,,,,,,,,,,
AL,UNNAMED,1858,6,22,18581025,1200,,HU,40.0N,59.7W,70,,,,,,,,,,,,,
AL,UNNAMED,1858,6,22,18581025,1800,,HU,41.2N,58.5W,70,,,,,,,,,,,,,
AL,UNNAMED,1858,6,22,18581026,0,,TS,42.2N,57.3W,60,,,,,,,,,,,,,
AL,UNNAMED,1858,6,22,18581026,600,,TS,43.2N,56.0W,60,,,,,,,,,,,,,
AL,UNNAMED,1859,1,1,18590701,1200,,HU,21.5N,97.5W,90,,,,,,,,,,,,,
AL,UNNAMED,1859,2,12,18590817,0,,HU,38.5N,67.0W,90,,,,,,,,,,,,,
AL,UNNAMED,1859,2,12,18590817,600,,HU,39.5N,66.0W,90,,,,,,,,,,,,,
AL,UNNAMED,1859,2,12,18590817,1200,,HU,40.2N,65.0W,90,,,,,,,,,,,,,
AL,UNNAMED,1859,2,12,18590817,1800,,HU,40.7N,64.0W,90,,,,,,,,,,,,,
AL,UNNAMED,1859,2,12,18590818,0,,HU,41.0N,62.9W,90,,,,,,,,,,,,,
AL,UNNAMED,1859,2,12,18590818,600,,HU,41.4N,61.6W,90,,,,,,,,,,,,,
AL,UNNAMED,1859,2,12,18590818,1200,,HU,41.7N,60.2W,90,,,,,,,,,,,,,
AL,UNNAMED,1859,2,12,18590818,1800,,HU,41.8N,59.0W,90,,,,,,,,,,,,,
AL,UNNAMED,1859,2,12,18590819,0,,HU,41.9N,58.0W,90,,,,,,,,,,,,,
AL,UNNAMED,1859,2,12,18590819,600,,HU,42.0N,57.3W,90,,,,,,,,,,,,,
AL,UNNAMED,1859,2,12,18590819,1200,,HU,42.0N,56.8W,90,,,,,,,,,,,,,
AL,UNNAMED,1859,2,12,18590819,1800,,HU,42.0N,56.5W,90,,,,,,,,,,,,,
AL,UNNAMED,1859,3,6,18590902,0,,HU,17.3N,59.7W,70,,,,,,,,,,,,,
AL,UNNAMED,1859,3,6,18590902,600,,HU,17.4N,60.7W,70,,,,,,,,,,,,,
AL,UNNAMED,1859,3,6,18590902,1200,,HU,17.5N,61.8W,70,,,,,,,,,,,,,
AL,UNNAMED,1859,3,6,18590902,1800,,HU,17.5N,63.0W,70,,,,,,,,,,,,,
AL,UNNAMED,1859,3,6,18590903,0,,HU,17.4N,64.1W,70,,,,,,,,,,,,,
AL,UNNAMED,1859,3,6,18590903,600,,HU,17.3N,65.4W,70,,,,,,,,,,,,,
AL,UNNAMED,1859,4,7,18590912,600,,HU,35.5N,57.5W,90,,,,,,,,,,,,,
AL,UNNAMED,1859,4,7,18590912,1200,,HU,37.0N,54.5W,90,,,,,,,,,,,,,
AL,UNNAMED,1859,4,7,18590912,1800,,HU,39.0N,52.0W,90,,,,,,,,,,,,,
AL,UNNAMED,1859,4,7,18590913,0,,HU,41.5N,50.0W,80,,,,,,,,,,,,,
AL,UNNAMED,1859,4,7,18590913,600,,HU,43.0N,48.5W,80,,,,,,,,,,,,,
AL,UNNAMED,1859,4,7,18590913,1200,,HU,45.5N,46.5W,70,,,,,,,,,,,,,
AL,UNNAMED,1859,4,7,18590913,1800,,HU,49.0N,43.5W,70,,,,,,,,,,,,,
AL,UNNAMED,1859,5,16,18590915,0,,HU,28.0N,89.0W,70,,,,,,,,,,,,,
AL,UNNAMED,1859,5,16,18590915,600,,HU,28.5N,89.0W,70,,,,,,,,,,,,,
AL,UNNAMED,1859,5,16,18590915,1200,,HU,29.0N,88.9W,70,,,,,,,,,,,,,
AL,UNNAMED,1859,5,16,18590915,1800,,HU,29.6N,88.6W,70,,,,,,,,,,,,,
AL,UNNAMED,1859,5,16,18590916,0,L,HU,30.3N,88.1W,70,,,,,,,,,,,,,
AL,UNNAMED,1859,5,16,18590916,600,,TS,31.1N,87.5W,50,,,,,,,,,,,,,
AL,UNNAMED,1859,5,16,18590916,1200,,TS,32.0N,86.8W,40,,,,,,,,,,,,,
AL,UNNAMED,1859,5,16,18590916,1800,,TS,33.1N,84.8W,40,,,,,,,,,,,,,
AL,UNNAMED,1859,5,16,18590917,0,,TS,34.3N,82.5W,40,,,,,,,,,,,,,
AL,UNNAMED,1859,5,16,18590917,600,,TS,35.6N,80.0W,40,,,,,,,,,,,,,
AL,UNNAMED,1859,5,16,18590917,1200,,TS,37.0N,77.5W,50,,,,,,,,,,,,,
AL,UNNAMED,1859,5,16,18590917,1800,,TS,38.5N,74.5W,60,,,,,,,,,,,,,
AL,UNNAMED,1859,5,16,18590918,0,,HU,40.0N,71.0W,70,,,,,,,,,,,,,
AL,UNNAMED,1859,5,16,18590918,600,,HU,41.2N,66.5W,70,,,,,,,,,,,,,
AL,UNNAMED,1859,5,16,18590918,1200,,HU,42.0N,61.0W,70,,,,,,,,,,,,,
AL,UNNAMED,1859,5,16,18590918,1800,,HU,42.5N,55.0W,70,,,,,,,,,,,,,
AL,UNNAMED,1859,6,20,18591002,0,,HU,17.5N,75.4W,80,,,,,,,,,,,,,
AL,UNNAMED,1859,6,20,18591002,600,,HU,18.2N,75.1W,80,,,,,,,,,,,,,
AL,UNNAMED,1859,6,20,18591002,1200,,HU,19.1N,75.0W,80,,,,,,,,,,,,,
AL,UNNAMED,1859,6,20,18591002,1800,,HU,20.1N,74.8W,80,,,,,,,,,,,,,
AL,UNNAMED,1859,6,20,18591003,0,,HU,21.2N,74.4W,80,,,,,,,,,,,,,
AL,UNNAMED,1859,6,20,18591003,600,,HU,22.2N,74.1W,80,,,,,,,,,,,,,
AL,UNNAMED,1859,6,20,18591003,1200,,HU,23.2N,73.8W,90,,,,,,,,,,,,,
AL,UNNAMED,1859,6,20,18591003,1800,,HU,24.5N,73.4W,90,,,,,,,,,,,,,
AL,UNNAMED,1859,6,20,18591004,0,,HU,26.0N,72.9W,100,,,,,,,,,,,,,
AL,UNNAMED,1859,6,20,18591004,600,,HU,27.5N,72.4W,100,,,,,,,,,,,,,
AL,UNNAMED,1859,6,20,18591004,1200,,HU,28.8N,72.0W,110,,,,,,,,,,,,,
AL,UNNAMED,1859,6,20,18591004,1800,,HU,30.4N,71.5W,110,,,,,,,,,,,,,
AL,UNNAMED,1859,6,20,18591005,0,,HU,32.4N,70.8W,110,,,,,,,,,,,,,
AL,UNNAMED,1859,6,20,18591005,600,,HU,34.5N,70.1W,110,,,,,,,,,,,,,
AL,UNNAMED,1859,6,20,18591005,1200,,HU,36.5N,69.5W,110,,,,,,,,,,,,,
AL,UNNAMED,1859,6,20,18591005,1800,,HU,38.0N,68.6W,110,,,,,,,,,,,,,
AL,UNNAMED,1859,6,20,18591006,0,,HU,39.5N,67.4W,110,,,,,,,,,,,,,
AL,UNNAMED,1859,6,20,18591006,600,,HU,40.9N,66.1W,110,,,,,,,,,,,,,
AL,UNNAMED,1859,6,20,18591006,1200,,HU,42.5N,64.0W,110,938,,,,,,,,,,,,
AL,UNNAMED,1859,6,20,18591006,1800,,HU,44.5N,61.0W,110,,,,,,,,,,,,,
AL,UNNAMED,1859,7,11,18591016,0,,TS,25.1N,75.1W,60,,,,,,,,,,,,,
AL,UNNAMED,1859,7,11,18591016,600,,TS,25.2N,75.5W,60,,,,,,,,,,,,,
AL,UNNAMED,1859,7,11,18591016,1200,,TS,25.2N,76.0W,60,,,,,,,,,,,,,
AL,UNNAMED,1859,7,11,18591016,1800,,TS,25.5N,76.6W,60,,,,,,,,,,,,,
AL,UNNAMED,1859,7,11,18591017,0,,TS,25.8N,77.6W,60,,,,,,,,,,,,,
AL,UNNAMED,1859,7,11,18591017,600,,TS,26.0N,78.5W,60,,,,,,,,,,,,,
AL,UNNAMED,1859,7,11,18591017,1200,,TS,26.2N,79.5W,60,,,,,,,,,,,,,
AL,UNNAMED,1859,7,11,18591017,1600,L,TS,26.4N,80.1W,60,,,,,,,,,,,,,
AL,UNNAMED,1859,7,11,18591017,1800,,TS,26.5N,80.5W,50,,,,,,,,,,,,,
AL,UNNAMED,1859,7,11,18591018,0,,TS,26.8N,81.3W,40,,,,,,,,,,,,,
AL,UNNAMED,1859,7,11,18591018,600,,TS,27.2N,81.8W,40,,,,,,,,,,,,,
AL,UNNAMED,1859,8,24,18591024,0,,TS,20.2N,93.3W,40,,,,,,,,,,,,,
AL,UNNAMED,1859,8,24,18591024,600,,TS,20.3N,93.3W,40,,,,,,,,,,,,,
AL,UNNAMED,1859,8,24,18591024,1200,,TS,20.4N,93.3W,40,,,,,,,,,,,,,
AL,UNNAMED,1859,8,24,18591024,1800,,TS,20.6N,93.2W,40,,,,,,,,,,,,,
AL,UNNAMED,1859,8,24,18591025,0,,TS,20.7N,93.2W,40,,,,,,,,,,,,,
AL,UNNAMED,1859,8,24,18591025,600,,TS,20.8N,93.2W,50,,,,,,,,,,,,,
AL,UNNAMED,1859,8,24,18591025,1200,,TS,21.0N,93.1W,50,,,,,,,,,,,,,
AL,UNNAMED,1859,8,24,18591025,1800,,TS,21.2N,93.0W,50,,,,,,,,,,,,,
AL,UNNAMED,1859,8,24,18591026,0,,TS,21.4N,92.9W,60,,,,,,,,,,,,,
AL,UNNAMED,1859,8,24,18591026,600,,TS,21.6N,92.8W,60,,,,,,,,,,,,,
AL,UNNAMED,1859,8,24,18591026,1200,,HU,21.8N,92.6W,70,,,,,,,,,,,,,
AL,UNNAMED,1859,8,24,18591026,1800,,HU,22.0N,92.5W,80,,,,,,,,,,,,,
AL,UNNAMED,1859,8,24,18591027,0,,HU,22.3N,92.1W,80,,,,,,,,,,,,,
AL,UNNAMED,1859,8,24,18591027,600,,HU,22.5N,91.7W,80,,,,,,,,,,,,,
AL,UNNAMED,1859,8,24,18591027,1200,,HU,23.1N,91.0W,80,,,,,,,,,,,,,
AL,UNNAMED,1859,8,24,18591027,1800,,HU,23.9N,90.0W,80,,,,,,,,,,,,,
AL,UNNAMED,1859,8,24,18591028,0,,HU,24.8N,88.7W,80,,,,,,,,,,,,,
AL,UNNAMED,1859,8,24,18591028,600,,HU,25.7N,87.1W,80,,,,,,,,,,,,,
AL,UNNAMED,1859,8,24,18591028,1200,,HU,26.7N,85.0W,80,,,,,,,,,,,,,
AL,UNNAMED,1859,8,24,18591028,1800,L,HU,27.7N,82.8W,80,,,,,,,,,,,,,
AL,UNNAMED,1859,8,24,18591029,0,,HU,29.2N,79.2W,70,989,,,,,,,,,,,,
AL,UNNAMED,1859,8,24,18591029,600,,EX,30.3N,75.2W,60,,,,,,,,,,,,,
AL,UNNAMED,1859,8,24,18591029,1200,,EX,31.7N,69.9W,50,,,,,,,,,,,,,
AL,UNNAMED,1859,8,24,18591029,1800,,EX,32.7N,63.5W,40,,,,,,,,,,,,,
AL,UNNAMED,1860,1,35,18600808,0,,TS,27.9N,84.1W,40,,,,,,,,,,,,,
AL,UNNAMED,1860,1,35,18600808,600,,TS,27.8N,84.5W,40,,,,,,,,,,,,,
AL,UNNAMED,1860,1,35,18600808,1200,,TS,27.8N,84.8W,50,,,,,,,,,,,,,
AL,UNNAMED,1860,1,35,18600808,1800,,TS,27.7N,85.3W,50,,,,,,,,,,,,,
AL,UNNAMED,1860,1,35,18600809,0,,TS,27.6N,85.9W,60,,,,,,,,,,,,,
AL,UNNAMED,1860,1,35,18600809,600,,TS,27.5N,86.3W,60,,,,,,,,,,,,,
AL,UNNAMED,1860,1,35,18600809,1200,,HU,27.5N,86.8W,70,,,,,,,,,,,,,
AL,UNNAMED,1860,1,35,18600809,1800,,HU,27.4N,87.5W,70,,,,,,,,,,,,,
AL,UNNAMED,1860,1,35,18600810,0,,HU,27.4N,88.0W,80,,,,,,,,,,,,,
AL,UNNAMED,1860,1,35,18600810,600,,HU,27.4N,88.5W,80,,,,,,,,,,,,,
AL,UNNAMED,1860,1,35,18600810,1200,,HU,27.5N,89.0W,90,,,,,,,,,,,,,
AL,UNNAMED,1860,1,35,18600810,1800,,HU,27.5N,89.5W,90,,,,,,,,,,,,,
AL,UNNAMED,1860,1,35,18600811,0,,HU,27.6N,89.9W,100,,,,,,,,,,,,,
AL,UNNAMED,1860,1,35,18600811,600,,HU,27.9N,90.1W,100,,,,,,,,,,,,,
AL,UNNAMED,1860,1,35,18600811,1200,,HU,28.4N,90.3W,110,,,,,,,,,,,,,
AL,UNNAMED,1860,1,35,18600811,1800,,HU,29.0N,90.1W,110,,,,,,,,,,,,,
AL,UNNAMED,1860,1,35,18600811,2000,L,HU,29.2N,90.0W,110,,,,,,,,,,,,,
AL,UNNAMED,1860,1,35,18600812,0,,HU,29.7N,89.8W,100,,,,,,,,,,,,,
AL,UNNAMED,1860,1,35,18600812,600,,HU,30.5N,88.9W,100,,,,,,,,,,,,,
AL,UNNAMED,1860,1,35,18600812,1200,,HU,31.0N,88.0W,70,,,,,,,,,,,,,
AL,UNNAMED,1860,1,35,18600812,1800,,TS,31.3N,86.8W,50,,,,,,,,,,,,,
AL,UNNAMED,1860,1,35,18600813,0,,TS,31.4N,85.6W,40,,,,,,,,,,,,,
AL,UNNAMED,1860,1,35,18600813,600,,TS,31.5N,84.6W,40,,,,,,,,,,,,,
AL,UNNAMED,1860,1,35,18600813,1200,,TS,31.7N,83.6W,40,,,,,,,,,,,,,
AL,UNNAMED,1860,1,35,18600813,1800,,TS,31.8N,82.6W,40,,,,,,,,,,,,,
AL,UNNAMED,1860,1,35,18600814,0,,TS,31.9N,81.6W,40,,,,,,,,,,,,,
AL,UNNAMED,1860,1,35,18600814,600,,TS,32.0N,80.6W,40,,,,,,,,,,,,,
AL,UNNAMED,1860,1,35,18600814,1200,,TS,32.0N,79.6W,50,,,,,,,,,,,,,
AL,UNNAMED,1860,1,35,18600814,1800,,TS,32.0N,78.6W,50,,,,,,,,,,,,,
AL,UNNAMED,1860,1,35,18600815,0,,TS,32.0N,77.6W,50,,,,,,,,,,,,,
AL,UNNAMED,1860,1,35,18600815,600,,TS,32.3N,76.6W,50,,,,,,,,,,,,,
AL,UNNAMED,1860,1,35,18600815,1200,,TS,32.5N,75.6W,50,,,,,,,,,,,,,
AL,UNNAMED,1860,1,35,18600815,1800,,TS,32.7N,74.6W,50,,,,,,,,,,,,,
AL,UNNAMED,1860,1,35,18600816,0,,TS,33.0N,73.5W,50,,,,,,,,,,,,,
AL,UNNAMED,1860,1,35,18600816,600,,TS,33.3N,72.0W,50,,,,,,,,,,,,,
AL,UNNAMED,1860,2,12,18600824,0,,TS,28.2N,77.1W,60,,,,,,,,,,,,,
AL,UNNAMED,1860,2,12,18600824,600,,TS,29.2N,76.5W,60,,,,,,,,,,,,,
AL,UNNAMED,1860,2,12,18600824,1200,,HU,30.2N,75.9W,70,,,,,,,,,,,,,
AL,UNNAMED,1860,2,12,18600824,1800,,HU,31.5N,75.3W,70,,,,,,,,,,,,,
AL,UNNAMED,1860,2,12,18600825,0,,HU,33.0N,74.5W,80,,,,,,,,,,,,,
AL,UNNAMED,1860,2,12,18600825,600,,HU,34.4N,73.5W,80,,,,,,,,,,,,,
AL,UNNAMED,1860,2,12,18600825,1200,,HU,35.8N,72.1W,90,,,,,,,,,,,,,
AL,UNNAMED,1860,2,12,18600825,1800,,HU,37.2N,71.0W,90,,,,,,,,,,,,,
AL,UNNAMED,1860,2,12,18600826,0,,HU,38.5N,69.9W,80,,,,,,,,,,,,,
AL,UNNAMED,1860,2,12,18600826,600,,HU,39.8N,68.9W,80,,,,,,,,,,,,,
AL,UNNAMED,1860,2,12,18600826,1200,,HU,41.0N,68.0W,70,,,,,,,,,,,,,
AL,UNNAMED,1860,2,12,18600826,1800,,HU,42.0N,67.1W,70,,,,,,,,,,,,,
AL,UNNAMED,1860,4,23,18600911,0,,HU,25.1N,83.8W,90,,,,,,,,,,,,,
AL,UNNAMED,1860,4,23,18600911,600,,HU,25.2N,84.1W,90,,,,,,,,,,,,,
AL,UNNAMED,1860,4,23,18600911,1200,,HU,25.2N,84.5W,90,,,,,,,,,,,,,
AL,UNNAMED,1860,4,23,18600911,1800,,HU,25.2N,84.8W,90,,,,,,,,,,,,,
AL,UNNAMED,1860,4,23,18600912,0,,HU,25.2N,85.2W,90,,,,,,,,,,,,,
AL,UNNAMED,1860,4,23,18600912,600,,HU,25.3N,85.6W,90,,,,,,,,,,,,,
AL,UNNAMED,1860,4,23,18600912,1200,,HU,25.4N,86.0W,90,,,,,,,,,,,,,
AL,UNNAMED,1860,4,23,18600912,1800,,HU,25.5N,86.6W,90,,,,,,,,,,,,,
AL,UNNAMED,1860,4,23,18600913,0,,HU,25.6N,87.1W,90,,,,,,,,,,,,,
AL,UNNAMED,1860,4,23,18600913,600,,HU,25.7N,87.6W,90,,,,,,,,,,,,,
AL,UNNAMED,1860,4,23,18600913,1200,,HU,25.9N,88.1W,90,,,,,,,,,,,,,
AL,UNNAMED,1860,4,23,18600913,1800,,HU,26.2N,88.6W,90,,,,,,,,,,,,,
AL,UNNAMED,1860,4,23,18600914,0,,HU,26.7N,89.3W,90,,,,,,,,,,,,,
AL,UNNAMED,1860,4,23,18600914,600,,HU,27.2N,89.6W,90,,,,,,,,,,,,,
AL,UNNAMED,1860,4,23,18600914,1200,,HU,27.7N,89.8W,90,,,,,,,,,,,,,
AL,UNNAMED,1860,4,23,18600914,1800,,HU,28.3N,89.8W,90,,,,,,,,,,,,,
AL,UNNAMED,1860,4,23,18600915,0,,HU,28.9N,89.7W,90,,,,,,,,,,,,,
AL,UNNAMED,1860,4,23,18600915,400,L,HU,29.3N,89.6W,90,,,,,,,,,,,,,
AL,UNNAMED,1860,4,23,18600915,600,,HU,29.5N,89.6W,90,,,,,,,,,,,,,
AL,UNNAMED,1860,4,23,18600915,1200,,HU,30.1N,89.4W,90,,,,,,,,,,,,,
AL,UNNAMED,1860,4,23,18600915,1800,,HU,30.8N,89.1W,70,,,,,,,,,,,,,
AL,UNNAMED,1860,4,23,18600916,0,,TS,31.8N,88.6W,50,,,,,,,,,,,,,
AL,UNNAMED,1860,4,23,18600916,600,,TS,33.0N,88.0W,40,,,,,,,,,,,,,
AL,UNNAMED,1860,3,1,18600911,1200,,HU,40.0N,50.5W,70,,,,,,,,,,,,,
AL,UNNAMED,1860,5,16,18600918,0,,TS,22.2N,66.1W,40,,,,,,,,,,,,,
AL,UNNAMED,1860,5,16,18600918,600,,TS,22.7N,66.8W,40,,,,,,,,,,,,,
AL,UNNAMED,1860,5,16,18600918,1200,,TS,23.2N,67.5W,40,,,,,,,,,,,,,
AL,UNNAMED,1860,5,16,18600918,1800,,TS,23.7N,68.1W,40,,,,,,,,,,,,,
AL,UNNAMED,1860,5,16,18600919,0,,TS,24.2N,68.8W,50,,,,,,,,,,,,,
AL,UNNAMED,1860,5,16,18600919,600,,TS,25.1N,69.4W,50,,,,,,,,,,,,,
AL,UNNAMED,1860,5,16,18600919,1200,,TS,26.0N,70.0W,60,,,,,,,,,,,,,
AL,UNNAMED,1860,5,16,18600919,1800,,TS,26.9N,70.3W,60,,,,,,,,,,,,,
AL,UNNAMED,1860,5,16,18600920,0,,TS,28.2N,70.6W,60,,,,,,,,,,,,,
AL,UNNAMED,1860,5,16,18600920,600,,TS,29.6N,70.8W,60,,,,,,,,,,,,,
AL,UNNAMED,1860,5,16,18600920,1200,,TS,31.0N,71.0W,60,,,,,,,,,,,,,
AL,UNNAMED,1860,5,16,18600920,1800,,TS,32.5N,71.0W,60,,,,,,,,,,,,,
AL,UNNAMED,1860,5,16,18600921,0,,TS,34.3N,70.6W,60,,,,,,,,,,,,,
AL,UNNAMED,1860,5,16,18600921,600,,TS,36.0N,70.0W,60,,,,,,,,,,,,,
AL,UNNAMED,1860,5,16,18600921,1200,,TS,37.5N,69.3W,60,,,,,,,,,,,,,
AL,UNNAMED,1860,5,16,18600921,1800,,TS,39.0N,68.5W,60,,,,,,,,,,,,,
AL,UNNAMED,1860,6,17,18600930,0,,TS,22.4N,91.0W,50,,,,,,,,,,,,,
AL,UNNAMED,1860,6,17,18600930,600,,TS,22.6N,91.1W,50,,,,,,,,,,,,,
AL,UNNAMED,1860,6,17,18600930,1200,,TS,23.0N,91.3W,60,,,,,,,,,,,,,
AL,UNNAMED,1860,6,17,18600930,1800,,TS,23.4N,91.5W,60,,,,,,,,,,,,,
AL,UNNAMED,1860,6,17,18601001,0,,HU,23.7N,91.6W,70,,,,,,,,,,,,,
AL,UNNAMED,1860,6,17,18601001,600,,HU,24.4N,91.9W,70,,,,,,,,,,,,,
AL,UNNAMED,1860,6,17,18601001,1200,,HU,25.1N,92.0W,80,,,,,,,,,,,,,
AL,UNNAMED,1860,6,17,18601001,1800,,HU,26.0N,92.1W,80,,,,,,,,,,,,,
AL,UNNAMED,1860,6,17,18601002,0,,HU,26.8N,92.0W,80,,,,,,,,,,,,,
AL,UNNAMED,1860,6,17,18601002,600,,HU,27.6N,91.9W,90,,,,,,,,,,,,,
AL,UNNAMED,1860,6,17,18601002,1200,,HU,28.5N,91.6W,90,,,,,,,,,,,,,
AL,UNNAMED,1860,6,17,18601002,1700,L,HU,29.5N,91.4W,90,,,,,,,,,,,,,
AL,UNNAMED,1860,6,17,18601002,1800,,HU,29.7N,91.4W,90,,,,,,,,,,,,,
AL,UNNAMED,1860,6,17,18601003,0,,TS,31.2N,90.9W,60,,,,,,,,,,,,,
AL,UNNAMED,1860,6,17,18601003,600,,TS,32.3N,90.5W,50,,,,,,,,,,,,,
AL,UNNAMED,1860,6,17,18601003,1200,,TS,33.5N,90.0W,40,,,,,,,,,,,,,
AL,UNNAMED,1860,6,17,18601003,1800,,TS,34.7N,89.1W,40,,,,,,,,,,,,,
AL,UNNAMED,1860,7,18,18601020,0,,HU,23.5N,70.6W,70,,,,,,,,,,,,,
AL,UNNAMED,1860,7,18,18601020,600,,HU,23.7N,71.1W,70,,,,,,,,,,,,,
AL,UNNAMED,1860,7,18,18601020,1200,,HU,24.0N,71.6W,70,,,,,,,,,,,,,
AL,UNNAMED,1860,7,18,18601020,1800,,HU,24.2N,72.0W,70,,,,,,,,,,,,,
AL,UNNAMED,1860,7,18,18601021,0,,HU,24.5N,72.3W,70,,,,,,,,,,,,,
AL,UNNAMED,1860,7,18,18601021,600,,HU,24.7N,72.6W,70,,,,,,,,,,,,,
AL,UNNAMED,1860,7,18,18601021,1200,,HU,25.2N,73.0W,80,,,,,,,,,,,,,
AL,UNNAMED,1860,7,18,18601021,1800,,HU,25.7N,73.1W,80,,,,,,,,,,,,,
AL,UNNAMED,1860,7,18,18601022,0,,HU,26.3N,73.4W,80,,,,,,,,,,,,,
AL,UNNAMED,1860,7,18,18601022,600,,HU,27.1N,73.6W,80,,,,,,,,,,,,,
AL,UNNAMED,1860,7,18,18601022,1200,,HU,28.1N,73.8W,80,,,,,,,,,,,,,
AL,UNNAMED,1860,7,18,18601022,1800,,HU,29.3N,73.5W,80,,,,,,,,,,,,,
AL,UNNAMED,1860,7,18,18601023,0,,HU,30.8N,72.9W,90,,,,,,,,,,,,,
AL,UNNAMED,1860,7,18,18601023,600,,HU,32.5N,71.9W,90,,,,,,,,,,,,,
AL,UNNAMED,1860,7,18,18601023,1200,,HU,34.5N,70.3W,80,,,,,,,,,,,,,
AL,UNNAMED,1860,7,18,18601023,1800,,HU,37.0N,68.0W,80,,,,,,,,,,,,,
AL,UNNAMED,1860,7,18,18601024,0,,HU,39.5N,65.5W,70,,,,,,,,,,,,,
AL,UNNAMED,1860,7,18,18601024,600,,HU,41.5N,62.5W,70,,,,,,,,,,,,,
AL,UNNAMED,1861,1,28,18610706,0,,TS,15.1N,58.5W,50,,,,,,,,,,,,,
AL,UNNAMED,1861,1,28,18610706,600,,TS,15.5N,59.3W,50,,,,,,,,,,,,,
AL,UNNAMED,1861,1,28,18610706,1200,,TS,15.8N,60.1W,50,,,,,,,,,,,,,
AL,UNNAMED,1861,1,28,18610706,1800,,TS,16.2N,60.9W,50,,,,,,,,,,,,,
AL,UNNAMED,1861,1,28,18610707,0,,TS,16.7N,61.6W,50,,,,,,,,,,,,,
AL,UNNAMED,1861,1,28,18610707,600,,TS,17.4N,62.4W,50,,,,,,,,,,,,,
AL,UNNAMED,1861,1,28,18610707,1200,,TS,18.0N,63.1W,50,,,,,,,,,,,,,
AL,UNNAMED,1861,1,28,18610707,1800,,TS,18.6N,63.8W,50,,,,,,,,,,,,,
AL,UNNAMED,1861,1,28,18610708,0,,TS,19.4N,64.6W,50,,,,,,,,,,,,,
AL,UNNAMED,1861,1,28,18610708,600,,TS,20.2N,65.5W,50,,,,,,,,,,,,,
AL,UNNAMED,1861,1,28,18610708,1200,,TS,21.2N,66.1W,50,,,,,,,,,,,,,
AL,UNNAMED,1861,1,28,18610708,1800,,TS,22.1N,66.6W,50,,,,,,,,,,,,,
AL,UNNAMED,1861,1,28,18610709,0,,TS,23.1N,67.4W,60,,,,,,,,,,,,,
AL,UNNAMED,1861,1,28,18610709,600,,TS,24.0N,67.9W,60,,,,,,,,,,,,,
AL,UNNAMED,1861,1,28,18610709,1200,,HU,25.0N,68.4W,70,,,,,,,,,,,,,
AL,UNNAMED,1861,1,28,18610709,1800,,HU,26.0N,68.9W,70,,,,,,,,,,,,,
AL,UNNAMED,1861,1,28,18610710,0,,HU,26.9N,69.3W,80,,,,,,,,,,,,,
AL,UNNAMED,1861,1,28,18610710,600,,HU,27.8N,69.6W,80,,,,,,,,,,,,,
AL,UNNAMED,1861,1,28,18610710,1200,,HU,28.7N,70.0W,90,,,,,,,,,,,,,
AL,UNNAMED,1861,1,28,18610710,1800,,HU,29.5N,70.1W,90,,,,,,,,,,,,,
AL,UNNAMED,1861,1,28,18610711,0,,HU,30.1N,70.1W,90,,,,,,,,,,,,,
AL,UNNAMED,1861,1,28,18610711,600,,HU,30.7N,70.1W,90,,,,,,,,,,,,,
AL,UNNAMED,1861,1,28,18610711,1200,,HU,31.4N,70.0W,80,,,,,,,,,,,,,
AL,UNNAMED,1861,1,28,18610711,1800,,HU,32.5N,69.6W,80,,,,,,,,,,,,,
AL,UNNAMED,1861,1,28,18610712,0,,HU,33.9N,69.3W,80,,,,,,,,,,,,,
AL,UNNAMED,1861,1,28,18610712,600,,HU,35.0N,68.8W,80,,,,,,,,,,,,,
AL,UNNAMED,1861,1,28,18610712,1200,,HU,36.0N,68.0W,70,,,,,,,,,,,,,
AL,UNNAMED,1861,1,28,18610712,1800,,HU,37.0N,67.0W,70,,,,,,,,,,,,,
AL,UNNAMED,1861,2,18,18610813,1200,,TS,20.5N,70.0W,40,,,,,,,,,,,,,
AL,UNNAMED,1861,2,18,18610813,1800,,TS,21.0N,71.5W,40,,,,,,,,,,,,,
AL,UNNAMED,1861,2,18,18610814,0,,TS,21.5N,73.0W,50,,,,,,,,,,,,,
AL,UNNAMED,1861,2,18,18610814,600,,TS,22.0N,74.5W,60,,,,,,,,,,,,,
AL,UNNAMED,1861,2,18,18610814,1200,,HU,22.5N,76.0W,70,,,,,,,,,,,,,
AL,UNNAMED,1861,2,18,18610814,1800,,HU,22.9N,77.4W,70,,,,,,,,,,,,,
AL,UNNAMED,1861,2,18,18610815,0,,HU,23.2N,78.7W,80,,,,,,,,,,,,,
AL,UNNAMED,1861,2,18,18610815,600,,HU,23.5N,79.9W,80,,,,,,,,,,,,,
AL,UNNAMED,1861,2,18,18610815,1200,,HU,23.7N,80.8W,80,,,,,,,,,,,,,
AL,UNNAMED,1861,2,18,18610815,1800,,HU,23.9N,81.5W,80,,,,,,,,,,,,,
AL,UNNAMED,1861,2,18,18610816,0,,HU,24.2N,82.0W,80,,,,,,,,,,,,,
AL,UNNAMED,1861,2,18,18610816,600,,HU,24.6N,82.5W,80,,,,,,,,,,,,,
AL,UNNAMED,1861,2,18,18610816,1200,,HU,25.0N,83.0W,70,,,,,,,,,,,,,
AL,UNNAMED,1861,2,18,18610816,1800,,HU,25.4N,83.5W,70,,,,,,,,,,,,,
AL,UNNAMED,1861,2,18,18610817,0,,TS,25.8N,84.0W,60,,,,,,,,,,,,,
AL,UNNAMED,1861,2,18,18610817,600,,TS,26.2N,84.5W,60,,,,,,,,,,,,,
AL,UNNAMED,1861,2,18,18610817,1200,,TS,26.6N,85.0W,50,,,,,,,,,,,,,
AL,UNNAMED,1861,2,18,18610817,1800,,TS,27.0N,85.6W,50,,,,,,,,,,,,,
AL,UNNAMED,1861,3,24,18610825,0,,HU,34.4N,62.0W,80,,,,,,,,,,,,,
AL,UNNAMED,1861,3,24,18610825,600,,HU,35.0N,61.8W,80,,,,,,,,,,,,,
AL,UNNAMED,1861,3,24,18610825,1200,,HU,35.5N,61.6W,80,,,,,,,,,,,,,
AL,UNNAMED,1861,3,24,18610825,1800,,HU,36.2N,61.2W,80,,,,,,,,,,,,,
AL,UNNAMED,1861,3,24,18610826,0,,HU,36.8N,60.6W,80,,,,,,,,,,,,,
AL,UNNAMED,1861,3,24,18610826,600,,HU,37.4N,59.9W,80,,,,,,,,,,,,,
AL,UNNAMED,1861,3,24,18610826,1200,,HU,38.0N,59.0W,80,,,,,,,,,,,,,
AL,UNNAMED,1861,3,24,18610826,1800,,HU,38.5N,58.0W,80,,,,,,,,,,,,,
AL,UNNAMED,1861,3,24,18610827,0,,HU,39.0N,57.0W,80,,,,,,,,,,,,,
AL,UNNAMED,1861,3,24,18610827,600,,HU,39.7N,55.8W,80,,,,,,,,,,,,,
AL,UNNAMED,1861,3,24,18610827,1200,,HU,40.3N,54.3W,80,,,,,,,,,,,,,
AL,UNNAMED,1861,3,24,18610827,1800,,HU,40.8N,52.5W,80,,,,,,,,,,,,,
AL,UNNAMED,1861,3,24,18610828,0,,HU,41.3N,50.9W,80,,,,,,,,,,,,,
AL,UNNAMED,1861,3,24,18610828,600,,HU,41.7N,49.3W,80,,,,,,,,,,,,,
AL,UNNAMED,1861,3,24,18610828,1200,,HU,42.0N,47.8W,80,,,,,,,,,,,,,
AL,UNNAMED,1861,3,24,18610828,1800,,HU,42.3N,46.3W,80,,,,,,,,,,,,,
AL,UNNAMED,1861,3,24,18610829,0,,HU,42.5N,44.7W,90,,,,,,,,,,,,,
AL,UNNAMED,1861,3,24,18610829,600,,HU,43.0N,43.3W,90,,,,,,,,,,,,,
AL,UNNAMED,1861,3,24,18610829,1200,,HU,43.5N,41.8W,90,,,,,,,,,,,,,
AL,UNNAMED,1861,3,24,18610829,1800,,HU,44.3N,39.9W,90,,,,,,,,,,,,,
AL,UNNAMED,1861,3,24,18610830,0,,HU,45.4N,38.0W,90,,,,,,,,,,,,,
AL,UNNAMED,1861,3,24,18610830,600,,HU,46.5N,36.3W,90,,,,,,,,,,,,,
AL,UNNAMED,1861,3,24,18610830,1200,,HU,47.7N,34.8W,90,,,,,,,,,,,,,
AL,UNNAMED,1861,3,24,18610830,1800,,HU,49.0N,32.7W,90,,,,,,,,,,,,,
AL,UNNAMED,1861,4,1,18610917,1200,,HU,28.5N,50.0W,70,,,,,,,,,,,,,
AL,UNNAMED,1861,5,7,18610927,600,,HU,28.5N,77.5W,70,,,,,,,,,,,,,
AL,UNNAMED,1861,5,7,18610927,1200,,HU,31.7N,78.0W,70,,,,,,,,,,,,,
AL,UNNAMED,1861,5,7,18610927,1700,L,HU,34.5N,77.4W,70,,,,,,,,,,,,,
AL,UNNAMED,1861,5,7,18610927,1800,,TS,35.2N,77.1W,60,,,,,,,,,,,,,
AL,UNNAMED,1861,5,7,18610928,0,,TS,39.0N,75.1W,60,,,,,,,,,,,,,
AL,UNNAMED,1861,5,7,18610928,600,,TS,42.0N,72.6W,50,,,,,,,,,,,,,
AL,UNNAMED,1861,5,7,18610928,1200,,TS,45.0N,67.5W,50,,,,,,,,,,,,,
AL,UNNAMED,1861,6,16,18611006,0,,TS,20.0N,46.0W,60,,,,,,,,,,,,,
AL,UNNAMED,1861,6,16,18611006,600,,TS,21.0N,47.0W,60,,,,,,,,,,,,,
AL,UNNAMED,1861,6,16,18611006,1200,,TS,22.0N,48.0W,60,,,,,,,,,,,,,
AL,UNNAMED,1861,6,16,18611006,1800,,TS,23.0N,49.0W,60,,,,,,,,,,,,,
AL,UNNAMED,1861,6,16,18611007,0,,TS,24.0N,50.0W,60,,,,,,,,,,,,,
AL,UNNAMED,1861,6,16,18611007,600,,TS,25.0N,51.0W,60,,,,,,,,,,,,,
AL,UNNAMED,1861,6,16,18611007,1200,,TS,26.0N,52.0W,60,,,,,,,,,,,,,
AL,UNNAMED,1861,6,16,18611007,1800,,TS,27.2N,52.8W,60,,,,,,,,,,,,,
AL,UNNAMED,1861,6,16,18611008,0,,TS,28.5N,53.4W,60,,,,,,,,,,,,,
AL,UNNAMED,1861,6,16,18611008,600,,TS,30.0N,53.8W,60,,,,,,,,,,,,,
AL,UNNAMED,1861,6,16,18611008,1200,,TS,32.0N,54.0W,60,,,,,,,,,,,,,
AL,UNNAMED,1861,6,16,18611008,1800,,TS,34.0N,53.6W,60,,,,,,,,,,,,,
AL,UNNAMED,1861,6,16,18611009,0,,TS,35.5N,52.4W,50,,,,,,,,,,,,,
AL,UNNAMED,1861,6,16,18611009,600,,TS,36.8N,51.3W,50,,,,,,,,,,,,,
AL,UNNAMED,1861,6,16,18611009,1200,,TS,38.0N,50.0W,50,,,,,,,,,,,,,
AL,UNNAMED,1861,6,16,18611009,1800,,TS,39.0N,48.5W,50,,,,,,,,,,,,,
AL,UNNAMED,1861,7,1,18611007,1200,L,TS,35.3N,75.3W,50,,,,,,,,,,,,,
AL,UNNAMED,1861,8,15,18611101,600,,TS,25.5N,82.1W,60,,,,,,,,,,,,,
AL,UNNAMED,1861,8,15,18611101,800,L,TS,26.0N,81.8W,60,,,,,,,,,,,,,
AL,UNNAMED,1861,8,15,18611101,1200,,TS,27.2N,81.1W,50,,,,,,,,,,,,,
AL,UNNAMED,1861,8,15,18611101,1800,,TS,29.2N,80.1W,60,,,,,,,,,,,,,
AL,UNNAMED,1861,8,15,18611102,0,,HU,31.2N,78.6W,70,,,,,,,,,,,,,
AL,UNNAMED,1861,8,15,18611102,600,,HU,33.2N,77.3W,70,,,,,,,,,,,,,
AL,UNNAMED,1861,8,15,18611102,1000,L,HU,34.7N,77.6W,70,,,,,,,,,,,,,
AL,UNNAMED,1861,8,15,18611102,1200,,HU,35.2N,76.3W,70,,,,,,,,,,,,,
AL,UNNAMED,1861,8,15,18611102,1800,,TS,37.0N,75.0W,60,,,,,,,,,,,,,
AL,UNNAMED,1861,8,15,18611103,0,,TS,38.7N,73.8W,60,,,,,,,,,,,,,
AL,UNNAMED,1861,8,15,18611103,600,,TS,40.3N,72.8W,60,,,,,,,,,,,,,
AL,UNNAMED,1861,8,15,18611103,800,L,TS,41.0N,72.3W,60,,,,,,,,,,,,,
AL,UNNAMED,1861,8,15,18611103,900,L,TS,41.2N,72.0W,60,,,,,,,,,,,,,
AL,UNNAMED,1861,8,15,18611103,1200,,TS,42.0N,71.5W,50,1000,,,,,,,,,,,,
AL,UNNAMED,1861,8,15,18611103,1800,,TS,44.0N,70.0W,50,999,,,,,,,,,,,,
AL,UNNAMED,1862,1,12,18620615,0,,TS,32.0N,75.6W,50,,,,,,,,,,,,,
AL,UNNAMED,1862,1,12,18620615,600,,TS,32.5N,75.3W,50,,,,,,,,,,,,,
AL,UNNAMED,1862,1,12,18620615,1200,,TS,33.0N,75.0W,50,,,,,,,,,,,,,
AL,UNNAMED,1862,1,12,18620615,1800,,TS,33.3N,74.6W,50,,,,,,,,,,,,,
AL,UNNAMED,1862,1,12,18620616,0,,TS,33.5N,74.4W,50,,,,,,,,,,,,,
AL,UNNAMED,1862,1,12,18620616,600,,TS,33.9N,74.1W,50,,,,,,,,,,,,,
AL,UNNAMED,1862,1,12,18620616,1200,,TS,34.2N,73.8W,50,,,,,,,,,,,,,
AL,UNNAMED,1862,1,12,18620616,1800,,TS,34.7N,73.3W,50,,,,,,,,,,,,,
AL,UNNAMED,1862,1,12,18620617,0,,TS,35.0N,72.9W,50,,,,,,,,,,,,,
AL,UNNAMED,1862,1,12,18620617,600,,TS,35.5N,72.5W,50,,,,,,,,,,,,,
AL,UNNAMED,1862,1,12,18620617,1200,,TS,36.0N,72.0W,50,,,,,,,,,,,,,
AL,UNNAMED,1862,1,12,18620617,1800,,TS,36.5N,71.3W,50,,,,,,,,,,,,,
AL,UNNAMED,1862,2,13,18620818,0,,HU,28.8N,71.5W,90,,,,,,,,,,,,,
AL,UNNAMED,1862,2,13,18620818,600,,HU,30.1N,71.5W,90,,,,,,,,,,,,,
AL,UNNAMED,1862,2,13,18620818,1200,,HU,31.4N,71.4W,90,,,,,,,,,,,,,
AL,UNNAMED,1862,2,13,18620818,1800,,HU,32.7N,71.3W,90,,,,,,,,,,,,,
AL,UNNAMED,1862,2,13,18620819,0,,HU,34.0N,70.6W,90,,,,,,,,,,,,,
AL,UNNAMED,1862,2,13,18620819,600,,HU,34.9N,70.0W,90,,,,,,,,,,,,,
AL,UNNAMED,1862,2,13,18620819,1200,,HU,35.8N,68.8W,90,,,,,,,,,,,,,
AL,UNNAMED,1862,2,13,18620819,1800,,HU,37.0N,67.1W,90,,,,,,,,,,,,,
AL,UNNAMED,1862,2,13,18620820,0,,HU,38.5N,64.6W,90,,,,,,,,,,,,,
AL,UNNAMED,1862,2,13,18620820,600,,HU,39.7N,62.5W,90,,,,,,,,,,,,,
AL,UNNAMED,1862,2,13,18620820,1200,,HU,41.0N,60.0W,80,,,,,,,,,,,,,
AL,UNNAMED,1862,2,13,18620820,1800,,HU,42.5N,57.0W,80,,,,,,,,,,,,,
AL,UNNAMED,1862,2,13,18620821,0,,HU,44.5N,53.0W,80,,,,,,,,,,,,,
AL,UNNAMED,1862,3,34,18620912,0,,TS,22.2N,56.0W,60,,,,,,,,,,,,,
AL,UNNAMED,1862,3,34,18620912,600,,TS,22.4N,57.0W,60,,,,,,,,,,,,,
AL,UNNAMED,1862,3,34,18620912,1200,,TS,22.5N,58.0W,60,,,,,,,,,,,,,
AL,UNNAMED,1862,3,34,18620912,1800,,TS,22.7N,59.2W,60,,,,,,,,,,,,,
AL,UNNAMED,1862,3,34,18620913,0,,HU,23.1N,60.4W,70,,,,,,,,,,,,,
AL,UNNAMED,1862,3,34,18620913,600,,HU,23.4N,61.5W,70,,,,,,,,,,,,,
AL,UNNAMED,1862,3,34,18620913,1200,,HU,23.7N,62.8W,70,,,,,,,,,,,,,
AL,UNNAMED,1862,3,34,18620913,1800,,HU,24.2N,64.0W,70,,,,,,,,,,,,,
AL,UNNAMED,1862,3,34,18620914,0,,HU,24.6N,65.3W,80,,,,,,,,,,,,,
AL,UNNAMED,1862,3,34,18620914,600,,HU,25.0N,66.5W,80,,,,,,,,,,,,,
AL,UNNAMED,1862,3,34,18620914,1200,,HU,25.6N,67.6W,80,,,,,,,,,,,,,
AL,UNNAMED,1862,3,34,18620914,1800,,HU,26.0N,68.3W,80,,,,,,,,,,,,,
AL,UNNAMED,1862,3,34,18620915,0,,HU,26.6N,69.0W,90,,,,,,,,,,,,,
AL,UNNAMED,1862,3,34,18620915,600,,HU,27.2N,69.8W,90,,,,,,,,,,,,,
AL,UNNAMED,1862,3,34,18620915,1200,,HU,27.8N,70.5W,90,,,,,,,,,,,,,
AL,UNNAMED,1862,3,34,18620915,1800,,HU,28.5N,71.1W,90,,,,,,,,,,,,,
AL,UNNAMED,1862,3,34,18620916,0,,HU,29.2N,71.5W,90,,,,,,,,,,,,,
AL,UNNAMED,1862,3,34,18620916,600,,HU,30.0N,71.9W,90,,,,,,,,,,,,,
AL,UNNAMED,1862,3,34,18620916,1200,,HU,30.7N,72.3W,90,,,,,,,,,,,,,
AL,UNNAMED,1862,3,34,18620916,1800,,HU,31.4N,72.6W,90,,,,,,,,,,,,,
AL,UNNAMED,1862,3,34,18620917,0,,HU,32.0N,72.8W,90,,,,,,,,,,,,,
AL,UNNAMED,1862,3,34,18620917,600,,HU,32.5N,72.9W,90,,,,,,,,,,,,,
AL,UNNAMED,1862,3,34,18620917,1200,,HU,33.0N,73.0W,90,,,,,,,,,,,,,
AL,UNNAMED,1862,3,34,18620917,1800,,HU,33.8N,73.1W,90,,,,,,,,,,,,,
AL,UNNAMED,1862,3,34,18620918,0,,HU,34.8N,73.0W,90,,,,,,,,,,,,,
AL,UNNAMED,1862,3,34,18620918,600,,HU,36.0N,72.6W,90,,,,,,,,,,,,,
AL,UNNAMED,1862,3,34,18620918,1200,,HU,37.0N,72.1W,90,,,,,,,,,,,,,
AL,UNNAMED,1862,3,34,18620918,1800,,HU,38.0N,71.5W,90,,,,,,,,,,,,,
AL,UNNAMED,1862,3,34,18620919,0,,HU,39.0N,70.1W,90,,,,,,,,,,,,,
AL,UNNAMED,1862,3,34,18620919,600,,HU,40.0N,68.5W,90,,,,,,,,,,,,,
AL,UNNAMED,1862,3,34,18620919,1200,,HU,40.8N,66.5W,90,,,,,,,,,,,,,
AL,UNNAMED,1862,3,34,18620919,1800,,HU,41.5N,64.0W,90,,,,,,,,,,,,,
AL,UNNAMED,1862,3,34,18620920,0,,HU,42.0N,61.0W,80,,,,,,,,,,,,,
AL,UNNAMED,1862,3,34,18620920,600,,HU,42.5N,57.0W,80,,,,,,,,,,,,,
AL,UNNAMED,1862,4,1,18621006,0,,TS,13.0N,61.0W,50,,,,,,,,,,,,,
AL,UNNAMED,1862,5,14,18621014,0,,HU,33.0N,69.6W,70,,,,,,,,,,,,,
AL,UNNAMED,1862,5,14,18621014,600,,HU,33.5N,69.6W,70,,,,,,,,,,,,,
AL,UNNAMED,1862,5,14,18621014,1200,,HU,34.2N,69.6W,70,,,,,,,,,,,,,
AL,UNNAMED,1862,5,14,18621014,1800,,HU,34.9N,69.5W,70,,,,,,,,,,,,,
AL,UNNAMED,1862,5,14,18621015,0,,HU,35.5N,69.4W,70,,,,,,,,,,,,,
AL,UNNAMED,1862,5,14,18621015,600,,HU,36.3N,69.1W,70,,,,,,,,,,,,,
AL,UNNAMED,1862,5,14,18621015,1200,,HU,37.2N,68.8W,70,,,,,,,,,,,,,
AL,UNNAMED,1862,5,14,18621015,1800,,HU,38.4N,68.5W,70,,,,,,,,,,,,,
AL,UNNAMED,1862,5,14,18621016,0,,HU,39.8N,68.1W,70,,,,,,,,,,,,,
AL,UNNAMED,1862,5,14,18621016,600,,HU,41.2N,67.6W,70,,,,,,,,,,,,,
AL,UNNAMED,1862,5,14,18621016,1200,,EX,42.3N,66.6W,60,,,,,,,,,,,,,
AL,UNNAMED,1862,5,14,18621016,1800,,EX,43.4N,65.0W,60,,,,,,,,,,,,,
AL,UNNAMED,1862,5,14,18621017,0,,EX,44.5N,63.0W,50,,,,,,,,,,,,,
AL,UNNAMED,1862,5,14,18621017,600,,EX,45.5N,60.0W,50,,,,,,,,,,,,,
AL,UNNAMED,1862,6,14,18621122,0,,TS,10.5N,79.5W,60,,,,,,,,,,,,,
AL,UNNAMED,1862,6,14,18621122,600,,TS,10.5N,79.5W,60,,,,,,,,,,,,,
AL,UNNAMED,1862,6,14,18621122,1200,,TS,10.5N,79.5W,60,,,,,,,,,,,,,
AL,UNNAMED,1862,6,14,18621122,1800,,TS,10.5N,79.5W,60,,,,,,,,,,,,,
AL,UNNAMED,1862,6,14,18621123,0,,TS,10.5N,79.5W,60,,,,,,,,,,,,,
AL,UNNAMED,1862,6,14,18621123,600,,TS,10.5N,79.5W,60,,,,,,,,,,,,,
AL,UNNAMED,1862,6,14,18621123,1200,,TS,10.5N,79.5W,60,,,,,,,,,,,,,
AL,UNNAMED,1862,6,14,18621123,1800,,TS,10.5N,79.5W,60,,,,,,,,,,,,,
AL,UNNAMED,1862,6,14,18621124,0,,TS,10.5N,79.5W,60,,,,,,,,,,,,,
AL,UNNAMED,1862,6,14,18621124,600,,TS,10.5N,79.5W,60,,,,,,,,,,,,,
AL,UNNAMED,1862,6,14,18621124,1200,,TS,10.5N,79.6W,50,,,,,,,,,,,,,
AL,UNNAMED,1862,6,14,18621124,1800,,TS,10.5N,79.7W,50,,,,,,,,,,,,,
AL,UNNAMED,1862,6,14,18621125,0,,TS,10.5N,79.8W,40,,,,,,,,,,,,,
AL,UNNAMED,1862,6,14,18621125,600,,TS,10.5N,80.0W,40,,,,,,,,,,,,,
AL,UNNAMED,1863,1,8,18630808,0,,HU,37.7N,50.8W,90,,,,,,,,,,,,,
AL,UNNAMED,1863,1,8,18630808,600,,HU,38.5N,50.5W,90,,,,,,,,,,,,,
AL,UNNAMED,1863,1,8,18630808,1200,,HU,39.2N,50.0W,80,,,,,,,,,,,,,
AL,UNNAMED,1863,1,8,18630808,1800,,HU,39.8N,49.3W,80,,,,,,,,,,,,,
AL,UNNAMED,1863,1,8,18630809,0,,HU,40.3N,48.5W,70,,,,,,,,,,,,,
AL,UNNAMED,1863,1,8,18630809,600,,HU,40.9N,47.7W,70,,,,,,,,,,,,,
AL,UNNAMED,1863,1,8,18630809,1200,,HU,41.5N,46.8W,70,,,,,,,,,,,,,
AL,UNNAMED,1863,1,8,18630809,1800,,HU,42.0N,45.8W,70,,,,,,,,,,,,,
AL,UNNAMED,1863,2,8,18630818,0,,HU,39.4N,58.5W,90,,,,,,,,,,,,,
AL,UNNAMED,1863,2,8,18630818,600,,HU,40.0N,57.3W,90,,,,,,,,,,,,,
AL,UNNAMED,1863,2,8,18630818,1200,,HU,40.8N,56.0W,90,,,,,,,,,,,,,
AL,UNNAMED,1863,2,8,18630818,1800,,HU,41.2N,54.5W,90,,,,,,,,,,,,,
AL,UNNAMED,1863,2,8,18630819,0,,HU,41.5N,52.8W,80,,,,,,,,,,,,,
AL,UNNAMED,1863,2,8,18630819,600,,HU,41.8N,51.2W,80,,,,,,,,,,,,,
AL,UNNAMED,1863,2,8,18630819,1200,,HU,42.0N,49.5W,70,,,,,,,,,,,,,
AL,UNNAMED,1863,2,8,18630819,1800,,HU,42.2N,47.5W,70,,,,,,,,,,,,,
AL,UNNAMED,1863,3,18,18630819,0,,HU,26.5N,66.6W,70,,,,,,,,,,,,,
AL,UNNAMED,1863,3,18,18630819,600,,HU,26.8N,67.0W,70,,,,,,,,,,,,,
AL,UNNAMED,1863,3,18,18630819,1200,,HU,27.2N,67.5W,70,,,,,,,,,,,,,
AL,UNNAMED,1863,3,18,18630819,1800,,HU,27.7N,68.8W,70,,,,,,,,,,,,,
AL,UNNAMED,1863,3,18,18630820,0,,HU,28.6N,70.3W,80,,,,,,,,,,,,,
AL,UNNAMED,1863,3,18,18630820,600,,HU,29.6N,71.6W,80,,,,,,,,,,,,,
AL,UNNAMED,1863,3,18,18630820,1200,,HU,30.5N,72.6W,90,,,,,,,,,,,,,
AL,UNNAMED,1863,3,18,18630820,1800,,HU,31.8N,73.1W,90,,,,,,,,,,,,,
AL,UNNAMED,1863,3,18,18630821,0,,HU,33.2N,73.1W,90,,,,,,,,,,,,,
AL,UNNAMED,1863,3,18,18630821,600,,HU,34.5N,73.1W,90,,,,,,,,,,,,,
AL,UNNAMED,1863,3,18,18630821,1200,,HU,35.7N,72.6W,90,,,,,,,,,,,,,
AL,UNNAMED,1863,3,18,18630821,1800,,HU,37.0N,71.8W,90,,,,,,,,,,,,,
AL,UNNAMED,1863,3,18,18630822,0,,HU,38.3N,70.8W,90,,,,,,,,,,,,,
AL,UNNAMED,1863,3,18,18630822,600,,HU,39.5N,69.5W,90,,,,,,,,,,,,,
AL,UNNAMED,1863,3,18,18630822,1200,,HU,41.0N,67.8W,80,975,,,,,,,,,,,,
AL,UNNAMED,1863,3,18,18630822,1800,,HU,42.8N,65.8W,80,,,,,,,,,,,,,
AL,UNNAMED,1863,3,18,18630823,0,,HU,44.5N,63.6W,70,,,,,,,,,,,,,
AL,UNNAMED,1863,3,18,18630823,600,,TS,46.0N,61.7W,60,,,,,,,,,,,,,
AL,UNNAMED,1863,4,8,18630827,0,,HU,29.5N,75.5W,90,,,,,,,,,,,,,
AL,UNNAMED,1863,4,8,18630827,600,,HU,30.9N,75.3W,90,,,,,,,,,,,,,
AL,UNNAMED,1863,4,8,18630827,1200,,HU,32.3N,75.0W,90,,,,,,,,,,,,,
AL,UNNAMED,1863,4,8,18630827,1800,,HU,33.7N,74.6W,90,,,,,,,,,,,,,
AL,UNNAMED,1863,4,8,18630828,0,,HU,35.3N,73.9W,90,,,,,,,,,,,,,
AL,UNNAMED,1863,4,8,18630828,600,,HU,36.5N,73.1W,90,,,,,,,,,,,,,
AL,UNNAMED,1863,4,8,18630828,1200,,HU,37.9N,72.0W,80,,,,,,,,,,,,,
AL,UNNAMED,1863,4,8,18630828,1800,,HU,39.5N,70.5W,80,,,,,,,,,,,,,
AL,UNNAMED,1863,5,32,18630909,0,,TS,18.5N,60.2W,60,,,,,,,,,,,,,
AL,UNNAMED,1863,5,32,18630909,600,,TS,19.2N,61.2W,60,,,,,,,,,,,,,
AL,UNNAMED,1863,5,32,18630909,1200,,HU,20.2N,62.0W,70,,,,,,,,,,,,,
AL,UNNAMED,1863,5,32,18630909,1800,,HU,21.4N,62.6W,70,,,,,,,,,,,,,
AL,UNNAMED,1863,5,32,18630910,0,,HU,22.6N,63.2W,70,,,,,,,,,,,,,
AL,UNNAMED,1863,5,32,18630910,600,,HU,23.9N,63.7W,70,,,,,,,,,,,,,
AL,UNNAMED,1863,5,32,18630910,1200,,HU,25.1N,64.0W,70,,,,,,,,,,,,,
AL,UNNAMED,1863,5,32,18630910,1800,,HU,26.4N,64.1W,70,,,,,,,,,,,,,
AL,UNNAMED,1863,5,32,18630911,0,,HU,27.8N,64.1W,70,,,,,,,,,,,,,
AL,UNNAMED,1863,5,32,18630911,600,,HU,29.3N,63.9W,70,,,,,,,,,,,,,
AL,UNNAMED,1863,5,32,18630911,1200,,HU,30.6N,63.8W,70,,,,,,,,,,,,,
AL,UNNAMED,1863,5,32,18630911,1800,,HU,31.6N,63.5W,70,,,,,,,,,,,,,
AL,UNNAMED,1863,5,32,18630912,0,,HU,32.7N,63.1W,70,,,,,,,,,,,,,
AL,UNNAMED,1863,5,32,18630912,600,,HU,33.7N,62.6W,70,,,,,,,,,,,,,
AL,UNNAMED,1863,5,32,18630912,1200,,HU,34.5N,62.0W,70,,,,,,,,,,,,,
AL,UNNAMED,1863,5,32,18630912,1800,,HU,35.5N,61.5W,70,,,,,,,,,,,,,
AL,UNNAMED,1863,5,32,18630913,0,,HU,36.0N,61.1W,70,,,,,,,,,,,,,
AL,UNNAMED,1863,5,32,18630913,600,,HU,36.8N,60.5W,70,,,,,,,,,,,,,
AL,UNNAMED,1863,5,32,18630913,1200,,HU,37.5N,59.8W,70,,,,,,,,,,,,,
AL,UNNAMED,1863,5,32,18630913,1800,,HU,38.5N,58.6W,70,,,,,,,,,,,,,
AL,UNNAMED,1863,5,32,18630914,0,,HU,39.4N,57.1W,70,,,,,,,,,,,,,
AL,UNNAMED,1863,5,32,18630914,600,,HU,40.2N,55.7W,70,,,,,,,,,,,,,
AL,UNNAMED,1863,5,32,18630914,1200,,HU,41.2N,54.1W,70,,,,,,,,,,,,,
AL,UNNAMED,1863,5,32,18630914,1800,,HU,42.5N,52.1W,70,,,,,,,,,,,,,
AL,UNNAMED,1863,5,32,18630915,0,,TS,43.8N,49.7W,60,,,,,,,,,,,,,
AL,UNNAMED,1863,5,32,18630915,600,,TS,44.9N,47.3W,60,,,,,,,,,,,,,
AL,UNNAMED,1863,5,32,18630915,1200,,TS,46.0N,45.0W,60,,,,,,,,,,,,,
AL,UNNAMED,1863,5,32,18630915,1800,,TS,46.9N,43.2W,60,,,,,,,,,,,,,
AL,UNNAMED,1863,5,32,18630916,0,,TS,47.9N,41.0W,50,,,,,,,,,,,,,
AL,UNNAMED,1863,5,32,18630916,600,,TS,48.9N,38.9W,50,,,,,,,,,,,,,
AL,UNNAMED,1863,5,32,18630916,1200,,TS,50.0N,36.8W,50,,,,,,,,,,,,,
AL,UNNAMED,1863,5,32,18630916,1800,,TS,51.0N,34.3W,50,,,,,,,,,,,,,
AL,UNNAMED,1863,6,15,18630916,0,,TS,24.7N,79.9W,40,,,,,,,,,,,,,
AL,UNNAMED,1863,6,15,18630916,600,,TS,25.2N,79.9W,40,,,,,,,,,,,,,
AL,UNNAMED,1863,6,15,18630916,1200,,TS,25.7N,79.8W,50,,,,,,,,,,,,,
AL,UNNAMED,1863,6,15,18630916,1800,,TS,26.3N,79.6W,50,,,,,,,,,,,,,
AL,UNNAMED,1863,6,15,18630917,0,,TS,27.0N,79.4W,60,,,,,,,,,,,,,
AL,UNNAMED,1863,6,15,18630917,600,,TS,27.8N,79.3W,60,,,,,,,,,,,,,
AL,UNNAMED,1863,6,15,18630917,1200,,TS,28.8N,79.1W,60,,,,,,,,,,,,,
AL,UNNAMED,1863,6,15,18630917,1800,,TS,30.1N,78.9W,60,,,,,,,,,,,,,
AL,UNNAMED,1863,6,15,18630918,0,,TS,31.5N,78.6W,60,,,,,,,,,,,,,
AL,UNNAMED,1863,6,15,18630918,600,,TS,32.9N,78.0W,60,,,,,,,,,,,,,
AL,UNNAMED,1863,6,15,18630918,1200,,TS,34.3N,77.3W,60,,,,,,,,,,,,,
AL,UNNAMED,1863,6,15,18630918,1300,L,TS,34.6N,77.1W,60,,,,,,,,,,,,,
AL,UNNAMED,1863,6,15,18630918,1800,,TS,36.0N,76.5W,50,,,,,,,,,,,,,
AL,UNNAMED,1863,6,15,18630919,0,,TS,38.5N,75.6W,50,,,,,,,,,,,,,
AL,UNNAMED,1863,6,15,18630919,600,,TS,42.0N,73.5W,40,,,,,,,,,,,,,
AL,UNNAMED,1863,7,6,18630918,1200,,TS,22.5N,96.5W,50,,,,,,,,,,,,,
AL,UNNAMED,1863,7,6,18630918,1800,,TS,22.6N,96.8W,50,,,,,,,,,,,,,
AL,UNNAMED,1863,7,6,18630919,0,,TS,22.7N,97.1W,50,,,,,,,,,,,,,
AL,UNNAMED,1863,7,6,18630919,600,,TS,22.7N,97.6W,50,,,,,,,,,,,,,
AL,UNNAMED,1863,7,6,18630919,1200,,TS,23.0N,98.0W,40,,,,,,,,,,,,,
AL,UNNAMED,1863,7,6,18630919,1800,,TS,23.2N,98.5W,40,,,,,,,,,,,,,
AL,UNNAMED,1863,8,4,18630926,1200,,TS,31.1N,70.1W,50,,,,,,,,,,,,,
AL,UNNAMED,1863,8,4,18630926,1800,,TS,32.5N,70.6W,50,,,,,,,,,,,,,
AL,UNNAMED,1863,8,4,18630927,0,,TS,34.5N,71.6W,50,,,,,,,,,,,,,
AL,UNNAMED,1863,8,4,18630927,600,,TS,37.0N,72.8W,40,,,,,,,,,,,,,
AL,UNNAMED,1863,9,12,18630929,0,,TS,28.5N,95.7W,60,,,,,,,,,,,,,
AL,UNNAMED,1863,9,12,18630929,600,,TS,28.9N,95.3W,60,,,,,,,,,,,,,
AL,UNNAMED,1863,9,12,18630929,1200,L,TS,29.3N,94.8W,60,,,,,,,,,,,,,
AL,UNNAMED,1863,9,12,18630929,1800,,TS,29.6N,94.3W,50,,,,,,,,,,,,,
AL,UNNAMED,1863,9,12,18630930,0,,TS,29.8N,93.7W,50,,,,,,,,,,,,,
AL,UNNAMED,1863,9,12,18630930,600,,TS,30.0N,93.1W,50,,,,,,,,,,,,,
AL,UNNAMED,1863,9,12,18630930,1200,,EX,30.1N,92.5W,40,,,,,,,,,,,,,
AL,UNNAMED,1863,9,12,18630930,1800,,EX,30.2N,91.9W,40,,,,,,,,,,,,,
AL,UNNAMED,1863,9,12,18631001,0,,EX,30.3N,91.3W,40,,,,,,,,,,,,,
AL,UNNAMED,1863,9,12,18631001,600,,EX,30.4N,90.7W,40,,,,,,,,,,,,,
AL,UNNAMED,1863,9,12,18631001,1200,,EX,30.5N,90.1W,40,,,,,,,,,,,,,
AL,UNNAMED,1863,9,12,18631001,1800,,EX,30.6N,89.5W,40,,,,,,,,,,,,,
AL,UNNAMED,1864,1,12,18640716,0,,HU,30.8N,76.0W,70,,,,,,,,,,,,,
AL,UNNAMED,1864,1,12,18640716,600,,HU,31.8N,75.1W,70,,,,,,,,,,,,,
AL,UNNAMED,1864,1,12,18640716,1200,,HU,33.0N,74.0W,70,,,,,,,,,,,,,
AL,UNNAMED,1864,1,12,18640716,1800,,HU,34.5N,72.4W,70,,,,,,,,,,,,,
AL,UNNAMED,1864,1,12,18640717,0,,HU,36.0N,69.8W,70,,,,,,,,,,,,,
AL,UNNAMED,1864,1,12,18640717,600,,HU,37.3N,67.0W,70,,,,,,,,,,,,,
AL,UNNAMED,1864,1,12,18640717,1200,,HU,38.5N,64.5W,70,,,,,,,,,,,,,
AL,UNNAMED,1864,1,12,18640717,1800,,HU,39.7N,61.5W,70,,,,,,,,,,,,,
AL,UNNAMED,1864,1,12,18640718,0,,TS,41.0N,58.0W,60,,,,,,,,,,,,,
AL,UNNAMED,1864,1,12,18640718,600,,TS,42.4N,54.0W,60,,,,,,,,,,,,,
AL,UNNAMED,1864,1,12,18640718,1200,,TS,44.0N,49.5W,60,,,,,,,,,,,,,
AL,UNNAMED,1864,1,12,18640718,1800,,TS,46.0N,44.0W,60,,,,,,,,,,,,,
AL,UNNAMED,1864,2,1,18640725,1200,,TS,24.0N,89.0W,60,,,,,,,,,,,,,
AL,UNNAMED,1864,3,26,18640826,0,,HU,14.8N,54.5W,70,,,,,,,,,,,,,
AL,UNNAMED,1864,3,26,18640826,600,,HU,14.9N,55.6W,70,,,,,,,,,,,,,
AL,UNNAMED,1864,3,26,18640826,1200,,HU,14.9N,56.8W,70,,,,,,,,,,,,,
AL,UNNAMED,1864,3,26,18640826,1800,,HU,14.9N,58.1W,70,,,,,,,,,,,,,
AL,UNNAMED,1864,3,26,18640827,0,,HU,15.0N,59.5W,70,,,,,,,,,,,,,
AL,UNNAMED,1864,3,26,18640827,600,,HU,15.0N,60.9W,70,,,,,,,,,,,,,
AL,UNNAMED,1864,3,26,18640827,1200,,HU,15.0N,62.5W,70,,,,,,,,,,,,,
AL,UNNAMED,1864,3,26,18640827,1800,,HU,15.0N,63.9W,70,,,,,,,,,,,,,
AL,UNNAMED,1864,3,26,18640828,0,,HU,15.1N,65.3W,70,,,,,,,,,,,,,
AL,UNNAMED,1864,3,26,18640828,600,,HU,15.1N,66.6W,70,,,,,,,,,,,,,
AL,UNNAMED,1864,3,26,18640828,1200,,HU,15.2N,68.1W,70,,,,,,,,,,,,,
AL,UNNAMED,1864,3,26,18640828,1800,,HU,15.4N,69.6W,70,,,,,,,,,,,,,
AL,UNNAMED,1864,3,26,18640829,0,,HU,15.6N,71.3W,70,,,,,,,,,,,,,
AL,UNNAMED,1864,3,26,18640829,600,,HU,15.8N,73.0W,70,,,,,,,,,,,,,
AL,UNNAMED,1864,3,26,18640829,1200,,HU,16.0N,74.4W,70,,,,,,,,,,,,,
AL,UNNAMED,1864,3,26,18640829,1800,,HU,16.1N,75.6W,70,,,,,,,,,,,,,
AL,UNNAMED,1864,3,26,18640830,0,,HU,16.2N,77.1W,70,,,,,,,,,,,,,
AL,UNNAMED,1864,3,26,18640830,600,,HU,16.5N,78.6W,70,,,,,,,,,,,,,
AL,UNNAMED,1864,3,26,18640830,1200,,HU,16.7N,80.5W,70,,,,,,,,,,,,,
AL,UNNAMED,1864,3,26,18640830,1800,,HU,16.9N,82.1W,70,,,,,,,,,,,,,
AL,UNNAMED,1864,3,26,18640831,0,,HU,17.0N,83.6W,70,,,,,,,,,,,,,
AL,UNNAMED,1864,3,26,18640831,600,,HU,17.2N,85.1W,70,,,,,,,,,,,,,
AL,UNNAMED,1864,3,26,18640831,1200,,HU,17.4N,86.6W,70,,,,,,,,,,,,,
AL,UNNAMED,1864,3,26,18640831,1800,,HU,17.6N,88.1W,70,,,,,,,,,,,,,
AL,UNNAMED,1864,3,26,18640901,0,,TS,17.7N,89.6W,50,,,,,,,,,,,,,
AL,UNNAMED,1864,3,26,18640901,600,,TS,17.9N,91.1W,40,,,,,,,,,,,,,
AL,UNNAMED,1864,4,16,18640905,0,,TS,33.0N,72.5W,50,,,,,,,,,,,,,
AL,UNNAMED,1864,4,16,18640905,600,,TS,33.0N,72.5W,50,,,,,,,,,,,,,
AL,UNNAMED,1864,4,16,18640905,1200,,TS,33.0N,72.5W,50,,,,,,,,,,,,,
AL,UNNAMED,1864,4,16,18640905,1800,,TS,33.0N,72.5W,50,,,,,,,,,,,,,
AL,UNNAMED,1864,4,16,18640906,0,,TS,33.0N,72.5W,50,,,,,,,,,,,,,
AL,UNNAMED,1864,4,16,18640906,600,,TS,33.0N,72.5W,50,,,,,,,,,,,,,
AL,UNNAMED,1864,4,16,18640906,1200,,TS,33.0N,72.5W,50,,,,,,,,,,,,,
AL,UNNAMED,1864,4,16,18640906,1800,,TS,33.0N,72.5W,50,,,,,,,,,,,,,
AL,UNNAMED,1864,4,16,18640907,0,,TS,33.0N,72.5W,50,,,,,,,,,,,,,
AL,UNNAMED,1864,4,16,18640907,600,,TS,33.0N,72.5W,50,,,,,,,,,,,,,
AL,UNNAMED,1864,4,16,18640907,1200,,TS,33.0N,72.5W,50,,,,,,,,,,,,,
AL,UNNAMED,1864,4,16,18640907,1800,,TS,33.0N,72.5W,50,,,,,,,,,,,,,
AL,UNNAMED,1864,4,16,18640908,0,,TS,33.0N,72.5W,50,,,,,,,,,,,,,
AL,UNNAMED,1864,4,16,18640908,600,,TS,33.0N,72.5W,50,,,,,,,,,,,,,
AL,UNNAMED,1864,4,16,18640908,1200,,TS,33.0N,72.5W,50,,,,,,,,,,,,,
AL,UNNAMED,1864,4,16,18640908,1800,,TS,33.0N,72.5W,50,,,,,,,,,,,,,
AL,UNNAMED,1864,5,12,18641022,0,,TS,28.5N,72.0W,50,,,,,,,,,,,,,
AL,UNNAMED,1864,5,12,18641022,600,,TS,29.5N,72.6W,50,,,,,,,,,,,,,
AL,UNNAMED,1864,5,12,18641022,1200,,TS,30.5N,72.9W,50,,,,,,,,,,,,,
AL,UNNAMED,1864,5,12,18641022,1800,,TS,31.7N,73.1W,50,,,,,,,,,,,,,
AL,UNNAMED,1864,5,12,18641023,0,,TS,33.0N,73.3W,60,,,,,,,,,,,,,
AL,UNNAMED,1864,5,12,18641023,600,,TS,34.3N,73.1W,60,,,,,,,,,,,,,
AL,UNNAMED,1864,5,12,18641023,1200,,HU,35.5N,72.5W,70,,,,,,,,,,,,,
AL,UNNAMED,1864,5,12,18641023,1800,,HU,37.0N,70.9W,70,,,,,,,,,,,,,
AL,UNNAMED,1864,5,12,18641024,0,,HU,38.4N,68.8W,70,,,,,,,,,,,,,
AL,UNNAMED,1864,5,12,18641024,600,,HU,39.5N,66.6W,70,,,,,,,,,,,,,
AL,UNNAMED,1864,5,12,18641024,1200,,HU,40.5N,64.3W,70,,,,,,,,,,,,,
AL,UNNAMED,1864,5,12,18641024,1800,,HU,41.5N,61.5W,70,,,,,,,,,,,,,
AL,UNNAMED,1865,1,1,18650530,0,,TS,13.0N,80.0W,50,,,,,,,,,,,,,
AL,UNNAMED,1865,2,1,18650630,1200,L,TS,26.0N,97.5W,50,,,,,,,,,,,,,
AL,UNNAMED,1865,3,20,18650820,0,,TS,30.3N,78.3W,50,,,,,,,,,,,,,
AL,UNNAMED,1865,3,20,18650820,600,,TS,30.6N,78.1W,50,,,,,,,,,,,,,
AL,UNNAMED,1865,3,20,18650820,1200,,TS,31.0N,77.9W,50,,,,,,,,,,,,,
AL,UNNAMED,1865,3,20,18650820,1800,,TS,31.4N,77.5W,50,,,,,,,,,,,,,
AL,UNNAMED,1865,3,20,18650821,0,,TS,31.9N,77.0W,50,,,,,,,,,,,,,
AL,UNNAMED,1865,3,20,18650821,600,,TS,32.4N,76.6W,50,,,,,,,,,,,,,
AL,UNNAMED,1865,3,20,18650821,1200,,TS,32.9N,76.3W,50,,,,,,,,,,,,,
AL,UNNAMED,1865,3,20,18650821,1800,,TS,33.2N,75.9W,50,,,,,,,,,,,,,
AL,UNNAMED,1865,3,20,18650822,0,,TS,33.5N,75.6W,50,,,,,,,,,,,,,
AL,UNNAMED,1865,3,20,18650822,600,,TS,33.8N,75.3W,50,,,,,,,,,,,,,
AL,UNNAMED,1865,3,20,18650822,1200,,TS,34.0N,75.0W,60,,,,,,,,,,,,,
AL,UNNAMED,1865,3,20,18650822,1800,,TS,34.5N,74.6W,60,,,,,,,,,,,,,
AL,UNNAMED,1865,3,20,18650823,0,,TS,34.9N,74.1W,60,,,,,,,,,,,,,
AL,UNNAMED,1865,3,20,18650823,600,,TS,35.4N,73.6W,60,,,,,,,,,,,,,
AL,UNNAMED,1865,3,20,18650823,1200,,TS,35.9N,73.1W,60,,,,,,,,,,,,,
AL,UNNAMED,1865,3,20,18650823,1800,,TS,36.4N,72.4W,60,,,,,,,,,,,,,
AL,UNNAMED,1865,3,20,18650824,0,,TS,37.0N,71.5W,60,,,,,,,,,,,,,
AL,UNNAMED,1865,3,20,18650824,600,,TS,37.5N,70.8W,60,,,,,,,,,,,,,
AL,UNNAMED,1865,3,20,18650824,1200,,TS,38.3N,70.0W,60,,,,,,,,,,,,,
AL,UNNAMED,1865,3,20,18650824,1800,,TS,39.3N,69.0W,60,,,,,,,,,,,,,
AL,UNNAMED,1865,4,37,18650906,0,,HU,16.0N,55.5W,90,,,,,,,,,,,,,
AL,UNNAMED,1865,4,37,18650906,600,,HU,16.0N,56.7W,90,,,,,,,,,,,,,
AL,UNNAMED,1865,4,37,18650906,1200,,HU,16.0N,58.0W,90,,,,,,,,,,,,,
AL,UNNAMED,1865,4,37,18650906,1800,,HU,16.0N,59.3W,90,,,,,,,,,,,,,
AL,UNNAMED,1865,4,37,18650907,0,,HU,16.1N,60.8W,90,,,,,,,,,,,,,
AL,UNNAMED,1865,4,37,18650907,600,,HU,16.2N,62.4W,90,,,,,,,,,,,,,
AL,UNNAMED,1865,4,37,18650907,1200,,HU,16.5N,63.8W,90,,,,,,,,,,,,,
AL,UNNAMED,1865,4,37,18650907,1800,,HU,16.7N,65.5W,90,,,,,,,,,,,,,
AL,UNNAMED,1865,4,37,18650908,0,,HU,16.7N,67.5W,90,,,,,,,,,,,,,
AL,UNNAMED,1865,4,37,18650908,600,,HU,17.0N,69.5W,90,,,,,,,,,,,,,
AL,UNNAMED,1865,4,37,18650908,1200,,HU,17.1N,71.0W,90,,,,,,,,,,,,,
AL,UNNAMED,1865,4,37,18650908,1800,,HU,17.4N,72.4W,90,,,,,,,,,,,,,
AL,UNNAMED,1865,4,37,18650909,0,,HU,17.7N,73.6W,90,,,,,,,,,,,,,
AL,UNNAMED,1865,4,37,18650909,600,,HU,18.0N,75.0W,90,,,,,,,,,,,,,
AL,UNNAMED,1865,4,37,18650909,1200,,HU,18.5N,76.3W,90,,,,,,,,,,,,,
AL,UNNAMED,1865,4,37,18650909,1800,,HU,18.9N,77.4W,90,,,,,,,,,,,,,
AL,UNNAMED,1865,4,37,18650910,0,,HU,19.2N,78.8W,90,,,,,,,,,,,,,
AL,UNNAMED,1865,4,37,18650910,600,,HU,19.9N,80.1W,90,,,,,,,,,,,,,
AL,UNNAMED,1865,4,37,18650910,1200,,HU,20.2N,81.5W,90,,,,,,,,,,,,,
AL,UNNAMED,1865,4,37,18650910,1800,,HU,20.7N,82.6W,90,,,,,,,,,,,,,
AL,UNNAMED,1865,4,37,18650911,0,,HU,21.0N,83.9W,90,,,,,,,,,,,,,
AL,UNNAMED,1865,4,37,18650911,600,,HU,21.2N,85.1W,90,,,,,,,,,,,,,
AL,UNNAMED,1865,4,37,18650911,1200,,HU,21.9N,86.5W,90,,,,,,,,,,,,,
AL,UNNAMED,1865,4,37,18650911,1800,,HU,22.6N,87.6W,90,,,,,,,,,,,,,
AL,UNNAMED,1865,4,37,18650912,0,,HU,23.1N,88.4W,90,,,,,,,,,,,,,
AL,UNNAMED,1865,4,37,18650912,600,,HU,23.7N,89.4W,90,,,,,,,,,,,,,
AL,UNNAMED,1865,4,37,18650912,1200,,HU,24.6N,90.4W,90,,,,,,,,,,,,,
AL,UNNAMED,1865,4,37,18650912,1800,,HU,25.4N,91.1W,90,,,,,,,,,,,,,
AL,UNNAMED,1865,4,37,18650913,0,,HU,26.3N,91.8W,90,,,,,,,,,,,,,
AL,UNNAMED,1865,4,37,18650913,600,,HU,27.1N,92.4W,90,,,,,,,,,,,,,
AL,UNNAMED,1865,4,37,18650913,1200,,HU,28.1N,92.9W,90,,,,,,,,,,,,,
AL,UNNAMED,1865,4,37,18650913,1800,,HU,29.2N,93.3W,90,,,,,,,,,,,,,
AL,UNNAMED,1865,4,37,18650913,2100,L,HU,29.8N,93.4W,90,,,,,,,,,,,,,
AL,UNNAMED,1865,4,37,18650914,0,,HU,30.4N,93.5W,70,,,,,,,,,,,,,
AL,UNNAMED,1865,4,37,18650914,600,,TS,31.6N,93.5W,50,,,,,,,,,,,,,
AL,UNNAMED,1865,4,37,18650914,1200,,TS,32.8N,93.3W,40,,,,,,,,,,,,,
AL,UNNAMED,1865,4,37,18650914,1800,,TS,34.0N,93.0W,40,,,,,,,,,,,,,
AL,UNNAMED,1865,5,1,18650907,0,L,TS,29.7N,92.0W,60,,,,,,,,,,,,,
AL,UNNAMED,1865,6,1,18650928,1200,,HU,25.5N,69.5W,70,,,,,,,,,,,,,
AL,UNNAMED,1865,7,34,18651018,0,,TS,9.5N,80.4W,40,,,,,,,,,,,,,
AL,UNNAMED,1865,7,34,18651018,600,,TS,9.7N,80.4W,40,,,,,,,,,,,,,
AL,UNNAMED,1865,7,34,18651018,1200,,TS,10.0N,80.5W,40,,,,,,,,,,,,,
AL,UNNAMED,1865,7,34,18651018,1800,,TS,10.2N,80.6W,40,,,,,,,,,,,,,
AL,UNNAMED,1865,7,34,18651019,0,,TS,10.5N,80.6W,40,,,,,,,,,,,,,
AL,UNNAMED,1865,7,34,18651019,600,,TS,10.7N,80.8W,40,,,,,,,,,,,,,
AL,UNNAMED,1865,7,34,18651019,1200,,TS,11.0N,81.0W,50,,,,,,,,,,,,,
AL,UNNAMED,1865,7,34,18651019,1800,,TS,11.3N,81.1W,50,,,,,,,,,,,,,
AL,UNNAMED,1865,7,34,18651020,0,,TS,11.8N,81.3W,50,,,,,,,,,,,,,
AL,UNNAMED,1865,7,34,18651020,600,,TS,12.3N,81.4W,50,,,,,,,,,,,,,
AL,UNNAMED,1865,7,34,18651020,1200,,TS,12.9N,81.6W,60,,,,,,,,,,,,,
AL,UNNAMED,1865,7,34,18651020,1800,,TS,13.7N,81.8W,60,,,,,,,,,,,,,
AL,UNNAMED,1865,7,34,18651021,0,,TS,14.3N,82.0W,60,,,,,,,,,,,,,
AL,UNNAMED,1865,7,34,18651021,600,,TS,15.2N,82.3W,60,,,,,,,,,,,,,
AL,UNNAMED,1865,7,34,18651021,1200,,HU,15.9N,82.4W,70,,,,,,,,,,,,,
AL,UNNAMED,1865,7,34,18651021,1800,,HU,16.9N,82.6W,70,,,,,,,,,,,,,
AL,UNNAMED,1865,7,34,18651022,0,,HU,17.9N,82.8W,80,,,,,,,,,,,,,
AL,UNNAMED,1865,7,34,18651022,600,,HU,18.9N,83.0W,80,,,,,,,,,,,,,
AL,UNNAMED,1865,7,34,18651022,1200,,HU,20.0N,83.0W,90,,,,,,,,,,,,,
AL,UNNAMED,1865,7,34,18651022,1800,,HU,21.2N,82.9W,90,,,,,,,,,,,,,
AL,UNNAMED,1865,7,34,18651023,0,,HU,22.6N,82.6W,80,975,,,,,,,,,,,,
AL,UNNAMED,1865,7,34,18651023,600,,HU,23.8N,82.1W,90,,,,,,,,,,,,,
AL,UNNAMED,1865,7,34,18651023,1000,L,HU,24.6N,81.7W,90,,,,,,,,,,,,,
AL,UNNAMED,1865,7,34,18651023,1200,,HU,25.0N,81.4W,90,,,,,,,,,,,,,
AL,UNNAMED,1865,7,34,18651023,1400,L,HU,25.4N,81.1W,90,,,,,,,,,,,,,
AL,UNNAMED,1865,7,34,18651023,1800,,HU,26.5N,80.2W,80,,,,,,,,,,,,,
AL,UNNAMED,1865,7,34,18651024,0,,HU,28.2N,78.8W,80,,,,,,,,,,,,,
AL,UNNAMED,1865,7,34,18651024,600,,HU,29.9N,77.2W,80,,,,,,,,,,,,,
AL,UNNAMED,1865,7,34,18651024,1200,,HU,31.4N,75.3W,80,,,,,,,,,,,,,
AL,UNNAMED,1865,7,34,18651024,1800,,HU,32.5N,73.1W,80,,,,,,,,,,,,,
AL,UNNAMED,1865,7,34,18651025,0,,HU,33.5N,70.6W,70,,,,,,,,,,,,,
AL,UNNAMED,1865,7,34,18651025,600,,HU,34.7N,68.3W,70,,,,,,,,,,,,,
AL,UNNAMED,1865,7,34,18651025,1200,,HU,36.0N,66.0W,70,,,,,,,,,,,,,
AL,UNNAMED,1865,7,34,18651025,1800,,HU,37.3N,63.5W,70,,,,,,,,,,,,,
AL,UNNAMED,1866,1,19,18660711,1200,,HU,28.0N,87.3W,90,,,,,,,,,,,,,
AL,UNNAMED,1866,1,19,18660711,1800,,HU,28.0N,87.8W,90,,,,,,,,,,,,,
AL,UNNAMED,1866,1,19,18660712,0,,HU,28.0N,88.3W,90,,,,,,,,,,,,,
AL,UNNAMED,1866,1,19,18660712,600,,HU,28.0N,88.8W,90,,,,,,,,,,,,,
AL,UNNAMED,1866,1,19,18660712,1200,,HU,28.1N,89.3W,90,,,,,,,,,,,,,
AL,UNNAMED,1866,1,19,18660712,1800,,HU,28.1N,89.9W,90,,,,,,,,,,,,,
AL,UNNAMED,1866,1,19,18660713,0,,HU,28.1N,90.5W,90,,,,,,,,,,,,,
AL,UNNAMED,1866,1,19,18660713,600,,HU,28.1N,91.1W,90,,,,,,,,,,,,,
AL,UNNAMED,1866,1,19,18660713,1200,,HU,28.2N,91.7W,90,,,,,,,,,,,,,
AL,UNNAMED,1866,1,19,18660713,1800,,HU,28.2N,92.3W,90,,,,,,,,,,,,,
AL,UNNAMED,1866,1,19,18660714,0,,HU,28.2N,92.9W,90,,,,,,,,,,,,,
AL,UNNAMED,1866,1,19,18660714,600,,HU,28.2N,93.5W,90,,,,,,,,,,,,,
AL,UNNAMED,1866,1,19,18660714,1200,,HU,28.3N,94.1W,90,,,,,,,,,,,,,
AL,UNNAMED,1866,1,19,18660714,1800,,HU,28.3N,94.7W,90,,,,,,,,,,,,,
AL,UNNAMED,1866,1,19,18660715,0,,HU,28.4N,95.3W,90,,,,,,,,,,,,,
AL,UNNAMED,1866,1,19,18660715,600,,HU,28.5N,95.9W,90,,,,,,,,,,,,,
AL,UNNAMED,1866,1,19,18660715,1200,L,HU,28.5N,96.5W,90,,,,,,,,,,,,,
AL,UNNAMED,1866,1,19,18660715,1800,,TS,28.6N,97.1W,60,,,,,,,,,,,,,
AL,UNNAMED,1866,1,19,18660716,0,,TS,28.6N,97.7W,40,,,,,,,,,,,,,
AL,UNNAMED,1866,2,22,18660813,0,,HU,14.7N,62.6W,90,,,,,,,,,,,,,
AL,UNNAMED,1866,2,22,18660813,600,,HU,14.7N,64.1W,90,,,,,,,,,,,,,
AL,UNNAMED,1866,2,22,18660813,1200,,HU,14.8N,65.6W,90,,,,,,,,,,,,,
AL,UNNAMED,1866,2,22,18660813,1800,,HU,15.0N,67.1W,90,,,,,,,,,,,,,
AL,UNNAMED,1866,2,22,18660814,0,,HU,15.2N,68.6W,90,,,,,,,,,,,,,
AL,UNNAMED,1866,2,22,18660814,600,,HU,15.5N,70.1W,90,,,,,,,,,,,,,
AL,UNNAMED,1866,2,22,18660814,1200,,HU,15.7N,71.6W,90,,,,,,,,,,,,,
AL,UNNAMED,1866,2,22,18660814,1800,,HU,15.9N,73.6W,90,,,,,,,,,,,,,
AL,UNNAMED,1866,2,22,18660815,0,,HU,16.2N,75.8W,80,,,,,,,,,,,,,
AL,UNNAMED,1866,2,22,18660815,600,,HU,16.6N,77.8W,80,,,,,,,,,,,,,
AL,UNNAMED,1866,2,22,18660815,1200,,HU,17.0N,79.6W,80,,,,,,,,,,,,,
AL,UNNAMED,1866,2,22,18660815,1800,,HU,17.4N,81.3W,80,,,,,,,,,,,,,
AL,UNNAMED,1866,2,22,18660816,0,,HU,17.7N,83.1W,80,,,,,,,,,,,,,
AL,UNNAMED,1866,2,22,18660816,600,,HU,18.0N,84.8W,80,,,,,,,,,,,,,
AL,UNNAMED,1866,2,22,18660816,1200,,HU,18.5N,86.9W,80,,,,,,,,,,,,,
AL,UNNAMED,1866,2,22,18660816,1800,,TS,19.0N,88.9W,60,,,,,,,,,,,,,
AL,UNNAMED,1866,2,22,18660817,0,,TS,19.4N,90.9W,60,,,,,,,,,,,,,
AL,UNNAMED,1866,2,22,18660817,600,,HU,19.7N,92.6W,70,,,,,,,,,,,,,
AL,UNNAMED,1866,2,22,18660817,1200,,HU,20.0N,94.5W,80,,,,,,,,,,,,,
AL,UNNAMED,1866,2,22,18660817,1800,,HU,20.2N,96.5W,80,,,,,,,,,,,,,
AL,UNNAMED,1866,2,22,18660818,0,,TS,20.5N,98.5W,60,,,,,,,,,,,,,
AL,UNNAMED,1866,2,22,18660818,600,,TS,20.7N,100.5W,40,,,,,,,,,,,,,
AL,UNNAMED,1866,3,14,18660904,0,,HU,33.0N,68.1W,70,,,,,,,,,,,,,
AL,UNNAMED,1866,3,14,18660904,600,,HU,34.0N,68.0W,70,,,,,,,,,,,,,
AL,UNNAMED,1866,3,14,18660904,1200,,HU,35.0N,67.8W,70,,,,,,,,,,,,,
AL,UNNAMED,1866,3,14,18660904,1800,,HU,36.0N,67.4W,70,,,,,,,,,,,,,
AL,UNNAMED,1866,3,14,18660905,0,,HU,37.2N,66.9W,70,,,,,,,,,,,,,
AL,UNNAMED,1866,3,14,18660905,600,,HU,38.5N,66.1W,70,,,,,,,,,,,,,
AL,UNNAMED,1866,3,14,18660905,1200,,HU,39.8N,65.1W,70,,,,,,,,,,,,,
AL,UNNAMED,1866,3,14,18660905,1800,,HU,41.0N,64.1W,70,,,,,,,,,,,,,
AL,UNNAMED,1866,3,14,18660906,0,,HU,42.4N,62.2W,70,,,,,,,,,,,,,
AL,UNNAMED,1866,3,14,18660906,600,,HU,43.4N,60.4W,70,,,,,,,,,,,,,
AL,UNNAMED,1866,3,14,18660906,1200,,HU,44.5N,58.6W,70,,,,,,,,,,,,,
AL,UNNAMED,1866,3,14,18660906,1800,,HU,45.5N,56.5W,70,,,,,,,,,,,,,
AL,UNNAMED,1866,3,14,18660907,0,,TS,46.3N,54.2W,60,,,,,,,,,,,,,
AL,UNNAMED,1866,3,14,18660907,600,,TS,47.0N,51.2W,60,,,,,,,,,,,,,
AL,UNNAMED,1866,4,1,18660918,1200,,HU,15.0N,29.5W,70,,,,,,,,,,,,,
AL,UNNAMED,1866,5,12,18660922,0,,HU,40.0N,62.5W,90,,,,,,,,,,,,,
AL,UNNAMED,1866,5,12,18660922,600,,HU,41.0N,61.7W,90,,,,,,,,,,,,,
AL,UNNAMED,1866,5,12,18660922,1200,,HU,42.0N,60.9W,90,,,,,,,,,,,,,
AL,UNNAMED,1866,5,12,18660922,1800,,HU,43.0N,60.1W,90,,,,,,,,,,,,,
AL,UNNAMED,1866,5,12,18660923,0,,HU,44.0N,59.3W,80,,,,,,,,,,,,,
AL,UNNAMED,1866,5,12,18660923,600,,HU,45.0N,58.6W,80,,,,,,,,,,,,,
AL,UNNAMED,1866,5,12,18660923,1200,,HU,46.0N,57.8W,70,,,,,,,,,,,,,
AL,UNNAMED,1866,5,12,18660923,1800,,HU,47.0N,57.0W,70,,,,,,,,,,,,,
AL,UNNAMED,1866,5,12,18660924,0,,TS,48.3N,55.9W,60,,,,,,,,,,,,,
AL,UNNAMED,1866,5,12,18660924,600,,TS,49.5N,55.0W,60,,,,,,,,,,,,,
AL,UNNAMED,1866,5,12,18660924,1200,,EX,51.0N,54.0W,60,,,,,,,,,,,,,
AL,UNNAMED,1866,5,12,18660924,1800,,EX,52.5N,52.8W,60,,,,,,,,,,,,,
AL,UNNAMED,1866,6,48,18660924,0,,HU,13.2N,35.0W,80,,,,,,,,,,,,,
AL,UNNAMED,1866,6,48,18660924,600,,HU,13.3N,36.0W,80,,,,,,,,,,,,,
AL,UNNAMED,1866,6,48,18660924,1200,,HU,13.4N,37.0W,80,,,,,,,,,,,,,
AL,UNNAMED,1866,6,48,18660924,1800,,HU,13.6N,38.0W,80,,,,,,,,,,,,,
AL,UNNAMED,1866,6,48,18660925,0,,HU,13.9N,39.4W,80,,,,,,,,,,,,,
AL,UNNAMED,1866,6,48,18660925,600,,HU,14.2N,40.7W,80,,,,,,,,,,,,,
AL,UNNAMED,1866,6,48,18660925,1200,,HU,14.5N,42.0W,80,,,,,,,,,,,,,
AL,UNNAMED,1866,6,48,18660925,1800,,HU,14.8N,43.2W,80,,,,,,,,,,,,,
AL,UNNAMED,1866,6,48,18660926,0,,HU,15.1N,44.3W,80,,,,,,,,,,,,,
AL,UNNAMED,1866,6,48,18660926,600,,HU,15.5N,45.7W,80,,,,,,,,,,,,,
AL,UNNAMED,1866,6,48,18660926,1200,,HU,15.8N,47.0W,80,,,,,,,,,,,,,
AL,UNNAMED,1866,6,48,18660926,1800,,HU,16.0N,48.0W,80,,,,,,,,,,,,,
AL,UNNAMED,1866,6,48,18660927,0,,HU,16.2N,49.5W,80,,,,,,,,,,,,,
AL,UNNAMED,1866,6,48,18660927,600,,HU,16.6N,50.9W,80,,,,,,,,,,,,,
AL,UNNAMED,1866,6,48,18660927,1200,,HU,17.0N,52.5W,80,,,,,,,,,,,,,
AL,UNNAMED,1866,6,48,18660927,1800,,HU,17.2N,53.9W,80,,,,,,,,,,,,,
AL,UNNAMED,1866,6,48,18660928,0,,HU,17.5N,55.1W,90,,,,,,,,,,,,,
AL,UNNAMED,1866,6,48,18660928,600,,HU,17.9N,56.7W,90,,,,,,,,,,,,,
AL,UNNAMED,1866,6,48,18660928,1200,,HU,18.2N,58.2W,90,,,,,,,,,,,,,
AL,UNNAMED,1866,6,48,18660928,1800,,HU,18.5N,59.5W,90,,,,,,,,,,,,,
AL,UNNAMED,1866,6,48,18660929,0,,HU,18.7N,60.7W,100,,,,,,,,,,,,,
AL,UNNAMED,1866,6,48,18660929,600,,HU,19.1N,62.3W,100,,,,,,,,,,,,,
AL,UNNAMED,1866,6,48,18660929,1200,,HU,19.4N,63.7W,100,,,,,,,,,,,,,
AL,UNNAMED,1866,6,48,18660929,1800,,HU,19.7N,64.9W,100,,,,,,,,,,,,,
AL,UNNAMED,1866,6,48,18660930,0,,HU,20.2N,66.3W,100,,,,,,,,,,,,,
AL,UNNAMED,1866,6,48,18660930,600,,HU,20.6N,67.6W,100,,,,,,,,,,,,,
AL,UNNAMED,1866,6,48,18660930,1200,,HU,20.9N,69.0W,100,,,,,,,,,,,,,
AL,UNNAMED,1866,6,48,18660930,1800,,HU,21.2N,70.4W,100,,,,,,,,,,,,,
AL,UNNAMED,1866,6,48,18661001,0,,HU,21.6N,71.9W,110,,,,,,,,,,,,,
AL,UNNAMED,1866,6,48,18661001,600,,HU,22.0N,73.6W,110,,,,,,,,,,,,,
AL,UNNAMED,1866,6,48,18661001,1200,,HU,22.5N,75.0W,120,,,,,,,,,,,,,
AL,UNNAMED,1866,6,48,18661001,1800,,HU,23.4N,76.1W,120,,,,,,,,,,,,,
AL,UNNAMED,1866,6,48,18661002,0,,HU,24.5N,77.1W,120,938,,,,,,,,,,,,
AL,UNNAMED,1866,6,48,18661002,600,,HU,25.9N,77.6W,120,,,,,,,,,,,,,
AL,UNNAMED,1866,6,48,18661002,1200,,HU,27.3N,77.9W,110,,,,,,,,,,,,,
AL,UNNAMED,1866,6,48,18661002,1800,,HU,28.0N,77.8W,110,,,,,,,,,,,,,
AL,UNNAMED,1866,6,48,18661003,0,,HU,28.5N,77.6W,100,,,,,,,,,,,,,
AL,UNNAMED,1866,6,48,18661003,600,,HU,29.3N,77.1W,100,,,,,,,,,,,,,
AL,UNNAMED,1866,6,48,18661003,1200,,HU,30.5N,76.3W,90,,,,,,,,,,,,,
AL,UNNAMED,1866,6,48,18661003,1800,,HU,32.0N,75.0W,90,,,,,,,,,,,,,
AL,UNNAMED,1866,6,48,18661004,0,,HU,33.5N,73.1W,90,,,,,,,,,,,,,
AL,UNNAMED,1866,6,48,18661004,600,,HU,34.7N,71.0W,90,,,,,,,,,,,,,
AL,UNNAMED,1866,6,48,18661004,1200,,HU,36.0N,68.5W,80,,,,,,,,,,,,,
AL,UNNAMED,1866,6,48,18661004,1800,,HU,37.5N,65.3W,80,,,,,,,,,,,,,
AL,UNNAMED,1866,6,48,18661005,0,,HU,39.0N,62.1W,80,,,,,,,,,,,,,
AL,UNNAMED,1866,6,48,18661005,600,,HU,40.7N,58.4W,80,,,,,,,,,,,,,
AL,UNNAMED,1866,6,48,18661005,1200,,HU,42.0N,54.5W,70,,,,,,,,,,,,,
AL,UNNAMED,1866,6,48,18661005,1800,,HU,43.0N,50.0W,70,,,,,,,,,,,,,
AL,UNNAMED,1866,7,7,18661029,600,,TS,29.5N,75.8W,50,,,,,,,,,,,,,
AL,UNNAMED,1866,7,7,18661029,1200,,TS,31.5N,75.8W,50,,,,,,,,,,,,,
AL,UNNAMED,1866,7,7,18661029,1800,,TS,33.7N,75.4W,60,,,,,,,,,,,,,
AL,UNNAMED,1866,7,7,18661030,0,,TS,36.0N,74.8W,60,,,,,,,,,,,,,
AL,UNNAMED,1866,7,7,18661030,600,,EX,38.5N,74.4W,60,,,,,,,,,,,,,
AL,UNNAMED,1866,7,7,18661030,1200,,EX,41.3N,74.0W,50,,,,,,,,,,,,,
AL,UNNAMED,1866,7,7,18661030,1800,,EX,44.5N,73.0W,40,,,,,,,,,,,,,
AL,UNNAMED,1867,1,11,18670621,1200,,TS,29.5N,80.0W,50,,,,,,,,,,,,,
AL,UNNAMED,1867,1,11,18670621,1800,,TS,30.3N,80.1W,60,,,,,,,,,,,,,
AL,UNNAMED,1867,1,11,18670622,0,,TS,31.1N,80.0W,60,,,,,,,,,,,,,
AL,UNNAMED,1867,1,11,18670622,600,,HU,31.8N,79.9W,70,,,,,,,,,,,,,
AL,UNNAMED,1867,1,11,18670622,1200,,HU,32.5N,79.8W,70,,,,,,,,,,,,,
AL,UNNAMED,1867,1,11,18670622,1400,L,HU,32.9N,79.7W,70,,,,,,,,,,,,,
AL,UNNAMED,1867,1,11,18670622,1800,,TS,33.2N,79.6W,60,,,,,,,,,,,,,
AL,UNNAMED,1867,1,11,18670623,0,,TS,33.9N,79.4W,50,,,,,,,,,,,,,
AL,UNNAMED,1867,1,11,18670623,600,,TS,34.5N,79.2W,40,,,,,,,,,,,,,
AL,UNNAMED,1867,1,11,18670623,1200,,TS,35.0N,79.0W,40,,,,,,,,,,,,,
AL,UNNAMED,1867,1,11,18670623,1800,,TS,35.5N,78.8W,40,,,,,,,,,,,,,
AL,UNNAMED,1867,2,28,18670728,0,,HU,18.5N,56.6W,70,,,,,,,,,,,,,
AL,UNNAMED,1867,2,28,18670728,600,,HU,18.7N,57.8W,70,,,,,,,,,,,,,
AL,UNNAMED,1867,2,28,18670728,1200,,HU,18.9N,59.0W,70,,,,,,,,,,,,,
AL,UNNAMED,1867,2,28,18670728,1800,,HU,19.2N,60.2W,70,,,,,,,,,,,,,
AL,UNNAMED,1867,2,28,18670729,0,,HU,19.5N,61.7W,70,,,,,,,,,,,,,
AL,UNNAMED,1867,2,28,18670729,600,,HU,19.9N,63.1W,70,,,,,,,,,,,,,
AL,UNNAMED,1867,2,28,18670729,1200,,HU,20.5N,64.5W,70,,,,,,,,,,,,,
AL,UNNAMED,1867,2,28,18670729,1800,,HU,21.0N,65.8W,70,,,,,,,,,,,,,
AL,UNNAMED,1867,2,28,18670730,0,,HU,21.9N,67.1W,70,,,,,,,,,,,,,
AL,UNNAMED,1867,2,28,18670730,600,,HU,22.7N,68.3W,70,,,,,,,,,,,,,
AL,UNNAMED,1867,2,28,18670730,1200,,HU,23.5N,69.5W,80,,,,,,,,,,,,,
AL,UNNAMED,1867,2,28,18670730,1800,,HU,24.6N,70.9W,80,,,,,,,,,,,,,
AL,UNNAMED,1867,2,28,18670731,0,,HU,25.5N,72.1W,80,,,,,,,,,,,,,
AL,UNNAMED,1867,2,28,18670731,600,,HU,26.7N,73.4W,80,,,,,,,,,,,,,
AL,UNNAMED,1867,2,28,18670731,1200,,HU,27.7N,74.3W,80,,,,,,,,,,,,,
AL,UNNAMED,1867,2,28,18670731,1800,,HU,28.4N,75.0W,80,,,,,,,,,,,,,
AL,UNNAMED,1867,2,28,18670801,0,,HU,29.4N,75.8W,80,,,,,,,,,,,,,
AL,UNNAMED,1867,2,28,18670801,600,,HU,30.7N,76.3W,80,,,,,,,,,,,,,
AL,UNNAMED,1867,2,28,18670801,1200,,HU,32.0N,76.5W,90,,,,,,,,,,,,,
AL,UNNAMED,1867,2,28,18670801,1800,,HU,33.3N,76.0W,90,,,,,,,,,,,,,
AL,UNNAMED,1867,2,28,18670802,0,,HU,34.7N,75.1W,80,,,,,,,,,,,,,
AL,UNNAMED,1867,2,28,18670802,600,,HU,36.0N,74.3W,80,,,,,,,,,,,,,
AL,UNNAMED,1867,2,28,18670802,1200,,HU,37.5N,73.5W,80,969,,,,,,,,,,,,
AL,UNNAMED,1867,2,28,18670802,1800,,HU,39.5N,71.6W,80,,,,,,,,,,,,,
AL,UNNAMED,1867,2,28,18670803,0,,HU,41.4N,68.1W,80,,,,,,,,,,,,,
AL,UNNAMED,1867,2,28,18670803,600,,HU,43.2N,62.7W,80,,,,,,,,,,,,,
AL,UNNAMED,1867,2,28,18670803,1200,,HU,44.0N,58.0W,70,,,,,,,,,,,,,
AL,UNNAMED,1867,2,28,18670803,1800,,HU,44.5N,54.7W,70,,,,,,,,,,,,,
AL,UNNAMED,1867,3,1,18670802,1200,,HU,14.0N,77.0W,90,,,,,,,,,,,,,
AL,UNNAMED,1867,4,16,18670831,0,,HU,30.8N,71.6W,70,,,,,,,,,,,,,
AL,UNNAMED,1867,4,16,18670831,600,,HU,31.6N,71.6W,70,,,,,,,,,,,,,
AL,UNNAMED,1867,4,16,18670831,1200,,HU,32.4N,71.6W,70,,,,,,,,,,,,,
AL,UNNAMED,1867,4,16,18670831,1800,,HU,33.2N,71.5W,70,,,,,,,,,,,,,
AL,UNNAMED,1867,4,16,18670901,0,,HU,34.0N,71.3W,70,,,,,,,,,,,,,
AL,UNNAMED,1867,4,16,18670901,600,,HU,35.0N,71.1W,70,,,,,,,,,,,,,
AL,UNNAMED,1867,4,16,18670901,1200,,HU,35.9N,71.0W,70,,,,,,,,,,,,,
AL,UNNAMED,1867,4,16,18670901,1800,,HU,36.8N,70.6W,70,,,,,,,,,,,,,
AL,UNNAMED,1867,4,16,18670902,0,,TS,37.8N,70.3W,60,,,,,,,,,,,,,
AL,UNNAMED,1867,4,16,18670902,600,,TS,38.7N,70.0W,60,,,,,,,,,,,,,
AL,UNNAMED,1867,4,16,18670902,1200,,TS,39.7N,69.5W,60,,,,,,,,,,,,,
AL,UNNAMED,1867,4,16,18670902,1800,,TS,40.7N,68.6W,60,,,,,,,,,,,,,
AL,UNNAMED,1867,4,16,18670903,0,,TS,41.5N,67.3W,60,,,,,,,,,,,,,
AL,UNNAMED,1867,4,16,18670903,600,,TS,42.2N,65.8W,60,,,,,,,,,,,,,
AL,UNNAMED,1867,4,16,18670903,1200,,TS,42.7N,64.3W,60,,,,,,,,,,,,,
AL,UNNAMED,1867,4,16,18670903,1800,,TS,43.2N,62.2W,60,,,,,,,,,,,,,
AL,UNNAMED,1867,5,1,18670908,1200,,TS,17.0N,58.0W,50,,,,,,,,,,,,,
AL,UNNAMED,1867,6,10,18670929,0,,HU,30.1N,73.6W,70,,,,,,,,,,,,,
AL,UNNAMED,1867,6,10,18670929,600,,HU,30.8N,73.6W,70,,,,,,,,,,,,,
AL,UNNAMED,1867,6,10,18670929,1200,,HU,31.5N,73.8W,70,,,,,,,,,,,,,
AL,UNNAMED,1867,6,10,18670929,1800,,HU,32.2N,73.9W,70,,,,,,,,,,,,,
AL,UNNAMED,1867,6,10,18670930,0,,HU,33.2N,73.9W,80,,,,,,,,,,,,,
AL,UNNAMED,1867,6,10,18670930,600,,HU,34.0N,73.9W,80,,,,,,,,,,,,,
AL,UNNAMED,1867,6,10,18670930,1200,,HU,35.0N,73.6W,90,,,,,,,,,,,,,
AL,UNNAMED,1867,6,10,18670930,1800,,HU,36.0N,73.0W,90,,,,,,,,,,,,,
AL,UNNAMED,1867,6,10,18671001,0,,HU,37.0N,72.1W,80,,,,,,,,,,,,,
AL,UNNAMED,1867,6,10,18671001,600,,HU,38.0N,71.0W,70,,,,,,,,,,,,,
AL,UNNAMED,1867,7,34,18671002,0,,HU,23.5N,96.5W,90,,,,,,,,,,,,,
AL,UNNAMED,1867,7,34,18671002,600,,HU,24.2N,96.8W,90,,,,,,,,,,,,,
AL,UNNAMED,1867,7,34,18671002,1200,,HU,25.0N,97.0W,90,,,,,,,,,,,,,
AL,UNNAMED,1867,7,34,18671002,1800,,HU,25.9N,97.1W,90,,,,,,,,,,,,,
AL,UNNAMED,1867,7,34,18671003,0,,HU,26.7N,96.8W,90,,,,,,,,,,,,,
AL,UNNAMED,1867,7,34,18671003,600,,HU,27.3N,96.3W,90,,,,,,,,,,,,,
AL,UNNAMED,1867,7,34,18671003,1200,,HU,27.9N,95.6W,90,,,,,,,,,,,,,
AL,UNNAMED,1867,7,34,18671003,1800,,HU,28.6N,94.6W,90,,,,,,,,,,,,,
AL,UNNAMED,1867,7,34,18671004,0,,HU,29.0N,93.6W,90,,,,,,,,,,,,,
AL,UNNAMED,1867,7,34,18671004,600,,HU,29.1N,92.5W,90,,,,,,,,,,,,,
AL,UNNAMED,1867,7,34,18671004,1200,,HU,29.1N,91.5W,90,,,,,,,,,,,,,
AL,UNNAMED,1867,7,34,18671004,1500,L,HU,29.2N,91.0W,90,,,,,,,,,,,,,
AL,UNNAMED,1867,7,34,18671004,1800,,HU,29.2N,90.6W,90,,,,,,,,,,,,,
AL,UNNAMED,1867,7,34,18671005,0,,HU,29.2N,89.6W,90,,,,,,,,,,,,,
AL,UNNAMED,1867,7,34,18671005,600,,HU,29.2N,88.8W,90,,,,,,,,,,,,,
AL,UNNAMED,1867,7,34,18671005,1200,,HU,29.3N,87.8W,80,,,,,,,,,,,,,
AL,UNNAMED,1867,7,34,18671005,1800,,HU,29.3N,86.8W,80,,,,,,,,,,,,,
AL,UNNAMED,1867,7,34,18671006,0,,HU,29.4N,85.8W,80,,,,,,,,,,,,,
AL,UNNAMED,1867,7,34,18671006,600,,HU,29.4N,84.8W,80,,,,,,,,,,,,,
AL,UNNAMED,1867,7,34,18671006,1200,,HU,29.5N,84.0W,70,,,,,,,,,,,,,
AL,UNNAMED,1867,7,34,18671006,1500,L,HU,29.6N,83.4W,70,,,,,,,,,,,,,
AL,UNNAMED,1867,7,34,18671006,1800,,TS,29.6N,83.1W,60,,,,,,,,,,,,,
AL,UNNAMED,1867,7,34,18671007,0,,TS,29.8N,82.5W,50,,,,,,,,,,,,,
AL,UNNAMED,1867,7,34,18671007,600,,TS,30.1N,81.8W,40,,,,,,,,,,,,,
AL,UNNAMED,1867,7,34,18671007,1200,,TS,30.5N,81.0W,40,,,,,,,,,,,,,
AL,UNNAMED,1867,7,34,18671007,1800,,TS,31.0N,80.0W,40,,,,,,,,,,,,,
AL,UNNAMED,1867,7,34,18671008,0,,TS,31.6N,78.9W,50,,,,,,,,,,,,,
AL,UNNAMED,1867,7,34,18671008,600,,TS,32.3N,77.6W,50,,,,,,,,,,,,,
AL,UNNAMED,1867,7,34,18671008,1200,,TS,33.0N,76.5W,50,,,,,,,,,,,,,
AL,UNNAMED,1867,7,34,18671008,1800,,TS,33.5N,75.5W,50,,,,,,,,,,,,,
AL,UNNAMED,1867,7,34,18671009,0,,TS,33.9N,74.6W,50,,,,,,,,,,,,,
AL,UNNAMED,1867,7,34,18671009,600,,TS,34.2N,74.0W,50,,,,,,,,,,,,,
AL,UNNAMED,1867,7,34,18671009,1200,,TS,34.5N,73.5W,50,,,,,,,,,,,,,
AL,UNNAMED,1867,7,34,18671009,1800,,TS,34.7N,73.1W,50,,,,,,,,,,,,,
AL,UNNAMED,1867,8,1,18671009,1200,,TS,17.5N,62.8W,40,,,,,,,,,,,,,
AL,UNNAMED,1867,9,17,18671027,0,,TS,19.0N,50.5W,40,,,,,,,,,,,,,
AL,UNNAMED,1867,9,17,18671027,600,,TS,19.0N,51.5W,40,,,,,,,,,,,,,
AL,UNNAMED,1867,9,17,18671027,1200,,TS,19.0N,52.6W,50,,,,,,,,,,,,,
AL,UNNAMED,1867,9,17,18671027,1800,,TS,19.0N,53.7W,50,,,,,,,,,,,,,
AL,UNNAMED,1867,9,17,18671028,0,,TS,19.0N,55.0W,60,,,,,,,,,,,,,
AL,UNNAMED,1867,9,17,18671028,600,,TS,19.0N,56.3W,60,,,,,,,,,,,,,
AL,UNNAMED,1867,9,17,18671028,1200,,HU,19.0N,57.7W,70,,,,,,,,,,,,,
AL,UNNAMED,1867,9,17,18671028,1800,,HU,19.0N,59.2W,80,,,,,,,,,,,,,
AL,UNNAMED,1867,9,17,18671029,0,,HU,19.0N,60.7W,90,,,,,,,,,,,,,
AL,UNNAMED,1867,9,17,18671029,600,,HU,18.9N,62.0W,100,,,,,,,,,,,,,
AL,UNNAMED,1867,9,17,18671029,1200,,HU,18.6N,63.3W,110,,,,,,,,,,,,,
AL,UNNAMED,1867,9,17,18671029,1800,,HU,18.4N,64.8W,100,952,,,,,,,,,,,,
AL,UNNAMED,1867,9,17,18671030,0,,HU,18.3N,66.5W,80,,,,,,,,,,,,,
AL,UNNAMED,1867,9,17,18671030,600,,HU,18.2N,68.1W,70,,,,,,,,,,,,,
AL,UNNAMED,1867,9,17,18671030,1200,,HU,18.2N,69.6W,80,,,,,,,,,,,,,
AL,UNNAMED,1867,9,17,18671030,1800,,TS,18.4N,71.5W,60,,,,,,,,,,,,,
AL,UNNAMED,1867,9,17,18671031,0,,TS,18.6N,73.5W,40,,,,,,,,,,,,,
AL,UNNAMED,1868,1,18,18680903,0,,HU,27.4N,69.0W,70,,,,,,,,,,,,,
AL,UNNAMED,1868,1,18,18680903,600,,HU,28.2N,69.0W,70,,,,,,,,,,,,,
AL,UNNAMED,1868,1,18,18680903,1200,,HU,29.0N,69.0W,70,,,,,,,,,,,,,
AL,UNNAMED,1868,1,18,18680903,1800,,HU,29.8N,68.9W,70,,,,,,,,,,,,,
AL,UNNAMED,1868,1,18,18680904,0,,HU,30.7N,68.8W,70,,,,,,,,,,,,,
AL,UNNAMED,1868,1,18,18680904,600,,HU,31.8N,68.6W,70,,,,,,,,,,,,,
AL,UNNAMED,1868,1,18,18680904,1200,,HU,32.8N,68.5W,70,,,,,,,,,,,,,
AL,UNNAMED,1868,1,18,18680904,1800,,HU,33.8N,68.3W,70,,,,,,,,,,,,,
AL,UNNAMED,1868,1,18,18680905,0,,HU,34.9N,67.9W,80,,,,,,,,,,,,,
AL,UNNAMED,1868,1,18,18680905,600,,HU,36.0N,67.5W,80,,,,,,,,,,,,,
AL,UNNAMED,1868,1,18,18680905,1200,,HU,37.0N,66.9W,80,,,,,,,,,,,,,
AL,UNNAMED,1868,1,18,18680905,1800,,HU,38.0N,66.1W,80,,,,,,,,,,,,,
AL,UNNAMED,1868,1,18,18680906,0,,HU,39.2N,65.0W,90,,,,,,,,,,,,,
AL,UNNAMED,1868,1,18,18680906,600,,HU,40.7N,63.3W,90,,,,,,,,,,,,,
AL,UNNAMED,1868,1,18,18680906,1200,,HU,42.3N,61.0W,90,,,,,,,,,,,,,
AL,UNNAMED,1868,1,18,18680906,1800,,HU,43.5N,58.0W,90,,,,,,,,,,,,,
AL,UNNAMED,1868,1,18,18680907,0,,HU,44.5N,54.5W,80,,,,,,,,,,,,,
AL,UNNAMED,1868,1,18,18680907,600,,HU,45.5N,51.0W,80,,,,,,,,,,,,,
AL,UNNAMED,1868,2,29,18681001,0,,TS,25.2N,94.6W,40,,,,,,,,,,,,,
AL,UNNAMED,1868,2,29,18681001,600,,TS,25.7N,94.4W,40,,,,,,,,,,,,,
AL,UNNAMED,1868,2,29,18681001,1200,,TS,26.1N,94.1W,40,,,,,,,,,,,,,
AL,UNNAMED,1868,2,29,18681001,1800,,TS,26.4N,93.8W,40,,,,,,,,,,,,,
AL,UNNAMED,1868,2,29,18681002,0,,TS,26.7N,93.5W,50,,,,,,,,,,,,,
AL,UNNAMED,1868,2,29,18681002,600,,TS,26.9N,93.3W,50,,,,,,,,,,,,,
AL,UNNAMED,1868,2,29,18681002,1200,,TS,27.1N,93.0W,60,,,,,,,,,,,,,
AL,UNNAMED,1868,2,29,18681002,1800,,TS,27.5N,92.6W,60,,,,,,,,,,,,,
AL,UNNAMED,1868,2,29,18681003,0,,TS,27.8N,92.1W,60,,,,,,,,,,,,,
AL,UNNAMED,1868,2,29,18681003,600,,TS,28.0N,91.6W,60,,,,,,,,,,,,,
AL,UNNAMED,1868,2,29,18681003,1200,,TS,28.2N,91.0W,60,,,,,,,,,,,,,
AL,UNNAMED,1868,2,29,18681003,1800,,TS,28.6N,90.4W,60,,,,,,,,,,,,,
AL,UNNAMED,1868,2,29,18681004,0,,TS,28.9N,89.4W,60,,,,,,,,,,,,,
AL,UNNAMED,1868,2,29,18681004,600,,TS,29.2N,88.3W,60,,,,,,,,,,,,,
AL,UNNAMED,1868,2,29,18681004,1200,,TS,29.5N,87.0W,60,,,,,,,,,,,,,
AL,UNNAMED,1868,2,29,18681004,1600,L,TS,29.9N,85.4W,60,,,,,,,,,,,,,
AL,UNNAMED,1868,2,29,18681004,1800,,TS,30.2N,84.6W,50,,,,,,,,,,,,,
AL,UNNAMED,1868,2,29,18681005,0,,TS,31.0N,82.3W,40,,,,,,,,,,,,,
AL,UNNAMED,1868,2,29,18681005,600,,TS,32.2N,79.6W,40,,,,,,,,,,,,,
AL,UNNAMED,1868,2,29,18681005,1200,,TS,33.3N,77.6W,50,,,,,,,,,,,,,
AL,UNNAMED,1868,2,29,18681005,1800,,TS,34.9N,74.9W,50,,,,,,,,,,,,,
AL,UNNAMED,1868,2,29,18681006,0,,TS,36.5N,72.3W,60,,,,,,,,,,,,,
AL,UNNAMED,1868,2,29,18681006,600,,TS,38.0N,70.1W,60,,,,,,,,,,,,,
AL,UNNAMED,1868,2,29,18681006,1200,,EX,39.5N,67.8W,60,,,,,,,,,,,,,
AL,UNNAMED,1868,2,29,18681006,1800,,EX,40.8N,65.3W,60,,,,,,,,,,,,,
AL,UNNAMED,1868,2,29,18681007,0,,EX,42.3N,62.4W,60,,,,,,,,,,,,,
AL,UNNAMED,1868,2,29,18681007,600,,EX,43.3N,59.8W,60,,,,,,,,,,,,,
AL,UNNAMED,1868,2,29,18681007,1200,,EX,44.0N,57.5W,70,,,,,,,,,,,,,
AL,UNNAMED,1868,2,29,18681007,1800,,EX,44.5N,55.5W,70,,,,,,,,,,,,,
AL,UNNAMED,1868,3,12,18681005,0,,HU,17.0N,80.6W,90,,,,,,,,,,,,,
AL,UNNAMED,1868,3,12,18681005,600,,HU,17.1N,81.0W,90,,,,,,,,,,,,,
AL,UNNAMED,1868,3,12,18681005,1200,,HU,17.2N,81.3W,90,,,,,,,,,,,,,
AL,UNNAMED,1868,3,12,18681005,1800,,HU,17.5N,81.6W,90,,,,,,,,,,,,,
AL,UNNAMED,1868,3,12,18681006,0,,HU,17.7N,82.1W,90,,,,,,,,,,,,,
AL,UNNAMED,1868,3,12,18681006,600,,HU,18.1N,82.6W,90,,,,,,,,,,,,,
AL,UNNAMED,1868,3,12,18681006,1200,,HU,18.2N,83.1W,90,,,,,,,,,,,,,
AL,UNNAMED,1868,3,12,18681006,1800,,HU,18.6N,83.8W,90,,,,,,,,,,,,,
AL,UNNAMED,1868,3,12,18681007,0,,HU,18.7N,84.1W,90,,,,,,,,,,,,,
AL,UNNAMED,1868,3,12,18681007,600,,HU,19.2N,84.8W,90,,,,,,,,,,,,,
AL,UNNAMED,1868,3,12,18681007,1200,,HU,19.5N,85.4W,90,,,,,,,,,,,,,
AL,UNNAMED,1868,3,12,18681007,1800,,HU,19.7N,86.1W,90,,,,,,,,,,,,,
AL,UNNAMED,1868,4,12,18681015,0,,HU,26.1N,73.3W,70,,,,,,,,,,,,,
AL,UNNAMED,1868,4,12,18681015,600,,HU,26.9N,73.1W,70,,,,,,,,,,,,,
AL,UNNAMED,1868,4,12,18681015,1200,,HU,27.7N,73.0W,70,,,,,,,,,,,,,
AL,UNNAMED,1868,4,12,18681015,1800,,HU,28.5N,72.9W,70,,,,,,,,,,,,,
AL,UNNAMED,1868,4,12,18681016,0,,HU,29.5N,72.6W,80,,,,,,,,,,,,,
AL,UNNAMED,1868,4,12,18681016,600,,HU,30.4N,72.3W,80,,,,,,,,,,,,,
AL,UNNAMED,1868,4,12,18681016,1200,,HU,31.4N,72.0W,80,,,,,,,,,,,,,
AL,UNNAMED,1868,4,12,18681016,1800,,HU,32.5N,71.3W,80,,,,,,,,,,,,,
AL,UNNAMED,1868,4,12,18681017,0,,HU,33.5N,70.6W,90,,,,,,,,,,,,,
AL,UNNAMED,1868,4,12,18681017,600,,HU,34.7N,69.8W,90,,,,,,,,,,,,,
AL,UNNAMED,1868,4,12,18681017,1200,,HU,36.0N,69.0W,90,,,,,,,,,,,,,
AL,UNNAMED,1868,4,12,18681017,1800,,HU,37.5N,68.0W,90,,,,,,,,,,,,,
AL,UNNAMED,1869,1,4,18690812,0,,HU,40.5N,47.5W,90,,,,,,,,,,,,,
AL,UNNAMED,1869,1,4,18690812,600,,HU,41.5N,46.8W,90,,,,,,,,,,,,,
AL,UNNAMED,1869,1,4,18690812,1200,,HU,42.5N,46.0W,90,,,,,,,,,,,,,
AL,UNNAMED,1869,1,4,18690812,1800,,HU,43.5N,45.0W,90,,,,,,,,,,,,,
AL,UNNAMED,1869,2,9,18690816,0,,HU,27.0N,91.6W,90,,,,,,,,,,,,,
AL,UNNAMED,1869,2,9,18690816,600,,HU,27.2N,92.6W,90,,,,,,,,,,,,,
AL,UNNAMED,1869,2,9,18690816,1200,,HU,27.4N,93.6W,90,,,,,,,,,,,,,
AL,UNNAMED,1869,2,9,18690816,1800,,HU,27.7N,94.6W,90,,,,,,,,,,,,,
AL,UNNAMED,1869,2,9,18690817,0,,HU,27.9N,95.6W,90,,,,,,,,,,,,,
AL,UNNAMED,1869,2,9,18690817,600,,HU,28.1N,96.6W,90,,,,,,,,,,,,,
AL,UNNAMED,1869,2,9,18690817,700,L,HU,28.1N,96.8W,90,,,,,,,,,,,,,
AL,UNNAMED,1869,2,9,18690817,1200,,TS,28.2N,97.6W,60,,,,,,,,,,,,,
AL,UNNAMED,1869,2,9,18690817,1800,,TS,28.3N,98.8W,40,,,,,,,,,,,,,
AL,UNNAMED,1869,3,4,18690827,0,,HU,32.7N,46.7W,70,,,,,,,,,,,,,
AL,UNNAMED,1869,3,4,18690827,600,,HU,33.4N,46.8W,70,,,,,,,,,,,,,
AL,UNNAMED,1869,3,4,18690827,1200,,HU,34.2N,47.0W,70,,,,,,,,,,,,,
AL,UNNAMED,1869,3,4,18690827,1800,,HU,35.4N,47.4W,70,,,,,,,,,,,,,
AL,UNNAMED,1869,4,8,18690901,0,,TS,28.0N,73.0W,50,,,,,,,,,,,,,
AL,UNNAMED,1869,4,8,18690901,600,,TS,28.5N,72.0W,50,,,,,,,,,,,,,
AL,UNNAMED,1869,4,8,18690901,1200,,TS,29.0N,71.0W,50,,,,,,,,,,,,,
AL,UNNAMED,1869,4,8,18690901,1800,,TS,29.6N,70.0W,50,,,,,,,,,,,,,
AL,UNNAMED,1869,4,8,18690902,0,,TS,30.3N,69.0W,60,,,,,,,,,,,,,
AL,UNNAMED,1869,4,8,18690902,600,,TS,31.0N,68.0W,60,,,,,,,,,,,,,
AL,UNNAMED,1869,4,8,18690902,1200,,TS,32.0N,67.0W,60,,,,,,,,,,,,,
AL,UNNAMED,1869,4,8,18690902,1800,,TS,33.0N,66.0W,60,,,,,,,,,,,,,
AL,UNNAMED,1869,5,9,18690904,0,,HU,26.2N,88.4W,70,,,,,,,,,,,,,
AL,UNNAMED,1869,5,9,18690904,600,,HU,26.7N,88.6W,70,,,,,,,,,,,,,
AL,UNNAMED,1869,5,9,18690904,1200,,HU,27.2N,88.8W,70,,,,,,,,,,,,,
AL,UNNAMED,1869,5,9,18690904,1800,,HU,27.8N,89.1W,70,,,,,,,,,,,,,
AL,UNNAMED,1869,5,9,18690905,0,,HU,28.3N,89.5W,70,,,,,,,,,,,,,
AL,UNNAMED,1869,5,9,18690905,600,,HU,28.7N,89.6W,70,,,,,,,,,,,,,
AL,UNNAMED,1869,5,9,18690905,1200,L,HU,29.2N,90.0W,70,,,,,,,,,,,,,
AL,UNNAMED,1869,5,9,18690905,1800,,TS,29.7N,90.3W,50,,,,,,,,,,,,,
AL,UNNAMED,1869,5,9,18690906,0,,TS,30.2N,90.6W,40,,,,,,,,,,,,,
AL,UNNAMED,1869,6,12,18690907,0,,HU,27.0N,74.5W,90,,,,,,,,,,,,,
AL,UNNAMED,1869,6,12,18690907,600,,HU,28.0N,74.5W,90,,,,,,,,,,,,,
AL,UNNAMED,1869,6,12,18690907,1200,,HU,29.0N,74.4W,90,,,,,,,,,,,,,
AL,UNNAMED,1869,6,12,18690907,1800,,HU,30.1N,74.1W,90,,,,,,,,,,,,,
AL,UNNAMED,1869,6,12,18690908,0,,HU,31.3N,74.0W,100,,,,,,,,,,,,,
AL,UNNAMED,1869,6,12,18690908,600,,HU,32.5N,73.6W,100,,,,,,,,,,,,,
AL,UNNAMED,1869,6,12,18690908,1200,,HU,35.0N,73.3W,100,,,,,,,,,,,,,
AL,UNNAMED,1869,6,12,18690908,1800,,HU,38.8N,72.6W,100,950,,,,,,,,,,,,
AL,UNNAMED,1869,6,12,18690908,2100,L,HU,41.0N,71.9W,100,963,,,,,,,,,,,,
AL,UNNAMED,1869,6,12,18690908,2200,L,HU,41.4N,71.7W,100,965,,,,,,,,,,,,
AL,UNNAMED,1869,6,12,18690909,0,,HU,42.8N,71.1W,80,973,,,,,,,,,,,,
AL,UNNAMED,1869,6,12,18690909,600,,TS,47.0N,69.0W,50,,,,,,,,,,,,,
AL,UNNAMED,1869,7,32,18690911,0,,HU,11.2N,38.7W,70,,,,,,,,,,,,,
AL,UNNAMED,1869,7,32,18690911,600,,HU,11.6N,39.7W,70,,,,,,,,,,,,,
AL,UNNAMED,1869,7,32,18690911,1200,,HU,12.0N,40.7W,70,,,,,,,,,,,,,
AL,UNNAMED,1869,7,32,18690911,1800,,HU,12.3N,41.7W,70,,,,,,,,,,,,,
AL,UNNAMED,1869,7,32,18690912,0,,HU,12.8N,43.0W,80,,,,,,,,,,,,,
AL,UNNAMED,1869,7,32,18690912,600,,HU,13.2N,44.2W,80,,,,,,,,,,,,,
AL,UNNAMED,1869,7,32,18690912,1200,,HU,13.6N,45.5W,90,,,,,,,,,,,,,
AL,UNNAMED,1869,7,32,18690912,1800,,HU,14.0N,46.4W,90,,,,,,,,,,,,,
AL,UNNAMED,1869,7,32,18690913,0,,HU,14.5N,47.5W,90,,,,,,,,,,,,,
AL,UNNAMED,1869,7,32,18690913,600,,HU,15.0N,48.4W,90,,,,,,,,,,,,,
AL,UNNAMED,1869,7,32,18690913,1200,,HU,15.5N,49.7W,90,,,,,,,,,,,,,
AL,UNNAMED,1869,7,32,18690913,1800,,HU,16.0N,50.7W,90,,,,,,,,,,,,,
AL,UNNAMED,1869,7,32,18690914,0,,HU,16.7N,52.2W,90,,,,,,,,,,,,,
AL,UNNAMED,1869,7,32,18690914,600,,HU,17.2N,53.5W,90,,,,,,,,,,,,,
AL,UNNAMED,1869,7,32,18690914,1200,,HU,17.7N,54.8W,90,,,,,,,,,,,,,
AL,UNNAMED,1869,7,32,18690914,1800,,HU,18.7N,55.8W,90,,,,,,,,,,,,,
AL,UNNAMED,1869,7,32,18690915,0,,HU,19.7N,56.7W,90,,,,,,,,,,,,,
AL,UNNAMED,1869,7,32,18690915,600,,HU,21.1N,57.4W,90,,,,,,,,,,,,,
AL,UNNAMED,1869,7,32,18690915,1200,,HU,22.2N,58.0W,90,,,,,,,,,,,,,
AL,UNNAMED,1869,7,32,18690915,1800,,HU,23.7N,58.6W,80,979,,,,,,,,,,,,
AL,UNNAMED,1869,7,32,18690916,0,,HU,25.2N,58.6W,80,,,,,,,,,,,,,
AL,UNNAMED,1869,7,32,18690916,600,,HU,26.9N,58.6W,80,,,,,,,,,,,,,
AL,UNNAMED,1869,7,32,18690916,1200,,HU,28.8N,58.1W,80,,,,,,,,,,,,,
AL,UNNAMED,1869,7,32,18690916,1800,,HU,30.0N,57.6W,80,,,,,,,,,,,,,
AL,UNNAMED,1869,7,32,18690917,0,,HU,31.2N,56.7W,80,,,,,,,,,,,,,
AL,UNNAMED,1869,7,32,18690917,600,,HU,32.5N,55.7W,80,,,,,,,,,,,,,
AL,UNNAMED,1869,7,32,18690917,1200,,HU,33.5N,54.7W,70,,,,,,,,,,,,,
AL,UNNAMED,1869,7,32,18690917,1800,,HU,34.5N,53.7W,70,,,,,,,,,,,,,
AL,UNNAMED,1869,7,32,18690918,0,,HU,35.5N,52.5W,70,,,,,,,,,,,,,
AL,UNNAMED,1869,7,32,18690918,600,,HU,36.5N,51.5W,70,,,,,,,,,,,,,
AL,UNNAMED,1869,7,32,18690918,1200,,TS,37.5N,50.5W,60,,,,,,,,,,,,,
AL,UNNAMED,1869,7,32,18690918,1800,,TS,38.5N,49.0W,60,,,,,,,,,,,,,
AL,UNNAMED,1869,8,1,18690914,1200,,TS,16.0N,43.0W,60,,,,,,,,,,,,,
AL,UNNAMED,1869,9,1,18691001,1200,,TS,17.0N,67.5W,50,,,,,,,,,,,,,
AL,UNNAMED,1869,10,10,18691004,0,,HU,31.5N,75.5W,90,,,,,,,,,,,,,
AL,UNNAMED,1869,10,10,18691004,600,,HU,34.5N,73.0W,90,,,,,,,,,,,,,
AL,UNNAMED,1869,10,10,18691004,1200,,HU,37.7N,71.5W,90,,,,,,,,,,,,,
AL,UNNAMED,1869,10,10,18691004,1800,,HU,40.7N,70.6W,90,,,,,,,,,,,,,
AL,UNNAMED,1869,10,10,18691004,1900,L,HU,41.3N,70.5W,90,,,,,,,,,,,,,
AL,UNNAMED,1869,10,10,18691004,2000,L,HU,41.7N,70.4W,90,,,,,,,,,,,,,
AL,UNNAMED,1869,10,10,18691004,2300,L,HU,43.7N,70.1W,90,,,,,,,,,,,,,
AL,UNNAMED,1869,10,10,18691005,0,,HU,44.0N,70.0W,80,,,,,,,,,,,,,
AL,UNNAMED,1869,10,10,18691005,600,,TS,46.5N,68.5W,60,,,,,,,,,,,,,
AL,UNNAMED,1869,10,10,18691005,1200,,TS,48.0N,65.5W,50,,,,,,,,,,,,,
AL,UNNAMED,1870,1,1,18700730,1800,,HU,30.5N,88.0W,70,,,,,,,,,,,,,
AL,UNNAMED,1870,2,24,18700830,0,,TS,21.7N,59.5W,50,,,,,,,,,,,,,
AL,UNNAMED,1870,2,24,18700830,600,,TS,22.4N,60.3W,50,,,,,,,,,,,,,
AL,UNNAMED,1870,2,24,18700830,1200,,TS,23.0N,61.0W,50,,,,,,,,,,,,,
AL,UNNAMED,1870,2,24,18700830,1800,,TS,23.7N,61.8W,50,,,,,,,,,,,,,
AL,UNNAMED,1870,2,24,18700831,0,,TS,24.4N,62.6W,60,,,,,,,,,,,,,
AL,UNNAMED,1870,2,24,18700831,600,,TS,25.2N,63.3W,60,,,,,,,,,,,,,
AL,UNNAMED,1870,2,24,18700831,1200,,HU,25.9N,64.1W,70,,,,,,,,,,,,,
AL,UNNAMED,1870,2,24,18700831,1800,,HU,26.8N,65.1W,70,,,,,,,,,,,,,
AL,UNNAMED,1870,2,24,18700901,0,,HU,27.7N,66.1W,80,,,,,,,,,,,,,
AL,UNNAMED,1870,2,24,18700901,600,,HU,28.6N,67.1W,80,,,,,,,,,,,,,
AL,UNNAMED,1870,2,24,18700901,1200,,HU,29.3N,68.0W,80,,,,,,,,,,,,,
AL,UNNAMED,1870,2,24,18700901,1800,,HU,30.1N,68.6W,80,,,,,,,,,,,,,
AL,UNNAMED,1870,2,24,18700902,0,,HU,31.1N,69.5W,90,,,,,,,,,,,,,
AL,UNNAMED,1870,2,24,18700902,600,,HU,32.0N,70.1W,90,,,,,,,,,,,,,
AL,UNNAMED,1870,2,24,18700902,1200,,HU,33.0N,71.0W,90,,,,,,,,,,,,,
AL,UNNAMED,1870,2,24,18700902,1800,,HU,34.0N,71.5W,90,,,,,,,,,,,,,
AL,UNNAMED,1870,2,24,18700903,0,,HU,35.4N,71.6W,90,,,,,,,,,,,,,
AL,UNNAMED,1870,2,24,18700903,600,,HU,37.0N,71.3W,90,,,,,,,,,,,,,
AL,UNNAMED,1870,2,24,18700903,1200,,HU,38.7N,70.8W,80,,,,,,,,,,,,,
AL,UNNAMED,1870,2,24,18700903,1800,,HU,40.5N,68.8W,80,,,,,,,,,,,,,
AL,UNNAMED,1870,2,24,18700904,0,,HU,42.5N,66.3W,80,,,,,,,,,,,,,
AL,UNNAMED,1870,2,24,18700904,600,,HU,44.0N,63.3W,80,,,,,,,,,,,,,
AL,UNNAMED,1870,2,24,18700904,1200,,HU,45.4N,59.6W,70,,,,,,,,,,,,,
AL,UNNAMED,1870,2,24,18700904,1800,,HU,46.3N,55.5W,70,,,,,,,,,,,,,
AL,UNNAMED,1870,3,16,18700901,0,,TS,16.0N,27.6W,50,,,,,,,,,,,,,
AL,UNNAMED,1870,3,16,18700901,600,,TS,16.2N,29.0W,50,,,,,,,,,,,,,
AL,UNNAMED,1870,3,16,18700901,1200,,TS,16.4N,30.4W,60,,,,,,,,,,,,,
AL,UNNAMED,1870,3,16,18700901,1800,,TS,16.6N,32.0W,60,,,,,,,,,,,,,
AL,UNNAMED,1870,3,16,18700902,0,,TS,16.7N,34.0W,60,,,,,,,,,,,,,
AL,UNNAMED,1870,3,16,18700902,600,,TS,17.1N,36.0W,60,,,,,,,,,,,,,
AL,UNNAMED,1870,3,16,18700902,1200,,TS,17.2N,38.0W,60,,,,,,,,,,,,,
AL,UNNAMED,1870,3,16,18700902,1800,,TS,17.5N,39.8W,60,,,,,,,,,,,,,
AL,UNNAMED,1870,3,16,18700903,0,,TS,17.7N,41.7W,50,,,,,,,,,,,,,
AL,UNNAMED,1870,3,16,18700903,600,,TS,18.0N,43.7W,50,,,,,,,,,,,,,
AL,UNNAMED,1870,3,16,18700903,1200,,TS,18.2N,45.7W,50,,,,,,,,,,,,,
AL,UNNAMED,1870,3,16,18700903,1800,,TS,18.4N,47.3W,50,,,,,,,,,,,,,
AL,UNNAMED,1870,3,16,18700904,0,,TS,18.7N,49.0W,40,,,,,,,,,,,,,
AL,UNNAMED,1870,3,16,18700904,600,,TS,19.0N,50.9W,40,,,,,,,,,,,,,
AL,UNNAMED,1870,3,16,18700904,1200,,TS,19.2N,53.0W,40,1004,,,,,,,,,,,,
AL,UNNAMED,1870,3,16,18700904,1800,,TS,19.7N,55.0W,40,,,,,,,,,,,,,
AL,UNNAMED,1870,4,20,18700909,0,,HU,24.2N,64.0W,70,,,,,,,,,,,,,
AL,UNNAMED,1870,4,20,18700909,600,,HU,25.1N,64.4W,70,,,,,,,,,,,,,
AL,UNNAMED,1870,4,20,18700909,1200,,HU,26.0N,65.0W,80,,,,,,,,,,,,,
AL,UNNAMED,1870,4,20,18700909,1800,,HU,27.1N,65.6W,80,,,,,,,,,,,,,
AL,UNNAMED,1870,4,20,18700910,0,,HU,28.7N,66.3W,90,,,,,,,,,,,,,
AL,UNNAMED,1870,4,20,18700910,600,,HU,30.5N,66.6W,90,,,,,,,,,,,,,
AL,UNNAMED,1870,4,20,18700910,1200,,HU,32.5N,66.3W,100,,,,,,,,,,,,,
AL,UNNAMED,1870,4,20,18700910,1800,,HU,33.9N,65.4W,100,,,,,,,,,,,,,
AL,UNNAMED,1870,4,20,18700911,0,,HU,35.4N,64.1W,110,,,,,,,,,,,,,
AL,UNNAMED,1870,4,20,18700911,600,,HU,36.8N,62.6W,110,,,,,,,,,,,,,
AL,UNNAMED,1870,4,20,18700911,1200,,HU,38.0N,61.2W,110,,,,,,,,,,,,,
AL,UNNAMED,1870,4,20,18700911,1800,,HU,39.7N,59.4W,110,,,,,,,,,,,,,
AL,UNNAMED,1870,4,20,18700912,0,,HU,41.5N,57.4W,100,948,,,,,,,,,,,,
AL,UNNAMED,1870,4,20,18700912,600,,HU,43.5N,55.4W,100,,,,,,,,,,,,,
AL,UNNAMED,1870,4,20,18700912,1200,,HU,45.0N,53.0W,90,,,,,,,,,,,,,
AL,UNNAMED,1870,4,20,18700912,1800,,HU,46.0N,51.0W,90,,,,,,,,,,,,,
AL,UNNAMED,1870,4,20,18700913,0,,EX,47.0N,48.2W,80,,,,,,,,,,,,,
AL,UNNAMED,1870,4,20,18700913,600,,EX,47.8N,45.0W,80,,,,,,,,,,,,,
AL,UNNAMED,1870,4,20,18700913,1200,,EX,48.4N,42.0W,70,,,,,,,,,,,,,
AL,UNNAMED,1870,4,20,18700913,1800,,EX,49.0N,39.0W,70,,,,,,,,,,,,,
AL,UNNAMED,1870,5,16,18700917,0,,HU,30.2N,68.1W,80,,,,,,,,,,,,,
AL,UNNAMED,1870,5,16,18700917,600,,HU,31.0N,68.6W,80,,,,,,,,,,,,,
AL,UNNAMED,1870,5,16,18700917,1200,,HU,31.9N,69.0W,80,,,,,,,,,,,,,
AL,UNNAMED,1870,5,16,18700917,1800,,HU,33.0N,69.5W,80,,,,,,,,,,,,,
AL,UNNAMED,1870,5,16,18700918,0,,HU,34.3N,69.8W,80,,,,,,,,,,,,,
AL,UNNAMED,1870,5,16,18700918,600,,HU,35.9N,69.5W,80,,,,,,,,,,,,,
AL,UNNAMED,1870,5,16,18700918,1200,,HU,37.3N,69.0W,80,,,,,,,,,,,,,
AL,UNNAMED,1870,5,16,18700918,1800,,HU,39.3N,67.1W,80,,,,,,,,,,,,,
AL,UNNAMED,1870,5,16,18700919,0,,HU,40.8N,64.1W,80,969,,,,,,,,,,,,
AL,UNNAMED,1870,5,16,18700919,600,,HU,41.8N,60.9W,80,,,,,,,,,,,,,
AL,UNNAMED,1870,5,16,18700919,1200,,HU,42.8N,57.4W,70,,,,,,,,,,,,,
AL,UNNAMED,1870,5,16,18700919,1800,,HU,44.5N,53.0W,70,,,,,,,,,,,,,
AL,UNNAMED,1870,5,16,18700920,0,,EX,47.0N,47.7W,70,,,,,,,,,,,,,
AL,UNNAMED,1870,5,16,18700920,600,,EX,49.5N,41.9W,70,,,,,,,,,,,,,
AL,UNNAMED,1870,5,16,18700920,1200,,EX,52.1N,37.0W,70,,,,,,,,,,,,,
AL,UNNAMED,1870,5,16,18700920,1800,,EX,55.0N,33.7W,70,,,,,,,,,,,,,
AL,UNNAMED,1870,6,40,18701005,0,,TS,17.5N,74.0W,40,,,,,,,,,,,,,
AL,UNNAMED,1870,6,40,18701005,600,,TS,18.1N,75.0W,40,,,,,,,,,,,,,
AL,UNNAMED,1870,6,40,18701005,1200,,TS,18.7N,76.0W,50,,,,,,,,,,,,,
AL,UNNAMED,1870,6,40,18701005,1800,,TS,19.1N,77.0W,50,,,,,,,,,,,,,
AL,UNNAMED,1870,6,40,18701006,0,,TS,19.5N,78.0W,60,,,,,,,,,,,,,
AL,UNNAMED,1870,6,40,18701006,600,,TS,20.0N,79.1W,60,,,,,,,,,,,,,
AL,UNNAMED,1870,6,40,18701006,1200,,HU,20.5N,80.0W,70,,,,,,,,,,,,,
AL,UNNAMED,1870,6,40,18701006,1800,,HU,21.0N,80.4W,70,,,,,,,,,,,,,
AL,UNNAMED,1870,6,40,18701007,0,,HU,21.4N,80.9W,80,,,,,,,,,,,,,
AL,UNNAMED,1870,6,40,18701007,600,,HU,21.7N,81.3W,90,,,,,,,,,,,,,
AL,UNNAMED,1870,6,40,18701007,1200,,HU,22.1N,81.6W,100,959,,,,,,,,,,,,
AL,UNNAMED,1870,6,40,18701007,1800,,HU,22.4N,81.9W,100,,,,,,,,,,,,,
AL,UNNAMED,1870,6,40,18701008,0,,HU,22.7N,82.1W,90,,,,,,,,,,,,,
AL,UNNAMED,1870,6,40,18701008,600,,HU,23.1N,82.1W,80,,,,,,,,,,,,,
AL,UNNAMED,1870,6,40,18701008,1200,,HU,23.4N,82.0W,90,,,,,,,,,,,,,
AL,UNNAMED,1870,6,40,18701008,1800,,HU,23.7N,81.9W,90,,,,,,,,,,,,,
AL,UNNAMED,1870,6,40,18701009,0,,HU,23.9N,81.8W,90,,,,,,,,,,,,,
AL,UNNAMED,1870,6,40,18701009,600,,HU,24.1N,81.6W,90,,,,,,,,,,,,,
AL,UNNAMED,1870,6,40,18701009,1200,,HU,24.2N,81.4W,90,,,,,,,,,,,,,
AL,UNNAMED,1870,6,40,18701009,1800,,HU,24.4N,81.1W,90,,,,,,,,,,,,,
AL,UNNAMED,1870,6,40,18701010,0,,HU,24.5N,81.0W,90,,,,,,,,,,,,,
AL,UNNAMED,1870,6,40,18701010,600,,HU,24.6N,80.8W,90,,,,,,,,,,,,,
AL,UNNAMED,1870,6,40,18701010,1200,,HU,24.7N,80.6W,90,,,,,,,,,,,,,
AL,UNNAMED,1870,6,40,18701010,1800,,HU,24.9N,80.3W,90,,,,,,,,,,,,,
AL,UNNAMED,1870,6,40,18701011,0,,HU,25.1N,80.0W,90,,,,,,,,,,,,,
AL,UNNAMED,1870,6,40,18701011,600,,HU,25.2N,79.8W,90,,,,,,,,,,,,,
AL,UNNAMED,1870,6,40,18701011,1200,,HU,25.5N,79.5W,90,,,,,,,,,,,,,
AL,UNNAMED,1870,6,40,18701011,1800,,HU,25.8N,79.0W,90,,,,,,,,,,,,,
AL,UNNAMED,1870,6,40,18701012,0,,HU,26.2N,78.6W,90,,,,,,,,,,,,,
AL,UNNAMED,1870,6,40,18701012,600,,HU,26.5N,78.1W,90,,,,,,,,,,,,,
AL,UNNAMED,1870,6,40,18701012,1200,,HU,26.8N,77.6W,80,,,,,,,,,,,,,
AL,UNNAMED,1870,6,40,18701012,1800,,HU,27.3N,77.0W,80,,,,,,,,,,,,,
AL,UNNAMED,1870,6,40,18701013,0,,HU,27.8N,76.3W,80,,,,,,,,,,,,,
AL,UNNAMED,1870,6,40,18701013,600,,HU,28.3N,75.6W,80,,,,,,,,,,,,,
AL,UNNAMED,1870,6,40,18701013,1200,,HU,28.9N,74.9W,70,,,,,,,,,,,,,
AL,UNNAMED,1870,6,40,18701013,1800,,HU,29.5N,74.0W,70,,,,,,,,,,,,,
AL,UNNAMED,1870,6,40,18701014,0,,HU,30.1N,72.9W,70,,,,,,,,,,,,,
AL,UNNAMED,1870,6,40,18701014,600,,HU,30.7N,71.8W,70,,,,,,,,,,,,,
AL,UNNAMED,1870,6,40,18701014,1200,,HU,31.4N,70.5W,70,,,,,,,,,,,,,
AL,UNNAMED,1870,6,40,18701014,1800,,HU,32.2N,69.1W,70,,,,,,,,,,,,,
AL,UNNAMED,1870,7,1,18701007,1200,,HU,12.0N,35.0W,70,,,,,,,,,,,,,
AL,UNNAMED,1870,8,6,18701010,0,,HU,34.0N,50.5W,70,,,,,,,,,,,,,
AL,UNNAMED,1870,8,6,18701010,600,,HU,34.5N,48.7W,70,,,,,,,,,,,,,
AL,UNNAMED,1870,8,6,18701010,1200,,HU,35.2N,46.7W,70,,,,,,,,,,,,,
AL,UNNAMED,1870,8,6,18701010,1800,,HU,36.0N,44.0W,70,,,,,,,,,,,,,
AL,UNNAMED,1870,8,6,18701011,0,,HU,37.0N,41.0W,70,,,,,,,,,,,,,
AL,UNNAMED,1870,8,6,18701011,600,,HU,38.0N,37.0W,70,,,,,,,,,,,,,
AL,UNNAMED,1870,9,18,18701019,0,,HU,19.5N,84.1W,90,,,,,,,,,,,,,
AL,UNNAMED,1870,9,18,18701019,600,,HU,19.9N,84.0W,90,,,,,,,,,,,,,
AL,UNNAMED,1870,9,18,18701019,1200,,HU,20.4N,84.0W,90,,,,,,,,,,,,,
AL,UNNAMED,1870,9,18,18701019,1800,,HU,21.1N,83.9W,90,,,,,,,,,,,,,
AL,UNNAMED,1870,9,18,18701020,0,,HU,22.0N,83.7W,90,,,,,,,,,,,,,
AL,UNNAMED,1870,9,18,18701020,600,,HU,23.1N,83.5W,80,,,,,,,,,,,,,
AL,UNNAMED,1870,9,18,18701020,1200,,HU,24.3N,83.1W,80,,,,,,,,,,,,,
AL,UNNAMED,1870,9,18,18701020,1400,L,HU,24.7N,82.8W,80,,,,,,,,,,,,,
AL,UNNAMED,1870,9,18,18701020,1800,,HU,25.5N,82.3W,80,,,,,,,,,,,,,
AL,UNNAMED,1870,9,18,18701020,2000,L,HU,26.0N,81.8W,80,,,,,,,,,,,,,
AL,UNNAMED,1870,9,18,18701021,0,,HU,26.7N,81.1W,70,,,,,,,,,,,,,
AL,UNNAMED,1870,9,18,18701021,600,,TS,27.9N,79.7W,60,,,,,,,,,,,,,
AL,UNNAMED,1870,9,18,18701021,1200,,HU,29.1N,78.1W,70,,,,,,,,,,,,,
AL,UNNAMED,1870,9,18,18701021,1800,,HU,30.3N,76.6W,70,,,,,,,,,,,,,
AL,UNNAMED,1870,9,18,18701022,0,,HU,31.4N,75.4W,70,,,,,,,,,,,,,
AL,UNNAMED,1870,9,18,18701022,600,,HU,32.5N,74.0W,70,,,,,,,,,,,,,
AL,UNNAMED,1870,9,18,18701022,1200,,HU,33.5N,72.6W,70,,,,,,,,,,,,,
AL,UNNAMED,1870,9,18,18701022,1800,,HU,34.5N,71.1W,70,,,,,,,,,,,,,
AL,UNNAMED,1870,10,1,18701023,1200,,HU,21.0N,72.0W,90,,,,,,,,,,,,,
AL,UNNAMED,1870,11,20,18701030,0,,TS,17.0N,85.5W,60,,,,,,,,,,,,,
AL,UNNAMED,1870,11,20,18701030,600,,TS,17.1N,85.6W,60,,,,,,,,,,,,,
AL,UNNAMED,1870,11,20,18701030,1200,,TS,17.2N,86.0W,60,,,,,,,,,,,,,
AL,UNNAMED,1870,11,20,18701030,1800,,TS,17.2N,86.1W,60,,,,,,,,,,,,,
AL,UNNAMED,1870,11,20,18701031,0,,HU,17.4N,86.4W,70,,,,,,,,,,,,,
AL,UNNAMED,1870,11,20,18701031,600,,HU,17.5N,86.6W,70,,,,,,,,,,,,,
AL,UNNAMED,1870,11,20,18701031,1200,,HU,17.7N,86.9W,70,,,,,,,,,,,,,
AL,UNNAMED,1870,11,20,18701031,1800,,HU,17.7N,87.1W,70,,,,,,,,,,,,,
AL,UNNAMED,1870,11,20,18701101,0,,HU,18.0N,87.6W,70,,,,,,,,,,,,,
AL,UNNAMED,1870,11,20,18701101,600,,HU,18.2N,87.8W,70,,,,,,,,,,,,,
AL,UNNAMED,1870,11,20,18701101,1200,,HU,18.5N,88.0W,70,,,,,,,,,,,,,
AL,UNNAMED,1870,11,20,18701101,1800,,TS,18.7N,88.0W,60,,,,,,,,,,,,,
AL,UNNAMED,1870,11,20,18701102,0,,TS,19.2N,87.9W,50,,,,,,,,,,,,,
AL,UNNAMED,1870,11,20,18701102,600,,TS,19.7N,87.6W,40,,,,,,,,,,,,,
AL,UNNAMED,1870,11,20,18701102,1200,,TS,20.4N,87.4W,40,,,,,,,,,,,,,
AL,UNNAMED,1870,11,20,18701102,1800,,TS,21.4N,86.9W,50,,,,,,,,,,,,,
AL,UNNAMED,1870,11,20,18701103,0,,TS,22.2N,86.3W,60,,,,,,,,,,,,,
AL,UNNAMED,1870,11,20,18701103,600,,TS,23.0N,85.6W,60,,,,,,,,,,,,,
AL,UNNAMED,1870,11,20,18701103,1200,,HU,23.7N,85.0W,70,,,,,,,,,,,,,
AL,UNNAMED,1870,11,20,18701103,1800,,HU,24.2N,84.0W,70,,,,,,,,,,,,,
AL,UNNAMED,1871,1,21,18710601,0,,TS,24.1N,81.0W,40,,,,,,,,,,,,,
AL,UNNAMED,1871,1,21,18710601,600,,TS,24.1N,82.1W,40,,,,,,,,,,,,,
AL,UNNAMED,1871,1,21,18710601,1200,,TS,24.2N,83.6W,40,,,,,,,,,,,,,
AL,UNNAMED,1871,1,21,18710601,1800,,TS,24.7N,84.6W,40,,,,,,,,,,,,,
AL,UNNAMED,1871,1,21,18710602,0,,TS,25.2N,85.4W,50,,,,,,,,,,,,,
AL,UNNAMED,1871,1,21,18710602,600,,TS,25.8N,86.1W,50,,,,,,,,,,,,,
AL,UNNAMED,1871,1,21,18710602,1200,,TS,26.1N,87.3W,50,,,,,,,,,,,,,
AL,UNNAMED,1871,1,21,18710602,1800,,TS,26.5N,88.6W,50,,,,,,,,,,,,,
AL,UNNAMED,1871,1,21,18710603,0,,TS,26.8N,89.8W,50,,,,,,,,,,,,,
AL,UNNAMED,1871,1,21,18710603,600,,TS,27.0N,91.1W,50,,,,,,,,,,,,,
AL,UNNAMED,1871,1,21,18710603,1200,,TS,27.3N,92.4W,50,,,,,,,,,,,,,
AL,UNNAMED,1871,1,21,18710603,1800,,TS,27.7N,93.3W,50,,,,,,,,,,,,,
AL,UNNAMED,1871,1,21,18710604,0,,TS,28.2N,94.1W,50,,,,,,,,,,,,,
AL,UNNAMED,1871,1,21,18710604,600,,TS,28.9N,95.0W,50,999,,,,,,,,,,,,
AL,UNNAMED,1871,1,21,18710604,700,L,TS,29.1N,95.1W,50,999,,,,,,,,,,,,
AL,UNNAMED,1871,1,21,18710604,1200,,TS,29.7N,95.6W,40,,,,,,,,,,,,,
AL,UNNAMED,1871,1,21,18710604,1800,,TS,30.3N,96.0W,40,,,,,,,,,,,,,
AL,UNNAMED,1871,1,21,18710605,0,,TS,31.1N,96.1W,40,,,,,,,,,,,,,
AL,UNNAMED,1871,1,21,18710605,600,,TS,32.0N,96.1W,40,,,,,,,,,,,,,
AL,UNNAMED,1871,1,21,18710605,1200,,TD,33.2N,95.8W,30,,,,,,,,,,,,,
AL,UNNAMED,1871,1,21,18710605,1800,,TD,35.0N,95.0W,30,,,,,,,,,,,,,
AL,UNNAMED,1871,2,13,18710608,0,,TS,23.4N,90.4W,40,,,,,,,,,,,,,
AL,UNNAMED,1871,2,13,18710608,600,,TS,24.2N,91.1W,40,,,,,,,,,,,,,
AL,UNNAMED,1871,2,13,18710608,1200,,TS,25.0N,91.8W,40,,,,,,,,,,,,,
AL,UNNAMED,1871,2,13,18710608,1800,,TS,25.9N,92.6W,40,,,,,,,,,,,,,
AL,UNNAMED,1871,2,13,18710609,0,,TS,26.7N,93.3W,50,,,,,,,,,,,,,
AL,UNNAMED,1871,2,13,18710609,600,,TS,27.4N,94.0W,50,,,,,,,,,,,,,
AL,UNNAMED,1871,2,13,18710609,1200,,TS,28.3N,94.6W,50,,,,,,,,,,,,,
AL,UNNAMED,1871,2,13,18710609,1700,L,TS,29.2N,95.0W,50,,,,,,,,,,,,,
AL,UNNAMED,1871,2,13,18710609,1800,,TS,29.3N,95.0W,50,,,,,,,,,,,,,
AL,UNNAMED,1871,2,13,18710610,0,,TS,30.3N,95.1W,40,,,,,,,,,,,,,
AL,UNNAMED,1871,2,13,18710610,600,,TS,31.3N,95.1W,40,,,,,,,,,,,,,
AL,UNNAMED,1871,2,13,18710610,1200,,TD,32.4N,95.0W,30,,,,,,,,,,,,,
AL,UNNAMED,1871,2,13,18710610,1800,,TD,33.5N,95.0W,30,,,,,,,,,,,,,
AL,UNNAMED,1871,3,41,18710814,0,,HU,26.5N,72.4W,80,,,,,,,,,,,,,
AL,UNNAMED,1871,3,41,18710814,600,,HU,26.6N,73.0W,80,,,,,,,,,,,,,
AL,UNNAMED,1871,3,41,18710814,1200,,HU,26.7N,73.6W,80,,,,,,,,,,,,,
AL,UNNAMED,1871,3,41,18710814,1800,,HU,26.7N,74.3W,80,,,,,,,,,,,,,
AL,UNNAMED,1871,3,41,18710815,0,,HU,26.8N,75.0W,90,,,,,,,,,,,,,
AL,UNNAMED,1871,3,41,18710815,600,,HU,26.8N,75.8W,90,,,,,,,,,,,,,
AL,UNNAMED,1871,3,41,18710815,1200,,HU,26.8N,76.7W,100,,,,,,,,,,,,,
AL,UNNAMED,1871,3,41,18710815,1800,,HU,26.8N,77.7W,100,,,,,,,,,,,,,
AL,UNNAMED,1871,3,41,18710816,0,,HU,26.8N,78.5W,100,952,,,,,,,,,,,,
AL,UNNAMED,1871,3,41,18710816,600,,HU,26.8N,79.1W,100,955,,,,,,,,,,,,
AL,UNNAMED,1871,3,41,18710816,1200,,HU,26.8N,79.5W,100,,,,,,,,,,,,,
AL,UNNAMED,1871,3,41,18710816,1800,,HU,26.9N,79.8W,100,,,,,,,,,,,,,
AL,UNNAMED,1871,3,41,18710817,0,,HU,27.0N,80.1W,100,,,,,,,,,,,,,
AL,UNNAMED,1871,3,41,18710817,200,L,HU,27.1N,80.2W,100,,,,,,,,,,,,,
AL,UNNAMED,1871,3,41,18710817,600,,HU,27.2N,80.5W,90,,,,,,,,,,,,,
AL,UNNAMED,1871,3,41,18710817,1200,,HU,27.6N,81.1W,80,,,,,,,,,,,,,
AL,UNNAMED,1871,3,41,18710817,1800,,HU,28.3N,81.7W,70,,,,,,,,,,,,,
AL,UNNAMED,1871,3,41,18710818,0,,HU,29.0N,82.1W,70,,,,,,,,,,,,,
AL,UNNAMED,1871,3,41,18710818,600,,TS,29.7N,82.5W,60,,,,,,,,,,,,,
AL,UNNAMED,1871,3,41,18710818,1200,,TS,30.4N,82.3W,60,,,,,,,,,,,,,
AL,UNNAMED,1871,3,41,18710818,1800,,TS,30.8N,81.9W,50,,,,,,,,,,,,,
AL,UNNAMED,1871,3,41,18710819,0,,TS,31.3N,81.4W,50,,,,,,,,,,,,,
AL,UNNAMED,1871,3,41,18710819,600,,TS,31.8N,80.8W,60,,,,,,,,,,,,,
AL,UNNAMED,1871,3,41,18710819,1200,,TS,32.1N,80.2W,60,,,,,,,,,,,,,
AL,UNNAMED,1871,3,41,18710819,1800,,TS,32.3N,79.6W,60,,,,,,,,,,,,,
AL,UNNAMED,1871,3,41,18710820,0,,TS,32.5N,78.8W,60,,,,,,,,,,,,,
AL,UNNAMED,1871,3,41,18710820,600,,TS,32.7N,77.6W,60,,,,,,,,,,,,,
AL,UNNAMED,1871,3,41,18710820,1200,,TS,32.6N,76.8W,60,,,,,,,,,,,,,
AL,UNNAMED,1871,3,41,18710820,1800,,TS,32.4N,76.4W,60,,,,,,,,,,,,,
AL,UNNAMED,1871,3,41,18710821,0,,TS,32.0N,76.1W,60,,,,,,,,,,,,,
AL,UNNAMED,1871,3,41,18710821,600,,TS,31.7N,76.3W,60,,,,,,,,,,,,,
AL,UNNAMED,1871,3,41,18710821,1200,,TS,31.4N,76.5W,60,,,,,,,,,,,,,
AL,UNNAMED,1871,3,41,18710821,1800,,TS,31.2N,77.1W,60,,,,,,,,,,,,,
AL,UNNAMED,1871,3,41,18710822,0,,TS,31.1N,78.0W,60,,,,,,,,,,,,,
AL,UNNAMED,1871,3,41,18710822,600,,TS,31.0N,78.6W,60,,,,,,,,,,,,,
AL,UNNAMED,1871,3,41,18710822,1200,,TS,31.0N,79.5W,60,,,,,,,,,,,,,
AL,UNNAMED,1871,3,41,18710822,1800,,TS,31.1N,80.4W,60,,,,,,,,,,,,,
AL,UNNAMED,1871,3,41,18710823,0,L,TS,31.2N,81.4W,60,,,,,,,,,,,,,
AL,UNNAMED,1871,3,41,18710823,600,,TS,31.3N,82.4W,50,,,,,,,,,,,,,
AL,UNNAMED,1871,3,41,18710823,1200,,TS,31.4N,83.5W,40,,,,,,,,,,,,,
AL,UNNAMED,1871,3,41,18710823,1800,,TD,31.4N,84.5W,30,,,,,,,,,,,,,
AL,UNNAMED,1871,4,57,18710817,0,,TS,11.2N,30.7W,40,,,,,,,,,,,,,
AL,UNNAMED,1871,4,57,18710817,600,,TS,11.5N,32.2W,40,,,,,,,,,,,,,
AL,UNNAMED,1871,4,57,18710817,1200,,TS,11.8N,33.9W,40,,,,,,,,,,,,,
AL,UNNAMED,1871,4,57,18710817,1800,,TS,12.3N,35.5W,40,,,,,,,,,,,,,
AL,UNNAMED,1871,4,57,18710818,0,,TS,12.9N,37.4W,50,,,,,,,,,,,,,
AL,UNNAMED,1871,4,57,18710818,600,,TS,13.5N,39.2W,50,,,,,,,,,,,,,
AL,UNNAMED,1871,4,57,18710818,1200,,TS,14.0N,41.0W,50,,,,,,,,,,,,,
AL,UNNAMED,1871,4,57,18710818,1800,,TS,14.2N,42.5W,50,,,,,,,,,,,,,
AL,UNNAMED,1871,4,57,18710819,0,,TS,14.3N,44.5W,60,,,,,,,,,,,,,
AL,UNNAMED,1871,4,57,18710819,600,,TS,14.5N,46.4W,60,,,,,,,,,,,,,
AL,UNNAMED,1871,4,57,18710819,1200,,HU,14.7N,48.0W,70,,,,,,,,,,,,,
AL,UNNAMED,1871,4,57,18710819,1800,,HU,14.9N,49.9W,70,,,,,,,,,,,,,
AL,UNNAMED,1871,4,57,18710820,0,,HU,15.1N,52.2W,80,,,,,,,,,,,,,
AL,UNNAMED,1871,4,57,18710820,600,,HU,15.3N,54.5W,80,,,,,,,,,,,,,
AL,UNNAMED,1871,4,57,18710820,1200,,HU,15.4N,56.4W,90,,,,,,,,,,,,,
AL,UNNAMED,1871,4,57,18710820,1800,,HU,15.8N,58.2W,90,,,,,,,,,,,,,
AL,UNNAMED,1871,4,57,18710821,0,,HU,16.4N,60.0W,100,,,,,,,,,,,,,
AL,UNNAMED,1871,4,57,18710821,600,,HU,17.1N,61.6W,100,,,,,,,,,,,,,
AL,UNNAMED,1871,4,57,18710821,1200,,HU,17.7N,62.9W,100,965,,,,,,,,,,,,
AL,UNNAMED,1871,4,57,18710821,1800,,HU,18.2N,64.0W,100,,,,,,,,,,,,,
AL,UNNAMED,1871,4,57,18710822,0,,HU,18.9N,65.3W,100,962,,,,,,,,,,,,
AL,UNNAMED,1871,4,57,18710822,600,,HU,19.5N,66.5W,100,,,,,,,,,,,,,
AL,UNNAMED,1871,4,57,18710822,1200,,HU,20.0N,67.5W,90,,,,,,,,,,,,,
AL,UNNAMED,1871,4,57,18710822,1800,,HU,20.7N,68.6W,90,,,,,,,,,,,,,
AL,UNNAMED,1871,4,57,18710823,0,,HU,21.2N,69.6W,90,,,,,,,,,,,,,
AL,UNNAMED,1871,4,57,18710823,600,,HU,22.0N,71.0W,90,,,,,,,,,,,,,
AL,UNNAMED,1871,4,57,18710823,1200,,HU,22.5N,72.3W,90,,,,,,,,,,,,,
AL,UNNAMED,1871,4,57,18710823,1800,,HU,23.2N,73.5W,90,,,,,,,,,,,,,
AL,UNNAMED,1871,4,57,18710824,0,,HU,24.1N,75.0W,90,,,,,,,,,,,,,
AL,UNNAMED,1871,4,57,18710824,600,,HU,25.0N,76.4W,90,,,,,,,,,,,,,
AL,UNNAMED,1871,4,57,18710824,1200,,HU,25.7N,77.6W,90,,,,,,,,,,,,,
AL,UNNAMED,1871,4,57,18710824,1800,,HU,26.3N,78.6W,90,,,,,,,,,,,,,
AL,UNNAMED,1871,4,57,18710825,0,,HU,27.0N,79.5W,90,,,,,,,,,,,,,
AL,UNNAMED,1871,4,57,18710825,500,L,HU,27.1N,80.3W,90,,,,,,,,,,,,,
AL,UNNAMED,1871,4,57,18710825,600,,HU,27.7N,80.5W,90,,,,,,,,,,,,,
AL,UNNAMED,1871,4,57,18710825,1200,,HU,28.3N,81.3W,70,,,,,,,,,,,,,
AL,UNNAMED,1871,4,57,18710825,1800,,TS,28.9N,82.2W,50,,,,,,,,,,,,,
AL,UNNAMED,1871,4,57,18710826,0,,TS,29.4N,83.1W,40,,,,,,,,,,,,,
AL,UNNAMED,1871,4,57,18710826,600,,TS,29.9N,83.8W,40,,,,,,,,,,,,,
AL,UNNAMED,1871,4,57,18710826,1200,,TS,30.5N,84.3W,40,,,,,,,,,,,,,
AL,UNNAMED,1871,4,57,18710826,1800,,TS,30.9N,84.5W,40,,,,,,,,,,,,,
AL,UNNAMED,1871,4,57,18710827,0,,TD,31.3N,84.5W,30,,,,,,,,,,,,,
AL,UNNAMED,1871,4,57,18710827,600,,TD,31.7N,84.4W,30,,,,,,,,,,,,,
AL,UNNAMED,1871,4,57,18710827,1200,,TD,32.0N,84.0W,30,,,,,,,,,,,,,
AL,UNNAMED,1871,4,57,18710827,1800,,TD,32.1N,83.5W,30,,,,,,,,,,,,,
AL,UNNAMED,1871,4,57,18710828,0,,TD,32.2N,83.0W,30,,,,,,,,,,,,,
AL,UNNAMED,1871,4,57,18710828,600,,TD,32.2N,82.5W,30,,,,,,,,,,,,,
AL,UNNAMED,1871,4,57,18710828,1200,,TD,32.3N,82.1W,30,,,,,,,,,,,,,
AL,UNNAMED,1871,4,57,18710828,1800,,TD,32.4N,81.0W,30,,,,,,,,,,,,,
AL,UNNAMED,1871,4,57,18710829,0,,TS,32.5N,79.9W,40,,,,,,,,,,,,,
AL,UNNAMED,1871,4,57,18710829,600,,TS,32.7N,78.6W,40,,,,,,,,,,,,,
AL,UNNAMED,1871,4,57,18710829,1200,,TS,33.0N,77.5W,50,,,,,,,,,,,,,
AL,UNNAMED,1871,4,57,18710829,1800,,TS,34.0N,76.1W,50,,,,,,,,,,,,,
AL,UNNAMED,1871,4,57,18710830,0,,TS,35.5N,74.3W,50,,,,,,,,,,,,,
AL,UNNAMED,1871,4,57,18710830,600,,TS,37.3N,72.4W,50,,,,,,,,,,,,,
AL,UNNAMED,1871,4,57,18710830,1200,,TS,39.5N,70.5W,60,,,,,,,,,,,,,
AL,UNNAMED,1871,4,57,18710830,1800,,TS,42.0N,68.5W,60,,,,,,,,,,,,,
AL,UNNAMED,1871,5,16,18710830,0,,HU,26.7N,65.6W,90,,,,,,,,,,,,,
AL,UNNAMED,1871,5,16,18710830,600,,HU,27.5N,66.5W,90,,,,,,,,,,,,,
AL,UNNAMED,1871,5,16,18710830,1200,,HU,28.5N,67.5W,90,,,,,,,,,,,,,
AL,UNNAMED,1871,5,16,18710830,1800,,HU,29.6N,68.3W,90,,,,,,,,,,,,,
AL,UNNAMED,1871,5,16,18710831,0,,HU,30.8N,69.1W,90,,,,,,,,,,,,,
AL,UNNAMED,1871,5,16,18710831,600,,HU,32.0N,69.8W,90,,,,,,,,,,,,,
AL,UNNAMED,1871,5,16,18710831,1200,,HU,33.5N,70.3W,90,,,,,,,,,,,,,
AL,UNNAMED,1871,5,16,18710831,1800,,HU,34.4N,70.4W,90,,,,,,,,,,,,,
AL,UNNAMED,1871,5,16,18710901,0,,HU,35.3N,70.3W,90,,,,,,,,,,,,,
AL,UNNAMED,1871,5,16,18710901,600,,HU,36.0N,70.1W,90,,,,,,,,,,,,,
AL,UNNAMED,1871,5,16,18710901,1200,,HU,37.0N,70.0W,90,,,,,,,,,,,,,
AL,UNNAMED,1871,5,16,18710901,1800,,HU,37.8N,69.6W,90,,,,,,,,,,,,,
AL,UNNAMED,1871,5,16,18710902,0,,HU,38.9N,69.3W,90,,,,,,,,,,,,,
AL,UNNAMED,1871,5,16,18710902,600,,HU,40.3N,68.5W,90,,,,,,,,,,,,,
AL,UNNAMED,1871,5,16,18710902,1200,,HU,41.3N,67.5W,90,,,,,,,,,,,,,
AL,UNNAMED,1871,5,16,18710902,1800,,HU,42.5N,66.0W,90,,,,,,,,,,,,,
AL,UNNAMED,1871,6,17,18710905,0,,HU,26.0N,90.1W,70,,,,,,,,,,,,,
AL,UNNAMED,1871,6,17,18710905,600,,HU,26.5N,89.0W,70,,,,,,,,,,,,,
AL,UNNAMED,1871,6,17,18710905,1200,,HU,27.0N,87.6W,70,,,,,,,,,,,,,
AL,UNNAMED,1871,6,17,18710905,1800,,HU,27.5N,86.1W,70,,,,,,,,,,,,,
AL,UNNAMED,1871,6,17,18710906,0,,HU,28.1N,84.9W,70,,,,,,,,,,,,,
AL,UNNAMED,1871,6,17,18710906,600,,HU,28.6N,84.1W,70,,,,,,,,,,,,,
AL,UNNAMED,1871,6,17,18710906,1200,,HU,29.0N,83.3W,70,,,,,,,,,,,,,
AL,UNNAMED,1871,6,17,18710906,1400,L,HU,29.2N,83.0W,70,,,,,,,,,,,,,
AL,UNNAMED,1871,6,17,18710906,1800,,TS,29.6N,82.5W,50,,,,,,,,,,,,,
AL,UNNAMED,1871,6,17,18710907,0,,TS,30.2N,81.8W,50,,,,,,,,,,,,,
AL,UNNAMED,1871,6,17,18710907,600,,TS,30.7N,81.1W,50,,,,,,,,,,,,,
AL,UNNAMED,1871,6,17,18710907,1200,,TS,31.3N,80.3W,60,,,,,,,,,,,,,
AL,UNNAMED,1871,6,17,18710907,1800,,TS,31.7N,79.3W,60,,,,,,,,,,,,,
AL,UNNAMED,1871,6,17,18710908,0,,TS,31.9N,78.3W,60,,,,,,,,,,,,,
AL,UNNAMED,1871,6,17,18710908,600,,TS,32.2N,77.0W,60,,,,,,,,,,,,,
AL,UNNAMED,1871,6,17,18710908,1200,,TS,32.4N,75.9W,60,,,,,,,,,,,,,
AL,UNNAMED,1871,6,17,18710908,1800,,TS,32.7N,75.0W,60,,,,,,,,,,,,,
AL,UNNAMED,1871,7,33,18710930,0,,TS,21.1N,92.1W,40,,,,,,,,,,,,,
AL,UNNAMED,1871,7,33,18710930,600,,TS,21.2N,92.6W,40,,,,,,,,,,,,,
AL,UNNAMED,1871,7,33,18710930,1200,,TS,21.7N,93.1W,40,,,,,,,,,,,,,
AL,UNNAMED,1871,7,33,18710930,1800,,TS,22.2N,93.8W,40,,,,,,,,,,,,,
AL,UNNAMED,1871,7,33,18711001,0,,TS,22.9N,94.3W,50,,,,,,,,,,,,,
AL,UNNAMED,1871,7,33,18711001,600,,TS,23.4N,94.8W,50,,,,,,,,,,,,,
AL,UNNAMED,1871,7,33,18711001,1200,,TS,24.0N,95.1W,60,,,,,,,,,,,,,
AL,UNNAMED,1871,7,33,18711001,1800,,TS,24.9N,95.4W,60,,,,,,,,,,,,,
AL,UNNAMED,1871,7,33,18711002,0,,HU,25.9N,95.4W,70,,,,,,,,,,,,,
AL,UNNAMED,1871,7,33,18711002,600,,HU,26.8N,95.1W,70,,,,,,,,,,,,,
AL,UNNAMED,1871,7,33,18711002,1200,,HU,27.5N,94.8W,70,,,,,,,,,,,,,
AL,UNNAMED,1871,7,33,18711002,1800,,HU,27.8N,94.0W,70,,,,,,,,,,,,,
AL,UNNAMED,1871,7,33,18711003,0,,HU,27.9N,93.1W,70,,,,,,,,,,,,,
AL,UNNAMED,1871,7,33,18711003,600,,HU,28.0N,92.3W,70,,,,,,,,,,,,,
AL,UNNAMED,1871,7,33,18711003,1200,,HU,28.1N,91.6W,70,,,,,,,,,,,,,
AL,UNNAMED,1871,7,33,18711003,1800,,HU,28.3N,90.8W,70,,,,,,,,,,,,,
AL,UNNAMED,1871,7,33,18711004,0,,HU,28.4N,90.1W,70,,,,,,,,,,,,,
AL,UNNAMED,1871,7,33,18711004,600,,HU,28.5N,89.3W,70,,,,,,,,,,,,,
AL,UNNAMED,1871,7,33,18711004,1200,,HU,28.7N,88.6W,70,,,,,,,,,,,,,
AL,UNNAMED,1871,7,33,18711004,1800,,HU,28.9N,87.5W,70,,,,,,,,,,,,,
AL,UNNAMED,1871,7,33,18711005,0,,TS,29.1N,86.5W,60,,,,,,,,,,,,,
AL,UNNAMED,1871,7,33,18711005,600,,TS,29.4N,85.3W,60,,,,,,,,,,,,,
AL,UNNAMED,1871,7,33,18711005,1200,,TS,29.8N,84.4W,60,,,,,,,,,,,,,
AL,UNNAMED,1871,7,33,18711005,1600,L,TS,30.0N,83.9W,60,,,,,,,,,,,,,
AL,UNNAMED,1871,7,33,18711005,1800,,TS,30.2N,83.6W,50,,,,,,,,,,,,,
AL,UNNAMED,1871,7,33,18711006,0,,TS,30.8N,83.1W,40,,,,,,,,,,,,,
AL,UNNAMED,1871,7,33,18711006,600,,TS,31.3N,82.6W,40,,,,,,,,,,,,,
AL,UNNAMED,1871,7,33,18711006,1200,,TS,31.8N,82.1W,40,,,,,,,,,,,,,
AL,UNNAMED,1871,7,33,18711006,1800,,TS,32.2N,80.8W,40,,,,,,,,,,,,,
AL,UNNAMED,1871,7,33,18711007,0,,TS,32.9N,79.3W,40,,,,,,,,,,,,,
AL,UNNAMED,1871,7,33,18711007,600,,TS,33.7N,77.5W,40,,,,,,,,,,,,,
AL,UNNAMED,1871,7,33,18711007,1200,,TS,34.0N,75.0W,40,,,,,,,,,,,,,
AL,UNNAMED,1871,7,33,18711007,1800,,TS,34.5N,72.0W,40,,,,,,,,,,,,,
AL,UNNAMED,1871,8,14,18711010,0,,HU,22.7N,58.0W,70,,,,,,,,,,,,,
AL,UNNAMED,1871,8,14,18711010,600,,HU,23.2N,60.0W,70,,,,,,,,,,,,,
AL,UNNAMED,1871,8,14,18711010,1200,,HU,23.5N,62.0W,70,,,,,,,,,,,,,
AL,UNNAMED,1871,8,14,18711010,1800,,HU,24.4N,64.1W,70,,,,,,,,,,,,,
AL,UNNAMED,1871,8,14,18711011,0,,HU,25.9N,66.1W,70,,,,,,,,,,,,,
AL,UNNAMED,1871,8,14,18711011,600,,HU,27.7N,67.9W,70,,,,,,,,,,,,,
AL,UNNAMED,1871,8,14,18711011,1200,,HU,29.5N,69.0W,70,,,,,,,,,,,,,
AL,UNNAMED,1871,8,14,18711011,1800,,HU,31.2N,69.5W,70,,,,,,,,,,,,,
AL,UNNAMED,1871,8,14,18711012,0,,HU,33.3N,69.8W,70,,,,,,,,,,,,,
AL,UNNAMED,1871,8,14,18711012,600,,HU,35.5N,69.6W,70,,,,,,,,,,,,,
AL,UNNAMED,1871,8,14,18711012,1200,,HU,38.0N,68.6W,70,,,,,,,,,,,,,
AL,UNNAMED,1871,8,14,18711012,1800,,HU,41.5N,66.0W,70,,,,,,,,,,,,,
AL,UNNAMED,1871,8,14,18711013,0,,HU,45.0N,63.0W,70,,,,,,,,,,,,,
AL,UNNAMED,1871,8,14,18711013,600,,TS,49.0N,60.0W,50,,,,,,,,,,,,,
AL,UNNAMED,1872,1,22,18720709,0,,TS,23.5N,92.0W,40,,,,,,,,,,,,,
AL,UNNAMED,1872,1,22,18720709,600,,TS,24.1N,91.8W,40,,,,,,,,,,,,,
AL,UNNAMED,1872,1,22,18720709,1200,,TS,24.6N,91.6W,40,,,,,,,,,,,,,
AL,UNNAMED,1872,1,22,18720709,1800,,TS,25.1N,91.2W,40,,,,,,,,,,,,,
AL,UNNAMED,1872,1,22,18720710,0,,TS,25.7N,90.8W,50,,,,,,,,,,,,,
AL,UNNAMED,1872,1,22,18720710,600,,TS,26.3N,90.4W,50,,,,,,,,,,,,,
AL,UNNAMED,1872,1,22,18720710,1200,,TS,27.0N,90.0W,50,,,,,,,,,,,,,
AL,UNNAMED,1872,1,22,18720710,1800,,TS,27.7N,89.6W,50,,,,,,,,,,,,,
AL,UNNAMED,1872,1,22,18720711,0,,TS,28.4N,89.3W,50,,,,,,,,,,,,,
AL,UNNAMED,1872,1,22,18720711,500,L,TS,29.1N,89.1W,50,,,,,,,,,,,,,
AL,UNNAMED,1872,1,22,18720711,600,,TS,29.2N,89.1W,50,,,,,,,,,,,,,
AL,UNNAMED,1872,1,22,18720711,800,L,TS,30.2N,89.0W,50,,,,,,,,,,,,,
AL,UNNAMED,1872,1,22,18720711,1200,,TS,30.0N,89.0W,50,,,,,,,,,,,,,
AL,UNNAMED,1872,1,22,18720711,1800,,TS,30.5N,89.0W,50,,,,,,,,,,,,,
AL,UNNAMED,1872,1,22,18720712,0,,TS,30.9N,89.0W,40,,,,,,,,,,,,,
AL,UNNAMED,1872,1,22,18720712,600,,TS,31.3N,89.1W,40,,,,,,,,,,,,,
AL,UNNAMED,1872,1,22,18720712,1200,,TS,31.6N,89.3W,40,,,,,,,,,,,,,
AL,UNNAMED,1872,1,22,18720712,1800,,TS,32.0N,89.5W,40,,,,,,,,,,,,,
AL,UNNAMED,1872,1,22,18720713,0,,TD,32.5N,89.5W,30,,,,,,,,,,,,,
AL,UNNAMED,1872,1,22,18720713,600,,TD,33.0N,89.4W,30,,,,,,,,,,,,,
AL,UNNAMED,1872,1,22,18720713,1200,,TD,33.5N,89.0W,30,,,,,,,,,,,,,
AL,UNNAMED,1872,1,22,18720713,1800,,TD,34.2N,88.5W,30,,,,,,,,,,,,,
AL,UNNAMED,1872,2,56,18720820,0,,TS,14.3N,29.7W,40,,,,,,,,,,,,,
AL,UNNAMED,1872,2,56,18720820,600,,TS,14.4N,30.4W,40,,,,,,,,,,,,,
AL,UNNAMED,1872,2,56,18720820,1200,,TS,14.5N,31.0W,40,,,,,,,,,,,,,
AL,UNNAMED,1872,2,56,18720820,1800,,TS,14.7N,32.0W,40,,,,,,,,,,,,,
AL,UNNAMED,1872,2,56,18720821,0,,TS,15.0N,33.4W,40,,,,,,,,,,,,,
AL,UNNAMED,1872,2,56,18720821,600,,TS,15.3N,34.8W,40,,,,,,,,,,,,,
AL,UNNAMED,1872,2,56,18720821,1200,,TS,15.4N,35.8W,40,,,,,,,,,,,,,
AL,UNNAMED,1872,2,56,18720821,1800,,TS,15.6N,36.8W,40,,,,,,,,,,,,,
AL,UNNAMED,1872,2,56,18720822,0,,TS,15.9N,37.8W,50,,,,,,,,,,,,,
AL,UNNAMED,1872,2,56,18720822,600,,TS,16.1N,38.9W,50,,,,,,,,,,,,,
AL,UNNAMED,1872,2,56,18720822,1200,,TS,16.2N,40.2W,50,,,,,,,,,,,,,
AL,UNNAMED,1872,2,56,18720822,1800,,TS,16.5N,41.4W,50,,,,,,,,,,,,,
AL,UNNAMED,1872,2,56,18720823,0,,TS,16.7N,42.2W,60,,,,,,,,,,,,,
AL,UNNAMED,1872,2,56,18720823,600,,TS,17.0N,43.5W,60,,,,,,,,,,,,,
AL,UNNAMED,1872,2,56,18720823,1200,,TS,17.2N,44.7W,60,,,,,,,,,,,,,
AL,UNNAMED,1872,2,56,18720823,1800,,TS,17.7N,45.5W,60,,,,,,,,,,,,,
AL,UNNAMED,1872,2,56,18720824,0,,HU,18.1N,46.7W,70,,,,,,,,,,,,,
AL,UNNAMED,1872,2,56,18720824,600,,HU,18.5N,47.7W,70,,,,,,,,,,,,,
AL,UNNAMED,1872,2,56,18720824,1200,,HU,19.0N,48.9W,70,,,,,,,,,,,,,
AL,UNNAMED,1872,2,56,18720824,1800,,HU,19.4N,49.8W,70,,,,,,,,,,,,,
AL,UNNAMED,1872,2,56,18720825,0,,HU,19.7N,50.5W,70,,,,,,,,,,,,,
AL,UNNAMED,1872,2,56,18720825,600,,HU,20.0N,51.4W,70,,,,,,,,,,,,,
AL,UNNAMED,1872,2,56,18720825,1200,,HU,20.5N,52.5W,70,,,,,,,,,,,,,
AL,UNNAMED,1872,2,56,18720825,1800,,HU,20.9N,53.3W,70,,,,,,,,,,,,,
AL,UNNAMED,1872,2,56,18720826,0,,HU,21.2N,54.2W,70,,,,,,,,,,,,,
AL,UNNAMED,1872,2,56,18720826,600,,HU,21.6N,54.9W,70,,,,,,,,,,,,,
AL,UNNAMED,1872,2,56,18720826,1200,,HU,22.0N,55.7W,70,,,,,,,,,,,,,
AL,UNNAMED,1872,2,56,18720826,1800,,HU,22.2N,56.2W,70,,,,,,,,,,,,,
AL,UNNAMED,1872,2,56,18720827,0,,HU,22.7N,56.9W,70,,,,,,,,,,,,,
AL,UNNAMED,1872,2,56,18720827,600,,HU,23.1N,57.6W,70,,,,,,,,,,,,,
AL,UNNAMED,1872,2,56,18720827,1200,,HU,23.7N,58.4W,70,,,,,,,,,,,,,
AL,UNNAMED,1872,2,56,18720827,1800,,HU,24.0N,58.9W,70,,,,,,,,,,,,,
AL,UNNAMED,1872,2,56,18720828,0,,HU,24.5N,59.4W,80,,,,,,,,,,,,,
AL,UNNAMED,1872,2,56,18720828,600,,HU,25.0N,60.0W,80,,,,,,,,,,,,,
AL,UNNAMED,1872,2,56,18720828,1200,,HU,25.8N,60.8W,80,,,,,,,,,,,,,
AL,UNNAMED,1872,2,56,18720828,1800,,HU,26.8N,61.4W,80,,,,,,,,,,,,,
AL,UNNAMED,1872,2,56,18720829,0,,HU,27.9N,61.8W,90,,,,,,,,,,,,,
AL,UNNAMED,1872,2,56,18720829,600,,HU,28.9N,62.0W,90,,,,,,,,,,,,,
AL,UNNAMED,1872,2,56,18720829,1200,,HU,30.0N,62.2W,90,,,,,,,,,,,,,
AL,UNNAMED,1872,2,56,18720829,1800,,HU,30.9N,62.2W,90,,,,,,,,,,,,,
AL,UNNAMED,1872,2,56,18720830,0,,HU,31.9N,62.3W,90,,,,,,,,,,,,,
AL,UNNAMED,1872,2,56,18720830,600,,HU,33.0N,62.2W,90,,,,,,,,,,,,,
AL,UNNAMED,1872,2,56,18720830,1200,,HU,34.5N,62.0W,90,,,,,,,,,,,,,
AL,UNNAMED,1872,2,56,18720830,1800,,HU,35.7N,61.9W,90,,,,,,,,,,,,,
AL,UNNAMED,1872,2,56,18720831,0,,HU,37.0N,61.7W,90,,,,,,,,,,,,,
AL,UNNAMED,1872,2,56,18720831,600,,HU,38.3N,61.2W,90,,,,,,,,,,,,,
AL,UNNAMED,1872,2,56,18720831,1200,,HU,39.5N,60.5W,80,,,,,,,,,,,,,
AL,UNNAMED,1872,2,56,18720831,1800,,HU,40.5N,59.4W,80,,,,,,,,,,,,,
AL,UNNAMED,1872,2,56,18720901,0,,HU,41.9N,57.7W,80,,,,,,,,,,,,,
AL,UNNAMED,1872,2,56,18720901,600,,HU,43.0N,56.5W,80,,,,,,,,,,,,,
AL,UNNAMED,1872,2,56,18720901,1200,,HU,44.2N,55.9W,70,,,,,,,,,,,,,
AL,UNNAMED,1872,2,56,18720901,1800,,HU,44.9N,56.2W,70,,,,,,,,,,,,,
AL,UNNAMED,1872,2,56,18720902,0,,EX,45.4N,56.8W,70,,,,,,,,,,,,,
AL,UNNAMED,1872,2,56,18720902,600,,EX,45.7N,57.6W,70,,,,,,,,,,,,,
AL,UNNAMED,1872,2,56,18720902,1200,,EX,46.5N,58.5W,60,,,,,,,,,,,,,
AL,UNNAMED,1872,2,56,18720902,1800,,EX,47.5N,59.6W,50,,,,,,,,,,,,,
AL,UNNAMED,1872,3,48,18720909,0,,TS,12.5N,59.4W,40,,,,,,,,,,,,,
AL,UNNAMED,1872,3,48,18720909,600,,TS,12.8N,59.7W,40,,,,,,,,,,,,,
AL,UNNAMED,1872,3,48,18720909,1200,,TS,13.3N,60.0W,40,,,,,,,,,,,,,
AL,UNNAMED,1872,3,48,18720909,1800,,TS,13.9N,60.3W,40,,,,,,,,,,,,,
AL,UNNAMED,1872,3,48,18720910,0,,TS,14.4N,60.6W,50,,,,,,,,,,,,,
AL,UNNAMED,1872,3,48,18720910,600,,TS,15.2N,61.0W,50,,,,,,,,,,,,,
AL,UNNAMED,1872,3,48,18720910,1200,,TS,16.0N,61.5W,50,,,,,,,,,,,,,
AL,UNNAMED,1872,3,48,18720910,1800,,TS,16.9N,62.1W,50,,,,,,,,,,,,,
AL,UNNAMED,1872,3,48,18720911,0,,TS,17.7N,62.7W,60,,,,,,,,,,,,,
AL,UNNAMED,1872,3,48,18720911,600,,TS,18.7N,63.1W,60,,,,,,,,,,,,,
AL,UNNAMED,1872,3,48,18720911,1200,,TS,19.7N,63.5W,60,,,,,,,,,,,,,
AL,UNNAMED,1872,3,48,18720911,1800,,TS,20.9N,63.7W,60,,,,,,,,,,,,,
AL,UNNAMED,1872,3,48,18720912,0,,HU,21.6N,63.8W,70,,,,,,,,,,,,,
AL,UNNAMED,1872,3,48,18720912,600,,HU,22.5N,63.8W,70,,,,,,,,,,,,,
AL,UNNAMED,1872,3,48,18720912,1200,,HU,23.2N,63.7W,70,,,,,,,,,,,,,
AL,UNNAMED,1872,3,48,18720912,1800,,HU,24.0N,63.6W,70,,,,,,,,,,,,,
AL,UNNAMED,1872,3,48,18720913,0,,HU,24.7N,63.5W,70,,,,,,,,,,,,,
AL,UNNAMED,1872,3,48,18720913,600,,HU,25.4N,63.3W,70,,,,,,,,,,,,,
AL,UNNAMED,1872,3,48,18720913,1200,,HU,26.1N,63.2W,70,,,,,,,,,,,,,
AL,UNNAMED,1872,3,48,18720913,1800,,HU,26.8N,63.1W,70,,,,,,,,,,,,,
AL,UNNAMED,1872,3,48,18720914,0,,HU,27.4N,63.0W,70,,,,,,,,,,,,,
AL,UNNAMED,1872,3,48,18720914,600,,HU,28.1N,62.8W,70,,,,,,,,,,,,,
AL,UNNAMED,1872,3,48,18720914,1200,,HU,28.7N,62.7W,70,,,,,,,,,,,,,
AL,UNNAMED,1872,3,48,18720914,1800,,HU,29.6N,62.5W,70,,,,,,,,,,,,,
AL,UNNAMED,1872,3,48,18720915,0,,HU,30.3N,62.4W,70,,,,,,,,,,,,,
AL,UNNAMED,1872,3,48,18720915,600,,HU,31.0N,62.3W,70,,,,,,,,,,,,,
AL,UNNAMED,1872,3,48,18720915,1200,,HU,31.7N,62.2W,70,,,,,,,,,,,,,
AL,UNNAMED,1872,3,48,18720915,1800,,HU,32.2N,62.1W,70,,,,,,,,,,,,,
AL,UNNAMED,1872,3,48,18720916,0,,HU,32.8N,61.9W,70,,,,,,,,,,,,,
AL,UNNAMED,1872,3,48,18720916,600,,HU,33.5N,61.8W,70,,,,,,,,,,,,,
AL,UNNAMED,1872,3,48,18720916,1200,,HU,34.0N,61.7W,70,,,,,,,,,,,,,
AL,UNNAMED,1872,3,48,18720916,1800,,HU,34.5N,61.5W,70,,,,,,,,,,,,,
AL,UNNAMED,1872,3,48,18720917,0,,HU,35.3N,61.1W,70,,,,,,,,,,,,,
AL,UNNAMED,1872,3,48,18720917,600,,HU,36.0N,60.7W,70,,,,,,,,,,,,,
AL,UNNAMED,1872,3,48,18720917,1200,,HU,37.0N,60.1W,70,,,,,,,,,,,,,
AL,UNNAMED,1872,3,48,18720917,1800,,HU,37.7N,59.7W,70,,,,,,,,,,,,,
AL,UNNAMED,1872,3,48,18720918,0,,HU,38.3N,59.4W,70,,,,,,,,,,,,,
AL,UNNAMED,1872,3,48,18720918,600,,HU,38.9N,59.1W,70,,,,,,,,,,,,,
AL,UNNAMED,1872,3,48,18720918,1200,,HU,39.5N,58.7W,70,,,,,,,,,,,,,
AL,UNNAMED,1872,3,48,18720918,1800,,HU,40.0N,58.4W,70,,,,,,,,,,,,,
AL,UNNAMED,1872,3,48,18720919,0,,HU,40.9N,58.0W,70,,,,,,,,,,,,,
AL,UNNAMED,1872,3,48,18720919,600,,HU,41.5N,57.4W,70,,,,,,,,,,,,,
AL,UNNAMED,1872,3,48,18720919,1200,,HU,42.0N,56.9W,70,,,,,,,,,,,,,
AL,UNNAMED,1872,3,48,18720919,1800,,HU,42.5N,56.4W,70,,,,,,,,,,,,,
AL,UNNAMED,1872,3,48,18720920,0,,HU,43.0N,56.0W,70,,,,,,,,,,,,,
AL,UNNAMED,1872,3,48,18720920,600,,HU,43.3N,55.5W,70,,,,,,,,,,,,,
AL,UNNAMED,1872,3,48,18720920,1200,,HU,43.7N,55.0W,70,,,,,,,,,,,,,
AL,UNNAMED,1872,3,48,18720920,1800,,HU,44.2N,54.5W,70,,,,,,,,,,,,,
AL,UNNAMED,1872,4,28,18720930,0,,TS,13.0N,31.7W,40,,,,,,,,,,,,,
AL,UNNAMED,1872,4,28,18720930,600,,TS,13.4N,32.7W,40,,,,,,,,,,,,,
AL,UNNAMED,1872,4,28,18720930,1200,,TS,13.8N,33.7W,40,,,,,,,,,,,,,
AL,UNNAMED,1872,4,28,18720930,1800,,TS,14.4N,34.7W,40,,,,,,,,,,,,,
AL,UNNAMED,1872,4,28,18721001,0,,TS,15.3N,36.0W,50,,,,,,,,,,,,,
AL,UNNAMED,1872,4,28,18721001,600,,TS,16.2N,37.4W,50,,,,,,,,,,,,,
AL,UNNAMED,1872,4,28,18721001,1200,,TS,17.2N,38.7W,50,,,,,,,,,,,,,
AL,UNNAMED,1872,4,28,18721001,1800,,TS,17.9N,39.5W,50,,,,,,,,,,,,,
AL,UNNAMED,1872,4,28,18721002,0,,TS,18.5N,40.3W,60,,,,,,,,,,,,,
AL,UNNAMED,1872,4,28,18721002,600,,TS,19.1N,41.0W,60,,,,,,,,,,,,,
AL,UNNAMED,1872,4,28,18721002,1200,,TS,20.0N,42.0W,60,,,,,,,,,,,,,
AL,UNNAMED,1872,4,28,18721002,1800,,TS,21.0N,42.9W,60,,,,,,,,,,,,,
AL,UNNAMED,1872,4,28,18721003,0,,HU,22.0N,43.8W,70,,,,,,,,,,,,,
AL,UNNAMED,1872,4,28,18721003,600,,HU,23.1N,44.8W,70,,,,,,,,,,,,,
AL,UNNAMED,1872,4,28,18721003,1200,,HU,24.0N,45.7W,70,,,,,,,,,,,,,
AL,UNNAMED,1872,4,28,18721003,1800,,HU,25.1N,46.5W,70,,,,,,,,,,,,,
AL,UNNAMED,1872,4,28,18721004,0,,HU,26.4N,47.2W,70,,,,,,,,,,,,,
AL,UNNAMED,1872,4,28,18721004,600,,HU,27.7N,48.0W,70,,,,,,,,,,,,,
AL,UNNAMED,1872,4,28,18721004,1200,,HU,29.0N,48.8W,70,,,,,,,,,,,,,
AL,UNNAMED,1872,4,28,18721004,1800,,HU,30.3N,49.4W,70,,,,,,,,,,,,,
AL,UNNAMED,1872,4,28,18721005,0,,HU,31.7N,49.8W,70,,,,,,,,,,,,,
AL,UNNAMED,1872,4,28,18721005,600,,HU,33.0N,50.0W,70,,,,,,,,,,,,,
AL,UNNAMED,1872,4,28,18721005,1200,,HU,34.5N,49.9W,70,,,,,,,,,,,,,
AL,UNNAMED,1872,4,28,18721005,1800,,HU,36.4N,48.8W,70,,,,,,,,,,,,,
AL,UNNAMED,1872,4,28,18721006,0,,HU,38.2N,46.4W,70,,,,,,,,,,,,,
AL,UNNAMED,1872,4,28,18721006,600,,HU,39.3N,43.8W,70,,,,,,,,,,,,,
AL,UNNAMED,1872,4,28,18721006,1200,,HU,40.0N,41.0W,70,,,,,,,,,,,,,
AL,UNNAMED,1872,4,28,18721006,1800,,HU,40.5N,38.0W,70,,,,,,,,,,,,,
AL,UNNAMED,1872,5,28,18721022,0,,TS,23.4N,89.3W,40,,,,,,,,,,,,,
AL,UNNAMED,1872,5,28,18721022,600,,TS,24.0N,88.3W,40,,,,,,,,,,,,,
AL,UNNAMED,1872,5,28,18721022,1200,,TS,24.7N,87.3W,40,,,,,,,,,,,,,
AL,UNNAMED,1872,5,28,18721022,1800,,TS,25.7N,86.2W,40,,,,,,,,,,,,,
AL,UNNAMED,1872,5,28,18721023,0,,TS,26.7N,84.8W,50,,,,,,,,,,,,,
AL,UNNAMED,1872,5,28,18721023,600,,TS,27.6N,83.3W,50,,,,,,,,,,,,,
AL,UNNAMED,1872,5,28,18721023,800,L,TS,27.9N,82.7W,50,,,,,,,,,,,,,
AL,UNNAMED,1872,5,28,18721023,1200,,TS,28.4N,81.8W,40,,,,,,,,,,,,,
AL,UNNAMED,1872,5,28,18721023,1800,,TS,29.0N,80.3W,40,,,,,,,,,,,,,
AL,UNNAMED,1872,5,28,18721024,0,,TS,30.0N,79.0W,50,,,,,,,,,,,,,
AL,UNNAMED,1872,5,28,18721024,600,,TS,31.3N,78.5W,60,,,,,,,,,,,,,
AL,UNNAMED,1872,5,28,18721024,1200,,HU,32.6N,78.2W,70,,,,,,,,,,,,,
AL,UNNAMED,1872,5,28,18721024,1800,,TS,33.6N,77.9W,60,,,,,,,,,,,,,
AL,UNNAMED,1872,5,28,18721025,0,,TS,34.3N,77.7W,50,,,,,,,,,,,,,
AL,UNNAMED,1872,5,28,18721025,100,L,TS,34.4N,77.7W,50,,,,,,,,,,,,,
AL,UNNAMED,1872,5,28,18721025,600,,TS,35.0N,77.5W,50,,,,,,,,,,,,,
AL,UNNAMED,1872,5,28,18721025,1200,,TS,35.7N,77.2W,40,,,,,,,,,,,,,
AL,UNNAMED,1872,5,28,18721025,1800,,TS,36.5N,76.9W,40,,,,,,,,,,,,,
AL,UNNAMED,1872,5,28,18721026,0,,TS,37.5N,76.5W,40,,,,,,,,,,,,,
AL,UNNAMED,1872,5,28,18721026,600,,TS,38.6N,75.8W,40,,,,,,,,,,,,,
AL,UNNAMED,1872,5,28,18721026,1200,,TS,39.7N,74.8W,40,,,,,,,,,,,,,
AL,UNNAMED,1872,5,28,18721026,1800,,TS,40.6N,73.8W,40,,,,,,,,,,,,,
AL,UNNAMED,1872,5,28,18721027,0,,TS,41.3N,72.6W,40,,,,,,,,,,,,,
AL,UNNAMED,1872,5,28,18721027,600,,TS,41.8N,71.3W,40,,,,,,,,,,,,,
AL,UNNAMED,1872,5,28,18721027,1200,,EX,42.4N,69.2W,40,,,,,,,,,,,,,
AL,UNNAMED,1872,5,28,18721027,1800,,EX,42.9N,67.2W,40,,,,,,,,,,,,,
AL,UNNAMED,1872,5,28,18721028,0,,EX,43.6N,65.0W,40,,,,,,,,,,,,,
AL,UNNAMED,1872,5,28,18721028,600,,EX,44.5N,62.5W,40,,,,,,,,,,,,,
AL,UNNAMED,1873,1,8,18730601,600,,TS,24.2N,78.8W,40,,,,,,,,,,,,,
AL,UNNAMED,1873,1,8,18730601,1200,,TS,25.6N,78.6W,40,,,,,,,,,,,,,
AL,UNNAMED,1873,1,8,18730601,1800,,TS,26.9N,78.5W,40,,,,,,,,,,,,,
AL,UNNAMED,1873,1,8,18730602,0,,TS,28.6N,78.6W,40,,,,,,,,,,,,,
AL,UNNAMED,1873,1,8,18730602,600,,TS,30.1N,79.9W,40,,,,,,,,,,,,,
AL,UNNAMED,1873,1,8,18730602,1100,L,TS,30.8N,81.4W,40,,,,,,,,,,,,,
AL,UNNAMED,1873,1,8,18730602,1200,,TS,31.0N,81.8W,40,,,,,,,,,,,,,
AL,UNNAMED,1873,1,8,18730602,1800,,TD,31.7N,83.8W,30,,,,,,,,,,,,,
AL,UNNAMED,1873,2,64,18730813,0,,TS,13.9N,25.0W,40,,,,,,,,,,,,,
AL,UNNAMED,1873,2,64,18730813,600,,TS,14.0N,26.0W,40,,,,,,,,,,,,,
AL,UNNAMED,1873,2,64,18730813,1200,,TS,14.0N,27.0W,40,,,,,,,,,,,,,
AL,UNNAMED,1873,2,64,18730813,1800,,TS,14.1N,28.1W,40,,,,,,,,,,,,,
AL,UNNAMED,1873,2,64,18730814,0,,TS,14.1N,29.3W,50,,,,,,,,,,,,,
AL,UNNAMED,1873,2,64,18730814,600,,TS,14.2N,30.6W,50,,,,,,,,,,,,,
AL,UNNAMED,1873,2,64,18730814,1200,,TS,14.3N,32.0W,50,,,,,,,,,,,,,
AL,UNNAMED,1873,2,64,18730814,1800,,TS,14.4N,33.0W,50,,,,,,,,,,,,,
AL,UNNAMED,1873,2,64,18730815,0,,TS,14.5N,34.4W,50,,,,,,,,,,,,,
AL,UNNAMED,1873,2,64,18730815,600,,TS,14.5N,35.9W,50,,,,,,,,,,,,,
AL,UNNAMED,1873,2,64,18730815,1200,,TS,14.5N,37.3W,50,,,,,,,,,,,,,
AL,UNNAMED,1873,2,64,18730815,1800,,TS,14.6N,38.4W,50,,,,,,,,,,,,,
AL,UNNAMED,1873,2,64,18730816,0,,TS,14.7N,39.7W,60,,,,,,,,,,,,,
AL,UNNAMED,1873,2,64,18730816,600,,TS,14.8N,41.2W,60,,,,,,,,,,,,,
AL,UNNAMED,1873,2,64,18730816,1200,,TS,15.0N,42.7W,60,,,,,,,,,,,,,
AL,UNNAMED,1873,2,64,18730816,1800,,TS,15.3N,44.0W,60,,,,,,,,,,,,,
AL,UNNAMED,1873,2,64,18730817,0,,HU,15.6N,45.5W,70,,,,,,,,,,,,,
AL,UNNAMED,1873,2,64,18730817,600,,HU,16.0N,47.0W,70,,,,,,,,,,,,,
AL,UNNAMED,1873,2,64,18730817,1200,,HU,16.5N,49.0W,70,,,,,,,,,,,,,
AL,UNNAMED,1873,2,64,18730817,1800,,HU,16.9N,50.5W,70,,,,,,,,,,,,,
AL,UNNAMED,1873,2,64,18730818,0,,HU,17.5N,52.0W,70,,,,,,,,,,,,,
AL,UNNAMED,1873,2,64,18730818,600,,HU,18.2N,53.6W,70,,,,,,,,,,,,,
AL,UNNAMED,1873,2,64,18730818,1200,,HU,18.7N,55.0W,70,,,,,,,,,,,,,
AL,UNNAMED,1873,2,64,18730818,1800,,HU,19.5N,56.4W,70,,,,,,,,,,,,,
AL,UNNAMED,1873,2,64,18730819,0,,HU,20.2N,57.9W,80,,,,,,,,,,,,,
AL,UNNAMED,1873,2,64,18730819,600,,HU,21.2N,59.5W,80,,,,,,,,,,,,,
AL,UNNAMED,1873,2,64,18730819,1200,,HU,22.0N,61.0W,80,,,,,,,,,,,,,
AL,UNNAMED,1873,2,64,18730819,1800,,HU,22.9N,62.1W,80,,,,,,,,,,,,,
AL,UNNAMED,1873,2,64,18730820,0,,HU,23.9N,63.5W,80,,,,,,,,,,,,,
AL,UNNAMED,1873,2,64,18730820,600,,HU,24.9N,64.6W,80,,,,,,,,,,,,,
AL,UNNAMED,1873,2,64,18730820,1200,,HU,26.0N,65.6W,80,,,,,,,,,,,,,
AL,UNNAMED,1873,2,64,18730820,1800,,HU,26.8N,66.6W,80,,,,,,,,,,,,,
AL,UNNAMED,1873,2,64,18730821,0,,HU,27.8N,67.3W,90,,,,,,,,,,,,,
AL,UNNAMED,1873,2,64,18730821,600,,HU,29.0N,67.8W,90,,,,,,,,,,,,,
AL,UNNAMED,1873,2,64,18730821,1200,,HU,30.3N,68.2W,90,,,,,,,,,,,,,
AL,UNNAMED,1873,2,64,18730821,1800,,HU,31.0N,68.4W,90,,,,,,,,,,,,,
AL,UNNAMED,1873,2,64,18730822,0,,HU,31.7N,68.5W,90,,,,,,,,,,,,,
AL,UNNAMED,1873,2,64,18730822,600,,HU,32.5N,68.6W,90,,,,,,,,,,,,,
AL,UNNAMED,1873,2,64,18730822,1200,,HU,33.3N,68.5W,90,,,,,,,,,,,,,
AL,UNNAMED,1873,2,64,18730822,1800,,HU,34.3N,68.3W,90,,,,,,,,,,,,,
AL,UNNAMED,1873,2,64,18730823,0,,HU,35.2N,68.0W,100,,,,,,,,,,,,,
AL,UNNAMED,1873,2,64,18730823,600,,HU,36.0N,67.6W,100,,,,,,,,,,,,,
AL,UNNAMED,1873,2,64,18730823,1200,,HU,37.0N,67.0W,100,,,,,,,,,,,,,
AL,UNNAMED,1873,2,64,18730823,1800,,HU,38.3N,66.4W,100,,,,,,,,,,,,,
AL,UNNAMED,1873,2,64,18730824,0,,HU,39.5N,65.8W,100,,,,,,,,,,,,,
AL,UNNAMED,1873,2,64,18730824,600,,HU,40.9N,64.6W,100,,,,,,,,,,,,,
AL,UNNAMED,1873,2,64,18730824,1200,,HU,42.0N,63.5W,90,,,,,,,,,,,,,
AL,UNNAMED,1873,2,64,18730824,1800,,HU,43.0N,61.4W,90,,,,,,,,,,,,,
AL,UNNAMED,1873,2,64,18730825,0,,HU,43.7N,58.9W,90,962,,,,,,,,,,,,
AL,UNNAMED,1873,2,64,18730825,600,,HU,44.4N,56.6W,90,,,,,,,,,,,,,
AL,UNNAMED,1873,2,64,18730825,1200,,HU,45.0N,55.0W,80,,,,,,,,,,,,,
AL,UNNAMED,1873,2,64,18730825,1800,,HU,45.7N,54.3W,80,,,,,,,,,,,,,
AL,UNNAMED,1873,2,64,18730826,0,,HU,46.0N,54.1W,80,,,,,,,,,,,,,
AL,UNNAMED,1873,2,64,18730826,600,,HU,46.5N,54.1W,80,,,,,,,,,,,,,
AL,UNNAMED,1873,2,64,18730826,1200,,HU,47.0N,54.0W,70,,,,,,,,,,,,,
AL,UNNAMED,1873,2,64,18730826,1800,,HU,47.4N,54.0W,70,,,,,,,,,,,,,
AL,UNNAMED,1873,2,64,18730827,0,,HU,47.8N,53.9W,70,,,,,,,,,,,,,
AL,UNNAMED,1873,2,64,18730827,600,,HU,48.2N,53.7W,70,,,,,,,,,,,,,
AL,UNNAMED,1873,2,64,18730827,1200,,EX,48.5N,53.5W,60,,,,,,,,,,,,,
AL,UNNAMED,1873,2,64,18730827,1800,,EX,49.4N,52.6W,60,,,,,,,,,,,,,
AL,UNNAMED,1873,2,64,18730828,0,,EX,50.4N,51.3W,60,,,,,,,,,,,,,
AL,UNNAMED,1873,2,64,18730828,600,,EX,51.0N,49.8W,60,,,,,,,,,,,,,
AL,UNNAMED,1873,2,64,18730828,1200,,EX,52.0N,48.0W,50,,,,,,,,,,,,,
AL,UNNAMED,1873,2,64,18730828,1800,,EX,53.0N,46.0W,50,,,,,,,,,,,,,
AL,UNNAMED,1873,3,13,18730918,0,,HU,22.7N,89.9W,70,,,,,,,,,,,,,
AL,UNNAMED,1873,3,13,18730918,600,,HU,23.5N,89.9W,70,,,,,,,,,,,,,
AL,UNNAMED,1873,3,13,18730918,1200,,HU,24.5N,89.6W,70,,,,,,,,,,,,,
AL,UNNAMED,1873,3,13,18730918,1800,,HU,25.7N,88.9W,70,,,,,,,,,,,,,
AL,UNNAMED,1873,3,13,18730919,0,,HU,26.8N,87.8W,70,,,,,,,,,,,,,
AL,UNNAMED,1873,3,13,18730919,600,,HU,27.9N,86.6W,70,,,,,,,,,,,,,
AL,UNNAMED,1873,3,13,18730919,1200,,HU,29.1N,85.1W,70,,,,,,,,,,,,,
AL,UNNAMED,1873,3,13,18730919,1500,L,HU,29.9N,84.4W,70,,,,,,,,,,,,,
AL,UNNAMED,1873,3,13,18730919,1800,,TS,30.7N,83.4W,60,,,,,,,,,,,,,
AL,UNNAMED,1873,3,13,18730920,0,,TS,32.5N,80.6W,50,,,,,,,,,,,,,
AL,UNNAMED,1873,3,13,18730920,600,,TS,33.5N,77.8W,60,,,,,,,,,,,,,
AL,UNNAMED,1873,3,13,18730920,1200,,HU,34.2N,74.5W,70,,,,,,,,,,,,,
AL,UNNAMED,1873,3,13,18730920,1800,,HU,34.5N,70.3W,70,,,,,,,,,,,,,
AL,UNNAMED,1873,4,13,18730922,0,,TS,22.2N,86.1W,40,,,,,,,,,,,,,
AL,UNNAMED,1873,4,13,18730922,600,,TS,23.2N,86.0W,40,,,,,,,,,,,,,
AL,UNNAMED,1873,4,13,18730922,1200,,TS,24.2N,85.5W,40,,,,,,,,,,,,,
AL,UNNAMED,1873,4,13,18730922,1800,,TS,25.0N,85.0W,40,,,,,,,,,,,,,
AL,UNNAMED,1873,4,13,18730923,0,,TS,26.0N,84.1W,50,,,,,,,,,,,,,
AL,UNNAMED,1873,4,13,18730923,600,,TS,27.0N,83.4W,50,,,,,,,,,,,,,
AL,UNNAMED,1873,4,13,18730923,1000,L,TS,27.8N,82.8W,50,,,,,,,,,,,,,
AL,UNNAMED,1873,4,13,18730923,1200,,TS,28.1N,82.6W,50,,,,,,,,,,,,,
AL,UNNAMED,1873,4,13,18730923,1800,,TS,29.3N,81.3W,40,,,,,,,,,,,,,
AL,UNNAMED,1873,4,13,18730924,0,,TS,31.1N,79.0W,40,,,,,,,,,,,,,
AL,UNNAMED,1873,4,13,18730924,600,,TS,32.9N,76.8W,40,,,,,,,,,,,,,
AL,UNNAMED,1873,4,13,18730924,1200,,TS,34.9N,73.6W,50,,,,,,,,,,,,,
AL,UNNAMED,1873,4,13,18730924,1800,,TS,36.7N,70.0W,50,,,,,,,,,,,,,
AL,UNNAMED,1873,5,59,18730926,0,,TS,14.7N,62.3W,40,,,,,,,,,,,,,
AL,UNNAMED,1873,5,59,18730926,600,,TS,14.8N,63.1W,40,,,,,,,,,,,,,
AL,UNNAMED,1873,5,59,18730926,1200,,TS,15.0N,64.0W,50,,,,,,,,,,,,,
AL,UNNAMED,1873,5,59,18730926,1800,,TS,15.3N,65.1W,50,,,,,,,,,,,,,
AL,UNNAMED,1873,5,59,18730927,0,,TS,15.7N,66.5W,60,,,,,,,,,,,,,
AL,UNNAMED,1873,5,59,18730927,600,,TS,16.0N,67.6W,60,,,,,,,,,,,,,
AL,UNNAMED,1873,5,59,18730927,1200,,HU,16.2N,69.0W,70,,,,,,,,,,,,,
AL,UNNAMED,1873,5,59,18730927,1800,,HU,16.6N,70.1W,70,,,,,,,,,,,,,
AL,UNNAMED,1873,5,59,18730928,0,,HU,16.9N,71.1W,80,,,,,,,,,,,,,
AL,UNNAMED,1873,5,59,18730928,600,,HU,17.4N,72.3W,90,,,,,,,,,,,,,
AL,UNNAMED,1873,5,59,18730928,1200,,HU,18.0N,73.0W,100,,,,,,,,,,,,,
AL,UNNAMED,1873,5,59,18730928,1800,,HU,19.0N,73.9W,90,,,,,,,,,,,,,
AL,UNNAMED,1873,5,59,18730929,0,,HU,19.7N,74.5W,90,,,,,,,,,,,,,
AL,UNNAMED,1873,5,59,18730929,600,,HU,20.2N,75.5W,80,,,,,,,,,,,,,
AL,UNNAMED,1873,5,59,18730929,1200,,TS,20.2N,76.5W,60,,,,,,,,,,,,,
AL,UNNAMED,1873,5,59,18730929,1800,,TS,20.2N,77.1W,50,,,,,,,,,,,,,
AL,UNNAMED,1873,5,59,18730930,0,,TS,20.1N,77.8W,40,,,,,,,,,,,,,
AL,UNNAMED,1873,5,59,18730930,600,,TS,20.0N,78.4W,40,,,,,,,,,,,,,
AL,UNNAMED,1873,5,59,18730930,1200,,TS,20.0N,79.0W,40,,,,,,,,,,,,,
AL,UNNAMED,1873,5,59,18730930,1800,,TS,20.1N,79.6W,40,,,,,,,,,,,,,
AL,UNNAMED,1873,5,59,18731001,0,,TS,20.1N,80.1W,40,,,,,,,,,,,,,
AL,UNNAMED,1873,5,59,18731001,600,,TS,20.1N,80.6W,40,,,,,,,,,,,,,
AL,UNNAMED,1873,5,59,18731001,1200,,TS,20.0N,81.0W,40,,,,,,,,,,,,,
AL,UNNAMED,1873,5,59,18731001,1800,,TS,20.0N,81.4W,40,,,,,,,,,,,,,
AL,UNNAMED,1873,5,59,18731002,0,,TS,20.0N,81.8W,50,,,,,,,,,,,,,
AL,UNNAMED,1873,5,59,18731002,600,,TS,20.0N,82.1W,50,,,,,,,,,,,,,
AL,UNNAMED,1873,5,59,18731002,1200,,TS,20.0N,82.5W,50,,,,,,,,,,,,,
AL,UNNAMED,1873,5,59,18731002,1800,,TS,20.0N,82.8W,50,,,,,,,,,,,,,
AL,UNNAMED,1873,5,59,18731003,0,,TS,20.0N,83.1W,60,,,,,,,,,,,,,
AL,UNNAMED,1873,5,59,18731003,600,,TS,20.0N,83.6W,60,,,,,,,,,,,,,
AL,UNNAMED,1873,5,59,18731003,1200,,HU,20.0N,84.0W,70,,,,,,,,,,,,,
AL,UNNAMED,1873,5,59,18731003,1800,,HU,20.0N,84.6W,70,,,,,,,,,,,,,
AL,UNNAMED,1873,5,59,18731004,0,,HU,20.0N,85.1W,70,,,,,,,,,,,,,
AL,UNNAMED,1873,5,59,18731004,600,,HU,20.1N,85.6W,70,,,,,,,,,,,,,
AL,UNNAMED,1873,5,59,18731004,1200,,HU,20.2N,86.0W,80,,,,,,,,,,,,,
AL,UNNAMED,1873,5,59,18731004,1800,,HU,20.4N,86.1W,80,,,,,,,,,,,,,
AL,UNNAMED,1873,5,59,18731005,0,,HU,20.8N,86.4W,80,,,,,,,,,,,,,
AL,UNNAMED,1873,5,59,18731005,600,,HU,21.2N,86.5W,80,,,,,,,,,,,,,
AL,UNNAMED,1873,5,59,18731005,1200,,HU,21.5N,86.5W,90,,,,,,,,,,,,,
AL,UNNAMED,1873,5,59,18731005,1800,,HU,21.9N,86.4W,90,,,,,,,,,,,,,
AL,UNNAMED,1873,5,59,18731006,0,,HU,22.4N,86.1W,90,,,,,,,,,,,,,
AL,UNNAMED,1873,5,59,18731006,600,,HU,23.0N,85.9W,90,,,,,,,,,,,,,
AL,UNNAMED,1873,5,59,18731006,1200,,HU,23.7N,85.5W,100,,,,,,,,,,,,,
AL,UNNAMED,1873,5,59,18731006,1800,,HU,24.7N,84.1W,100,,,,,,,,,,,,,
AL,UNNAMED,1873,5,59,18731007,0,,HU,26.2N,82.5W,100,959,,,,,,,,,,,,
AL,UNNAMED,1873,5,59,18731007,100,L,HU,26.5N,82.2W,100,959,,,,,,,,,,,,
AL,UNNAMED,1873,5,59,18731007,600,,HU,28.1N,80.3W,80,,,,,,,,,,,,,
AL,UNNAMED,1873,5,59,18731007,1200,,HU,29.7N,78.6W,80,,,,,,,,,,,,,
AL,UNNAMED,1873,5,59,18731007,1800,,HU,31.1N,77.1W,80,,,,,,,,,,,,,
AL,UNNAMED,1873,5,59,18731008,0,,HU,32.4N,75.6W,90,,,,,,,,,,,,,
AL,UNNAMED,1873,5,59,18731008,600,,HU,33.7N,74.1W,90,,,,,,,,,,,,,
AL,UNNAMED,1873,5,59,18731008,1200,,HU,35.0N,72.6W,80,,,,,,,,,,,,,
AL,UNNAMED,1873,5,59,18731008,1800,,HU,36.3N,70.9W,80,,,,,,,,,,,,,
AL,UNNAMED,1873,5,59,18731009,0,,HU,37.5N,68.5W,70,,,,,,,,,,,,,
AL,UNNAMED,1873,5,59,18731009,600,,HU,38.8N,66.1W,70,,,,,,,,,,,,,
AL,UNNAMED,1873,5,59,18731009,1200,,EX,39.5N,64.5W,60,,,,,,,,,,,,,
AL,UNNAMED,1873,5,59,18731009,1800,,EX,40.0N,63.0W,60,,,,,,,,,,,,,
AL,UNNAMED,1873,5,59,18731010,0,,EX,40.5N,61.5W,60,,,,,,,,,,,,,
AL,UNNAMED,1873,5,59,18731010,600,,EX,41.0N,60.0W,60,,,,,,,,,,,,,
AL,UNNAMED,1874,1,15,18740702,0,,TS,25.8N,85.1W,40,,,,,,,,,,,,,
AL,UNNAMED,1874,1,15,18740702,600,,TS,26.2N,85.9W,40,,,,,,,,,,,,,
AL,UNNAMED,1874,1,15,18740702,1200,,TS,26.7N,86.6W,40,,,,,,,,,,,,,
AL,UNNAMED,1874,1,15,18740702,1800,,TS,27.1N,87.4W,40,,,,,,,,,,,,,
AL,UNNAMED,1874,1,15,18740703,0,,TS,27.4N,88.3W,50,,,,,,,,,,,,,
AL,UNNAMED,1874,1,15,18740703,600,,TS,27.7N,89.1W,50,,,,,,,,,,,,,
AL,UNNAMED,1874,1,15,18740703,1200,,TS,27.8N,90.1W,50,,,,,,,,,,,,,
AL,UNNAMED,1874,1,15,18740703,1800,,TS,27.9N,91.3W,50,,,,,,,,,,,,,
AL,UNNAMED,1874,1,15,18740704,0,,TS,27.9N,92.5W,50,,,,,,,,,,,,,
AL,UNNAMED,1874,1,15,18740704,600,,TS,27.9N,93.8W,50,,,,,,,,,,,,,
AL,UNNAMED,1874,1,15,18740704,1200,,TS,28.0N,94.9W,50,,,,,,,,,,,,,
AL,UNNAMED,1874,1,15,18740704,1800,,TS,28.3N,95.8W,50,,,,,,,,,,,,,
AL,UNNAMED,1874,1,15,18740704,2000,L,TS,28.5N,96.2W,50,,,,,,,,,,,,,
AL,UNNAMED,1874,1,15,18740705,0,,TS,28.8N,96.8W,40,,,,,,,,,,,,,
AL,UNNAMED,1874,1,15,18740705,600,,TD,29.4N,97.8W,30,,,,,,,,,,,,,
AL,UNNAMED,1874,2,20,18740803,0,,TS,24.7N,53.6W,50,,,,,,,,,,,,,
AL,UNNAMED,1874,2,20,18740803,600,,TS,26.0N,54.6W,50,,,,,,,,,,,,,
AL,UNNAMED,1874,2,20,18740803,1200,,TS,27.0N,55.4W,50,,,,,,,,,,,,,
AL,UNNAMED,1874,2,20,18740803,1800,,TS,28.1N,56.3W,50,,,,,,,,,,,,,
AL,UNNAMED,1874,2,20,18740804,0,,TS,29.5N,57.4W,60,,,,,,,,,,,,,
AL,UNNAMED,1874,2,20,18740804,600,,TS,30.6N,58.2W,60,,,,,,,,,,,,,
AL,UNNAMED,1874,2,20,18740804,1200,,TS,31.6N,59.0W,60,,,,,,,,,,,,,
AL,UNNAMED,1874,2,20,18740804,1800,,TS,32.5N,59.7W,60,,,,,,,,,,,,,
AL,UNNAMED,1874,2,20,18740805,0,,HU,33.5N,60.3W,70,,,,,,,,,,,,,
AL,UNNAMED,1874,2,20,18740805,600,,HU,34.4N,60.8W,70,,,,,,,,,,,,,
AL,UNNAMED,1874,2,20,18740805,1200,,HU,35.4N,61.3W,70,,,,,,,,,,,,,
AL,UNNAMED,1874,2,20,18740805,1800,,HU,36.8N,61.6W,70,,,,,,,,,,,,,
AL,UNNAMED,1874,2,20,18740806,0,,HU,38.0N,62.0W,70,,,,,,,,,,,,,
AL,UNNAMED,1874,2,20,18740806,600,,HU,39.8N,62.0W,70,,,,,,,,,,,,,
AL,UNNAMED,1874,2,20,18740806,1200,,HU,41.2N,61.8W,70,,,,,,,,,,,,,
AL,UNNAMED,1874,2,20,18740806,1800,,HU,43.0N,61.1W,70,,,,,,,,,,,,,
AL,UNNAMED,1874,2,20,18740807,0,,HU,44.5N,59.9W,70,,,,,,,,,,,,,
AL,UNNAMED,1874,2,20,18740807,600,,HU,46.0N,58.4W,70,,,,,,,,,,,,,
AL,UNNAMED,1874,2,20,18740807,1200,,TS,47.0N,57.0W,60,,,,,,,,,,,,,
AL,UNNAMED,1874,2,20,18740807,1800,,TS,47.7N,55.7W,60,,,,,,,,,,,,,
AL,UNNAMED,1874,3,42,18740829,0,,TS,13.6N,34.5W,40,,,,,,,,,,,,,
AL,UNNAMED,1874,3,42,18740829,600,,TS,13.8N,35.5W,40,,,,,,,,,,,,,
AL,UNNAMED,1874,3,42,18740829,1200,,TS,14.0N,36.5W,40,,,,,,,,,,,,,
AL,UNNAMED,1874,3,42,18740829,1800,,TS,14.3N,37.5W,40,,,,,,,,,,,,,
AL,UNNAMED,1874,3,42,18740830,0,,TS,14.6N,38.5W,40,,,,,,,,,,,,,
AL,UNNAMED,1874,3,42,18740830,600,,TS,14.9N,39.5W,40,,,,,,,,,,,,,
AL,UNNAMED,1874,3,42,18740830,1200,,TS,15.3N,40.5W,40,,,,,,,,,,,,,
AL,UNNAMED,1874,3,42,18740830,1800,,TS,15.6N,41.4W,40,,,,,,,,,,,,,
AL,UNNAMED,1874,3,42,18740831,0,,TS,15.9N,42.4W,50,,,,,,,,,,,,,
AL,UNNAMED,1874,3,42,18740831,600,,TS,16.2N,43.5W,50,,,,,,,,,,,,,
AL,UNNAMED,1874,3,42,18740831,1200,,TS,16.7N,44.7W,50,,,,,,,,,,,,,
AL,UNNAMED,1874,3,42,18740831,1800,,TS,17.0N,45.8W,50,,,,,,,,,,,,,
AL,UNNAMED,1874,3,42,18740901,0,,TS,17.5N,46.9W,60,,,,,,,,,,,,,
AL,UNNAMED,1874,3,42,18740901,600,,TS,17.7N,48.0W,60,,,,,,,,,,,,,
AL,UNNAMED,1874,3,42,18740901,1200,,TS,18.2N,49.3W,60,,,,,,,,,,,,,
AL,UNNAMED,1874,3,42,18740901,1800,,TS,18.7N,50.5W,60,,,,,,,,,,,,,
AL,UNNAMED,1874,3,42,18740902,0,,HU,19.4N,51.8W,70,,,,,,,,,,,,,
AL,UNNAMED,1874,3,42,18740902,600,,HU,19.9N,52.8W,70,,,,,,,,,,,,,
AL,UNNAMED,1874,3,42,18740902,1200,,HU,20.5N,54.0W,70,,,,,,,,,,,,,
AL,UNNAMED,1874,3,42,18740902,1800,,HU,21.1N,55.0W,70,,,,,,,,,,,,,
AL,UNNAMED,1874,3,42,18740903,0,,HU,21.7N,56.0W,70,,,,,,,,,,,,,
AL,UNNAMED,1874,3,42,18740903,600,,HU,22.4N,57.1W,70,,,,,,,,,,,,,
AL,UNNAMED,1874,3,42,18740903,1200,,HU,23.0N,58.0W,70,,,,,,,,,,,,,
AL,UNNAMED,1874,3,42,18740903,1800,,HU,23.6N,58.9W,70,,,,,,,,,,,,,
AL,UNNAMED,1874,3,42,18740904,0,,HU,24.5N,59.8W,70,,,,,,,,,,,,,
AL,UNNAMED,1874,3,42,18740904,600,,HU,25.4N,60.7W,70,,,,,,,,,,,,,
AL,UNNAMED,1874,3,42,18740904,1200,,HU,26.5N,61.5W,70,,,,,,,,,,,,,
AL,UNNAMED,1874,3,42,18740904,1800,,HU,27.3N,62.2W,70,,,,,,,,,,,,,
AL,UNNAMED,1874,3,42,18740905,0,,HU,28.1N,62.9W,70,,,,,,,,,,,,,
AL,UNNAMED,1874,3,42,18740905,600,,HU,29.1N,63.8W,70,,,,,,,,,,,,,
AL,UNNAMED,1874,3,42,18740905,1200,,HU,30.0N,64.3W,70,,,,,,,,,,,,,
AL,UNNAMED,1874,3,42,18740905,1800,,HU,31.1N,65.0W,70,,,,,,,,,,,,,
AL,UNNAMED,1874,3,42,18740906,0,,HU,32.3N,65.6W,80,,,,,,,,,,,,,
AL,UNNAMED,1874,3,42,18740906,600,,HU,33.5N,66.1W,80,,,,,,,,,,,,,
AL,UNNAMED,1874,3,42,18740906,1200,,HU,35.0N,66.6W,80,,,,,,,,,,,,,
AL,UNNAMED,1874,3,42,18740906,1800,,HU,37.0N,67.0W,80,,,,,,,,,,,,,
AL,UNNAMED,1874,3,42,18740907,0,,HU,39.3N,66.5W,80,,,,,,,,,,,,,
AL,UNNAMED,1874,3,42,18740907,600,,HU,41.3N,65.1W,80,,,,,,,,,,,,,
AL,UNNAMED,1874,3,42,18740907,1200,,EX,42.9N,63.5W,70,,,,,,,,,,,,,
AL,UNNAMED,1874,3,42,18740907,1800,,EX,44.5N,61.0W,70,,,,,,,,,,,,,
AL,UNNAMED,1874,3,42,18740908,0,,EX,46.0N,58.0W,60,,,,,,,,,,,,,
AL,UNNAMED,1874,3,42,18740908,600,,EX,47.5N,55.0W,60,,,,,,,,,,,,,
AL,UNNAMED,1874,4,24,18740902,0,,TS,20.4N,94.6W,40,,,,,,,,,,,,,
AL,UNNAMED,1874,4,24,18740902,600,,TS,20.7N,95.0W,40,,,,,,,,,,,,,
AL,UNNAMED,1874,4,24,18740902,1200,,TS,21.2N,95.3W,40,,,,,,,,,,,,,
AL,UNNAMED,1874,4,24,18740902,1800,,TS,21.5N,95.6W,40,,,,,,,,,,,,,
AL,UNNAMED,1874,4,24,18740903,0,,TS,22.0N,95.9W,40,,,,,,,,,,,,,
AL,UNNAMED,1874,4,24,18740903,600,,TS,22.4N,96.2W,40,,,,,,,,,,,,,
AL,UNNAMED,1874,4,24,18740903,1200,,TS,22.9N,96.5W,40,,,,,,,,,,,,,
AL,UNNAMED,1874,4,24,18740903,1800,,TS,23.4N,96.8W,40,,,,,,,,,,,,,
AL,UNNAMED,1874,4,24,18740904,0,,TS,23.9N,97.1W,50,,,,,,,,,,,,,
AL,UNNAMED,1874,4,24,18740904,600,,TS,24.4N,97.4W,50,,,,,,,,,,,,,
AL,UNNAMED,1874,4,24,18740904,1200,,TS,25.0N,97.6W,50,,,,,,,,,,,,,
AL,UNNAMED,1874,4,24,18740904,1800,,TS,25.5N,97.8W,50,,,,,,,,,,,,,
AL,UNNAMED,1874,4,24,18740905,0,,TS,26.1N,98.0W,40,,,,,,,,,,,,,
AL,UNNAMED,1874,4,24,18740905,600,,TS,26.7N,98.1W,40,,,,,,,,,,,,,
AL,UNNAMED,1874,4,24,18740905,1200,,TD,27.3N,98.2W,30,,,,,,,,,,,,,
AL,UNNAMED,1874,4,24,18740905,1800,,TD,27.8N,98.3W,30,,,,,,,,,,,,,
AL,UNNAMED,1874,4,24,18740906,0,,TD,28.3N,98.4W,30,,,,,,,,,,,,,
AL,UNNAMED,1874,4,24,18740906,600,,TD,28.8N,98.5W,30,,,,,,,,,,,,,
AL,UNNAMED,1874,4,24,18740906,1200,,TD,29.2N,98.5W,30,,,,,,,,,,,,,
AL,UNNAMED,1874,4,24,18740906,1800,,TD,29.7N,98.5W,30,,,,,,,,,,,,,
AL,UNNAMED,1874,4,24,18740907,0,,TD,30.3N,98.5W,30,,,,,,,,,,,,,
AL,UNNAMED,1874,4,24,18740907,600,,TD,31.0N,98.4W,30,,,,,,,,,,,,,
AL,UNNAMED,1874,4,24,18740907,1200,,TD,31.7N,98.4W,30,,,,,,,,,,,,,
AL,UNNAMED,1874,4,24,18740907,1800,,TD,32.5N,98.3W,30,,,,,,,,,,,,,
AL,UNNAMED,1874,5,16,18740908,0,,TS,25.8N,70.6W,50,,,,,,,,,,,,,
AL,UNNAMED,1874,5,16,18740908,600,,TS,26.7N,71.3W,50,,,,,,,,,,,,,
AL,UNNAMED,1874,5,16,18740908,1200,,TS,27.7N,72.1W,50,,,,,,,,,,,,,
AL,UNNAMED,1874,5,16,18740908,1800,,TS,28.8N,72.8W,50,,,,,,,,,,,,,
AL,UNNAMED,1874,5,16,18740909,0,,TS,29.9N,73.1W,50,,,,,,,,,,,,,
AL,UNNAMED,1874,5,16,18740909,600,,TS,31.0N,73.4W,50,,,,,,,,,,,,,
AL,UNNAMED,1874,5,16,18740909,1200,,TS,32.2N,73.6W,50,,,,,,,,,,,,,
AL,UNNAMED,1874,5,16,18740909,1800,,TS,33.8N,73.0W,50,,,,,,,,,,,,,
AL,UNNAMED,1874,5,16,18740910,0,,TS,35.5N,71.8W,50,,,,,,,,,,,,,
AL,UNNAMED,1874,5,16,18740910,600,,TS,36.5N,69.6W,50,,,,,,,,,,,,,
AL,UNNAMED,1874,5,16,18740910,1200,,TS,37.5N,67.3W,50,,,,,,,,,,,,,
AL,UNNAMED,1874,5,16,18740910,1800,,TS,38.5N,65.1W,50,,,,,,,,,,,,,
AL,UNNAMED,1874,5,16,18740911,0,,TS,39.9N,63.3W,50,,,,,,,,,,,,,
AL,UNNAMED,1874,5,16,18740911,600,,TS,42.0N,60.8W,50,,,,,,,,,,,,,
AL,UNNAMED,1874,5,16,18740911,1200,,TS,44.0N,58.5W,50,,,,,,,,,,,,,
AL,UNNAMED,1874,5,16,18740911,1800,,TS,45.5N,56.8W,50,,,,,,,,,,,,,
AL,UNNAMED,1874,6,27,18740925,0,,TS,17.5N,86.4W,40,,,,,,,,,,,,,
AL,UNNAMED,1874,6,27,18740925,600,,TS,18.1N,87.1W,40,,,,,,,,,,,,,
AL,UNNAMED,1874,6,27,18740925,1200,,TS,18.5N,87.5W,50,,,,,,,,,,,,,
AL,UNNAMED,1874,6,27,18740925,1800,,TS,19.0N,88.0W,40,,,,,,,,,,,,,
AL,UNNAMED,1874,6,27,18740926,0,,TS,19.6N,88.4W,40,,,,,,,,,,,,,
AL,UNNAMED,1874,6,27,18740926,600,,TD,20.4N,88.6W,30,,,,,,,,,,,,,
AL,UNNAMED,1874,6,27,18740926,1200,,TD,21.2N,88.8W,30,,,,,,,,,,,,,
AL,UNNAMED,1874,6,27,18740926,1800,,TS,22.2N,88.5W,40,,,,,,,,,,,,,
AL,UNNAMED,1874,6,27,18740927,0,,TS,23.2N,88.0W,50,,,,,,,,,,,,,
AL,UNNAMED,1874,6,27,18740927,600,,TS,24.2N,87.5W,50,,,,,,,,,,,,,
AL,UNNAMED,1874,6,27,18740927,1200,,TS,25.2N,86.5W,60,,,,,,,,,,,,,
AL,UNNAMED,1874,6,27,18740927,1800,,TS,26.8N,85.1W,60,,,,,,,,,,,,,
AL,UNNAMED,1874,6,27,18740928,0,,HU,28.2N,83.6W,70,,,,,,,,,,,,,
AL,UNNAMED,1874,6,27,18740928,300,L,HU,29.1N,82.9W,70,,,,,,,,,,,,,
AL,UNNAMED,1874,6,27,18740928,600,,TS,29.8N,82.3W,60,,,,,,,,,,,,,
AL,UNNAMED,1874,6,27,18740928,1200,,HU,31.4N,81.0W,70,,,,,,,,,,,,,
AL,UNNAMED,1874,6,27,18740928,1800,L,HU,32.8N,80.0W,80,981,,,,,,,,,,,,
AL,UNNAMED,1874,6,27,18740929,0,,HU,34.0N,79.0W,70,,,,,,,,,,,,,
AL,UNNAMED,1874,6,27,18740929,600,,TS,35.2N,78.0W,60,,,,,,,,,,,,,
AL,UNNAMED,1874,6,27,18740929,1200,,TS,36.8N,77.0W,50,,,,,,,,,,,,,
AL,UNNAMED,1874,6,27,18740929,1800,,TS,38.9N,75.5W,50,,,,,,,,,,,,,
AL,UNNAMED,1874,6,27,18740930,0,,TS,40.9N,73.6W,60,,,,,,,,,,,,,
AL,UNNAMED,1874,6,27,18740930,600,,TS,42.7N,71.6W,60,,,,,,,,,,,,,
AL,UNNAMED,1874,6,27,18740930,1200,,EX,44.3N,70.0W,60,,,,,,,,,,,,,
AL,UNNAMED,1874,6,27,18740930,1800,,EX,46.0N,68.0W,60,980,,,,,,,,,,,,
AL,UNNAMED,1874,6,27,18741001,0,,EX,48.0N,65.5W,50,,,,,,,,,,,,,
AL,UNNAMED,1874,6,27,18741001,600,,EX,50.0N,63.0W,50,,,,,,,,,,,,,
AL,UNNAMED,1874,7,20,18741031,0,,TS,13.5N,78.4W,40,,,,,,,,,,,,,
AL,UNNAMED,1874,7,20,18741031,600,,TS,14.1N,78.3W,40,,,,,,,,,,,,,
AL,UNNAMED,1874,7,20,18741031,1200,,TS,14.7N,78.1W,50,,,,,,,,,,,,,
AL,UNNAMED,1874,7,20,18741031,1800,,TS,15.1N,78.1W,50,,,,,,,,,,,,,
AL,UNNAMED,1874,7,20,18741101,0,,TS,15.7N,77.9W,60,,,,,,,,,,,,,
AL,UNNAMED,1874,7,20,18741101,600,,TS,16.0N,77.8W,60,,,,,,,,,,,,,
AL,UNNAMED,1874,7,20,18741101,1200,,HU,16.4N,77.6W,70,,,,,,,,,,,,,
AL,UNNAMED,1874,7,20,18741101,1800,,HU,17.1N,77.4W,80,,,,,,,,,,,,,
AL,UNNAMED,1874,7,20,18741102,0,,HU,17.7N,77.2W,90,,,,,,,,,,,,,
AL,UNNAMED,1874,7,20,18741102,600,,HU,18.4N,77.0W,70,,,,,,,,,,,,,
AL,UNNAMED,1874,7,20,18741102,1200,,TS,19.1N,76.6W,60,,,,,,,,,,,,,
AL,UNNAMED,1874,7,20,18741102,1800,,TS,19.9N,76.1W,60,,,,,,,,,,,,,
AL,UNNAMED,1874,7,20,18741103,0,,TS,20.5N,75.8W,50,,,,,,,,,,,,,
AL,UNNAMED,1874,7,20,18741103,600,,TS,21.0N,75.4W,50,,,,,,,,,,,,,
AL,UNNAMED,1874,7,20,18741103,1200,,TS,21.5N,75.0W,60,,,,,,,,,,,,,
AL,UNNAMED,1874,7,20,18741103,1800,,TS,22.2N,74.4W,60,,,,,,,,,,,,,
AL,UNNAMED,1874,7,20,18741104,0,,HU,23.1N,73.9W,70,,,,,,,,,,,,,
AL,UNNAMED,1874,7,20,18741104,600,,HU,23.7N,73.4W,70,,,,,,,,,,,,,
AL,UNNAMED,1874,7,20,18741104,1200,,HU,24.5N,73.0W,70,,,,,,,,,,,,,
AL,UNNAMED,1874,7,20,18741104,1800,,HU,25.5N,72.5W,70,,,,,,,,,,,,,
AL,UNNAMED,1875,1,16,18750816,0,,HU,29.5N,74.5W,70,,,,,,,,,,,,,
AL,UNNAMED,1875,1,16,18750816,600,,HU,30.4N,74.0W,70,,,,,,,,,,,,,
AL,UNNAMED,1875,1,16,18750816,1200,,HU,31.3N,73.5W,70,,,,,,,,,,,,,
AL,UNNAMED,1875,1,16,18750816,1800,,HU,32.3N,73.0W,70,,,,,,,,,,,,,
AL,UNNAMED,1875,1,16,18750817,0,,HU,33.4N,72.5W,70,,,,,,,,,,,,,
AL,UNNAMED,1875,1,16,18750817,600,,HU,34.5N,71.9W,70,,,,,,,,,,,,,
AL,UNNAMED,1875,1,16,18750817,1200,,HU,35.7N,71.3W,70,,,,,,,,,,,,,
AL,UNNAMED,1875,1,16,18750817,1800,,HU,36.7N,70.6W,70,,,,,,,,,,,,,
AL,UNNAMED,1875,1,16,18750818,0,,HU,37.5N,70.0W,70,,,,,,,,,,,,,
AL,UNNAMED,1875,1,16,18750818,600,,HU,38.5N,69.1W,70,,,,,,,,,,,,,
AL,UNNAMED,1875,1,16,18750818,1200,,HU,39.5N,68.0W,70,,,,,,,,,,,,,
AL,UNNAMED,1875,1,16,18750818,1800,,HU,40.3N,67.0W,70,,,,,,,,,,,,,
AL,UNNAMED,1875,1,16,18750819,0,,HU,41.0N,66.1W,70,,,,,,,,,,,,,
AL,UNNAMED,1875,1,16,18750819,600,,HU,41.7N,65.3W,70,,,,,,,,,,,,,
AL,UNNAMED,1875,1,16,18750819,1200,,HU,42.5N,64.0W,70,,,,,,,,,,,,,
AL,UNNAMED,1875,1,16,18750819,1800,,HU,43.5N,62.0W,70,,,,,,,,,,,,,
AL,UNNAMED,1875,2,40,18750901,0,,TS,10.5N,36.0W,40,,,,,,,,,,,,,
AL,UNNAMED,1875,2,40,18750901,600,,TS,10.5N,37.5W,40,,,,,,,,,,,,,
AL,UNNAMED,1875,2,40,18750901,1200,,TS,10.6N,39.0W,40,,,,,,,,,,,,,
AL,UNNAMED,1875,2,40,18750901,1800,,TS,10.8N,40.5W,40,,,,,,,,,,,,,
AL,UNNAMED,1875,2,40,18750902,0,,TS,11.1N,42.0W,50,,,,,,,,,,,,,
AL,UNNAMED,1875,2,40,18750902,600,,TS,11.5N,43.5W,50,,,,,,,,,,,,,
AL,UNNAMED,1875,2,40,18750902,1200,,TS,12.0N,45.0W,60,,,,,,,,,,,,,
AL,UNNAMED,1875,2,40,18750902,1800,,TS,12.6N,46.3W,60,,,,,,,,,,,,,
AL,UNNAMED,1875,2,40,18750903,0,,HU,13.4N,47.5W,70,,,,,,,,,,,,,
AL,UNNAMED,1875,2,40,18750903,600,,HU,14.2N,48.5W,70,,,,,,,,,,,,,
AL,UNNAMED,1875,2,40,18750903,1200,,HU,15.0N,49.5W,70,,,,,,,,,,,,,
AL,UNNAMED,1875,2,40,18750903,1800,,HU,15.9N,50.5W,70,,,,,,,,,,,,,
AL,UNNAMED,1875,2,40,18750904,0,,HU,16.9N,51.5W,70,,,,,,,,,,,,,
AL,UNNAMED,1875,2,40,18750904,600,,HU,17.7N,52.4W,70,,,,,,,,,,,,,
AL,UNNAMED,1875,2,40,18750904,1200,,HU,18.7N,53.3W,70,,,,,,,,,,,,,
AL,UNNAMED,1875,2,40,18750904,1800,,HU,19.4N,54.1W,70,,,,,,,,,,,,,
AL,UNNAMED,1875,2,40,18750905,0,,HU,20.2N,54.9W,70,,,,,,,,,,,,,
AL,UNNAMED,1875,2,40,18750905,600,,HU,21.0N,55.8W,70,,,,,,,,,,,,,
AL,UNNAMED,1875,2,40,18750905,1200,,HU,21.7N,56.5W,70,,,,,,,,,,,,,
AL,UNNAMED,1875,2,40,18750905,1800,,HU,22.4N,57.2W,70,,,,,,,,,,,,,
AL,UNNAMED,1875,2,40,18750906,0,,HU,23.1N,58.0W,70,,,,,,,,,,,,,
AL,UNNAMED,1875,2,40,18750906,600,,HU,23.6N,58.5W,70,982,,,,,,,,,,,,
AL,UNNAMED,1875,2,40,18750906,1200,,HU,24.2N,59.0W,70,,,,,,,,,,,,,
AL,UNNAMED,1875,2,40,18750906,1800,,HU,25.2N,59.7W,70,,,,,,,,,,,,,
AL,UNNAMED,1875,2,40,18750907,0,,HU,26.2N,60.2W,70,,,,,,,,,,,,,
AL,UNNAMED,1875,2,40,18750907,600,,HU,27.0N,60.5W,70,,,,,,,,,,,,,
AL,UNNAMED,1875,2,40,18750907,1200,,HU,28.2N,60.6W,70,,,,,,,,,,,,,
AL,UNNAMED,1875,2,40,18750907,1800,,HU,29.8N,60.1W,70,,,,,,,,,,,,,
AL,UNNAMED,1875,2,40,18750908,0,,HU,31.7N,59.2W,70,,,,,,,,,,,,,
AL,UNNAMED,1875,2,40,18750908,600,,HU,33.5N,57.9W,70,,,,,,,,,,,,,
AL,UNNAMED,1875,2,40,18750908,1200,,HU,35.0N,56.7W,70,,,,,,,,,,,,,
AL,UNNAMED,1875,2,40,18750908,1800,,HU,36.5N,55.0W,70,,,,,,,,,,,,,
AL,UNNAMED,1875,2,40,18750909,0,,HU,38.0N,53.1W,70,,,,,,,,,,,,,
AL,UNNAMED,1875,2,40,18750909,600,,HU,39.5N,51.0W,70,,,,,,,,,,,,,
AL,UNNAMED,1875,2,40,18750909,1200,,HU,41.0N,49.0W,70,,,,,,,,,,,,,
AL,UNNAMED,1875,2,40,18750909,1800,,HU,42.0N,47.7W,70,,,,,,,,,,,,,
AL,UNNAMED,1875,2,40,18750910,0,,HU,43.4N,46.4W,70,,,,,,,,,,,,,
AL,UNNAMED,1875,2,40,18750910,600,,HU,44.5N,45.2W,70,,,,,,,,,,,,,
AL,UNNAMED,1875,2,40,18750910,1200,,HU,46.0N,44.0W,70,,,,,,,,,,,,,
AL,UNNAMED,1875,2,40,18750910,1800,,HU,47.5N,43.0W,70,,,,,,,,,,,,,
AL,UNNAMED,1875,3,45,18750908,0,,HU,13.9N,55.3W,70,,,,,,,,,,,,,
AL,UNNAMED,1875,3,45,18750908,600,,HU,13.9N,56.4W,70,,,,,,,,,,,,,
AL,UNNAMED,1875,3,45,18750908,1200,,HU,14.0N,57.5W,70,,,,,,,,,,,,,
AL,UNNAMED,1875,3,45,18750908,1800,,HU,14.0N,58.7W,70,,,,,,,,,,,,,
AL,UNNAMED,1875,3,45,18750909,0,,HU,14.1N,59.7W,80,,,,,,,,,,,,,
AL,UNNAMED,1875,3,45,18750909,600,,HU,14.2N,60.7W,80,,,,,,,,,,,,,
AL,UNNAMED,1875,3,45,18750909,1200,,HU,14.3N,61.8W,80,,,,,,,,,,,,,
AL,UNNAMED,1875,3,45,18750909,1800,,HU,14.4N,62.7W,80,,,,,,,,,,,,,
AL,UNNAMED,1875,3,45,18750910,0,,HU,14.5N,63.5W,80,,,,,,,,,,,,,
AL,UNNAMED,1875,3,45,18750910,600,,HU,14.6N,64.3W,80,,,,,,,,,,,,,
AL,UNNAMED,1875,3,45,18750910,1200,,HU,14.8N,65.1W,80,,,,,,,,,,,,,
AL,UNNAMED,1875,3,45,18750910,1800,,HU,15.1N,66.3W,80,,,,,,,,,,,,,
AL,UNNAMED,1875,3,45,18750911,0,,HU,15.5N,67.4W,90,,,,,,,,,,,,,
AL,UNNAMED,1875,3,45,18750911,600,,HU,15.8N,68.4W,90,,,,,,,,,,,,,
AL,UNNAMED,1875,3,45,18750911,1200,,HU,16.1N,69.3W,90,,,,,,,,,,,,,
AL,UNNAMED,1875,3,45,18750911,1800,,HU,16.4N,70.1W,90,,,,,,,,,,,,,
AL,UNNAMED,1875,3,45,18750912,0,,HU,16.7N,71.3W,90,,,,,,,,,,,,,
AL,UNNAMED,1875,3,45,18750912,600,,HU,17.1N,72.1W,90,,,,,,,,,,,,,
AL,UNNAMED,1875,3,45,18750912,1200,,HU,17.5N,73.0W,90,,,,,,,,,,,,,
AL,UNNAMED,1875,3,45,18750912,1800,,HU,18.2N,74.5W,90,,,,,,,,,,,,,
AL,UNNAMED,1875,3,45,18750913,0,,HU,19.4N,76.0W,90,,,,,,,,,,,,,
AL,UNNAMED,1875,3,45,18750913,600,,HU,20.2N,77.5W,90,,,,,,,,,,,,,
AL,UNNAMED,1875,3,45,18750913,1200,,HU,21.0N,78.5W,80,978,,,,,,,,,,,,
AL,UNNAMED,1875,3,45,18750913,1800,,HU,22.0N,79.9W,80,,,,,,,,,,,,,
AL,UNNAMED,1875,3,45,18750914,0,,HU,22.7N,80.9W,70,,,,,,,,,,,,,
AL,UNNAMED,1875,3,45,18750914,600,,TS,23.4N,82.4W,60,992,,,,,,,,,,,,
AL,UNNAMED,1875,3,45,18750914,1200,,HU,24.0N,83.9W,70,,,,,,,,,,,,,
AL,UNNAMED,1875,3,45,18750914,1800,,HU,24.7N,85.4W,80,,,,,,,,,,,,,
AL,UNNAMED,1875,3,45,18750915,0,,HU,25.8N,87.1W,80,,,,,,,,,,,,,
AL,UNNAMED,1875,3,45,18750915,600,,HU,26.3N,89.1W,80,,,,,,,,,,,,,
AL,UNNAMED,1875,3,45,18750915,1200,,HU,26.6N,90.5W,90,,,,,,,,,,,,,
AL,UNNAMED,1875,3,45,18750915,1800,,HU,26.8N,92.0W,90,,,,,,,,,,,,,
AL,UNNAMED,1875,3,45,18750916,0,,HU,27.0N,93.4W,90,,,,,,,,,,,,,
AL,UNNAMED,1875,3,45,18750916,600,,HU,27.1N,94.9W,90,,,,,,,,,,,,,
AL,UNNAMED,1875,3,45,18750916,1200,,HU,27.1N,96.1W,100,,,,,,,,,,,,,
AL,UNNAMED,1875,3,45,18750916,1800,,HU,27.4N,96.9W,100,,,,,,,,,,,,,
AL,UNNAMED,1875,3,45,18750916,2100,L,HU,27.7N,97.2W,100,,,,,,,,,,,,,
AL,UNNAMED,1875,3,45,18750917,0,,HU,28.0N,97.3W,90,,,,,,,,,,,,,
AL,UNNAMED,1875,3,45,18750917,600,,HU,28.8N,97.3W,70,,,,,,,,,,,,,
AL,UNNAMED,1875,3,45,18750917,1200,,TS,29.5N,97.0W,60,,,,,,,,,,,,,
AL,UNNAMED,1875,3,45,18750917,1800,,TS,30.0N,96.2W,50,,,,,,,,,,,,,
AL,UNNAMED,1875,3,45,18750918,0,,TS,30.3N,95.0W,40,,,,,,,,,,,,,
AL,UNNAMED,1875,3,45,18750918,600,,TS,30.6N,93.5W,40,,,,,,,,,,,,,
AL,UNNAMED,1875,3,45,18750918,1200,,TD,31.0N,91.8W,30,,,,,,,,,,,,,
AL,UNNAMED,1875,3,45,18750918,1800,,TD,31.5N,90.0W,30,,,,,,,,,,,,,
AL,UNNAMED,1875,4,18,18750924,0,,TS,23.4N,93.4W,40,,,,,,,,,,,,,
AL,UNNAMED,1875,4,18,18750924,600,,TS,23.9N,94.0W,40,,,,,,,,,,,,,
AL,UNNAMED,1875,4,18,18750924,1200,,TS,24.5N,94.6W,40,,,,,,,,,,,,,
AL,UNNAMED,1875,4,18,18750924,1800,,TS,25.2N,95.1W,40,,,,,,,,,,,,,
AL,UNNAMED,1875,4,18,18750925,0,,TS,26.3N,95.1W,50,,,,,,,,,,,,,
AL,UNNAMED,1875,4,18,18750925,600,,TS,27.1N,94.3W,50,,,,,,,,,,,,,
AL,UNNAMED,1875,4,18,18750925,1200,,TS,27.7N,93.3W,50,,,,,,,,,,,,,
AL,UNNAMED,1875,4,18,18750925,1800,,TS,28.0N,92.1W,50,,,,,,,,,,,,,
AL,UNNAMED,1875,4,18,18750926,0,,TS,28.2N,91.1W,50,,,,,,,,,,,,,
AL,UNNAMED,1875,4,18,18750926,600,,TS,28.5N,90.1W,50,,,,,,,,,,,,,
AL,UNNAMED,1875,4,18,18750926,1200,,TS,28.8N,89.0W,50,,,,,,,,,,,,,
AL,UNNAMED,1875,4,18,18750926,1800,,TS,29.0N,88.1W,50,,,,,,,,,,,,,
AL,UNNAMED,1875,4,18,18750927,0,,TS,29.3N,87.3W,50,,,,,,,,,,,,,
AL,UNNAMED,1875,4,18,18750927,600,,TS,29.7N,86.6W,50,,,,,,,,,,,,,
AL,UNNAMED,1875,4,18,18750927,1200,,TS,30.0N,85.9W,50,,,,,,,,,,,,,
AL,UNNAMED,1875,4,18,18750927,1300,L,TS,30.1N,85.7W,50,,,,,,,,,,,,,
AL,UNNAMED,1875,4,18,18750927,1800,,TS,30.5N,85.0W,40,,,,,,,,,,,,,
AL,UNNAMED,1875,4,18,18750928,0,,TD,31.0N,84.0W,30,,,,,,,,,,,,,
AL,UNNAMED,1875,5,16,18751007,0,,HU,23.7N,68.5W,70,,,,,,,,,,,,,
AL,UNNAMED,1875,5,16,18751007,600,,HU,24.5N,68.8W,70,,,,,,,,,,,,,
AL,UNNAMED,1875,5,16,18751007,1200,,HU,25.0N,69.0W,80,,,,,,,,,,,,,
AL,UNNAMED,1875,5,16,18751007,1800,,HU,25.8N,69.1W,80,,,,,,,,,,,,,
AL,UNNAMED,1875,5,16,18751008,0,,HU,26.5N,69.4W,90,,,,,,,,,,,,,
AL,UNNAMED,1875,5,16,18751008,600,,HU,27.1N,69.5W,90,,,,,,,,,,,,,
AL,UNNAMED,1875,5,16,18751008,1200,,HU,28.0N,69.5W,90,,,,,,,,,,,,,
AL,UNNAMED,1875,5,16,18751008,1800,,HU,29.2N,69.3W,90,,,,,,,,,,,,,
AL,UNNAMED,1875,5,16,18751009,0,,HU,30.5N,69.0W,80,,,,,,,,,,,,,
AL,UNNAMED,1875,5,16,18751009,600,,HU,31.7N,68.3W,80,,,,,,,,,,,,,
AL,UNNAMED,1875,5,16,18751009,1200,,HU,33.0N,67.5W,80,,,,,,,,,,,,,
AL,UNNAMED,1875,5,16,18751009,1800,,HU,34.8N,66.3W,80,,,,,,,,,,,,,
AL,UNNAMED,1875,5,16,18751010,0,,HU,36.7N,65.1W,70,,,,,,,,,,,,,
AL,UNNAMED,1875,5,16,18751010,600,,HU,38.5N,63.5W,70,,,,,,,,,,,,,
AL,UNNAMED,1875,5,16,18751010,1200,,HU,40.0N,61.5W,70,,,,,,,,,,,,,
AL,UNNAMED,1875,5,16,18751010,1800,,HU,42.0N,58.5W,70,,,,,,,,,,,,,
AL,UNNAMED,1875,6,20,18751012,0,,TS,27.3N,74.8W,50,,,,,,,,,,,,,
AL,UNNAMED,1875,6,20,18751012,600,,TS,28.0N,74.9W,50,,,,,,,,,,,,,
AL,UNNAMED,1875,6,20,18751012,1200,,TS,28.7N,75.0W,50,,,,,,,,,,,,,
AL,UNNAMED,1875,6,20,18751012,1800,,TS,29.1N,75.0W,50,,,,,,,,,,,,,
AL,UNNAMED,1875,6,20,18751013,0,,TS,29.5N,75.1W,60,,,,,,,,,,,,,
AL,UNNAMED,1875,6,20,18751013,600,,TS,29.9N,75.1W,60,,,,,,,,,,,,,
AL,UNNAMED,1875,6,20,18751013,1200,,TS,30.3N,75.0W,60,,,,,,,,,,,,,
AL,UNNAMED,1875,6,20,18751013,1800,,TS,31.1N,74.9W,60,,,,,,,,,,,,,
AL,UNNAMED,1875,6,20,18751014,0,,HU,31.9N,74.8W,70,,,,,,,,,,,,,
AL,UNNAMED,1875,6,20,18751014,600,,HU,32.5N,74.6W,70,,,,,,,,,,,,,
AL,UNNAMED,1875,6,20,18751014,1200,,HU,33.3N,74.5W,70,,,,,,,,,,,,,
AL,UNNAMED,1875,6,20,18751014,1800,,HU,34.5N,74.1W,70,,,,,,,,,,,,,
AL,UNNAMED,1875,6,20,18751015,0,,TS,35.4N,73.6W,60,,,,,,,,,,,,,
AL,UNNAMED,1875,6,20,18751015,600,,TS,36.4N,73.1W,60,,,,,,,,,,,,,
AL,UNNAMED,1875,6,20,18751015,1200,,TS,37.5N,72.3W,60,,,,,,,,,,,,,
AL,UNNAMED,1875,6,20,18751015,1800,,TS,39.7N,71.0W,60,,,,,,,,,,,,,
AL,UNNAMED,1875,6,20,18751016,0,,TS,42.2N,68.5W,50,,,,,,,,,,,,,
AL,UNNAMED,1875,6,20,18751016,600,,TS,44.4N,65.5W,50,,,,,,,,,,,,,
AL,UNNAMED,1875,6,20,18751016,1200,,EX,46.2N,62.2W,40,,,,,,,,,,,,,
AL,UNNAMED,1875,6,20,18751016,1800,,EX,48.0N,59.0W,40,,,,,,,,,,,,,
AL,UNNAMED,1876,1,12,18760909,0,,HU,39.0N,60.8W,80,,,,,,,,,,,,,
AL,UNNAMED,1876,1,12,18760909,600,,HU,39.5N,60.4W,80,,,,,,,,,,,,,
AL,UNNAMED,1876,1,12,18760909,1200,,HU,40.0N,60.0W,80,,,,,,,,,,,,,
AL,UNNAMED,1876,1,12,18760909,1800,,HU,40.7N,59.3W,80,970,,,,,,,,,,,,
AL,UNNAMED,1876,1,12,18760910,0,,HU,41.5N,58.3W,80,,,,,,,,,,,,,
AL,UNNAMED,1876,1,12,18760910,600,,HU,42.4N,57.2W,80,,,,,,,,,,,,,
AL,UNNAMED,1876,1,12,18760910,1200,,HU,43.0N,56.0W,70,,,,,,,,,,,,,
AL,UNNAMED,1876,1,12,18760910,1800,,HU,43.5N,54.6W,70,,,,,,,,,,,,,
AL,UNNAMED,1876,1,12,18760911,0,,TS,43.9N,53.2W,60,,,,,,,,,,,,,
AL,UNNAMED,1876,1,12,18760911,600,,TS,44.2N,51.9W,60,,,,,,,,,,,,,
AL,UNNAMED,1876,1,12,18760911,1200,,EX,44.5N,50.5W,60,,,,,,,,,,,,,
AL,UNNAMED,1876,1,12,18760911,1800,,EX,45.0N,48.5W,60,,,,,,,,,,,,,
AL,UNNAMED,1876,2,33,18760912,0,,HU,17.7N,58.5W,70,,,,,,,,,,,,,
AL,UNNAMED,1876,2,33,18760912,600,,HU,17.7N,59.7W,70,,,,,,,,,,,,,
AL,UNNAMED,1876,2,33,18760912,1200,,HU,17.9N,61.0W,80,,,,,,,,,,,,,
AL,UNNAMED,1876,2,33,18760912,1800,,HU,18.0N,62.1W,90,,,,,,,,,,,,,
AL,UNNAMED,1876,2,33,18760913,0,,HU,18.0N,63.4W,100,,,,,,,,,,,,,
AL,UNNAMED,1876,2,33,18760913,600,,HU,18.0N,64.6W,100,,,,,,,,,,,,,
AL,UNNAMED,1876,2,33,18760913,1200,,HU,18.1N,66.0W,90,,,,,,,,,,,,,
AL,UNNAMED,1876,2,33,18760913,1800,,HU,18.3N,67.6W,70,991,,,,,,,,,,,,
AL,UNNAMED,1876,2,33,18760914,0,,HU,18.6N,69.2W,70,,,,,,,,,,,,,
AL,UNNAMED,1876,2,33,18760914,600,,TS,18.9N,70.7W,60,,,,,,,,,,,,,
AL,UNNAMED,1876,2,33,18760914,1200,,TS,19.3N,72.0W,50,,,,,,,,,,,,,
AL,UNNAMED,1876,2,33,18760914,1800,,TS,19.7N,73.4W,50,,,,,,,,,,,,,
AL,UNNAMED,1876,2,33,18760915,0,,HU,20.1N,74.8W,70,,,,,,,,,,,,,
AL,UNNAMED,1876,2,33,18760915,600,,TS,20.4N,76.1W,60,,,,,,,,,,,,,
AL,UNNAMED,1876,2,33,18760915,1200,,TS,20.7N,77.6W,50,,,,,,,,,,,,,
AL,UNNAMED,1876,2,33,18760915,1800,,TS,21.0N,78.6W,50,,,,,,,,,,,,,
AL,UNNAMED,1876,2,33,18760916,0,,TS,21.7N,79.6W,50,,,,,,,,,,,,,
AL,UNNAMED,1876,2,33,18760916,600,,TS,22.9N,80.0W,50,999,,,,,,,,,,,,
AL,UNNAMED,1876,2,33,18760916,1200,,TS,24.5N,80.0W,60,,,,,,,,,,,,,
AL,UNNAMED,1876,2,33,18760916,1800,,TS,26.6N,79.4W,60,,,,,,,,,,,,,
AL,UNNAMED,1876,2,33,18760917,0,,HU,28.8N,78.6W,70,,,,,,,,,,,,,
AL,UNNAMED,1876,2,33,18760917,600,,HU,31.4N,78.3W,70,,,,,,,,,,,,,
AL,UNNAMED,1876,2,33,18760917,1200,,HU,33.5N,77.8W,80,980,,,,,,,,,,,,
AL,UNNAMED,1876,2,33,18760917,1400,L,HU,34.4N,77.6W,80,980,,,,,,,,,,,,
AL,UNNAMED,1876,2,33,18760917,1800,,HU,36.0N,77.3W,70,985,,,,,,,,,,,,
AL,UNNAMED,1876,2,33,18760918,0,,TS,38.2N,77.3W,60,987,,,,,,,,,,,,
AL,UNNAMED,1876,2,33,18760918,600,,TS,40.8N,78.1W,50,,,,,,,,,,,,,
AL,UNNAMED,1876,2,33,18760918,1200,,TS,42.5N,77.5W,40,,,,,,,,,,,,,
AL,UNNAMED,1876,2,33,18760918,1800,,TS,43.0N,76.1W,40,,,,,,,,,,,,,
AL,UNNAMED,1876,2,33,18760919,0,,TD,43.0N,74.5W,30,,,,,,,,,,,,,
AL,UNNAMED,1876,2,33,18760919,600,,TD,42.7N,73.0W,30,,,,,,,,,,,,,
AL,UNNAMED,1876,2,33,18760919,1200,,TD,42.3N,71.5W,30,,,,,,,,,,,,,
AL,UNNAMED,1876,2,33,18760919,1800,,TD,42.0N,70.0W,30,,,,,,,,,,,,,
AL,UNNAMED,1876,3,12,18760916,0,,TS,19.0N,57.8W,50,,,,,,,,,,,,,
AL,UNNAMED,1876,3,12,18760916,600,,TS,20.6N,58.3W,50,,,,,,,,,,,,,
AL,UNNAMED,1876,3,12,18760916,1200,,TS,21.5N,58.9W,50,,,,,,,,,,,,,
AL,UNNAMED,1876,3,12,18760916,1800,,TS,22.7N,59.5W,50,,,,,,,,,,,,,
AL,UNNAMED,1876,3,12,18760917,0,,TS,24.4N,60.2W,50,,,,,,,,,,,,,
AL,UNNAMED,1876,3,12,18760917,600,,TS,26.2N,60.7W,50,,,,,,,,,,,,,
AL,UNNAMED,1876,3,12,18760917,1200,,TS,28.0N,61.0W,50,,,,,,,,,,,,,
AL,UNNAMED,1876,3,12,18760917,1800,,TS,29.9N,61.1W,50,,,,,,,,,,,,,
AL,UNNAMED,1876,3,12,18760918,0,,TS,31.8N,60.9W,50,,,,,,,,,,,,,
AL,UNNAMED,1876,3,12,18760918,600,,TS,33.5N,60.3W,50,,,,,,,,,,,,,
AL,UNNAMED,1876,3,12,18760918,1200,,TS,35.5N,59.5W,50,,,,,,,,,,,,,
AL,UNNAMED,1876,3,12,18760918,1800,,TS,37.2N,58.3W,50,,,,,,,,,,,,,
AL,UNNAMED,1876,4,26,18760929,0,,TS,14.1N,58.8W,50,,,,,,,,,,,,,
AL,UNNAMED,1876,4,26,18760929,600,,TS,14.0N,59.6W,50,,,,,,,,,,,,,
AL,UNNAMED,1876,4,26,18760929,1200,,TS,14.0N,60.5W,50,,,,,,,,,,,,,
AL,UNNAMED,1876,4,26,18760929,1800,,TS,14.0N,61.7W,50,,,,,,,,,,,,,
AL,UNNAMED,1876,4,26,18760930,0,,TS,13.9N,63.3W,60,,,,,,,,,,,,,
AL,UNNAMED,1876,4,26,18760930,600,,TS,13.8N,64.8W,60,,,,,,,,,,,,,
AL,UNNAMED,1876,4,26,18760930,1200,,TS,13.7N,66.3W,60,,,,,,,,,,,,,
AL,UNNAMED,1876,4,26,18760930,1800,,TS,13.7N,67.6W,60,,,,,,,,,,,,,
AL,UNNAMED,1876,4,26,18761001,0,,HU,13.6N,69.3W,70,,,,,,,,,,,,,
AL,UNNAMED,1876,4,26,18761001,600,,HU,13.5N,70.8W,70,,,,,,,,,,,,,
AL,UNNAMED,1876,4,26,18761001,1200,,HU,13.3N,72.5W,70,,,,,,,,,,,,,
AL,UNNAMED,1876,4,26,18761001,1800,,HU,13.2N,74.1W,70,,,,,,,,,,,,,
AL,UNNAMED,1876,4,26,18761002,0,,HU,13.1N,75.4W,80,,,,,,,,,,,,,
AL,UNNAMED,1876,4,26,18761002,600,,HU,12.9N,76.8W,80,,,,,,,,,,,,,
AL,UNNAMED,1876,4,26,18761002,1200,,HU,12.7N,78.3W,80,,,,,,,,,,,,,
AL,UNNAMED,1876,4,26,18761002,1800,,HU,12.6N,79.4W,80,,,,,,,,,,,,,
AL,UNNAMED,1876,4,26,18761003,0,,HU,12.5N,80.3W,90,,,,,,,,,,,,,
AL,UNNAMED,1876,4,26,18761003,600,,HU,12.2N,81.4W,90,,,,,,,,,,,,,
AL,UNNAMED,1876,4,26,18761003,1200,,HU,12.0N,82.5W,90,,,,,,,,,,,,,
AL,UNNAMED,1876,4,26,18761003,1800,,HU,11.8N,83.5W,90,,,,,,,,,,,,,
AL,UNNAMED,1876,4,26,18761004,0,,HU,11.7N,84.5W,70,,,,,,,,,,,,,
AL,UNNAMED,1876,4,26,18761004,600,,TS,11.6N,85.5W,60,,,,,,,,,,,,,
AL,UNNAMED,1876,4,26,18761004,1200,,TS,11.5N,86.5W,50,,,,,,,,,,,,,
AL,UNNAMED,1876,4,26,18761004,1800,,TS,11.3N,87.5W,50,,,,,,,,,,,,,
AL,UNNAMED,1876,4,26,18761005,0,,TS,11.3N,88.5W,50,,,,,,,,,,,,,
AL,UNNAMED,1876,4,26,18761005,600,,TS,11.3N,89.5W,50,,,,,,,,,,,,,
AL,UNNAMED,1876,5,49,18761012,0,,TS,12.0N,79.0W,40,,,,,,,,,,,,,
AL,UNNAMED,1876,5,49,18761012,600,,TS,12.2N,79.0W,40,,,,,,,,,,,,,
AL,UNNAMED,1876,5,49,18761012,1200,,TS,12.4N,79.0W,50,,,,,,,,,,,,,
AL,UNNAMED,1876,5,49,18761012,1800,,TS,12.6N,79.0W,50,,,,,,,,,,,,,
AL,UNNAMED,1876,5,49,18761013,0,,TS,12.8N,79.0W,50,,,,,,,,,,,,,
AL,UNNAMED,1876,5,49,18761013,600,,TS,13.0N,79.1W,50,,,,,,,,,,,,,
AL,UNNAMED,1876,5,49,18761013,1200,,TS,13.2N,79.2W,50,,,,,,,,,,,,,
AL,UNNAMED,1876,5,49,18761013,1800,,TS,13.5N,79.2W,50,,,,,,,,,,,,,
AL,UNNAMED,1876,5,49,18761014,0,,TS,13.8N,79.4W,50,,,,,,,,,,,,,
AL,UNNAMED,1876,5,49,18761014,600,,TS,14.1N,79.5W,50,,,,,,,,,,,,,
AL,UNNAMED,1876,5,49,18761014,1200,,TS,14.4N,79.6W,50,,,,,,,,,,,,,
AL,UNNAMED,1876,5,49,18761014,1800,,TS,14.7N,79.7W,50,,,,,,,,,,,,,
AL,UNNAMED,1876,5,49,18761015,0,,TS,15.0N,79.8W,50,,,,,,,,,,,,,
AL,UNNAMED,1876,5,49,18761015,600,,TS,15.4N,79.9W,50,,,,,,,,,,,,,
AL,UNNAMED,1876,5,49,18761015,1200,,TS,15.8N,80.0W,50,,,,,,,,,,,,,
AL,UNNAMED,1876,5,49,18761015,1800,,TS,16.2N,80.1W,50,,,,,,,,,,,,,
AL,UNNAMED,1876,5,49,18761016,0,,TS,16.6N,80.2W,50,,,,,,,,,,,,,
AL,UNNAMED,1876,5,49,18761016,600,,TS,17.0N,80.3W,50,,,,,,,,,,,,,
AL,UNNAMED,1876,5,49,18761016,1200,,TS,17.4N,80.4W,60,,,,,,,,,,,,,
AL,UNNAMED,1876,5,49,18761016,1800,,TS,17.8N,80.5W,60,,,,,,,,,,,,,
AL,UNNAMED,1876,5,49,18761017,0,,HU,18.2N,80.6W,70,,,,,,,,,,,,,
AL,UNNAMED,1876,5,49,18761017,600,,HU,18.6N,80.7W,70,,,,,,,,,,,,,
AL,UNNAMED,1876,5,49,18761017,1200,,HU,19.0N,80.8W,80,,,,,,,,,,,,,
AL,UNNAMED,1876,5,49,18761017,1800,,HU,19.4N,80.9W,80,,,,,,,,,,,,,
AL,UNNAMED,1876,5,49,18761018,0,,HU,19.7N,81.1W,90,,,,,,,,,,,,,
AL,UNNAMED,1876,5,49,18761018,600,,HU,20.2N,81.3W,90,,,,,,,,,,,,,
AL,UNNAMED,1876,5,49,18761018,1200,,HU,20.7N,81.5W,90,,,,,,,,,,,,,
AL,UNNAMED,1876,5,49,18761018,1800,,HU,21.2N,81.7W,90,,,,,,,,,,,,,
AL,UNNAMED,1876,5,49,18761019,0,,HU,21.7N,81.9W,100,,,,,,,,,,,,,
AL,UNNAMED,1876,5,49,18761019,600,,HU,22.3N,82.2W,100,,,,,,,,,,,,,
AL,UNNAMED,1876,5,49,18761019,1200,,HU,22.7N,82.3W,100,958,,,,,,,,,,,,
AL,UNNAMED,1876,5,49,18761019,1800,,HU,23.6N,82.3W,90,,,,,,,,,,,,,
AL,UNNAMED,1876,5,49,18761020,0,,HU,24.7N,81.9W,90,973,,,,,,,,,,,,
AL,UNNAMED,1876,5,49,18761020,500,L,HU,25.8N,81.4W,90,973,,,,,,,,,,,,
AL,UNNAMED,1876,5,49,18761020,600,,HU,26.0N,81.3W,90,,,,,,,,,,,,,
AL,UNNAMED,1876,5,49,18761020,1200,,HU,27.5N,80.5W,80,,,,,,,,,,,,,
AL,UNNAMED,1876,5,49,18761020,1800,,HU,28.8N,79.6W,80,976,,,,,,,,,,,,
AL,UNNAMED,1876,5,49,18761021,0,,HU,30.0N,78.8W,80,,,,,,,,,,,,,
AL,UNNAMED,1876,5,49,18761021,600,,HU,31.0N,77.9W,80,,,,,,,,,,,,,
AL,UNNAMED,1876,5,49,18761021,1200,,HU,31.9N,76.7W,80,,,,,,,,,,,,,
AL,UNNAMED,1876,5,49,18761021,1800,,HU,32.5N,74.9W,80,,,,,,,,,,,,,
AL,UNNAMED,1876,5,49,18761022,0,,HU,33.0N,72.6W,80,,,,,,,,,,,,,
AL,UNNAMED,1876,5,49,18761022,600,,HU,33.3N,69.8W,80,,,,,,,,,,,,,
AL,UNNAMED,1876,5,49,18761022,1200,,HU,33.5N,67.8W,70,,,,,,,,,,,,,
AL,UNNAMED,1876,5,49,18761022,1800,,HU,33.5N,66.6W,70,,,,,,,,,,,,,
AL,UNNAMED,1876,5,49,18761023,0,,HU,33.8N,65.6W,70,,,,,,,,,,,,,
AL,UNNAMED,1876,5,49,18761023,600,,HU,33.9N,64.6W,70,,,,,,,,,,,,,
AL,UNNAMED,1876,5,49,18761023,1200,,TS,34.0N,63.5W,60,,,,,,,,,,,,,
AL,UNNAMED,1876,5,49,18761023,1800,,TS,34.2N,62.0W,60,,,,,,,,,,,,,
AL,UNNAMED,1877,1,18,18770801,0,,TS,23.1N,72.1W,40,,,,,,,,,,,,,
AL,UNNAMED,1877,1,18,18770801,600,,TS,23.7N,73.5W,40,,,,,,,,,,,,,
AL,UNNAMED,1877,1,18,18770801,1200,,TS,24.7N,74.6W,50,,,,,,,,,,,,,
AL,UNNAMED,1877,1,18,18770801,1800,,TS,25.2N,75.3W,50,,,,,,,,,,,,,
AL,UNNAMED,1877,1,18,18770802,0,,TS,26.1N,75.9W,60,,,,,,,,,,,,,
AL,UNNAMED,1877,1,18,18770802,600,,TS,27.1N,76.5W,60,,,,,,,,,,,,,
AL,UNNAMED,1877,1,18,18770802,1200,,TS,28.0N,77.0W,60,,,,,,,,,,,,,
AL,UNNAMED,1877,1,18,18770802,1800,,TS,28.8N,77.1W,60,,,,,,,,,,,,,
AL,UNNAMED,1877,1,18,18770803,0,,TS,29.8N,77.0W,60,,,,,,,,,,,,,
AL,UNNAMED,1877,1,18,18770803,600,,TS,30.7N,76.6W,60,,,,,,,,,,,,,
AL,UNNAMED,1877,1,18,18770803,1200,,TS,31.5N,76.3W,60,,,,,,,,,,,,,
AL,UNNAMED,1877,1,18,18770803,1800,,TS,33.3N,75.3W,60,,,,,,,,,,,,,
AL,UNNAMED,1877,1,18,18770804,0,,TS,35.5N,73.6W,50,,,,,,,,,,,,,
AL,UNNAMED,1877,1,18,18770804,600,,TS,37.4N,71.5W,50,,,,,,,,,,,,,
AL,UNNAMED,1877,1,18,18770804,1200,,TS,39.5N,69.5W,50,,,,,,,,,,,,,
AL,UNNAMED,1877,1,18,18770804,1800,,TS,42.5N,67.5W,50,,,,,,,,,,,,,
AL,UNNAMED,1877,1,18,18770805,0,,TS,45.5N,65.6W,50,,,,,,,,,,,,,
AL,UNNAMED,1877,1,18,18770805,600,,TS,48.5N,64.0W,40,,,,,,,,,,,,,
AL,UNNAMED,1877,2,34,18770914,0,,TS,21.5N,92.0W,40,,,,,,,,,,,,,
AL,UNNAMED,1877,2,34,18770914,600,,TS,21.9N,92.4W,40,,,,,,,,,,,,,
AL,UNNAMED,1877,2,34,18770914,1200,,TS,22.2N,93.0W,40,,,,,,,,,,,,,
AL,UNNAMED,1877,2,34,18770914,1800,,TS,22.9N,93.6W,40,,,,,,,,,,,,,
AL,UNNAMED,1877,2,34,18770915,0,,TS,23.5N,94.1W,50,,,,,,,,,,,,,
AL,UNNAMED,1877,2,34,18770915,600,,TS,24.1N,94.6W,50,,,,,,,,,,,,,
AL,UNNAMED,1877,2,34,18770915,1200,,TS,24.7N,95.0W,50,,,,,,,,,,,,,
AL,UNNAMED,1877,2,34,18770915,1800,,TS,25.2N,95.1W,50,,,,,,,,,,,,,
AL,UNNAMED,1877,2,34,18770916,0,,TS,25.9N,95.3W,60,,,,,,,,,,,,,
AL,UNNAMED,1877,2,34,18770916,600,,TS,26.4N,95.3W,60,,,,,,,,,,,,,
AL,UNNAMED,1877,2,34,18770916,1200,,TS,27.0N,95.3W,60,,,,,,,,,,,,,
AL,UNNAMED,1877,2,34,18770916,1800,,TS,27.4N,95.1W,60,,,,,,,,,,,,,
AL,UNNAMED,1877,2,34,18770917,0,,HU,27.8N,95.1W,70,,,,,,,,,,,,,
AL,UNNAMED,1877,2,34,18770917,600,,HU,28.2N,94.8W,70,,,,,,,,,,,,,
AL,UNNAMED,1877,2,34,18770917,1200,,HU,28.5N,94.5W,70,,,,,,,,,,,,,
AL,UNNAMED,1877,2,34,18770917,1800,,HU,28.7N,93.8W,70,,,,,,,,,,,,,
AL,UNNAMED,1877,2,34,18770918,0,,HU,28.8N,93.3W,70,,,,,,,,,,,,,
AL,UNNAMED,1877,2,34,18770918,600,,HU,28.9N,92.5W,70,,,,,,,,,,,,,
AL,UNNAMED,1877,2,34,18770918,1200,,HU,29.0N,91.6W,70,,,,,,,,,,,,,
AL,UNNAMED,1877,2,34,18770918,1600,L,HU,29.2N,91.0W,70,,,,,,,,,,,,,
AL,UNNAMED,1877,2,34,18770918,1800,,HU,29.3N,90.6W,70,,,,,,,,,,,,,
AL,UNNAMED,1877,2,34,18770919,0,,HU,29.5N,89.8W,70,,,,,,,,,,,,,
AL,UNNAMED,1877,2,34,18770919,600,,HU,29.7N,89.0W,70,,,,,,,,,,,,,
AL,UNNAMED,1877,2,34,18770919,1200,,HU,30.0N,88.0W,70,,,,,,,,,,,,,
AL,UNNAMED,1877,2,34,18770919,1800,,HU,30.3N,86.9W,70,,,,,,,,,,,,,
AL,UNNAMED,1877,2,34,18770919,2000,L,HU,30.4N,86.6W,70,,,,,,,,,,,,,
AL,UNNAMED,1877,2,34,18770920,0,,TS,30.6N,85.9W,60,,,,,,,,,,,,,
AL,UNNAMED,1877,2,34,18770920,600,,TS,30.8N,84.6W,50,,,,,,,,,,,,,
AL,UNNAMED,1877,2,34,18770920,1200,,TS,31.0N,83.6W,40,,,,,,,,,,,,,
AL,UNNAMED,1877,2,34,18770920,1800,,TS,31.1N,82.4W,40,,,,,,,,,,,,,
AL,UNNAMED,1877,2,34,18770921,0,,TS,31.2N,81.1W,40,,,,,,,,,,,,,
AL,UNNAMED,1877,2,34,18770921,600,,TS,31.3N,80.0W,40,,,,,,,,,,,,,
AL,UNNAMED,1877,2,34,18770921,1200,,TS,31.3N,78.6W,40,,,,,,,,,,,,,
AL,UNNAMED,1877,2,34,18770921,1800,,TS,31.5N,76.8W,40,,,,,,,,,,,,,
AL,UNNAMED,1877,3,28,18770916,0,,HU,25.5N,50.5W,70,,,,,,,,,,,,,
AL,UNNAMED,1877,3,28,18770916,600,,HU,26.0N,51.8W,70,,,,,,,,,,,,,
AL,UNNAMED,1877,3,28,18770916,1200,,HU,26.8N,53.0W,70,,,,,,,,,,,,,
AL,UNNAMED,1877,3,28,18770916,1800,,HU,27.5N,54.1W,70,,,,,,,,,,,,,
AL,UNNAMED,1877,3,28,18770917,0,,HU,28.1N,54.9W,70,,,,,,,,,,,,,
AL,UNNAMED,1877,3,28,18770917,600,,HU,28.9N,55.8W,70,,,,,,,,,,,,,
AL,UNNAMED,1877,3,28,18770917,1200,,HU,29.5N,56.5W,70,,,,,,,,,,,,,
AL,UNNAMED,1877,3,28,18770917,1800,,HU,30.2N,57.3W,70,,,,,,,,,,,,,
AL,UNNAMED,1877,3,28,18770918,0,,HU,30.7N,57.9W,70,,,,,,,,,,,,,
AL,UNNAMED,1877,3,28,18770918,600,,HU,31.2N,58.6W,70,,,,,,,,,,,,,
AL,UNNAMED,1877,3,28,18770918,1200,,HU,31.7N,59.3W,70,,,,,,,,,,,,,
AL,UNNAMED,1877,3,28,18770918,1800,,HU,32.3N,60.0W,70,,,,,,,,,,,,,
AL,UNNAMED,1877,3,28,18770919,0,,HU,32.9N,60.7W,70,,,,,,,,,,,,,
AL,UNNAMED,1877,3,28,18770919,600,,HU,33.5N,61.5W,70,,,,,,,,,,,,,
AL,UNNAMED,1877,3,28,18770919,1200,,HU,34.0N,62.0W,70,,,,,,,,,,,,,
AL,UNNAMED,1877,3,28,18770919,1800,,HU,34.5N,62.7W,70,,,,,,,,,,,,,
AL,UNNAMED,1877,3,28,18770920,0,,HU,35.0N,63.2W,70,,,,,,,,,,,,,
AL,UNNAMED,1877,3,28,18770920,600,,HU,35.5N,63.7W,70,,,,,,,,,,,,,
AL,UNNAMED,1877,3,28,18770920,1200,,HU,36.0N,64.0W,70,,,,,,,,,,,,,
AL,UNNAMED,1877,3,28,18770920,1800,,HU,36.7N,64.1W,70,,,,,,,,,,,,,
AL,UNNAMED,1877,3,28,18770921,0,,HU,37.5N,64.1W,70,,,,,,,,,,,,,
AL,UNNAMED,1877,3,28,18770921,600,,HU,38.0N,64.1W,70,,,,,,,,,,,,,
AL,UNNAMED,1877,3,28,18770921,1200,,HU,38.7N,64.0W,70,,,,,,,,,,,,,
AL,UNNAMED,1877,3,28,18770921,1800,,HU,40.3N,63.6W,70,,,,,,,,,,,,,
AL,UNNAMED,1877,3,28,18770922,0,,TS,42.2N,62.5W,60,,,,,,,,,,,,,
AL,UNNAMED,1877,3,28,18770922,600,,TS,43.8N,61.1W,60,,,,,,,,,,,,,
AL,UNNAMED,1877,3,28,18770922,1200,,TS,45.3N,59.5W,60,,,,,,,,,,,,,
AL,UNNAMED,1877,3,28,18770922,1800,,TS,46.9N,56.7W,60,,,,,,,,,,,,,
AL,UNNAMED,1877,4,61,18770921,0,,TS,11.7N,55.5W,50,,,,,,,,,,,,,
AL,UNNAMED,1877,4,61,18770921,600,,TS,11.7N,56.5W,50,,,,,,,,,,,,,
AL,UNNAMED,1877,4,61,18770921,1200,,TS,11.7N,57.7W,60,,,,,,,,,,,,,
AL,UNNAMED,1877,4,61,18770921,1800,,TS,11.8N,59.1W,60,,,,,,,,,,,,,
AL,UNNAMED,1877,4,61,18770922,0,,HU,11.8N,60.5W,70,,,,,,,,,,,,,
AL,UNNAMED,1877,4,61,18770922,600,,HU,11.8N,62.0W,70,,,,,,,,,,,,,
AL,UNNAMED,1877,4,61,18770922,1200,,HU,11.7N,63.3W,80,,,,,,,,,,,,,
AL,UNNAMED,1877,4,61,18770922,1800,,HU,11.6N,64.4W,80,,,,,,,,,,,,,
AL,UNNAMED,1877,4,61,18770923,0,,HU,11.6N,65.8W,90,,,,,,,,,,,,,
AL,UNNAMED,1877,4,61,18770923,600,,HU,11.6N,67.0W,90,,,,,,,,,,,,,
AL,UNNAMED,1877,4,61,18770923,1200,,HU,11.7N,68.0W,90,,,,,,,,,,,,,
AL,UNNAMED,1877,4,61,18770923,1800,,HU,11.8N,69.1W,90,,,,,,,,,,,,,
AL,UNNAMED,1877,4,61,18770924,0,,HU,12.1N,70.3W,90,,,,,,,,,,,,,
AL,UNNAMED,1877,4,61,18770924,600,,HU,12.3N,71.4W,90,,,,,,,,,,,,,
AL,UNNAMED,1877,4,61,18770924,1200,,HU,12.7N,72.5W,90,,,,,,,,,,,,,
AL,UNNAMED,1877,4,61,18770924,1800,,HU,13.0N,73.6W,90,,,,,,,,,,,,,
AL,UNNAMED,1877,4,61,18770925,0,,HU,13.3N,74.6W,80,,,,,,,,,,,,,
AL,UNNAMED,1877,4,61,18770925,600,,HU,13.7N,75.9W,80,,,,,,,,,,,,,
AL,UNNAMED,1877,4,61,18770925,1200,,HU,14.0N,77.0W,80,,,,,,,,,,,,,
AL,UNNAMED,1877,4,61,18770925,1800,,HU,14.3N,78.0W,80,,,,,,,,,,,,,
AL,UNNAMED,1877,4,61,18770926,0,,HU,14.7N,79.1W,70,,,,,,,,,,,,,
AL,UNNAMED,1877,4,61,18770926,600,,HU,15.0N,80.1W,70,,,,,,,,,,,,,
AL,UNNAMED,1877,4,61,18770926,1200,,HU,15.3N,81.0W,70,,,,,,,,,,,,,
AL,UNNAMED,1877,4,61,18770926,1800,,HU,15.7N,81.6W,70,,,,,,,,,,,,,
AL,UNNAMED,1877,4,61,18770927,0,,HU,16.1N,82.1W,70,,,,,,,,,,,,,
AL,UNNAMED,1877,4,61,18770927,600,,HU,16.7N,82.6W,70,,,,,,,,,,,,,
AL,UNNAMED,1877,4,61,18770927,1200,,HU,17.1N,83.1W,70,,,,,,,,,,,,,
AL,UNNAMED,1877,4,61,18770927,1800,,HU,17.7N,83.6W,70,,,,,,,,,,,,,
AL,UNNAMED,1877,4,61,18770928,0,,HU,18.2N,84.3W,70,,,,,,,,,,,,,
AL,UNNAMED,1877,4,61,18770928,600,,HU,18.9N,85.1W,70,,,,,,,,,,,,,
AL,UNNAMED,1877,4,61,18770928,1200,,HU,19.5N,85.5W,70,,,,,,,,,,,,,
AL,UNNAMED,1877,4,61,18770928,1800,,HU,20.1N,85.9W,70,,,,,,,,,,,,,
AL,UNNAMED,1877,4,61,18770929,0,,HU,20.6N,86.1W,70,,,,,,,,,,,,,
AL,UNNAMED,1877,4,61,18770929,600,,HU,21.2N,86.4W,70,,,,,,,,,,,,,
AL,UNNAMED,1877,4,61,18770929,1200,,HU,21.9N,86.8W,70,,,,,,,,,,,,,
AL,UNNAMED,1877,4,61,18770929,1800,,HU,22.4N,87.0W,70,,,,,,,,,,,,,
AL,UNNAMED,1877,4,61,18770930,0,,HU,22.9N,87.1W,70,,,,,,,,,,,,,
AL,UNNAMED,1877,4,61,18770930,600,,HU,23.4N,87.3W,70,,,,,,,,,,,,,
AL,UNNAMED,1877,4,61,18770930,1200,,HU,23.9N,87.5W,70,,,,,,,,,,,,,
AL,UNNAMED,1877,4,61,18770930,1800,,HU,24.4N,87.7W,70,,,,,,,,,,,,,
AL,UNNAMED,1877,4,61,18771001,0,,HU,24.9N,87.8W,80,,,,,,,,,,,,,
AL,UNNAMED,1877,4,61,18771001,600,,HU,25.4N,87.8W,80,,,,,,,,,,,,,
AL,UNNAMED,1877,4,61,18771001,1200,,HU,26.0N,87.7W,80,,,,,,,,,,,,,
AL,UNNAMED,1877,4,61,18771001,1800,,HU,26.5N,87.6W,80,,,,,,,,,,,,,
AL,UNNAMED,1877,4,61,18771002,0,,HU,27.1N,87.5W,90,,,,,,,,,,,,,
AL,UNNAMED,1877,4,61,18771002,600,,HU,27.5N,87.3W,90,,,,,,,,,,,,,
AL,UNNAMED,1877,4,61,18771002,1200,,HU,28.0N,87.0W,90,,,,,,,,,,,,,
AL,UNNAMED,1877,4,61,18771002,1800,,HU,28.8N,86.4W,90,,,,,,,,,,,,,
AL,UNNAMED,1877,4,61,18771003,0,,HU,29.5N,85.9W,100,,,,,,,,,,,,,
AL,UNNAMED,1877,4,61,18771003,500,L,HU,30.0N,85.5W,100,,,,,,,,,,,,,
AL,UNNAMED,1877,4,61,18771003,600,,HU,30.1N,85.3W,90,,,,,,,,,,,,,
AL,UNNAMED,1877,4,61,18771003,1200,,HU,30.7N,84.5W,70,,,,,,,,,,,,,
AL,UNNAMED,1877,4,61,18771003,1800,,TS,31.7N,83.3W,50,,,,,,,,,,,,,
AL,UNNAMED,1877,4,61,18771004,0,,TS,32.8N,82.1W,40,,,,,,,,,,,,,
AL,UNNAMED,1877,4,61,18771004,600,,TS,33.9N,80.8W,40,,,,,,,,,,,,,
AL,UNNAMED,1877,4,61,18771004,1200,,EX,35.0N,79.3W,50,,,,,,,,,,,,,
AL,UNNAMED,1877,4,61,18771004,1800,,EX,36.9N,77.4W,50,,,,,,,,,,,,,
AL,UNNAMED,1877,4,61,18771005,0,,EX,39.3N,74.9W,60,,,,,,,,,,,,,
AL,UNNAMED,1877,4,61,18771005,600,,EX,40.8N,72.4W,60,,,,,,,,,,,,,
AL,UNNAMED,1877,4,61,18771005,1200,,EX,42.0N,69.5W,50,,,,,,,,,,,,,
AL,UNNAMED,1877,4,61,18771005,1800,,EX,43.5N,66.0W,50,,,,,,,,,,,,,
AL,UNNAMED,1877,5,24,18770924,0,,TS,21.2N,68.0W,40,,,,,,,,,,,,,
AL,UNNAMED,1877,5,24,18770924,600,,TS,21.2N,69.0W,40,,,,,,,,,,,,,
AL,UNNAMED,1877,5,24,18770924,1200,,TS,21.4N,70.0W,40,,,,,,,,,,,,,
AL,UNNAMED,1877,5,24,18770924,1800,,TS,21.5N,71.0W,40,,,,,,,,,,,,,
AL,UNNAMED,1877,5,24,18770925,0,,TS,21.7N,72.1W,40,,,,,,,,,,,,,
AL,UNNAMED,1877,5,24,18770925,600,,TS,22.2N,73.6W,40,,,,,,,,,,,,,
AL,UNNAMED,1877,5,24,18770925,1200,,TS,22.7N,74.6W,40,,,,,,,,,,,,,
AL,UNNAMED,1877,5,24,18770925,1800,,TS,23.1N,75.4W,40,,,,,,,,,,,,,
AL,UNNAMED,1877,5,24,18770926,0,,TS,23.6N,76.3W,40,,,,,,,,,,,,,
AL,UNNAMED,1877,5,24,18770926,600,,TS,24.2N,77.1W,40,,,,,,,,,,,,,
AL,UNNAMED,1877,5,24,18770926,1200,,TS,25.1N,77.6W,40,,,,,,,,,,,,,
AL,UNNAMED,1877,5,24,18770926,1800,,TS,25.9N,77.9W,40,,,,,,,,,,,,,
AL,UNNAMED,1877,5,24,18770927,0,,TS,26.5N,78.1W,40,,,,,,,,,,,,,
AL,UNNAMED,1877,5,24,18770927,600,,TS,27.3N,78.3W,40,,,,,,,,,,,,,
AL,UNNAMED,1877,5,24,18770927,1200,,TS,28.0N,78.4W,40,,,,,,,,,,,,,
AL,UNNAMED,1877,5,24,18770927,1800,,TS,29.2N,78.5W,40,,,,,,,,,,,,,
AL,UNNAMED,1877,5,24,18770928,0,,TS,30.1N,78.4W,50,,,,,,,,,,,,,
AL,UNNAMED,1877,5,24,18770928,600,,TS,31.4N,78.1W,50,,,,,,,,,,,,,
AL,UNNAMED,1877,5,24,18770928,1200,,TS,32.3N,77.6W,50,,,,,,,,,,,,,
AL,UNNAMED,1877,5,24,18770928,1800,,TS,33.0N,77.1W,50,,,,,,,,,,,,,
AL,UNNAMED,1877,5,24,18770929,0,,TS,33.7N,76.5W,50,,,,,,,,,,,,,
AL,UNNAMED,1877,5,24,18770929,600,,TS,34.2N,75.9W,50,,,,,,,,,,,,,
AL,UNNAMED,1877,5,24,18770929,1200,,TS,34.5N,75.0W,50,,,,,,,,,,,,,
AL,UNNAMED,1877,5,24,18770929,1800,,TS,35.0N,73.5W,50,,,,,,,,,,,,,
AL,UNNAMED,1877,6,24,18771013,0,,TS,27.0N,48.0W,50,,,,,,,,,,,,,
AL,UNNAMED,1877,6,24,18771013,600,,TS,28.1N,48.8W,50,,,,,,,,,,,,,
AL,UNNAMED,1877,6,24,18771013,1200,,TS,29.3N,49.7W,50,,,,,,,,,,,,,
AL,UNNAMED,1877,6,24,18771013,1800,,TS,30.5N,50.4W,50,,,,,,,,,,,,,
AL,UNNAMED,1877,6,24,18771014,0,,TS,31.8N,51.0W,50,,,,,,,,,,,,,
AL,UNNAMED,1877,6,24,18771014,600,,TS,33.0N,51.8W,50,,,,,,,,,,,,,
AL,UNNAMED,1877,6,24,18771014,1200,,TS,34.7N,52.2W,50,,,,,,,,,,,,,
AL,UNNAMED,1877,6,24,18771014,1800,,TS,35.7N,52.7W,50,,,,,,,,,,,,,
AL,UNNAMED,1877,6,24,18771015,0,,TS,36.5N,52.8W,50,,,,,,,,,,,,,
AL,UNNAMED,1877,6,24,18771015,600,,TS,37.2N,52.9W,50,,,,,,,,,,,,,
AL,UNNAMED,1877,6,24,18771015,1200,,TS,37.8N,53.0W,50,,,,,,,,,,,,,
AL,UNNAMED,1877,6,24,18771015,1800,,TS,38.5N,52.9W,50,,,,,,,,,,,,,
AL,UNNAMED,1877,6,24,18771016,0,,TS,39.4N,52.7W,50,,,,,,,,,,,,,
AL,UNNAMED,1877,6,24,18771016,600,,TS,40.5N,52.2W,50,,,,,,,,,,,,,
AL,UNNAMED,1877,6,24,18771016,1200,,TS,41.7N,51.4W,50,,,,,,,,,,,,,
AL,UNNAMED,1877,6,24,18771016,1800,,TS,42.7N,50.4W,50,,,,,,,,,,,,,
AL,UNNAMED,1877,6,24,18771017,0,,EX,43.8N,48.9W,50,,,,,,,,,,,,,
AL,UNNAMED,1877,6,24,18771017,600,,EX,44.5N,47.2W,50,,,,,,,,,,,,,
AL,UNNAMED,1877,6,24,18771017,1200,,EX,45.3N,45.4W,50,,,,,,,,,,,,,
AL,UNNAMED,1877,6,24,18771017,1800,,EX,46.0N,42.8W,50,,,,,,,,,,,,,
AL,UNNAMED,1877,6,24,18771018,0,,EX,46.8N,40.4W,50,,,,,,,,,,,,,
AL,UNNAMED,1877,6,24,18771018,600,,EX,47.4N,37.9W,50,,,,,,,,,,,,,
AL,UNNAMED,1877,6,24,18771018,1200,,EX,47.8N,35.7W,50,,,,,,,,,,,,,
AL,UNNAMED,1877,6,24,18771018,1800,,EX,48.3N,32.7W,50,,,,,,,,,,,,,
AL,UNNAMED,1877,7,19,18771024,0,,TS,24.5N,94.1W,40,,,,,,,,,,,,,
AL,UNNAMED,1877,7,19,18771024,600,,TS,25.5N,94.1W,40,,,,,,,,,,,,,
AL,UNNAMED,1877,7,19,18771024,1200,,TS,26.5N,94.0W,40,,,,,,,,,,,,,
AL,UNNAMED,1877,7,19,18771024,1800,,TS,27.1N,93.8W,40,,,,,,,,,,,,,
AL,UNNAMED,1877,7,19,18771025,0,,TS,27.5N,93.4W,40,,,,,,,,,,,,,
AL,UNNAMED,1877,7,19,18771025,600,,TS,27.8N,92.8W,40,,,,,,,,,,,,,
AL,UNNAMED,1877,7,19,18771025,1200,,TS,28.0N,92.3W,40,,,,,,,,,,,,,
AL,UNNAMED,1877,7,19,18771025,1800,,TS,28.3N,91.1W,40,,,,,,,,,,,,,
AL,UNNAMED,1877,7,19,18771026,0,,TS,28.4N,90.1W,40,,,,,,,,,,,,,
AL,UNNAMED,1877,7,19,18771026,600,,TS,28.5N,88.9W,40,,,,,,,,,,,,,
AL,UNNAMED,1877,7,19,18771026,1200,,TS,28.7N,87.5W,40,,,,,,,,,,,,,
AL,UNNAMED,1877,7,19,18771026,1800,,TS,29.0N,84.9W,40,,,,,,,,,,,,,
AL,UNNAMED,1877,7,19,18771026,2100,L,TS,29.3N,83.2W,40,,,,,,,,,,,,,
AL,UNNAMED,1877,7,19,18771027,0,,TS,29.6N,81.9W,40,,,,,,,,,,,,,
AL,UNNAMED,1877,7,19,18771027,600,,TS,30.1N,79.0W,50,,,,,,,,,,,,,
AL,UNNAMED,1877,7,19,18771027,1200,,TS,30.9N,76.0W,50,,,,,,,,,,,,,
AL,UNNAMED,1877,7,19,18771027,1800,,TS,32.0N,72.5W,50,,,,,,,,,,,,,
AL,UNNAMED,1877,7,19,18771028,0,,TS,33.5N,69.0W,50,,,,,,,,,,,,,
AL,UNNAMED,1877,7,19,18771028,600,,TS,35.5N,65.0W,50,,,,,,,,,,,,,
AL,UNNAMED,1877,8,12,18771128,0,,TS,23.2N,76.5W,40,,,,,,,,,,,,,
AL,UNNAMED,1877,8,12,18771128,600,,TS,24.9N,76.1W,40,,,,,,,,,,,,,
AL,UNNAMED,1877,8,12,18771128,1200,,TS,27.0N,75.5W,40,,,,,,,,,,,,,
AL,UNNAMED,1877,8,12,18771128,1800,,TS,29.2N,74.6W,40,,,,,,,,,,,,,
AL,UNNAMED,1877,8,12,18771129,0,,TS,31.5N,73.5W,50,,,,,,,,,,,,,
AL,UNNAMED,1877,8,12,18771129,600,,TS,33.4N,72.4W,50,,,,,,,,,,,,,
AL,UNNAMED,1877,8,12,18771129,1200,,TS,35.5N,70.8W,50,,,,,,,,,,,,,
AL,UNNAMED,1877,8,12,18771129,1800,,TS,38.5N,68.8W,50,,,,,,,,,,,,,
AL,UNNAMED,1877,8,12,18771130,0,,EX,41.6N,66.0W,40,,,,,,,,,,,,,
AL,UNNAMED,1877,8,12,18771130,600,,EX,44.7N,63.6W,40,,,,,,,,,,,,,
AL,UNNAMED,1877,8,12,18771130,1200,,EX,48.5N,60.0W,40,,,,,,,,,,,,,
AL,UNNAMED,1877,8,12,18771130,1800,,EX,52.5N,55.7W,40,,,,,,,,,,,,,
AL,UNNAMED,1878,1,13,18780701,0,,TS,25.4N,87.3W,40,,,,,,,,,,,,,
AL,UNNAMED,1878,1,13,18780701,600,,TS,25.4N,86.6W,40,,,,,,,,,,,,,
AL,UNNAMED,1878,1,13,18780701,1200,,TS,25.5N,86.0W,40,,,,,,,,,,,,,
AL,UNNAMED,1878,1,13,18780701,1800,,TS,25.6N,85.0W,40,,,,,,,,,,,,,
AL,UNNAMED,1878,1,13,18780702,0,,TS,25.7N,84.3W,40,,,,,,,,,,,,,
AL,UNNAMED,1878,1,13,18780702,600,,TS,25.8N,83.5W,40,,,,,,,,,,,,,
AL,UNNAMED,1878,1,13,18780702,1200,,TS,25.9N,82.4W,40,,,,,,,,,,,,,
AL,UNNAMED,1878,1,13,18780702,1500,L,TS,26.0N,81.8W,40,,,,,,,,,,,,,
AL,UNNAMED,1878,1,13,18780702,1800,,TD,26.3N,81.0W,30,,,,,,,,,,,,,
AL,UNNAMED,1878,1,13,18780703,0,,TS,27.3N,79.6W,40,,,,,,,,,,,,,
AL,UNNAMED,1878,1,13,18780703,600,,TS,28.0N,78.3W,40,,,,,,,,,,,,,
AL,UNNAMED,1878,1,13,18780703,1200,,TS,28.7N,77.0W,40,,,,,,,,,,,,,
AL,UNNAMED,1878,1,13,18780703,1800,,TS,29.4N,75.6W,40,,,,,,,,,,,,,
AL,UNNAMED,1878,2,45,18780808,0,,TS,15.0N,60.5W,40,,,,,,,,,,,,,
AL,UNNAMED,1878,2,45,18780808,600,,TS,14.9N,61.0W,40,,,,,,,,,,,,,
AL,UNNAMED,1878,2,45,18780808,1200,,TS,14.7N,61.5W,40,,,,,,,,,,,,,
AL,UNNAMED,1878,2,45,18780808,1800,,TS,14.6N,61.9W,40,,,,,,,,,,,,,
AL,UNNAMED,1878,2,45,18780809,0,,TS,14.6N,62.4W,40,,,,,,,,,,,,,
AL,UNNAMED,1878,2,45,18780809,600,,TS,14.6N,62.8W,40,,,,,,,,,,,,,
AL,UNNAMED,1878,2,45,18780809,1200,,TS,14.5N,63.3W,40,,,,,,,,,,,,,
AL,UNNAMED,1878,2,45,18780809,1800,,TS,14.5N,64.1W,40,,,,,,,,,,,,,
AL,UNNAMED,1878,2,45,18780810,0,,TS,14.4N,64.9W,40,,,,,,,,,,,,,
AL,UNNAMED,1878,2,45,18780810,600,,TS,14.4N,65.6W,40,,,,,,,,,,,,,
AL,UNNAMED,1878,2,45,18780810,1200,,TS,14.3N,66.5W,40,,,,,,,,,,,,,
AL,UNNAMED,1878,2,45,18780810,1800,,TS,14.2N,67.6W,40,,,,,,,,,,,,,
AL,UNNAMED,1878,2,45,18780811,0,,TS,14.1N,68.6W,40,,,,,,,,,,,,,
AL,UNNAMED,1878,2,45,18780811,600,,TS,14.0N,70.0W,40,,,,,,,,,,,,,
AL,UNNAMED,1878,2,45,18780811,1200,,TS,14.0N,71.3W,40,,,,,,,,,,,,,
AL,UNNAMED,1878,2,45,18780811,1800,,TS,14.1N,73.0W,40,,,,,,,,,,,,,
AL,UNNAMED,1878,2,45,18780812,0,,TS,14.3N,74.6W,50,,,,,,,,,,,,,
AL,UNNAMED,1878,2,45,18780812,600,,TS,14.5N,76.1W,50,,,,,,,,,,,,,
AL,UNNAMED,1878,2,45,18780812,1200,,TS,15.0N,77.5W,50,,,,,,,,,,,,,
AL,UNNAMED,1878,2,45,18780812,1800,,TS,15.9N,78.6W,50,,,,,,,,,,,,,
AL,UNNAMED,1878,2,45,18780813,0,,TS,16.6N,79.6W,50,,,,,,,,,,,,,
AL,UNNAMED,1878,2,45,18780813,600,,TS,17.4N,80.6W,50,,,,,,,,,,,,,
AL,UNNAMED,1878,2,45,18780813,1200,,TS,18.0N,81.5W,50,,,,,,,,,,,,,
AL,UNNAMED,1878,2,45,18780813,1800,,TS,18.7N,82.5W,50,,,,,,,,,,,,,
AL,UNNAMED,1878,2,45,18780814,0,,TS,19.5N,83.3W,60,,,,,,,,,,,,,
AL,UNNAMED,1878,2,45,18780814,600,,TS,20.2N,84.1W,60,,,,,,,,,,,,,
AL,UNNAMED,1878,2,45,18780814,1200,,TS,21.0N,85.0W,60,,,,,,,,,,,,,
AL,UNNAMED,1878,2,45,18780814,1800,,TS,21.5N,85.6W,60,,,,,,,,,,,,,
AL,UNNAMED,1878,2,45,18780815,0,,HU,22.0N,86.1W,70,,,,,,,,,,,,,
AL,UNNAMED,1878,2,45,18780815,600,,HU,22.5N,86.8W,70,,,,,,,,,,,,,
AL,UNNAMED,1878,2,45,18780815,1200,,HU,22.8N,87.5W,70,,,,,,,,,,,,,
AL,UNNAMED,1878,2,45,18780815,1800,,HU,22.9N,88.1W,70,,,,,,,,,,,,,
AL,UNNAMED,1878,2,45,18780816,0,,HU,23.0N,89.0W,70,,,,,,,,,,,,,
AL,UNNAMED,1878,2,45,18780816,600,,HU,23.0N,89.6W,70,,,,,,,,,,,,,
AL,UNNAMED,1878,2,45,18780816,1200,,HU,23.0N,90.3W,70,,,,,,,,,,,,,
AL,UNNAMED,1878,2,45,18780816,1800,,HU,23.0N,91.1W,70,,,,,,,,,,,,,
AL,UNNAMED,1878,2,45,18780817,0,,HU,23.0N,92.1W,70,,,,,,,,,,,,,
AL,UNNAMED,1878,2,45,18780817,600,,HU,23.0N,93.0W,70,,,,,,,,,,,,,
AL,UNNAMED,1878,2,45,18780817,1200,,HU,23.0N,94.0W,70,,,,,,,,,,,,,
AL,UNNAMED,1878,2,45,18780817,1800,,HU,23.0N,94.8W,70,,,,,,,,,,,,,
AL,UNNAMED,1878,2,45,18780818,0,,HU,22.9N,95.6W,70,,,,,,,,,,,,,
AL,UNNAMED,1878,2,45,18780818,600,,HU,22.8N,96.5W,70,,,,,,,,,,,,,
AL,UNNAMED,1878,2,45,18780818,1200,,HU,22.7N,97.5W,70,,,,,,,,,,,,,
AL,UNNAMED,1878,2,45,18780818,1800,,TS,22.6N,98.5W,40,,,,,,,,,,,,,
AL,UNNAMED,1878,2,45,18780819,0,,TD,22.5N,99.2W,30,,,,,,,,,,,,,
AL,UNNAMED,1878,3,12,18780819,0,,HU,35.5N,60.5W,80,,,,,,,,,,,,,
AL,UNNAMED,1878,3,12,18780819,600,,HU,37.3N,60.4W,80,,,,,,,,,,,,,
AL,UNNAMED,1878,3,12,18780819,1200,,HU,39.3N,60.3W,80,,,,,,,,,,,,,
AL,UNNAMED,1878,3,12,18780819,1800,,HU,41.5N,60.1W,80,,,,,,,,,,,,,
AL,UNNAMED,1878,3,12,18780820,0,,HU,43.5N,59.9W,80,,,,,,,,,,,,,
AL,UNNAMED,1878,3,12,18780820,600,,HU,45.8N,59.7W,80,963,,,,,,,,,,,,
AL,UNNAMED,1878,3,12,18780820,1200,,HU,48.0N,59.5W,70,,,,,,,,,,,,,
AL,UNNAMED,1878,3,12,18780820,1800,,HU,49.8N,59.0W,70,,,,,,,,,,,,,
AL,UNNAMED,1878,3,12,18780821,0,,EX,51.0N,58.3W,60,,,,,,,,,,,,,
AL,UNNAMED,1878,3,12,18780821,600,,EX,51.6N,57.3W,60,,,,,,,,,,,,,
AL,UNNAMED,1878,3,12,18780821,1200,,EX,52.0N,56.0W,60,,,,,,,,,,,,,
AL,UNNAMED,1878,3,12,18780821,1800,,EX,52.2N,54.5W,60,,,,,,,,,,,,,
AL,UNNAMED,1878,4,24,18780825,0,,TS,24.7N,77.1W,40,,,,,,,,,,,,,
AL,UNNAMED,1878,4,24,18780825,600,,TS,25.4N,76.6W,40,,,,,,,,,,,,,
AL,UNNAMED,1878,4,24,18780825,1200,,TS,26.0N,76.3W,50,,,,,,,,,,,,,
AL,UNNAMED,1878,4,24,18780825,1800,,TS,26.7N,75.6W,50,996,,,,,,,,,,,,
AL,UNNAMED,1878,4,24,18780826,0,,TS,27.4N,74.9W,60,,,,,,,,,,,,,
AL,UNNAMED,1878,4,24,18780826,600,,TS,28.2N,74.1W,60,,,,,,,,,,,,,
AL,UNNAMED,1878,4,24,18780826,1200,,HU,29.0N,73.0W,70,,,,,,,,,,,,,
AL,UNNAMED,1878,4,24,18780826,1800,,HU,29.5N,72.1W,70,,,,,,,,,,,,,
AL,UNNAMED,1878,4,24,18780827,0,,HU,30.1N,71.3W,70,,,,,,,,,,,,,
AL,UNNAMED,1878,4,24,18780827,600,,HU,30.8N,70.3W,70,,,,,,,,,,,,,
AL,UNNAMED,1878,4,24,18780827,1200,,HU,31.5N,69.3W,80,,,,,,,,,,,,,
AL,UNNAMED,1878,4,24,18780827,1800,,HU,32.0N,68.4W,80,,,,,,,,,,,,,
AL,UNNAMED,1878,4,24,18780828,0,,HU,32.5N,67.5W,90,,,,,,,,,,,,,
AL,UNNAMED,1878,4,24,18780828,600,,HU,32.9N,66.6W,90,,,,,,,,,,,,,
AL,UNNAMED,1878,4,24,18780828,1200,,HU,33.5N,65.3W,90,,,,,,,,,,,,,
AL,UNNAMED,1878,4,24,18780828,1800,,HU,34.0N,63.9W,90,972,,,,,,,,,,,,
AL,UNNAMED,1878,4,24,18780829,0,,HU,34.5N,62.2W,80,,,,,,,,,,,,,
AL,UNNAMED,1878,4,24,18780829,600,,HU,35.2N,60.4W,80,975,,,,,,,,,,,,
AL,UNNAMED,1878,4,24,18780829,1200,,HU,35.7N,58.7W,80,,,,,,,,,,,,,
AL,UNNAMED,1878,4,24,18780829,1800,,HU,36.3N,56.3W,80,,,,,,,,,,,,,
AL,UNNAMED,1878,4,24,18780830,0,,HU,36.8N,53.0W,80,,,,,,,,,,,,,
AL,UNNAMED,1878,4,24,18780830,600,,HU,37.0N,49.5W,80,,,,,,,,,,,,,
AL,UNNAMED,1878,4,24,18780830,1200,,HU,37.3N,46.5W,80,,,,,,,,,,,,,
AL,UNNAMED,1878,4,24,18780830,1800,,HU,37.5N,43.0W,80,,,,,,,,,,,,,
AL,UNNAMED,1878,5,55,18780901,0,,TS,8.5N,54.2W,50,,,,,,,,,,,,,
AL,UNNAMED,1878,5,55,18780901,600,,TS,8.7N,55.6W,50,,,,,,,,,,,,,
AL,UNNAMED,1878,5,55,18780901,1200,,TS,9.0N,57.0W,60,,,,,,,,,,,,,
AL,UNNAMED,1878,5,55,18780901,1800,,TS,9.6N,58.4W,60,,,,,,,,,,,,,
AL,UNNAMED,1878,5,55,18780902,0,,HU,10.3N,59.9W,70,,,,,,,,,,,,,
AL,UNNAMED,1878,5,55,18780902,600,,HU,11.3N,61.7W,80,,,,,,,,,,,,,
AL,UNNAMED,1878,5,55,18780902,1200,,HU,12.3N,63.3W,80,,,,,,,,,,,,,
AL,UNNAMED,1878,5,55,18780902,1800,,HU,13.3N,64.8W,80,,,,,,,,,,,,,
AL,UNNAMED,1878,5,55,18780903,0,,HU,14.3N,66.3W,80,,,,,,,,,,,,,
AL,UNNAMED,1878,5,55,18780903,600,,HU,15.2N,67.8W,80,,,,,,,,,,,,,
AL,UNNAMED,1878,5,55,18780903,1200,,HU,16.0N,69.3W,80,,,,,,,,,,,,,
AL,UNNAMED,1878,5,55,18780903,1800,,HU,16.7N,70.1W,80,,,,,,,,,,,,,
AL,UNNAMED,1878,5,55,18780904,0,,HU,17.5N,71.1W,80,,,,,,,,,,,,,
AL,UNNAMED,1878,5,55,18780904,600,,HU,18.2N,72.1W,70,,,,,,,,,,,,,
AL,UNNAMED,1878,5,55,18780904,1200,,TS,18.9N,73.0W,60,,,,,,,,,,,,,
AL,UNNAMED,1878,5,55,18780904,1800,,HU,19.5N,73.9W,70,,,,,,,,,,,,,
AL,UNNAMED,1878,5,55,18780905,0,,HU,20.0N,74.6W,70,,,,,,,,,,,,,
AL,UNNAMED,1878,5,55,18780905,600,,TS,20.5N,75.6W,60,,,,,,,,,,,,,
AL,UNNAMED,1878,5,55,18780905,1200,,TS,21.0N,76.6W,60,,,,,,,,,,,,,
AL,UNNAMED,1878,5,55,18780905,1800,,TS,21.5N,77.1W,60,,,,,,,,,,,,,
AL,UNNAMED,1878,5,55,18780906,0,,TS,21.9N,77.8W,50,,,,,,,,,,,,,
AL,UNNAMED,1878,5,55,18780906,600,,TS,22.1N,78.4W,50,,,,,,,,,,,,,
AL,UNNAMED,1878,5,55,18780906,1200,,TS,22.3N,79.0W,50,,,,,,,,,,,,,
AL,UNNAMED,1878,5,55,18780906,1800,,TS,22.5N,79.5W,50,,,,,,,,,,,,,
AL,UNNAMED,1878,5,55,18780907,0,,TS,22.8N,80.0W,50,,,,,,,,,,,,,
AL,UNNAMED,1878,5,55,18780907,600,,TS,23.1N,80.5W,50,,,,,,,,,,,,,
AL,UNNAMED,1878,5,55,18780907,1200,,TS,23.6N,80.8W,50,,,,,,,,,,,,,
AL,UNNAMED,1878,5,55,18780907,1800,,TS,24.3N,80.9W,50,,,,,,,,,,,,,
AL,UNNAMED,1878,5,55,18780907,2100,L,TS,24.7N,80.9W,60,,,,,,,,,,,,,
AL,UNNAMED,1878,5,55,18780908,0,,TS,25.0N,81.0W,60,,,,,,,,,,,,,
AL,UNNAMED,1878,5,55,18780908,200,L,TS,25.2N,81.0W,60,,,,,,,,,,,,,
AL,UNNAMED,1878,5,55,18780908,600,,TS,25.8N,81.2W,50,,,,,,,,,,,,,
AL,UNNAMED,1878,5,55,18780908,1200,,TS,26.5N,81.5W,40,,,,,,,,,,,,,
AL,UNNAMED,1878,5,55,18780908,1800,,TS,26.9N,81.9W,40,,,,,,,,,,,,,
AL,UNNAMED,1878,5,55,18780909,0,,TS,27.2N,82.4W,40,,,,,,,,,,,,,
AL,UNNAMED,1878,5,55,18780909,600,,TS,27.4N,82.9W,50,,,,,,,,,,,,,
AL,UNNAMED,1878,5,55,18780909,1200,,TS,27.6N,83.3W,60,,,,,,,,,,,,,
AL,UNNAMED,1878,5,55,18780909,1800,,HU,27.8N,83.5W,70,,,,,,,,,,,,,
AL,UNNAMED,1878,5,55,18780910,0,,HU,28.0N,83.4W,80,,,,,,,,,,,,,
AL,UNNAMED,1878,5,55,18780910,600,,HU,28.3N,83.0W,90,,,,,,,,,,,,,
AL,UNNAMED,1878,5,55,18780910,1100,L,HU,28.6N,82.6W,90,,,,,,,,,,,,,
AL,UNNAMED,1878,5,55,18780910,1200,,HU,28.7N,82.5W,80,970,,,,,,,,,,,,
AL,UNNAMED,1878,5,55,18780910,1800,,HU,29.2N,82.0W,70,,,,,,,,,,,,,
AL,UNNAMED,1878,5,55,18780911,0,,TS,29.7N,81.5W,60,985,,,,,,,,,,,,
AL,UNNAMED,1878,5,55,18780911,600,,HU,30.1N,81.1W,70,,,,,,,,,,,,,
AL,UNNAMED,1878,5,55,18780911,1200,,HU,30.5N,80.9W,80,,,,,,,,,,,,,
AL,UNNAMED,1878,5,55,18780911,1800,,HU,30.9N,80.7W,80,,,,,,,,,,,,,
AL,UNNAMED,1878,5,55,18780912,0,,HU,31.3N,80.6W,80,,,,,,,,,,,,,
AL,UNNAMED,1878,5,55,18780912,600,,HU,31.8N,80.5W,80,,,,,,,,,,,,,
AL,UNNAMED,1878,5,55,18780912,1200,L,HU,32.5N,80.4W,80,,,,,,,,,,,,,
AL,UNNAMED,1878,5,55,18780912,1800,,TS,34.0N,80.1W,60,,,,,,,,,,,,,
AL,UNNAMED,1878,5,55,18780913,0,,TS,36.5N,79.8W,50,,,,,,,,,,,,,
AL,UNNAMED,1878,5,55,18780913,600,,EX,39.0N,79.4W,50,,,,,,,,,,,,,
AL,UNNAMED,1878,5,55,18780913,1200,,EX,41.5N,79.0W,40,,,,,,,,,,,,,
AL,UNNAMED,1878,5,55,18780913,1800,,EX,44.0N,78.5W,40,,,,,,,,,,,,,
AL,UNNAMED,1878,6,28,18780912,0,,HU,12.5N,45.0W,70,,,,,,,,,,,,,
AL,UNNAMED,1878,6,28,18780912,600,,HU,12.8N,46.2W,70,,,,,,,,,,,,,
AL,UNNAMED,1878,6,28,18780912,1200,,HU,13.2N,47.2W,70,,,,,,,,,,,,,
AL,UNNAMED,1878,6,28,18780912,1800,,HU,13.8N,48.0W,70,,,,,,,,,,,,,
AL,UNNAMED,1878,6,28,18780913,0,,HU,14.7N,49.3W,70,,,,,,,,,,,,,
AL,UNNAMED,1878,6,28,18780913,600,,HU,15.8N,50.7W,70,,,,,,,,,,,,,
AL,UNNAMED,1878,6,28,18780913,1200,,HU,16.6N,52.0W,70,,,,,,,,,,,,,
AL,UNNAMED,1878,6,28,18780913,1800,,HU,17.0N,53.0W,70,,,,,,,,,,,,,
AL,UNNAMED,1878,6,28,18780914,0,,HU,17.2N,53.7W,80,,,,,,,,,,,,,
AL,UNNAMED,1878,6,28,18780914,600,,HU,17.7N,54.4W,80,,,,,,,,,,,,,
AL,UNNAMED,1878,6,28,18780914,1200,,HU,18.1N,55.0W,80,,,,,,,,,,,,,
AL,UNNAMED,1878,6,28,18780914,1800,,HU,18.4N,55.7W,80,,,,,,,,,,,,,
AL,UNNAMED,1878,6,28,18780915,0,,HU,18.9N,56.4W,80,,,,,,,,,,,,,
AL,UNNAMED,1878,6,28,18780915,600,,HU,19.2N,57.1W,80,,,,,,,,,,,,,
AL,UNNAMED,1878,6,28,18780915,1200,,HU,20.0N,57.9W,90,,,,,,,,,,,,,
AL,UNNAMED,1878,6,28,18780915,1800,,HU,20.7N,58.3W,90,,,,,,,,,,,,,
AL,UNNAMED,1878,6,28,18780916,0,,HU,21.4N,58.7W,90,,,,,,,,,,,,,
AL,UNNAMED,1878,6,28,18780916,600,,HU,22.0N,59.1W,90,,,,,,,,,,,,,
AL,UNNAMED,1878,6,28,18780916,1200,,HU,22.7N,59.5W,90,,,,,,,,,,,,,
AL,UNNAMED,1878,6,28,18780916,1800,,HU,23.7N,59.9W,90,,,,,,,,,,,,,
AL,UNNAMED,1878,6,28,18780917,0,,HU,24.7N,60.2W,80,,,,,,,,,,,,,
AL,UNNAMED,1878,6,28,18780917,600,,HU,26.0N,60.4W,80,,,,,,,,,,,,,
AL,UNNAMED,1878,6,28,18780917,1200,,HU,27.1N,60.3W,80,,,,,,,,,,,,,
AL,UNNAMED,1878,6,28,18780917,1800,,HU,27.7N,60.2W,80,,,,,,,,,,,,,
AL,UNNAMED,1878,6,28,18780918,0,,HU,28.4N,60.1W,70,,,,,,,,,,,,,
AL,UNNAMED,1878,6,28,18780918,600,,HU,29.1N,59.9W,70,,,,,,,,,,,,,
AL,UNNAMED,1878,6,28,18780918,1200,,HU,29.7N,59.7W,70,,,,,,,,,,,,,
AL,UNNAMED,1878,6,28,18780918,1800,,HU,30.4N,59.4W,70,,,,,,,,,,,,,
AL,UNNAMED,1878,7,60,18780924,0,,TS,15.1N,71.9W,40,,,,,,,,,,,,,
AL,UNNAMED,1878,7,60,18780924,600,,TS,15.5N,71.9W,40,,,,,,,,,,,,,
AL,UNNAMED,1878,7,60,18780924,1200,,TS,16.0N,72.0W,50,,,,,,,,,,,,,
AL,UNNAMED,1878,7,60,18780924,1800,,TS,16.2N,72.0W,50,,,,,,,,,,,,,
AL,UNNAMED,1878,7,60,18780925,0,,TS,16.4N,72.0W,60,,,,,,,,,,,,,
AL,UNNAMED,1878,7,60,18780925,600,,TS,16.7N,72.1W,60,,,,,,,,,,,,,
AL,UNNAMED,1878,7,60,18780925,1200,,HU,17.0N,72.1W,70,,,,,,,,,,,,,
AL,UNNAMED,1878,7,60,18780925,1800,,HU,17.6N,72.2W,70,,,,,,,,,,,,,
AL,UNNAMED,1878,7,60,18780926,0,,HU,18.0N,72.3W,70,,,,,,,,,,,,,
AL,UNNAMED,1878,7,60,18780926,600,,TS,18.4N,72.4W,60,,,,,,,,,,,,,
AL,UNNAMED,1878,7,60,18780926,1200,,TS,18.7N,72.5W,50,,,,,,,,,,,,,
AL,UNNAMED,1878,7,60,18780926,1800,,TS,19.2N,72.6W,40,,,,,,,,,,,,,
AL,UNNAMED,1878,7,60,18780927,0,,TS,19.5N,72.6W,40,,,,,,,,,,,,,
AL,UNNAMED,1878,7,60,18780927,600,,TS,19.7N,72.6W,40,,,,,,,,,,,,,
AL,UNNAMED,1878,7,60,18780927,1200,,TS,20.1N,72.6W,50,,,,,,,,,,,,,
AL,UNNAMED,1878,7,60,18780927,1800,,TS,20.5N,72.7W,60,,,,,,,,,,,,,
AL,UNNAMED,1878,7,60,18780928,0,,HU,20.9N,72.8W,70,,,,,,,,,,,,,
AL,UNNAMED,1878,7,60,18780928,600,,HU,21.2N,72.9W,70,,,,,,,,,,,,,
AL,UNNAMED,1878,7,60,18780928,1200,,HU,21.6N,73.0W,70,,,,,,,,,,,,,
AL,UNNAMED,1878,7,60,18780928,1800,,HU,22.1N,73.1W,70,,,,,,,,,,,,,
AL,UNNAMED,1878,7,60,18780929,0,,HU,22.4N,73.3W,80,,,,,,,,,,,,,
AL,UNNAMED,1878,7,60,18780929,600,,HU,22.7N,73.4W,80,,,,,,,,,,,,,
AL,UNNAMED,1878,7,60,18780929,1200,,HU,23.2N,73.5W,80,,,,,,,,,,,,,
AL,UNNAMED,1878,7,60,18780929,1800,,HU,23.6N,73.5W,80,,,,,,,,,,,,,
AL,UNNAMED,1878,7,60,18780930,0,,HU,23.9N,73.5W,90,,,,,,,,,,,,,
AL,UNNAMED,1878,7,60,18780930,600,,HU,24.2N,73.5W,90,,,,,,,,,,,,,
AL,UNNAMED,1878,7,60,18780930,1200,,HU,24.7N,73.5W,90,,,,,,,,,,,,,
AL,UNNAMED,1878,7,60,18780930,1800,,HU,25.4N,73.5W,90,,,,,,,,,,,,,
AL,UNNAMED,1878,7,60,18781001,0,,HU,25.8N,73.5W,100,,,,,,,,,,,,,
AL,UNNAMED,1878,7,60,18781001,600,,HU,26.3N,73.4W,100,,,,,,,,,,,,,
AL,UNNAMED,1878,7,60,18781001,1200,,HU,26.8N,73.3W,100,,,,,,,,,,,,,
AL,UNNAMED,1878,7,60,18781001,1800,,HU,27.4N,73.1W,100,,,,,,,,,,,,,
AL,UNNAMED,1878,7,60,18781002,0,,HU,27.6N,73.1W,110,,,,,,,,,,,,,
AL,UNNAMED,1878,7,60,18781002,600,,HU,28.0N,73.1W,110,,,,,,,,,,,,,
AL,UNNAMED,1878,7,60,18781002,1200,,HU,28.5N,73.0W,110,,,,,,,,,,,,,
AL,UNNAMED,1878,7,60,18781002,1800,,HU,28.9N,72.9W,110,,,,,,,,,,,,,
AL,UNNAMED,1878,7,60,18781003,0,,HU,29.3N,72.6W,120,,,,,,,,,,,,,
AL,UNNAMED,1878,7,60,18781003,600,,HU,29.8N,72.5W,120,,,,,,,,,,,,,
AL,UNNAMED,1878,7,60,18781003,1200,,HU,30.2N,72.1W,120,,,,,,,,,,,,,
AL,UNNAMED,1878,7,60,18781003,1800,,HU,30.8N,71.9W,120,,,,,,,,,,,,,
AL,UNNAMED,1878,7,60,18781004,0,,HU,31.4N,71.5W,120,,,,,,,,,,,,,
AL,UNNAMED,1878,7,60,18781004,600,,HU,31.9N,71.1W,120,,,,,,,,,,,,,
AL,UNNAMED,1878,7,60,18781004,1200,,HU,32.5N,70.6W,120,,,,,,,,,,,,,
AL,UNNAMED,1878,7,60,18781004,1800,,HU,33.3N,70.0W,120,,,,,,,,,,,,,
AL,UNNAMED,1878,7,60,18781005,0,,HU,33.9N,69.3W,110,,,,,,,,,,,,,
AL,UNNAMED,1878,7,60,18781005,600,,HU,34.4N,68.6W,110,,,,,,,,,,,,,
AL,UNNAMED,1878,7,60,18781005,1200,,HU,35.0N,67.7W,110,,,,,,,,,,,,,
AL,UNNAMED,1878,7,60,18781005,1800,,HU,36.0N,66.6W,110,,,,,,,,,,,,,
AL,UNNAMED,1878,7,60,18781006,0,,HU,37.3N,64.8W,110,,,,,,,,,,,,,
AL,UNNAMED,1878,7,60,18781006,600,,HU,38.5N,62.6W,110,,,,,,,,,,,,,
AL,UNNAMED,1878,7,60,18781006,1200,,HU,39.7N,60.5W,110,,,,,,,,,,,,,
AL,UNNAMED,1878,7,60,18781006,1800,,HU,40.7N,58.3W,110,,,,,,,,,,,,,
AL,UNNAMED,1878,7,60,18781007,0,,HU,41.7N,55.5W,110,,,,,,,,,,,,,
AL,UNNAMED,1878,7,60,18781007,600,,HU,42.7N,51.9W,110,,,,,,,,,,,,,
AL,UNNAMED,1878,7,60,18781007,1200,,HU,43.5N,48.5W,110,938,,,,,,,,,,,,
AL,UNNAMED,1878,7,60,18781007,1800,,HU,44.8N,44.3W,100,,,,,,,,,,,,,
AL,UNNAMED,1878,7,60,18781008,0,,HU,46.2N,39.5W,100,,,,,,,,,,,,,
AL,UNNAMED,1878,7,60,18781008,600,,HU,47.5N,35.5W,100,,,,,,,,,,,,,
AL,UNNAMED,1878,7,60,18781008,1200,,HU,48.5N,31.0W,90,,,,,,,,,,,,,
AL,UNNAMED,1878,7,60,18781008,1800,,HU,49.5N,27.0W,90,,,,,,,,,,,,,
AL,UNNAMED,1878,8,29,18781009,0,,TS,23.5N,91.3W,40,,,,,,,,,,,,,
AL,UNNAMED,1878,8,29,18781009,600,,TS,24.6N,91.1W,40,,,,,,,,,,,,,
AL,UNNAMED,1878,8,29,18781009,1200,,TS,25.6N,90.6W,40,,,,,,,,,,,,,
AL,UNNAMED,1878,8,29,18781009,1800,,TS,26.3N,90.1W,40,,,,,,,,,,,,,
AL,UNNAMED,1878,8,29,18781010,0,,TS,26.8N,89.6W,50,,,,,,,,,,,,,
AL,UNNAMED,1878,8,29,18781010,600,,TS,27.3N,89.1W,50,,,,,,,,,,,,,
AL,UNNAMED,1878,8,29,18781010,1200,,TS,28.1N,88.1W,50,,,,,,,,,,,,,
AL,UNNAMED,1878,8,29,18781010,1800,,TS,29.2N,86.6W,50,,,,,,,,,,,,,
AL,UNNAMED,1878,8,29,18781010,2100,L,TS,29.9N,85.4W,50,,,,,,,,,,,,,
AL,UNNAMED,1878,8,29,18781011,0,,TS,30.6N,83.8W,40,,,,,,,,,,,,,
AL,UNNAMED,1878,8,29,18781011,600,,TS,31.5N,80.8W,40,,,,,,,,,,,,,
AL,UNNAMED,1878,8,29,18781011,1200,,TS,32.7N,78.1W,50,,,,,,,,,,,,,
AL,UNNAMED,1878,8,29,18781011,1800,,TS,33.5N,76.6W,60,,,,,,,,,,,,,
AL,UNNAMED,1878,8,29,18781012,0,,HU,34.5N,75.0W,70,,,,,,,,,,,,,
AL,UNNAMED,1878,8,29,18781012,600,,HU,35.8N,73.6W,70,,,,,,,,,,,,,
AL,UNNAMED,1878,8,29,18781012,1200,,HU,37.0N,72.5W,70,,,,,,,,,,,,,
AL,UNNAMED,1878,8,29,18781012,1800,,HU,38.8N,70.5W,70,,,,,,,,,,,,,
AL,UNNAMED,1878,8,29,18781013,0,,HU,40.2N,68.1W,70,,,,,,,,,,,,,
AL,UNNAMED,1878,8,29,18781013,600,,HU,41.8N,65.1W,70,,,,,,,,,,,,,
AL,UNNAMED,1878,8,29,18781013,1200,,HU,42.9N,62.6W,70,982,,,,,,,,,,,,
AL,UNNAMED,1878,8,29,18781013,1800,,HU,43.8N,59.7W,70,,,,,,,,,,,,,
AL,UNNAMED,1878,8,29,18781014,0,,HU,44.5N,56.8W,70,,,,,,,,,,,,,
AL,UNNAMED,1878,8,29,18781014,600,,HU,45.2N,53.3W,70,,,,,,,,,,,,,
AL,UNNAMED,1878,8,29,18781014,1200,,HU,45.5N,50.0W,70,,,,,,,,,,,,,
AL,UNNAMED,1878,8,29,18781014,1800,,HU,45.5N,47.5W,70,,,,,,,,,,,,,
AL,UNNAMED,1878,8,29,18781015,0,,EX,45.5N,44.0W,60,,,,,,,,,,,,,
AL,UNNAMED,1878,8,29,18781015,600,,EX,45.5N,40.9W,60,,,,,,,,,,,,,
AL,UNNAMED,1878,8,29,18781015,1200,,EX,45.5N,37.5W,60,,,,,,,,,,,,,
AL,UNNAMED,1878,8,29,18781015,1800,,EX,45.5N,34.0W,60,,,,,,,,,,,,,
AL,UNNAMED,1878,9,32,18781009,0,,TS,15.6N,38.0W,40,,,,,,,,,,,,,
AL,UNNAMED,1878,9,32,18781009,600,,TS,15.8N,38.9W,40,,,,,,,,,,,,,
AL,UNNAMED,1878,9,32,18781009,1200,,TS,16.0N,39.8W,40,,,,,,,,,,,,,
AL,UNNAMED,1878,9,32,18781009,1800,,TS,16.2N,40.7W,40,,,,,,,,,,,,,
AL,UNNAMED,1878,9,32,18781010,0,,TS,16.5N,41.7W,50,,,,,,,,,,,,,
AL,UNNAMED,1878,9,32,18781010,600,,TS,16.7N,42.7W,50,,,,,,,,,,,,,
AL,UNNAMED,1878,9,32,18781010,1200,,TS,17.0N,43.7W,50,,,,,,,,,,,,,
AL,UNNAMED,1878,9,32,18781010,1800,,TS,17.2N,44.8W,50,,,,,,,,,,,,,
AL,UNNAMED,1878,9,32,18781011,0,,TS,17.7N,45.8W,60,,,,,,,,,,,,,
AL,UNNAMED,1878,9,32,18781011,600,,TS,18.2N,46.8W,60,,,,,,,,,,,,,
AL,UNNAMED,1878,9,32,18781011,1200,,TS,19.0N,47.7W,60,,,,,,,,,,,,,
AL,UNNAMED,1878,9,32,18781011,1800,,TS,19.7N,48.2W,60,,,,,,,,,,,,,
AL,UNNAMED,1878,9,32,18781012,0,,HU,20.9N,48.8W,70,,,,,,,,,,,,,
AL,UNNAMED,1878,9,32,18781012,600,,HU,21.9N,49.4W,70,,,,,,,,,,,,,
AL,UNNAMED,1878,9,32,18781012,1200,,HU,23.0N,49.9W,70,,,,,,,,,,,,,
AL,UNNAMED,1878,9,32,18781012,1800,,HU,23.9N,50.4W,70,,,,,,,,,,,,,
AL,UNNAMED,1878,9,32,18781013,0,,HU,24.7N,50.9W,70,,,,,,,,,,,,,
AL,UNNAMED,1878,9,32,18781013,600,,HU,25.8N,51.4W,70,,,,,,,,,,,,,
AL,UNNAMED,1878,9,32,18781013,1200,,HU,26.9N,51.8W,70,,,,,,,,,,,,,
AL,UNNAMED,1878,9,32,18781013,1800,,HU,27.8N,51.9W,70,,,,,,,,,,,,,
AL,UNNAMED,1878,9,32,18781014,0,,HU,28.6N,51.8W,70,,,,,,,,,,,,,
AL,UNNAMED,1878,9,32,18781014,600,,HU,29.6N,51.8W,70,,,,,,,,,,,,,
AL,UNNAMED,1878,9,32,18781014,1200,,HU,30.6N,51.7W,70,,,,,,,,,,,,,
AL,UNNAMED,1878,9,32,18781014,1800,,HU,32.0N,51.7W,70,,,,,,,,,,,,,
AL,UNNAMED,1878,9,32,18781015,0,,HU,34.3N,51.5W,70,,,,,,,,,,,,,
AL,UNNAMED,1878,9,32,18781015,600,,HU,36.8N,51.0W,70,,,,,,,,,,,,,
AL,UNNAMED,1878,9,32,18781015,1200,,HU,39.0N,49.7W,70,,,,,,,,,,,,,
AL,UNNAMED,1878,9,32,18781015,1800,,HU,40.8N,48.0W,70,,,,,,,,,,,,,
AL,UNNAMED,1878,9,32,18781016,0,,EX,42.1N,45.8W,60,,,,,,,,,,,,,
AL,UNNAMED,1878,9,32,18781016,600,,EX,43.1N,43.2W,60,,,,,,,,,,,,,
AL,UNNAMED,1878,9,32,18781016,1200,,EX,43.5N,41.0W,60,,,,,,,,,,,,,
AL,UNNAMED,1878,9,32,18781016,1800,,EX,44.0N,38.0W,60,,,,,,,,,,,,,
AL,UNNAMED,1878,10,28,18781013,0,,TS,16.6N,36.2W,40,,,,,,,,,,,,,
AL,UNNAMED,1878,10,28,18781013,600,,TS,16.5N,36.9W,40,,,,,,,,,,,,,
AL,UNNAMED,1878,10,28,18781013,1200,,TS,16.4N,37.7W,40,,,,,,,,,,,,,
AL,UNNAMED,1878,10,28,18781013,1800,,TS,16.2N,38.5W,40,,,,,,,,,,,,,
AL,UNNAMED,1878,10,28,18781014,0,,TS,16.2N,39.5W,50,,,,,,,,,,,,,
AL,UNNAMED,1878,10,28,18781014,600,,TS,16.2N,40.3W,50,,,,,,,,,,,,,
AL,UNNAMED,1878,10,28,18781014,1200,,TS,16.2N,41.2W,50,,,,,,,,,,,,,
AL,UNNAMED,1878,10,28,18781014,1800,,TS,16.2N,42.2W,50,,,,,,,,,,,,,
AL,UNNAMED,1878,10,28,18781015,0,,TS,16.6N,43.3W,60,,,,,,,,,,,,,
AL,UNNAMED,1878,10,28,18781015,600,,TS,16.7N,44.5W,60,,,,,,,,,,,,,
AL,UNNAMED,1878,10,28,18781015,1200,,HU,17.0N,45.5W,70,,,,,,,,,,,,,
AL,UNNAMED,1878,10,28,18781015,1800,,HU,17.5N,46.7W,70,,,,,,,,,,,,,
AL,UNNAMED,1878,10,28,18781016,0,,HU,18.0N,47.8W,80,,,,,,,,,,,,,
AL,UNNAMED,1878,10,28,18781016,600,,HU,18.9N,48.9W,80,,,,,,,,,,,,,
AL,UNNAMED,1878,10,28,18781016,1200,,HU,19.7N,49.7W,90,,,,,,,,,,,,,
AL,UNNAMED,1878,10,28,18781016,1800,,HU,20.5N,50.5W,90,,,,,,,,,,,,,
AL,UNNAMED,1878,10,28,18781017,0,,HU,21.6N,51.4W,100,,,,,,,,,,,,,
AL,UNNAMED,1878,10,28,18781017,600,,HU,22.7N,52.2W,100,,,,,,,,,,,,,
AL,UNNAMED,1878,10,28,18781017,1200,,HU,23.9N,53.0W,100,,,,,,,,,,,,,
AL,UNNAMED,1878,10,28,18781017,1800,,HU,25.2N,53.9W,100,,,,,,,,,,,,,
AL,UNNAMED,1878,10,28,18781018,0,,HU,26.8N,54.8W,100,,,,,,,,,,,,,
AL,UNNAMED,1878,10,28,18781018,600,,HU,28.3N,55.7W,100,,,,,,,,,,,,,
AL,UNNAMED,1878,10,28,18781018,1200,,HU,29.8N,56.2W,100,,,,,,,,,,,,,
AL,UNNAMED,1878,10,28,18781018,1800,,HU,31.0N,56.8W,100,951,,,,,,,,,,,,
AL,UNNAMED,1878,10,28,18781019,0,,HU,31.9N,57.2W,100,,,,,,,,,,,,,
AL,UNNAMED,1878,10,28,18781019,600,,HU,32.8N,57.4W,100,,,,,,,,,,,,,
AL,UNNAMED,1878,10,28,18781019,1200,,HU,33.5N,57.6W,90,,,,,,,,,,,,,
AL,UNNAMED,1878,10,28,18781019,1800,,HU,34.5N,57.8W,90,,,,,,,,,,,,,
AL,UNNAMED,1878,11,33,18781018,0,,TS,17.2N,79.6W,40,,,,,,,,,,,,,
AL,UNNAMED,1878,11,33,18781018,600,,TS,17.7N,80.1W,40,,,,,,,,,,,,,
AL,UNNAMED,1878,11,33,18781018,1200,,TS,18.0N,80.5W,50,,,,,,,,,,,,,
AL,UNNAMED,1878,11,33,18781018,1800,,TS,18.2N,80.6W,50,,,,,,,,,,,,,
AL,UNNAMED,1878,11,33,18781019,0,,TS,18.5N,80.9W,60,,,,,,,,,,,,,
AL,UNNAMED,1878,11,33,18781019,600,,TS,18.7N,81.1W,60,,,,,,,,,,,,,
AL,UNNAMED,1878,11,33,18781019,1200,,TS,19.0N,81.3W,60,,,,,,,,,,,,,
AL,UNNAMED,1878,11,33,18781019,1800,,TS,19.4N,81.6W,60,,,,,,,,,,,,,
AL,UNNAMED,1878,11,33,18781020,0,,HU,19.7N,81.9W,70,,,,,,,,,,,,,
AL,UNNAMED,1878,11,33,18781020,600,,HU,20.2N,82.1W,70,,,,,,,,,,,,,
AL,UNNAMED,1878,11,33,18781020,1200,,HU,20.7N,82.4W,80,,,,,,,,,,,,,
AL,UNNAMED,1878,11,33,18781020,1800,,HU,21.2N,82.4W,80,,,,,,,,,,,,,
AL,UNNAMED,1878,11,33,18781021,0,,HU,21.9N,82.4W,90,,,,,,,,,,,,,
AL,UNNAMED,1878,11,33,18781021,600,,HU,22.5N,82.2W,90,,,,,,,,,,,,,
AL,UNNAMED,1878,11,33,18781021,1200,,HU,23.2N,81.8W,80,,,,,,,,,,,,,
AL,UNNAMED,1878,11,33,18781021,1800,,HU,24.4N,81.0W,70,,,,,,,,,,,,,
AL,UNNAMED,1878,11,33,18781022,0,,HU,25.9N,79.8W,70,,,,,,,,,,,,,
AL,UNNAMED,1878,11,33,18781022,600,,HU,27.3N,79.3W,70,,,,,,,,,,,,,
AL,UNNAMED,1878,11,33,18781022,1200,,HU,28.7N,78.8W,80,,,,,,,,,,,,,
AL,UNNAMED,1878,11,33,18781022,1800,,HU,30.7N,78.0W,80,,,,,,,,,,,,,
AL,UNNAMED,1878,11,33,18781023,0,,HU,33.0N,77.4W,90,963,,,,,,,,,,,,
AL,UNNAMED,1878,11,33,18781023,400,L,HU,34.8N,77.1W,90,963,,,,,,,,,,,,
AL,UNNAMED,1878,11,33,18781023,600,,HU,35.7N,77.0W,90,,,,,,,,,,,,,
AL,UNNAMED,1878,11,33,18781023,1200,,HU,39.0N,77.2W,80,975,,,,,,,,,,,,
AL,UNNAMED,1878,11,33,18781023,1800,,HU,41.5N,75.4W,70,,,,,,,,,,,,,
AL,UNNAMED,1878,11,33,18781024,0,,EX,42.7N,73.6W,60,,,,,,,,,,,,,
AL,UNNAMED,1878,11,33,18781024,600,,EX,42.9N,71.4W,50,,,,,,,,,,,,,
AL,UNNAMED,1878,11,33,18781024,1200,,EX,42.5N,68.8W,50,,,,,,,,,,,,,
AL,UNNAMED,1878,11,33,18781024,1800,,EX,41.5N,66.6W,50,,,,,,,,,,,,,
AL,UNNAMED,1878,11,33,18781025,0,,EX,40.9N,65.0W,50,,,,,,,,,,,,,
AL,UNNAMED,1878,11,33,18781025,600,,EX,40.2N,63.1W,50,,,,,,,,,,,,,
AL,UNNAMED,1878,11,33,18781025,1200,,EX,39.5N,61.3W,50,,,,,,,,,,,,,
AL,UNNAMED,1878,11,33,18781025,1800,,EX,39.0N,59.8W,50,,,,,,,,,,,,,
AL,UNNAMED,1878,12,32,18781125,0,,TS,14.6N,50.3W,40,,,,,,,,,,,,,
AL,UNNAMED,1878,12,32,18781125,600,,TS,14.8N,51.2W,40,,,,,,,,,,,,,
AL,UNNAMED,1878,12,32,18781125,1200,,TS,15.0N,51.8W,40,,,,,,,,,,,,,
AL,UNNAMED,1878,12,32,18781125,1800,,TS,15.2N,52.7W,40,,,,,,,,,,,,,
AL,UNNAMED,1878,12,32,18781126,0,,TS,15.4N,53.6W,50,,,,,,,,,,,,,
AL,UNNAMED,1878,12,32,18781126,600,,TS,15.7N,54.6W,50,,,,,,,,,,,,,
AL,UNNAMED,1878,12,32,18781126,1200,,TS,16.0N,55.6W,50,,,,,,,,,,,,,
AL,UNNAMED,1878,12,32,18781126,1800,,TS,16.5N,56.5W,50,,,,,,,,,,,,,
AL,UNNAMED,1878,12,32,18781127,0,,TS,16.9N,57.5W,60,,,,,,,,,,,,,
AL,UNNAMED,1878,12,32,18781127,600,,TS,17.2N,58.3W,60,,,,,,,,,,,,,
AL,UNNAMED,1878,12,32,18781127,1200,,TS,17.5N,59.2W,60,,,,,,,,,,,,,
AL,UNNAMED,1878,12,32,18781127,1800,,TS,17.7N,60.5W,60,,,,,,,,,,,,,
AL,UNNAMED,1878,12,32,18781128,0,,TS,17.9N,61.5W,60,,,,,,,,,,,,,
AL,UNNAMED,1878,12,32,18781128,600,,TS,18.0N,62.7W,60,,,,,,,,,,,,,
AL,UNNAMED,1878,12,32,18781128,1200,,TS,18.0N,64.0W,60,,,,,,,,,,,,,
AL,UNNAMED,1878,12,32,18781128,1800,,TS,18.0N,65.3W,60,,,,,,,,,,,,,
AL,UNNAMED,1878,12,32,18781129,0,,TS,17.9N,66.6W,60,,,,,,,,,,,,,
AL,UNNAMED,1878,12,32,18781129,600,,TS,17.7N,67.8W,60,,,,,,,,,,,,,
AL,UNNAMED,1878,12,32,18781129,1200,,TS,17.5N,69.0W,60,,,,,,,,,,,,,
AL,UNNAMED,1878,12,32,18781129,1800,,TS,17.4N,69.9W,60,,,,,,,,,,,,,
AL,UNNAMED,1878,12,32,18781130,0,,TS,17.1N,70.6W,60,,,,,,,,,,,,,
AL,UNNAMED,1878,12,32,18781130,600,,TS,16.9N,71.3W,60,,,,,,,,,,,,,
AL,UNNAMED,1878,12,32,18781130,1200,,TS,16.7N,72.0W,60,,,,,,,,,,,,,
AL,UNNAMED,1878,12,32,18781130,1800,,TS,16.5N,72.6W,60,,,,,,,,,,,,,
AL,UNNAMED,1878,12,32,18781201,0,,TS,16.2N,73.1W,50,,,,,,,,,,,,,
AL,UNNAMED,1878,12,32,18781201,600,,TS,16.2N,73.8W,50,,,,,,,,,,,,,
AL,UNNAMED,1878,12,32,18781201,1200,,TS,16.0N,74.5W,50,,,,,,,,,,,,,
AL,UNNAMED,1878,12,32,18781201,1800,,TS,15.9N,75.0W,50,,,,,,,,,,,,,
AL,UNNAMED,1878,12,32,18781202,0,,TS,15.9N,75.4W,40,,,,,,,,,,,,,
AL,UNNAMED,1878,12,32,18781202,600,,TS,15.8N,76.1W,40,,,,,,,,,,,,,
AL,UNNAMED,1878,12,32,18781202,1200,,TS,15.7N,76.5W,40,,,,,,,,,,,,,
AL,UNNAMED,1878,12,32,18781202,1800,,TS,15.5N,77.0W,40,,,,,,,,,,,,,
AL,UNNAMED,1879,1,16,18790809,0,,TS,31.5N,77.0W,40,,,,,,,,,,,,,
AL,UNNAMED,1879,1,16,18790809,600,,TS,32.3N,75.9W,40,,,,,,,,,,,,,
AL,UNNAMED,1879,1,16,18790809,1200,,TS,33.0N,75.0W,40,,,,,,,,,,,,,
AL,UNNAMED,1879,1,16,18790809,1800,,TS,33.9N,73.9W,40,,,,,,,,,,,,,
AL,UNNAMED,1879,1,16,18790810,0,,TS,34.8N,72.8W,50,,,,,,,,,,,,,
AL,UNNAMED,1879,1,16,18790810,600,,TS,36.0N,71.3W,50,,,,,,,,,,,,,
AL,UNNAMED,1879,1,16,18790810,1200,,TS,37.0N,70.0W,60,,,,,,,,,,,,,
AL,UNNAMED,1879,1,16,18790810,1800,,TS,37.9N,68.8W,60,,,,,,,,,,,,,
AL,UNNAMED,1879,1,16,18790811,0,,HU,39.0N,67.5W,70,,,,,,,,,,,,,
AL,UNNAMED,1879,1,16,18790811,600,,HU,39.9N,66.1W,70,,,,,,,,,,,,,
AL,UNNAMED,1879,1,16,18790811,1200,,HU,40.7N,65.0W,70,,,,,,,,,,,,,
AL,UNNAMED,1879,1,16,18790811,1800,,HU,41.7N,63.0W,70,,,,,,,,,,,,,
AL,UNNAMED,1879,1,16,18790812,0,,HU,42.5N,61.0W,70,,,,,,,,,,,,,
AL,UNNAMED,1879,1,16,18790812,600,,HU,43.2N,59.0W,70,,,,,,,,,,,,,
AL,UNNAMED,1879,1,16,18790812,1200,,TS,43.7N,57.0W,60,,,,,,,,,,,,,
AL,UNNAMED,1879,1,16,18790812,1800,,TS,44.0N,55.0W,60,,,,,,,,,,,,,
AL,UNNAMED,1879,2,32,18790813,0,,TS,19.0N,58.0W,40,,,,,,,,,,,,,
AL,UNNAMED,1879,2,32,18790813,600,,TS,19.0N,59.0W,40,,,,,,,,,,,,,
AL,UNNAMED,1879,2,32,18790813,1200,,TS,19.0N,60.0W,40,,,,,,,,,,,,,
AL,UNNAMED,1879,2,32,18790813,1800,,TS,19.0N,61.3W,40,,,,,,,,,,,,,
AL,UNNAMED,1879,2,32,18790814,0,,TS,19.1N,62.9W,40,,,,,,,,,,,,,
AL,UNNAMED,1879,2,32,18790814,600,,TS,19.2N,64.5W,40,,,,,,,,,,,,,
AL,UNNAMED,1879,2,32,18790814,1200,,TS,19.2N,65.6W,40,,,,,,,,,,,,,
AL,UNNAMED,1879,2,32,18790814,1800,,TS,19.5N,66.8W,40,,,,,,,,,,,,,
AL,UNNAMED,1879,2,32,18790815,0,,TS,19.7N,68.0W,40,,,,,,,,,,,,,
AL,UNNAMED,1879,2,32,18790815,600,,TS,20.1N,69.0W,40,,,,,,,,,,,,,
AL,UNNAMED,1879,2,32,18790815,1200,,TS,20.5N,70.0W,50,,,,,,,,,,,,,
AL,UNNAMED,1879,2,32,18790815,1800,,TS,21.2N,71.1W,50,,,,,,,,,,,,,
AL,UNNAMED,1879,2,32,18790816,0,,TS,21.7N,72.1W,60,,,,,,,,,,,,,
AL,UNNAMED,1879,2,32,18790816,600,,TS,22.5N,72.9W,60,,,,,,,,,,,,,
AL,UNNAMED,1879,2,32,18790816,1200,,HU,23.2N,73.6W,70,,,,,,,,,,,,,
AL,UNNAMED,1879,2,32,18790816,1800,,HU,24.2N,74.6W,70,,,,,,,,,,,,,
AL,UNNAMED,1879,2,32,18790817,0,,HU,25.2N,75.6W,80,,,,,,,,,,,,,
AL,UNNAMED,1879,2,32,18790817,600,,HU,26.5N,76.9W,80,,,,,,,,,,,,,
AL,UNNAMED,1879,2,32,18790817,1200,,HU,27.7N,77.6W,90,,,,,,,,,,,,,
AL,UNNAMED,1879,2,32,18790817,1800,,HU,29.3N,78.4W,90,,,,,,,,,,,,,
AL,UNNAMED,1879,2,32,18790818,0,,HU,31.2N,78.4W,100,,,,,,,,,,,,,
AL,UNNAMED,1879,2,32,18790818,600,,HU,32.8N,77.9W,100,,,,,,,,,,,,,
AL,UNNAMED,1879,2,32,18790818,1200,L,HU,34.5N,76.8W,100,971,,,,,,,,,,,,
AL,UNNAMED,1879,2,32,18790818,1800,,HU,37.3N,75.4W,90,979,,,,,,,,,,,,
AL,UNNAMED,1879,2,32,18790819,0,,HU,39.5N,73.4W,80,984,,,,,,,,,,,,
AL,UNNAMED,1879,2,32,18790819,600,L,HU,41.4N,70.8W,70,984,,,,,,,,,,,,
AL,UNNAMED,1879,2,32,18790819,1200,,TS,43.3N,68.0W,60,,,,,,,,,,,,,
AL,UNNAMED,1879,2,32,18790819,1800,,TS,44.8N,65.4W,60,,,,,,,,,,,,,
AL,UNNAMED,1879,2,32,18790820,0,,TS,46.5N,61.7W,60,,,,,,,,,,,,,
AL,UNNAMED,1879,2,32,18790820,600,,TS,48.2N,58.3W,60,,,,,,,,,,,,,
AL,UNNAMED,1879,2,32,18790820,1200,,TS,49.3N,55.0W,50,,,,,,,,,,,,,
AL,UNNAMED,1879,2,32,18790820,1800,,TS,50.2N,51.5W,50,,,,,,,,,,,,,
AL,UNNAMED,1879,3,25,18790819,0,,TS,16.7N,81.1W,60,,,,,,,,,,,,,
AL,UNNAMED,1879,3,25,18790819,600,,TS,17.1N,82.1W,60,,,,,,,,,,,,,
AL,UNNAMED,1879,3,25,18790819,1200,,TS,17.5N,83.0W,60,,,,,,,,,,,,,
AL,UNNAMED,1879,3,25,18790819,1800,,TS,18.0N,84.1W,60,,,,,,,,,,,,,
AL,UNNAMED,1879,3,25,18790820,0,,HU,18.5N,85.4W,70,,,,,,,,,,,,,
AL,UNNAMED,1879,3,25,18790820,600,,HU,19.1N,86.5W,70,,,,,,,,,,,,,
AL,UNNAMED,1879,3,25,18790820,1200,,HU,19.7N,87.6W,70,,,,,,,,,,,,,
AL,UNNAMED,1879,3,25,18790820,1800,,TS,20.2N,89.0W,60,,,,,,,,,,,,,
AL,UNNAMED,1879,3,25,18790821,0,,TS,21.0N,90.3W,60,,,,,,,,,,,,,
AL,UNNAMED,1879,3,25,18790821,600,,TS,22.0N,91.5W,60,,,,,,,,,,,,,
AL,UNNAMED,1879,3,25,18790821,1200,,HU,23.0N,92.5W,70,,,,,,,,,,,,,
AL,UNNAMED,1879,3,25,18790821,1800,,HU,24.0N,93.0W,70,,,,,,,,,,,,,
AL,UNNAMED,1879,3,25,18790822,0,,HU,25.0N,93.5W,80,,,,,,,,,,,,,
AL,UNNAMED,1879,3,25,18790822,600,,HU,26.1N,93.8W,80,,,,,,,,,,,,,
AL,UNNAMED,1879,3,25,18790822,1200,,HU,27.1N,94.0W,90,,,,,,,,,,,,,
AL,UNNAMED,1879,3,25,18790822,1800,,HU,28.1N,94.2W,90,,,,,,,,,,,,,
AL,UNNAMED,1879,3,25,18790823,0,,HU,29.3N,94.4W,90,964,,,,,,,,,,,,
AL,UNNAMED,1879,3,25,18790823,200,L,HU,29.6N,94.4W,90,964,,,,,,,,,,,,
AL,UNNAMED,1879,3,25,18790823,600,,HU,30.8N,94.2W,70,,,,,,,,,,,,,
AL,UNNAMED,1879,3,25,18790823,1200,,TS,32.3N,93.8W,50,988,,,,,,,,,,,,
AL,UNNAMED,1879,3,25,18790823,1800,,TS,33.5N,93.3W,40,,,,,,,,,,,,,
AL,UNNAMED,1879,3,25,18790824,0,,TS,34.4N,92.6W,40,,,,,,,,,,,,,
AL,UNNAMED,1879,3,25,18790824,600,,TD,35.2N,91.6W,30,,,,,,,,,,,,,
AL,UNNAMED,1879,3,25,18790824,1200,,TD,36.0N,90.5W,30,,,,,,,,,,,,,
AL,UNNAMED,1879,3,25,18790824,1800,,TD,36.8N,88.6W,30,,,,,,,,,,,,,
AL,UNNAMED,1879,4,21,18790829,0,,TS,23.5N,88.5W,50,,,,,,,,,,,,,
AL,UNNAMED,1879,4,21,18790829,600,,TS,23.7N,88.8W,50,,,,,,,,,,,,,
AL,UNNAMED,1879,4,21,18790829,1200,,TS,24.0N,89.1W,50,,,,,,,,,,,,,
AL,UNNAMED,1879,4,21,18790829,1800,,TS,24.2N,89.3W,50,,,,,,,,,,,,,
AL,UNNAMED,1879,4,21,18790830,0,,HU,24.4N,89.6W,70,,,,,,,,,,,,,
AL,UNNAMED,1879,4,21,18790830,600,,HU,24.7N,90.0W,70,,,,,,,,,,,,,
AL,UNNAMED,1879,4,21,18790830,1200,,HU,25.0N,90.3W,80,,,,,,,,,,,,,
AL,UNNAMED,1879,4,21,18790830,1800,,HU,25.4N,90.6W,80,,,,,,,,,,,,,
AL,UNNAMED,1879,4,21,18790831,0,,HU,25.8N,91.0W,90,,,,,,,,,,,,,
AL,UNNAMED,1879,4,21,18790831,600,,HU,26.2N,91.3W,90,,,,,,,,,,,,,
AL,UNNAMED,1879,4,21,18790831,1200,,HU,26.8N,91.5W,100,,,,,,,,,,,,,
AL,UNNAMED,1879,4,21,18790831,1800,,HU,27.3N,91.6W,100,,,,,,,,,,,,,
AL,UNNAMED,1879,4,21,18790901,0,,HU,27.8N,91.7W,110,,,,,,,,,,,,,
AL,UNNAMED,1879,4,21,18790901,600,,HU,28.3N,91.6W,110,,,,,,,,,,,,,
AL,UNNAMED,1879,4,21,18790901,1200,,HU,28.8N,91.5W,110,,,,,,,,,,,,,
AL,UNNAMED,1879,4,21,18790901,1600,L,HU,29.5N,91.4W,110,,,,,,,,,,,,,
AL,UNNAMED,1879,4,21,18790901,1800,,HU,29.9N,91.1W,90,,,,,,,,,,,,,
AL,UNNAMED,1879,4,21,18790902,0,,TS,31.2N,90.5W,60,,,,,,,,,,,,,
AL,UNNAMED,1879,4,21,18790902,600,,TS,32.4N,89.9W,50,,,,,,,,,,,,,
AL,UNNAMED,1879,4,21,18790902,1200,,TS,33.5N,88.5W,40,,,,,,,,,,,,,
AL,UNNAMED,1879,4,21,18790902,1800,,TD,34.8N,87.1W,30,,,,,,,,,,,,,
AL,UNNAMED,1879,5,21,18791003,0,,TS,14.5N,77.6W,40,,,,,,,,,,,,,
AL,UNNAMED,1879,5,21,18791003,600,,TS,15.4N,78.6W,40,,,,,,,,,,,,,
AL,UNNAMED,1879,5,21,18791003,1200,,TS,16.2N,79.5W,40,,,,,,,,,,,,,
AL,UNNAMED,1879,5,21,18791003,1800,,TS,17.2N,80.4W,40,,,,,,,,,,,,,
AL,UNNAMED,1879,5,21,18791004,0,,TS,18.2N,81.4W,40,,,,,,,,,,,,,
AL,UNNAMED,1879,5,21,18791004,600,,TS,19.1N,82.1W,40,,,,,,,,,,,,,
AL,UNNAMED,1879,5,21,18791004,1200,,TS,20.0N,83.0W,40,,,,,,,,,,,,,
AL,UNNAMED,1879,5,21,18791004,1800,,TS,20.7N,83.9W,40,,,,,,,,,,,,,
AL,UNNAMED,1879,5,21,18791005,0,,TS,21.6N,84.6W,40,,,,,,,,,,,,,
AL,UNNAMED,1879,5,21,18791005,600,,TS,22.4N,85.4W,40,,,,,,,,,,,,,
AL,UNNAMED,1879,5,21,18791005,1200,,TS,23.1N,85.9W,40,,,,,,,,,,,,,
AL,UNNAMED,1879,5,21,18791005,1800,,TS,23.7N,86.4W,40,,,,,,,,,,,,,
AL,UNNAMED,1879,5,21,18791006,0,,TS,24.4N,86.9W,50,,,,,,,,,,,,,
AL,UNNAMED,1879,5,21,18791006,600,,TS,25.0N,87.4W,50,,,,,,,,,,,,,
AL,UNNAMED,1879,5,21,18791006,1200,,TS,25.8N,87.9W,50,,,,,,,,,,,,,
AL,UNNAMED,1879,5,21,18791006,1800,,TS,26.7N,88.4W,50,,,,,,,,,,,,,
AL,UNNAMED,1879,5,21,18791007,0,,TS,28.0N,88.9W,50,,,,,,,,,,,,,
AL,UNNAMED,1879,5,21,18791007,500,L,TS,29.0N,89.2W,50,,,,,,,,,,,,,
AL,UNNAMED,1879,5,21,18791007,600,,TS,29.3N,89.3W,50,,,,,,,,,,,,,
AL,UNNAMED,1879,5,21,18791007,1200,,TS,31.2N,90.0W,40,,,,,,,,,,,,,
AL,UNNAMED,1879,5,21,18791007,1800,,TD,33.0N,90.5W,30,,,,,,,,,,,,,
AL,UNNAMED,1879,6,33,18791009,0,,TS,14.2N,56.0W,40,,,,,,,,,,,,,
AL,UNNAMED,1879,6,33,18791009,600,,TS,14.2N,57.2W,40,,,,,,,,,,,,,
AL,UNNAMED,1879,6,33,18791009,1200,,TS,14.3N,58.5W,40,,,,,,,,,,,,,
AL,UNNAMED,1879,6,33,18791009,1800,,TS,14.4N,59.9W,40,,,,,,,,,,,,,
AL,UNNAMED,1879,6,33,18791010,0,,TS,14.6N,61.4W,40,,,,,,,,,,,,,
AL,UNNAMED,1879,6,33,18791010,600,,TS,14.8N,63.2W,40,,,,,,,,,,,,,
AL,UNNAMED,1879,6,33,18791010,1200,,TS,15.0N,65.0W,40,,,,,,,,,,,,,
AL,UNNAMED,1879,6,33,18791010,1800,,TS,15.2N,66.4W,40,,,,,,,,,,,,,
AL,UNNAMED,1879,6,33,18791011,0,,TS,15.4N,68.1W,40,,,,,,,,,,,,,
AL,UNNAMED,1879,6,33,18791011,600,,TS,15.7N,70.0W,40,,,,,,,,,,,,,
AL,UNNAMED,1879,6,33,18791011,1200,,TS,16.0N,72.0W,50,,,,,,,,,,,,,
AL,UNNAMED,1879,6,33,18791011,1800,,TS,16.2N,73.6W,50,,,,,,,,,,,,,
AL,UNNAMED,1879,6,33,18791012,0,,TS,16.7N,75.1W,50,,,,,,,,,,,,,
AL,UNNAMED,1879,6,33,18791012,600,,TS,17.5N,76.8W,50,,,,,,,,,,,,,
AL,UNNAMED,1879,6,33,18791012,1200,,TS,18.1N,78.3W,50,,,,,,,,,,,,,
AL,UNNAMED,1879,6,33,18791012,1800,,TS,18.7N,79.3W,50,,,,,,,,,,,,,
AL,UNNAMED,1879,6,33,18791013,0,,TS,19.2N,80.3W,50,,,,,,,,,,,,,
AL,UNNAMED,1879,6,33,18791013,600,,TS,20.0N,81.1W,50,,,,,,,,,,,,,
AL,UNNAMED,1879,6,33,18791013,1200,,TS,20.4N,81.9W,50,,,,,,,,,,,,,
AL,UNNAMED,1879,6,33,18791013,1800,,TS,21.0N,82.6W,50,,,,,,,,,,,,,
AL,UNNAMED,1879,6,33,18791014,0,,TS,21.7N,83.1W,50,,,,,,,,,,,,,
AL,UNNAMED,1879,6,33,18791014,600,,TS,22.5N,83.5W,50,,,,,,,,,,,,,
AL,UNNAMED,1879,6,33,18791014,1200,,TS,23.2N,83.9W,50,,,,,,,,,,,,,
AL,UNNAMED,1879,6,33,18791014,1800,,TS,24.1N,84.1W,50,,,,,,,,,,,,,
AL,UNNAMED,1879,6,33,18791015,0,,TS,24.9N,84.3W,50,,,,,,,,,,,,,
AL,UNNAMED,1879,6,33,18791015,600,,TS,25.9N,84.5W,50,,,,,,,,,,,,,
AL,UNNAMED,1879,6,33,18791015,1200,,TS,26.8N,84.8W,50,,,,,,,,,,,,,
AL,UNNAMED,1879,6,33,18791015,1800,,TS,27.7N,85.1W,50,,,,,,,,,,,,,
AL,UNNAMED,1879,6,33,18791016,0,,TS,28.7N,85.6W,50,,,,,,,,,,,,,
AL,UNNAMED,1879,6,33,18791016,600,,TS,29.9N,86.4W,50,,,,,,,,,,,,,
AL,UNNAMED,1879,6,33,18791016,800,L,TS,30.4N,86.6W,50,,,,,,,,,,,,,
AL,UNNAMED,1879,6,33,18791016,1200,,TS,31.3N,87.1W,40,,,,,,,,,,,,,
AL,UNNAMED,1879,6,33,18791016,1800,,TD,33.0N,88.0W,30,,,,,,,,,,,,,
AL,UNNAMED,1879,7,25,18791024,0,,TS,20.2N,84.6W,40,,,,,,,,,,,,,
AL,UNNAMED,1879,7,25,18791024,600,,TS,20.6N,85.1W,40,,,,,,,,,,,,,
AL,UNNAMED,1879,7,25,18791024,1200,,TS,21.1N,85.6W,40,,,,,,,,,,,,,
AL,UNNAMED,1879,7,25,18791024,1800,,TS,21.4N,86.0W,40,,,,,,,,,,,,,
AL,UNNAMED,1879,7,25,18791025,0,,TS,21.7N,86.3W,40,,,,,,,,,,,,,
AL,UNNAMED,1879,7,25,18791025,600,,TS,22.1N,86.6W,40,,,,,,,,,,,,,
AL,UNNAMED,1879,7,25,18791025,1200,,TS,22.2N,86.9W,50,,,,,,,,,,,,,
AL,UNNAMED,1879,7,25,18791025,1800,,TS,22.7N,87.3W,50,,,,,,,,,,,,,
AL,UNNAMED,1879,7,25,18791026,0,,TS,23.1N,87.6W,50,,,,,,,,,,,,,
AL,UNNAMED,1879,7,25,18791026,600,,TS,23.5N,87.9W,50,,,,,,,,,,,,,
AL,UNNAMED,1879,7,25,18791026,1200,,TS,24.0N,88.0W,60,,,,,,,,,,,,,
AL,UNNAMED,1879,7,25,18791026,1800,,TS,24.5N,88.0W,60,,,,,,,,,,,,,
AL,UNNAMED,1879,7,25,18791027,0,,TS,25.1N,87.6W,60,,,,,,,,,,,,,
AL,UNNAMED,1879,7,25,18791027,600,,TS,26.0N,87.1W,60,,,,,,,,,,,,,
AL,UNNAMED,1879,7,25,18791027,1200,,TS,27.0N,86.1W,60,,,,,,,,,,,,,
AL,UNNAMED,1879,7,25,18791027,1800,,TS,28.2N,84.1W,60,,,,,,,,,,,,,
AL,UNNAMED,1879,7,25,18791027,2100,L,TS,29.0N,82.7W,60,,,,,,,,,,,,,
AL,UNNAMED,1879,7,25,18791028,0,,TS,29.6N,81.6W,50,,,,,,,,,,,,,
AL,UNNAMED,1879,7,25,18791028,600,,TS,31.5N,78.6W,50,,,,,,,,,,,,,
AL,UNNAMED,1879,7,25,18791028,1200,,TS,33.7N,75.6W,60,,,,,,,,,,,,,
AL,UNNAMED,1879,7,25,18791028,1800,,TS,36.9N,72.9W,60,,,,,,,,,,,,,
AL,UNNAMED,1879,7,25,18791029,0,,HU,40.0N,69.1W,70,,,,,,,,,,,,,
AL,UNNAMED,1879,7,25,18791029,600,,HU,42.5N,65.5W,70,,,,,,,,,,,,,
AL,UNNAMED,1879,7,25,18791029,1200,,TS,44.3N,61.5W,60,,,,,,,,,,,,,
AL,UNNAMED,1879,7,25,18791029,1800,,TS,46.5N,56.5W,60,,,,,,,,,,,,,
AL,UNNAMED,1879,8,16,18791118,0,,TS,21.7N,73.5W,60,,,,,,,,,,,,,
AL,UNNAMED,1879,8,16,18791118,600,,TS,22.5N,73.5W,60,,,,,,,,,,,,,
AL,UNNAMED,1879,8,16,18791118,1200,,TS,23.5N,73.5W,60,,,,,,,,,,,,,
AL,UNNAMED,1879,8,16,18791118,1800,,TS,24.2N,73.5W,60,,,,,,,,,,,,,
AL,UNNAMED,1879,8,16,18791119,0,,HU,25.2N,73.5W,70,,,,,,,,,,,,,
AL,UNNAMED,1879,8,16,18791119,600,,HU,26.3N,73.5W,70,,,,,,,,,,,,,
AL,UNNAMED,1879,8,16,18791119,1200,,HU,28.0N,73.5W,80,,,,,,,,,,,,,
AL,UNNAMED,1879,8,16,18791119,1800,,HU,30.6N,73.0W,80,,,,,,,,,,,,,
AL,UNNAMED,1879,8,16,18791120,0,,HU,33.5N,72.0W,90,,,,,,,,,,,,,
AL,UNNAMED,1879,8,16,18791120,600,,HU,36.3N,70.0W,90,,,,,,,,,,,,,
AL,UNNAMED,1879,8,16,18791120,1200,,EX,39.0N,68.0W,80,,,,,,,,,,,,,
AL,UNNAMED,1879,8,16,18791120,1800,,EX,42.5N,64.8W,80,968,,,,,,,,,,,,
AL,UNNAMED,1879,8,16,18791121,0,,EX,45.8N,61.8W,70,,,,,,,,,,,,,
AL,UNNAMED,1879,8,16,18791121,600,,EX,49.3N,58.7W,60,,,,,,,,,,,,,
AL,UNNAMED,1879,8,16,18791121,1200,,EX,53.0N,55.5W,50,,,,,,,,,,,,,
AL,UNNAMED,1879,8,16,18791121,1800,,EX,55.0N,54.0W,50,,,,,,,,,,,,,
AL,UNNAMED,1880,1,19,18800621,0,,TS,26.7N,86.5W,40,,,,,,,,,,,,,
AL,UNNAMED,1880,1,19,18800621,600,,TS,26.8N,87.3W,40,,,,,,,,,,,,,
AL,UNNAMED,1880,1,19,18800621,1200,,TS,27.0N,88.0W,40,,,,,,,,,,,,,
AL,UNNAMED,1880,1,19,18800621,1800,,TS,27.2N,88.6W,40,,,,,,,,,,,,,
AL,UNNAMED,1880,1,19,18800622,0,,TS,27.5N,89.4W,40,,,,,,,,,,,,,
AL,UNNAMED,1880,1,19,18800622,600,,TS,27.8N,90.1W,40,,,,,,,,,,,,,
AL,UNNAMED,1880,1,19,18800622,1200,,TS,28.0N,91.0W,40,,,,,,,,,,,,,
AL,UNNAMED,1880,1,19,18800622,1800,,TS,28.0N,91.6W,40,,,,,,,,,,,,,
AL,UNNAMED,1880,1,19,18800623,0,,TS,28.0N,92.3W,40,,,,,,,,,,,,,
AL,UNNAMED,1880,1,19,18800623,600,,TS,28.0N,92.8W,40,,,,,,,,,,,,,
AL,UNNAMED,1880,1,19,18800623,1200,,TS,28.1N,93.4W,40,,,,,,,,,,,,,
AL,UNNAMED,1880,1,19,18800623,1800,,TS,28.2N,94.0W,40,,,,,,,,,,,,,
AL,UNNAMED,1880,1,19,18800624,0,,TS,28.3N,94.5W,40,,,,,,,,,,,,,
AL,UNNAMED,1880,1,19,18800624,600,,TS,28.4N,95.0W,40,,,,,,,,,,,,,
AL,UNNAMED,1880,1,19,18800624,1200,,TS,28.6N,95.5W,40,,,,,,,,,,,,,
AL,UNNAMED,1880,1,19,18800624,1500,L,TS,28.7N,95.7W,40,,,,,,,,,,,,,
AL,UNNAMED,1880,1,19,18800624,1800,,TS,28.8N,95.9W,40,,,,,,,,,,,,,
AL,UNNAMED,1880,1,19,18800625,0,,TD,29.1N,96.3W,30,,,,,,,,,,,,,
AL,UNNAMED,1880,1,19,18800625,600,,TD,29.5N,96.6W,30,,,,,,,,,,,,,
AL,UNNAMED,1880,2,45,18800804,0,,TS,16.0N,59.8W,40,,,,,,,,,,,,,
AL,UNNAMED,1880,2,45,18800804,600,,TS,15.9N,61.8W,40,,,,,,,,,,,,,
AL,UNNAMED,1880,2,45,18800804,1200,,TS,16.0N,64.0W,40,,,,,,,,,,,,,
AL,UNNAMED,1880,2,45,18800804,1800,,TS,16.1N,65.5W,40,,,,,,,,,,,,,
AL,UNNAMED,1880,2,45,18800805,0,,TS,16.2N,67.0W,50,,,,,,,,,,,,,
AL,UNNAMED,1880,2,45,18800805,600,,TS,16.2N,68.4W,50,,,,,,,,,,,,,
AL,UNNAMED,1880,2,45,18800805,1200,,TS,16.5N,69.8W,50,,,,,,,,,,,,,
AL,UNNAMED,1880,2,45,18800805,1800,,TS,16.6N,71.1W,50,,,,,,,,,,,,,
AL,UNNAMED,1880,2,45,18800806,0,,TS,16.7N,72.5W,60,,,,,,,,,,,,,
AL,UNNAMED,1880,2,45,18800806,600,,TS,16.7N,73.8W,60,,,,,,,,,,,,,
AL,UNNAMED,1880,2,45,18800806,1200,,HU,17.0N,75.1W,70,,,,,,,,,,,,,
AL,UNNAMED,1880,2,45,18800806,1800,,HU,17.1N,76.3W,70,,,,,,,,,,,,,
AL,UNNAMED,1880,2,45,18800807,0,,HU,17.2N,77.5W,80,,,,,,,,,,,,,
AL,UNNAMED,1880,2,45,18800807,600,,HU,17.5N,78.6W,80,,,,,,,,,,,,,
AL,UNNAMED,1880,2,45,18800807,1200,,HU,17.7N,80.0W,90,,,,,,,,,,,,,
AL,UNNAMED,1880,2,45,18800807,1800,,HU,18.1N,81.1W,90,,,,,,,,,,,,,
AL,UNNAMED,1880,2,45,18800808,0,,HU,18.5N,82.1W,90,,,,,,,,,,,,,
AL,UNNAMED,1880,2,45,18800808,600,,HU,18.9N,83.1W,90,,,,,,,,,,,,,
AL,UNNAMED,1880,2,45,18800808,1200,,HU,19.2N,84.0W,90,,,,,,,,,,,,,
AL,UNNAMED,1880,2,45,18800808,1800,,HU,19.6N,84.6W,90,,,,,,,,,,,,,
AL,UNNAMED,1880,2,45,18800809,0,,HU,20.0N,85.3W,90,,,,,,,,,,,,,
AL,UNNAMED,1880,2,45,18800809,600,,HU,20.4N,86.0W,90,,,,,,,,,,,,,
AL,UNNAMED,1880,2,45,18800809,1200,,HU,20.7N,86.7W,90,,,,,,,,,,,,,
AL,UNNAMED,1880,2,45,18800809,1800,,HU,21.0N,87.4W,70,,,,,,,,,,,,,
AL,UNNAMED,1880,2,45,18800810,0,,TS,21.3N,88.1W,60,,,,,,,,,,,,,
AL,UNNAMED,1880,2,45,18800810,600,,TS,21.6N,88.9W,50,,,,,,,,,,,,,
AL,UNNAMED,1880,2,45,18800810,1200,,TS,22.0N,89.6W,60,,,,,,,,,,,,,
AL,UNNAMED,1880,2,45,18800810,1800,,TS,22.3N,90.4W,60,,,,,,,,,,,,,
AL,UNNAMED,1880,2,45,18800811,0,,HU,22.6N,91.1W,70,,,,,,,,,,,,,
AL,UNNAMED,1880,2,45,18800811,600,,HU,23.0N,91.9W,70,,,,,,,,,,,,,
AL,UNNAMED,1880,2,45,18800811,1200,,HU,23.4N,92.6W,80,,,,,,,,,,,,,
AL,UNNAMED,1880,2,45,18800811,1800,,HU,23.7N,93.3W,80,,,,,,,,,,,,,
AL,UNNAMED,1880,2,45,18800812,0,,HU,24.0N,93.8W,90,,,,,,,,,,,,,
AL,UNNAMED,1880,2,45,18800812,600,,HU,24.3N,94.4W,100,,,,,,,,,,,,,
AL,UNNAMED,1880,2,45,18800812,1200,,HU,24.7N,95.0W,110,,,,,,,,,,,,,
AL,UNNAMED,1880,2,45,18800812,1800,,HU,25.2N,96.0W,120,,,,,,,,,,,,,
AL,UNNAMED,1880,2,45,18800813,0,,HU,25.7N,96.9W,130,931,,,,,,,,,,,,
AL,UNNAMED,1880,2,45,18800813,100,L,HU,25.8N,97.0W,130,931,,,,,,,,,,,,
AL,UNNAMED,1880,2,45,18800813,600,,HU,26.1N,97.6W,110,943,,,,,,,,,,,,
AL,UNNAMED,1880,2,45,18800813,1200,,HU,26.5N,98.5W,70,,,,,,,,,,,,,
AL,UNNAMED,1880,2,45,18800813,1800,,TS,27.1N,99.5W,60,,,,,,,,,,,,,
AL,UNNAMED,1880,2,45,18800814,0,,TS,27.8N,100.2W,50,,,,,,,,,,,,,
AL,UNNAMED,1880,2,45,18800814,600,,TS,28.6N,101.0W,40,,,,,,,,,,,,,
AL,UNNAMED,1880,2,45,18800814,1200,,TD,29.7N,101.5W,30,,,,,,,,,,,,,
AL,UNNAMED,1880,2,45,18800814,1800,,TD,31.0N,101.0W,30,,,,,,,,,,,,,
AL,UNNAMED,1880,3,24,18800815,0,,TS,14.1N,58.8W,40,,,,,,,,,,,,,
AL,UNNAMED,1880,3,24,18800815,600,,TS,14.1N,59.5W,40,,,,,,,,,,,,,
AL,UNNAMED,1880,3,24,18800815,1200,,TS,14.0N,60.3W,40,,,,,,,,,,,,,
AL,UNNAMED,1880,3,24,18800815,1800,,TS,13.9N,61.3W,40,,,,,,,,,,,,,
AL,UNNAMED,1880,3,24,18800816,0,,TS,13.9N,62.5W,40,,,,,,,,,,,,,
AL,UNNAMED,1880,3,24,18800816,600,,TS,13.8N,63.7W,40,,,,,,,,,,,,,
AL,UNNAMED,1880,3,24,18800816,1200,,TS,13.8N,65.1W,50,,,,,,,,,,,,,
AL,UNNAMED,1880,3,24,18800816,1800,,TS,13.9N,66.6W,50,,,,,,,,,,,,,
AL,UNNAMED,1880,3,24,18800817,0,,TS,14.1N,68.0W,60,,,,,,,,,,,,,
AL,UNNAMED,1880,3,24,18800817,600,,TS,14.3N,69.5W,60,,,,,,,,,,,,,
AL,UNNAMED,1880,3,24,18800817,1200,,TS,14.5N,70.6W,60,,,,,,,,,,,,,
AL,UNNAMED,1880,3,24,18800817,1800,,TS,14.7N,71.6W,60,,,,,,,,,,,,,
AL,UNNAMED,1880,3,24,18800818,0,,HU,15.1N,72.5W,70,,,,,,,,,,,,,
AL,UNNAMED,1880,3,24,18800818,600,,HU,15.4N,73.3W,70,,,,,,,,,,,,,
AL,UNNAMED,1880,3,24,18800818,1200,,HU,15.8N,74.0W,70,,,,,,,,,,,,,
AL,UNNAMED,1880,3,24,18800818,1800,,HU,16.5N,75.3W,70,987,,,,,,,,,,,,
AL,UNNAMED,1880,3,24,18800819,0,,HU,17.6N,76.6W,80,980,,,,,,,,,,,,
AL,UNNAMED,1880,3,24,18800819,600,,HU,19.0N,77.3W,70,,,,,,,,,,,,,
AL,UNNAMED,1880,3,24,18800819,1200,,TS,20.2N,77.5W,60,992,,,,,,,,,,,,
AL,UNNAMED,1880,3,24,18800819,1800,,TS,21.5N,77.6W,50,,,,,,,,,,,,,
AL,UNNAMED,1880,3,24,18800820,0,,TS,22.7N,77.3W,40,,,,,,,,,,,,,
AL,UNNAMED,1880,3,24,18800820,600,,TS,24.0N,76.9W,40,,,,,,,,,,,,,
AL,UNNAMED,1880,3,24,18800820,1200,,TS,25.5N,76.3W,40,,,,,,,,,,,,,
AL,UNNAMED,1880,3,24,18800820,1800,,TS,27.3N,75.3W,40,,,,,,,,,,,,,
AL,UNNAMED,1880,4,37,18800824,0,,TS,24.7N,57.5W,50,,,,,,,,,,,,,
AL,UNNAMED,1880,4,37,18800824,600,,TS,24.9N,58.6W,50,,,,,,,,,,,,,
AL,UNNAMED,1880,4,37,18800824,1200,,TS,25.0N,59.7W,50,,,,,,,,,,,,,
AL,UNNAMED,1880,4,37,18800824,1800,,TS,25.2N,60.7W,50,,,,,,,,,,,,,
AL,UNNAMED,1880,4,37,18800825,0,,TS,25.5N,61.8W,60,,,,,,,,,,,,,
AL,UNNAMED,1880,4,37,18800825,600,,TS,25.7N,62.8W,60,,,,,,,,,,,,,
AL,UNNAMED,1880,4,37,18800825,1200,,TS,26.0N,63.8W,60,,,,,,,,,,,,,
AL,UNNAMED,1880,4,37,18800825,1800,,TS,26.2N,65.0W,60,,,,,,,,,,,,,
AL,UNNAMED,1880,4,37,18800826,0,,HU,26.4N,66.1W,70,,,,,,,,,,,,,
AL,UNNAMED,1880,4,37,18800826,600,,HU,26.6N,67.3W,70,,,,,,,,,,,,,
AL,UNNAMED,1880,4,37,18800826,1200,,HU,26.7N,68.5W,80,,,,,,,,,,,,,
AL,UNNAMED,1880,4,37,18800826,1800,,HU,26.9N,69.6W,80,,,,,,,,,,,,,
AL,UNNAMED,1880,4,37,18800827,0,,HU,27.1N,70.9W,90,,,,,,,,,,,,,
AL,UNNAMED,1880,4,37,18800827,600,,HU,27.2N,72.1W,90,,,,,,,,,,,,,
AL,UNNAMED,1880,4,37,18800827,1200,,HU,27.3N,73.4W,90,,,,,,,,,,,,,
AL,UNNAMED,1880,4,37,18800827,1800,,HU,27.4N,74.4W,90,,,,,,,,,,,,,
AL,UNNAMED,1880,4,37,18800828,0,,HU,27.5N,75.4W,90,,,,,,,,,,,,,
AL,UNNAMED,1880,4,37,18800828,600,,HU,27.7N,76.5W,90,,,,,,,,,,,,,
AL,UNNAMED,1880,4,37,18800828,1200,,HU,27.8N,77.5W,90,,,,,,,,,,,,,
AL,UNNAMED,1880,4,37,18800828,1800,,HU,27.9N,78.5W,90,,,,,,,,,,,,,
AL,UNNAMED,1880,4,37,18800829,0,,HU,28.0N,79.4W,90,972,,,,,,,,,,,,
AL,UNNAMED,1880,4,37,18800829,600,,HU,28.1N,80.1W,90,,,,,,,,,,,,,
AL,UNNAMED,1880,4,37,18800829,1200,L,HU,28.2N,80.6W,90,,,,,,,,,,,,,
AL,UNNAMED,1880,4,37,18800829,1800,,HU,28.3N,81.1W,70,,,,,,,,,,,,,
AL,UNNAMED,1880,4,37,18800830,0,,TS,28.4N,81.6W,60,,,,,,,,,,,,,
AL,UNNAMED,1880,4,37,18800830,600,,TS,28.5N,82.1W,60,,,,,,,,,,,,,
AL,UNNAMED,1880,4,37,18800830,1200,,TS,28.7N,82.6W,60,,,,,,,,,,,,,
AL,UNNAMED,1880,4,37,18800830,1800,,HU,29.0N,83.3W,70,,,,,,,,,,,,,
AL,UNNAMED,1880,4,37,18800831,0,,HU,29.4N,84.1W,70,,,,,,,,,,,,,
AL,UNNAMED,1880,4,37,18800831,400,L,HU,29.7N,84.8W,70,,,,,,,,,,,,,
AL,UNNAMED,1880,4,37,18800831,600,,HU,29.8N,85.0W,70,,,,,,,,,,,,,
AL,UNNAMED,1880,4,37,18800831,1200,,TS,30.2N,86.0W,60,,,,,,,,,,,,,
AL,UNNAMED,1880,4,37,18800831,1800,,TS,30.7N,87.0W,60,,,,,,,,,,,,,
AL,UNNAMED,1880,4,37,18800901,0,,TS,31.4N,87.8W,50,,,,,,,,,,,,,
AL,UNNAMED,1880,4,37,18800901,600,,TS,32.2N,88.4W,40,,,,,,,,,,,,,
AL,UNNAMED,1880,4,37,18800901,1200,,TD,33.0N,89.0W,30,,,,,,,,,,,,,
AL,UNNAMED,1880,4,37,18800901,1800,,TD,33.5N,89.1W,30,,,,,,,,,,,,,
AL,UNNAMED,1880,5,40,18800826,0,,TS,19.5N,42.5W,50,,,,,,,,,,,,,
AL,UNNAMED,1880,5,40,18800826,600,,TS,19.9N,43.7W,50,,,,,,,,,,,,,
AL,UNNAMED,1880,5,40,18800826,1200,,TS,20.5N,45.0W,50,,,,,,,,,,,,,
AL,UNNAMED,1880,5,40,18800826,1800,,TS,21.2N,46.5W,50,,,,,,,,,,,,,
AL,UNNAMED,1880,5,40,18800827,0,,TS,22.2N,48.2W,60,,,,,,,,,,,,,
AL,UNNAMED,1880,5,40,18800827,600,,TS,23.1N,49.8W,60,,,,,,,,,,,,,
AL,UNNAMED,1880,5,40,18800827,1200,,TS,24.0N,51.5W,60,,,,,,,,,,,,,
AL,UNNAMED,1880,5,40,18800827,1800,,TS,24.9N,52.9W,60,,,,,,,,,,,,,
AL,UNNAMED,1880,5,40,18800828,0,,TS,25.8N,54.3W,60,,,,,,,,,,,,,
AL,UNNAMED,1880,5,40,18800828,600,,TS,26.6N,55.5W,60,,,,,,,,,,,,,
AL,UNNAMED,1880,5,40,18800828,1200,,HU,27.5N,57.0W,70,,,,,,,,,,,,,
AL,UNNAMED,1880,5,40,18800828,1800,,HU,28.2N,57.9W,70,,,,,,,,,,,,,
AL,UNNAMED,1880,5,40,18800829,0,,HU,29.0N,59.2W,70,,,,,,,,,,,,,
AL,UNNAMED,1880,5,40,18800829,600,,HU,29.8N,60.4W,70,,,,,,,,,,,,,
AL,UNNAMED,1880,5,40,18800829,1200,,HU,30.5N,61.6W,70,,,,,,,,,,,,,
AL,UNNAMED,1880,5,40,18800829,1800,,HU,31.2N,62.6W,70,,,,,,,,,,,,,
AL,UNNAMED,1880,5,40,18800830,0,,HU,31.9N,63.5W,70,,,,,,,,,,,,,
AL,UNNAMED,1880,5,40,18800830,600,,HU,32.5N,64.1W,70,,,,,,,,,,,,,
AL,UNNAMED,1880,5,40,18800830,1200,,HU,33.0N,64.4W,80,,,,,,,,,,,,,
AL,UNNAMED,1880,5,40,18800830,1800,,HU,33.3N,64.5W,80,,,,,,,,,,,,,
AL,UNNAMED,1880,5,40,18800831,0,,HU,33.5N,64.3W,80,,,,,,,,,,,,,
AL,UNNAMED,1880,5,40,18800831,600,,HU,33.5N,64.0W,80,977,,,,,,,,,,,,
AL,UNNAMED,1880,5,40,18800831,1200,,HU,33.7N,63.7W,80,,,,,,,,,,,,,
AL,UNNAMED,1880,5,40,18800831,1800,,HU,33.9N,63.4W,80,,,,,,,,,,,,,
AL,UNNAMED,1880,5,40,18800901,0,,HU,34.2N,62.9W,80,,,,,,,,,,,,,
AL,UNNAMED,1880,5,40,18800901,600,,HU,34.4N,62.5W,80,,,,,,,,,,,,,
AL,UNNAMED,1880,5,40,18800901,1200,,HU,34.5N,62.0W,70,,,,,,,,,,,,,
AL,UNNAMED,1880,5,40,18800901,1800,,HU,34.5N,61.7W,70,,,,,,,,,,,,,
AL,UNNAMED,1880,5,40,18800902,0,,HU,34.5N,61.4W,70,,,,,,,,,,,,,
AL,UNNAMED,1880,5,40,18800902,600,,HU,34.5N,61.1W,70,,,,,,,,,,,,,
AL,UNNAMED,1880,5,40,18800902,1200,,HU,34.5N,60.7W,70,,,,,,,,,,,,,
AL,UNNAMED,1880,5,40,18800902,1800,,HU,34.5N,60.4W,70,,,,,,,,,,,,,
AL,UNNAMED,1880,5,40,18800903,0,,HU,34.4N,60.1W,70,,,,,,,,,,,,,
AL,UNNAMED,1880,5,40,18800903,600,,HU,34.4N,59.8W,70,,,,,,,,,,,,,
AL,UNNAMED,1880,5,40,18800903,1200,,TS,34.5N,59.5W,60,,,,,,,,,,,,,
AL,UNNAMED,1880,5,40,18800903,1800,,TS,34.9N,58.9W,60,,,,,,,,,,,,,
AL,UNNAMED,1880,5,40,18800904,0,,TS,35.4N,58.3W,60,,,,,,,,,,,,,
AL,UNNAMED,1880,5,40,18800904,600,,TS,36.0N,57.8W,60,,,,,,,,,,,,,
AL,UNNAMED,1880,5,40,18800904,1200,,TS,36.7N,57.3W,60,,,,,,,,,,,,,
AL,UNNAMED,1880,5,40,18800904,1800,,TS,37.5N,56.8W,60,,,,,,,,,,,,,
AL,UNNAMED,1880,6,26,18800906,0,,TS,23.9N,88.6W,40,,,,,,,,,,,,,
AL,UNNAMED,1880,6,26,18800906,600,,TS,24.2N,88.4W,40,,,,,,,,,,,,,
AL,UNNAMED,1880,6,26,18800906,1200,,TS,24.6N,88.0W,40,,,,,,,,,,,,,
AL,UNNAMED,1880,6,26,18800906,1800,,TS,24.9N,87.6W,40,,,,,,,,,,,,,
AL,UNNAMED,1880,6,26,18800907,0,,TS,25.2N,87.3W,40,,,,,,,,,,,,,
AL,UNNAMED,1880,6,26,18800907,600,,TS,25.6N,87.0W,40,,,,,,,,,,,,,
AL,UNNAMED,1880,6,26,18800907,1200,,TS,26.0N,86.6W,40,,,,,,,,,,,,,
AL,UNNAMED,1880,6,26,18800907,1800,,TS,26.6N,86.3W,40,,,,,,,,,,,,,
AL,UNNAMED,1880,6,26,18800908,0,,TS,27.1N,86.0W,50,,,,,,,,,,,,,
AL,UNNAMED,1880,6,26,18800908,600,,TS,27.7N,85.6W,50,,,,,,,,,,,,,
AL,UNNAMED,1880,6,26,18800908,1200,,TS,28.7N,84.6W,50,,,,,,,,,,,,,
AL,UNNAMED,1880,6,26,18800908,1600,L,TS,29.8N,83.6W,50,,,,,,,,,,,,,
AL,UNNAMED,1880,6,26,18800908,1800,,TS,30.1N,83.1W,40,,,,,,,,,,,,,
AL,UNNAMED,1880,6,26,18800909,0,,TS,31.7N,80.4W,60,,,,,,,,,,,,,
AL,UNNAMED,1880,6,26,18800909,600,,HU,33.5N,78.1W,70,987,,,,,,,,,,,,
AL,UNNAMED,1880,6,26,18800909,1000,L,HU,34.7N,77.1W,70,987,,,,,,,,,,,,
AL,UNNAMED,1880,6,26,18800909,1200,,HU,35.3N,76.5W,70,,,,,,,,,,,,,
AL,UNNAMED,1880,6,26,18800909,1800,,HU,37.0N,74.3W,70,,,,,,,,,,,,,
AL,UNNAMED,1880,6,26,18800910,0,,HU,38.9N,72.0W,70,,,,,,,,,,,,,
AL,UNNAMED,1880,6,26,18800910,600,,HU,40.8N,68.9W,70,,,,,,,,,,,,,
AL,UNNAMED,1880,6,26,18800910,1200,,HU,42.3N,66.0W,70,,,,,,,,,,,,,
AL,UNNAMED,1880,6,26,18800910,1800,,HU,43.2N,63.9W,70,,,,,,,,,,,,,
AL,UNNAMED,1880,6,26,18800911,0,,EX,44.0N,61.7W,60,,,,,,,,,,,,,
AL,UNNAMED,1880,6,26,18800911,600,,EX,44.7N,59.1W,60,,,,,,,,,,,,,
AL,UNNAMED,1880,6,26,18800911,1200,,EX,45.3N,56.7W,60,,,,,,,,,,,,,
AL,UNNAMED,1880,6,26,18800911,1800,,EX,46.0N,54.2W,60,,,,,,,,,,,,,
AL,UNNAMED,1880,7,12,18800908,0,,HU,32.0N,73.5W,80,,,,,,,,,,,,,
AL,UNNAMED,1880,7,12,18800908,600,,HU,33.5N,72.5W,80,,,,,,,,,,,,,
AL,UNNAMED,1880,7,12,18800908,1200,,HU,35.0N,71.0W,80,,,,,,,,,,,,,
AL,UNNAMED,1880,7,12,18800908,1800,,HU,36.5N,69.1W,80,,,,,,,,,,,,,
AL,UNNAMED,1880,7,12,18800909,0,,HU,38.2N,67.4W,70,,,,,,,,,,,,,
AL,UNNAMED,1880,7,12,18800909,600,,HU,39.8N,65.4W,70,,,,,,,,,,,,,
AL,UNNAMED,1880,7,12,18800909,1200,,TS,41.5N,63.5W,60,,,,,,,,,,,,,
AL,UNNAMED,1880,7,12,18800909,1800,,TS,43.4N,61.1W,60,,,,,,,,,,,,,
AL,UNNAMED,1880,7,12,18800910,0,,TS,45.2N,58.6W,60,,,,,,,,,,,,,
AL,UNNAMED,1880,7,12,18800910,600,,TS,47.0N,55.5W,60,,,,,,,,,,,,,
AL,UNNAMED,1880,7,12,18800910,1200,,TS,48.5N,52.0W,50,,,,,,,,,,,,,
AL,UNNAMED,1880,7,12,18800910,1800,,TS,50.0N,48.0W,50,,,,,,,,,,,,,
AL,UNNAMED,1880,8,32,18800927,0,,TS,23.2N,43.5W,50,,,,,,,,,,,,,
AL,UNNAMED,1880,8,32,18800927,600,,TS,23.2N,44.5W,50,,,,,,,,,,,,,
AL,UNNAMED,1880,8,32,18800927,1200,,TS,23.2N,45.7W,50,,,,,,,,,,,,,
AL,UNNAMED,1880,8,32,18800927,1800,,TS,23.2N,46.9W,50,,,,,,,,,,,,,
AL,UNNAMED,1880,8,32,18800928,0,,TS,23.2N,47.9W,60,,,,,,,,,,,,,
AL,UNNAMED,1880,8,32,18800928,600,,TS,23.2N,49.2W,60,,,,,,,,,,,,,
AL,UNNAMED,1880,8,32,18800928,1200,,TS,23.2N,50.5W,60,,,,,,,,,,,,,
AL,UNNAMED,1880,8,32,18800928,1800,,TS,23.4N,51.9W,60,,,,,,,,,,,,,
AL,UNNAMED,1880,8,32,18800929,0,,HU,23.5N,53.2W,70,,,,,,,,,,,,,
AL,UNNAMED,1880,8,32,18800929,600,,HU,23.7N,54.5W,70,,,,,,,,,,,,,
AL,UNNAMED,1880,8,32,18800929,1200,,HU,24.0N,55.7W,80,,,,,,,,,,,,,
AL,UNNAMED,1880,8,32,18800929,1800,,HU,24.2N,56.7W,80,,,,,,,,,,,,,
AL,UNNAMED,1880,8,32,18800930,0,,HU,24.6N,57.7W,90,,,,,,,,,,,,,
AL,UNNAMED,1880,8,32,18800930,600,,HU,24.9N,58.7W,90,,,,,,,,,,,,,
AL,UNNAMED,1880,8,32,18800930,1200,,HU,25.2N,59.7W,100,,,,,,,,,,,,,
AL,UNNAMED,1880,8,32,18800930,1800,,HU,25.7N,60.3W,100,,,,,,,,,,,,,
AL,UNNAMED,1880,8,32,18801001,0,,HU,26.1N,60.9W,110,,,,,,,,,,,,,
AL,UNNAMED,1880,8,32,18801001,600,,HU,26.5N,61.5W,110,,,,,,,,,,,,,
AL,UNNAMED,1880,8,32,18801001,1200,,HU,27.0N,62.0W,120,,,,,,,,,,,,,
AL,UNNAMED,1880,8,32,18801001,1800,,HU,27.3N,62.4W,120,,,,,,,,,,,,,
AL,UNNAMED,1880,8,32,18801002,0,,HU,27.6N,62.8W,120,,,,,,,,,,,,,
AL,UNNAMED,1880,8,32,18801002,600,,HU,28.0N,63.3W,120,928,,,,,,,,,,,,
AL,UNNAMED,1880,8,32,18801002,1200,,HU,28.3N,63.7W,120,928,,,,,,,,,,,,
AL,UNNAMED,1880,8,32,18801002,1800,,HU,29.3N,64.5W,120,,,,,,,,,,,,,
AL,UNNAMED,1880,8,32,18801003,0,,HU,30.7N,64.1W,110,,,,,,,,,,,,,
AL,UNNAMED,1880,8,32,18801003,600,,HU,32.2N,62.4W,110,,,,,,,,,,,,,
AL,UNNAMED,1880,8,32,18801003,1200,,HU,33.5N,60.0W,100,,,,,,,,,,,,,
AL,UNNAMED,1880,8,32,18801003,1800,,HU,34.3N,58.4W,100,,,,,,,,,,,,,
AL,UNNAMED,1880,8,32,18801004,0,,HU,35.0N,57.1W,90,,,,,,,,,,,,,
AL,UNNAMED,1880,8,32,18801004,600,,HU,35.8N,55.4W,90,,,,,,,,,,,,,
AL,UNNAMED,1880,8,32,18801004,1200,,HU,36.5N,54.0W,80,,,,,,,,,,,,,
AL,UNNAMED,1880,8,32,18801004,1800,,HU,37.5N,52.5W,80,,,,,,,,,,,,,
AL,UNNAMED,1880,9,25,18801005,0,,TS,18.2N,85.1W,40,,,,,,,,,,,,,
AL,UNNAMED,1880,9,25,18801005,600,,TS,18.6N,85.6W,40,,,,,,,,,,,,,
AL,UNNAMED,1880,9,25,18801005,1200,,TS,19.0N,86.0W,40,,,,,,,,,,,,,
AL,UNNAMED,1880,9,25,18801005,1800,,TS,19.6N,86.6W,40,,,,,,,,,,,,,
AL,UNNAMED,1880,9,25,18801006,0,,TS,20.5N,87.1W,50,,,,,,,,,,,,,
AL,UNNAMED,1880,9,25,18801006,600,,TS,21.4N,87.3W,50,,,,,,,,,,,,,
AL,UNNAMED,1880,9,25,18801006,1200,,TS,22.2N,87.3W,50,,,,,,,,,,,,,
AL,UNNAMED,1880,9,25,18801006,1800,,TS,22.7N,87.1W,50,,,,,,,,,,,,,
AL,UNNAMED,1880,9,25,18801007,0,,TS,23.4N,86.8W,60,,,,,,,,,,,,,
AL,UNNAMED,1880,9,25,18801007,600,,TS,24.1N,86.4W,60,,,,,,,,,,,,,
AL,UNNAMED,1880,9,25,18801007,1200,,TS,24.7N,86.0W,60,,,,,,,,,,,,,
AL,UNNAMED,1880,9,25,18801007,1800,,TS,25.4N,85.6W,60,,,,,,,,,,,,,
AL,UNNAMED,1880,9,25,18801008,0,,HU,26.3N,85.3W,70,,,,,,,,,,,,,
AL,UNNAMED,1880,9,25,18801008,600,,HU,26.9N,85.0W,70,,,,,,,,,,,,,
AL,UNNAMED,1880,9,25,18801008,1200,,HU,27.7N,84.3W,70,,,,,,,,,,,,,
AL,UNNAMED,1880,9,25,18801008,1800,,HU,28.9N,82.7W,70,,,,,,,,,,,,,
AL,UNNAMED,1880,9,25,18801008,1900,L,HU,28.7N,83.0W,70,,,,,,,,,,,,,
AL,UNNAMED,1880,9,25,18801009,0,,TS,30.1N,81.0W,60,,,,,,,,,,,,,
AL,UNNAMED,1880,9,25,18801009,600,,HU,31.3N,78.9W,70,,,,,,,,,,,,,
AL,UNNAMED,1880,9,25,18801009,1200,,HU,32.0N,76.0W,70,,,,,,,,,,,,,
AL,UNNAMED,1880,9,25,18801009,1800,,HU,32.4N,73.9W,70,,,,,,,,,,,,,
AL,UNNAMED,1880,9,25,18801010,0,,HU,32.5N,72.3W,70,,,,,,,,,,,,,
AL,UNNAMED,1880,9,25,18801010,600,,HU,32.5N,70.1W,70,,,,,,,,,,,,,
AL,UNNAMED,1880,9,25,18801010,1200,,HU,32.5N,68.5W,70,,,,,,,,,,,,,
AL,UNNAMED,1880,9,25,18801010,1800,,HU,32.5N,65.5W,70,,,,,,,,,,,,,
AL,UNNAMED,1880,10,28,18801010,0,,HU,23.9N,65.3W,70,,,,,,,,,,,,,
AL,UNNAMED,1880,10,28,18801010,600,,HU,24.2N,65.4W,70,,,,,,,,,,,,,
AL,UNNAMED,1880,10,28,18801010,1200,,HU,24.5N,65.5W,70,,,,,,,,,,,,,
AL,UNNAMED,1880,10,28,18801010,1800,,HU,24.7N,65.6W,70,,,,,,,,,,,,,
AL,UNNAMED,1880,10,28,18801011,0,,HU,25.2N,65.6W,70,,,,,,,,,,,,,
AL,UNNAMED,1880,10,28,18801011,600,,HU,25.6N,65.8W,70,,,,,,,,,,,,,
AL,UNNAMED,1880,10,28,18801011,1200,,HU,26.0N,66.0W,70,,,,,,,,,,,,,
AL,UNNAMED,1880,10,28,18801011,1800,,HU,26.3N,66.1W,70,,,,,,,,,,,,,
AL,UNNAMED,1880,10,28,18801012,0,,HU,26.5N,66.1W,80,,,,,,,,,,,,,
AL,UNNAMED,1880,10,28,18801012,600,,HU,26.8N,66.3W,80,,,,,,,,,,,,,
AL,UNNAMED,1880,10,28,18801012,1200,,HU,27.0N,66.5W,80,,,,,,,,,,,,,
AL,UNNAMED,1880,10,28,18801012,1800,,HU,27.2N,66.6W,80,,,,,,,,,,,,,
AL,UNNAMED,1880,10,28,18801013,0,,HU,27.4N,66.8W,80,,,,,,,,,,,,,
AL,UNNAMED,1880,10,28,18801013,600,,HU,27.6N,66.9W,80,,,,,,,,,,,,,
AL,UNNAMED,1880,10,28,18801013,1200,,HU,28.0N,67.0W,80,,,,,,,,,,,,,
AL,UNNAMED,1880,10,28,18801013,1800,,HU,28.8N,66.8W,80,970,,,,,,,,,,,,
AL,UNNAMED,1880,10,28,18801014,0,,HU,29.5N,66.1W,80,,,,,,,,,,,,,
AL,UNNAMED,1880,10,28,18801014,600,,HU,30.2N,65.4W,80,,,,,,,,,,,,,
AL,UNNAMED,1880,10,28,18801014,1200,,HU,30.7N,64.6W,70,979,,,,,,,,,,,,
AL,UNNAMED,1880,10,28,18801014,1800,,HU,31.8N,63.7W,70,,,,,,,,,,,,,
AL,UNNAMED,1880,10,28,18801015,0,,EX,33.5N,62.4W,70,,,,,,,,,,,,,
AL,UNNAMED,1880,10,28,18801015,600,,EX,35.0N,61.4W,70,,,,,,,,,,,,,
AL,UNNAMED,1880,10,28,18801015,1200,,EX,36.3N,60.5W,60,,,,,,,,,,,,,
AL,UNNAMED,1880,10,28,18801015,1800,,EX,38.2N,59.5W,60,,,,,,,,,,,,,
AL,UNNAMED,1880,10,28,18801016,0,,EX,40.4N,58.2W,60,,,,,,,,,,,,,
AL,UNNAMED,1880,10,28,18801016,600,,EX,42.8N,56.3W,60,,,,,,,,,,,,,
AL,UNNAMED,1880,10,28,18801016,1200,,EX,44.3N,54.0W,60,,,,,,,,,,,,,
AL,UNNAMED,1880,10,28,18801016,1800,,EX,45.2N,51.0W,60,,,,,,,,,,,,,
AL,UNNAMED,1880,11,20,18801020,1200,,TS,27.1N,75.3W,40,,,,,,,,,,,,,
AL,UNNAMED,1880,11,20,18801020,1800,,TS,28.2N,74.6W,40,,,,,,,,,,,,,
AL,UNNAMED,1880,11,20,18801021,0,,TS,29.3N,74.5W,40,,,,,,,,,,,,,
AL,UNNAMED,1880,11,20,18801021,600,,TS,30.2N,74.1W,40,,,,,,,,,,,,,
AL,UNNAMED,1880,11,20,18801021,1200,,TS,31.0N,74.0W,40,,,,,,,,,,,,,
AL,UNNAMED,1880,11,20,18801021,1800,,TS,31.7N,73.8W,40,,,,,,,,,,,,,
AL,UNNAMED,1880,11,20,18801022,0,,TS,32.4N,73.6W,50,,,,,,,,,,,,,
AL,UNNAMED,1880,11,20,18801022,600,,TS,33.2N,73.3W,50,,,,,,,,,,,,,
AL,UNNAMED,1880,11,20,18801022,1200,,TS,34.0N,73.0W,50,,,,,,,,,,,,,
AL,UNNAMED,1880,11,20,18801022,1800,,TS,35.3N,72.6W,50,,,,,,,,,,,,,
AL,UNNAMED,1880,11,20,18801023,0,,TS,37.5N,71.8W,60,,,,,,,,,,,,,
AL,UNNAMED,1880,11,20,18801023,600,,EX,40.2N,70.5W,60,,,,,,,,,,,,,
AL,UNNAMED,1880,11,20,18801023,800,L,EX,41.3N,70.0W,60,,,,,,,,,,,,,
AL,UNNAMED,1880,11,20,18801023,1200,,EX,43.5N,69.0W,60,991,,,,,,,,,,,,
AL,UNNAMED,1880,11,20,18801023,1300,L,EX,44.0N,68.8W,60,991,,,,,,,,,,,,
AL,UNNAMED,1880,11,20,18801023,1800,,EX,46.0N,68.0W,50,,,,,,,,,,,,,
AL,UNNAMED,1880,11,20,18801024,0,,EX,47.8N,67.3W,50,,,,,,,,,,,,,
AL,UNNAMED,1880,11,20,18801024,600,,EX,49.0N,66.3W,50,,,,,,,,,,,,,
AL,UNNAMED,1880,11,20,18801024,1200,,EX,50.0N,65.0W,50,,,,,,,,,,,,,
AL,UNNAMED,1880,11,20,18801024,1800,,EX,50.8N,63.5W,50,,,,,,,,,,,,,
AL,UNNAMED,1881,1,15,18810801,0,,TS,23.0N,85.5W,40,,,,,,,,,,,,,
AL,UNNAMED,1881,1,15,18810801,600,,TS,23.5N,85.8W,40,,,,,,,,,,,,,
AL,UNNAMED,1881,1,15,18810801,1200,,TS,24.0N,86.0W,40,,,,,,,,,,,,,
AL,UNNAMED,1881,1,15,18810801,1800,,TS,24.6N,86.3W,40,,,,,,,,,,,,,
AL,UNNAMED,1881,1,15,18810802,0,,TS,25.2N,86.6W,40,,,,,,,,,,,,,
AL,UNNAMED,1881,1,15,18810802,600,,TS,26.1N,86.8W,40,,,,,,,,,,,,,
AL,UNNAMED,1881,1,15,18810802,1200,,TS,27.0N,87.0W,40,,,,,,,,,,,,,
AL,UNNAMED,1881,1,15,18810802,1800,,TS,27.7N,87.4W,40,,,,,,,,,,,,,
AL,UNNAMED,1881,1,15,18810803,0,,TS,28.5N,87.8W,50,,,,,,,,,,,,,
AL,UNNAMED,1881,1,15,18810803,600,,TS,29.3N,88.1W,50,,,,,,,,,,,,,
AL,UNNAMED,1881,1,15,18810803,1200,,TS,30.1N,88.3W,50,,,,,,,,,,,,,
AL,UNNAMED,1881,1,15,18810803,1300,L,TS,30.2N,88.3W,50,,,,,,,,,,,,,
AL,UNNAMED,1881,1,15,18810803,1800,,TS,30.9N,88.4W,40,,,,,,,,,,,,,
AL,UNNAMED,1881,1,15,18810804,0,,TD,31.5N,88.6W,30,,,,,,,,,,,,,
AL,UNNAMED,1881,1,15,18810804,600,,TD,32.0N,88.8W,30,,,,,,,,,,,,,
AL,UNNAMED,1881,3,32,18810811,0,,HU,16.0N,31.0W,80,,,,,,,,,,,,,
AL,UNNAMED,1881,3,32,18810811,600,,HU,16.0N,32.0W,80,,,,,,,,,,,,,
AL,UNNAMED,1881,3,32,18810811,1200,,HU,16.0N,33.0W,80,,,,,,,,,,,,,
AL,UNNAMED,1881,3,32,18810811,1800,,HU,16.0N,34.0W,80,,,,,,,,,,,,,
AL,UNNAMED,1881,3,32,18810812,0,,HU,16.1N,35.3W,80,,,,,,,,,,,,,
AL,UNNAMED,1881,3,32,18810812,600,,HU,16.2N,36.4W,80,,,,,,,,,,,,,
AL,UNNAMED,1881,3,32,18810812,1200,,HU,16.2N,37.3W,80,,,,,,,,,,,,,
AL,UNNAMED,1881,3,32,18810812,1800,,HU,16.5N,38.5W,80,,,,,,,,,,,,,
AL,UNNAMED,1881,3,32,18810813,0,,HU,16.7N,39.7W,80,,,,,,,,,,,,,
AL,UNNAMED,1881,3,32,18810813,600,,HU,17.2N,40.9W,80,,,,,,,,,,,,,
AL,UNNAMED,1881,3,32,18810813,1200,,HU,17.7N,41.7W,80,,,,,,,,,,,,,
AL,UNNAMED,1881,3,32,18810813,1800,,HU,18.2N,42.8W,80,,,,,,,,,,,,,
AL,UNNAMED,1881,3,32,18810814,0,,HU,18.7N,43.7W,80,,,,,,,,,,,,,
AL,UNNAMED,1881,3,32,18810814,600,,HU,19.4N,44.7W,80,,,,,,,,,,,,,
AL,UNNAMED,1881,3,32,18810814,1200,,HU,20.0N,45.5W,80,,,,,,,,,,,,,
AL,UNNAMED,1881,3,32,18810814,1800,,HU,20.9N,46.4W,80,,,,,,,,,,,,,
AL,UNNAMED,1881,3,32,18810815,0,,HU,21.7N,47.0W,70,,,,,,,,,,,,,
AL,UNNAMED,1881,3,32,18810815,600,,HU,22.5N,47.8W,70,,,,,,,,,,,,,
AL,UNNAMED,1881,3,32,18810815,1200,,HU,23.2N,48.5W,70,,,,,,,,,,,,,
AL,UNNAMED,1881,3,32,18810815,1800,,HU,24.1N,49.0W,70,,,,,,,,,,,,,
AL,UNNAMED,1881,3,32,18810816,0,,HU,24.7N,49.5W,70,,,,,,,,,,,,,
AL,UNNAMED,1881,3,32,18810816,600,,HU,25.8N,50.0W,70,,,,,,,,,,,,,
AL,UNNAMED,1881,3,32,18810816,1200,,HU,26.7N,50.5W,70,,,,,,,,,,,,,
AL,UNNAMED,1881,3,32,18810816,1800,,HU,27.7N,50.9W,70,,,,,,,,,,,,,
AL,UNNAMED,1881,3,32,18810817,0,,TS,28.6N,51.2W,60,,,,,,,,,,,,,
AL,UNNAMED,1881,3,32,18810817,600,,TS,29.7N,51.3W,60,,,,,,,,,,,,,
AL,UNNAMED,1881,3,32,18810817,1200,,TS,30.5N,51.3W,60,,,,,,,,,,,,,
AL,UNNAMED,1881,3,32,18810817,1800,,TS,31.3N,51.3W,60,,,,,,,,,,,,,
AL,UNNAMED,1881,3,32,18810818,0,,TS,32.2N,51.3W,60,,,,,,,,,,,,,
AL,UNNAMED,1881,3,32,18810818,600,,TS,33.0N,51.2W,60,,,,,,,,,,,,,
AL,UNNAMED,1881,3,32,18810818,1200,,TS,34.0N,51.0W,60,,,,,,,,,,,,,
AL,UNNAMED,1881,3,32,18810818,1800,,TS,35.5N,50.5W,60,,,,,,,,,,,,,
AL,UNNAMED,1881,2,15,18810811,1200,,TS,25.6N,88.7W,40,,,,,,,,,,,,,
AL,UNNAMED,1881,2,15,18810811,1800,,TS,25.6N,89.6W,40,,,,,,,,,,,,,
AL,UNNAMED,1881,2,15,18810812,0,,TS,25.6N,90.5W,40,,,,,,,,,,,,,
AL,UNNAMED,1881,2,15,18810812,600,,TS,25.7N,91.5W,40,,,,,,,,,,,,,
AL,UNNAMED,1881,2,15,18810812,1200,,TS,25.8N,92.4W,40,,,,,,,,,,,,,
AL,UNNAMED,1881,2,15,18810812,1800,,TS,26.1N,93.4W,40,,,,,,,,,,,,,
AL,UNNAMED,1881,2,15,18810813,0,,TS,26.4N,94.3W,40,,,,,,,,,,,,,
AL,UNNAMED,1881,2,15,18810813,600,,TS,26.8N,95.2W,40,,,,,,,,,,,,,
AL,UNNAMED,1881,2,15,18810813,1200,,TS,27.2N,95.8W,40,,,,,,,,,,,,,
AL,UNNAMED,1881,2,15,18810813,1800,,TS,27.7N,96.6W,40,,,,,,,,,,,,,
AL,UNNAMED,1881,2,15,18810813,2100,L,TS,28.0N,96.9W,40,,,,,,,,,,,,,
AL,UNNAMED,1881,2,15,18810814,0,,TD,28.3N,97.2W,30,,,,,,,,,,,,,
AL,UNNAMED,1881,2,15,18810814,600,,TD,28.9N,97.7W,30,,,,,,,,,,,,,
AL,UNNAMED,1881,2,15,18810814,1200,,TD,29.6N,98.3W,30,,,,,,,,,,,,,
AL,UNNAMED,1881,2,15,18810814,1800,,TD,30.8N,99.0W,30,,,,,,,,,,,,,
AL,UNNAMED,1881,4,24,18810816,0,,TS,20.2N,87.0W,40,,,,,,,,,,,,,
AL,UNNAMED,1881,4,24,18810816,600,,TS,21.1N,86.3W,40,,,,,,,,,,,,,
AL,UNNAMED,1881,4,24,18810816,1200,,TS,22.0N,85.5W,40,,,,,,,,,,,,,
AL,UNNAMED,1881,4,24,18810816,1800,,TS,22.9N,84.5W,40,,,,,,,,,,,,,
AL,UNNAMED,1881,4,24,18810817,0,,TS,23.5N,83.1W,40,,,,,,,,,,,,,
AL,UNNAMED,1881,4,24,18810817,600,,TS,24.0N,81.8W,40,,,,,,,,,,,,,
AL,UNNAMED,1881,4,24,18810817,1200,,TS,24.5N,80.5W,40,,,,,,,,,,,,,
AL,UNNAMED,1881,4,24,18810817,1800,,TS,25.7N,78.6W,40,,,,,,,,,,,,,
AL,UNNAMED,1881,4,24,18810818,0,,TS,27.0N,76.6W,50,,,,,,,,,,,,,
AL,UNNAMED,1881,4,24,18810818,600,,TS,28.3N,75.1W,50,,,,,,,,,,,,,
AL,UNNAMED,1881,4,24,18810818,1200,,TS,29.5N,74.0W,50,,,,,,,,,,,,,
AL,UNNAMED,1881,4,24,18810818,1800,,TS,30.6N,72.9W,50,,,,,,,,,,,,,
AL,UNNAMED,1881,4,24,18810819,0,,TS,31.8N,71.8W,60,,,,,,,,,,,,,
AL,UNNAMED,1881,4,24,18810819,600,,TS,33.2N,70.6W,60,,,,,,,,,,,,,
AL,UNNAMED,1881,4,24,18810819,1200,,HU,34.5N,69.5W,70,,,,,,,,,,,,,
AL,UNNAMED,1881,4,24,18810819,1800,,HU,35.8N,68.1W,70,,,,,,,,,,,,,
AL,UNNAMED,1881,4,24,18810820,0,,HU,37.0N,66.5W,70,,,,,,,,,,,,,
AL,UNNAMED,1881,4,24,18810820,600,,HU,38.3N,64.8W,70,,,,,,,,,,,,,
AL,UNNAMED,1881,4,24,18810820,1200,,HU,39.3N,63.3W,70,,,,,,,,,,,,,
AL,UNNAMED,1881,4,24,18810820,1800,,HU,40.0N,61.3W,70,,,,,,,,,,,,,
AL,UNNAMED,1881,4,24,18810821,0,,TS,41.0N,59.0W,60,,,,,,,,,,,,,
AL,UNNAMED,1881,4,24,18810821,600,,TS,41.8N,56.7W,60,,,,,,,,,,,,,
AL,UNNAMED,1881,4,24,18810821,1200,,EX,42.5N,54.5W,60,,,,,,,,,,,,,
AL,UNNAMED,1881,4,24,18810821,1800,,EX,43.0N,51.5W,60,,,,,,,,,,,,,
AL,UNNAMED,1881,5,37,18810821,0,,TS,17.6N,57.0W,60,,,,,,,,,,,,,
AL,UNNAMED,1881,5,37,18810821,600,,TS,17.7N,58.0W,60,,,,,,,,,,,,,
AL,UNNAMED,1881,5,37,18810821,1200,,TS,17.7N,59.0W,60,,,,,,,,,,,,,
AL,UNNAMED,1881,5,37,18810821,1800,,TS,17.7N,59.9W,60,,,,,,,,,,,,,
AL,UNNAMED,1881,5,37,18810822,0,,TS,18.0N,60.9W,60,,,,,,,,,,,,,
AL,UNNAMED,1881,5,37,18810822,600,,TS,18.2N,62.0W,60,,,,,,,,,,,,,
AL,UNNAMED,1881,5,37,18810822,1200,,TS,18.6N,63.0W,60,,,,,,,,,,,,,
AL,UNNAMED,1881,5,37,18810822,1800,,TS,18.9N,63.9W,60,,,,,,,,,,,,,
AL,UNNAMED,1881,5,37,18810823,0,,TS,19.2N,64.9W,60,,,,,,,,,,,,,
AL,UNNAMED,1881,5,37,18810823,600,,TS,19.6N,65.9W,60,,,,,,,,,,,,,
AL,UNNAMED,1881,5,37,18810823,1200,,TS,20.1N,67.0W,60,,,,,,,,,,,,,
AL,UNNAMED,1881,5,37,18810823,1800,,TS,20.7N,68.0W,60,,,,,,,,,,,,,
AL,UNNAMED,1881,5,37,18810824,0,,HU,21.6N,69.1W,70,,,,,,,,,,,,,
AL,UNNAMED,1881,5,37,18810824,600,,HU,22.2N,70.0W,70,,,,,,,,,,,,,
AL,UNNAMED,1881,5,37,18810824,1200,,HU,23.0N,70.8W,70,,,,,,,,,,,,,
AL,UNNAMED,1881,5,37,18810824,1800,,HU,23.7N,71.9W,70,,,,,,,,,,,,,
AL,UNNAMED,1881,5,37,18810825,0,,HU,24.4N,72.8W,70,,,,,,,,,,,,,
AL,UNNAMED,1881,5,37,18810825,600,,HU,24.9N,73.6W,70,,,,,,,,,,,,,
AL,UNNAMED,1881,5,37,18810825,1200,,HU,25.5N,74.6W,80,,,,,,,,,,,,,
AL,UNNAMED,1881,5,37,18810825,1800,,HU,26.0N,75.4W,80,,,,,,,,,,,,,
AL,UNNAMED,1881,5,37,18810826,0,,HU,26.7N,76.4W,80,,,,,,,,,,,,,
AL,UNNAMED,1881,5,37,18810826,600,,HU,27.4N,77.3W,80,,,,,,,,,,,,,
AL,UNNAMED,1881,5,37,18810826,1200,,HU,28.2N,78.1W,80,,,,,,,,,,,,,
AL,UNNAMED,1881,5,37,18810826,1800,,HU,28.6N,78.6W,90,,,,,,,,,,,,,
AL,UNNAMED,1881,5,37,18810827,0,,HU,29.3N,79.0W,90,,,,,,,,,,,,,
AL,UNNAMED,1881,5,37,18810827,600,,HU,29.9N,79.3W,90,,,,,,,,,,,,,
AL,UNNAMED,1881,5,37,18810827,1200,,HU,30.7N,79.6W,90,,,,,,,,,,,,,
AL,UNNAMED,1881,5,37,18810827,1800,,HU,31.3N,80.1W,90,,,,,,,,,,,,,
AL,UNNAMED,1881,5,37,18810828,0,,HU,31.6N,80.9W,90,970,,,,,,,,,,,,
AL,UNNAMED,1881,5,37,18810828,200,L,HU,31.7N,81.1W,90,970,,,,,,,,,,,,
AL,UNNAMED,1881,5,37,18810828,600,,HU,31.9N,81.9W,70,,,,,,,,,,,,,
AL,UNNAMED,1881,5,37,18810828,1200,,TS,32.0N,83.0W,50,,,,,,,,,,,,,
AL,UNNAMED,1881,5,37,18810828,1800,,TS,32.0N,84.4W,50,,,,,,,,,,,,,
AL,UNNAMED,1881,5,37,18810829,0,,TS,32.5N,86.3W,40,,,,,,,,,,,,,
AL,UNNAMED,1881,5,37,18810829,600,,TS,33.2N,87.6W,40,,,,,,,,,,,,,
AL,UNNAMED,1881,5,37,18810829,1200,,TS,34.0N,89.0W,40,1002,,,,,,,,,,,,
AL,UNNAMED,1881,5,37,18810829,1800,,TD,34.7N,90.4W,30,,,,,,,,,,,,,
AL,UNNAMED,1881,6,21,18810907,0,,HU,23.7N,69.0W,70,,,,,,,,,,,,,
AL,UNNAMED,1881,6,21,18810907,600,,HU,25.0N,70.0W,70,,,,,,,,,,,,,
AL,UNNAMED,1881,6,21,18810907,1200,,HU,26.2N,71.0W,70,,,,,,,,,,,,,
AL,UNNAMED,1881,6,21,18810907,1800,,HU,27.4N,72.1W,70,,,,,,,,,,,,,
AL,UNNAMED,1881,6,21,18810908,0,,HU,28.6N,73.5W,80,,,,,,,,,,,,,
AL,UNNAMED,1881,6,21,18810908,600,,HU,30.1N,75.0W,80,,,,,,,,,,,,,
AL,UNNAMED,1881,6,21,18810908,1200,,HU,31.0N,75.8W,80,,,,,,,,,,,,,
AL,UNNAMED,1881,6,21,18810908,1800,,HU,31.6N,76.1W,80,,,,,,,,,,,,,
AL,UNNAMED,1881,6,21,18810909,0,,HU,32.0N,76.5W,90,,,,,,,,,,,,,
AL,UNNAMED,1881,6,21,18810909,600,,HU,32.8N,77.0W,90,,,,,,,,,,,,,
AL,UNNAMED,1881,6,21,18810909,1200,,HU,33.3N,77.5W,90,,,,,,,,,,,,,
AL,UNNAMED,1881,6,21,18810909,1600,L,HU,33.9N,78.1W,90,,,,,,,,,,,,,
AL,UNNAMED,1881,6,21,18810909,1800,,HU,34.2N,78.1W,80,975,,,,,,,,,,,,
AL,UNNAMED,1881,6,21,18810910,0,,TS,35.2N,77.5W,60,,,,,,,,,,,,,
AL,UNNAMED,1881,6,21,18810910,600,,TS,36.2N,76.9W,50,,,,,,,,,,,,,
AL,UNNAMED,1881,6,21,18810910,1200,,TS,37.0N,76.0W,50,,,,,,,,,,,,,
AL,UNNAMED,1881,6,21,18810910,1800,,TS,38.0N,74.6W,50,,,,,,,,,,,,,
AL,UNNAMED,1881,6,21,18810911,0,,TS,39.0N,73.3W,50,,,,,,,,,,,,,
AL,UNNAMED,1881,6,21,18810911,600,,TS,39.9N,71.8W,50,,,,,,,,,,,,,
AL,UNNAMED,1881,6,21,18810911,1200,,TS,40.5N,70.5W,50,,,,,,,,,,,,,
AL,UNNAMED,1881,6,21,18810911,1800,,TS,41.5N,69.0W,50,,,,,,,,,,,,,
AL,UNNAMED,1881,7,28,18810918,0,,TS,35.3N,68.0W,50,,,,,,,,,,,,,
AL,UNNAMED,1881,7,28,18810918,600,,TS,36.3N,68.0W,50,,,,,,,,,,,,,
AL,UNNAMED,1881,7,28,18810918,1200,,TS,37.5N,67.5W,50,,,,,,,,,,,,,
AL,UNNAMED,1881,7,28,18810918,1800,,TS,38.3N,66.5W,50,,,,,,,,,,,,,
AL,UNNAMED,1881,7,28,18810919,0,,TS,39.2N,65.3W,50,,,,,,,,,,,,,
AL,UNNAMED,1881,7,28,18810919,600,,TS,40.3N,63.5W,50,,,,,,,,,,,,,
AL,UNNAMED,1881,7,28,18810919,1200,,TS,41.0N,62.0W,50,,,,,,,,,,,,,
AL,UNNAMED,1881,7,28,18810919,1800,,TS,41.7N,60.2W,60,,,,,,,,,,,,,
AL,UNNAMED,1881,7,28,18810920,0,,TS,42.3N,58.8W,60,,,,,,,,,,,,,
AL,UNNAMED,1881,7,28,18810920,600,,TS,43.0N,56.9W,60,,,,,,,,,,,,,
AL,UNNAMED,1881,7,28,18810920,1200,,TS,43.7N,55.0W,60,,,,,,,,,,,,,
AL,UNNAMED,1881,7,28,18810920,1800,,TS,44.4N,53.3W,60,,,,,,,,,,,,,
AL,UNNAMED,1881,7,28,18810921,0,,TS,45.0N,51.2W,60,,,,,,,,,,,,,
AL,UNNAMED,1881,7,28,18810921,600,,TS,45.8N,49.2W,60,,,,,,,,,,,,,
AL,UNNAMED,1881,7,28,18810921,1200,,TS,46.3N,47.5W,50,,,,,,,,,,,,,
AL,UNNAMED,1881,7,28,18810921,1800,,TS,46.9N,46.0W,50,,,,,,,,,,,,,
AL,UNNAMED,1881,7,28,18810922,0,,TS,47.5N,44.0W,50,,,,,,,,,,,,,
AL,UNNAMED,1881,7,28,18810922,600,,TS,48.0N,42.0W,50,,,,,,,,,,,,,
AL,UNNAMED,1881,7,28,18810922,1200,,EX,48.5N,40.3W,50,,,,,,,,,,,,,
AL,UNNAMED,1881,7,28,18810922,1800,,EX,49.0N,38.3W,50,,,,,,,,,,,,,
AL,UNNAMED,1881,7,28,18810923,0,,EX,49.5N,36.0W,40,,,,,,,,,,,,,
AL,UNNAMED,1881,7,28,18810923,600,,EX,50.3N,33.7W,40,,,,,,,,,,,,,
AL,UNNAMED,1881,7,28,18810923,1200,,EX,51.0N,31.5W,40,,,,,,,,,,,,,
AL,UNNAMED,1881,7,28,18810923,1800,,EX,51.6N,29.6W,40,,,,,,,,,,,,,
AL,UNNAMED,1881,7,28,18810924,0,,EX,52.2N,27.5W,40,,,,,,,,,,,,,
AL,UNNAMED,1881,7,28,18810924,600,,EX,52.8N,25.7W,40,,,,,,,,,,,,,
AL,UNNAMED,1881,7,28,18810924,1200,,EX,53.5N,23.5W,40,,,,,,,,,,,,,
AL,UNNAMED,1881,7,28,18810924,1800,,EX,54.0N,21.5W,40,,,,,,,,,,,,,
AL,UNNAMED,1882,1,5,18820824,600,,HU,37.5N,52.0W,70,,,,,,,,,,,,,
AL,UNNAMED,1882,1,5,18820824,1200,,HU,38.5N,52.0W,70,,,,,,,,,,,,,
AL,UNNAMED,1882,1,5,18820824,1800,,HU,40.0N,51.5W,70,,,,,,,,,,,,,
AL,UNNAMED,1882,1,5,18820825,0,,HU,42.0N,50.5W,70,,,,,,,,,,,,,
AL,UNNAMED,1882,1,5,18820825,600,,HU,45.0N,49.0W,70,,,,,,,,,,,,,
AL,UNNAMED,1882,2,47,18820902,0,,TS,19.5N,67.5W,50,,,,,,,,,,,,,
AL,UNNAMED,1882,2,47,18820902,600,,TS,19.7N,68.5W,50,,,,,,,,,,,,,
AL,UNNAMED,1882,2,47,18820902,1200,,TS,20.2N,69.3W,50,,,,,,,,,,,,,
AL,UNNAMED,1882,2,47,18820902,1800,,TS,20.7N,70.1W,50,,,,,,,,,,,,,
AL,UNNAMED,1882,2,47,18820903,0,,TS,21.2N,70.9W,60,,,,,,,,,,,,,
AL,UNNAMED,1882,2,47,18820903,600,,TS,21.7N,71.8W,60,,,,,,,,,,,,,
AL,UNNAMED,1882,2,47,18820903,1200,,HU,22.0N,72.5W,70,,,,,,,,,,,,,
AL,UNNAMED,1882,2,47,18820903,1800,,HU,22.2N,73.4W,70,,,,,,,,,,,,,
AL,UNNAMED,1882,2,47,18820904,0,,HU,22.5N,74.3W,80,,,,,,,,,,,,,
AL,UNNAMED,1882,2,47,18820904,600,,HU,22.5N,75.1W,80,,,,,,,,,,,,,
AL,UNNAMED,1882,2,47,18820904,1200,,HU,22.5N,76.1W,90,,,,,,,,,,,,,
AL,UNNAMED,1882,2,47,18820904,1800,,HU,22.4N,77.0W,90,,,,,,,,,,,,,
AL,UNNAMED,1882,2,47,18820905,0,,HU,22.4N,77.8W,90,,,,,,,,,,,,,
AL,UNNAMED,1882,2,47,18820905,600,,HU,22.4N,78.6W,80,,,,,,,,,,,,,
AL,UNNAMED,1882,2,47,18820905,1200,,HU,22.4N,79.5W,80,,,,,,,,,,,,,
AL,UNNAMED,1882,2,47,18820905,1800,,HU,22.4N,80.9W,70,,,,,,,,,,,,,
AL,UNNAMED,1882,2,47,18820906,0,,HU,22.4N,82.0W,70,,,,,,,,,,,,,
AL,UNNAMED,1882,2,47,18820906,600,,HU,22.4N,82.9W,70,,,,,,,,,,,,,
AL,UNNAMED,1882,2,47,18820906,1200,,HU,22.4N,83.8W,70,,,,,,,,,,,,,
AL,UNNAMED,1882,2,47,18820906,1800,,HU,22.4N,84.6W,70,,,,,,,,,,,,,
AL,UNNAMED,1882,2,47,18820907,0,,HU,22.6N,85.8W,80,981,,,,,,,,,,,,
AL,UNNAMED,1882,2,47,18820907,600,,HU,23.1N,86.6W,80,,,,,,,,,,,,,
AL,UNNAMED,1882,2,47,18820907,1200,,HU,23.7N,87.3W,80,,,,,,,,,,,,,
AL,UNNAMED,1882,2,47,18820907,1800,,HU,24.2N,87.6W,80,,,,,,,,,,,,,
AL,UNNAMED,1882,2,47,18820908,0,,HU,24.7N,88.0W,90,,,,,,,,,,,,,
AL,UNNAMED,1882,2,47,18820908,600,,HU,25.4N,88.3W,90,,,,,,,,,,,,,
AL,UNNAMED,1882,2,47,18820908,1200,,HU,26.0N,88.6W,90,,,,,,,,,,,,,
AL,UNNAMED,1882,2,47,18820908,1800,,HU,26.4N,88.7W,90,,,,,,,,,,,,,
AL,UNNAMED,1882,2,47,18820909,0,,HU,26.8N,88.8W,90,,,,,,,,,,,,,
AL,UNNAMED,1882,2,47,18820909,600,,HU,27.2N,88.7W,90,,,,,,,,,,,,,
AL,UNNAMED,1882,2,47,18820909,1200,,HU,27.7N,88.4W,90,,,,,,,,,,,,,
AL,UNNAMED,1882,2,47,18820909,1800,,HU,28.8N,88.0W,100,961,,,,,,,,,,,,
AL,UNNAMED,1882,2,47,18820910,0,,HU,30.0N,87.1W,110,949,,,,,,,,,,,,
AL,UNNAMED,1882,2,47,18820910,200,L,HU,30.4N,86.8W,110,949,,,,,,,,,,,,
AL,UNNAMED,1882,2,47,18820910,600,,HU,31.1N,86.1W,80,,,,,,,,,,,,,
AL,UNNAMED,1882,2,47,18820910,1200,,TS,31.9N,85.1W,60,,,,,,,,,,,,,
AL,UNNAMED,1882,2,47,18820910,1800,,TS,33.0N,84.1W,40,,,,,,,,,,,,,
AL,UNNAMED,1882,2,47,18820911,0,,TS,33.7N,83.3W,40,,,,,,,,,,,,,
AL,UNNAMED,1882,2,47,18820911,600,,TS,34.5N,82.1W,40,,,,,,,,,,,,,
AL,UNNAMED,1882,2,47,18820911,1200,,TS,35.3N,80.8W,40,,,,,,,,,,,,,
AL,UNNAMED,1882,2,47,18820911,1800,,TS,36.7N,78.3W,40,,,,,,,,,,,,,
AL,UNNAMED,1882,2,47,18820912,0,,TS,38.4N,74.9W,50,,,,,,,,,,,,,
AL,UNNAMED,1882,2,47,18820912,600,,TS,40.0N,71.5W,60,,,,,,,,,,,,,
AL,UNNAMED,1882,2,47,18820912,1200,,TS,41.7N,68.1W,50,1000,,,,,,,,,,,,
AL,UNNAMED,1882,2,47,18820912,1800,,TS,43.7N,64.5W,50,,,,,,,,,,,,,
AL,UNNAMED,1882,2,47,18820913,0,,EX,45.2N,61.0W,40,,,,,,,,,,,,,
AL,UNNAMED,1882,2,47,18820913,600,,EX,46.5N,57.5W,40,,,,,,,,,,,,,
AL,UNNAMED,1882,3,10,18820914,0,,TD,26.5N,91.5W,30,,,,,,,,,,,,,
AL,UNNAMED,1882,3,10,18820914,600,,TS,27.0N,91.7W,35,,,,,,,,,,,,,
AL,UNNAMED,1882,3,10,18820914,1200,,TS,27.7N,92.0W,40,,,,,,,,,,,,,
AL,UNNAMED,1882,3,10,18820914,1800,,TS,28.5N,92.3W,45,,,,,,,,,,,,,
AL,UNNAMED,1882,3,10,18820915,0,,TS,29.4N,93.0W,50,,,,,,,,,,,,,
AL,UNNAMED,1882,3,10,18820915,500,L,TS,29.8N,93.7W,50,,,,,,,,,,,,,
AL,UNNAMED,1882,3,10,18820915,600,,TS,29.9N,93.8W,50,,,,,,,,,,,,,
AL,UNNAMED,1882,3,10,18820915,1200,,TS,30.4N,94.5W,40,,,,,,,,,,,,,
AL,UNNAMED,1882,3,10,18820915,1800,,TS,30.9N,95.0W,35,,,,,,,,,,,,,
AL,UNNAMED,1882,3,10,18820916,0,,TD,31.5N,95.3W,30,,,,,,,,,,,,,
AL,UNNAMED,1882,4,16,18820921,0,,TS,28.5N,76.8W,40,,,,,,,,,,,,,
AL,UNNAMED,1882,4,16,18820921,600,,TS,29.2N,77.1W,40,,,,,,,,,,,,,
AL,UNNAMED,1882,4,16,18820921,1200,,TS,30.0N,77.5W,40,,,,,,,,,,,,,
AL,UNNAMED,1882,4,16,18820921,1800,,TS,30.8N,77.6W,40,,,,,,,,,,,,,
AL,UNNAMED,1882,4,16,18820922,0,,TS,31.5N,77.6W,40,,,,,,,,,,,,,
AL,UNNAMED,1882,4,16,18820922,600,,TS,32.2N,77.6W,40,,,,,,,,,,,,,
AL,UNNAMED,1882,4,16,18820922,1200,,TS,33.0N,77.5W,50,,,,,,,,,,,,,
AL,UNNAMED,1882,4,16,18820922,1800,,TS,34.0N,77.3W,50,,,,,,,,,,,,,
AL,UNNAMED,1882,4,16,18820922,2200,L,TS,34.7N,77.0W,50,,,,,,,,,,,,,
AL,UNNAMED,1882,4,16,18820923,0,,TS,35.0N,77.0W,40,,,,,,,,,,,,,
AL,UNNAMED,1882,4,16,18820923,600,,TS,36.0N,76.6W,40,1005,,,,,,,,,,,,
AL,UNNAMED,1882,4,16,18820923,1200,,TS,37.0N,76.1W,40,,,,,,,,,,,,,
AL,UNNAMED,1882,4,16,18820923,1800,,TS,38.2N,75.5W,40,,,,,,,,,,,,,
AL,UNNAMED,1882,4,16,18820924,0,,TS,39.4N,74.5W,40,,,,,,,,,,,,,
AL,UNNAMED,1882,4,16,18820924,500,L,TS,40.7N,72.8W,40,,,,,,,,,,,,,
AL,UNNAMED,1882,4,16,18820924,600,,TS,41.0N,72.5W,40,,,,,,,,,,,,,
AL,UNNAMED,1882,5,20,18820924,0,,TS,30.3N,76.8W,50,,,,,,,,,,,,,
AL,UNNAMED,1882,5,20,18820924,600,,TS,30.8N,76.6W,50,,,,,,,,,,,,,
AL,UNNAMED,1882,5,20,18820924,1200,,TS,31.3N,76.3W,50,,,,,,,,,,,,,
AL,UNNAMED,1882,5,20,18820924,1800,,TS,31.6N,76.0W,50,,,,,,,,,,,,,
AL,UNNAMED,1882,5,20,18820925,0,,TS,31.9N,75.6W,60,,,,,,,,,,,,,
AL,UNNAMED,1882,5,20,18820925,600,,TS,32.2N,75.4W,60,,,,,,,,,,,,,
AL,UNNAMED,1882,5,20,18820925,1200,,HU,32.5N,75.0W,70,,,,,,,,,,,,,
AL,UNNAMED,1882,5,20,18820925,1800,,HU,33.0N,74.1W,70,,,,,,,,,,,,,
AL,UNNAMED,1882,5,20,18820926,0,,HU,33.7N,73.3W,70,,,,,,,,,,,,,
AL,UNNAMED,1882,5,20,18820926,600,,HU,34.2N,72.3W,70,,,,,,,,,,,,,
AL,UNNAMED,1882,5,20,18820926,1200,,HU,34.7N,71.0W,70,,,,,,,,,,,,,
AL,UNNAMED,1882,5,20,18820926,1800,,HU,35.5N,69.5W,70,,,,,,,,,,,,,
AL,UNNAMED,1882,5,20,18820927,0,,HU,36.4N,67.6W,70,,,,,,,,,,,,,
AL,UNNAMED,1882,5,20,18820927,600,,HU,37.2N,65.5W,70,,,,,,,,,,,,,
AL,UNNAMED,1882,5,20,18820927,1200,,HU,38.0N,63.3W,70,,,,,,,,,,,,,
AL,UNNAMED,1882,5,20,18820927,1800,,HU,38.7N,60.4W,70,,,,,,,,,,,,,
AL,UNNAMED,1882,5,20,18820928,0,,HU,39.2N,57.0W,70,,,,,,,,,,,,,
AL,UNNAMED,1882,5,20,18820928,600,,HU,39.3N,53.8W,70,,,,,,,,,,,,,
AL,UNNAMED,1882,5,20,18820928,1200,,HU,39.5N,51.0W,70,,,,,,,,,,,,,
AL,UNNAMED,1882,5,20,18820928,1800,,HU,39.5N,48.0W,70,,,,,,,,,,,,,
AL,UNNAMED,1882,6,45,18821005,0,,TS,14.2N,81.6W,40,,,,,,,,,,,,,
AL,UNNAMED,1882,6,45,18821005,600,,TS,14.6N,81.9W,40,,,,,,,,,,,,,
AL,UNNAMED,1882,6,45,18821005,1200,,TS,15.0N,82.0W,40,,,,,,,,,,,,,
AL,UNNAMED,1882,6,45,18821005,1800,,TS,15.4N,82.1W,40,,,,,,,,,,,,,
AL,UNNAMED,1882,6,45,18821006,0,,TS,15.8N,82.1W,50,,,,,,,,,,,,,
AL,UNNAMED,1882,6,45,18821006,600,,TS,16.2N,82.3W,50,,,,,,,,,,,,,
AL,UNNAMED,1882,6,45,18821006,1200,,TS,16.6N,82.4W,50,,,,,,,,,,,,,
AL,UNNAMED,1882,6,45,18821006,1800,,TS,17.0N,82.5W,50,,,,,,,,,,,,,
AL,UNNAMED,1882,6,45,18821007,0,,TS,17.2N,82.6W,60,,,,,,,,,,,,,
AL,UNNAMED,1882,6,45,18821007,600,,TS,17.7N,82.8W,60,,,,,,,,,,,,,
AL,UNNAMED,1882,6,45,18821007,1200,,HU,18.0N,82.9W,70,,,,,,,,,,,,,
AL,UNNAMED,1882,6,45,18821007,1800,,HU,18.4N,83.0W,70,,,,,,,,,,,,,
AL,UNNAMED,1882,6,45,18821008,0,,HU,18.7N,83.1W,80,,,,,,,,,,,,,
AL,UNNAMED,1882,6,45,18821008,600,,HU,19.1N,83.2W,90,,,,,,,,,,,,,
AL,UNNAMED,1882,6,45,18821008,1200,,HU,19.5N,83.3W,100,,,,,,,,,,,,,
AL,UNNAMED,1882,6,45,18821008,1800,,HU,20.2N,83.5W,110,,,,,,,,,,,,,
AL,UNNAMED,1882,6,45,18821009,0,,HU,21.2N,83.7W,120,,,,,,,,,,,,,
AL,UNNAMED,1882,6,45,18821009,600,,HU,22.2N,83.9W,100,,,,,,,,,,,,,
AL,UNNAMED,1882,6,45,18821009,1200,,HU,23.5N,84.0W,90,,,,,,,,,,,,,
AL,UNNAMED,1882,6,45,18821009,1800,,HU,24.4N,84.1W,80,,,,,,,,,,,,,
AL,UNNAMED,1882,6,45,18821010,0,,HU,25.4N,84.1W,70,,,,,,,,,,,,,
AL,UNNAMED,1882,6,45,18821010,600,,HU,26.5N,84.1W,70,,,,,,,,,,,,,
AL,UNNAMED,1882,6,45,18821010,1200,,HU,27.5N,84.0W,70,,,,,,,,,,,,,
AL,UNNAMED,1882,6,45,18821010,1800,,HU,28.3N,83.8W,70,,,,,,,,,,,,,
AL,UNNAMED,1882,6,45,18821011,0,,HU,29.1N,83.6W,70,,,,,,,,,,,,,
AL,UNNAMED,1882,6,45,18821011,400,L,HU,29.5N,83.3W,70,,,,,,,,,,,,,
AL,UNNAMED,1882,6,45,18821011,600,,TS,29.8N,83.1W,60,,,,,,,,,,,,,
AL,UNNAMED,1882,6,45,18821011,1200,,TS,30.5N,82.6W,50,,,,,,,,,,,,,
AL,UNNAMED,1882,6,45,18821011,1800,,TS,31.2N,81.5W,50,,,,,,,,,,,,,
AL,UNNAMED,1882,6,45,18821012,0,,TS,32.0N,80.4W,60,,,,,,,,,,,,,
AL,UNNAMED,1882,6,45,18821012,600,,TS,33.0N,79.0W,60,,,,,,,,,,,,,
AL,UNNAMED,1882,6,45,18821012,1200,,HU,33.8N,77.5W,70,,,,,,,,,,,,,
AL,UNNAMED,1882,6,45,18821012,1800,,HU,34.2N,76.0W,70,,,,,,,,,,,,,
AL,UNNAMED,1882,6,45,18821013,0,,HU,34.7N,74.8W,70,,,,,,,,,,,,,
AL,UNNAMED,1882,6,45,18821013,600,,HU,35.0N,73.3W,70,,,,,,,,,,,,,
AL,UNNAMED,1882,6,45,18821013,1200,,HU,35.5N,72.0W,70,,,,,,,,,,,,,
AL,UNNAMED,1882,6,45,18821013,1800,,HU,35.8N,71.1W,70,,,,,,,,,,,,,
AL,UNNAMED,1882,6,45,18821014,0,,HU,36.0N,70.4W,70,,,,,,,,,,,,,
AL,UNNAMED,1882,6,45,18821014,600,,HU,36.2N,69.6W,70,,,,,,,,,,,,,
AL,UNNAMED,1882,6,45,18821014,1200,,HU,36.5N,69.0W,70,,,,,,,,,,,,,
AL,UNNAMED,1882,6,45,18821014,1800,,HU,36.7N,68.3W,70,,,,,,,,,,,,,
AL,UNNAMED,1882,6,45,18821015,0,,TS,37.0N,67.6W,60,,,,,,,,,,,,,
AL,UNNAMED,1882,6,45,18821015,600,,TS,37.2N,67.0W,60,,,,,,,,,,,,,
AL,UNNAMED,1882,6,45,18821015,1200,,TS,37.5N,66.1W,60,,,,,,,,,,,,,
AL,UNNAMED,1882,6,45,18821015,1800,,TS,37.8N,65.1W,60,,,,,,,,,,,,,
AL,UNNAMED,1883,1,44,18830818,0,,TS,19.2N,48.5W,40,,,,,,,,,,,,,
AL,UNNAMED,1883,1,44,18830818,600,,TS,19.4N,49.5W,40,,,,,,,,,,,,,
AL,UNNAMED,1883,1,44,18830818,1200,,TS,19.5N,51.0W,40,,,,,,,,,,,,,
AL,UNNAMED,1883,1,44,18830818,1800,,TS,19.7N,52.6W,40,,,,,,,,,,,,,
AL,UNNAMED,1883,1,44,18830819,0,,TS,20.2N,54.4W,40,,,,,,,,,,,,,
AL,UNNAMED,1883,1,44,18830819,600,,TS,20.7N,56.0W,40,,,,,,,,,,,,,
AL,UNNAMED,1883,1,44,18830819,1200,,TS,21.2N,57.5W,50,,,,,,,,,,,,,
AL,UNNAMED,1883,1,44,18830819,1800,,TS,21.7N,59.0W,50,,,,,,,,,,,,,
AL,UNNAMED,1883,1,44,18830820,0,,TS,22.2N,60.5W,50,,,,,,,,,,,,,
AL,UNNAMED,1883,1,44,18830820,600,,TS,23.1N,62.3W,50,,,,,,,,,,,,,
AL,UNNAMED,1883,1,44,18830820,1200,,TS,24.0N,64.0W,50,,,,,,,,,,,,,
AL,UNNAMED,1883,1,44,18830820,1800,,TS,24.7N,65.1W,50,,,,,,,,,,,,,
AL,UNNAMED,1883,1,44,18830821,0,,TS,25.8N,66.6W,60,,,,,,,,,,,,,
AL,UNNAMED,1883,1,44,18830821,600,,TS,27.0N,68.0W,60,,,,,,,,,,,,,
AL,UNNAMED,1883,1,44,18830821,1200,,TS,28.1N,69.0W,60,,,,,,,,,,,,,
AL,UNNAMED,1883,1,44,18830821,1800,,TS,29.0N,69.4W,60,,,,,,,,,,,,,
AL,UNNAMED,1883,1,44,18830822,0,,HU,29.9N,69.7W,70,,,,,,,,,,,,,
AL,UNNAMED,1883,1,44,18830822,600,,HU,30.7N,70.0W,70,,,,,,,,,,,,,
AL,UNNAMED,1883,1,44,18830822,1200,,HU,31.5N,70.2W,70,,,,,,,,,,,,,
AL,UNNAMED,1883,1,44,18830822,1800,,HU,32.2N,70.3W,70,,,,,,,,,,,,,
AL,UNNAMED,1883,1,44,18830823,0,,HU,32.8N,70.2W,70,,,,,,,,,,,,,
AL,UNNAMED,1883,1,44,18830823,600,,HU,33.4N,70.0W,70,,,,,,,,,,,,,
AL,UNNAMED,1883,1,44,18830823,1200,,HU,33.9N,69.6W,70,,,,,,,,,,,,,
AL,UNNAMED,1883,1,44,18830823,1800,,HU,34.3N,69.1W,70,,,,,,,,,,,,,
AL,UNNAMED,1883,1,44,18830824,0,,HU,34.9N,68.4W,70,,,,,,,,,,,,,
AL,UNNAMED,1883,1,44,18830824,600,,HU,35.3N,67.8W,70,,,,,,,,,,,,,
AL,UNNAMED,1883,1,44,18830824,1200,,HU,35.8N,67.1W,70,,,,,,,,,,,,,
AL,UNNAMED,1883,1,44,18830824,1800,,HU,36.4N,66.1W,70,,,,,,,,,,,,,
AL,UNNAMED,1883,1,44,18830825,0,,HU,36.9N,65.3W,80,,,,,,,,,,,,,
AL,UNNAMED,1883,1,44,18830825,600,,HU,37.5N,64.1W,80,,,,,,,,,,,,,
AL,UNNAMED,1883,1,44,18830825,1200,,HU,38.4N,62.5W,80,,,,,,,,,,,,,
AL,UNNAMED,1883,1,44,18830825,1800,,HU,39.5N,60.3W,80,,,,,,,,,,,,,
AL,UNNAMED,1883,1,44,18830826,0,,HU,41.2N,57.4W,80,,,,,,,,,,,,,
AL,UNNAMED,1883,1,44,18830826,600,,HU,42.9N,54.1W,80,,,,,,,,,,,,,
AL,UNNAMED,1883,1,44,18830826,1200,,HU,44.3N,50.9W,80,,,,,,,,,,,,,
AL,UNNAMED,1883,1,44,18830826,1800,,HU,45.8N,48.0W,80,,,,,,,,,,,,,
AL,UNNAMED,1883,1,44,18830827,0,,HU,47.7N,43.8W,70,,,,,,,,,,,,,
AL,UNNAMED,1883,1,44,18830827,600,,HU,49.3N,40.0W,70,,,,,,,,,,,,,
AL,UNNAMED,1883,1,44,18830827,1200,,EX,51.0N,36.0W,60,,,,,,,,,,,,,
AL,UNNAMED,1883,1,44,18830827,1800,,EX,52.1N,32.8W,60,,,,,,,,,,,,,
AL,UNNAMED,1883,1,44,18830828,0,,EX,53.4N,28.9W,60,,,,,,,,,,,,,
AL,UNNAMED,1883,1,44,18830828,600,,EX,54.7N,24.7W,60,,,,,,,,,,,,,
AL,UNNAMED,1883,1,44,18830828,1200,,EX,55.7N,20.7W,50,,,,,,,,,,,,,
AL,UNNAMED,1883,1,44,18830828,1800,,EX,56.7N,17.5W,50,,,,,,,,,,,,,
AL,UNNAMED,1883,2,40,18830824,0,,HU,22.7N,58.5W,70,,,,,,,,,,,,,
AL,UNNAMED,1883,2,40,18830824,600,,HU,23.0N,59.8W,70,,,,,,,,,,,,,
AL,UNNAMED,1883,2,40,18830824,1200,,HU,23.5N,60.9W,70,,,,,,,,,,,,,
AL,UNNAMED,1883,2,40,18830824,1800,,HU,24.0N,62.0W,70,,,,,,,,,,,,,
AL,UNNAMED,1883,2,40,18830825,0,,HU,24.4N,62.9W,70,,,,,,,,,,,,,
AL,UNNAMED,1883,2,40,18830825,600,,HU,24.7N,63.7W,70,,,,,,,,,,,,,
AL,UNNAMED,1883,2,40,18830825,1200,,HU,25.2N,64.4W,70,,,,,,,,,,,,,
AL,UNNAMED,1883,2,40,18830825,1800,,HU,25.7N,65.1W,70,,,,,,,,,,,,,
AL,UNNAMED,1883,2,40,18830826,0,,HU,26.3N,65.9W,80,,,,,,,,,,,,,
AL,UNNAMED,1883,2,40,18830826,600,,HU,26.7N,66.4W,80,,,,,,,,,,,,,
AL,UNNAMED,1883,2,40,18830826,1200,,HU,27.2N,66.8W,80,,,,,,,,,,,,,
AL,UNNAMED,1883,2,40,18830826,1800,,HU,27.7N,67.1W,80,,,,,,,,,,,,,
AL,UNNAMED,1883,2,40,18830827,0,,HU,28.3N,67.5W,90,,,,,,,,,,,,,
AL,UNNAMED,1883,2,40,18830827,600,,HU,28.9N,67.8W,90,,,,,,,,,,,,,
AL,UNNAMED,1883,2,40,18830827,1200,,HU,29.4N,68.0W,90,,,,,,,,,,,,,
AL,UNNAMED,1883,2,40,18830827,1800,,HU,30.3N,68.3W,90,,,,,,,,,,,,,
AL,UNNAMED,1883,2,40,18830828,0,,HU,31.1N,68.5W,100,,,,,,,,,,,,,
AL,UNNAMED,1883,2,40,18830828,600,,HU,31.9N,68.6W,100,,,,,,,,,,,,,
AL,UNNAMED,1883,2,40,18830828,1200,,HU,33.0N,68.6W,110,,,,,,,,,,,,,
AL,UNNAMED,1883,2,40,18830828,1800,,HU,34.0N,68.8W,110,,,,,,,,,,,,,
AL,UNNAMED,1883,2,40,18830829,0,,HU,35.7N,68.5W,110,,,,,,,,,,,,,
AL,UNNAMED,1883,2,40,18830829,600,,HU,37.4N,67.5W,100,,,,,,,,,,,,,
AL,UNNAMED,1883,2,40,18830829,1200,,HU,38.8N,66.3W,90,,,,,,,,,,,,,
AL,UNNAMED,1883,2,40,18830829,1800,,HU,40.5N,64.0W,90,,,,,,,,,,,,,
AL,UNNAMED,1883,2,40,18830830,0,,HU,42.0N,61.5W,80,,,,,,,,,,,,,
AL,UNNAMED,1883,2,40,18830830,600,,HU,43.5N,58.9W,80,,,,,,,,,,,,,
AL,UNNAMED,1883,2,40,18830830,1200,,HU,45.0N,56.2W,70,983,,,,,,,,,,,,
AL,UNNAMED,1883,2,40,18830830,1800,,HU,46.5N,51.2W,70,,,,,,,,,,,,,
AL,UNNAMED,1883,2,40,18830831,0,,EX,48.2N,46.4W,70,,,,,,,,,,,,,
AL,UNNAMED,1883,2,40,18830831,600,,EX,49.9N,40.7W,70,,,,,,,,,,,,,
AL,UNNAMED,1883,2,40,18830831,1200,,EX,51.0N,35.0W,70,,,,,,,,,,,,,
AL,UNNAMED,1883,2,40,18830831,1800,,EX,51.4N,30.9W,70,,,,,,,,,,,,,
AL,UNNAMED,1883,2,40,18830901,0,,EX,51.8N,26.2W,70,,,,,,,,,,,,,
AL,UNNAMED,1883,2,40,18830901,600,,EX,51.9N,21.2W,70,,,,,,,,,,,,,
AL,UNNAMED,1883,2,40,18830901,1200,,EX,52.0N,17.2W,80,,,,,,,,,,,,,
AL,UNNAMED,1883,2,40,18830901,1800,,EX,52.0N,13.9W,80,,,,,,,,,,,,,
AL,UNNAMED,1883,2,40,18830902,0,,EX,52.0N,10.7W,80,,,,,,,,,,,,,
AL,UNNAMED,1883,2,40,18830902,600,,EX,52.0N,7.2W,80,963,,,,,,,,,,,,
AL,UNNAMED,1883,2,40,18830902,1200,,EX,52.0N,3.5W,80,,,,,,,,,,,,,
AL,UNNAMED,1883,2,40,18830902,1800,,EX,51.9N,0.2W,80,,,,,,,,,,,,,
AL,UNNAMED,1883,3,39,18830904,0,,HU,14.0N,57.9W,110,,,,,,,,,,,,,
AL,UNNAMED,1883,3,39,18830904,600,,HU,14.4N,59.2W,110,,,,,,,,,,,,,
AL,UNNAMED,1883,3,39,18830904,1200,,HU,14.7N,60.3W,110,,,,,,,,,,,,,
AL,UNNAMED,1883,3,39,18830904,1800,,HU,15.0N,61.5W,110,,,,,,,,,,,,,
AL,UNNAMED,1883,3,39,18830905,0,,HU,15.4N,62.8W,110,,,,,,,,,,,,,
AL,UNNAMED,1883,3,39,18830905,600,,HU,15.9N,64.1W,110,,,,,,,,,,,,,
AL,UNNAMED,1883,3,39,18830905,1200,,HU,16.2N,65.5W,110,,,,,,,,,,,,,
AL,UNNAMED,1883,3,39,18830905,1800,,HU,16.7N,66.8W,110,,,,,,,,,,,,,
AL,UNNAMED,1883,3,39,18830906,0,,HU,17.4N,68.3W,110,,,,,,,,,,,,,
AL,UNNAMED,1883,3,39,18830906,600,,HU,18.0N,69.9W,110,,,,,,,,,,,,,
AL,UNNAMED,1883,3,39,18830906,1200,,HU,18.7N,71.5W,80,,,,,,,,,,,,,
AL,UNNAMED,1883,3,39,18830906,1800,,HU,19.7N,72.6W,70,,,,,,,,,,,,,
AL,UNNAMED,1883,3,39,18830907,0,,HU,20.7N,73.7W,70,,,,,,,,,,,,,
AL,UNNAMED,1883,3,39,18830907,600,,HU,21.4N,74.8W,70,,,,,,,,,,,,,
AL,UNNAMED,1883,3,39,18830907,1200,,HU,22.0N,75.5W,70,,,,,,,,,,,,,
AL,UNNAMED,1883,3,39,18830907,1800,,HU,22.5N,76.0W,70,,,,,,,,,,,,,
AL,UNNAMED,1883,3,39,18830908,0,,HU,23.0N,76.3W,80,,,,,,,,,,,,,
AL,UNNAMED,1883,3,39,18830908,600,,HU,23.5N,76.6W,80,,,,,,,,,,,,,
AL,UNNAMED,1883,3,39,18830908,1200,,HU,24.0N,76.9W,90,,,,,,,,,,,,,
AL,UNNAMED,1883,3,39,18830908,1800,,HU,24.7N,77.2W,90,,,,,,,,,,,,,
AL,UNNAMED,1883,3,39,18830909,0,,HU,25.5N,77.5W,90,,,,,,,,,,,,,
AL,UNNAMED,1883,3,39,18830909,600,,HU,26.4N,77.8W,90,,,,,,,,,,,,,
AL,UNNAMED,1883,3,39,18830909,1200,,HU,27.3N,78.0W,90,,,,,,,,,,,,,
AL,UNNAMED,1883,3,39,18830909,1800,,HU,28.0N,78.1W,90,,,,,,,,,,,,,
AL,UNNAMED,1883,3,39,18830910,0,,HU,28.7N,78.2W,90,,,,,,,,,,,,,
AL,UNNAMED,1883,3,39,18830910,600,,HU,29.5N,78.3W,90,,,,,,,,,,,,,
AL,UNNAMED,1883,3,39,18830910,1200,,HU,30.2N,78.4W,90,,,,,,,,,,,,,
AL,UNNAMED,1883,3,39,18830910,1800,,HU,31.2N,78.5W,90,,,,,,,,,,,,,
AL,UNNAMED,1883,3,39,18830911,0,,HU,32.2N,78.6W,90,,,,,,,,,,,,,
AL,UNNAMED,1883,3,39,18830911,600,,HU,33.0N,78.6W,90,,,,,,,,,,,,,
AL,UNNAMED,1883,3,39,18830911,1200,,HU,33.8N,78.5W,90,,,,,,,,,,,,,
AL,UNNAMED,1883,3,39,18830911,1300,L,HU,33.9N,78.5W,90,,,,,,,,,,,,,
AL,UNNAMED,1883,3,39,18830911,1800,,HU,34.4N,78.4W,70,,,,,,,,,,,,,
AL,UNNAMED,1883,3,39,18830912,0,,TS,35.0N,78.3W,50,,,,,,,,,,,,,
AL,UNNAMED,1883,3,39,18830912,600,,TS,35.4N,78.2W,50,,,,,,,,,,,,,
AL,UNNAMED,1883,3,39,18830912,1200,,TS,36.0N,78.1W,40,,,,,,,,,,,,,
AL,UNNAMED,1883,3,39,18830912,1800,,TS,37.0N,77.9W,40,,,,,,,,,,,,,
AL,UNNAMED,1883,3,39,18830913,0,,TD,38.0N,77.6W,30,,,,,,,,,,,,,
AL,UNNAMED,1883,3,39,18830913,600,,TD,39.3N,77.3W,30,,,,,,,,,,,,,
AL,UNNAMED,1883,4,28,18831022,0,,TS,27.5N,77.6W,40,,,,,,,,,,,,,
AL,UNNAMED,1883,4,28,18831022,600,,TS,27.8N,77.6W,40,,,,,,,,,,,,,
AL,UNNAMED,1883,4,28,18831022,1200,,TS,28.2N,77.6W,40,,,,,,,,,,,,,
AL,UNNAMED,1883,4,28,18831022,1800,,TS,29.0N,77.8W,40,,,,,,,,,,,,,
AL,UNNAMED,1883,4,28,18831023,0,,TS,30.0N,77.8W,40,,,,,,,,,,,,,
AL,UNNAMED,1883,4,28,18831023,600,,TS,31.0N,77.6W,40,,,,,,,,,,,,,
AL,UNNAMED,1883,4,28,18831023,1200,,TS,32.0N,77.0W,40,,,,,,,,,,,,,
AL,UNNAMED,1883,4,28,18831023,1800,,TS,33.5N,75.9W,40,,,,,,,,,,,,,
AL,UNNAMED,1883,4,28,18831024,0,,TS,35.0N,73.5W,50,,,,,,,,,,,,,
AL,UNNAMED,1883,4,28,18831024,600,,TS,36.0N,71.3W,50,,,,,,,,,,,,,
AL,UNNAMED,1883,4,28,18831024,1200,,TS,37.0N,68.8W,50,,,,,,,,,,,,,
AL,UNNAMED,1883,4,28,18831024,1800,,TS,38.0N,66.3W,50,,,,,,,,,,,,,
AL,UNNAMED,1883,4,28,18831025,0,,EX,39.2N,63.7W,50,,,,,,,,,,,,,
AL,UNNAMED,1883,4,28,18831025,600,,EX,40.3N,61.3W,50,,,,,,,,,,,,,
AL,UNNAMED,1883,4,28,18831025,1200,,EX,41.0N,58.9W,50,,,,,,,,,,,,,
AL,UNNAMED,1883,4,28,18831025,1800,,EX,41.5N,57.0W,50,,,,,,,,,,,,,
AL,UNNAMED,1883,4,28,18831026,0,,EX,41.9N,55.2W,60,,,,,,,,,,,,,
AL,UNNAMED,1883,4,28,18831026,600,,EX,42.2N,53.4W,60,,,,,,,,,,,,,
AL,UNNAMED,1883,4,28,18831026,1200,,EX,43.0N,50.5W,60,,,,,,,,,,,,,
AL,UNNAMED,1883,4,28,18831026,1800,,EX,44.0N,46.0W,60,,,,,,,,,,,,,
AL,UNNAMED,1883,4,28,18831027,0,,EX,45.7N,40.4W,70,,,,,,,,,,,,,
AL,UNNAMED,1883,4,28,18831027,600,,EX,47.4N,34.8W,70,,,,,,,,,,,,,
AL,UNNAMED,1883,4,28,18831027,1200,,EX,49.0N,30.0W,70,,,,,,,,,,,,,
AL,UNNAMED,1883,4,28,18831027,1800,,EX,50.4N,27.0W,70,,,,,,,,,,,,,
AL,UNNAMED,1883,4,28,18831028,0,,EX,51.8N,24.2W,60,,,,,,,,,,,,,
AL,UNNAMED,1883,4,28,18831028,600,,EX,53.0N,21.6W,60,,,,,,,,,,,,,
AL,UNNAMED,1883,4,28,18831028,1200,,EX,54.4N,19.0W,60,,,,,,,,,,,,,
AL,UNNAMED,1883,4,28,18831028,1800,,EX,55.6N,16.5W,60,,,,,,,,,,,,,
AL,UNNAMED,1884,1,24,18840901,0,,HU,38.5N,62.5W,70,,,,,,,,,,,,,
AL,UNNAMED,1884,1,24,18840901,600,,HU,40.0N,61.7W,70,,,,,,,,,,,,,
AL,UNNAMED,1884,1,24,18840901,1200,,HU,41.5N,60.7W,70,,,,,,,,,,,,,
AL,UNNAMED,1884,1,24,18840901,1800,,HU,43.5N,58.8W,70,,,,,,,,,,,,,
AL,UNNAMED,1884,1,24,18840902,0,,TS,45.8N,56.3W,60,,,,,,,,,,,,,
AL,UNNAMED,1884,1,24,18840902,600,,TS,48.3N,53.1W,60,,,,,,,,,,,,,
AL,UNNAMED,1884,1,24,18840902,1200,,TS,50.0N,50.0W,60,,,,,,,,,,,,,
AL,UNNAMED,1884,1,24,18840902,1800,,TS,50.7N,47.4W,60,,,,,,,,,,,,,
AL,UNNAMED,1884,1,24,18840903,0,,EX,51.4N,44.3W,60,,,,,,,,,,,,,
AL,UNNAMED,1884,1,24,18840903,600,,EX,52.0N,41.0W,60,,,,,,,,,,,,,
AL,UNNAMED,1884,1,24,18840903,1200,,EX,52.3N,38.3W,60,,,,,,,,,,,,,
AL,UNNAMED,1884,1,24,18840903,1800,,EX,52.5N,35.8W,60,,,,,,,,,,,,,
AL,UNNAMED,1884,1,24,18840904,0,,EX,52.8N,32.8W,60,,,,,,,,,,,,,
AL,UNNAMED,1884,1,24,18840904,600,,EX,53.0N,29.4W,60,,,,,,,,,,,,,
AL,UNNAMED,1884,1,24,18840904,1200,,EX,53.0N,27.0W,60,,,,,,,,,,,,,
AL,UNNAMED,1884,1,24,18840904,1800,,EX,53.1N,24.7W,60,,,,,,,,,,,,,
AL,UNNAMED,1884,1,24,18840905,0,,EX,53.2N,22.2W,50,,,,,,,,,,,,,
AL,UNNAMED,1884,1,24,18840905,600,,EX,53.2N,19.4W,50,,,,,,,,,,,,,
AL,UNNAMED,1884,1,24,18840905,1200,,EX,53.3N,17.0W,50,,,,,,,,,,,,,
AL,UNNAMED,1884,1,24,18840905,1800,,EX,53.3N,15.0W,50,,,,,,,,,,,,,
AL,UNNAMED,1884,1,24,18840906,0,,EX,53.4N,13.3W,50,,,,,,,,,,,,,
AL,UNNAMED,1884,1,24,18840906,600,,EX,53.4N,11.5W,50,,,,,,,,,,,,,
AL,UNNAMED,1884,1,24,18840906,1200,,EX,53.5N,9.0W,50,,,,,,,,,,,,,
AL,UNNAMED,1884,1,24,18840906,1800,,EX,53.6N,6.1W,50,,,,,,,,,,,,,
AL,UNNAMED,1884,2,56,18840903,0,,TS,11.0N,41.5W,40,,,,,,,,,,,,,
AL,UNNAMED,1884,2,56,18840903,600,,TS,11.5N,42.8W,40,,,,,,,,,,,,,
AL,UNNAMED,1884,2,56,18840903,1200,,TS,12.0N,44.0W,40,,,,,,,,,,,,,
AL,UNNAMED,1884,2,56,18840903,1800,,TS,13.0N,45.5W,40,,,,,,,,,,,,,
AL,UNNAMED,1884,2,56,18840904,0,,TS,14.3N,47.0W,40,,,,,,,,,,,,,
AL,UNNAMED,1884,2,56,18840904,600,,TS,15.8N,48.7W,40,,,,,,,,,,,,,
AL,UNNAMED,1884,2,56,18840904,1200,,TS,16.7N,50.3W,50,,,,,,,,,,,,,
AL,UNNAMED,1884,2,56,18840904,1800,,TS,17.2N,51.8W,50,,,,,,,,,,,,,
AL,UNNAMED,1884,2,56,18840905,0,,TS,17.9N,52.9W,60,,,,,,,,,,,,,
AL,UNNAMED,1884,2,56,18840905,600,,TS,18.4N,54.0W,60,,,,,,,,,,,,,
AL,UNNAMED,1884,2,56,18840905,1200,,HU,18.9N,55.0W,70,,,,,,,,,,,,,
AL,UNNAMED,1884,2,56,18840905,1800,,HU,19.1N,55.7W,70,,,,,,,,,,,,,
AL,UNNAMED,1884,2,56,18840906,0,,HU,19.4N,56.3W,80,,,,,,,,,,,,,
AL,UNNAMED,1884,2,56,18840906,600,,HU,19.7N,57.0W,80,,,,,,,,,,,,,
AL,UNNAMED,1884,2,56,18840906,1200,,HU,20.0N,57.6W,90,,,,,,,,,,,,,
AL,UNNAMED,1884,2,56,18840906,1800,,HU,20.6N,57.7W,90,,,,,,,,,,,,,
AL,UNNAMED,1884,2,56,18840907,0,,HU,21.1N,57.5W,100,,,,,,,,,,,,,
AL,UNNAMED,1884,2,56,18840907,600,,HU,21.6N,57.2W,100,,,,,,,,,,,,,
AL,UNNAMED,1884,2,56,18840907,1200,,HU,22.0N,57.0W,100,957,,,,,,,,,,,,
AL,UNNAMED,1884,2,56,18840907,1800,,HU,22.5N,56.7W,100,,,,,,,,,,,,,
AL,UNNAMED,1884,2,56,18840908,0,,HU,23.2N,56.4W,100,,,,,,,,,,,,,
AL,UNNAMED,1884,2,56,18840908,600,,HU,23.7N,56.0W,100,,,,,,,,,,,,,
AL,UNNAMED,1884,2,56,18840908,1200,,HU,24.4N,55.6W,100,,,,,,,,,,,,,
AL,UNNAMED,1884,2,56,18840908,1800,,HU,25.1N,55.0W,100,,,,,,,,,,,,,
AL,UNNAMED,1884,2,56,18840909,0,,HU,25.5N,54.5W,90,,,,,,,,,,,,,
AL,UNNAMED,1884,2,56,18840909,600,,HU,26.0N,54.0W,90,,,,,,,,,,,,,
AL,UNNAMED,1884,2,56,18840909,1200,,HU,26.6N,53.7W,90,,,,,,,,,,,,,
AL,UNNAMED,1884,2,56,18840909,1800,,HU,26.8N,53.6W,90,,,,,,,,,,,,,
AL,UNNAMED,1884,2,56,18840910,0,,HU,27.1N,53.5W,90,,,,,,,,,,,,,
AL,UNNAMED,1884,2,56,18840910,600,,HU,27.3N,53.4W,90,,,,,,,,,,,,,
AL,UNNAMED,1884,2,56,18840910,1200,,HU,27.5N,53.3W,90,,,,,,,,,,,,,
AL,UNNAMED,1884,2,56,18840910,1800,,HU,27.8N,53.5W,90,,,,,,,,,,,,,
AL,UNNAMED,1884,2,56,18840911,0,,HU,28.0N,53.6W,90,,,,,,,,,,,,,
AL,UNNAMED,1884,2,56,18840911,600,,HU,28.2N,53.6W,90,,,,,,,,,,,,,
AL,UNNAMED,1884,2,56,18840911,1200,,HU,28.5N,53.7W,90,,,,,,,,,,,,,
AL,UNNAMED,1884,2,56,18840911,1800,,HU,28.7N,53.7W,90,,,,,,,,,,,,,
AL,UNNAMED,1884,2,56,18840912,0,,HU,29.0N,53.6W,80,,,,,,,,,,,,,
AL,UNNAMED,1884,2,56,18840912,600,,HU,29.2N,53.5W,80,,,,,,,,,,,,,
AL,UNNAMED,1884,2,56,18840912,1200,,HU,29.5N,53.3W,80,,,,,,,,,,,,,
AL,UNNAMED,1884,2,56,18840912,1800,,HU,29.6N,53.0W,80,,,,,,,,,,,,,
AL,UNNAMED,1884,2,56,18840913,0,,HU,29.7N,52.7W,80,,,,,,,,,,,,,
AL,UNNAMED,1884,2,56,18840913,600,,HU,29.8N,52.4W,80,,,,,,,,,,,,,
AL,UNNAMED,1884,2,56,18840913,1200,,HU,29.9N,52.0W,80,,,,,,,,,,,,,
AL,UNNAMED,1884,2,56,18840913,1800,,HU,30.1N,51.2W,80,,,,,,,,,,,,,
AL,UNNAMED,1884,2,56,18840914,0,,HU,30.7N,50.2W,80,,,,,,,,,,,,,
AL,UNNAMED,1884,2,56,18840914,600,,HU,31.4N,49.0W,80,,,,,,,,,,,,,
AL,UNNAMED,1884,2,56,18840914,1200,,HU,33.0N,48.0W,70,,,,,,,,,,,,,
AL,UNNAMED,1884,2,56,18840914,1800,,HU,34.3N,46.9W,70,,,,,,,,,,,,,
AL,UNNAMED,1884,2,56,18840915,0,,HU,36.2N,45.0W,70,,,,,,,,,,,,,
AL,UNNAMED,1884,2,56,18840915,600,,HU,38.2N,43.2W,70,,,,,,,,,,,,,
AL,UNNAMED,1884,2,56,18840915,1200,,TS,40.5N,40.7W,60,,,,,,,,,,,,,
AL,UNNAMED,1884,2,56,18840915,1800,,TS,42.8N,37.7W,60,,,,,,,,,,,,,
AL,UNNAMED,1884,2,56,18840916,0,,TS,45.3N,34.4W,50,,,,,,,,,,,,,
AL,UNNAMED,1884,2,56,18840916,600,,TS,47.9N,30.6W,50,,,,,,,,,,,,,
AL,UNNAMED,1884,2,56,18840916,1200,,TS,50.0N,27.0W,40,,,,,,,,,,,,,
AL,UNNAMED,1884,2,56,18840916,1800,,TS,50.5N,23.5W,40,,,,,,,,,,,,,
AL,UNNAMED,1884,3,45,18840910,0,,TS,28.7N,79.1W,40,,,,,,,,,,,,,
AL,UNNAMED,1884,3,45,18840910,600,,TS,29.7N,80.1W,40,,,,,,,,,,,,,
AL,UNNAMED,1884,3,45,18840910,1200,,TS,30.6N,80.6W,40,,,,,,,,,,,,,
AL,UNNAMED,1884,3,45,18840910,1800,,TS,31.0N,80.9W,40,,,,,,,,,,,,,
AL,UNNAMED,1884,3,45,18840911,0,,TS,31.5N,81.1W,40,,,,,,,,,,,,,
AL,UNNAMED,1884,3,45,18840911,100,L,TS,31.6N,81.2W,40,,,,,,,,,,,,,
AL,UNNAMED,1884,3,45,18840911,600,,TS,31.9N,81.5W,40,,,,,,,,,,,,,
AL,UNNAMED,1884,3,45,18840911,1200,,TD,32.5N,81.6W,30,,,,,,,,,,,,,
AL,UNNAMED,1884,3,45,18840911,1800,,TD,33.0N,81.3W,30,,,,,,,,,,,,,
AL,UNNAMED,1884,3,45,18840912,0,,TD,33.2N,81.0W,30,,,,,,,,,,,,,
AL,UNNAMED,1884,3,45,18840912,600,,TD,33.2N,80.4W,30,,,,,,,,,,,,,
AL,UNNAMED,1884,3,45,18840912,1200,,TD,33.0N,79.9W,30,,,,,,,,,,,,,
AL,UNNAMED,1884,3,45,18840912,1800,,TS,32.2N,79.6W,40,,,,,,,,,,,,,
AL,UNNAMED,1884,3,45,18840913,0,,TS,31.4N,79.1W,50,,,,,,,,,,,,,
AL,UNNAMED,1884,3,45,18840913,600,,TS,30.5N,78.5W,50,,,,,,,,,,,,,
AL,UNNAMED,1884,3,45,18840913,1200,,TS,30.3N,77.3W,50,,,,,,,,,,,,,
AL,UNNAMED,1884,3,45,18840913,1800,,TS,30.5N,76.4W,50,,,,,,,,,,,,,
AL,UNNAMED,1884,3,45,18840914,0,,TS,30.7N,75.5W,60,,,,,,,,,,,,,
AL,UNNAMED,1884,3,45,18840914,600,,TS,30.5N,74.4W,60,,,,,,,,,,,,,
AL,UNNAMED,1884,3,45,18840914,1200,,TS,30.0N,74.0W,60,,,,,,,,,,,,,
AL,UNNAMED,1884,3,45,18840914,1800,,HU,29.6N,73.9W,70,,,,,,,,,,,,,
AL,UNNAMED,1884,3,45,18840915,0,,HU,29.3N,73.9W,70,982,,,,,,,,,,,,
AL,UNNAMED,1884,3,45,18840915,600,,HU,28.8N,74.0W,70,,,,,,,,,,,,,
AL,UNNAMED,1884,3,45,18840915,1200,,HU,28.4N,74.4W,70,,,,,,,,,,,,,
AL,UNNAMED,1884,3,45,18840915,1800,,HU,28.1N,74.9W,70,,,,,,,,,,,,,
AL,UNNAMED,1884,3,45,18840916,0,,HU,27.9N,75.4W,70,,,,,,,,,,,,,
AL,UNNAMED,1884,3,45,18840916,600,,HU,27.8N,76.0W,70,988,,,,,,,,,,,,
AL,UNNAMED,1884,3,45,18840916,1200,,HU,27.8N,75.8W,70,,,,,,,,,,,,,
AL,UNNAMED,1884,3,45,18840916,1800,,HU,27.9N,75.5W,70,,,,,,,,,,,,,
AL,UNNAMED,1884,3,45,18840917,0,,HU,28.1N,75.1W,80,,,,,,,,,,,,,
AL,UNNAMED,1884,3,45,18840917,600,,HU,28.4N,74.6W,80,,,,,,,,,,,,,
AL,UNNAMED,1884,3,45,18840917,1200,,HU,28.8N,73.5W,80,,,,,,,,,,,,,
AL,UNNAMED,1884,3,45,18840917,1800,,HU,29.2N,71.5W,80,,,,,,,,,,,,,
AL,UNNAMED,1884,3,45,18840918,0,,HU,29.6N,68.0W,80,,,,,,,,,,,,,
AL,UNNAMED,1884,3,45,18840918,600,,HU,30.2N,65.3W,80,979,,,,,,,,,,,,
AL,UNNAMED,1884,3,45,18840918,1200,,HU,31.4N,61.3W,80,,,,,,,,,,,,,
AL,UNNAMED,1884,3,45,18840918,1800,,HU,34.0N,58.5W,80,,,,,,,,,,,,,
AL,UNNAMED,1884,3,45,18840919,0,,HU,39.0N,56.0W,70,,,,,,,,,,,,,
AL,UNNAMED,1884,3,45,18840919,600,,HU,42.7N,53.5W,70,982,,,,,,,,,,,,
AL,UNNAMED,1884,3,45,18840919,1200,,HU,44.5N,50.5W,70,,,,,,,,,,,,,
AL,UNNAMED,1884,3,45,18840919,1800,,HU,46.0N,45.8W,70,,,,,,,,,,,,,
AL,UNNAMED,1884,3,45,18840920,0,,EX,47.7N,40.4W,60,,,,,,,,,,,,,
AL,UNNAMED,1884,3,45,18840920,600,,EX,49.5N,34.5W,60,,,,,,,,,,,,,
AL,UNNAMED,1884,3,45,18840920,1200,,EX,51.0N,29.0W,50,,,,,,,,,,,,,
AL,UNNAMED,1884,3,45,18840920,1800,,EX,53.0N,23.0W,50,,,,,,,,,,,,,
AL,UNNAMED,1884,4,44,18841007,0,,TS,16.2N,76.6W,40,,,,,,,,,,,,,
AL,UNNAMED,1884,4,44,18841007,600,,TS,16.5N,76.6W,40,,,,,,,,,,,,,
AL,UNNAMED,1884,4,44,18841007,1200,,TS,16.9N,76.4W,50,,,,,,,,,,,,,
AL,UNNAMED,1884,4,44,18841007,1800,,TS,17.5N,76.1W,50,,,,,,,,,,,,,
AL,UNNAMED,1884,4,44,18841008,0,,TS,18.0N,76.0W,60,,,,,,,,,,,,,
AL,UNNAMED,1884,4,44,18841008,600,,TS,18.5N,75.8W,60,,,,,,,,,,,,,
AL,UNNAMED,1884,4,44,18841008,1200,,HU,19.1N,75.6W,70,,,,,,,,,,,,,
AL,UNNAMED,1884,4,44,18841008,1800,,HU,19.6N,75.5W,70,,,,,,,,,,,,,
AL,UNNAMED,1884,4,44,18841009,0,,HU,20.0N,75.4W,70,,,,,,,,,,,,,
AL,UNNAMED,1884,4,44,18841009,600,,TS,20.4N,75.3W,60,,,,,,,,,,,,,
AL,UNNAMED,1884,4,44,18841009,1200,,TS,20.7N,75.3W,50,,,,,,,,,,,,,
AL,UNNAMED,1884,4,44,18841009,1800,,TS,21.0N,75.2W,50,,,,,,,,,,,,,
AL,UNNAMED,1884,4,44,18841010,0,,TS,21.4N,75.1W,50,,,,,,,,,,,,,
AL,UNNAMED,1884,4,44,18841010,600,,TS,21.7N,75.0W,50,,,,,,,,,,,,,
AL,UNNAMED,1884,4,44,18841010,1200,,TS,22.0N,75.0W,50,,,,,,,,,,,,,
AL,UNNAMED,1884,4,44,18841010,1800,,TS,22.2N,75.0W,50,,,,,,,,,,,,,
AL,UNNAMED,1884,4,44,18841011,0,,TS,22.4N,75.0W,60,,,,,,,,,,,,,
AL,UNNAMED,1884,4,44,18841011,600,,TS,22.5N,75.0W,60,,,,,,,,,,,,,
AL,UNNAMED,1884,4,44,18841011,1200,,HU,22.7N,75.0W,70,,,,,,,,,,,,,
AL,UNNAMED,1884,4,44,18841011,1800,,HU,23.0N,75.0W,70,,,,,,,,,,,,,
AL,UNNAMED,1884,4,44,18841012,0,,HU,23.2N,75.0W,70,,,,,,,,,,,,,
AL,UNNAMED,1884,4,44,18841012,600,,HU,23.5N,75.0W,70,,,,,,,,,,,,,
AL,UNNAMED,1884,4,44,18841012,1200,,HU,23.7N,75.0W,70,,,,,,,,,,,,,
AL,UNNAMED,1884,4,44,18841012,1800,,HU,24.0N,75.0W,70,,,,,,,,,,,,,
AL,UNNAMED,1884,4,44,18841013,0,,HU,24.4N,75.0W,80,,,,,,,,,,,,,
AL,UNNAMED,1884,4,44,18841013,600,,HU,25.0N,75.0W,80,,,,,,,,,,,,,
AL,UNNAMED,1884,4,44,18841013,1200,,HU,25.5N,75.0W,80,,,,,,,,,,,,,
AL,UNNAMED,1884,4,44,18841013,1800,,HU,25.7N,75.0W,80,,,,,,,,,,,,,
AL,UNNAMED,1884,4,44,18841014,0,,HU,25.7N,75.0W,90,,,,,,,,,,,,,
AL,UNNAMED,1884,4,44,18841014,600,,HU,25.7N,75.0W,90,,,,,,,,,,,,,
AL,UNNAMED,1884,4,44,18841014,1200,,HU,25.7N,74.6W,90,,,,,,,,,,,,,
AL,UNNAMED,1884,4,44,18841014,1800,,HU,25.8N,74.1W,90,,,,,,,,,,,,,
AL,UNNAMED,1884,4,44,18841015,0,,HU,26.1N,72.8W,80,,,,,,,,,,,,,
AL,UNNAMED,1884,4,44,18841015,600,,HU,26.4N,72.0W,80,,,,,,,,,,,,,
AL,UNNAMED,1884,4,44,18841015,1200,,HU,26.8N,70.8W,80,,,,,,,,,,,,,
AL,UNNAMED,1884,4,44,18841015,1800,,HU,27.2N,69.9W,80,,,,,,,,,,,,,
AL,UNNAMED,1884,4,44,18841016,0,,HU,27.6N,68.8W,70,,,,,,,,,,,,,
AL,UNNAMED,1884,4,44,18841016,600,,HU,27.9N,67.8W,70,,,,,,,,,,,,,
AL,UNNAMED,1884,4,44,18841016,1200,,HU,28.2N,66.8W,70,,,,,,,,,,,,,
AL,UNNAMED,1884,4,44,18841016,1800,,HU,28.4N,65.4W,70,,,,,,,,,,,,,
AL,UNNAMED,1884,4,44,18841017,0,,TS,28.6N,63.7W,60,,,,,,,,,,,,,
AL,UNNAMED,1884,4,44,18841017,600,,TS,28.9N,61.8W,60,,,,,,,,,,,,,
AL,UNNAMED,1884,4,44,18841017,1200,,TS,29.1N,60.1W,60,,,,,,,,,,,,,
AL,UNNAMED,1884,4,44,18841017,1800,,TS,29.3N,58.0W,60,,,,,,,,,,,,,
AL,UNNAMED,1885,1,36,18850807,0,,TS,24.1N,58.1W,50,,,,,,,,,,,,,
AL,UNNAMED,1885,1,36,18850807,600,,TS,24.7N,58.7W,50,,,,,,,,,,,,,
AL,UNNAMED,1885,1,36,18850807,1200,,TS,25.6N,59.1W,50,,,,,,,,,,,,,
AL,UNNAMED,1885,1,36,18850807,1800,,TS,26.5N,59.6W,50,,,,,,,,,,,,,
AL,UNNAMED,1885,1,36,18850808,0,,TS,27.4N,60.0W,60,,,,,,,,,,,,,
AL,UNNAMED,1885,1,36,18850808,600,,TS,28.3N,60.3W,60,,,,,,,,,,,,,
AL,UNNAMED,1885,1,36,18850808,1200,,HU,29.2N,60.6W,70,,,,,,,,,,,,,
AL,UNNAMED,1885,1,36,18850808,1800,,HU,30.4N,60.7W,70,,,,,,,,,,,,,
AL,UNNAMED,1885,1,36,18850809,0,,HU,31.9N,60.7W,70,,,,,,,,,,,,,
AL,UNNAMED,1885,1,36,18850809,600,,HU,33.0N,60.7W,70,,,,,,,,,,,,,
AL,UNNAMED,1885,1,36,18850809,1200,,HU,34.5N,60.6W,70,990,,,,,,,,,,,,
AL,UNNAMED,1885,1,36,18850809,1800,,HU,36.3N,60.3W,70,981,,,,,,,,,,,,
AL,UNNAMED,1885,1,36,18850810,0,,HU,38.2N,59.3W,70,,,,,,,,,,,,,
AL,UNNAMED,1885,1,36,18850810,600,,HU,40.2N,57.9W,70,,,,,,,,,,,,,
AL,UNNAMED,1885,1,36,18850810,1200,,HU,42.0N,56.0W,70,983,,,,,,,,,,,,
AL,UNNAMED,1885,1,36,18850810,1800,,HU,43.4N,53.4W,80,,,,,,,,,,,,,
AL,UNNAMED,1885,1,36,18850811,0,,HU,44.8N,50.4W,80,,,,,,,,,,,,,
AL,UNNAMED,1885,1,36,18850811,600,,HU,46.0N,47.2W,80,,,,,,,,,,,,,
AL,UNNAMED,1885,1,36,18850811,1200,,HU,47.0N,44.0W,80,,,,,,,,,,,,,
AL,UNNAMED,1885,1,36,18850811,1800,,HU,47.5N,42.3W,70,,,,,,,,,,,,,
AL,UNNAMED,1885,1,36,18850812,0,,HU,48.0N,40.3W,70,,,,,,,,,,,,,
AL,UNNAMED,1885,1,36,18850812,600,,HU,48.5N,38.4W,70,,,,,,,,,,,,,
AL,UNNAMED,1885,1,36,18850812,1200,,HU,49.2N,36.0W,70,,,,,,,,,,,,,
AL,UNNAMED,1885,1,36,18850812,1800,,HU,49.7N,34.5W,70,,,,,,,,,,,,,
AL,UNNAMED,1885,1,36,18850813,0,,TS,50.0N,32.8W,60,,,,,,,,,,,,,
AL,UNNAMED,1885,1,36,18850813,600,,TS,50.5N,31.4W,60,,,,,,,,,,,,,
AL,UNNAMED,1885,1,36,18850813,1200,,TS,50.9N,30.0W,60,,,,,,,,,,,,,
AL,UNNAMED,1885,1,36,18850813,1800,,TS,51.0N,28.9W,60,,,,,,,,,,,,,
AL,UNNAMED,1885,1,36,18850814,0,,EX,51.3N,27.6W,50,,,,,,,,,,,,,
AL,UNNAMED,1885,1,36,18850814,600,,EX,51.5N,26.4W,50,,,,,,,,,,,,,
AL,UNNAMED,1885,1,36,18850814,1200,,EX,51.7N,25.0W,50,,,,,,,,,,,,,
AL,UNNAMED,1885,1,36,18850814,1800,,EX,51.9N,24.2W,50,,,,,,,,,,,,,
AL,UNNAMED,1885,1,36,18850815,0,,EX,52.2N,23.6W,40,,,,,,,,,,,,,
AL,UNNAMED,1885,1,36,18850815,600,,EX,52.5N,22.9W,40,,,,,,,,,,,,,
AL,UNNAMED,1885,1,36,18850815,1200,,EX,53.0N,22.0W,40,,,,,,,,,,,,,
AL,UNNAMED,1885,1,36,18850815,1800,,EX,53.5N,21.0W,40,,,,,,,,,,,,,
AL,UNNAMED,1885,2,32,18850821,0,,TS,21.2N,67.0W,40,,,,,,,,,,,,,
AL,UNNAMED,1885,2,32,18850821,600,,TS,21.2N,68.4W,40,,,,,,,,,,,,,
AL,UNNAMED,1885,2,32,18850821,1200,,TS,21.4N,69.8W,40,,,,,,,,,,,,,
AL,UNNAMED,1885,2,32,18850821,1800,,TS,21.5N,71.4W,40,,,,,,,,,,,,,
AL,UNNAMED,1885,2,32,18850822,0,,TS,21.7N,72.5W,50,,,,,,,,,,,,,
AL,UNNAMED,1885,2,32,18850822,600,,TS,22.0N,73.8W,50,,,,,,,,,,,,,
AL,UNNAMED,1885,2,32,18850822,1200,,TS,22.2N,75.1W,50,,,,,,,,,,,,,
AL,UNNAMED,1885,2,32,18850822,1800,,TS,22.6N,76.3W,50,,,,,,,,,,,,,
AL,UNNAMED,1885,2,32,18850823,0,,TS,23.0N,77.1W,60,,,,,,,,,,,,,
AL,UNNAMED,1885,2,32,18850823,600,,TS,23.5N,78.0W,60,,,,,,,,,,,,,
AL,UNNAMED,1885,2,32,18850823,1200,,TS,24.2N,78.6W,60,,,,,,,,,,,,,
AL,UNNAMED,1885,2,32,18850823,1800,,TS,25.1N,79.1W,60,,,,,,,,,,,,,
AL,UNNAMED,1885,2,32,18850824,0,,HU,26.1N,79.5W,70,,,,,,,,,,,,,
AL,UNNAMED,1885,2,32,18850824,600,,HU,27.0N,79.9W,70,,,,,,,,,,,,,
AL,UNNAMED,1885,2,32,18850824,1200,,HU,28.3N,80.3W,80,,,,,,,,,,,,,
AL,UNNAMED,1885,2,32,18850824,1800,,HU,29.4N,80.6W,90,,,,,,,,,,,,,
AL,UNNAMED,1885,2,32,18850825,0,,HU,30.4N,80.8W,90,,,,,,,,,,,,,
AL,UNNAMED,1885,2,32,18850825,600,,HU,31.4N,80.7W,90,,,,,,,,,,,,,
AL,UNNAMED,1885,2,32,18850825,1200,L,HU,32.6N,80.1W,90,970,,,,,,,,,,,,
AL,UNNAMED,1885,2,32,18850825,1800,,HU,33.8N,78.9W,80,,,,,,,,,,,,,
AL,UNNAMED,1885,2,32,18850826,0,,HU,35.0N,76.9W,70,,,,,,,,,,,,,
AL,UNNAMED,1885,2,32,18850826,600,,HU,36.0N,74.8W,70,,,,,,,,,,,,,
AL,UNNAMED,1885,2,32,18850826,1200,,HU,37.0N,72.0W,80,,,,,,,,,,,,,
AL,UNNAMED,1885,2,32,18850826,1800,,HU,38.4N,67.9W,80,,,,,,,,,,,,,
AL,UNNAMED,1885,2,32,18850827,0,,HU,40.4N,62.9W,90,958,,,,,,,,,,,,
AL,UNNAMED,1885,2,32,18850827,600,,HU,42.5N,57.8W,90,,,,,,,,,,,,,
AL,UNNAMED,1885,2,32,18850827,1200,,HU,44.3N,53.5W,80,,,,,,,,,,,,,
AL,UNNAMED,1885,2,32,18850827,1800,,HU,46.0N,50.0W,80,,,,,,,,,,,,,
AL,UNNAMED,1885,2,32,18850828,0,,EX,47.5N,46.5W,70,,,,,,,,,,,,,
AL,UNNAMED,1885,2,32,18850828,600,,EX,48.9N,43.0W,70,,,,,,,,,,,,,
AL,UNNAMED,1885,2,32,18850828,1200,,EX,50.0N,40.0W,60,,,,,,,,,,,,,
AL,UNNAMED,1885,2,32,18850828,1800,,EX,51.0N,37.0W,60,,,,,,,,,,,,,
AL,UNNAMED,1885,3,13,18850829,0,,TS,25.0N,93.4W,40,,,,,,,,,,,,,
AL,UNNAMED,1885,3,13,18850829,600,,TS,25.8N,93.6W,40,,,,,,,,,,,,,
AL,UNNAMED,1885,3,13,18850829,1200,,TS,26.8N,93.3W,40,,,,,,,,,,,,,
AL,UNNAMED,1885,3,13,18850829,1800,,TS,27.5N,92.6W,40,,,,,,,,,,,,,
AL,UNNAMED,1885,3,13,18850830,0,,TS,28.1N,91.6W,50,,,,,,,,,,,,,
AL,UNNAMED,1885,3,13,18850830,600,,TS,28.7N,90.3W,50,,,,,,,,,,,,,
AL,UNNAMED,1885,3,13,18850830,1200,,TS,29.2N,89.0W,50,,,,,,,,,,,,,
AL,UNNAMED,1885,3,13,18850830,1800,,TS,29.7N,87.1W,50,,,,,,,,,,,,,
AL,UNNAMED,1885,3,13,18850830,2300,L,TS,30.1N,85.7W,50,,,,,,,,,,,,,
AL,UNNAMED,1885,3,13,18850831,0,,TS,30.2N,85.4W,50,,,,,,,,,,,,,
AL,UNNAMED,1885,3,13,18850831,600,,TS,30.8N,83.4W,40,,,,,,,,,,,,,
AL,UNNAMED,1885,3,13,18850831,1200,,TS,31.3N,81.5W,40,,,,,,,,,,,,,
AL,UNNAMED,1885,3,13,18850831,1800,,TS,32.0N,79.1W,40,,,,,,,,,,,,,
AL,UNNAMED,1885,4,29,18850917,0,,TS,21.2N,95.5W,40,,,,,,,,,,,,,
AL,UNNAMED,1885,4,29,18850917,600,,TS,21.7N,96.0W,40,,,,,,,,,,,,,
AL,UNNAMED,1885,4,29,18850917,1200,,TS,22.4N,96.5W,40,,,,,,,,,,,,,
AL,UNNAMED,1885,4,29,18850917,1800,,TS,23.2N,96.6W,40,,,,,,,,,,,,,
AL,UNNAMED,1885,4,29,18850918,0,,TS,24.1N,96.6W,40,,,,,,,,,,,,,
AL,UNNAMED,1885,4,29,18850918,600,,TS,24.9N,96.5W,40,,,,,,,,,,,,,
AL,UNNAMED,1885,4,29,18850918,1200,,TS,25.7N,96.4W,50,,,,,,,,,,,,,
AL,UNNAMED,1885,4,29,18850918,1800,,TS,26.1N,96.1W,50,,,,,,,,,,,,,
AL,UNNAMED,1885,4,29,18850919,0,,TS,26.5N,96.0W,50,,,,,,,,,,,,,
AL,UNNAMED,1885,4,29,18850919,600,,TS,26.8N,95.8W,50,,,,,,,,,,,,,
AL,UNNAMED,1885,4,29,18850919,1200,,TS,27.1N,95.6W,50,,,,,,,,,,,,,
AL,UNNAMED,1885,4,29,18850919,1800,,TS,27.4N,95.3W,50,,,,,,,,,,,,,
AL,UNNAMED,1885,4,29,18850920,0,,TS,27.7N,95.0W,50,,,,,,,,,,,,,
AL,UNNAMED,1885,4,29,18850920,600,,TS,27.8N,94.6W,50,,,,,,,,,,,,,
AL,UNNAMED,1885,4,29,18850920,1200,,TS,28.0N,94.1W,50,,,,,,,,,,,,,
AL,UNNAMED,1885,4,29,18850920,1800,,TS,28.3N,93.0W,50,,,,,,,,,,,,,
AL,UNNAMED,1885,4,29,18850921,0,,TS,28.7N,91.0W,50,,,,,,,,,,,,,
AL,UNNAMED,1885,4,29,18850921,300,L,TS,29.0N,89.4W,50,,,,,,,,,,,,,
AL,UNNAMED,1885,4,29,18850921,600,,TS,29.3N,88.0W,50,,,,,,,,,,,,,
AL,UNNAMED,1885,4,29,18850921,1200,L,TS,30.0N,85.6W,50,,,,,,,,,,,,,
AL,UNNAMED,1885,4,29,18850921,1800,,TS,30.6N,82.8W,40,,,,,,,,,,,,,
AL,UNNAMED,1885,4,29,18850922,0,,TS,31.6N,79.6W,50,,,,,,,,,,,,,
AL,UNNAMED,1885,4,29,18850922,600,,TS,33.0N,76.3W,60,,,,,,,,,,,,,
AL,UNNAMED,1885,4,29,18850922,1200,,HU,35.0N,74.0W,70,,,,,,,,,,,,,
AL,UNNAMED,1885,4,29,18850922,1800,,HU,37.5N,72.0W,70,,,,,,,,,,,,,
AL,UNNAMED,1885,4,29,18850923,0,,HU,39.8N,70.5W,80,,,,,,,,,,,,,
AL,UNNAMED,1885,4,29,18850923,600,,HU,42.3N,68.8W,80,,,,,,,,,,,,,
AL,UNNAMED,1885,4,29,18850923,1200,,EX,44.2N,67.5W,70,,,,,,,,,,,,,
AL,UNNAMED,1885,4,29,18850923,1800,,EX,46.7N,66.1W,60,,,,,,,,,,,,,
AL,UNNAMED,1885,5,16,18850918,0,,TS,15.0N,53.7W,50,,,,,,,,,,,,,
AL,UNNAMED,1885,5,16,18850918,600,,TS,15.6N,54.6W,50,,,,,,,,,,,,,
AL,UNNAMED,1885,5,16,18850918,1200,,TS,16.2N,55.1W,50,999,,,,,,,,,,,,
AL,UNNAMED,1885,5,16,18850918,1800,,TS,16.7N,55.6W,50,,,,,,,,,,,,,
AL,UNNAMED,1885,5,16,18850919,0,,TS,17.2N,56.0W,60,,,,,,,,,,,,,
AL,UNNAMED,1885,5,16,18850919,600,,TS,17.6N,56.3W,60,,,,,,,,,,,,,
AL,UNNAMED,1885,5,16,18850919,1200,,HU,18.0N,56.5W,70,,,,,,,,,,,,,
AL,UNNAMED,1885,5,16,18850919,1800,,HU,18.5N,56.7W,70,,,,,,,,,,,,,
AL,UNNAMED,1885,5,16,18850920,0,,HU,19.0N,56.8W,70,,,,,,,,,,,,,
AL,UNNAMED,1885,5,16,18850920,600,,HU,19.5N,56.9W,70,,,,,,,,,,,,,
AL,UNNAMED,1885,5,16,18850920,1200,,HU,20.1N,57.0W,70,,,,,,,,,,,,,
AL,UNNAMED,1885,5,16,18850920,1800,,HU,20.9N,57.1W,70,,,,,,,,,,,,,
AL,UNNAMED,1885,5,16,18850921,0,,HU,22.2N,57.2W,70,,,,,,,,,,,,,
AL,UNNAMED,1885,5,16,18850921,600,,HU,23.5N,57.1W,70,,,,,,,,,,,,,
AL,UNNAMED,1885,5,16,18850921,1200,,HU,24.9N,57.0W,70,,,,,,,,,,,,,
AL,UNNAMED,1885,5,16,18850921,1800,,HU,27.0N,56.5W,70,,,,,,,,,,,,,
AL,UNNAMED,1885,6,37,18850924,0,,TS,26.4N,87.8W,40,,,,,,,,,,,,,
AL,UNNAMED,1885,6,37,18850924,600,,TS,26.7N,87.9W,40,,,,,,,,,,,,,
AL,UNNAMED,1885,6,37,18850924,1200,,TS,27.0N,88.0W,40,,,,,,,,,,,,,
AL,UNNAMED,1885,6,37,18850924,1800,,TS,27.4N,88.1W,40,,,,,,,,,,,,,
AL,UNNAMED,1885,6,37,18850925,0,,TS,27.8N,88.3W,50,,,,,,,,,,,,,
AL,UNNAMED,1885,6,37,18850925,600,,TS,28.2N,88.4W,50,,,,,,,,,,,,,
AL,UNNAMED,1885,6,37,18850925,1200,,TS,28.7N,88.6W,50,,,,,,,,,,,,,
AL,UNNAMED,1885,6,37,18850925,1800,,TS,29.0N,88.8W,50,,,,,,,,,,,,,
AL,UNNAMED,1885,6,37,18850926,0,,TS,29.3N,88.9W,60,,,,,,,,,,,,,
AL,UNNAMED,1885,6,37,18850926,400,L,TS,29.6N,89.0W,60,,,,,,,,,,,,,
AL,UNNAMED,1885,6,37,18850926,600,,TS,29.7N,89.0W,60,,,,,,,,,,,,,
AL,UNNAMED,1885,6,37,18850926,1200,,TS,30.0N,89.1W,60,,,,,,,,,,,,,
AL,UNNAMED,1885,6,37,18850926,1800,,TS,30.2N,89.0W,60,,,,,,,,,,,,,
AL,UNNAMED,1885,6,37,18850927,0,,TS,30.3N,88.9W,60,,,,,,,,,,,,,
AL,UNNAMED,1885,6,37,18850927,600,,TS,30.4N,88.8W,50,,,,,,,,,,,,,
AL,UNNAMED,1885,6,37,18850927,1200,,TS,30.5N,88.6W,50,,,,,,,,,,,,,
AL,UNNAMED,1885,6,37,18850927,1800,,TS,30.6N,88.4W,40,,,,,,,,,,,,,
AL,UNNAMED,1885,6,37,18850928,0,,TS,30.6N,88.1W,40,,,,,,,,,,,,,
AL,UNNAMED,1885,6,37,18850928,600,,TS,30.6N,87.8W,40,,,,,,,,,,,,,
AL,UNNAMED,1885,6,37,18850928,1200,,TS,30.6N,87.4W,40,,,,,,,,,,,,,
AL,UNNAMED,1885,6,37,18850928,1800,,TS,30.6N,87.0W,40,,,,,,,,,,,,,
AL,UNNAMED,1885,6,37,18850929,0,,TD,30.6N,86.5W,30,,,,,,,,,,,,,
AL,UNNAMED,1885,6,37,18850929,600,,TD,30.6N,86.0W,30,,,,,,,,,,,,,
AL,UNNAMED,1885,6,37,18850929,1200,,TD,30.5N,85.4W,30,,,,,,,,,,,,,
AL,UNNAMED,1885,6,37,18850929,1800,,TD,30.4N,84.8W,30,,,,,,,,,,,,,
AL,UNNAMED,1885,6,37,18850930,0,,TD,30.3N,84.0W,30,,,,,,,,,,,,,
AL,UNNAMED,1885,6,37,18850930,600,,TD,30.2N,83.3W,30,,,,,,,,,,,,,
AL,UNNAMED,1885,6,37,18850930,1200,,TD,30.2N,82.8W,30,,,,,,,,,,,,,
AL,UNNAMED,1885,6,37,18850930,1800,,TD,30.2N,81.8W,30,,,,,,,,,,,,,
AL,UNNAMED,1885,6,37,18851001,0,,TS,30.4N,80.8W,40,,,,,,,,,,,,,
AL,UNNAMED,1885,6,37,18851001,600,,TS,30.7N,79.6W,40,,,,,,,,,,,,,
AL,UNNAMED,1885,6,37,18851001,1200,,TS,31.2N,78.8W,50,,,,,,,,,,,,,
AL,UNNAMED,1885,6,37,18851001,1800,,TS,32.0N,77.8W,60,,,,,,,,,,,,,
AL,UNNAMED,1885,6,37,18851002,0,,TS,32.9N,77.0W,60,,,,,,,,,,,,,
AL,UNNAMED,1885,6,37,18851002,600,,TS,33.8N,76.3W,60,,,,,,,,,,,,,
AL,UNNAMED,1885,6,37,18851002,1200,,HU,34.5N,75.6W,70,,,,,,,,,,,,,
AL,UNNAMED,1885,6,37,18851002,1800,,HU,35.5N,74.1W,70,,,,,,,,,,,,,
AL,UNNAMED,1885,7,16,18850926,0,,TS,24.2N,55.7W,50,,,,,,,,,,,,,
AL,UNNAMED,1885,7,16,18850926,600,,TS,25.2N,56.4W,50,,,,,,,,,,,,,
AL,UNNAMED,1885,7,16,18850926,1200,,TS,26.0N,57.0W,50,,,,,,,,,,,,,
AL,UNNAMED,1885,7,16,18850926,1800,,TS,27.2N,57.8W,50,,,,,,,,,,,,,
AL,UNNAMED,1885,7,16,18850927,0,,TS,28.7N,58.3W,50,,,,,,,,,,,,,
AL,UNNAMED,1885,7,16,18850927,600,,TS,30.2N,58.8W,50,,,,,,,,,,,,,
AL,UNNAMED,1885,7,16,18850927,1200,,TS,31.3N,59.0W,50,,,,,,,,,,,,,
AL,UNNAMED,1885,7,16,18850927,1800,,TS,32.3N,59.3W,50,,,,,,,,,,,,,
AL,UNNAMED,1885,7,16,18850928,0,,TS,33.2N,59.6W,60,,,,,,,,,,,,,
AL,UNNAMED,1885,7,16,18850928,600,,TS,34.0N,59.8W,60,,,,,,,,,,,,,
AL,UNNAMED,1885,7,16,18850928,1200,,TS,35.0N,60.0W,60,,,,,,,,,,,,,
AL,UNNAMED,1885,7,16,18850928,1800,,TS,36.0N,60.3W,60,,,,,,,,,,,,,
AL,UNNAMED,1885,7,16,18850929,0,,HU,37.2N,60.7W,70,,,,,,,,,,,,,
AL,UNNAMED,1885,7,16,18850929,600,,HU,38.5N,60.9W,70,,,,,,,,,,,,,
AL,UNNAMED,1885,7,16,18850929,1200,,HU,39.7N,61.0W,80,,,,,,,,,,,,,
AL,UNNAMED,1885,7,16,18850929,1800,,HU,41.2N,60.7W,80,,,,,,,,,,,,,
AL,UNNAMED,1885,8,17,18851010,1200,,TS,23.9N,83.0W,40,,,,,,,,,,,,,
AL,UNNAMED,1885,8,17,18851010,1800,,TS,24.7N,83.3W,40,,,,,,,,,,,,,
AL,UNNAMED,1885,8,17,18851011,0,,TS,25.7N,83.6W,50,,,,,,,,,,,,,
AL,UNNAMED,1885,8,17,18851011,600,,TS,26.5N,83.9W,50,,,,,,,,,,,,,
AL,UNNAMED,1885,8,17,18851011,1200,,TS,27.3N,84.0W,60,,,,,,,,,,,,,
AL,UNNAMED,1885,8,17,18851011,1800,,TS,28.6N,83.6W,60,,,,,,,,,,,,,
AL,UNNAMED,1885,8,17,18851011,2200,L,TS,29.4N,83.2W,60,,,,,,,,,,,,,
AL,UNNAMED,1885,8,17,18851012,0,,TS,30.0N,83.0W,50,,,,,,,,,,,,,
AL,UNNAMED,1885,8,17,18851012,600,,TS,31.4N,82.4W,50,,,,,,,,,,,,,
AL,UNNAMED,1885,8,17,18851012,1200,,TS,33.0N,81.5W,40,,,,,,,,,,,,,
AL,UNNAMED,1885,8,17,18851012,1800,,TS,34.0N,80.8W,40,,,,,,,,,,,,,
AL,UNNAMED,1885,8,17,18851013,0,,TS,34.9N,80.0W,40,,,,,,,,,,,,,
AL,UNNAMED,1885,8,17,18851013,600,,TS,36.2N,79.0W,40,,,,,,,,,,,,,
AL,UNNAMED,1885,8,17,18851013,1200,,EX,37.4N,78.4W,40,,,,,,,,,,,,,
AL,UNNAMED,1885,8,17,18851013,1800,,EX,39.0N,78.0W,40,,,,,,,,,,,,,
AL,UNNAMED,1885,8,17,18851014,0,,EX,40.5N,77.5W,40,,,,,,,,,,,,,
AL,UNNAMED,1885,8,17,18851014,600,,EX,42.0N,77.0W,40,,,,,,,,,,,,,
AL,UNNAMED,1886,1,12,18860613,600,,TS,23.2N,95.7W,35,,,,,,,,,,,,,
AL,UNNAMED,1886,1,12,18860613,1200,,TS,24.7N,95.9W,40,,,,,,,,,,,,,
AL,UNNAMED,1886,1,12,18860613,1800,,TS,26.0N,96.0W,45,,,,,,,,,,,,,
AL,UNNAMED,1886,1,12,18860614,0,,TS,26.9N,95.8W,55,,,,,,,,,,,,,
AL,UNNAMED,1886,1,12,18860614,600,,HU,27.9N,95.3W,65,,,,,,,,,,,,,
AL,UNNAMED,1886,1,12,18860614,1200,,HU,28.9N,94.7W,75,,,,,,,,,,,,,
AL,UNNAMED,1886,1,12,18860614,1600,L,HU,29.6N,94.2W,85,,,,,,,,,,,,,
AL,UNNAMED,1886,1,12,18860614,1800,,HU,29.9N,94.0W,85,,,,,,,,,,,,,
AL,UNNAMED,1886,1,12,18860615,0,,TS,30.6N,93.0W,60,,,,,,,,,,,,,
AL,UNNAMED,1886,1,12,18860615,600,,TS,31.0N,91.8W,45,,,,,,,,,,,,,
AL,UNNAMED,1886,1,12,18860615,1200,,TS,31.2N,90.4W,35,,,,,,,,,,,,,
AL,UNNAMED,1886,1,12,18860615,1800,,TD,31.2N,89.0W,30,,,,,,,,,,,,,
AL,UNNAMED,1886,2,33,18860617,0,,TS,19.1N,84.8W,35,,,,,,,,,,,,,
AL,UNNAMED,1886,2,33,18860617,600,,TS,19.6N,85.1W,35,,,,,,,,,,,,,
AL,UNNAMED,1886,2,33,18860617,1200,,TS,20.0N,85.3W,40,,,,,,,,,,,,,
AL,UNNAMED,1886,2,33,18860617,1800,,TS,20.4N,85.4W,40,,,,,,,,,,,,,
AL,UNNAMED,1886,2,33,18860618,0,,TS,20.7N,85.6W,45,,,,,,,,,,,,,
AL,UNNAMED,1886,2,33,18860618,600,,TS,21.1N,85.6W,50,,,,,,,,,,,,,
AL,UNNAMED,1886,2,33,18860618,1200,,TS,21.7N,85.7W,55,,,,,,,,,,,,,
AL,UNNAMED,1886,2,33,18860618,1800,,HU,22.1N,85.7W,65,,,,,,,,,,,,,
AL,UNNAMED,1886,2,33,18860619,0,,HU,22.5N,85.7W,70,,,,,,,,,,,,,
AL,UNNAMED,1886,2,33,18860619,600,,HU,22.9N,85.6W,75,,,,,,,,,,,,,
AL,UNNAMED,1886,2,33,18860619,1200,,HU,23.3N,85.3W,80,,,,,,,,,,,,,
AL,UNNAMED,1886,2,33,18860619,1800,,HU,23.8N,85.1W,80,,,,,,,,,,,,,
AL,UNNAMED,1886,2,33,18860620,0,,HU,24.3N,84.9W,85,,,,,,,,,,,,,
AL,UNNAMED,1886,2,33,18860620,600,,HU,24.7N,84.7W,85,,,,,,,,,,,,,
AL,UNNAMED,1886,2,33,18860620,1200,,HU,25.3N,84.5W,85,,,,,,,,,,,,,
AL,UNNAMED,1886,2,33,18860620,1800,,HU,26.3N,84.4W,85,,,,,,,,,,,,,
AL,UNNAMED,1886,2,33,18860621,0,,HU,27.7N,84.2W,85,,,,,,,,,,,,,
AL,UNNAMED,1886,2,33,18860621,600,,HU,28.9N,84.1W,85,,,,,,,,,,,,,
AL,UNNAMED,1886,2,33,18860621,1100,L,HU,30.1N,84.0W,85,,,,,,,,,,,,,
AL,UNNAMED,1886,2,33,18860621,1200,,HU,30.3N,84.0W,80,,,,,,,,,,,,,
AL,UNNAMED,1886,2,33,18860621,1800,,HU,31.3N,83.8W,65,,,,,,,,,,,,,
AL,UNNAMED,1886,2,33,18860622,0,,TS,32.3N,83.2W,45,,,,,,,,,,,,,
AL,UNNAMED,1886,2,33,18860622,600,,TS,33.8N,82.2W,40,,,,,,,,,,,,,
AL,UNNAMED,1886,2,33,18860622,1200,,TS,35.2N,81.0W,35,,,,,,,,,,,,,
AL,UNNAMED,1886,2,33,18860622,1800,,TS,36.3N,79.3W,35,,,,,,,,,,,,,
AL,UNNAMED,1886,2,33,18860623,0,,TD,37.3N,78.0W,30,,,,,,,,,,,,,
AL,UNNAMED,1886,2,33,18860623,600,,TD,38.4N,76.9W,30,,,,,,,,,,,,,
AL,UNNAMED,1886,2,33,18860623,1200,,TD,39.3N,75.3W,30,,,,,,,,,,,,,
AL,UNNAMED,1886,2,33,18860623,1800,,TD,39.9N,73.2W,30,,,,,,,,,,,,,
AL,UNNAMED,1886,2,33,18860624,0,,TD,40.2N,70.0W,30,,,,,,,,,,,,,
AL,UNNAMED,1886,2,33,18860624,600,,TD,40.1N,66.0W,30,,,,,,,,,,,,,
AL,UNNAMED,1886,2,33,18860624,1200,,TD,40.0N,61.5W,30,,,,,,,,,,,,,
AL,UNNAMED,1886,2,33,18860624,1800,,TD,39.9N,57.0W,30,,,,,,,,,,,,,
AL,UNNAMED,1886,3,23,18860627,1200,,TS,18.3N,79.7W,35,,,,,,,,,,,,,
AL,UNNAMED,1886,3,23,18860627,1800,,TS,19.2N,80.0W,45,,,,,,,,,,,,,
AL,UNNAMED,1886,3,23,18860628,0,,TS,19.9N,80.3W,55,,,,,,,,,,,,,
AL,UNNAMED,1886,3,23,18860628,600,,HU,20.7N,80.7W,65,,,,,,,,,,,,,
AL,UNNAMED,1886,3,23,18860628,1200,,HU,21.5N,81.5W,75,,,,,,,,,,,,,
AL,UNNAMED,1886,3,23,18860628,1800,,HU,22.0N,82.5W,80,,,,,,,,,,,,,
AL,UNNAMED,1886,3,23,18860629,0,,HU,22.4N,83.5W,70,,,,,,,,,,,,,
AL,UNNAMED,1886,3,23,18860629,600,,HU,22.9N,84.2W,70,,,,,,,,,,,,,
AL,UNNAMED,1886,3,23,18860629,1200,,HU,23.7N,85.3W,75,,,,,,,,,,,,,
AL,UNNAMED,1886,3,23,18860629,1800,,HU,24.6N,86.0W,80,,,,,,,,,,,,,
AL,UNNAMED,1886,3,23,18860630,0,,HU,25.6N,86.4W,85,,,,,,,,,,,,,
AL,UNNAMED,1886,3,23,18860630,600,,HU,26.4N,86.7W,85,,,,,,,,,,,,,
AL,UNNAMED,1886,3,23,18860630,1200,,HU,27.3N,86.7W,85,,,,,,,,,,,,,
AL,UNNAMED,1886,3,23,18860630,1800,,HU,28.8N,86.0W,85,,,,,,,,,,,,,
AL,UNNAMED,1886,3,23,18860630,2100,L,HU,29.7N,85.2W,85,,,,,,,,,,,,,
AL,UNNAMED,1886,3,23,18860701,0,,HU,30.4N,84.4W,70,,,,,,,,,,,,,
AL,UNNAMED,1886,3,23,18860701,600,,TS,31.8N,82.7W,55,,,,,,,,,,,,,
AL,UNNAMED,1886,3,23,18860701,1200,,TS,33.0N,81.3W,50,,,,,,,,,,,,,
AL,UNNAMED,1886,3,23,18860701,1800,,TS,33.8N,80.3W,45,,,,,,,,,,,,,
AL,UNNAMED,1886,3,23,18860702,0,,TS,34.9N,79.1W,40,,,,,,,,,,,,,
AL,UNNAMED,1886,3,23,18860702,600,,TS,36.1N,78.0W,35,,,,,,,,,,,,,
AL,UNNAMED,1886,3,23,18860702,1200,,TS,37.2N,77.0W,35,,,,,,,,,,,,,
AL,UNNAMED,1886,3,23,18860702,1800,,TS,38.2N,75.3W,35,,,,,,,,,,,,,
AL,UNNAMED,1886,4,44,18860714,600,,TS,18.9N,82.9W,35,,,,,,,,,,,,,
AL,UNNAMED,1886,4,44,18860714,1200,,TS,19.2N,83.4W,40,,,,,,,,,,,,,
AL,UNNAMED,1886,4,44,18860714,1800,,TS,19.4N,83.8W,40,,,,,,,,,,,,,
AL,UNNAMED,1886,4,44,18860715,0,,TS,19.6N,84.2W,45,,,,,,,,,,,,,
AL,UNNAMED,1886,4,44,18860715,600,,TS,19.8N,84.6W,45,,,,,,,,,,,,,
AL,UNNAMED,1886,4,44,18860715,1200,,TS,20.0N,85.0W,50,,,,,,,,,,,,,
AL,UNNAMED,1886,4,44,18860715,1800,,TS,20.2N,85.3W,50,,,,,,,,,,,,,
AL,UNNAMED,1886,4,44,18860716,0,,TS,20.4N,85.6W,55,,,,,,,,,,,,,
AL,UNNAMED,1886,4,44,18860716,600,,TS,20.6N,85.8W,55,,,,,,,,,,,,,
AL,UNNAMED,1886,4,44,18860716,1200,,TS,20.7N,86.0W,60,,,,,,,,,,,,,
AL,UNNAMED,1886,4,44,18860716,1800,,TS,20.9N,85.9W,60,,,,,,,,,,,,,
AL,UNNAMED,1886,4,44,18860717,0,,TS,21.1N,85.7W,60,,,,,,,,,,,,,
AL,UNNAMED,1886,4,44,18860717,600,,TS,21.3N,85.5W,60,,,,,,,,,,,,,
AL,UNNAMED,1886,4,44,18860717,1200,,HU,21.5N,85.3W,65,,,,,,,,,,,,,
AL,UNNAMED,1886,4,44,18860717,1800,,HU,22.4N,84.8W,65,,,,,,,,,,,,,
AL,UNNAMED,1886,4,44,18860718,0,,HU,23.7N,84.4W,70,,,,,,,,,,,,,
AL,UNNAMED,1886,4,44,18860718,600,,HU,25.1N,83.9W,70,,,,,,,,,,,,,
AL,UNNAMED,1886,4,44,18860718,1200,,HU,26.5N,83.5W,70,,,,,,,,,,,,,
AL,UNNAMED,1886,4,44,18860718,1800,,HU,27.6N,83.3W,70,,,,,,,,,,,,,
AL,UNNAMED,1886,4,44,18860719,0,,HU,28.7N,82.8W,70,,,,,,,,,,,,,
AL,UNNAMED,1886,4,44,18860719,100,L,HU,28.8N,82.7W,70,,,,,,,,,,,,,
AL,UNNAMED,1886,4,44,18860719,600,,TS,29.5N,82.1W,55,,,,,,,,,,,,,
AL,UNNAMED,1886,4,44,18860719,1200,,TS,30.3N,81.0W,50,,,,,,,,,,,,,
AL,UNNAMED,1886,4,44,18860719,1800,,TS,31.4N,78.6W,60,,,,,,,,,,,,,
AL,UNNAMED,1886,4,44,18860720,0,,HU,32.7N,75.6W,70,,,,,,,,,,,,,
AL,UNNAMED,1886,4,44,18860720,600,,HU,33.9N,72.6W,75,,,,,,,,,,,,,
AL,UNNAMED,1886,4,44,18860720,1200,,HU,35.0N,70.0W,75,,,,,,,,,,,,,
AL,UNNAMED,1886,4,44,18860720,1800,,HU,35.8N,68.0W,75,,,,,,,,,,,,,
AL,UNNAMED,1886,4,44,18860721,0,,HU,36.8N,65.3W,70,,,,,,,,,,,,,
AL,UNNAMED,1886,4,44,18860721,600,,HU,37.7N,62.6W,70,,,,,,,,,,,,,
AL,UNNAMED,1886,4,44,18860721,1200,,HU,38.7N,60.0W,70,,,,,,,,,,,,,
AL,UNNAMED,1886,4,44,18860721,1800,,HU,39.8N,56.9W,70,990,,,,,,,,,,,,
AL,UNNAMED,1886,4,44,18860722,0,,HU,41.4N,53.5W,70,,,,,,,,,,,,,
AL,UNNAMED,1886,4,44,18860722,600,,HU,43.0N,49.8W,70,,,,,,,,,,,,,
AL,UNNAMED,1886,4,44,18860722,1200,,HU,44.3N,46.3W,70,,,,,,,,,,,,,
AL,UNNAMED,1886,4,44,18860722,1800,,HU,45.1N,43.1W,65,,,,,,,,,,,,,
AL,UNNAMED,1886,4,44,18860723,0,,EX,46.1N,39.5W,60,,,,,,,,,,,,,
AL,UNNAMED,1886,4,44,18860723,600,,EX,47.0N,35.6W,60,,,,,,,,,,,,,
AL,UNNAMED,1886,4,44,18860723,1200,,EX,48.0N,32.0W,60,,,,,,,,,,,,,
AL,UNNAMED,1886,4,44,18860723,1800,,EX,49.5N,29.0W,60,,,,,,,,,,,,,
AL,UNNAMED,1886,4,44,18860724,0,,EX,51.5N,25.8W,60,,,,,,,,,,,,,
AL,UNNAMED,1886,4,44,18860724,600,,EX,53.7N,22.7W,60,,,,,,,,,,,,,
AL,UNNAMED,1886,4,44,18860724,1200,,EX,55.5N,21.0W,55,,,,,,,,,,,,,
AL,UNNAMED,1886,4,44,18860724,1800,,EX,57.3N,19.5W,50,,,,,,,,,,,,,
AL,UNNAMED,1886,5,40,18860812,600,,TS,10.5N,58.0W,35,,,,,,,,,,,,,
AL,UNNAMED,1886,5,40,18860812,1200,,TS,11.1N,58.9W,40,,,,,,,,,,,,,
AL,UNNAMED,1886,5,40,18860812,1800,,TS,11.8N,59.8W,45,,,,,,,,,,,,,
AL,UNNAMED,1886,5,40,18860813,0,,TS,12.5N,60.7W,50,,,,,,,,,,,,,
AL,UNNAMED,1886,5,40,18860813,600,,TS,13.2N,61.7W,55,,,,,,,,,,,,,
AL,UNNAMED,1886,5,40,18860813,1200,,TS,14.0N,62.7W,60,,,,,,,,,,,,,
AL,UNNAMED,1886,5,40,18860813,1800,,HU,14.6N,63.9W,65,,,,,,,,,,,,,
AL,UNNAMED,1886,5,40,18860814,0,,HU,15.2N,65.2W,70,,,,,,,,,,,,,
AL,UNNAMED,1886,5,40,18860814,600,,HU,15.7N,66.2W,75,,,,,,,,,,,,,
AL,UNNAMED,1886,5,40,18860814,1200,,HU,16.3N,67.3W,80,,,,,,,,,,,,,
AL,UNNAMED,1886,5,40,18860814,1800,,HU,16.9N,68.3W,85,,,,,,,,,,,,,
AL,UNNAMED,1886,5,40,18860815,0,,HU,17.4N,69.3W,85,,,,,,,,,,,,,
AL,UNNAMED,1886,5,40,18860815,600,,HU,17.9N,70.2W,85,,,,,,,,,,,,,
AL,UNNAMED,1886,5,40,18860815,1200,,HU,18.3N,71.3W,80,,,,,,,,,,,,,
AL,UNNAMED,1886,5,40,18860815,1800,,HU,18.6N,72.6W,75,,,,,,,,,,,,,
AL,UNNAMED,1886,5,40,18860816,0,,HU,18.8N,73.9W,70,,,,,,,,,,,,,
AL,UNNAMED,1886,5,40,18860816,600,,HU,19.1N,75.2W,80,,,,,,,,,,,,,
AL,UNNAMED,1886,5,40,18860816,1200,,HU,19.5N,76.5W,85,,,,,,,,,,,,,
AL,UNNAMED,1886,5,40,18860816,1800,,HU,20.4N,77.3W,80,,,,,,,,,,,,,
AL,UNNAMED,1886,5,40,18860817,0,,HU,21.3N,78.1W,75,,,,,,,,,,,,,
AL,UNNAMED,1886,5,40,18860817,600,,HU,22.1N,79.0W,70,,,,,,,,,,,,,
AL,UNNAMED,1886,5,40,18860817,1200,,TS,22.5N,79.7W,55,,,,,,,,,,,,,
AL,UNNAMED,1886,5,40,18860817,1800,,TS,23.1N,80.5W,60,,,,,,,,,,,,,
AL,UNNAMED,1886,5,40,18860818,0,,HU,23.8N,81.7W,65,,,,,,,,,,,,,
AL,UNNAMED,1886,5,40,18860818,600,,HU,24.3N,83.0W,70,,,,,,,,,,,,,
AL,UNNAMED,1886,5,40,18860818,1200,,HU,24.7N,84.3W,75,,,,,,,,,,,,,
AL,UNNAMED,1886,5,40,18860818,1800,,HU,25.3N,86.1W,75,,,,,,,,,,,,,
AL,UNNAMED,1886,5,40,18860819,0,,HU,25.6N,87.9W,80,,,,,,,,,,,,,
AL,UNNAMED,1886,5,40,18860819,600,,HU,25.9N,89.7W,90,,,,,,,,,,,,,
AL,UNNAMED,1886,5,40,18860819,1200,,HU,26.3N,91.9W,100,,,,,,,,,,,,,
AL,UNNAMED,1886,5,40,18860819,1800,,HU,26.5N,93.3W,110,,,,,,,,,,,,,
AL,UNNAMED,1886,5,40,18860820,0,,HU,26.8N,94.5W,120,,,,,,,,,,,,,
AL,UNNAMED,1886,5,40,18860820,600,,HU,27.4N,95.6W,130,,,,,,,,,,,,,
AL,UNNAMED,1886,5,40,18860820,1200,,HU,28.0N,96.6W,130,925,,,,,,,,,,,,
AL,UNNAMED,1886,5,40,18860820,1300,L,HU,28.1N,96.8W,130,925,,,,,,,,,,,,
AL,UNNAMED,1886,5,40,18860820,1800,,HU,29.0N,98.0W,85,965,,,,,,,,,,,,
AL,UNNAMED,1886,5,40,18860821,0,,TS,30.0N,99.0W,60,,,,,,,,,,,,,
AL,UNNAMED,1886,5,40,18860821,600,,TS,31.0N,99.6W,50,,,,,,,,,,,,,
AL,UNNAMED,1886,5,40,18860821,1200,,TS,32.0N,100.7W,35,,,,,,,,,,,,,
AL,UNNAMED,1886,5,40,18860821,1800,,TD,33.5N,101.3W,25,,,,,,,,,,,,,
AL,UNNAMED,1886,6,52,18860815,0,,TS,14.6N,54.5W,55,,,,,,,,,,,,,
AL,UNNAMED,1886,6,52,18860815,600,,TS,14.4N,55.5W,60,,,,,,,,,,,,,
AL,UNNAMED,1886,6,52,18860815,1200,,HU,14.3N,56.5W,65,,,,,,,,,,,,,
AL,UNNAMED,1886,6,52,18860815,1800,,HU,14.1N,57.7W,70,,,,,,,,,,,,,
AL,UNNAMED,1886,6,52,18860816,0,,HU,13.8N,58.9W,75,,,,,,,,,,,,,
AL,UNNAMED,1886,6,52,18860816,600,,HU,13.5N,60.0W,85,,,,,,,,,,,,,
AL,UNNAMED,1886,6,52,18860816,1200,,HU,13.0N,61.3W,95,,,,,,,,,,,,,
AL,UNNAMED,1886,6,52,18860816,1800,,HU,12.7N,62.4W,95,,,,,,,,,,,,,
AL,UNNAMED,1886,6,52,18860817,0,,HU,12.5N,63.7W,95,,,,,,,,,,,,,
AL,UNNAMED,1886,6,52,18860817,600,,HU,12.5N,65.1W,90,,,,,,,,,,,,,
AL,UNNAMED,1886,6,52,18860817,1200,,HU,12.5N,66.5W,85,,,,,,,,,,,,,
AL,UNNAMED,1886,6,52,18860817,1800,,HU,12.5N,67.8W,85,,,,,,,,,,,,,
AL,UNNAMED,1886,6,52,18860818,0,,HU,12.6N,69.2W,85,,,,,,,,,,,,,
AL,UNNAMED,1886,6,52,18860818,600,,HU,12.8N,70.6W,85,,,,,,,,,,,,,
AL,UNNAMED,1886,6,52,18860818,1200,,HU,13.0N,71.7W,85,,,,,,,,,,,,,
AL,UNNAMED,1886,6,52,18860818,1800,,HU,13.2N,72.5W,85,,,,,,,,,,,,,
AL,UNNAMED,1886,6,52,18860819,0,,HU,13.7N,73.3W,85,,,,,,,,,,,,,
AL,UNNAMED,1886,6,52,18860819,600,,HU,14.1N,73.9W,85,,,,,,,,,,,,,
AL,UNNAMED,1886,6,52,18860819,1200,,HU,14.7N,74.5W,85,,,,,,,,,,,,,
AL,UNNAMED,1886,6,52,18860819,1800,,HU,15.9N,75.3W,90,,,,,,,,,,,,,
AL,UNNAMED,1886,6,52,18860820,0,,HU,17.0N,76.2W,95,,,,,,,,,,,,,
AL,UNNAMED,1886,6,52,18860820,600,,HU,17.9N,76.8W,95,,,,,,,,,,,,,
AL,UNNAMED,1886,6,52,18860820,1200,,HU,18.5N,77.3W,95,,,,,,,,,,,,,
AL,UNNAMED,1886,6,52,18860820,1800,,HU,19.0N,77.8W,95,,,,,,,,,,,,,
AL,UNNAMED,1886,6,52,18860821,0,,HU,19.7N,78.4W,95,,,,,,,,,,,,,
AL,UNNAMED,1886,6,52,18860821,600,,HU,20.4N,78.8W,100,,,,,,,,,,,,,
AL,UNNAMED,1886,6,52,18860821,1200,,HU,21.0N,79.0W,105,,,,,,,,,,,,,
AL,UNNAMED,1886,6,52,18860821,1800,,HU,21.3N,79.0W,105,,,,,,,,,,,,,
AL,UNNAMED,1886,6,52,18860822,0,,HU,21.5N,79.0W,105,,,,,,,,,,,,,
AL,UNNAMED,1886,6,52,18860822,600,,HU,21.7N,79.0W,90,,,,,,,,,,,,,
AL,UNNAMED,1886,6,52,18860822,1200,,HU,22.0N,79.0W,80,,,,,,,,,,,,,
AL,UNNAMED,1886,6,52,18860822,1800,,HU,23.1N,79.0W,80,,,,,,,,,,,,,
AL,UNNAMED,1886,6,52,18860823,0,,HU,24.6N,79.0W,80,,,,,,,,,,,,,
AL,UNNAMED,1886,6,52,18860823,600,,HU,26.3N,78.7W,85,,,,,,,,,,,,,
AL,UNNAMED,1886,6,52,18860823,1200,,HU,28.0N,77.9W,85,,,,,,,,,,,,,
AL,UNNAMED,1886,6,52,18860823,1800,,HU,29.8N,76.8W,85,,,,,,,,,,,,,
AL,UNNAMED,1886,6,52,18860824,0,,HU,31.8N,75.5W,85,,,,,,,,,,,,,
AL,UNNAMED,1886,6,52,18860824,600,,HU,33.6N,74.3W,85,,,,,,,,,,,,,
AL,UNNAMED,1886,6,52,18860824,1200,,HU,35.0N,73.2W,85,,,,,,,,,,,,,
AL,UNNAMED,1886,6,52,18860824,1800,,HU,36.0N,72.3W,85,,,,,,,,,,,,,
AL,UNNAMED,1886,6,52,18860825,0,,HU,36.7N,71.6W,85,,,,,,,,,,,,,
AL,UNNAMED,1886,6,52,18860825,600,,HU,37.4N,70.8W,85,,,,,,,,,,,,,
AL,UNNAMED,1886,6,52,18860825,1200,,HU,38.2N,70.0W,85,,,,,,,,,,,,,
AL,UNNAMED,1886,6,52,18860825,1800,,HU,39.1N,69.0W,85,,,,,,,,,,,,,
AL,UNNAMED,1886,6,52,18860826,0,,HU,39.9N,67.8W,85,,,,,,,,,,,,,
AL,UNNAMED,1886,6,52,18860826,600,,HU,40.8N,66.5W,80,,,,,,,,,,,,,
AL,UNNAMED,1886,6,52,18860826,1200,,HU,41.6N,65.0W,75,,,,,,,,,,,,,
AL,UNNAMED,1886,6,52,18860826,1800,,HU,42.0N,63.2W,70,,,,,,,,,,,,,
AL,UNNAMED,1886,6,52,18860827,0,,HU,42.2N,61.1W,65,,,,,,,,,,,,,
AL,UNNAMED,1886,6,52,18860827,600,,TS,42.5N,58.6W,60,,,,,,,,,,,,,
AL,UNNAMED,1886,6,52,18860827,1200,,TS,43.0N,56.0W,60,,,,,,,,,,,,,
AL,UNNAMED,1886,6,52,18860827,1800,,TS,43.6N,53.3W,60,,,,,,,,,,,,,
AL,UNNAMED,1886,7,22,18860820,1200,,TS,31.7N,71.0W,40,,,,,,,,,,,,,
AL,UNNAMED,1886,7,22,18860820,1800,,TS,30.1N,69.0W,50,,,,,,,,,,,,,
AL,UNNAMED,1886,7,22,18860821,0,,TS,29.2N,65.5W,60,,,,,,,,,,,,,
AL,UNNAMED,1886,7,22,18860821,600,,HU,30.0N,62.7W,75,,,,,,,,,,,,,
AL,UNNAMED,1886,7,22,18860821,1200,,HU,32.3N,61.7W,95,,,,,,,,,,,,,
AL,UNNAMED,1886,7,22,18860821,1800,,HU,33.8N,62.4W,100,,,,,,,,,,,,,
AL,UNNAMED,1886,7,22,18860822,0,,HU,35.0N,63.4W,100,,,,,,,,,,,,,
AL,UNNAMED,1886,7,22,18860822,600,,HU,35.9N,64.2W,100,,,,,,,,,,,,,
AL,UNNAMED,1886,7,22,18860822,1200,,HU,37.0N,65.0W,100,,,,,,,,,,,,,
AL,UNNAMED,1886,7,22,18860822,1800,,HU,38.1N,66.0W,95,,,,,,,,,,,,,
AL,UNNAMED,1886,7,22,18860823,0,,HU,39.7N,66.9W,90,,,,,,,,,,,,,
AL,UNNAMED,1886,7,22,18860823,600,,HU,41.1N,66.5W,85,,,,,,,,,,,,,
AL,UNNAMED,1886,7,22,18860823,1200,,HU,42.3N,65.0W,80,,,,,,,,,,,,,
AL,UNNAMED,1886,7,22,18860823,1800,,HU,44.1N,62.2W,75,,,,,,,,,,,,,
AL,UNNAMED,1886,7,22,18860824,0,,HU,45.9N,58.4W,70,,,,,,,,,,,,,
AL,UNNAMED,1886,7,22,18860824,600,,HU,47.6N,54.1W,65,,,,,,,,,,,,,
AL,UNNAMED,1886,7,22,18860824,1200,,EX,48.5N,50.0W,60,,,,,,,,,,,,,
AL,UNNAMED,1886,7,22,18860824,1800,,EX,48.6N,46.1W,55,,,,,,,,,,,,,
AL,UNNAMED,1886,7,22,18860825,0,,EX,48.5N,41.3W,50,,,,,,,,,,,,,
AL,UNNAMED,1886,7,22,18860825,600,,EX,48.3N,37.3W,50,,,,,,,,,,,,,
AL,UNNAMED,1886,7,22,18860825,1200,,EX,48.3N,33.3W,50,,,,,,,,,,,,,
AL,UNNAMED,1886,7,22,18860825,1800,,EX,48.3N,29.5W,50,,,,,,,,,,,,,
AL,UNNAMED,1886,8,36,18860916,0,,TS,21.0N,65.5W,35,,,,,,,,,,,,,
AL,UNNAMED,1886,8,36,18860916,600,,TS,21.0N,66.6W,35,,,,,,,,,,,,,
AL,UNNAMED,1886,8,36,18860916,1200,,TS,21.0N,67.7W,35,,,,,,,,,,,,,
AL,UNNAMED,1886,8,36,18860916,1800,,TS,21.0N,68.9W,35,,,,,,,,,,,,,
AL,UNNAMED,1886,8,36,18860917,0,,TS,21.0N,70.4W,40,,,,,,,,,,,,,
AL,UNNAMED,1886,8,36,18860917,600,,TS,21.0N,71.7W,40,,,,,,,,,,,,,
AL,UNNAMED,1886,8,36,18860917,1200,,TS,21.0N,73.0W,45,,,,,,,,,,,,,
AL,UNNAMED,1886,8,36,18860917,1800,,TS,21.0N,74.7W,45,,,,,,,,,,,,,
AL,UNNAMED,1886,8,36,18860918,0,,TS,21.0N,76.3W,40,,,,,,,,,,,,,
AL,UNNAMED,1886,8,36,18860918,600,,TS,21.0N,77.5W,35,,,,,,,,,,,,,
AL,UNNAMED,1886,8,36,18860918,1200,,TS,21.0N,79.0W,35,,,,,,,,,,,,,
AL,UNNAMED,1886,8,36,18860918,1800,,TS,21.2N,80.5W,40,,,,,,,,,,,,,
AL,UNNAMED,1886,8,36,18860919,0,,TS,21.3N,81.9W,45,,,,,,,,,,,,,
AL,UNNAMED,1886,8,36,18860919,600,,TS,21.4N,83.0W,50,,,,,,,,,,,,,
AL,UNNAMED,1886,8,36,18860919,1200,,TS,21.5N,84.3W,55,,,,,,,,,,,,,
AL,UNNAMED,1886,8,36,18860919,1800,,TS,21.7N,85.7W,60,,,,,,,,,,,,,
AL,UNNAMED,1886,8,36,18860920,0,,HU,22.0N,87.0W,65,,,,,,,,,,,,,
AL,UNNAMED,1886,8,36,18860920,600,,HU,22.2N,88.3W,70,,,,,,,,,,,,,
AL,UNNAMED,1886,8,36,18860920,1200,,HU,22.3N,89.7W,75,,,,,,,,,,,,,
AL,UNNAMED,1886,8,36,18860920,1800,,HU,22.3N,90.9W,80,,,,,,,,,,,,,
AL,UNNAMED,1886,8,36,18860921,0,,HU,22.3N,92.1W,85,,,,,,,,,,,,,
AL,UNNAMED,1886,8,36,18860921,600,,HU,22.4N,93.3W,85,,,,,,,,,,,,,
AL,UNNAMED,1886,8,36,18860921,1200,,HU,22.5N,94.7W,85,,,,,,,,,,,,,
AL,UNNAMED,1886,8,36,18860921,1800,,HU,22.8N,95.4W,85,,,,,,,,,,,,,
AL,UNNAMED,1886,8,36,18860922,0,,HU,23.4N,96.0W,85,,,,,,,,,,,,,
AL,UNNAMED,1886,8,36,18860922,600,,HU,24.0N,96.5W,85,,,,,,,,,,,,,
AL,UNNAMED,1886,8,36,18860922,1200,,HU,24.4N,96.7W,85,,,,,,,,,,,,,
AL,UNNAMED,1886,8,36,18860922,1800,,HU,24.9N,96.9W,85,,,,,,,,,,,,,
AL,UNNAMED,1886,8,36,18860923,0,,HU,25.4N,97.1W,85,,,,,,,,,,,,,
AL,UNNAMED,1886,8,36,18860923,600,,HU,25.9N,97.2W,85,,,,,,,,,,,,,
AL,UNNAMED,1886,8,36,18860923,1200,,HU,26.5N,97.4W,80,,,,,,,,,,,,,
AL,UNNAMED,1886,8,36,18860923,1800,,HU,27.1N,97.5W,75,,,,,,,,,,,,,
AL,UNNAMED,1886,8,36,18860924,0,,HU,27.8N,97.5W,70,,,,,,,,,,,,,
AL,UNNAMED,1886,8,36,18860924,600,,HU,28.5N,97.4W,65,,,,,,,,,,,,,
AL,UNNAMED,1886,8,36,18860924,1200,,TS,29.2N,97.3W,45,,,,,,,,,,,,,
AL,UNNAMED,1886,8,36,18860924,1800,,TD,30.0N,97.0W,30,,,,,,,,,,,,,
AL,UNNAMED,1886,9,36,18860922,0,,TS,22.9N,66.7W,50,,,,,,,,,,,,,
AL,UNNAMED,1886,9,36,18860922,600,,TS,23.2N,66.6W,50,,,,,,,,,,,,,
AL,UNNAMED,1886,9,36,18860922,1200,,TS,23.5N,66.5W,55,,,,,,,,,,,,,
AL,UNNAMED,1886,9,36,18860922,1800,,TS,23.7N,66.4W,55,,,,,,,,,,,,,
AL,UNNAMED,1886,9,36,18860923,0,,TS,24.0N,66.3W,60,,,,,,,,,,,,,
AL,UNNAMED,1886,9,36,18860923,600,,HU,24.4N,66.1W,65,,,,,,,,,,,,,
AL,UNNAMED,1886,9,36,18860923,1200,,HU,24.7N,66.0W,70,,,,,,,,,,,,,
AL,UNNAMED,1886,9,36,18860923,1800,,HU,24.8N,66.0W,75,,,,,,,,,,,,,
AL,UNNAMED,1886,9,36,18860924,0,,HU,25.0N,65.9W,80,,,,,,,,,,,,,
AL,UNNAMED,1886,9,36,18860924,600,,HU,25.2N,65.7W,85,,,,,,,,,,,,,
AL,UNNAMED,1886,9,36,18860924,1200,,HU,25.3N,65.5W,85,,,,,,,,,,,,,
AL,UNNAMED,1886,9,36,18860924,1800,,HU,25.4N,65.4W,85,,,,,,,,,,,,,
AL,UNNAMED,1886,9,36,18860925,0,,HU,25.5N,65.2W,85,,,,,,,,,,,,,
AL,UNNAMED,1886,9,36,18860925,600,,HU,25.7N,65.0W,85,,,,,,,,,,,,,
AL,UNNAMED,1886,9,36,18860925,1200,,HU,25.8N,65.0W,85,,,,,,,,,,,,,
AL,UNNAMED,1886,9,36,18860925,1800,,HU,26.0N,65.0W,85,,,,,,,,,,,,,
AL,UNNAMED,1886,9,36,18860926,0,,HU,26.1N,65.1W,85,,,,,,,,,,,,,
AL,UNNAMED,1886,9,36,18860926,600,,HU,26.2N,65.2W,85,,,,,,,,,,,,,
AL,UNNAMED,1886,9,36,18860926,1200,,HU,26.3N,65.3W,85,,,,,,,,,,,,,
AL,UNNAMED,1886,9,36,18860926,1800,,HU,26.6N,65.7W,85,,,,,,,,,,,,,
AL,UNNAMED,1886,9,36,18860927,0,,HU,26.7N,66.0W,85,,,,,,,,,,,,,
AL,UNNAMED,1886,9,36,18860927,600,,HU,26.8N,66.3W,85,,,,,,,,,,,,,
AL,UNNAMED,1886,9,36,18860927,1200,,HU,27.0N,67.0W,85,,,,,,,,,,,,,
AL,UNNAMED,1886,9,36,18860927,1800,,HU,27.2N,67.4W,85,,,,,,,,,,,,,
AL,UNNAMED,1886,9,36,18860928,0,,HU,27.5N,67.9W,85,,,,,,,,,,,,,
AL,UNNAMED,1886,9,36,18860928,600,,HU,27.9N,68.3W,85,,,,,,,,,,,,,
AL,UNNAMED,1886,9,36,18860928,1200,,HU,28.3N,68.7W,85,,,,,,,,,,,,,
AL,UNNAMED,1886,9,36,18860928,1800,,HU,28.8N,68.9W,85,,,,,,,,,,,,,
AL,UNNAMED,1886,9,36,18860929,0,,HU,29.2N,69.1W,85,,,,,,,,,,,,,
AL,UNNAMED,1886,9,36,18860929,600,,HU,29.7N,69.2W,85,,,,,,,,,,,,,
AL,UNNAMED,1886,9,36,18860929,1200,,HU,30.0N,69.3W,85,,,,,,,,,,,,,
AL,UNNAMED,1886,9,36,18860929,1800,,HU,30.5N,69.5W,85,,,,,,,,,,,,,
AL,UNNAMED,1886,9,36,18860930,0,,HU,31.0N,69.7W,80,,,,,,,,,,,,,
AL,UNNAMED,1886,9,36,18860930,600,,HU,31.4N,69.9W,75,,,,,,,,,,,,,
AL,UNNAMED,1886,9,36,18860930,1200,,TS,31.7N,70.0W,50,,,,,,,,,,,,,
AL,UNNAMED,1886,9,36,18860930,1800,,TS,32.2N,70.1W,35,,,,,,,,,,,,,
AL,UNNAMED,1886,10,25,18861008,0,,TS,19.9N,82.5W,50,,,,,,,,,,,,,
AL,UNNAMED,1886,10,25,18861008,600,,TS,20.3N,83.0W,55,,,,,,,,,,,,,
AL,UNNAMED,1886,10,25,18861008,1200,,TS,20.8N,83.3W,60,,,,,,,,,,,,,
AL,UNNAMED,1886,10,25,18861008,1800,,HU,21.2N,83.7W,65,,,,,,,,,,,,,
AL,UNNAMED,1886,10,25,18861009,0,,HU,21.7N,84.1W,65,,,,,,,,,,,,,
AL,UNNAMED,1886,10,25,18861009,600,,TS,22.2N,84.4W,60,,,,,,,,,,,,,
AL,UNNAMED,1886,10,25,18861009,1200,,TS,22.7N,84.8W,60,,,,,,,,,,,,,
AL,UNNAMED,1886,10,25,18861009,1800,,HU,23.3N,85.1W,65,,,,,,,,,,,,,
AL,UNNAMED,1886,10,25,18861010,0,,HU,23.9N,85.4W,65,,,,,,,,,,,,,
AL,UNNAMED,1886,10,25,18861010,600,,HU,24.6N,85.7W,70,,,,,,,,,,,,,
AL,UNNAMED,1886,10,25,18861010,1200,,HU,25.2N,86.0W,75,,,,,,,,,,,,,
AL,UNNAMED,1886,10,25,18861010,1800,,HU,25.7N,86.4W,80,,,,,,,,,,,,,
AL,UNNAMED,1886,10,25,18861011,0,,HU,26.2N,86.9W,85,,,,,,,,,,,,,
AL,UNNAMED,1886,10,25,18861011,600,,HU,26.7N,87.5W,90,,,,,,,,,,,,,
AL,UNNAMED,1886,10,25,18861011,1200,,HU,27.2N,88.1W,95,,,,,,,,,,,,,
AL,UNNAMED,1886,10,25,18861011,1800,,HU,27.6N,89.0W,100,,,,,,,,,,,,,
AL,UNNAMED,1886,10,25,18861012,0,,HU,27.9N,90.3W,105,,,,,,,,,,,,,
AL,UNNAMED,1886,10,25,18861012,600,,HU,28.2N,91.7W,105,,,,,,,,,,,,,
AL,UNNAMED,1886,10,25,18861012,1200,,HU,28.6N,92.7W,105,,,,,,,,,,,,,
AL,UNNAMED,1886,10,25,18861012,1800,,HU,29.2N,93.3W,105,,,,,,,,,,,,,
AL,UNNAMED,1886,10,25,18861012,2200,L,HU,29.8N,93.5W,105,,,,,,,,,,,,,
AL,UNNAMED,1886,10,25,18861013,0,,HU,30.1N,93.6W,75,,,,,,,,,,,,,
AL,UNNAMED,1886,10,25,18861013,600,,HU,31.1N,93.7W,65,,,,,,,,,,,,,
AL,UNNAMED,1886,10,25,18861013,1200,,TS,32.3N,93.5W,50,,,,,,,,,,,,,
AL,UNNAMED,1886,10,25,18861013,1800,,TS,33.2N,92.9W,35,,,,,,,,,,,,,
AL,UNNAMED,1886,11,24,18861010,0,,TS,29.1N,60.5W,35,,,,,,,,,,,,,
AL,UNNAMED,1886,11,24,18861010,600,,TS,29.5N,60.3W,35,,,,,,,,,,,,,
AL,UNNAMED,1886,11,24,18861010,1200,,TS,30.0N,60.0W,35,,,,,,,,,,,,,
AL,UNNAMED,1886,11,24,18861010,1800,,TS,30.4N,59.8W,35,,,,,,,,,,,,,
AL,UNNAMED,1886,11,24,18861011,0,,TS,30.7N,59.7W,40,,,,,,,,,,,,,
AL,UNNAMED,1886,11,24,18861011,600,,TS,31.1N,59.5W,40,,,,,,,,,,,,,
AL,UNNAMED,1886,11,24,18861011,1200,,TS,31.3N,59.3W,40,,,,,,,,,,,,,
AL,UNNAMED,1886,11,24,18861011,1800,,TS,31.6N,59.0W,40,,,,,,,,,,,,,
AL,UNNAMED,1886,11,24,18861012,0,,TS,31.8N,58.7W,40,,,,,,,,,,,,,
AL,UNNAMED,1886,11,24,18861012,600,,TS,32.1N,58.4W,40,,,,,,,,,,,,,
AL,UNNAMED,1886,11,24,18861012,1200,,TS,32.5N,58.0W,40,,,,,,,,,,,,,
AL,UNNAMED,1886,11,24,18861012,1800,,TS,32.8N,57.6W,40,,,,,,,,,,,,,
AL,UNNAMED,1886,11,24,18861013,0,,TS,33.1N,57.1W,45,,,,,,,,,,,,,
AL,UNNAMED,1886,11,24,18861013,600,,TS,33.4N,56.6W,45,,,,,,,,,,,,,
AL,UNNAMED,1886,11,24,18861013,1200,,TS,33.7N,56.0W,45,,,,,,,,,,,,,
AL,UNNAMED,1886,11,24,18861013,1800,,TS,34.0N,55.3W,45,,,,,,,,,,,,,
AL,UNNAMED,1886,11,24,18861014,0,,TS,34.3N,54.5W,45,,,,,,,,,,,,,
AL,UNNAMED,1886,11,24,18861014,600,,TS,34.5N,53.9W,45,,,,,,,,,,,,,
AL,UNNAMED,1886,11,24,18861014,1200,,TS,34.7N,53.0W,45,,,,,,,,,,,,,
AL,UNNAMED,1886,11,24,18861014,1800,,TS,34.8N,51.7W,45,,,,,,,,,,,,,
AL,UNNAMED,1886,11,24,18861015,0,,TS,35.0N,50.2W,40,,,,,,,,,,,,,
AL,UNNAMED,1886,11,24,18861015,600,,TS,35.0N,48.4W,40,,,,,,,,,,,,,
AL,UNNAMED,1886,11,24,18861015,1200,,TS,35.0N,47.0W,35,,,,,,,,,,,,,
AL,UNNAMED,1886,11,24,18861015,1800,,TS,35.0N,45.9W,35,,,,,,,,,,,,,
AL,UNNAMED,1886,12,21,18861021,1800,,TS,17.8N,73.0W,35,,,,,,,,,,,,,
AL,UNNAMED,1886,12,21,18861022,0,,TS,18.7N,72.7W,35,,,,,,,,,,,,,
AL,UNNAMED,1886,12,21,18861022,600,,TS,19.6N,72.4W,35,,,,,,,,,,,,,
AL,UNNAMED,1886,12,21,18861022,1200,,TS,20.5N,72.0W,35,,,,,,,,,,,,,
AL,UNNAMED,1886,12,21,18861022,1800,,TS,21.2N,71.5W,40,,,,,,,,,,,,,
AL,UNNAMED,1886,12,21,18861023,0,,TS,21.9N,70.8W,45,,,,,,,,,,,,,
AL,UNNAMED,1886,12,21,18861023,600,,TS,22.7N,69.9W,50,,,,,,,,,,,,,
AL,UNNAMED,1886,12,21,18861023,1200,,TS,23.7N,68.7W,55,,,,,,,,,,,,,
AL,UNNAMED,1886,12,21,18861023,1800,,TS,24.4N,67.5W,60,,,,,,,,,,,,,
AL,UNNAMED,1886,12,21,18861024,0,,TS,24.9N,66.6W,60,,,,,,,,,,,,,
AL,UNNAMED,1886,12,21,18861024,600,,TS,25.3N,65.7W,60,,,,,,,,,,,,,
AL,UNNAMED,1886,12,21,18861024,1200,,TS,25.7N,64.5W,60,,,,,,,,,,,,,
AL,UNNAMED,1886,12,21,18861024,1800,,TS,26.0N,63.4W,60,,,,,,,,,,,,,
AL,UNNAMED,1886,12,21,18861025,0,,TS,26.4N,62.6W,55,,,,,,,,,,,,,
AL,UNNAMED,1886,12,21,18861025,600,,TS,26.7N,61.7W,50,,,,,,,,,,,,,
AL,UNNAMED,1886,12,21,18861025,1200,,TS,27.0N,60.7W,45,,,,,,,,,,,,,
AL,UNNAMED,1886,12,21,18861025,1800,,TS,27.2N,59.7W,45,,,,,,,,,,,,,
AL,UNNAMED,1886,12,21,18861026,0,,TS,27.4N,58.9W,40,,,,,,,,,,,,,
AL,UNNAMED,1886,12,21,18861026,600,,TS,27.5N,58.1W,40,,,,,,,,,,,,,
AL,UNNAMED,1886,12,21,18861026,1200,,TS,27.7N,57.0W,35,,,,,,,,,,,,,
AL,UNNAMED,1886,12,21,18861026,1800,,TS,27.9N,56.0W,35,,,,,,,,,,,,,
AL,UNNAMED,1887,1,22,18870515,0,,TS,29.3N,63.8W,35,,,,,,,,,,,,,
AL,UNNAMED,1887,1,22,18870515,600,,TS,29.8N,64.2W,35,,,,,,,,,,,,,
AL,UNNAMED,1887,1,22,18870515,1200,,TS,30.3N,64.7W,40,,,,,,,,,,,,,
AL,UNNAMED,1887,1,22,18870515,1800,,TS,30.8N,65.2W,40,,,,,,,,,,,,,
AL,UNNAMED,1887,1,22,18870516,0,,TS,31.3N,65.5W,45,,,,,,,,,,,,,
AL,UNNAMED,1887,1,22,18870516,600,,TS,31.8N,65.7W,50,,,,,,,,,,,,,
AL,UNNAMED,1887,1,22,18870516,1200,,TS,32.3N,66.0W,55,,,,,,,,,,,,,
AL,UNNAMED,1887,1,22,18870516,1800,,TS,32.7N,66.3W,60,,,,,,,,,,,,,
AL,UNNAMED,1887,1,22,18870517,0,,TS,33.2N,66.5W,60,,,,,,,,,,,,,
AL,UNNAMED,1887,1,22,18870517,600,,TS,33.7N,66.7W,60,,,,,,,,,,,,,
AL,UNNAMED,1887,1,22,18870517,1200,,TS,34.3N,66.7W,60,,,,,,,,,,,,,
AL,UNNAMED,1887,1,22,18870517,1800,,TS,34.9N,66.7W,55,,,,,,,,,,,,,
AL,UNNAMED,1887,1,22,18870518,0,,TS,35.4N,66.7W,50,,,,,,,,,,,,,
AL,UNNAMED,1887,1,22,18870518,600,,TS,35.9N,66.7W,45,,,,,,,,,,,,,
AL,UNNAMED,1887,1,22,18870518,1200,,EX,36.5N,66.7W,40,,,,,,,,,,,,,
AL,UNNAMED,1887,1,22,18870518,1800,,EX,37.7N,66.7W,40,,,,,,,,,,,,,
AL,UNNAMED,1887,1,22,18870519,0,,EX,39.5N,66.4W,40,,,,,,,,,,,,,
AL,UNNAMED,1887,1,22,18870519,600,,EX,41.1N,65.8W,35,,,,,,,,,,,,,
AL,UNNAMED,1887,1,22,18870519,1200,,EX,42.3N,65.0W,35,,,,,,,,,,,,,
AL,UNNAMED,1887,1,22,18870519,1800,,EX,44.0N,63.5W,35,,,,,,,,,,,,,
AL,UNNAMED,1887,1,22,18870520,0,,EX,47.0N,60.5W,35,,,,,,,,,,,,,
AL,UNNAMED,1887,1,22,18870520,600,,EX,51.0N,55.5W,35,,,,,,,,,,,,,
AL,UNNAMED,1887,2,20,18870517,0,,TS,15.6N,76.9W,35,,,,,,,,,,,,,
AL,UNNAMED,1887,2,20,18870517,600,,TS,16.0N,77.2W,35,,,,,,,,,,,,,
AL,UNNAMED,1887,2,20,18870517,1200,,TS,16.5N,77.5W,40,,,,,,,,,,,,,
AL,UNNAMED,1887,2,20,18870517,1800,,TS,17.1N,77.9W,40,,,,,,,,,,,,,
AL,UNNAMED,1887,2,20,18870518,0,,TS,17.7N,78.3W,45,,,,,,,,,,,,,
AL,UNNAMED,1887,2,20,18870518,600,,TS,18.3N,78.6W,45,,,,,,,,,,,,,
AL,UNNAMED,1887,2,20,18870518,1200,,TS,18.9N,78.7W,50,,,,,,,,,,,,,
AL,UNNAMED,1887,2,20,18870518,1800,,TS,19.5N,78.7W,50,,,,,,,,,,,,,
AL,UNNAMED,1887,2,20,18870519,0,,TS,20.3N,78.4W,50,,,,,,,,,,,,,
AL,UNNAMED,1887,2,20,18870519,600,,TS,21.3N,78.0W,40,,,,,,,,,,,,,
AL,UNNAMED,1887,2,20,18870519,1200,,TS,22.0N,77.5W,35,,,,,,,,,,,,,
AL,UNNAMED,1887,2,20,18870519,1800,,TS,22.6N,77.0W,35,,,,,,,,,,,,,
AL,UNNAMED,1887,2,20,18870520,0,,TS,23.2N,76.5W,40,,,,,,,,,,,,,
AL,UNNAMED,1887,2,20,18870520,600,,TS,23.6N,75.8W,45,,,,,,,,,,,,,
AL,UNNAMED,1887,2,20,18870520,1200,,TS,24.0N,74.8W,45,,,,,,,,,,,,,
AL,UNNAMED,1887,2,20,18870520,1800,,TS,24.5N,73.8W,50,,,,,,,,,,,,,
AL,UNNAMED,1887,2,20,18870521,0,,TS,25.2N,72.8W,50,,,,,,,,,,,,,
AL,UNNAMED,1887,2,20,18870521,600,,TS,26.1N,71.8W,50,,,,,,,,,,,,,
AL,UNNAMED,1887,2,20,18870521,1200,,TS,27.1N,70.8W,45,,,,,,,,,,,,,
AL,UNNAMED,1887,2,20,18870521,1800,,TS,28.2N,70.3W,35,,,,,,,,,,,,,
AL,UNNAMED,1887,3,15,18870611,1200,,TD,20.5N,84.0W,30,,,,,,,,,,,,,
AL,UNNAMED,1887,3,15,18870611,1800,,TD,21.2N,84.7W,30,,,,,,,,,,,,,
AL,UNNAMED,1887,3,15,18870612,0,,TD,21.9N,85.3W,30,,,,,,,,,,,,,
AL,UNNAMED,1887,3,15,18870612,600,,TS,22.7N,85.9W,35,,,,,,,,,,,,,
AL,UNNAMED,1887,3,15,18870612,1200,,TS,23.5N,86.5W,35,,,,,,,,,,,,,
AL,UNNAMED,1887,3,15,18870612,1800,,TS,24.3N,86.9W,35,,,,,,,,,,,,,
AL,UNNAMED,1887,3,15,18870613,0,,TS,25.1N,87.3W,35,,,,,,,,,,,,,
AL,UNNAMED,1887,3,15,18870613,600,,TS,26.0N,87.7W,35,,,,,,,,,,,,,
AL,UNNAMED,1887,3,15,18870613,1200,,TS,27.0N,88.0W,35,,,,,,,,,,,,,
AL,UNNAMED,1887,3,15,18870613,1800,,TS,28.0N,88.3W,35,,,,,,,,,,,,,
AL,UNNAMED,1887,3,15,18870614,0,,TS,29.0N,88.5W,35,,,,,,,,,,,,,
AL,UNNAMED,1887,3,15,18870614,600,,TS,30.0N,88.7W,35,,,,,,,,,,,,,
AL,UNNAMED,1887,3,15,18870614,700,L,TS,30.2N,88.7W,35,,,,,,,,,,,,,
AL,UNNAMED,1887,3,15,18870614,1200,,TD,31.0N,88.8W,30,,,,,,,,,,,,,
AL,UNNAMED,1887,3,15,18870614,1800,,TD,32.0N,88.8W,30,,,,,,,,,,,,,
AL,UNNAMED,1887,4,37,18870720,0,,TS,12.0N,57.6W,60,,,,,,,,,,,,,
AL,UNNAMED,1887,4,37,18870720,600,,TS,12.1N,59.2W,60,,,,,,,,,,,,,
AL,UNNAMED,1887,4,37,18870720,1200,,TS,12.3N,61.0W,60,,,,,,,,,,,,,
AL,UNNAMED,1887,4,37,18870720,1800,,TS,12.5N,62.4W,60,,,,,,,,,,,,,
AL,UNNAMED,1887,4,37,18870721,0,,TS,12.7N,63.6W,60,,,,,,,,,,,,,
AL,UNNAMED,1887,4,37,18870721,600,,HU,12.9N,64.9W,70,,,,,,,,,,,,,
AL,UNNAMED,1887,4,37,18870721,1200,,HU,13.2N,66.3W,75,,,,,,,,,,,,,
AL,UNNAMED,1887,4,37,18870721,1800,,HU,13.4N,67.6W,75,,,,,,,,,,,,,
AL,UNNAMED,1887,4,37,18870722,0,,HU,13.7N,68.9W,80,,,,,,,,,,,,,
AL,UNNAMED,1887,4,37,18870722,600,,HU,14.0N,70.2W,80,,,,,,,,,,,,,
AL,UNNAMED,1887,4,37,18870722,1200,,HU,14.2N,71.4W,85,,,,,,,,,,,,,
AL,UNNAMED,1887,4,37,18870722,1800,,HU,14.4N,72.6W,85,,,,,,,,,,,,,
AL,UNNAMED,1887,4,37,18870723,0,,HU,14.6N,73.8W,85,,,,,,,,,,,,,
AL,UNNAMED,1887,4,37,18870723,600,,HU,14.7N,75.0W,85,,,,,,,,,,,,,
AL,UNNAMED,1887,4,37,18870723,1200,,HU,15.0N,76.5W,85,,,,,,,,,,,,,
AL,UNNAMED,1887,4,37,18870723,1800,,HU,15.1N,77.4W,85,,,,,,,,,,,,,
AL,UNNAMED,1887,4,37,18870724,0,,HU,15.3N,78.8W,85,,,,,,,,,,,,,
AL,UNNAMED,1887,4,37,18870724,600,,HU,15.6N,80.3W,85,,,,,,,,,,,,,
AL,UNNAMED,1887,4,37,18870724,1200,,HU,16.1N,81.7W,85,,,,,,,,,,,,,
AL,UNNAMED,1887,4,37,18870724,1800,,HU,16.9N,84.0W,85,,,,,,,,,,,,,
AL,UNNAMED,1887,4,37,18870725,0,,HU,17.9N,85.5W,85,,,,,,,,,,,,,
AL,UNNAMED,1887,4,37,18870725,600,,HU,18.9N,86.2W,85,,,,,,,,,,,,,
AL,UNNAMED,1887,4,37,18870725,1200,,HU,20.2N,86.9W,85,,,,,,,,,,,,,
AL,UNNAMED,1887,4,37,18870725,1800,,HU,21.5N,87.2W,75,,,,,,,,,,,,,
AL,UNNAMED,1887,4,37,18870726,0,,HU,22.7N,87.3W,75,,,,,,,,,,,,,
AL,UNNAMED,1887,4,37,18870726,600,,HU,23.9N,87.5W,75,,,,,,,,,,,,,
AL,UNNAMED,1887,4,37,18870726,1200,,HU,25.1N,87.6W,75,,,,,,,,,,,,,
AL,UNNAMED,1887,4,37,18870726,1800,,HU,26.3N,87.7W,75,,,,,,,,,,,,,
AL,UNNAMED,1887,4,37,18870727,0,,HU,27.5N,87.6W,75,,,,,,,,,,,,,
AL,UNNAMED,1887,4,37,18870727,600,,HU,28.7N,87.2W,75,,,,,,,,,,,,,
AL,UNNAMED,1887,4,37,18870727,1200,,HU,29.9N,86.8W,75,,,,,,,,,,,,,
AL,UNNAMED,1887,4,37,18870727,1500,L,HU,30.4N,86.6W,75,,,,,,,,,,,,,
AL,UNNAMED,1887,4,37,18870727,1800,,HU,30.9N,86.3W,65,,,,,,,,,,,,,
AL,UNNAMED,1887,4,37,18870728,0,,TS,31.7N,85.8W,50,,,,,,,,,,,,,
AL,UNNAMED,1887,4,37,18870728,600,,TS,32.3N,85.4W,40,,,,,,,,,,,,,
AL,UNNAMED,1887,4,37,18870728,1200,,TS,32.8N,85.0W,35,,,,,,,,,,,,,
AL,UNNAMED,1887,4,37,18870728,1800,,TD,33.6N,84.4W,30,,,,,,,,,,,,,
AL,UNNAMED,1887,5,36,18870730,600,,TS,9.9N,50.1W,35,,,,,,,,,,,,,
AL,UNNAMED,1887,5,36,18870730,1200,,TS,10.0N,51.1W,35,,,,,,,,,,,,,
AL,UNNAMED,1887,5,36,18870730,1800,,TS,10.3N,52.2W,35,,,,,,,,,,,,,
AL,UNNAMED,1887,5,36,18870731,0,,TS,10.5N,53.2W,35,,,,,,,,,,,,,
AL,UNNAMED,1887,5,36,18870731,600,,TS,10.8N,54.2W,40,,,,,,,,,,,,,
AL,UNNAMED,1887,5,36,18870731,1200,,TS,11.0N,55.0W,40,,,,,,,,,,,,,
AL,UNNAMED,1887,5,36,18870731,1800,,TS,11.2N,55.7W,40,,,,,,,,,,,,,
AL,UNNAMED,1887,5,36,18870801,0,,TS,11.3N,56.2W,40,,,,,,,,,,,,,
AL,UNNAMED,1887,5,36,18870801,600,,TS,11.5N,56.7W,40,,,,,,,,,,,,,
AL,UNNAMED,1887,5,36,18870801,1200,,TS,11.7N,57.4W,40,,,,,,,,,,,,,
AL,UNNAMED,1887,5,36,18870801,1800,,TS,12.1N,58.4W,45,,,,,,,,,,,,,
AL,UNNAMED,1887,5,36,18870802,0,,TS,12.5N,59.5W,45,,,,,,,,,,,,,
AL,UNNAMED,1887,5,36,18870802,600,,TS,12.9N,60.6W,45,,,,,,,,,,,,,
AL,UNNAMED,1887,5,36,18870802,1200,,TS,13.3N,61.5W,45,,,,,,,,,,,,,
AL,UNNAMED,1887,5,36,18870802,1800,,TS,13.6N,62.3W,50,,,,,,,,,,,,,
AL,UNNAMED,1887,5,36,18870803,0,,TS,14.0N,63.2W,50,,,,,,,,,,,,,
AL,UNNAMED,1887,5,36,18870803,600,,TS,14.3N,64.0W,50,,,,,,,,,,,,,
AL,UNNAMED,1887,5,36,18870803,1200,,TS,14.6N,64.8W,50,,,,,,,,,,,,,
AL,UNNAMED,1887,5,36,18870803,1800,,TS,14.9N,65.6W,50,,,,,,,,,,,,,
AL,UNNAMED,1887,5,36,18870804,0,,TS,15.2N,66.4W,50,,,,,,,,,,,,,
AL,UNNAMED,1887,5,36,18870804,600,,TS,15.5N,67.2W,50,,,,,,,,,,,,,
AL,UNNAMED,1887,5,36,18870804,1200,,TS,15.8N,68.0W,50,,,,,,,,,,,,,
AL,UNNAMED,1887,5,36,18870804,1800,,TS,16.1N,68.8W,50,,,,,,,,,,,,,
AL,UNNAMED,1887,5,36,18870805,0,,TS,16.4N,69.5W,50,,,,,,,,,,,,,
AL,UNNAMED,1887,5,36,18870805,600,,TS,16.7N,70.2W,45,,,,,,,,,,,,,
AL,UNNAMED,1887,5,36,18870805,1200,,TS,17.0N,71.0W,45,,,,,,,,,,,,,
AL,UNNAMED,1887,5,36,18870805,1800,,TS,17.4N,72.0W,45,,,,,,,,,,,,,
AL,UNNAMED,1887,5,36,18870806,0,,TS,17.8N,73.2W,45,,,,,,,,,,,,,
AL,UNNAMED,1887,5,36,18870806,600,,TS,18.4N,74.5W,40,,,,,,,,,,,,,
AL,UNNAMED,1887,5,36,18870806,1200,,TS,19.0N,76.0W,40,,,,,,,,,,,,,
AL,UNNAMED,1887,5,36,18870806,1800,,TS,19.5N,77.1W,40,,,,,,,,,,,,,
AL,UNNAMED,1887,5,36,18870807,0,,TS,20.0N,78.5W,35,,,,,,,,,,,,,
AL,UNNAMED,1887,5,36,18870807,600,,TS,20.6N,79.9W,35,,,,,,,,,,,,,
AL,UNNAMED,1887,5,36,18870807,1200,,TS,21.0N,81.0W,35,,,,,,,,,,,,,
AL,UNNAMED,1887,5,36,18870807,1800,,TS,21.3N,82.7W,35,,,,,,,,,,,,,
AL,UNNAMED,1887,5,36,18870808,0,,TS,21.4N,84.0W,35,,,,,,,,,,,,,
AL,UNNAMED,1887,6,38,18870814,1200,,TS,17.0N,59.0W,35,,,,,,,,,,,,,
AL,UNNAMED,1887,6,38,18870814,1800,,TS,18.0N,60.0W,35,,,,,,,,,,,,,
AL,UNNAMED,1887,6,38,18870815,0,,TS,19.0N,61.0W,35,,,,,,,,,,,,,
AL,UNNAMED,1887,6,38,18870815,600,,TS,20.0N,62.2W,35,,,,,,,,,,,,,
AL,UNNAMED,1887,6,38,18870815,1200,,TS,21.0N,63.4W,35,,,,,,,,,,,,,
AL,UNNAMED,1887,6,38,18870815,1800,,TS,21.8N,64.6W,40,,,,,,,,,,,,,
AL,UNNAMED,1887,6,38,18870816,0,,TS,22.4N,65.8W,40,,,,,,,,,,,,,
AL,UNNAMED,1887,6,38,18870816,600,,TS,22.9N,66.9W,45,,,,,,,,,,,,,
AL,UNNAMED,1887,6,38,18870816,1200,,TS,23.4N,68.0W,50,,,,,,,,,,,,,
AL,UNNAMED,1887,6,38,18870816,1800,,TS,23.8N,69.1W,50,,,,,,,,,,,,,
AL,UNNAMED,1887,6,38,18870817,0,,TS,24.2N,70.2W,55,,,,,,,,,,,,,
AL,UNNAMED,1887,6,38,18870817,600,,TS,24.6N,71.3W,60,,,,,,,,,,,,,
AL,UNNAMED,1887,6,38,18870817,1200,,HU,25.0N,72.5W,65,,,,,,,,,,,,,
AL,UNNAMED,1887,6,38,18870817,1800,,HU,25.5N,73.8W,70,,,,,,,,,,,,,
AL,UNNAMED,1887,6,38,18870818,0,,HU,26.0N,74.9W,75,,,,,,,,,,,,,
AL,UNNAMED,1887,6,38,18870818,600,,HU,26.5N,75.8W,80,,,,,,,,,,,,,
AL,UNNAMED,1887,6,38,18870818,1200,,HU,27.0N,76.7W,85,,,,,,,,,,,,,
AL,UNNAMED,1887,6,38,18870818,1800,,HU,27.6N,77.5W,90,,,,,,,,,,,,,
AL,UNNAMED,1887,6,38,18870819,0,,HU,28.1N,78.2W,90,,,,,,,,,,,,,
AL,UNNAMED,1887,6,38,18870819,600,,HU,28.6N,78.8W,95,,,,,,,,,,,,,
AL,UNNAMED,1887,6,38,18870819,1200,,HU,29.5N,79.0W,100,,,,,,,,,,,,,
AL,UNNAMED,1887,6,38,18870819,1800,,HU,30.9N,78.8W,100,,,,,,,,,,,,,
AL,UNNAMED,1887,6,38,18870820,0,,HU,32.4N,78.0W,100,,,,,,,,,,,,,
AL,UNNAMED,1887,6,38,18870820,600,,HU,33.6N,76.7W,105,,,,,,,,,,,,,
AL,UNNAMED,1887,6,38,18870820,1200,,HU,35.0N,75.0W,105,,,,,,,,,,,,,
AL,UNNAMED,1887,6,38,18870820,1800,,HU,36.7N,73.1W,105,,,,,,,,,,,,,
AL,UNNAMED,1887,6,38,18870821,0,,HU,38.2N,70.9W,100,,,,,,,,,,,,,
AL,UNNAMED,1887,6,38,18870821,600,,HU,39.8N,68.4W,95,,,,,,,,,,,,,
AL,UNNAMED,1887,6,38,18870821,1200,,HU,41.0N,66.0W,90,,,,,,,,,,,,,
AL,UNNAMED,1887,6,38,18870821,1800,,HU,42.0N,62.0W,80,,,,,,,,,,,,,
AL,UNNAMED,1887,6,38,18870822,0,,HU,42.8N,57.7W,75,,,,,,,,,,,,,
AL,UNNAMED,1887,6,38,18870822,600,,HU,43.4N,53.6W,70,,,,,,,,,,,,,
AL,UNNAMED,1887,6,38,18870822,1200,,EX,44.0N,49.5W,70,,,,,,,,,,,,,
AL,UNNAMED,1887,6,38,18870822,1800,,EX,44.9N,45.6W,75,,,,,,,,,,,,,
AL,UNNAMED,1887,6,38,18870823,0,,EX,46.0N,42.0W,70,,,,,,,,,,,,,
AL,UNNAMED,1887,6,38,18870823,600,,EX,47.6N,38.6W,70,,,,,,,,,,,,,
AL,UNNAMED,1887,6,38,18870823,1200,,EX,49.0N,35.0W,70,972,,,,,,,,,,,,
AL,UNNAMED,1887,6,38,18870823,1800,,EX,50.6N,30.0W,70,,,,,,,,,,,,,
AL,UNNAMED,1887,7,39,18870818,600,,TS,18.0N,60.0W,35,,,,,,,,,,,,,
AL,UNNAMED,1887,7,39,18870818,1200,,TS,18.8N,61.0W,35,,,,,,,,,,,,,
AL,UNNAMED,1887,7,39,18870818,1800,,TS,19.6N,62.0W,35,,,,,,,,,,,,,
AL,UNNAMED,1887,7,39,18870819,0,,TS,20.4N,63.2W,40,,,,,,,,,,,,,
AL,UNNAMED,1887,7,39,18870819,600,,TS,21.2N,64.5W,45,,,,,,,,,,,,,
AL,UNNAMED,1887,7,39,18870819,1200,,TS,22.0N,66.0W,50,,,,,,,,,,,,,
AL,UNNAMED,1887,7,39,18870819,1800,,TS,22.8N,67.5W,50,,,,,,,,,,,,,
AL,UNNAMED,1887,7,39,18870820,0,,TS,23.6N,69.0W,55,,,,,,,,,,,,,
AL,UNNAMED,1887,7,39,18870820,600,,TS,24.3N,70.5W,55,,,,,,,,,,,,,
AL,UNNAMED,1887,7,39,18870820,1200,,TS,25.0N,72.0W,60,,,,,,,,,,,,,
AL,UNNAMED,1887,7,39,18870820,1800,,TS,25.5N,73.3W,60,,,,,,,,,,,,,
AL,UNNAMED,1887,7,39,18870821,0,,HU,25.9N,74.4W,65,,,,,,,,,,,,,
AL,UNNAMED,1887,7,39,18870821,600,,HU,26.1N,75.3W,75,,,,,,,,,,,,,
AL,UNNAMED,1887,7,39,18870821,1200,,HU,26.3N,76.0W,85,,,,,,,,,,,,,
AL,UNNAMED,1887,7,39,18870821,1800,,HU,26.4N,76.6W,95,,,,,,,,,,,,,
AL,UNNAMED,1887,7,39,18870822,0,,HU,26.5N,77.2W,105,,,,,,,,,,,,,
AL,UNNAMED,1887,7,39,18870822,600,,HU,26.6N,77.8W,110,,,,,,,,,,,,,
AL,UNNAMED,1887,7,39,18870822,1200,,HU,27.0N,78.3W,110,,,,,,,,,,,,,
AL,UNNAMED,1887,7,39,18870822,1800,,HU,27.8N,78.6W,110,,,,,,,,,,,,,
AL,UNNAMED,1887,7,39,18870823,0,,HU,28.6N,78.7W,110,,,,,,,,,,,,,
AL,UNNAMED,1887,7,39,18870823,600,,HU,29.3N,78.6W,110,,,,,,,,,,,,,
AL,UNNAMED,1887,7,39,18870823,1200,,HU,30.0N,78.5W,110,,,,,,,,,,,,,
AL,UNNAMED,1887,7,39,18870823,1800,,HU,30.7N,78.4W,110,,,,,,,,,,,,,
AL,UNNAMED,1887,7,39,18870824,0,,HU,31.4N,78.2W,110,,,,,,,,,,,,,
AL,UNNAMED,1887,7,39,18870824,600,,HU,31.8N,78.0W,110,,,,,,,,,,,,,
AL,UNNAMED,1887,7,39,18870824,1200,,HU,32.3N,77.7W,110,,,,,,,,,,,,,
AL,UNNAMED,1887,7,39,18870824,1800,,HU,33.3N,76.7W,110,,,,,,,,,,,,,
AL,UNNAMED,1887,7,39,18870825,0,,HU,34.2N,75.6W,110,,,,,,,,,,,,,
AL,UNNAMED,1887,7,39,18870825,600,,HU,35.0N,74.4W,110,,,,,,,,,,,,,
AL,UNNAMED,1887,7,39,18870825,1200,,HU,35.7N,73.3W,110,,,,,,,,,,,,,
AL,UNNAMED,1887,7,39,18870825,1800,,HU,36.7N,71.3W,110,,,,,,,,,,,,,
AL,UNNAMED,1887,7,39,18870826,0,,HU,37.9N,69.1W,105,,,,,,,,,,,,,
AL,UNNAMED,1887,7,39,18870826,600,,HU,39.0N,66.3W,105,,,,,,,,,,,,,
AL,UNNAMED,1887,7,39,18870826,1200,,HU,40.0N,64.0W,100,,,,,,,,,,,,,
AL,UNNAMED,1887,7,39,18870826,1800,,HU,42.0N,60.3W,100,,,,,,,,,,,,,
AL,UNNAMED,1887,7,39,18870827,0,,HU,44.3N,56.0W,95,,,,,,,,,,,,,
AL,UNNAMED,1887,7,39,18870827,600,,HU,46.3N,51.4W,85,,,,,,,,,,,,,
AL,UNNAMED,1887,7,39,18870827,1200,,EX,48.5N,46.0W,75,,,,,,,,,,,,,
AL,UNNAMED,1887,7,39,18870827,1800,,EX,50.7N,39.7W,65,,,,,,,,,,,,,
AL,UNNAMED,1887,8,23,18870901,0,,TS,28.1N,53.7W,35,,,,,,,,,,,,,
AL,UNNAMED,1887,8,23,18870901,600,,TS,28.6N,54.4W,40,,,,,,,,,,,,,
AL,UNNAMED,1887,8,23,18870901,1200,,TS,29.0N,55.0W,45,,,,,,,,,,,,,
AL,UNNAMED,1887,8,23,18870901,1800,,TS,29.6N,55.9W,50,,,,,,,,,,,,,
AL,UNNAMED,1887,8,23,18870902,0,,TS,30.4N,57.0W,55,,,,,,,,,,,,,
AL,UNNAMED,1887,8,23,18870902,600,,HU,31.1N,57.8W,65,,,,,,,,,,,,,
AL,UNNAMED,1887,8,23,18870902,1200,,HU,32.0N,58.5W,75,,,,,,,,,,,,,
AL,UNNAMED,1887,8,23,18870902,1800,,HU,34.2N,58.7W,80,,,,,,,,,,,,,
AL,UNNAMED,1887,8,23,18870903,0,,HU,36.7N,57.8W,85,,,,,,,,,,,,,
AL,UNNAMED,1887,8,23,18870903,600,,HU,38.8N,56.4W,90,,,,,,,,,,,,,
AL,UNNAMED,1887,8,23,18870903,1200,,HU,41.0N,54.0W,90,,,,,,,,,,,,,
AL,UNNAMED,1887,8,23,18870903,1800,,HU,43.7N,49.7W,90,,,,,,,,,,,,,
AL,UNNAMED,1887,8,23,18870904,0,,HU,46.4N,44.5W,90,963,,,,,,,,,,,,
AL,UNNAMED,1887,8,23,18870904,600,,HU,49.2N,39.7W,90,,,,,,,,,,,,,
AL,UNNAMED,1887,8,23,18870904,1200,,EX,52.0N,35.0W,80,,,,,,,,,,,,,
AL,UNNAMED,1887,8,23,18870904,1800,,EX,53.0N,32.4W,70,,,,,,,,,,,,,
AL,UNNAMED,1887,8,23,18870905,0,,EX,54.0N,29.7W,60,,,,,,,,,,,,,
AL,UNNAMED,1887,8,23,18870905,600,,EX,54.9N,26.9W,60,,,,,,,,,,,,,
AL,UNNAMED,1887,8,23,18870905,1200,,EX,55.7N,23.0W,60,,,,,,,,,,,,,
AL,UNNAMED,1887,8,23,18870905,1800,,EX,55.3N,18.1W,60,,,,,,,,,,,,,
AL,UNNAMED,1887,8,23,18870906,0,,EX,55.2N,14.6W,55,,,,,,,,,,,,,
AL,UNNAMED,1887,8,23,18870906,600,,EX,55.4N,11.0W,50,,,,,,,,,,,,,
AL,UNNAMED,1887,8,23,18870906,1200,,EX,55.9N,7.2W,50,,,,,,,,,,,,,
AL,UNNAMED,1887,9,47,18870911,1200,,TS,13.3N,57.0W,35,,,,,,,,,,,,,
AL,UNNAMED,1887,9,47,18870911,1800,,TS,13.4N,58.2W,40,,,,,,,,,,,,,
AL,UNNAMED,1887,9,47,18870912,0,,TS,13.4N,59.3W,45,,,,,,,,,,,,,
AL,UNNAMED,1887,9,47,18870912,600,,TS,13.5N,60.4W,50,,,,,,,,,,,,,
AL,UNNAMED,1887,9,47,18870912,1200,,TS,13.6N,61.4W,55,,,,,,,,,,,,,
AL,UNNAMED,1887,9,47,18870912,1800,,TS,13.7N,62.3W,60,,,,,,,,,,,,,
AL,UNNAMED,1887,9,47,18870913,0,,HU,13.8N,63.1W,65,,,,,,,,,,,,,
AL,UNNAMED,1887,9,47,18870913,600,,HU,13.9N,63.9W,70,,,,,,,,,,,,,
AL,UNNAMED,1887,9,47,18870913,1200,,HU,14.0N,64.8W,75,,,,,,,,,,,,,
AL,UNNAMED,1887,9,47,18870913,1800,,HU,14.1N,66.2W,80,,,,,,,,,,,,,
AL,UNNAMED,1887,9,47,18870914,0,,HU,14.2N,67.8W,85,,,,,,,,,,,,,
AL,UNNAMED,1887,9,47,18870914,600,,HU,14.4N,69.5W,85,,,,,,,,,,,,,
AL,UNNAMED,1887,9,47,18870914,1200,,HU,14.5N,71.0W,85,,,,,,,,,,,,,
AL,UNNAMED,1887,9,47,18870914,1800,,HU,14.7N,72.3W,85,,,,,,,,,,,,,
AL,UNNAMED,1887,9,47,18870915,0,,HU,15.0N,73.5W,85,,,,,,,,,,,,,
AL,UNNAMED,1887,9,47,18870915,600,,HU,15.3N,74.7W,85,,,,,,,,,,,,,
AL,UNNAMED,1887,9,47,18870915,1200,,HU,15.7N,76.0W,85,,,,,,,,,,,,,
AL,UNNAMED,1887,9,47,18870915,1800,,HU,16.2N,77.8W,85,,,,,,,,,,,,,
AL,UNNAMED,1887,9,47,18870916,0,,HU,16.7N,79.6W,85,,,,,,,,,,,,,
AL,UNNAMED,1887,9,47,18870916,600,,HU,17.3N,81.5W,85,,,,,,,,,,,,,
AL,UNNAMED,1887,9,47,18870916,1200,,HU,18.0N,83.0W,85,,,,,,,,,,,,,
AL,UNNAMED,1887,9,47,18870916,1800,,HU,18.7N,84.1W,85,,,,,,,,,,,,,
AL,UNNAMED,1887,9,47,18870917,0,,HU,19.5N,85.1W,85,,,,,,,,,,,,,
AL,UNNAMED,1887,9,47,18870917,600,,HU,20.3N,85.9W,85,,,,,,,,,,,,,
AL,UNNAMED,1887,9,47,18870917,1200,,HU,21.0N,86.6W,85,,,,,,,,,,,,,
AL,UNNAMED,1887,9,47,18870917,1800,,HU,21.4N,87.2W,75,,,,,,,,,,,,,
AL,UNNAMED,1887,9,47,18870918,0,,HU,21.9N,87.7W,80,,,,,,,,,,,,,
AL,UNNAMED,1887,9,47,18870918,600,,HU,22.3N,88.3W,85,,,,,,,,,,,,,
AL,UNNAMED,1887,9,47,18870918,1200,,HU,22.7N,88.8W,85,,,,,,,,,,,,,
AL,UNNAMED,1887,9,47,18870918,1800,,HU,23.1N,89.3W,85,,,,,,,,,,,,,
AL,UNNAMED,1887,9,47,18870919,0,,HU,23.5N,89.8W,85,,,,,,,,,,,,,
AL,UNNAMED,1887,9,47,18870919,600,,HU,23.9N,90.3W,85,,,,,,,,,,,,,
AL,UNNAMED,1887,9,47,18870919,1200,,HU,24.5N,91.0W,85,,,,,,,,,,,,,
AL,UNNAMED,1887,9,47,18870919,1800,,HU,25.0N,91.7W,85,,,,,,,,,,,,,
AL,UNNAMED,1887,9,47,18870920,0,,HU,25.4N,92.3W,85,,,,,,,,,,,,,
AL,UNNAMED,1887,9,47,18870920,600,,HU,25.8N,93.1W,85,,,,,,,,,,,,,
AL,UNNAMED,1887,9,47,18870920,1200,,HU,26.0N,94.0W,85,,,,,,,,,,,,,
AL,UNNAMED,1887,9,47,18870920,1800,,HU,26.1N,94.8W,85,,,,,,,,,,,,,
AL,UNNAMED,1887,9,47,18870921,0,,HU,26.1N,95.6W,85,,,,,,,,,,,,,
AL,UNNAMED,1887,9,47,18870921,600,,HU,26.1N,96.2W,80,,,,,,,,,,,,,
AL,UNNAMED,1887,9,47,18870921,1200,,HU,26.1N,96.8W,75,,,,,,,,,,,,,
AL,UNNAMED,1887,9,47,18870921,1700,L,HU,26.1N,97.2W,75,973,,,,,,,,,,,,
AL,UNNAMED,1887,9,47,18870921,1800,,HU,26.1N,97.3W,75,973,,,,,,,,,,,,
AL,UNNAMED,1887,9,47,18870922,0,,TS,26.0N,97.9W,60,,,,,,,,,,,,,
AL,UNNAMED,1887,9,47,18870922,600,,TS,25.8N,98.4W,45,,,,,,,,,,,,,
AL,UNNAMED,1887,9,47,18870922,1200,,TS,25.5N,98.9W,35,,,,,,,,,,,,,
AL,UNNAMED,1887,9,47,18870922,1800,,TD,25.0N,99.6W,30,,,,,,,,,,,,,
AL,UNNAMED,1887,10,17,18870914,1800,,TS,23.0N,53.7W,35,,,,,,,,,,,,,
AL,UNNAMED,1887,10,17,18870915,0,,TS,24.3N,54.1W,40,,,,,,,,,,,,,
AL,UNNAMED,1887,10,17,18870915,600,,TS,26.2N,54.7W,40,,,,,,,,,,,,,
AL,UNNAMED,1887,10,17,18870915,1200,,TS,28.1N,55.0W,45,,,,,,,,,,,,,
AL,UNNAMED,1887,10,17,18870915,1800,,TS,29.5N,55.3W,50,,,,,,,,,,,,,
AL,UNNAMED,1887,10,17,18870916,0,,TS,30.8N,55.5W,55,,,,,,,,,,,,,
AL,UNNAMED,1887,10,17,18870916,600,,TS,32.5N,55.6W,60,,,,,,,,,,,,,
AL,UNNAMED,1887,10,17,18870916,1200,,HU,34.0N,55.3W,65,,,,,,,,,,,,,
AL,UNNAMED,1887,10,17,18870916,1800,,HU,35.4N,55.1W,70,,,,,,,,,,,,,
AL,UNNAMED,1887,10,17,18870917,0,,HU,37.4N,54.7W,70,,,,,,,,,,,,,
AL,UNNAMED,1887,10,17,18870917,600,,HU,39.3N,54.1W,70,,,,,,,,,,,,,
AL,UNNAMED,1887,10,17,18870917,1200,,HU,41.0N,53.5W,70,,,,,,,,,,,,,
AL,UNNAMED,1887,10,17,18870917,1800,,HU,42.8N,52.7W,70,,,,,,,,,,,,,
AL,UNNAMED,1887,10,17,18870918,0,,HU,45.7N,51.4W,70,983,,,,,,,,,,,,
AL,UNNAMED,1887,10,17,18870918,600,,HU,48.0N,49.8W,65,,,,,,,,,,,,,
AL,UNNAMED,1887,10,17,18870918,1200,,EX,50.5N,48.0W,60,,,,,,,,,,,,,
AL,UNNAMED,1887,10,17,18870918,1800,,EX,53.1N,44.5W,55,,,,,,,,,,,,,
AL,UNNAMED,1887,11,11,18871006,1200,,TS,19.7N,84.7W,35,,,,,,,,,,,,,
AL,UNNAMED,1887,11,11,18871006,1800,,TS,19.7N,86.0W,45,,,,,,,,,,,,,
AL,UNNAMED,1887,11,11,18871007,0,,TS,19.7N,87.3W,50,,,,,,,,,,,,,
AL,UNNAMED,1887,11,11,18871007,600,,TS,19.7N,88.6W,45,,,,,,,,,,,,,
AL,UNNAMED,1887,11,11,18871007,1200,,TS,19.8N,89.9W,40,,,,,,,,,,,,,
AL,UNNAMED,1887,11,11,18871007,1800,,TS,19.8N,91.2W,40,,,,,,,,,,,,,
AL,UNNAMED,1887,11,11,18871008,0,,TS,19.8N,92.5W,45,,,,,,,,,,,,,
AL,UNNAMED,1887,11,11,18871008,600,,TS,19.9N,93.7W,50,,,,,,,,,,,,,
AL,UNNAMED,1887,11,11,18871008,1200,,TS,20.0N,95.0W,50,,,,,,,,,,,,,
AL,UNNAMED,1887,11,11,18871008,1800,,TS,20.1N,96.3W,50,,,,,,,,,,,,,
AL,UNNAMED,1887,11,11,18871009,0,,TD,20.2N,97.6W,30,,,,,,,,,,,,,
AL,UNNAMED,1887,12,8,18871008,0,,TS,21.0N,74.1W,50,,,,,,,,,,,,,
AL,UNNAMED,1887,12,8,18871008,600,,TS,21.4N,74.2W,55,,,,,,,,,,,,,
AL,UNNAMED,1887,12,8,18871008,1200,,TS,21.7N,74.3W,60,,,,,,,,,,,,,
AL,UNNAMED,1887,12,8,18871008,1800,,TS,22.7N,74.5W,60,,,,,,,,,,,,,
AL,UNNAMED,1887,12,8,18871009,0,,TS,23.7N,74.8W,55,,,,,,,,,,,,,
AL,UNNAMED,1887,12,8,18871009,600,,TS,24.6N,74.9W,50,,,,,,,,,,,,,
AL,UNNAMED,1887,12,8,18871009,1200,,TS,25.5N,75.0W,45,,,,,,,,,,,,,
AL,UNNAMED,1887,12,8,18871009,1800,,TS,26.9N,75.1W,40,,,,,,,,,,,,,
AL,UNNAMED,1887,13,53,18871009,600,,TS,19.1N,59.7W,35,,,,,,,,,,,,,
AL,UNNAMED,1887,13,53,18871009,1200,,TS,19.2N,61.0W,40,,,,,,,,,,,,,
AL,UNNAMED,1887,13,53,18871009,1800,,TS,19.3N,62.4W,45,,,,,,,,,,,,,
AL,UNNAMED,1887,13,53,18871010,0,,TS,19.3N,63.8W,50,,,,,,,,,,,,,
AL,UNNAMED,1887,13,53,18871010,600,,TS,19.4N,65.2W,55,,,,,,,,,,,,,
AL,UNNAMED,1887,13,53,18871010,1200,,TS,19.4N,66.6W,60,,,,,,,,,,,,,
AL,UNNAMED,1887,13,53,18871010,1800,,TS,19.4N,68.0W,60,,,,,,,,,,,,,
AL,UNNAMED,1887,13,53,18871011,0,,TS,19.4N,69.7W,60,,,,,,,,,,,,,
AL,UNNAMED,1887,13,53,18871011,600,,TS,19.4N,71.1W,50,,,,,,,,,,,,,
AL,UNNAMED,1887,13,53,18871011,1200,,TS,19.5N,72.7W,45,,,,,,,,,,,,,
AL,UNNAMED,1887,13,53,18871011,1800,,TS,19.5N,74.3W,55,,,,,,,,,,,,,
AL,UNNAMED,1887,13,53,18871012,0,,HU,19.6N,76.0W,65,,,,,,,,,,,,,
AL,UNNAMED,1887,13,53,18871012,600,,HU,19.7N,77.4W,70,,,,,,,,,,,,,
AL,UNNAMED,1887,13,53,18871012,1200,,HU,20.0N,78.7W,75,,,,,,,,,,,,,
AL,UNNAMED,1887,13,53,18871012,1800,,HU,20.3N,79.8W,75,,,,,,,,,,,,,
AL,UNNAMED,1887,13,53,18871013,0,,HU,20.7N,80.9W,75,,,,,,,,,,,,,
AL,UNNAMED,1887,13,53,18871013,600,,HU,21.1N,81.9W,75,,,,,,,,,,,,,
AL,UNNAMED,1887,13,53,18871013,1200,,HU,21.5N,82.7W,75,,,,,,,,,,,,,
AL,UNNAMED,1887,13,53,18871013,1800,,HU,21.7N,83.4W,75,,,,,,,,,,,,,
AL,UNNAMED,1887,13,53,18871014,0,,HU,22.0N,84.1W,70,,,,,,,,,,,,,
AL,UNNAMED,1887,13,53,18871014,600,,HU,22.2N,84.7W,65,,,,,,,,,,,,,
AL,UNNAMED,1887,13,53,18871014,1200,,HU,22.5N,85.3W,65,,,,,,,,,,,,,
AL,UNNAMED,1887,13,53,18871014,1800,,HU,22.6N,85.9W,70,,,,,,,,,,,,,
AL,UNNAMED,1887,13,53,18871015,0,,HU,22.9N,86.5W,75,,,,,,,,,,,,,
AL,UNNAMED,1887,13,53,18871015,600,,HU,23.1N,87.0W,75,,,,,,,,,,,,,
AL,UNNAMED,1887,13,53,18871015,1200,,HU,23.3N,87.5W,75,,,,,,,,,,,,,
AL,UNNAMED,1887,13,53,18871015,1800,,HU,23.5N,87.8W,75,,,,,,,,,,,,,
AL,UNNAMED,1887,13,53,18871016,0,,HU,23.7N,88.2W,75,,,,,,,,,,,,,
AL,UNNAMED,1887,13,53,18871016,600,,HU,23.9N,88.5W,75,,,,,,,,,,,,,
AL,UNNAMED,1887,13,53,18871016,1200,,HU,24.1N,88.8W,75,,,,,,,,,,,,,
AL,UNNAMED,1887,13,53,18871016,1800,,HU,24.3N,89.3W,75,,,,,,,,,,,,,
AL,UNNAMED,1887,13,53,18871017,0,,HU,24.5N,89.6W,75,,,,,,,,,,,,,
AL,UNNAMED,1887,13,53,18871017,600,,HU,24.8N,89.9W,75,,,,,,,,,,,,,
AL,UNNAMED,1887,13,53,18871017,1200,,HU,25.1N,90.2W,75,,,,,,,,,,,,,
AL,UNNAMED,1887,13,53,18871017,1800,,HU,25.6N,90.5W,75,,,,,,,,,,,,,
AL,UNNAMED,1887,13,53,18871018,0,,HU,26.3N,90.9W,75,,,,,,,,,,,,,
AL,UNNAMED,1887,13,53,18871018,600,,HU,27.1N,91.2W,75,,,,,,,,,,,,,
AL,UNNAMED,1887,13,53,18871018,1200,,HU,27.7N,91.3W,75,,,,,,,,,,,,,
AL,UNNAMED,1887,13,53,18871018,1800,,HU,28.3N,91.1W,75,,,,,,,,,,,,,
AL,UNNAMED,1887,13,53,18871019,0,,HU,28.9N,90.7W,75,,,,,,,,,,,,,
AL,UNNAMED,1887,13,53,18871019,200,,HU,29.1N,90.4W,75,,,,,,,,,,,,,
AL,UNNAMED,1887,13,53,18871019,600,,HU,29.5N,90.0W,65,,,,,,,,,,,,,
AL,UNNAMED,1887,13,53,18871019,1200,,TS,30.2N,89.1W,55,,,,,,,,,,,,,
AL,UNNAMED,1887,13,53,18871019,1800,,TS,30.9N,88.0W,45,,,,,,,,,,,,,
AL,UNNAMED,1887,13,53,18871020,0,,TS,31.5N,86.1W,35,,,,,,,,,,,,,
AL,UNNAMED,1887,13,53,18871020,600,,TD,32.2N,84.1W,30,,,,,,,,,,,,,
AL,UNNAMED,1887,13,53,18871020,1200,,TD,33.0N,82.5W,30,,,,,,,,,,,,,
AL,UNNAMED,1887,13,53,18871020,1800,,TD,34.4N,79.9W,30,,,,,,,,,,,,,
AL,UNNAMED,1887,13,53,18871021,0,,EX,35.7N,77.1W,35,,,,,,,,,,,,,
AL,UNNAMED,1887,13,53,18871021,600,,EX,37.6N,74.0W,40,,,,,,,,,,,,,
AL,UNNAMED,1887,13,53,18871021,1200,,EX,39.5N,72.0W,45,,,,,,,,,,,,,
AL,UNNAMED,1887,13,53,18871021,1800,,EX,42.0N,69.0W,45,,,,,,,,,,,,,
AL,UNNAMED,1887,13,53,18871022,0,,EX,46.6N,65.2W,45,,,,,,,,,,,,,
AL,UNNAMED,1887,14,11,18871010,600,,TS,28.2N,39.0W,35,,,,,,,,,,,,,
AL,UNNAMED,1887,14,11,18871010,1200,,TS,29.0N,40.0W,45,,,,,,,,,,,,,
AL,UNNAMED,1887,14,11,18871010,1800,,TS,30.1N,40.2W,55,,,,,,,,,,,,,
AL,UNNAMED,1887,14,11,18871011,0,,HU,31.3N,40.2W,65,,,,,,,,,,,,,
AL,UNNAMED,1887,14,11,18871011,600,,HU,32.5N,40.1W,75,,,,,,,,,,,,,
AL,UNNAMED,1887,14,11,18871011,1200,,HU,33.7N,40.0W,75,,,,,,,,,,,,,
AL,UNNAMED,1887,14,11,18871011,1800,,HU,35.2N,39.9W,75,,,,,,,,,,,,,
AL,UNNAMED,1887,14,11,18871012,0,,HU,36.8N,39.8W,75,,,,,,,,,,,,,
AL,UNNAMED,1887,14,11,18871012,600,,HU,38.4N,39.7W,75,,,,,,,,,,,,,
AL,UNNAMED,1887,14,11,18871012,1200,,EX,40.0N,39.5W,60,,,,,,,,,,,,,
AL,UNNAMED,1887,14,11,18871012,1800,,EX,41.2N,38.1W,35,,,,,,,,,,,,,
AL,UNNAMED,1887,15,18,18871015,1200,,HU,14.0N,48.0W,70,,,,,,,,,,,,,
AL,UNNAMED,1887,15,18,18871015,1800,,HU,14.6N,49.0W,75,,,,,,,,,,,,,
AL,UNNAMED,1887,15,18,18871016,0,,HU,15.3N,50.0W,80,,,,,,,,,,,,,
AL,UNNAMED,1887,15,18,18871016,600,,HU,16.1N,51.0W,85,,,,,,,,,,,,,
AL,UNNAMED,1887,15,18,18871016,1200,,HU,17.0N,52.0W,90,,,,,,,,,,,,,
AL,UNNAMED,1887,15,18,18871016,1800,,HU,18.4N,53.0W,90,,,,,,,,,,,,,
AL,UNNAMED,1887,15,18,18871017,0,,HU,19.7N,53.8W,90,,,,,,,,,,,,,
AL,UNNAMED,1887,15,18,18871017,600,,HU,20.9N,54.4W,90,,,,,,,,,,,,,
AL,UNNAMED,1887,15,18,18871017,1200,,HU,22.0N,55.0W,85,,,,,,,,,,,,,
AL,UNNAMED,1887,15,18,18871017,1800,,HU,22.9N,55.4W,80,,,,,,,,,,,,,
AL,UNNAMED,1887,15,18,18871018,0,,HU,23.7N,55.6W,70,,,,,,,,,,,,,
AL,UNNAMED,1887,15,18,18871018,600,,TS,24.4N,55.7W,60,,,,,,,,,,,,,
AL,UNNAMED,1887,15,18,18871018,1200,,TS,25.3N,55.7W,55,,,,,,,,,,,,,
AL,UNNAMED,1887,15,18,18871018,1800,,TS,26.4N,55.3W,50,,,,,,,,,,,,,
AL,UNNAMED,1887,15,18,18871019,0,,TS,27.6N,54.7W,45,,,,,,,,,,,,,
AL,UNNAMED,1887,15,18,18871019,600,,TS,29.0N,53.7W,40,,,,,,,,,,,,,
AL,UNNAMED,1887,15,18,18871019,1200,,TS,30.4N,52.5W,35,,,,,,,,,,,,,
AL,UNNAMED,1887,15,18,18871019,1800,,TD,31.7N,51.3W,25,,,,,,,,,,,,,
AL,UNNAMED,1887,16,35,18871029,1200,,TS,26.5N,86.0W,35,,,,,,,,,,,,,
AL,UNNAMED,1887,16,35,18871029,1800,,TS,27.2N,84.5W,40,,,,,,,,,,,,,
AL,UNNAMED,1887,16,35,18871030,0,,TS,28.0N,83.0W,40,,,,,,,,,,,,,
AL,UNNAMED,1887,16,35,18871030,100,L,TS,28.1N,82.8W,40,,,,,,,,,,,,,
AL,UNNAMED,1887,16,35,18871030,600,,TS,28.9N,81.5W,35,,,,,,,,,,,,,
AL,UNNAMED,1887,16,35,18871030,1200,,TS,30.0N,80.0W,40,,,,,,,,,,,,,
AL,UNNAMED,1887,16,35,18871030,1800,,TS,31.3N,78.7W,45,,,,,,,,,,,,,
AL,UNNAMED,1887,16,35,18871031,0,,TS,32.7N,77.4W,50,,,,,,,,,,,,,
AL,UNNAMED,1887,16,35,18871031,600,,TS,33.9N,76.1W,55,,,,,,,,,,,,,
AL,UNNAMED,1887,16,35,18871031,1200,,TS,34.8N,74.8W,60,,,,,,,,,,,,,
AL,UNNAMED,1887,16,35,18871031,1800,,TS,35.4N,73.4W,60,993,,,,,,,,,,,,
AL,UNNAMED,1887,16,35,18871101,0,,EX,36.0N,72.0W,65,,,,,,,,,,,,,
AL,UNNAMED,1887,16,35,18871101,600,,EX,36.5N,70.3W,70,,,,,,,,,,,,,
AL,UNNAMED,1887,16,35,18871101,1200,,EX,37.0N,69.0W,70,,,,,,,,,,,,,
AL,UNNAMED,1887,16,35,18871101,1800,,EX,37.8N,67.8W,70,,,,,,,,,,,,,
AL,UNNAMED,1887,16,35,18871102,0,,EX,38.5N,66.6W,65,,,,,,,,,,,,,
AL,UNNAMED,1887,16,35,18871102,600,,EX,39.2N,65.4W,60,,,,,,,,,,,,,
AL,UNNAMED,1887,16,35,18871102,1200,,EX,40.0N,64.0W,60,,,,,,,,,,,,,
AL,UNNAMED,1887,16,35,18871102,1800,,EX,40.6N,61.7W,60,,,,,,,,,,,,,
AL,UNNAMED,1887,16,35,18871103,0,,EX,41.1N,58.0W,60,,,,,,,,,,,,,
AL,UNNAMED,1887,16,35,18871103,600,,EX,41.5N,54.8W,60,,,,,,,,,,,,,
AL,UNNAMED,1887,16,35,18871103,1200,,EX,42.0N,52.0W,60,,,,,,,,,,,,,
AL,UNNAMED,1887,16,35,18871103,1800,,EX,44.0N,47.8W,60,,,,,,,,,,,,,
AL,UNNAMED,1887,16,35,18871104,0,,EX,47.4N,44.2W,60,,,,,,,,,,,,,
AL,UNNAMED,1887,16,35,18871104,600,,EX,51.1N,40.2W,60,,,,,,,,,,,,,
AL,UNNAMED,1887,16,35,18871104,1200,,EX,53.0N,36.0W,60,,,,,,,,,,,,,
AL,UNNAMED,1887,16,35,18871104,1800,,EX,53.6N,32.0W,60,,,,,,,,,,,,,
AL,UNNAMED,1887,16,35,18871105,0,,EX,53.6N,27.7W,60,,,,,,,,,,,,,
AL,UNNAMED,1887,16,35,18871105,600,,EX,53.4N,23.1W,60,990,,,,,,,,,,,,
AL,UNNAMED,1887,16,35,18871105,1200,,EX,53.0N,19.0W,60,,,,,,,,,,,,,
AL,UNNAMED,1887,16,35,18871105,1800,,EX,52.4N,15.4W,60,,,,,,,,,,,,,
AL,UNNAMED,1887,16,35,18871106,0,,EX,51.8N,11.4W,55,,,,,,,,,,,,,
AL,UNNAMED,1887,16,35,18871106,600,,EX,50.8N,7.3W,50,,,,,,,,,,,,,
AL,UNNAMED,1887,16,35,18871106,1200,,EX,50.0N,4.0W,45,,,,,,,,,,,,,
AL,UNNAMED,1887,16,35,18871106,1800,,EX,48.3N,0.4W,40,,,,,,,,,,,,,
AL,UNNAMED,1887,17,30,18871127,1200,,TS,22.1N,67.0W,35,,,,,,,,,,,,,
AL,UNNAMED,1887,17,30,18871127,1800,,TS,23.1N,68.6W,40,,,,,,,,,,,,,
AL,UNNAMED,1887,17,30,18871128,0,,TS,23.8N,70.0W,40,,,,,,,,,,,,,
AL,UNNAMED,1887,17,30,18871128,600,,TS,24.2N,71.2W,45,,,,,,,,,,,,,
AL,UNNAMED,1887,17,30,18871128,1200,,TS,24.5N,72.4W,50,,,,,,,,,,,,,
AL,UNNAMED,1887,17,30,18871128,1800,,TS,24.5N,72.8W,55,,,,,,,,,,,,,
AL,UNNAMED,1887,17,30,18871129,0,,TS,24.4N,73.2W,60,,,,,,,,,,,,,
AL,UNNAMED,1887,17,30,18871129,600,,HU,24.1N,73.4W,65,,,,,,,,,,,,,
AL,UNNAMED,1887,17,30,18871129,1200,,HU,23.7N,73.5W,70,,,,,,,,,,,,,
AL,UNNAMED,1887,17,30,18871129,1800,,HU,23.3N,73.2W,70,,,,,,,,,,,,,
AL,UNNAMED,1887,17,30,18871130,0,,HU,23.4N,72.6W,70,,,,,,,,,,,,,
AL,UNNAMED,1887,17,30,18871130,600,,HU,23.7N,71.8W,70,,,,,,,,,,,,,
AL,UNNAMED,1887,17,30,18871130,1200,,HU,24.0N,71.3W,70,,,,,,,,,,,,,
AL,UNNAMED,1887,17,30,18871130,1800,,HU,24.5N,70.4W,65,,,,,,,,,,,,,
AL,UNNAMED,1887,17,30,18871201,0,,TS,25.1N,69.4W,60,,,,,,,,,,,,,
AL,UNNAMED,1887,17,30,18871201,600,,TS,25.6N,68.6W,60,,,,,,,,,,,,,
AL,UNNAMED,1887,17,30,18871201,1200,,TS,26.3N,67.3W,60,,,,,,,,,,,,,
AL,UNNAMED,1887,17,30,18871201,1800,,TS,26.8N,66.4W,60,,,,,,,,,,,,,
AL,UNNAMED,1887,17,30,18871202,0,,TS,27.4N,65.3W,55,,,,,,,,,,,,,
AL,UNNAMED,1887,17,30,18871202,600,,TS,27.9N,64.5W,55,,,,,,,,,,,,,
AL,UNNAMED,1887,17,30,18871202,1200,,TS,28.5N,63.5W,55,,,,,,,,,,,,,
AL,UNNAMED,1887,17,30,18871202,1800,,TS,29.1N,62.7W,55,,,,,,,,,,,,,
AL,UNNAMED,1887,17,30,18871203,0,,TS,29.8N,61.9W,50,,,,,,,,,,,,,
AL,UNNAMED,1887,17,30,18871203,600,,TS,30.5N,61.0W,50,,,,,,,,,,,,,
AL,UNNAMED,1887,17,30,18871203,1200,,TS,31.0N,60.3W,50,,,,,,,,,,,,,
AL,UNNAMED,1887,17,30,18871203,1800,,TS,31.5N,59.5W,50,,,,,,,,,,,,,
AL,UNNAMED,1887,17,30,18871204,0,,TS,32.0N,58.8W,50,,,,,,,,,,,,,
AL,UNNAMED,1887,17,30,18871204,600,,TS,32.9N,57.5W,50,,,,,,,,,,,,,
AL,UNNAMED,1887,17,30,18871204,1200,,TS,33.9N,56.5W,45,,,,,,,,,,,,,
AL,UNNAMED,1887,17,30,18871204,1800,,TS,34.9N,55.5W,40,,,,,,,,,,,,,
AL,UNNAMED,1887,18,26,18871204,1200,,TS,19.2N,54.1W,35,,,,,,,,,,,,,
AL,UNNAMED,1887,18,26,18871204,1800,,TS,20.7N,57.4W,35,,,,,,,,,,,,,
AL,UNNAMED,1887,18,26,18871205,0,,TS,22.1N,60.0W,40,,,,,,,,,,,,,
AL,UNNAMED,1887,18,26,18871205,600,,TS,23.5N,61.9W,40,,,,,,,,,,,,,
AL,UNNAMED,1887,18,26,18871205,1200,,TS,24.8N,62.8W,45,,,,,,,,,,,,,
AL,UNNAMED,1887,18,26,18871205,1800,,TS,26.1N,63.2W,45,,,,,,,,,,,,,
AL,UNNAMED,1887,18,26,18871206,0,,TS,27.6N,63.0W,50,,,,,,,,,,,,,
AL,UNNAMED,1887,18,26,18871206,600,,TS,28.6N,62.0W,50,,,,,,,,,,,,,
AL,UNNAMED,1887,18,26,18871206,1200,,TS,29.8N,60.9W,55,,,,,,,,,,,,,
AL,UNNAMED,1887,18,26,18871206,1800,,TS,31.2N,58.9W,60,,,,,,,,,,,,,
AL,UNNAMED,1887,18,26,18871207,0,,HU,32.6N,57.1W,65,,,,,,,,,,,,,
AL,UNNAMED,1887,18,26,18871207,600,,HU,34.0N,55.6W,70,,,,,,,,,,,,,
AL,UNNAMED,1887,18,26,18871207,1200,,HU,35.3N,54.3W,70,,,,,,,,,,,,,
AL,UNNAMED,1887,18,26,18871207,1800,,HU,36.1N,51.8W,70,,,,,,,,,,,,,
AL,UNNAMED,1887,18,26,18871208,0,,HU,36.4N,49.1W,70,,,,,,,,,,,,,
AL,UNNAMED,1887,18,26,18871208,600,,HU,36.7N,46.4W,70,,,,,,,,,,,,,
AL,UNNAMED,1887,18,26,18871208,1200,,HU,37.1N,43.9W,70,,,,,,,,,,,,,
AL,UNNAMED,1887,18,26,18871208,1800,,HU,37.7N,41.7W,65,,,,,,,,,,,,,
AL,UNNAMED,1887,18,26,18871209,0,,EX,38.4N,39.6W,60,,,,,,,,,,,,,
AL,UNNAMED,1887,18,26,18871209,600,,EX,39.2N,37.7W,60,,,,,,,,,,,,,
AL,UNNAMED,1887,18,26,18871209,1200,,EX,40.0N,36.0W,60,,,,,,,,,,,,,
AL,UNNAMED,1887,18,26,18871209,1800,,EX,40.9N,34.6W,55,,,,,,,,,,,,,
AL,UNNAMED,1887,18,26,18871210,0,,EX,41.9N,33.4W,50,,,,,,,,,,,,,
AL,UNNAMED,1887,18,26,18871210,600,,EX,43.0N,32.5W,45,,,,,,,,,,,,,
AL,UNNAMED,1887,18,26,18871210,1200,,EX,44.2N,31.8W,40,,,,,,,,,,,,,
AL,UNNAMED,1887,18,26,18871210,1800,,EX,45.4N,31.3W,35,,,,,,,,,,,,,
AL,UNNAMED,1887,19,23,18871207,600,,TS,12.5N,58.5W,35,,,,,,,,,,,,,
AL,UNNAMED,1887,19,23,18871207,1200,,TS,12.7N,59.6W,35,,,,,,,,,,,,,
AL,UNNAMED,1887,19,23,18871207,1800,,TS,12.9N,60.6W,40,,,,,,,,,,,,,
AL,UNNAMED,1887,19,23,18871208,0,,TS,13.1N,61.6W,40,,,,,,,,,,,,,
AL,UNNAMED,1887,19,23,18871208,600,,TS,13.2N,62.6W,40,,,,,,,,,,,,,
AL,UNNAMED,1887,19,23,18871208,1200,,TS,13.3N,63.6W,45,,,,,,,,,,,,,
AL,UNNAMED,1887,19,23,18871208,1800,,TS,13.3N,64.6W,45,,,,,,,,,,,,,
AL,UNNAMED,1887,19,23,18871209,0,,TS,13.3N,65.7W,45,,,,,,,,,,,,,
AL,UNNAMED,1887,19,23,18871209,600,,TS,13.2N,66.8W,50,,,,,,,,,,,,,
AL,UNNAMED,1887,19,23,18871209,1200,,TS,13.0N,68.0W,50,,,,,,,,,,,,,
AL,UNNAMED,1887,19,23,18871209,1800,,TS,12.8N,69.5W,50,,,,,,,,,,,,,
AL,UNNAMED,1887,19,23,18871210,0,,TS,12.6N,71.3W,50,,,,,,,,,,,,,
AL,UNNAMED,1887,19,23,18871210,600,,TS,12.3N,73.2W,50,,,,,,,,,,,,,
AL,UNNAMED,1887,19,23,18871210,1200,,TS,12.1N,75.0W,50,,,,,,,,,,,,,
AL,UNNAMED,1887,19,23,18871210,1800,,TS,11.8N,76.6W,50,,,,,,,,,,,,,
AL,UNNAMED,1887,19,23,18871211,0,,TS,11.5N,78.2W,50,,,,,,,,,,,,,
AL,UNNAMED,1887,19,23,18871211,600,,TS,11.3N,79.6W,50,,,,,,,,,,,,,
AL,UNNAMED,1887,19,23,18871211,1200,,TS,11.0N,81.0W,50,,,,,,,,,,,,,
AL,UNNAMED,1887,19,23,18871211,1800,,TS,10.9N,81.5W,45,,,,,,,,,,,,,
AL,UNNAMED,1887,19,23,18871212,0,,TS,10.8N,82.0W,45,,,,,,,,,,,,,
AL,UNNAMED,1887,19,23,18871212,600,,TS,10.7N,82.5W,40,,,,,,,,,,,,,
AL,UNNAMED,1887,19,23,18871212,1200,,TS,10.6N,83.1W,35,,,,,,,,,,,,,
AL,UNNAMED,1887,19,23,18871212,1800,,TD,10.5N,83.6W,25,,,,,,,,,,,,,
AL,UNNAMED,1888,1,12,18880616,0,,TS,27.5N,93.2W,35,,,,,,,,,,,,,
AL,UNNAMED,1888,1,12,18880616,600,,TS,27.7N,93.7W,45,,,,,,,,,,,,,
AL,UNNAMED,1888,1,12,18880616,1200,,TS,28.0N,94.3W,55,,,,,,,,,,,,,
AL,UNNAMED,1888,1,12,18880616,1800,,HU,28.2N,94.8W,65,,,,,,,,,,,,,
AL,UNNAMED,1888,1,12,18880617,0,,HU,28.4N,95.3W,70,,,,,,,,,,,,,
AL,UNNAMED,1888,1,12,18880617,600,L,HU,28.7N,95.7W,70,,,,,,,,,,,,,
AL,UNNAMED,1888,1,12,18880617,1200,,TS,29.0N,96.0W,50,,,,,,,,,,,,,
AL,UNNAMED,1888,1,12,18880617,1800,,TS,29.4N,96.3W,40,,,,,,,,,,,,,
AL,UNNAMED,1888,1,12,18880618,0,,TS,29.9N,96.5W,35,,,,,,,,,,,,,
AL,UNNAMED,1888,1,12,18880618,600,,TD,30.4N,96.7W,30,,,,,,,,,,,,,
AL,UNNAMED,1888,1,12,18880618,1200,,TD,31.0N,96.8W,30,,,,,,,,,,,,,
AL,UNNAMED,1888,1,12,18880618,1800,,TD,31.3N,96.6W,25,,,,,,,,,,,,,
AL,UNNAMED,1888,2,10,18880704,1200,,TS,26.0N,94.4W,35,,,,,,,,,,,,,
AL,UNNAMED,1888,2,10,18880704,1800,,TS,26.4N,94.8W,40,,,,,,,,,,,,,
AL,UNNAMED,1888,2,10,18880705,0,,TS,27.0N,95.1W,50,,,,,,,,,,,,,
AL,UNNAMED,1888,2,10,18880705,600,,TS,27.6N,95.3W,50,,,,,,,,,,,,,
AL,UNNAMED,1888,2,10,18880705,1200,,TS,28.3N,95.5W,50,,,,,,,,,,,,,
AL,UNNAMED,1888,2,10,18880705,1600,L,TS,28.8N,95.6W,50,,,,,,,,,,,,,
AL,UNNAMED,1888,2,10,18880705,1800,,TS,29.1N,95.6W,45,,,,,,,,,,,,,
AL,UNNAMED,1888,2,10,18880706,0,,TS,30.0N,95.6W,40,,,,,,,,,,,,,
AL,UNNAMED,1888,2,10,18880706,600,,TS,30.9N,95.5W,35,,,,,,,,,,,,,
AL,UNNAMED,1888,2,10,18880706,1200,,TD,32.0N,95.4W,30,,,,,,,,,,,,,
AL,UNNAMED,1888,3,44,18880814,1200,,TS,23.0N,71.0W,35,,,,,,,,,,,,,
AL,UNNAMED,1888,3,44,18880814,1800,,TS,23.3N,72.1W,40,,,,,,,,,,,,,
AL,UNNAMED,1888,3,44,18880815,0,,TS,23.8N,73.4W,50,,,,,,,,,,,,,
AL,UNNAMED,1888,3,44,18880815,600,,TS,24.1N,74.5W,60,,,,,,,,,,,,,
AL,UNNAMED,1888,3,44,18880815,1200,,HU,24.3N,75.5W,70,,,,,,,,,,,,,
AL,UNNAMED,1888,3,44,18880815,1800,,HU,24.6N,76.5W,80,,,,,,,,,,,,,
AL,UNNAMED,1888,3,44,18880816,0,,HU,24.8N,77.4W,90,,,,,,,,,,,,,
AL,UNNAMED,1888,3,44,18880816,600,,HU,25.1N,78.2W,100,,,,,,,,,,,,,
AL,UNNAMED,1888,3,44,18880816,1200,,HU,25.3N,79.0W,110,,,,,,,,,,,,,
AL,UNNAMED,1888,3,44,18880816,1800,,HU,25.7N,79.9W,110,,,,,,,,,,,,,
AL,UNNAMED,1888,3,44,18880816,1900,L,HU,25.8N,80.1W,110,,,,,,,,,,,,,
AL,UNNAMED,1888,3,44,18880817,0,,HU,26.2N,80.9W,85,,,,,,,,,,,,,
AL,UNNAMED,1888,3,44,18880817,600,,HU,26.6N,82.0W,70,,,,,,,,,,,,,
AL,UNNAMED,1888,3,44,18880817,1200,,HU,26.9N,83.3W,80,,,,,,,,,,,,,
AL,UNNAMED,1888,3,44,18880817,1800,,HU,27.1N,84.7W,90,,,,,,,,,,,,,
AL,UNNAMED,1888,3,44,18880818,0,,HU,27.1N,86.2W,95,,,,,,,,,,,,,
AL,UNNAMED,1888,3,44,18880818,600,,HU,27.2N,87.6W,95,,,,,,,,,,,,,
AL,UNNAMED,1888,3,44,18880818,1200,,HU,27.3N,88.6W,95,,,,,,,,,,,,,
AL,UNNAMED,1888,3,44,18880818,1800,,HU,27.6N,89.4W,95,,,,,,,,,,,,,
AL,UNNAMED,1888,3,44,18880819,0,,HU,27.9N,90.0W,95,,,,,,,,,,,,,
AL,UNNAMED,1888,3,44,18880819,600,,HU,28.3N,90.4W,95,,,,,,,,,,,,,
AL,UNNAMED,1888,3,44,18880819,1200,,HU,28.8N,90.6W,95,,,,,,,,,,,,,
AL,UNNAMED,1888,3,44,18880819,1600,L,HU,29.1N,90.7W,95,,,,,,,,,,,,,
AL,UNNAMED,1888,3,44,18880819,1800,,HU,29.3N,90.8W,85,,,,,,,,,,,,,
AL,UNNAMED,1888,3,44,18880820,0,,HU,29.9N,90.9W,75,,,,,,,,,,,,,
AL,UNNAMED,1888,3,44,18880820,600,,HU,30.7N,91.0W,70,,,,,,,,,,,,,
AL,UNNAMED,1888,3,44,18880820,1200,,HU,31.8N,91.0W,65,,,,,,,,,,,,,
AL,UNNAMED,1888,3,44,18880820,1800,,TS,33.2N,90.8W,60,,,,,,,,,,,,,
AL,UNNAMED,1888,3,44,18880821,0,,TS,34.8N,90.1W,55,,,,,,,,,,,,,
AL,UNNAMED,1888,3,44,18880821,600,,TS,36.5N,87.8W,50,,,,,,,,,,,,,
AL,UNNAMED,1888,3,44,18880821,1200,,TS,38.0N,85.0W,45,,,,,,,,,,,,,
AL,UNNAMED,1888,3,44,18880821,1800,,TS,39.3N,81.3W,45,,,,,,,,,,,,,
AL,UNNAMED,1888,3,44,18880822,0,,TS,40.6N,76.5W,40,,,,,,,,,,,,,
AL,UNNAMED,1888,3,44,18880822,600,,TS,41.9N,71.8W,40,,,,,,,,,,,,,
AL,UNNAMED,1888,3,44,18880822,1200,,EX,43.2N,68.1W,50,,,,,,,,,,,,,
AL,UNNAMED,1888,3,44,18880822,1800,,EX,44.7N,65.3W,50,,,,,,,,,,,,,
AL,UNNAMED,1888,3,44,18880823,0,,EX,46.2N,62.8W,50,,,,,,,,,,,,,
AL,UNNAMED,1888,3,44,18880823,600,,EX,47.7N,60.5W,50,,,,,,,,,,,,,
AL,UNNAMED,1888,3,44,18880823,1200,,EX,49.2N,59.0W,45,,,,,,,,,,,,,
AL,UNNAMED,1888,3,44,18880823,1800,,EX,50.6N,57.1W,45,,,,,,,,,,,,,
AL,UNNAMED,1888,3,44,18880824,0,,EX,51.8N,55.8W,40,,,,,,,,,,,,,
AL,UNNAMED,1888,3,44,18880824,600,,EX,53.0N,55.0W,40,,,,,,,,,,,,,
AL,UNNAMED,1888,3,44,18880824,1200,,EX,54.0N,54.0W,35,,,,,,,,,,,,,
AL,UNNAMED,1888,3,44,18880824,1800,,EX,55.2N,53.0W,35,,,,,,,,,,,,,
AL,UNNAMED,1888,4,34,18880831,0,,TS,19.3N,60.3W,60,,,,,,,,,,,,,
AL,UNNAMED,1888,4,34,18880831,600,,HU,19.5N,61.3W,65,,,,,,,,,,,,,
AL,UNNAMED,1888,4,34,18880831,1200,,HU,19.7N,62.3W,70,,,,,,,,,,,,,
AL,UNNAMED,1888,4,34,18880831,1800,,HU,20.1N,63.7W,70,,,,,,,,,,,,,
AL,UNNAMED,1888,4,34,18880901,0,,HU,20.5N,64.9W,75,,,,,,,,,,,,,
AL,UNNAMED,1888,4,34,18880901,600,,HU,20.8N,66.1W,75,,,,,,,,,,,,,
AL,UNNAMED,1888,4,34,18880901,1200,,HU,21.0N,67.1W,80,,,,,,,,,,,,,
AL,UNNAMED,1888,4,34,18880901,1800,,HU,21.1N,67.9W,80,,,,,,,,,,,,,
AL,UNNAMED,1888,4,34,18880902,0,,HU,21.2N,68.5W,85,,,,,,,,,,,,,
AL,UNNAMED,1888,4,34,18880902,600,,HU,21.3N,69.2W,85,,,,,,,,,,,,,
AL,UNNAMED,1888,4,34,18880902,1200,,HU,21.4N,70.1W,90,,,,,,,,,,,,,
AL,UNNAMED,1888,4,34,18880902,1800,,HU,21.6N,71.3W,90,,,,,,,,,,,,,
AL,UNNAMED,1888,4,34,18880903,0,,HU,21.8N,72.4W,95,,,,,,,,,,,,,
AL,UNNAMED,1888,4,34,18880903,600,,HU,21.9N,73.6W,100,,,,,,,,,,,,,
AL,UNNAMED,1888,4,34,18880903,1200,,HU,22.1N,74.8W,105,,,,,,,,,,,,,
AL,UNNAMED,1888,4,34,18880903,1800,,HU,22.3N,75.9W,110,,,,,,,,,,,,,
AL,UNNAMED,1888,4,34,18880904,0,,HU,22.5N,77.0W,110,,,,,,,,,,,,,
AL,UNNAMED,1888,4,34,18880904,600,,HU,22.7N,78.2W,110,,,,,,,,,,,,,
AL,UNNAMED,1888,4,34,18880904,1200,,HU,22.9N,79.7W,110,,,,,,,,,,,,,
AL,UNNAMED,1888,4,34,18880904,1800,,HU,23.0N,80.8W,90,,,,,,,,,,,,,
AL,UNNAMED,1888,4,34,18880905,0,,HU,23.0N,81.9W,80,,,,,,,,,,,,,
AL,UNNAMED,1888,4,34,18880905,600,,HU,22.8N,82.8W,75,,,,,,,,,,,,,
AL,UNNAMED,1888,4,34,18880905,1200,,HU,22.5N,83.7W,70,,,,,,,,,,,,,
AL,UNNAMED,1888,4,34,18880905,1800,,HU,22.2N,84.9W,70,,,,,,,,,,,,,
AL,UNNAMED,1888,4,34,18880906,0,,HU,21.8N,86.1W,70,,,,,,,,,,,,,
AL,UNNAMED,1888,4,34,18880906,600,,HU,21.4N,87.1W,70,,,,,,,,,,,,,
AL,UNNAMED,1888,4,34,18880906,1200,,TS,21.1N,88.0W,60,,,,,,,,,,,,,
AL,UNNAMED,1888,4,34,18880906,1800,,TS,20.8N,89.0W,55,,,,,,,,,,,,,
AL,UNNAMED,1888,4,34,18880907,0,,TS,20.5N,90.0W,50,,,,,,,,,,,,,
AL,UNNAMED,1888,4,34,18880907,600,,TS,20.2N,91.1W,60,,,,,,,,,,,,,
AL,UNNAMED,1888,4,34,18880907,1200,,HU,19.9N,92.3W,70,,,,,,,,,,,,,
AL,UNNAMED,1888,4,34,18880907,1800,,HU,19.5N,93.3W,85,,,,,,,,,,,,,
AL,UNNAMED,1888,4,34,18880908,0,,HU,19.0N,94.3W,75,,,,,,,,,,,,,
AL,UNNAMED,1888,4,34,18880908,600,,TS,18.0N,95.2W,35,,,,,,,,,,,,,
AL,UNNAMED,1888,5,28,18880906,600,,TS,23.5N,71.7W,35,,,,,,,,,,,,,
AL,UNNAMED,1888,5,28,18880906,1200,,TS,23.9N,73.0W,35,,,,,,,,,,,,,
AL,UNNAMED,1888,5,28,18880906,1800,,TS,24.4N,74.3W,40,,,,,,,,,,,,,
AL,UNNAMED,1888,5,28,18880907,0,,TS,24.8N,75.5W,40,,,,,,,,,,,,,
AL,UNNAMED,1888,5,28,18880907,600,,TS,25.3N,76.8W,45,,,,,,,,,,,,,
AL,UNNAMED,1888,5,28,18880907,1200,,TS,25.8N,78.0W,45,,,,,,,,,,,,,
AL,UNNAMED,1888,5,28,18880907,1800,,TS,26.2N,79.2W,45,,,,,,,,,,,,,
AL,UNNAMED,1888,5,28,18880908,0,L,TS,26.7N,80.1W,45,,,,,,,,,,,,,
AL,UNNAMED,1888,5,28,18880908,600,,TS,27.2N,81.1W,35,,,,,,,,,,,,,
AL,UNNAMED,1888,5,28,18880908,1200,,TS,27.7N,81.8W,35,1002,,,,,,,,,,,,
AL,UNNAMED,1888,5,28,18880908,1800,,TS,28.3N,82.4W,40,,,,,,,,,,,,,
AL,UNNAMED,1888,5,28,18880909,0,,TS,28.6N,82.6W,45,,,,,,,,,,,,,
AL,UNNAMED,1888,5,28,18880909,600,,TS,29.2N,82.9W,50,999,,,,,,,,,,,,
AL,UNNAMED,1888,5,28,18880909,1200,,TS,30.1N,82.9W,45,,,,,,,,,,,,,
AL,UNNAMED,1888,5,28,18880909,1800,,TS,31.2N,82.3W,40,,,,,,,,,,,,,
AL,UNNAMED,1888,5,28,18880910,0,,TS,32.5N,81.5W,35,,,,,,,,,,,,,
AL,UNNAMED,1888,5,28,18880910,600,,TS,33.9N,80.6W,35,,,,,,,,,,,,,
AL,UNNAMED,1888,5,28,18880910,1200,,TS,35.0N,79.7W,35,,,,,,,,,,,,,
AL,UNNAMED,1888,5,28,18880910,1800,,TS,35.9N,78.8W,35,,,,,,,,,,,,,
AL,UNNAMED,1888,5,28,18880911,0,,TS,36.7N,77.9W,35,,,,,,,,,,,,,
AL,UNNAMED,1888,5,28,18880911,600,,TS,37.6N,76.9W,35,,,,,,,,,,,,,
AL,UNNAMED,1888,5,28,18880911,1200,,EX,38.5N,75.9W,35,,,,,,,,,,,,,
AL,UNNAMED,1888,5,28,18880911,1800,,EX,39.5N,74.7W,35,,,,,,,,,,,,,
AL,UNNAMED,1888,5,28,18880912,0,,EX,40.6N,73.3W,35,,,,,,,,,,,,,
AL,UNNAMED,1888,5,28,18880912,600,,EX,41.8N,71.6W,35,,,,,,,,,,,,,
AL,UNNAMED,1888,5,28,18880912,1200,,EX,43.0N,69.9W,35,,,,,,,,,,,,,
AL,UNNAMED,1888,5,28,18880912,1800,,EX,44.2N,67.5W,35,,,,,,,,,,,,,
AL,UNNAMED,1888,5,28,18880913,0,,EX,45.8N,64.8W,35,,,,,,,,,,,,,
AL,UNNAMED,1888,6,18,18880923,1200,,TS,24.3N,81.0W,35,,,,,,,,,,,,,
AL,UNNAMED,1888,6,18,18880923,1800,,TS,25.5N,80.2W,35,,,,,,,,,,,,,
AL,UNNAMED,1888,6,18,18880924,0,,TS,26.6N,79.7W,40,,,,,,,,,,,,,
AL,UNNAMED,1888,6,18,18880924,600,,TS,27.7N,79.1W,40,,,,,,,,,,,,,
AL,UNNAMED,1888,6,18,18880924,1200,,TS,28.7N,78.6W,45,,,,,,,,,,,,,
AL,UNNAMED,1888,6,18,18880924,1800,,TS,29.5N,78.2W,45,,,,,,,,,,,,,
AL,UNNAMED,1888,6,18,18880925,0,,TS,30.1N,77.8W,45,,,,,,,,,,,,,
AL,UNNAMED,1888,6,18,18880925,600,,TS,30.7N,77.5W,50,,,,,,,,,,,,,
AL,UNNAMED,1888,6,18,18880925,1200,,TS,31.7N,76.9W,55,,,,,,,,,,,,,
AL,UNNAMED,1888,6,18,18880925,1800,,TS,33.5N,75.7W,60,,,,,,,,,,,,,
AL,UNNAMED,1888,6,18,18880926,0,,HU,36.1N,73.9W,65,,,,,,,,,,,,,
AL,UNNAMED,1888,6,18,18880926,600,,HU,38.9N,71.9W,70,,,,,,,,,,,,,
AL,UNNAMED,1888,6,18,18880926,1200,,HU,41.2N,70.2W,70,985,,,,,,,,,,,,
AL,UNNAMED,1888,6,18,18880926,1300,L,HU,41.6N,69.9W,70,985,,,,,,,,,,,,
AL,UNNAMED,1888,6,18,18880926,1800,,TS,43.0N,68.9W,60,,,,,,,,,,,,,
AL,UNNAMED,1888,6,18,18880927,0,,EX,44.8N,67.5W,50,,,,,,,,,,,,,
AL,UNNAMED,1888,6,18,18880927,600,,EX,46.4N,66.3W,40,,,,,,,,,,,,,
AL,UNNAMED,1888,6,18,18880927,1200,,EX,47.8N,65.2W,35,,,,,,,,,,,,,
AL,UNNAMED,1888,7,20,18881008,1200,,TS,21.7N,93.4W,35,,,,,,,,,,,,,
AL,UNNAMED,1888,7,20,18881008,1800,,TS,22.3N,92.6W,45,,,,,,,,,,,,,
AL,UNNAMED,1888,7,20,18881009,0,,TS,22.9N,91.8W,50,,,,,,,,,,,,,
AL,UNNAMED,1888,7,20,18881009,600,,TS,23.6N,90.9W,60,,,,,,,,,,,,,
AL,UNNAMED,1888,7,20,18881009,1200,,HU,24.2N,90.0W,65,,,,,,,,,,,,,
AL,UNNAMED,1888,7,20,18881009,1800,,HU,24.9N,89.1W,75,,,,,,,,,,,,,
AL,UNNAMED,1888,7,20,18881010,0,,HU,25.6N,88.2W,80,,,,,,,,,,,,,
AL,UNNAMED,1888,7,20,18881010,600,,HU,26.3N,87.2W,85,,,,,,,,,,,,,
AL,UNNAMED,1888,7,20,18881010,1200,,HU,27.0N,86.0W,90,,,,,,,,,,,,,
AL,UNNAMED,1888,7,20,18881010,1800,,HU,27.7N,84.6W,95,,,,,,,,,,,,,
AL,UNNAMED,1888,7,20,18881011,0,,HU,29.0N,83.3W,95,970,,,,,,,,,,,,
AL,UNNAMED,1888,7,20,18881011,100,L,HU,29.2N,83.1W,95,970,,,,,,,,,,,,
AL,UNNAMED,1888,7,20,18881011,600,,HU,30.5N,81.3W,70,,,,,,,,,,,,,
AL,UNNAMED,1888,7,20,18881011,1200,,TS,32.3N,79.5W,60,,,,,,,,,,,,,
AL,UNNAMED,1888,7,20,18881011,1600,L,TS,33.9N,78.1W,60,,,,,,,,,,,,,
AL,UNNAMED,1888,7,20,18881011,1800,,TS,34.5N,77.5W,55,,,,,,,,,,,,,
AL,UNNAMED,1888,7,20,18881012,0,,TS,36.4N,75.6W,50,,,,,,,,,,,,,
AL,UNNAMED,1888,7,20,18881012,600,,TS,38.4N,73.7W,45,,,,,,,,,,,,,
AL,UNNAMED,1888,7,20,18881012,1200,,TS,40.6N,71.8W,40,,,,,,,,,,,,,
AL,UNNAMED,1888,7,20,18881012,1800,,TS,41.9N,67.2W,35,,,,,,,,,,,,,
AL,UNNAMED,1888,8,31,18881101,600,,TS,12.3N,59.9W,35,,,,,,,,,,,,,
AL,UNNAMED,1888,8,31,18881101,1200,,TS,13.3N,61.0W,35,,,,,,,,,,,,,
AL,UNNAMED,1888,8,31,18881101,1800,,TS,14.4N,61.1W,35,,,,,,,,,,,,,
AL,UNNAMED,1888,8,31,18881102,0,,TS,15.5N,61.2W,35,,,,,,,,,,,,,
AL,UNNAMED,1888,8,31,18881102,600,,TS,16.6N,61.3W,35,,,,,,,,,,,,,
AL,UNNAMED,1888,8,31,18881102,1200,,TS,17.5N,61.3W,40,,,,,,,,,,,,,
AL,UNNAMED,1888,8,31,18881102,1800,,TS,18.4N,61.3W,40,,,,,,,,,,,,,
AL,UNNAMED,1888,8,31,18881103,0,,TS,19.2N,61.3W,40,,,,,,,,,,,,,
AL,UNNAMED,1888,8,31,18881103,600,,TS,20.0N,61.2W,40,,,,,,,,,,,,,
AL,UNNAMED,1888,8,31,18881103,1200,,TS,20.8N,61.1W,45,,,,,,,,,,,,,
AL,UNNAMED,1888,8,31,18881103,1800,,TS,21.7N,61.0W,45,,,,,,,,,,,,,
AL,UNNAMED,1888,8,31,18881104,0,,TS,22.6N,60.7W,45,,,,,,,,,,,,,
AL,UNNAMED,1888,8,31,18881104,600,,TS,23.5N,60.2W,45,,,,,,,,,,,,,
AL,UNNAMED,1888,8,31,18881104,1200,,TS,24.5N,59.7W,50,,,,,,,,,,,,,
AL,UNNAMED,1888,8,31,18881104,1800,,TS,25.5N,58.8W,50,,,,,,,,,,,,,
AL,UNNAMED,1888,8,31,18881105,0,,TS,26.6N,57.9W,50,,,,,,,,,,,,,
AL,UNNAMED,1888,8,31,18881105,600,,TS,27.7N,57.0W,50,,,,,,,,,,,,,
AL,UNNAMED,1888,8,31,18881105,1200,,TS,28.7N,56.0W,50,,,,,,,,,,,,,
AL,UNNAMED,1888,8,31,18881105,1800,,TS,29.5N,55.0W,50,,,,,,,,,,,,,
AL,UNNAMED,1888,8,31,18881106,0,,TS,30.6N,53.9W,50,,,,,,,,,,,,,
AL,UNNAMED,1888,8,31,18881106,600,,TS,31.5N,53.0W,50,,,,,,,,,,,,,
AL,UNNAMED,1888,8,31,18881106,1200,,TS,32.3N,52.0W,50,,,,,,,,,,,,,
AL,UNNAMED,1888,8,31,18881106,1800,,TS,33.1N,51.3W,50,,,,,,,,,,,,,
AL,UNNAMED,1888,8,31,18881107,0,,TS,33.7N,50.8W,50,,,,,,,,,,,,,
AL,UNNAMED,1888,8,31,18881107,600,,TS,34.4N,50.4W,50,,,,,,,,,,,,,
AL,UNNAMED,1888,8,31,18881107,1200,,TS,35.1N,49.8W,45,,,,,,,,,,,,,
AL,UNNAMED,1888,8,31,18881107,1800,,TS,36.0N,49.0W,45,,,,,,,,,,,,,
AL,UNNAMED,1888,8,31,18881108,0,,TS,36.9N,48.2W,45,,,,,,,,,,,,,
AL,UNNAMED,1888,8,31,18881108,600,,TS,37.9N,47.2W,40,,,,,,,,,,,,,
AL,UNNAMED,1888,8,31,18881108,1200,,TS,39.0N,46.2W,35,,,,,,,,,,,,,
AL,UNNAMED,1888,8,31,18881108,1800,,TS,40.0N,45.2W,35,,,,,,,,,,,,,
AL,UNNAMED,1888,9,64,18881117,0,,TS,23.2N,56.0W,50,,,,,,,,,,,,,
AL,UNNAMED,1888,9,64,18881117,600,,TS,23.5N,56.6W,55,,,,,,,,,,,,,
AL,UNNAMED,1888,9,64,18881117,1200,,TS,23.8N,57.1W,60,,,,,,,,,,,,,
AL,UNNAMED,1888,9,64,18881117,1800,,TS,24.2N,57.8W,60,,,,,,,,,,,,,
AL,UNNAMED,1888,9,64,18881118,0,,TS,24.6N,58.5W,60,,,,,,,,,,,,,
AL,UNNAMED,1888,9,64,18881118,600,,TS,24.9N,59.2W,60,,,,,,,,,,,,,
AL,UNNAMED,1888,9,64,18881118,1200,,TS,25.1N,59.8W,60,,,,,,,,,,,,,
AL,UNNAMED,1888,9,64,18881118,1800,,TS,25.2N,60.5W,60,,,,,,,,,,,,,
AL,UNNAMED,1888,9,64,18881119,0,,TS,25.3N,61.2W,60,,,,,,,,,,,,,
AL,UNNAMED,1888,9,64,18881119,600,,TS,25.4N,61.9W,60,,,,,,,,,,,,,
AL,UNNAMED,1888,9,64,18881119,1200,,TS,25.5N,62.6W,60,,,,,,,,,,,,,
AL,UNNAMED,1888,9,64,18881119,1800,,TS,25.7N,63.4W,60,,,,,,,,,,,,,
AL,UNNAMED,1888,9,64,18881120,0,,TS,26.0N,64.2W,60,,,,,,,,,,,,,
AL,UNNAMED,1888,9,64,18881120,600,,TS,26.3N,65.0W,60,,,,,,,,,,,,,
AL,UNNAMED,1888,9,64,18881120,1200,,TS,26.7N,65.7W,60,,,,,,,,,,,,,
AL,UNNAMED,1888,9,64,18881120,1800,,HU,26.9N,66.4W,65,,,,,,,,,,,,,
AL,UNNAMED,1888,9,64,18881121,0,,HU,27.1N,67.1W,65,,,,,,,,,,,,,
AL,UNNAMED,1888,9,64,18881121,600,,HU,27.5N,68.0W,70,,,,,,,,,,,,,
AL,UNNAMED,1888,9,64,18881121,1200,,HU,27.7N,68.7W,70,,,,,,,,,,,,,
AL,UNNAMED,1888,9,64,18881121,1800,,HU,28.1N,69.5W,70,,,,,,,,,,,,,
AL,UNNAMED,1888,9,64,18881122,0,,HU,28.4N,70.5W,75,,,,,,,,,,,,,
AL,UNNAMED,1888,9,64,18881122,600,,HU,28.8N,71.4W,75,,,,,,,,,,,,,
AL,UNNAMED,1888,9,64,18881122,1200,,HU,29.3N,72.3W,80,,,,,,,,,,,,,
AL,UNNAMED,1888,9,64,18881122,1800,,HU,29.6N,72.9W,80,,,,,,,,,,,,,
AL,UNNAMED,1888,9,64,18881123,0,,HU,29.8N,73.5W,80,,,,,,,,,,,,,
AL,UNNAMED,1888,9,64,18881123,600,,HU,30.1N,74.2W,85,,,,,,,,,,,,,
AL,UNNAMED,1888,9,64,18881123,1200,,HU,30.5N,74.7W,85,,,,,,,,,,,,,
AL,UNNAMED,1888,9,64,18881123,1800,,HU,31.0N,75.1W,85,,,,,,,,,,,,,
AL,UNNAMED,1888,9,64,18881124,0,,HU,31.5N,75.5W,85,,,,,,,,,,,,,
AL,UNNAMED,1888,9,64,18881124,600,,HU,32.1N,75.8W,85,,,,,,,,,,,,,
AL,UNNAMED,1888,9,64,18881124,1200,,HU,32.7N,75.7W,85,,,,,,,,,,,,,
AL,UNNAMED,1888,9,64,18881124,1800,,HU,33.1N,75.5W,85,,,,,,,,,,,,,
AL,UNNAMED,1888,9,64,18881125,0,,HU,33.6N,75.2W,85,,,,,,,,,,,,,
AL,UNNAMED,1888,9,64,18881125,600,,HU,34.0N,75.0W,85,,,,,,,,,,,,,
AL,UNNAMED,1888,9,64,18881125,1200,,HU,34.5N,74.7W,85,,,,,,,,,,,,,
AL,UNNAMED,1888,9,64,18881125,1800,,HU,35.3N,74.2W,85,,,,,,,,,,,,,
AL,UNNAMED,1888,9,64,18881126,0,,EX,36.1N,73.6W,80,,,,,,,,,,,,,
AL,UNNAMED,1888,9,64,18881126,600,,EX,37.0N,73.0W,80,,,,,,,,,,,,,
AL,UNNAMED,1888,9,64,18881126,1200,,EX,38.0N,72.3W,80,,,,,,,,,,,,,
AL,UNNAMED,1888,9,64,18881126,1800,,EX,38.5N,71.9W,80,,,,,,,,,,,,,
AL,UNNAMED,1888,9,64,18881127,0,,EX,39.3N,71.2W,80,,,,,,,,,,,,,
AL,UNNAMED,1888,9,64,18881127,600,,EX,40.0N,70.4W,80,,,,,,,,,,,,,
AL,UNNAMED,1888,9,64,18881127,1200,,EX,40.7N,69.7W,80,,,,,,,,,,,,,
AL,UNNAMED,1888,9,64,18881127,1800,,EX,41.5N,69.1W,80,,,,,,,,,,,,,
AL,UNNAMED,1888,9,64,18881128,0,,EX,42.4N,68.4W,80,,,,,,,,,,,,,
AL,UNNAMED,1888,9,64,18881128,600,,EX,43.3N,67.6W,80,,,,,,,,,,,,,
AL,UNNAMED,1888,9,64,18881128,1200,,EX,44.1N,66.6W,80,,,,,,,,,,,,,
AL,UNNAMED,1888,9,64,18881128,1800,,EX,44.8N,65.2W,70,,,,,,,,,,,,,
AL,UNNAMED,1888,9,64,18881129,0,,EX,45.5N,63.5W,60,,,,,,,,,,,,,
AL,UNNAMED,1888,9,64,18881129,600,,EX,46.0N,61.7W,50,,,,,,,,,,,,,
AL,UNNAMED,1888,9,64,18881129,1200,,EX,46.4N,60.0W,45,,,,,,,,,,,,,
AL,UNNAMED,1888,9,64,18881129,1800,,EX,46.7N,58.7W,45,,,,,,,,,,,,,
AL,UNNAMED,1888,9,64,18881130,0,,EX,46.9N,57.5W,45,,,,,,,,,,,,,
AL,UNNAMED,1888,9,64,18881130,600,,EX,47.1N,56.1W,45,,,,,,,,,,,,,
AL,UNNAMED,1888,9,64,18881130,1200,,EX,47.2N,54.3W,45,,,,,,,,,,,,,
AL,UNNAMED,1888,9,64,18881130,1800,,EX,47.2N,52.0W,45,,,,,,,,,,,,,
AL,UNNAMED,1888,9,64,18881201,0,,EX,47.2N,49.7W,40,,,,,,,,,,,,,
AL,UNNAMED,1888,9,64,18881201,600,,EX,47.2N,47.3W,50,,,,,,,,,,,,,
AL,UNNAMED,1888,9,64,18881201,1200,,EX,47.2N,45.0W,55,,,,,,,,,,,,,
AL,UNNAMED,1888,9,64,18881201,1800,,EX,47.2N,42.7W,55,,,,,,,,,,,,,
AL,UNNAMED,1888,9,64,18881202,0,,EX,47.3N,40.4W,60,,,,,,,,,,,,,
AL,UNNAMED,1888,9,64,18881202,600,,EX,47.4N,38.1W,60,,,,,,,,,,,,,
AL,UNNAMED,1888,9,64,18881202,1200,,EX,47.5N,35.8W,60,,,,,,,,,,,,,
AL,UNNAMED,1888,9,64,18881202,1800,,EX,48.0N,33.3W,60,,,,,,,,,,,,,
AL,UNNAMED,1889,1,24,18890516,600,,TS,21.5N,64.1W,35,,,,,,,,,,,,,
AL,UNNAMED,1889,1,24,18890516,1200,,TS,21.7N,64.8W,40,,,,,,,,,,,,,
AL,UNNAMED,1889,1,24,18890516,1800,,TS,21.9N,65.2W,40,,,,,,,,,,,,,
AL,UNNAMED,1889,1,24,18890517,0,,TS,22.1N,65.7W,45,,,,,,,,,,,,,
AL,UNNAMED,1889,1,24,18890517,600,,TS,22.4N,66.3W,50,,,,,,,,,,,,,
AL,UNNAMED,1889,1,24,18890517,1200,,TS,22.8N,67.0W,50,,,,,,,,,,,,,
AL,UNNAMED,1889,1,24,18890517,1800,,TS,23.3N,67.8W,50,,,,,,,,,,,,,
AL,UNNAMED,1889,1,24,18890518,0,,TS,23.9N,68.6W,50,,,,,,,,,,,,,
AL,UNNAMED,1889,1,24,18890518,600,,TS,24.5N,69.5W,50,,,,,,,,,,,,,
AL,UNNAMED,1889,1,24,18890518,1200,,TS,25.3N,70.4W,50,,,,,,,,,,,,,
AL,UNNAMED,1889,1,24,18890518,1800,,TS,26.2N,71.4W,50,,,,,,,,,,,,,
AL,UNNAMED,1889,1,24,18890519,0,,TS,27.3N,72.6W,50,,,,,,,,,,,,,
AL,UNNAMED,1889,1,24,18890519,600,,TS,28.3N,73.8W,50,,,,,,,,,,,,,
AL,UNNAMED,1889,1,24,18890519,1200,,TS,29.2N,74.8W,55,,,,,,,,,,,,,
AL,UNNAMED,1889,1,24,18890519,1800,,TS,29.9N,75.4W,55,,,,,,,,,,,,,
AL,UNNAMED,1889,1,24,18890520,0,,TS,30.5N,75.5W,55,,,,,,,,,,,,,
AL,UNNAMED,1889,1,24,18890520,600,,TS,31.2N,75.3W,60,,,,,,,,,,,,,
AL,UNNAMED,1889,1,24,18890520,1200,,HU,31.9N,74.9W,65,,,,,,,,,,,,,
AL,UNNAMED,1889,1,24,18890520,1800,,HU,32.8N,74.1W,70,,,,,,,,,,,,,
AL,UNNAMED,1889,1,24,18890521,0,,HU,33.7N,73.1W,70,,,,,,,,,,,,,
AL,UNNAMED,1889,1,24,18890521,600,,TS,34.6N,72.0W,60,,,,,,,,,,,,,
AL,UNNAMED,1889,1,24,18890521,1200,,EX,35.8N,70.8W,55,,,,,,,,,,,,,
AL,UNNAMED,1889,1,24,18890521,1800,,EX,37.1N,70.2W,45,,,,,,,,,,,,,
AL,UNNAMED,1889,1,24,18890522,0,,EX,38.4N,69.8W,35,,,,,,,,,,,,,
AL,UNNAMED,1889,2,25,18890615,0,,TS,19.8N,83.7W,35,,,,,,,,,,,,,
AL,UNNAMED,1889,2,25,18890615,600,,TS,20.6N,84.0W,45,,,,,,,,,,,,,
AL,UNNAMED,1889,2,25,18890615,1200,,TS,21.3N,84.3W,55,,,,,,,,,,,,,
AL,UNNAMED,1889,2,25,18890615,1800,,HU,22.0N,84.6W,65,,,,,,,,,,,,,
AL,UNNAMED,1889,2,25,18890616,0,,HU,22.8N,85.0W,65,,,,,,,,,,,,,
AL,UNNAMED,1889,2,25,18890616,600,,TS,23.7N,85.4W,60,,,,,,,,,,,,,
AL,UNNAMED,1889,2,25,18890616,1200,,TS,24.6N,85.5W,55,,,,,,,,,,,,,
AL,UNNAMED,1889,2,25,18890616,1800,,TS,25.6N,85.4W,50,,,,,,,,,,,,,
AL,UNNAMED,1889,2,25,18890617,0,,TS,26.6N,85.1W,45,,,,,,,,,,,,,
AL,UNNAMED,1889,2,25,18890617,600,,TS,27.6N,84.5W,45,,,,,,,,,,,,,
AL,UNNAMED,1889,2,25,18890617,1200,,TS,28.6N,83.5W,45,,,,,,,,,,,,,
AL,UNNAMED,1889,2,25,18890617,1500,L,TS,29.1N,82.9W,45,,,,,,,,,,,,,
AL,UNNAMED,1889,2,25,18890617,1800,,TS,29.6N,82.2W,40,,,,,,,,,,,,,
AL,UNNAMED,1889,2,25,18890618,0,,TS,30.7N,80.9W,35,,,,,,,,,,,,,
AL,UNNAMED,1889,2,25,18890618,600,,TS,31.7N,79.5W,40,,,,,,,,,,,,,
AL,UNNAMED,1889,2,25,18890618,1200,,TS,32.7N,78.2W,40,,,,,,,,,,,,,
AL,UNNAMED,1889,2,25,18890618,1800,,TS,33.7N,77.0W,45,,,,,,,,,,,,,
AL,UNNAMED,1889,2,25,18890619,0,,TS,34.5N,75.9W,45,,,,,,,,,,,,,
AL,UNNAMED,1889,2,25,18890619,600,,TS,35.4N,74.7W,45,,,,,,,,,,,,,
AL,UNNAMED,1889,2,25,18890619,1200,,TS,36.3N,73.4W,45,,,,,,,,,,,,,
AL,UNNAMED,1889,2,25,18890619,1800,,TS,37.3N,71.6W,45,,,,,,,,,,,,,
AL,UNNAMED,1889,2,25,18890620,0,,TS,38.4N,69.4W,45,,,,,,,,,,,,,
AL,UNNAMED,1889,2,25,18890620,600,,TS,39.7N,66.8W,45,,,,,,,,,,,,,
AL,UNNAMED,1889,2,25,18890620,1200,,TS,41.0N,64.0W,40,,,,,,,,,,,,,
AL,UNNAMED,1889,2,25,18890620,1800,,TS,42.5N,61.2W,35,,,,,,,,,,,,,
AL,UNNAMED,1889,3,39,18890819,600,,TS,16.8N,69.2W,35,,,,,,,,,,,,,
AL,UNNAMED,1889,3,39,18890819,1200,,TS,17.3N,69.6W,40,,,,,,,,,,,,,
AL,UNNAMED,1889,3,39,18890819,1800,,TS,17.8N,69.9W,50,,,,,,,,,,,,,
AL,UNNAMED,1889,3,39,18890820,0,,TS,18.3N,70.3W,50,,,,,,,,,,,,,
AL,UNNAMED,1889,3,39,18890820,600,,TS,18.7N,70.6W,35,,,,,,,,,,,,,
AL,UNNAMED,1889,3,39,18890820,1200,,TD,19.2N,70.9W,30,,,,,,,,,,,,,
AL,UNNAMED,1889,3,39,18890820,1800,,TD,19.6N,71.2W,30,,,,,,,,,,,,,
AL,UNNAMED,1889,3,39,18890821,0,,TS,20.0N,71.5W,35,,,,,,,,,,,,,
AL,UNNAMED,1889,3,39,18890821,600,,TS,20.4N,71.8W,50,,,,,,,,,,,,,
AL,UNNAMED,1889,3,39,18890821,1200,,TS,20.8N,72.1W,55,,,,,,,,,,,,,
AL,UNNAMED,1889,3,39,18890821,1800,,TS,21.3N,72.5W,60,,,,,,,,,,,,,
AL,UNNAMED,1889,3,39,18890822,0,,TS,21.8N,72.8W,60,,,,,,,,,,,,,
AL,UNNAMED,1889,3,39,18890822,600,,TS,22.3N,73.2W,60,,,,,,,,,,,,,
AL,UNNAMED,1889,3,39,18890822,1200,,TS,23.0N,73.6W,60,,,,,,,,,,,,,
AL,UNNAMED,1889,3,39,18890822,1800,,TS,23.7N,74.0W,60,,,,,,,,,,,,,
AL,UNNAMED,1889,3,39,18890823,0,,TS,24.5N,74.4W,60,,,,,,,,,,,,,
AL,UNNAMED,1889,3,39,18890823,600,,TS,25.3N,74.8W,60,,,,,,,,,,,,,
AL,UNNAMED,1889,3,39,18890823,1200,,TS,26.2N,75.2W,60,,,,,,,,,,,,,
AL,UNNAMED,1889,3,39,18890823,1800,,TS,27.1N,75.5W,60,,,,,,,,,,,,,
AL,UNNAMED,1889,3,39,18890824,0,,TS,28.0N,75.7W,60,,,,,,,,,,,,,
AL,UNNAMED,1889,3,39,18890824,600,,TS,28.9N,75.7W,60,,,,,,,,,,,,,
AL,UNNAMED,1889,3,39,18890824,1200,,TS,29.8N,75.5W,60,,,,,,,,,,,,,
AL,UNNAMED,1889,3,39,18890824,1800,,TS,30.7N,75.1W,60,,,,,,,,,,,,,
AL,UNNAMED,1889,3,39,18890825,0,,TS,31.5N,74.5W,60,,,,,,,,,,,,,
AL,UNNAMED,1889,3,39,18890825,600,,TS,32.2N,73.9W,60,,,,,,,,,,,,,
AL,UNNAMED,1889,3,39,18890825,1200,,TS,32.9N,73.4W,60,,,,,,,,,,,,,
AL,UNNAMED,1889,3,39,18890825,1800,,TS,33.5N,73.0W,60,,,,,,,,,,,,,
AL,UNNAMED,1889,3,39,18890826,0,,TS,34.1N,72.6W,60,,,,,,,,,,,,,
AL,UNNAMED,1889,3,39,18890826,600,,TS,34.5N,72.3W,60,,,,,,,,,,,,,
AL,UNNAMED,1889,3,39,18890826,1200,,HU,35.0N,72.0W,65,,,,,,,,,,,,,
AL,UNNAMED,1889,3,39,18890826,1800,,HU,35.4N,71.8W,65,,,,,,,,,,,,,
AL,UNNAMED,1889,3,39,18890827,0,,HU,35.9N,71.7W,70,,,,,,,,,,,,,
AL,UNNAMED,1889,3,39,18890827,600,,HU,36.2N,71.6W,70,,,,,,,,,,,,,
AL,UNNAMED,1889,3,39,18890827,1200,,HU,36.6N,71.5W,70,,,,,,,,,,,,,
AL,UNNAMED,1889,3,39,18890827,1800,,HU,37.1N,71.5W,70,,,,,,,,,,,,,
AL,UNNAMED,1889,3,39,18890828,0,,HU,37.5N,71.5W,65,,,,,,,,,,,,,
AL,UNNAMED,1889,3,39,18890828,600,,TS,38.0N,71.5W,60,,,,,,,,,,,,,
AL,UNNAMED,1889,3,39,18890828,1200,,TS,38.5N,71.5W,50,,,,,,,,,,,,,
AL,UNNAMED,1889,3,39,18890828,1800,,TS,39.0N,71.5W,40,,,,,,,,,,,,,
AL,UNNAMED,1889,4,48,18890901,0,,TS,11.9N,55.0W,35,,,,,,,,,,,,,
AL,UNNAMED,1889,4,48,18890901,600,,TS,12.4N,55.7W,40,,,,,,,,,,,,,
AL,UNNAMED,1889,4,48,18890901,1200,,TS,13.0N,56.3W,45,,,,,,,,,,,,,
AL,UNNAMED,1889,4,48,18890901,1800,,TS,13.7N,57.2W,50,,,,,,,,,,,,,
AL,UNNAMED,1889,4,48,18890902,0,,TS,14.4N,58.2W,55,,,,,,,,,,,,,
AL,UNNAMED,1889,4,48,18890902,600,,TS,15.1N,59.3W,60,,,,,,,,,,,,,
AL,UNNAMED,1889,4,48,18890902,1200,,HU,15.7N,60.3W,65,,,,,,,,,,,,,
AL,UNNAMED,1889,4,48,18890902,1800,,HU,16.1N,61.3W,70,,,,,,,,,,,,,
AL,UNNAMED,1889,4,48,18890903,0,,HU,16.9N,62.3W,75,,,,,,,,,,,,,
AL,UNNAMED,1889,4,48,18890903,600,,HU,17.4N,63.2W,80,,,,,,,,,,,,,
AL,UNNAMED,1889,4,48,18890903,1200,,HU,18.0N,64.0W,90,,,,,,,,,,,,,
AL,UNNAMED,1889,4,48,18890903,1800,,HU,18.7N,65.0W,90,,,,,,,,,,,,,
AL,UNNAMED,1889,4,48,18890904,0,,HU,19.4N,66.0W,90,,,,,,,,,,,,,
AL,UNNAMED,1889,4,48,18890904,600,,HU,19.9N,66.8W,90,,,,,,,,,,,,,
AL,UNNAMED,1889,4,48,18890904,1200,,HU,20.5N,67.5W,90,,,,,,,,,,,,,
AL,UNNAMED,1889,4,48,18890904,1800,,HU,21.1N,68.1W,90,,,,,,,,,,,,,
AL,UNNAMED,1889,4,48,18890905,0,,HU,21.7N,68.5W,90,,,,,,,,,,,,,
AL,UNNAMED,1889,4,48,18890905,600,,HU,22.4N,68.7W,90,,,,,,,,,,,,,
AL,UNNAMED,1889,4,48,18890905,1200,,HU,23.3N,68.7W,90,,,,,,,,,,,,,
AL,UNNAMED,1889,4,48,18890905,1800,,HU,24.7N,68.5W,90,,,,,,,,,,,,,
AL,UNNAMED,1889,4,48,18890906,0,,HU,25.8N,67.9W,90,,,,,,,,,,,,,
AL,UNNAMED,1889,4,48,18890906,600,,HU,27.0N,66.9W,90,,,,,,,,,,,,,
AL,UNNAMED,1889,4,48,18890906,1200,,HU,28.3N,66.3W,90,,,,,,,,,,,,,
AL,UNNAMED,1889,4,48,18890906,1800,,HU,29.2N,66.3W,90,,,,,,,,,,,,,
AL,UNNAMED,1889,4,48,18890907,0,,HU,29.9N,66.4W,90,,,,,,,,,,,,,
AL,UNNAMED,1889,4,48,18890907,600,,HU,30.9N,66.5W,90,,,,,,,,,,,,,
AL,UNNAMED,1889,4,48,18890907,1200,,HU,32.0N,67.0W,90,,,,,,,,,,,,,
AL,UNNAMED,1889,4,48,18890907,1800,,HU,32.6N,67.4W,90,,,,,,,,,,,,,
AL,UNNAMED,1889,4,48,18890908,0,,HU,33.1N,67.7W,90,,,,,,,,,,,,,
AL,UNNAMED,1889,4,48,18890908,600,,HU,33.5N,68.0W,90,,,,,,,,,,,,,
AL,UNNAMED,1889,4,48,18890908,1200,,HU,34.0N,68.3W,90,,,,,,,,,,,,,
AL,UNNAMED,1889,4,48,18890908,1800,,HU,34.3N,68.5W,90,,,,,,,,,,,,,
AL,UNNAMED,1889,4,48,18890909,0,,HU,34.7N,68.8W,90,,,,,,,,,,,,,
AL,UNNAMED,1889,4,48,18890909,600,,HU,35.1N,69.2W,90,,,,,,,,,,,,,
AL,UNNAMED,1889,4,48,18890909,1200,,HU,35.5N,69.5W,90,,,,,,,,,,,,,
AL,UNNAMED,1889,4,48,18890909,1800,,HU,36.0N,69.8W,90,,,,,,,,,,,,,
AL,UNNAMED,1889,4,48,18890910,0,,HU,36.3N,70.0W,85,,,,,,,,,,,,,
AL,UNNAMED,1889,4,48,18890910,600,,HU,36.6N,70.2W,80,,,,,,,,,,,,,
AL,UNNAMED,1889,4,48,18890910,1200,,HU,37.0N,70.4W,80,,,,,,,,,,,,,
AL,UNNAMED,1889,4,48,18890910,1800,,HU,37.4N,70.7W,75,,,,,,,,,,,,,
AL,UNNAMED,1889,4,48,18890911,0,,HU,37.7N,71.1W,70,,,,,,,,,,,,,
AL,UNNAMED,1889,4,48,18890911,600,,HU,38.0N,71.6W,70,,,,,,,,,,,,,
AL,UNNAMED,1889,4,48,18890911,1200,,HU,38.3N,72.1W,65,,,,,,,,,,,,,
AL,UNNAMED,1889,4,48,18890911,1800,,TS,38.4N,72.5W,60,,,,,,,,,,,,,
AL,UNNAMED,1889,4,48,18890912,0,,TS,38.4N,72.9W,55,,,,,,,,,,,,,
AL,UNNAMED,1889,4,48,18890912,600,,TS,38.1N,73.4W,45,,,,,,,,,,,,,
AL,UNNAMED,1889,4,48,18890912,1200,,TS,37.7N,73.9W,40,,,,,,,,,,,,,
AL,UNNAMED,1889,4,48,18890912,1800,,TS,37.0N,74.5W,35,,,,,,,,,,,,,
AL,UNNAMED,1889,5,40,18890902,0,,TS,15.9N,42.9W,35,,,,,,,,,,,,,
AL,UNNAMED,1889,5,40,18890902,600,,TS,16.2N,43.8W,35,,,,,,,,,,,,,
AL,UNNAMED,1889,5,40,18890902,1200,,TS,16.6N,44.6W,40,,,,,,,,,,,,,
AL,UNNAMED,1889,5,40,18890902,1800,,TS,16.9N,45.4W,40,,,,,,,,,,,,,
AL,UNNAMED,1889,5,40,18890903,0,,TS,17.3N,46.5W,45,,,,,,,,,,,,,
AL,UNNAMED,1889,5,40,18890903,600,,TS,17.7N,47.9W,45,,,,,,,,,,,,,
AL,UNNAMED,1889,5,40,18890903,1200,,TS,18.0N,49.0W,50,,,,,,,,,,,,,
AL,UNNAMED,1889,5,40,18890903,1800,,TS,18.3N,50.4W,50,,,,,,,,,,,,,
AL,UNNAMED,1889,5,40,18890904,0,,TS,18.7N,51.9W,50,,,,,,,,,,,,,
AL,UNNAMED,1889,5,40,18890904,600,,TS,19.3N,53.1W,50,,,,,,,,,,,,,
AL,UNNAMED,1889,5,40,18890904,1200,,TS,20.0N,54.3W,50,,,,,,,,,,,,,
AL,UNNAMED,1889,5,40,18890904,1800,,TS,20.5N,55.0W,50,,,,,,,,,,,,,
AL,UNNAMED,1889,5,40,18890905,0,,TS,21.2N,55.6W,50,,,,,,,,,,,,,
AL,UNNAMED,1889,5,40,18890905,600,,TS,21.8N,56.1W,50,,,,,,,,,,,,,
AL,UNNAMED,1889,5,40,18890905,1200,,TS,22.5N,56.5W,50,,,,,,,,,,,,,
AL,UNNAMED,1889,5,40,18890905,1800,,TS,23.7N,57.2W,50,,,,,,,,,,,,,
AL,UNNAMED,1889,5,40,18890906,0,,TS,24.6N,57.6W,50,,,,,,,,,,,,,
AL,UNNAMED,1889,5,40,18890906,600,,TS,25.4N,57.8W,50,,,,,,,,,,,,,
AL,UNNAMED,1889,5,40,18890906,1200,,TS,26.3N,58.0W,50,,,,,,,,,,,,,
AL,UNNAMED,1889,5,40,18890906,1800,,TS,27.5N,57.9W,50,,,,,,,,,,,,,
AL,UNNAMED,1889,5,40,18890907,0,,TS,29.1N,57.3W,55,,,,,,,,,,,,,
AL,UNNAMED,1889,5,40,18890907,600,,TS,30.3N,56.3W,60,,,,,,,,,,,,,
AL,UNNAMED,1889,5,40,18890907,1200,,HU,31.3N,55.3W,65,,,,,,,,,,,,,
AL,UNNAMED,1889,5,40,18890907,1800,,HU,32.1N,54.1W,70,,,,,,,,,,,,,
AL,UNNAMED,1889,5,40,18890908,0,,HU,32.9N,52.4W,70,,,,,,,,,,,,,
AL,UNNAMED,1889,5,40,18890908,600,,HU,33.6N,50.7W,70,,,,,,,,,,,,,
AL,UNNAMED,1889,5,40,18890908,1200,,HU,34.0N,49.0W,70,,,,,,,,,,,,,
AL,UNNAMED,1889,5,40,18890908,1800,,HU,34.1N,47.7W,70,,,,,,,,,,,,,
AL,UNNAMED,1889,5,40,18890909,0,,HU,34.2N,46.3W,70,,,,,,,,,,,,,
AL,UNNAMED,1889,5,40,18890909,600,,HU,34.3N,44.8W,70,,,,,,,,,,,,,
AL,UNNAMED,1889,5,40,18890909,1200,,HU,34.5N,43.0W,70,,,,,,,,,,,,,
AL,UNNAMED,1889,5,40,18890909,1800,,HU,34.5N,41.1W,70,,,,,,,,,,,,,
AL,UNNAMED,1889,5,40,18890910,0,,HU,34.6N,39.0W,70,,,,,,,,,,,,,
AL,UNNAMED,1889,5,40,18890910,600,,HU,34.8N,37.1W,70,,,,,,,,,,,,,
AL,UNNAMED,1889,5,40,18890910,1200,,HU,35.3N,35.0W,70,,,,,,,,,,,,,
AL,UNNAMED,1889,5,40,18890910,1800,,HU,35.8N,32.9W,70,,,,,,,,,,,,,
AL,UNNAMED,1889,5,40,18890911,0,,HU,36.6N,30.9W,65,,,,,,,,,,,,,
AL,UNNAMED,1889,5,40,18890911,600,,TS,37.7N,29.0W,60,,,,,,,,,,,,,
AL,UNNAMED,1889,5,40,18890911,1200,,TS,39.0N,27.0W,50,,,,,,,,,,,,,
AL,UNNAMED,1889,5,40,18890911,1800,,TS,40.7N,24.5W,40,,,,,,,,,,,,,
AL,UNNAMED,1889,6,61,18890912,0,,TS,15.7N,59.5W,35,,,,,,,,,,,,,
AL,UNNAMED,1889,6,61,18890912,600,,TS,15.7N,60.7W,35,,,,,,,,,,,,,
AL,UNNAMED,1889,6,61,18890912,1200,,TS,15.7N,62.0W,40,,,,,,,,,,,,,
AL,UNNAMED,1889,6,61,18890912,1800,,TS,15.6N,63.3W,40,,,,,,,,,,,,,
AL,UNNAMED,1889,6,61,18890913,0,,TS,15.6N,64.5W,45,,,,,,,,,,,,,
AL,UNNAMED,1889,6,61,18890913,600,,TS,15.6N,65.9W,45,,,,,,,,,,,,,
AL,UNNAMED,1889,6,61,18890913,1200,,TS,15.7N,67.5W,50,,,,,,,,,,,,,
AL,UNNAMED,1889,6,61,18890913,1800,,TS,15.7N,68.8W,50,,,,,,,,,,,,,
AL,UNNAMED,1889,6,61,18890914,0,,TS,15.7N,70.5W,50,,,,,,,,,,,,,
AL,UNNAMED,1889,6,61,18890914,600,,TS,15.9N,72.1W,50,,,,,,,,,,,,,
AL,UNNAMED,1889,6,61,18890914,1200,,TS,16.0N,73.3W,50,,,,,,,,,,,,,
AL,UNNAMED,1889,6,61,18890914,1800,,TS,16.2N,74.2W,50,,,,,,,,,,,,,
AL,UNNAMED,1889,6,61,18890915,0,,TS,16.3N,75.7W,50,,,,,,,,,,,,,
AL,UNNAMED,1889,6,61,18890915,600,,TS,16.4N,76.6W,50,,,,,,,,,,,,,
AL,UNNAMED,1889,6,61,18890915,1200,,TS,16.7N,77.7W,50,,,,,,,,,,,,,
AL,UNNAMED,1889,6,61,18890915,1800,,TS,17.1N,79.0W,50,,,,,,,,,,,,,
AL,UNNAMED,1889,6,61,18890916,0,,TS,17.4N,79.7W,50,,,,,,,,,,,,,
AL,UNNAMED,1889,6,61,18890916,600,,TS,17.7N,80.7W,50,,,,,,,,,,,,,
AL,UNNAMED,1889,6,61,18890916,1200,,TS,18.0N,81.5W,55,,,,,,,,,,,,,
AL,UNNAMED,1889,6,61,18890916,1800,,TS,18.5N,82.7W,60,,,,,,,,,,,,,
AL,UNNAMED,1889,6,61,18890917,0,,HU,18.8N,83.6W,65,,,,,,,,,,,,,
AL,UNNAMED,1889,6,61,18890917,600,,HU,19.1N,84.6W,75,,,,,,,,,,,,,
AL,UNNAMED,1889,6,61,18890917,1200,,HU,19.3N,85.5W,85,,,,,,,,,,,,,
AL,UNNAMED,1889,6,61,18890917,1800,,HU,19.4N,86.5W,95,,,,,,,,,,,,,
AL,UNNAMED,1889,6,61,18890918,0,,HU,19.5N,87.7W,90,,,,,,,,,,,,,
AL,UNNAMED,1889,6,61,18890918,600,,HU,19.5N,88.6W,75,,,,,,,,,,,,,
AL,UNNAMED,1889,6,61,18890918,1200,,HU,19.5N,89.5W,65,,,,,,,,,,,,,
AL,UNNAMED,1889,6,61,18890918,1800,,TS,19.5N,90.3W,60,,,,,,,,,,,,,
AL,UNNAMED,1889,6,61,18890919,0,,HU,19.6N,91.3W,70,,,,,,,,,,,,,
AL,UNNAMED,1889,6,61,18890919,600,,HU,19.8N,92.3W,85,,,,,,,,,,,,,
AL,UNNAMED,1889,6,61,18890919,1200,,HU,20.2N,92.9W,85,,,,,,,,,,,,,
AL,UNNAMED,1889,6,61,18890919,1800,,HU,20.9N,93.1W,85,,,,,,,,,,,,,
AL,UNNAMED,1889,6,61,18890920,0,,HU,21.3N,93.1W,85,,,,,,,,,,,,,
AL,UNNAMED,1889,6,61,18890920,600,,HU,21.7N,93.1W,85,,,,,,,,,,,,,
AL,UNNAMED,1889,6,61,18890920,1200,,HU,22.2N,93.1W,85,,,,,,,,,,,,,
AL,UNNAMED,1889,6,61,18890920,1800,,HU,22.6N,93.0W,85,,,,,,,,,,,,,
AL,UNNAMED,1889,6,61,18890921,0,,HU,23.0N,93.0W,85,,,,,,,,,,,,,
AL,UNNAMED,1889,6,61,18890921,600,,HU,23.5N,93.0W,85,,,,,,,,,,,,,
AL,UNNAMED,1889,6,61,18890921,1200,,HU,24.1N,92.9W,85,,,,,,,,,,,,,
AL,UNNAMED,1889,6,61,18890921,1800,,HU,24.7N,92.8W,85,,,,,,,,,,,,,
AL,UNNAMED,1889,6,61,18890922,0,,HU,25.2N,92.7W,85,,,,,,,,,,,,,
AL,UNNAMED,1889,6,61,18890922,600,,HU,26.1N,92.4W,85,,,,,,,,,,,,,
AL,UNNAMED,1889,6,61,18890922,1200,,HU,27.0N,92.0W,80,,,,,,,,,,,,,
AL,UNNAMED,1889,6,61,18890922,1800,,HU,27.9N,91.4W,75,,,,,,,,,,,,,
AL,UNNAMED,1889,6,61,18890923,0,,HU,28.6N,90.6W,70,,,,,,,,,,,,,
AL,UNNAMED,1889,6,61,18890923,400,L,HU,29.1N,89.8W,70,,,,,,,,,,,,,
AL,UNNAMED,1889,6,61,18890923,600,,HU,29.3N,89.4W,65,,,,,,,,,,,,,
AL,UNNAMED,1889,6,61,18890923,1200,,TS,30.1N,88.0W,60,,,,,,,,,,,,,
AL,UNNAMED,1889,6,61,18890923,1300,L,TS,30.3N,88.7W,60,,,,,,,,,,,,,
AL,UNNAMED,1889,6,61,18890923,1800,,TS,31.3N,86.2W,50,,,,,,,,,,,,,
AL,UNNAMED,1889,6,61,18890924,0,,TS,32.8N,83.9W,45,,,,,,,,,,,,,
AL,UNNAMED,1889,6,61,18890924,600,,TS,34.3N,81.6W,45,,,,,,,,,,,,,
AL,UNNAMED,1889,6,61,18890924,1200,,TS,35.7N,79.5W,40,,,,,,,,,,,,,
AL,UNNAMED,1889,6,61,18890924,1800,,TS,36.5N,77.9W,40,,,,,,,,,,,,,
AL,UNNAMED,1889,6,61,18890925,0,,TS,37.1N,76.7W,40,,,,,,,,,,,,,
AL,UNNAMED,1889,6,61,18890925,600,,TS,37.7N,75.4W,40,,,,,,,,,,,,,
AL,UNNAMED,1889,6,61,18890925,1200,,TS,38.6N,73.8W,35,,,,,,,,,,,,,
AL,UNNAMED,1889,6,61,18890925,1800,,TS,40.3N,71.7W,35,,,,,,,,,,,,,
AL,UNNAMED,1889,6,61,18890926,0,,EX,42.8N,69.1W,35,,,,,,,,,,,,,
AL,UNNAMED,1889,6,61,18890926,600,,EX,45.9N,66.2W,35,,,,,,,,,,,,,
AL,UNNAMED,1889,6,61,18890926,1200,,EX,49.5N,62.9W,35,,,,,,,,,,,,,
AL,UNNAMED,1889,7,31,18890912,600,,TS,15.2N,25.7W,35,,,,,,,,,,,,,
AL,UNNAMED,1889,7,31,18890912,1200,,TS,15.7N,26.7W,35,,,,,,,,,,,,,
AL,UNNAMED,1889,7,31,18890912,1800,,TS,16.2N,27.9W,35,,,,,,,,,,,,,
AL,UNNAMED,1889,7,31,18890913,0,,TS,16.8N,29.0W,35,,,,,,,,,,,,,
AL,UNNAMED,1889,7,31,18890913,600,,TS,17.5N,30.1W,35,,,,,,,,,,,,,
AL,UNNAMED,1889,7,31,18890913,1200,,TS,18.4N,31.2W,40,,,,,,,,,,,,,
AL,UNNAMED,1889,7,31,18890913,1800,,TS,19.4N,32.3W,40,,,,,,,,,,,,,
AL,UNNAMED,1889,7,31,18890914,0,,TS,20.5N,33.3W,40,,,,,,,,,,,,,
AL,UNNAMED,1889,7,31,18890914,600,,TS,21.8N,34.2W,40,,,,,,,,,,,,,
AL,UNNAMED,1889,7,31,18890914,1200,,TS,23.2N,35.0W,45,,,,,,,,,,,,,
AL,UNNAMED,1889,7,31,18890914,1800,,TS,24.9N,35.5W,45,,,,,,,,,,,,,
AL,UNNAMED,1889,7,31,18890915,0,,TS,27.0N,35.9W,45,,,,,,,,,,,,,
AL,UNNAMED,1889,7,31,18890915,600,,TS,29.1N,36.2W,45,,,,,,,,,,,,,
AL,UNNAMED,1889,7,31,18890915,1200,,TS,30.6N,36.6W,45,,,,,,,,,,,,,
AL,UNNAMED,1889,7,31,18890915,1800,,TS,31.7N,37.1W,50,,,,,,,,,,,,,
AL,UNNAMED,1889,7,31,18890916,0,,TS,32.6N,37.7W,50,,,,,,,,,,,,,
AL,UNNAMED,1889,7,31,18890916,600,,TS,33.3N,38.3W,50,,,,,,,,,,,,,
AL,UNNAMED,1889,7,31,18890916,1200,,TS,34.0N,39.0W,50,,,,,,,,,,,,,
AL,UNNAMED,1889,7,31,18890916,1800,,TS,34.5N,39.9W,50,,,,,,,,,,,,,
AL,UNNAMED,1889,7,31,18890917,0,,TS,35.0N,41.0W,50,,,,,,,,,,,,,
AL,UNNAMED,1889,7,31,18890917,600,,TS,35.5N,42.3W,50,,,,,,,,,,,,,
AL,UNNAMED,1889,7,31,18890917,1200,,TS,36.1N,43.5W,50,,,,,,,,,,,,,
AL,UNNAMED,1889,7,31,18890917,1800,,TS,37.0N,45.7W,50,,,,,,,,,,,,,
AL,UNNAMED,1889,7,31,18890918,0,,TS,37.5N,47.5W,50,,,,,,,,,,,,,
AL,UNNAMED,1889,7,31,18890918,600,,TS,38.3N,48.8W,45,,,,,,,,,,,,,
AL,UNNAMED,1889,7,31,18890918,1200,,TS,39.7N,49.4W,45,,,,,,,,,,,,,
AL,UNNAMED,1889,7,31,18890918,1800,,TS,40.4N,49.4W,45,,,,,,,,,,,,,
AL,UNNAMED,1889,7,31,18890919,0,,TS,41.4N,49.3W,45,,,,,,,,,,,,,
AL,UNNAMED,1889,7,31,18890919,600,,TS,42.3N,49.1W,40,,,,,,,,,,,,,
AL,UNNAMED,1889,7,31,18890919,1200,,TS,43.1N,48.9W,35,,,,,,,,,,,,,
AL,UNNAMED,1889,7,31,18890919,1800,,TS,44.0N,48.5W,35,,,,,,,,,,,,,
AL,UNNAMED,1889,8,29,18890929,1200,,TS,11.3N,52.0W,35,,,,,,,,,,,,,
AL,UNNAMED,1889,8,29,18890929,1800,,TS,11.8N,53.6W,35,,,,,,,,,,,,,
AL,UNNAMED,1889,8,29,18890930,0,,TS,12.3N,55.1W,35,,,,,,,,,,,,,
AL,UNNAMED,1889,8,29,18890930,600,,TS,12.7N,56.4W,40,,,,,,,,,,,,,
AL,UNNAMED,1889,8,29,18890930,1200,,TS,13.2N,57.5W,40,,,,,,,,,,,,,
AL,UNNAMED,1889,8,29,18890930,1800,,TS,13.7N,58.5W,40,,,,,,,,,,,,,
AL,UNNAMED,1889,8,29,18891001,0,,TS,14.2N,59.4W,40,,,,,,,,,,,,,
AL,UNNAMED,1889,8,29,18891001,600,,TS,14.6N,60.3W,45,,,,,,,,,,,,,
AL,UNNAMED,1889,8,29,18891001,1200,,TS,15.1N,61.0W,45,,,,,,,,,,,,,
AL,UNNAMED,1889,8,29,18891001,1800,,TS,15.6N,61.7W,45,,,,,,,,,,,,,
AL,UNNAMED,1889,8,29,18891002,0,,TS,16.2N,62.3W,45,,,,,,,,,,,,,
AL,UNNAMED,1889,8,29,18891002,600,,TS,16.9N,62.9W,50,,,,,,,,,,,,,
AL,UNNAMED,1889,8,29,18891002,1200,,TS,17.9N,63.7W,50,,,,,,,,,,,,,
AL,UNNAMED,1889,8,29,18891002,1800,,TS,18.8N,64.3W,50,,,,,,,,,,,,,
AL,UNNAMED,1889,8,29,18891003,0,,TS,20.0N,65.0W,50,,,,,,,,,,,,,
AL,UNNAMED,1889,8,29,18891003,600,,TS,21.4N,65.7W,50,,,,,,,,,,,,,
AL,UNNAMED,1889,8,29,18891003,1200,,TS,22.9N,66.5W,50,,,,,,,,,,,,,
AL,UNNAMED,1889,8,29,18891003,1800,,TS,24.3N,66.9W,50,,,,,,,,,,,,,
AL,UNNAMED,1889,8,29,18891004,0,,TS,25.8N,67.2W,50,,,,,,,,,,,,,
AL,UNNAMED,1889,8,29,18891004,600,,TS,27.3N,67.4W,50,,,,,,,,,,,,,
AL,UNNAMED,1889,8,29,18891004,1200,,TS,28.8N,67.4W,55,,,,,,,,,,,,,
AL,UNNAMED,1889,8,29,18891004,1800,,TS,30.3N,67.0W,55,,,,,,,,,,,,,
AL,UNNAMED,1889,8,29,18891005,0,,TS,31.8N,66.0W,60,,,,,,,,,,,,,
AL,UNNAMED,1889,8,29,18891005,600,,TS,33.2N,65.0W,60,,,,,,,,,,,,,
AL,UNNAMED,1889,8,29,18891005,1200,,TS,34.7N,64.4W,55,,,,,,,,,,,,,
AL,UNNAMED,1889,8,29,18891005,1800,,TS,36.4N,63.0W,50,,,,,,,,,,,,,
AL,UNNAMED,1889,8,29,18891006,0,,TS,37.8N,61.2W,45,,,,,,,,,,,,,
AL,UNNAMED,1889,8,29,18891006,600,,TS,39.1N,59.4W,40,,,,,,,,,,,,,
AL,UNNAMED,1889,8,29,18891006,1200,,TS,40.4N,57.5W,35,,,,,,,,,,,,,
AL,UNNAMED,1889,9,27,18891005,600,,TD,20.0N,82.5W,30,,,,,,,,,,,,,
AL,UNNAMED,1889,9,27,18891005,1200,,TD,21.5N,82.0W,30,,,,,,,,,,,,,
AL,UNNAMED,1889,9,27,18891005,1800,,TS,23.4N,81.5W,35,,,,,,,,,,,,,
AL,UNNAMED,1889,9,27,18891005,2300,L,TS,24.7N,81.1W,35,,,,,,,,,,,,,
AL,UNNAMED,1889,9,27,18891006,0,,TS,25.0N,81.0W,40,,,,,,,,,,,,,
AL,UNNAMED,1889,9,27,18891006,100,L,TS,25.2N,80.9W,40,,,,,,,,,,,,,
AL,UNNAMED,1889,9,27,18891006,600,,TS,27.1N,80.2W,40,,,,,,,,,,,,,
AL,UNNAMED,1889,9,27,18891006,1200,,TS,30.0N,78.8W,45,,,,,,,,,,,,,
AL,UNNAMED,1889,9,27,18891006,1800,,TS,33.0N,76.5W,50,,,,,,,,,,,,,
AL,UNNAMED,1889,9,27,18891007,0,,TS,36.1N,73.0W,50,,,,,,,,,,,,,
AL,UNNAMED,1889,9,27,18891007,600,,TS,38.3N,70.3W,50,,,,,,,,,,,,,
AL,UNNAMED,1889,9,27,18891007,1200,,TS,40.3N,68.0W,50,,,,,,,,,,,,,
AL,UNNAMED,1889,9,27,18891007,1800,,TS,42.5N,65.9W,50,,,,,,,,,,,,,
AL,UNNAMED,1889,9,27,18891008,0,,EX,44.5N,64.0W,50,,,,,,,,,,,,,
AL,UNNAMED,1889,9,27,18891008,600,,EX,46.4N,62.3W,45,,,,,,,,,,,,,
AL,UNNAMED,1889,9,27,18891008,1200,,EX,48.0N,61.0W,40,,,,,,,,,,,,,
AL,UNNAMED,1889,9,27,18891008,1800,,EX,49.6N,60.7W,40,,,,,,,,,,,,,
AL,UNNAMED,1889,9,27,18891009,0,,EX,51.0N,60.2W,40,,,,,,,,,,,,,
AL,UNNAMED,1889,9,27,18891009,600,,EX,52.2N,59.6W,40,,,,,,,,,,,,,
AL,UNNAMED,1889,9,27,18891009,1200,,EX,53.3N,59.0W,40,,,,,,,,,,,,,
AL,UNNAMED,1889,9,27,18891009,1800,,EX,54.4N,58.8W,40,,,,,,,,,,,,,
AL,UNNAMED,1889,9,27,18891010,0,,EX,55.5N,58.4W,40,,,,,,,,,,,,,
AL,UNNAMED,1889,9,27,18891010,600,,EX,56.5N,58.0W,40,,,,,,,,,,,,,
AL,UNNAMED,1889,9,27,18891010,1200,,EX,57.4N,57.5W,40,,,,,,,,,,,,,
AL,UNNAMED,1889,9,27,18891010,1800,,EX,58.5N,57.0W,40,,,,,,,,,,,,,
AL,UNNAMED,1889,9,27,18891011,0,,EX,60.5N,56.0W,35,,,,,,,,,,,,,
AL,UNNAMED,1889,9,27,18891011,600,,EX,63.0N,55.3W,35,,,,,,,,,,,,,
AL,UNNAMED,1890,1,10,18900527,1200,,TD,20.5N,83.0W,30,,,,,,,,,,,,,
AL,UNNAMED,1890,1,10,18900527,1800,,TD,21.1N,83.3W,30,,,,,,,,,,,,,
AL,UNNAMED,1890,1,10,18900528,0,,TD,21.7N,83.6W,30,,,,,,,,,,,,,
AL,UNNAMED,1890,1,10,18900528,600,,TD,22.3N,83.8W,30,,,,,,,,,,,,,
AL,UNNAMED,1890,1,10,18900528,1200,,TS,23.0N,84.0W,35,,,,,,,,,,,,,
AL,UNNAMED,1890,1,10,18900528,1800,,TS,23.5N,84.2W,40,,,,,,,,,,,,,
AL,UNNAMED,1890,1,10,18900529,0,,TS,24.0N,84.3W,45,,,,,,,,,,,,,
AL,UNNAMED,1890,1,10,18900529,600,,TS,24.4N,84.4W,50,,,,,,,,,,,,,
AL,UNNAMED,1890,1,10,18900529,1200,,TS,24.8N,84.6W,50,,,,,,,,,,,,,
AL,UNNAMED,1890,1,10,18900529,1800,,TS,25.2N,84.8W,50,,,,,,,,,,,,,
AL,UNNAMED,1890,2,41,18900818,1200,,TS,14.0N,62.0W,35,,,,,,,,,,,,,
AL,UNNAMED,1890,2,41,18900818,1800,,TS,14.2N,62.8W,35,,,,,,,,,,,,,
AL,UNNAMED,1890,2,41,18900819,0,,TS,14.4N,63.6W,40,,,,,,,,,,,,,
AL,UNNAMED,1890,2,41,18900819,600,,TS,14.5N,64.4W,40,,,,,,,,,,,,,
AL,UNNAMED,1890,2,41,18900819,1200,,TS,14.7N,65.5W,40,,,,,,,,,,,,,
AL,UNNAMED,1890,2,41,18900819,1800,,TS,14.8N,66.3W,40,,,,,,,,,,,,,
AL,UNNAMED,1890,2,41,18900820,0,,TS,15.0N,67.2W,40,,,,,,,,,,,,,
AL,UNNAMED,1890,2,41,18900820,600,,TS,15.1N,68.1W,40,,,,,,,,,,,,,
AL,UNNAMED,1890,2,41,18900820,1200,,TS,15.3N,69.0W,40,,,,,,,,,,,,,
AL,UNNAMED,1890,2,41,18900820,1800,,TS,15.4N,70.0W,40,,,,,,,,,,,,,
AL,UNNAMED,1890,2,41,18900821,0,,TS,15.5N,70.9W,40,,,,,,,,,,,,,
AL,UNNAMED,1890,2,41,18900821,600,,TS,15.6N,71.7W,40,,,,,,,,,,,,,
AL,UNNAMED,1890,2,41,18900821,1200,,TS,15.7N,72.5W,40,,,,,,,,,,,,,
AL,UNNAMED,1890,2,41,18900821,1800,,TS,15.9N,73.6W,40,,,,,,,,,,,,,
AL,UNNAMED,1890,2,41,18900822,0,,TS,16.0N,74.5W,40,,,,,,,,,,,,,
AL,UNNAMED,1890,2,41,18900822,600,,TS,16.2N,75.5W,40,,,,,,,,,,,,,
AL,UNNAMED,1890,2,41,18900822,1200,,TS,16.5N,76.5W,40,,,,,,,,,,,,,
AL,UNNAMED,1890,2,41,18900822,1800,,TS,16.7N,77.3W,40,,,,,,,,,,,,,
AL,UNNAMED,1890,2,41,18900823,0,,TS,16.9N,78.2W,45,,,,,,,,,,,,,
AL,UNNAMED,1890,2,41,18900823,600,,TS,17.2N,79.0W,45,,,,,,,,,,,,,
AL,UNNAMED,1890,2,41,18900823,1200,,TS,17.5N,80.0W,45,,,,,,,,,,,,,
AL,UNNAMED,1890,2,41,18900823,1800,,TS,17.8N,80.9W,45,,,,,,,,,,,,,
AL,UNNAMED,1890,2,41,18900824,0,,TS,18.2N,81.7W,50,,,,,,,,,,,,,
AL,UNNAMED,1890,2,41,18900824,600,,TS,18.6N,82.5W,50,,,,,,,,,,,,,
AL,UNNAMED,1890,2,41,18900824,1200,,TS,19.0N,83.3W,50,,,,,,,,,,,,,
AL,UNNAMED,1890,2,41,18900824,1800,,TS,19.6N,84.1W,50,,,,,,,,,,,,,
AL,UNNAMED,1890,2,41,18900825,0,,TS,20.2N,84.9W,50,,,,,,,,,,,,,
AL,UNNAMED,1890,2,41,18900825,600,,TS,20.9N,85.8W,50,,,,,,,,,,,,,
AL,UNNAMED,1890,2,41,18900825,1200,,TS,21.5N,86.7W,50,,,,,,,,,,,,,
AL,UNNAMED,1890,2,41,18900825,1800,,TS,22.1N,87.6W,50,,,,,,,,,,,,,
AL,UNNAMED,1890,2,41,18900826,0,,TS,22.7N,88.4W,50,,,,,,,,,,,,,
AL,UNNAMED,1890,2,41,18900826,600,,TS,23.2N,89.2W,50,,,,,,,,,,,,,
AL,UNNAMED,1890,2,41,18900826,1200,,TS,24.0N,90.0W,50,,,,,,,,,,,,,
AL,UNNAMED,1890,2,41,18900826,1800,,TS,24.8N,90.5W,50,,,,,,,,,,,,,
AL,UNNAMED,1890,2,41,18900827,0,,TS,25.8N,90.8W,50,,,,,,,,,,,,,
AL,UNNAMED,1890,2,41,18900827,600,,TS,26.8N,90.9W,50,,,,,,,,,,,,,
AL,UNNAMED,1890,2,41,18900827,1200,,TS,28.0N,91.0W,50,,,,,,,,,,,,,
AL,UNNAMED,1890,2,41,18900827,1600,L,TS,29.1N,90.9W,50,,,,,,,,,,,,,
AL,UNNAMED,1890,2,41,18900827,1800,,TS,29.5N,90.8W,40,,,,,,,,,,,,,
AL,UNNAMED,1890,2,41,18900828,0,,TS,31.5N,90.5W,35,,,,,,,,,,,,,
AL,UNNAMED,1890,2,41,18900828,600,,TD,34.0N,90.0W,30,,,,,,,,,,,,,
AL,UNNAMED,1890,3,33,18900826,1200,,HU,16.6N,54.3W,85,,,,,,,,,,,,,
AL,UNNAMED,1890,3,33,18900826,1800,,HU,17.3N,55.7W,90,,,,,,,,,,,,,
AL,UNNAMED,1890,3,33,18900827,0,,HU,18.0N,57.0W,95,,,,,,,,,,,,,
AL,UNNAMED,1890,3,33,18900827,600,,HU,18.6N,58.3W,100,,,,,,,,,,,,,
AL,UNNAMED,1890,3,33,18900827,1200,,HU,19.3N,59.6W,105,,,,,,,,,,,,,
AL,UNNAMED,1890,3,33,18900827,1800,,HU,20.0N,60.9W,105,,,,,,,,,,,,,
AL,UNNAMED,1890,3,33,18900828,0,,HU,20.7N,62.1W,105,,,,,,,,,,,,,
AL,UNNAMED,1890,3,33,18900828,600,,HU,21.3N,63.3W,105,,,,,,,,,,,,,
AL,UNNAMED,1890,3,33,18900828,1200,,HU,22.0N,64.5W,105,,,,,,,,,,,,,
AL,UNNAMED,1890,3,33,18900828,1800,,HU,22.8N,65.7W,105,,,,,,,,,,,,,
AL,UNNAMED,1890,3,33,18900829,0,,HU,23.9N,66.9W,100,,,,,,,,,,,,,
AL,UNNAMED,1890,3,33,18900829,600,,HU,25.0N,68.0W,95,,,,,,,,,,,,,
AL,UNNAMED,1890,3,33,18900829,1200,,HU,26.1N,69.1W,90,,,,,,,,,,,,,
AL,UNNAMED,1890,3,33,18900829,1800,,HU,27.2N,69.7W,85,,,,,,,,,,,,,
AL,UNNAMED,1890,3,33,18900830,0,,HU,28.3N,69.8W,85,,,,,,,,,,,,,
AL,UNNAMED,1890,3,33,18900830,600,,HU,29.4N,69.6W,85,,,,,,,,,,,,,
AL,UNNAMED,1890,3,33,18900830,1200,,HU,30.5N,69.2W,85,,,,,,,,,,,,,
AL,UNNAMED,1890,3,33,18900830,1800,,HU,31.7N,68.4W,85,,,,,,,,,,,,,
AL,UNNAMED,1890,3,33,18900831,0,,HU,32.9N,67.1W,85,,,,,,,,,,,,,
AL,UNNAMED,1890,3,33,18900831,600,,HU,34.5N,65.4W,85,,,,,,,,,,,,,
AL,UNNAMED,1890,3,33,18900831,1200,,HU,36.4N,63.4W,85,,,,,,,,,,,,,
AL,UNNAMED,1890,3,33,18900831,1800,,HU,38.8N,61.0W,85,,,,,,,,,,,,,
AL,UNNAMED,1890,3,33,18900901,0,,HU,41.6N,58.4W,85,,,,,,,,,,,,,
AL,UNNAMED,1890,3,33,18900901,600,,HU,44.5N,55.4W,80,,,,,,,,,,,,,
AL,UNNAMED,1890,3,33,18900901,1200,,HU,47.2N,52.2W,70,,,,,,,,,,,,,
AL,UNNAMED,1890,3,33,18900901,1800,,TS,49.7N,48.5W,60,,,,,,,,,,,,,
AL,UNNAMED,1890,3,33,18900902,0,,EX,52.2N,44.6W,50,,,,,,,,,,,,,
AL,UNNAMED,1890,3,33,18900902,600,,EX,54.6N,40.6W,50,,,,,,,,,,,,,
AL,UNNAMED,1890,3,33,18900902,1200,,EX,57.0N,37.0W,50,,,,,,,,,,,,,
AL,UNNAMED,1890,3,33,18900902,1800,,EX,58.7N,33.8W,50,,,,,,,,,,,,,
AL,UNNAMED,1890,3,33,18900903,0,,EX,60.3N,30.8W,50,,,,,,,,,,,,,
AL,UNNAMED,1890,3,33,18900903,600,,EX,61.5N,28.1W,45,,,,,,,,,,,,,
AL,UNNAMED,1890,3,33,18900903,1200,,EX,62.5N,25.6W,45,,,,,,,,,,,,,
AL,UNNAMED,1890,4,6,18901031,0,,HU,14.3N,80.3W,80,,,,,,,,,,,,,
AL,UNNAMED,1890,4,6,18901031,600,,HU,14.4N,81.3W,80,,,,,,,,,,,,,
AL,UNNAMED,1890,4,6,18901031,1200,,HU,14.5N,82.3W,80,,,,,,,,,,,,,
AL,UNNAMED,1890,4,6,18901031,1800,,HU,14.7N,83.3W,80,,,,,,,,,,,,,
AL,UNNAMED,1890,4,6,18901101,0,,TS,14.9N,84.4W,55,,,,,,,,,,,,,
AL,UNNAMED,1890,4,6,18901101,600,,TS,15.1N,85.5W,35,,,,,,,,,,,,,
AL,UNNAMED,1891,1,22,18910703,600,,TS,21.7N,93.0W,35,,,,,,,,,,,,,
AL,UNNAMED,1891,1,22,18910703,1200,,TS,22.0N,93.2W,45,,,,,,,,,,,,,
AL,UNNAMED,1891,1,22,18910703,1800,,TS,22.4N,93.5W,55,,,,,,,,,,,,,
AL,UNNAMED,1891,1,22,18910704,0,,HU,22.9N,93.9W,65,,,,,,,,,,,,,
AL,UNNAMED,1891,1,22,18910704,600,,HU,23.4N,94.2W,75,,,,,,,,,,,,,
AL,UNNAMED,1891,1,22,18910704,1200,,HU,24.0N,94.5W,80,,,,,,,,,,,,,
AL,UNNAMED,1891,1,22,18910704,1800,,HU,24.7N,94.8W,80,,,,,,,,,,,,,
AL,UNNAMED,1891,1,22,18910705,0,,HU,25.4N,95.1W,80,,,,,,,,,,,,,
AL,UNNAMED,1891,1,22,18910705,600,,HU,26.2N,95.4W,80,,,,,,,,,,,,,
AL,UNNAMED,1891,1,22,18910705,1200,,HU,27.1N,95.6W,80,,,,,,,,,,,,,
AL,UNNAMED,1891,1,22,18910705,1800,,HU,28.1N,95.6W,80,,,,,,,,,,,,,
AL,UNNAMED,1891,1,22,18910705,2200,L,HU,28.8N,95.5W,80,,,,,,,,,,,,,
AL,UNNAMED,1891,1,22,18910706,0,,HU,29.2N,95.4W,70,,,,,,,,,,,,,
AL,UNNAMED,1891,1,22,18910706,600,,TS,30.3N,95.1W,60,,,,,,,,,,,,,
AL,UNNAMED,1891,1,22,18910706,1200,,TS,31.2N,94.7W,55,,,,,,,,,,,,,
AL,UNNAMED,1891,1,22,18910706,1800,,TS,31.9N,94.3W,50,,,,,,,,,,,,,
AL,UNNAMED,1891,1,22,18910707,0,,TS,32.5N,93.8W,45,,,,,,,,,,,,,
AL,UNNAMED,1891,1,22,18910707,600,,TS,33.1N,93.1W,40,,,,,,,,,,,,,
AL,UNNAMED,1891,1,22,18910707,1200,,TS,33.7N,92.3W,35,,,,,,,,,,,,,
AL,UNNAMED,1891,1,22,18910707,1800,,TD,34.2N,91.1W,30,,,,,,,,,,,,,
AL,UNNAMED,1891,1,22,18910708,0,,TD,34.6N,89.7W,25,,,,,,,,,,,,,
AL,UNNAMED,1891,1,22,18910708,600,,TD,35.0N,88.1W,25,,,,,,,,,,,,,
AL,UNNAMED,1891,2,51,18910817,600,,TS,13.3N,24.4W,35,,,,,,,,,,,,,
AL,UNNAMED,1891,2,51,18910817,1200,,TS,13.6N,25.5W,35,,,,,,,,,,,,,
AL,UNNAMED,1891,2,51,18910817,1800,,TS,13.8N,26.6W,35,,,,,,,,,,,,,
AL,UNNAMED,1891,2,51,18910818,0,,TS,14.0N,27.7W,35,,,,,,,,,,,,,
AL,UNNAMED,1891,2,51,18910818,600,,TS,14.2N,28.8W,40,,,,,,,,,,,,,
AL,UNNAMED,1891,2,51,18910818,1200,,TS,14.4N,29.9W,50,,,,,,,,,,,,,
AL,UNNAMED,1891,2,51,18910818,1800,,TS,14.6N,31.0W,60,,,,,,,,,,,,,
AL,UNNAMED,1891,2,51,18910819,0,,HU,14.9N,32.0W,65,,,,,,,,,,,,,
AL,UNNAMED,1891,2,51,18910819,600,,HU,15.2N,33.0W,65,,,,,,,,,,,,,
AL,UNNAMED,1891,2,51,18910819,1200,,HU,15.4N,34.0W,65,,,,,,,,,,,,,
AL,UNNAMED,1891,2,51,18910819,1800,,HU,15.6N,34.9W,65,,,,,,,,,,,,,
AL,UNNAMED,1891,2,51,18910820,0,,HU,15.8N,35.8W,65,,,,,,,,,,,,,
AL,UNNAMED,1891,2,51,18910820,600,,HU,16.1N,36.7W,65,,,,,,,,,,,,,
AL,UNNAMED,1891,2,51,18910820,1200,,HU,16.3N,37.5W,65,,,,,,,,,,,,,
AL,UNNAMED,1891,2,51,18910820,1800,,HU,16.5N,38.3W,65,,,,,,,,,,,,,
AL,UNNAMED,1891,2,51,18910821,0,,HU,16.7N,39.0W,65,,,,,,,,,,,,,
AL,UNNAMED,1891,2,51,18910821,600,,HU,17.0N,39.8W,65,,,,,,,,,,,,,
AL,UNNAMED,1891,2,51,18910821,1200,,HU,17.3N,40.6W,65,,,,,,,,,,,,,
AL,UNNAMED,1891,2,51,18910821,1800,,HU,17.7N,41.5W,65,,,,,,,,,,,,,
AL,UNNAMED,1891,2,51,18910822,0,,HU,18.2N,42.6W,65,,,,,,,,,,,,,
AL,UNNAMED,1891,2,51,18910822,600,,HU,18.7N,43.6W,65,,,,,,,,,,,,,
AL,UNNAMED,1891,2,51,18910822,1200,,HU,19.2N,44.6W,65,,,,,,,,,,,,,
AL,UNNAMED,1891,2,51,18910822,1800,,HU,19.6N,45.5W,65,,,,,,,,,,,,,
AL,UNNAMED,1891,2,51,18910823,0,,HU,20.0N,46.3W,65,,,,,,,,,,,,,
AL,UNNAMED,1891,2,51,18910823,600,,HU,20.5N,47.1W,65,,,,,,,,,,,,,
AL,UNNAMED,1891,2,51,18910823,1200,,HU,20.9N,48.0W,65,,,,,,,,,,,,,
AL,UNNAMED,1891,2,51,18910823,1800,,HU,21.4N,48.9W,65,,,,,,,,,,,,,
AL,UNNAMED,1891,2,51,18910824,0,,HU,21.8N,49.8W,65,,,,,,,,,,,,,
AL,UNNAMED,1891,2,51,18910824,600,,HU,22.4N,50.8W,65,,,,,,,,,,,,,
AL,UNNAMED,1891,2,51,18910824,1200,,HU,23.0N,51.8W,65,,,,,,,,,,,,,
AL,UNNAMED,1891,2,51,18910824,1800,,HU,23.7N,52.9W,65,,,,,,,,,,,,,
AL,UNNAMED,1891,2,51,18910825,0,,HU,24.5N,54.0W,65,,,,,,,,,,,,,
AL,UNNAMED,1891,2,51,18910825,600,,HU,25.3N,55.2W,65,,,,,,,,,,,,,
AL,UNNAMED,1891,2,51,18910825,1200,,HU,26.0N,56.3W,65,,,,,,,,,,,,,
AL,UNNAMED,1891,2,51,18910825,1800,,HU,26.7N,57.3W,65,,,,,,,,,,,,,
AL,UNNAMED,1891,2,51,18910826,0,,HU,27.4N,58.3W,65,,,,,,,,,,,,,
AL,UNNAMED,1891,2,51,18910826,600,,HU,28.1N,59.2W,65,,,,,,,,,,,,,
AL,UNNAMED,1891,2,51,18910826,1200,,HU,28.8N,60.0W,65,,,,,,,,,,,,,
AL,UNNAMED,1891,2,51,18910826,1800,,HU,29.5N,60.8W,65,,,,,,,,,,,,,
AL,UNNAMED,1891,2,51,18910827,0,,HU,30.2N,61.5W,65,,,,,,,,,,,,,
AL,UNNAMED,1891,2,51,18910827,600,,HU,30.9N,62.1W,65,,,,,,,,,,,,,
AL,UNNAMED,1891,2,51,18910827,1200,,HU,31.6N,62.7W,65,,,,,,,,,,,,,
AL,UNNAMED,1891,2,51,18910827,1800,,HU,32.4N,63.3W,65,,,,,,,,,,,,,
AL,UNNAMED,1891,2,51,18910828,0,,HU,33.5N,63.7W,65,,,,,,,,,,,,,
AL,UNNAMED,1891,2,51,18910828,600,,HU,34.7N,64.1W,65,,,,,,,,,,,,,
AL,UNNAMED,1891,2,51,18910828,1200,,HU,36.0N,64.4W,65,,,,,,,,,,,,,
AL,UNNAMED,1891,2,51,18910828,1800,,HU,37.3N,64.6W,65,,,,,,,,,,,,,
AL,UNNAMED,1891,2,51,18910829,0,,HU,38.8N,64.5W,65,,,,,,,,,,,,,
AL,UNNAMED,1891,2,51,18910829,600,,EX,40.3N,64.4W,55,,,,,,,,,,,,,
AL,UNNAMED,1891,2,51,18910829,1200,,EX,41.9N,64.1W,35,,,,,,,,,,,,,
AL,UNNAMED,1891,2,51,18910829,1800,,EX,43.3N,64.0W,25,,,,,,,,,,,,,
AL,UNNAMED,1891,3,31,18910818,1200,,HU,13.3N,58.0W,90,,,,,,,,,,,,,
AL,UNNAMED,1891,3,31,18910818,1800,,HU,13.9N,59.4W,100,,,,,,,,,,,,,
AL,UNNAMED,1891,3,31,18910819,0,,HU,14.7N,61.1W,110,961,,,,,,,,,,,,
AL,UNNAMED,1891,3,31,18910819,600,,HU,15.3N,62.5W,110,,,,,,,,,,,,,
AL,UNNAMED,1891,3,31,18910819,1200,,HU,16.0N,64.0W,105,,,,,,,,,,,,,
AL,UNNAMED,1891,3,31,18910819,1800,,HU,16.5N,65.0W,100,,,,,,,,,,,,,
AL,UNNAMED,1891,3,31,18910820,0,,HU,17.0N,66.1W,95,,,,,,,,,,,,,
AL,UNNAMED,1891,3,31,18910820,600,,HU,17.5N,67.1W,90,,,,,,,,,,,,,
AL,UNNAMED,1891,3,31,18910820,1200,,HU,18.0N,68.0W,85,,,,,,,,,,,,,
AL,UNNAMED,1891,3,31,18910820,1800,,HU,18.7N,68.4W,85,,,,,,,,,,,,,
AL,UNNAMED,1891,3,31,18910821,0,,HU,19.6N,68.6W,85,,,,,,,,,,,,,
AL,UNNAMED,1891,3,31,18910821,600,,HU,20.3N,68.9W,85,,,,,,,,,,,,,
AL,UNNAMED,1891,3,31,18910821,1200,,HU,21.0N,69.5W,85,,,,,,,,,,,,,
AL,UNNAMED,1891,3,31,18910821,1800,,HU,21.5N,70.2W,85,,,,,,,,,,,,,
AL,UNNAMED,1891,3,31,18910822,0,,HU,21.8N,71.0W,85,,,,,,,,,,,,,
AL,UNNAMED,1891,3,31,18910822,600,,HU,22.1N,71.7W,85,,,,,,,,,,,,,
AL,UNNAMED,1891,3,31,18910822,1200,,HU,22.5N,72.6W,85,,,,,,,,,,,,,
AL,UNNAMED,1891,3,31,18910822,1800,,HU,22.9N,73.5W,85,,,,,,,,,,,,,
AL,UNNAMED,1891,3,31,18910823,0,,HU,23.3N,74.5W,85,,,,,,,,,,,,,
AL,UNNAMED,1891,3,31,18910823,600,,HU,23.8N,75.5W,85,,,,,,,,,,,,,
AL,UNNAMED,1891,3,31,18910823,1200,,HU,24.3N,76.7W,85,,,,,,,,,,,,,
AL,UNNAMED,1891,3,31,18910823,1800,,HU,24.6N,77.5W,85,,,,,,,,,,,,,
AL,UNNAMED,1891,3,31,18910824,0,,HU,24.8N,78.2W,80,,,,,,,,,,,,,
AL,UNNAMED,1891,3,31,18910824,600,,HU,25.1N,78.9W,75,,,,,,,,,,,,,
AL,UNNAMED,1891,3,31,18910824,1200,,HU,25.3N,79.7W,70,,,,,,,,,,,,,
AL,UNNAMED,1891,3,31,18910824,1500,L,HU,25.4N,80.2W,70,,,,,,,,,,,,,
AL,UNNAMED,1891,3,31,18910824,1800,,TS,25.5N,80.6W,55,,,,,,,,,,,,,
AL,UNNAMED,1891,3,31,18910825,0,,TS,25.8N,81.5W,50,,,,,,,,,,,,,
AL,UNNAMED,1891,3,31,18910825,600,,TS,26.0N,82.6W,45,,,,,,,,,,,,,
AL,UNNAMED,1891,3,31,18910825,1200,,TS,26.2N,83.7W,40,,,,,,,,,,,,,
AL,UNNAMED,1891,3,31,18910825,1800,,TS,26.2N,84.8W,35,,,,,,,,,,,,,
AL,UNNAMED,1891,4,34,18910902,600,,TS,19.3N,58.2W,35,,,,,,,,,,,,,
AL,UNNAMED,1891,4,34,18910902,1200,,TS,19.7N,59.2W,40,,,,,,,,,,,,,
AL,UNNAMED,1891,4,34,18910902,1800,,TS,19.9N,60.0W,40,,,,,,,,,,,,,
AL,UNNAMED,1891,4,34,18910903,0,,TS,20.1N,60.7W,45,,,,,,,,,,,,,
AL,UNNAMED,1891,4,34,18910903,600,,TS,20.4N,61.5W,50,,,,,,,,,,,,,
AL,UNNAMED,1891,4,34,18910903,1200,,TS,20.8N,62.3W,55,,,,,,,,,,,,,
AL,UNNAMED,1891,4,34,18910903,1800,,TS,21.3N,63.1W,60,,,,,,,,,,,,,
AL,UNNAMED,1891,4,34,18910904,0,,HU,21.8N,63.9W,70,,,,,,,,,,,,,
AL,UNNAMED,1891,4,34,18910904,600,,HU,22.3N,64.7W,75,,,,,,,,,,,,,
AL,UNNAMED,1891,4,34,18910904,1200,,HU,22.8N,65.5W,80,,,,,,,,,,,,,
AL,UNNAMED,1891,4,34,18910904,1800,,HU,23.4N,66.2W,85,,,,,,,,,,,,,
AL,UNNAMED,1891,4,34,18910905,0,,HU,23.9N,66.9W,85,,,,,,,,,,,,,
AL,UNNAMED,1891,4,34,18910905,600,,HU,24.6N,67.6W,85,,,,,,,,,,,,,
AL,UNNAMED,1891,4,34,18910905,1200,,HU,25.2N,68.3W,85,,,,,,,,,,,,,
AL,UNNAMED,1891,4,34,18910905,1800,,HU,26.0N,69.0W,85,,,,,,,,,,,,,
AL,UNNAMED,1891,4,34,18910906,0,,HU,27.1N,69.7W,85,,,,,,,,,,,,,
AL,UNNAMED,1891,4,34,18910906,600,,HU,28.3N,70.3W,85,,,,,,,,,,,,,
AL,UNNAMED,1891,4,34,18910906,1200,,HU,29.6N,71.0W,85,,,,,,,,,,,,,
AL,UNNAMED,1891,4,34,18910906,1800,,HU,31.0N,71.4W,85,,,,,,,,,,,,,
AL,UNNAMED,1891,4,34,18910907,0,,HU,32.7N,71.5W,85,,,,,,,,,,,,,
AL,UNNAMED,1891,4,34,18910907,600,,HU,34.7N,71.3W,85,,,,,,,,,,,,,
AL,UNNAMED,1891,4,34,18910907,1200,,HU,36.8N,70.3W,85,,,,,,,,,,,,,
AL,UNNAMED,1891,4,34,18910907,1800,,HU,39.5N,68.0W,85,,,,,,,,,,,,,
AL,UNNAMED,1891,4,34,18910908,0,,HU,42.6N,64.6W,80,,,,,,,,,,,,,
AL,UNNAMED,1891,4,34,18910908,600,,HU,45.8N,60.9W,75,,,,,,,,,,,,,
AL,UNNAMED,1891,4,34,18910908,1200,,HU,48.6N,57.9W,70,,,,,,,,,,,,,
AL,UNNAMED,1891,4,34,18910908,1800,,HU,50.9N,55.5W,65,,,,,,,,,,,,,
AL,UNNAMED,1891,4,34,18910909,0,,EX,52.9N,53.3W,60,,,,,,,,,,,,,
AL,UNNAMED,1891,4,34,18910909,600,,EX,54.7N,51.1W,55,,,,,,,,,,,,,
AL,UNNAMED,1891,4,34,18910909,1200,,EX,56.2N,49.2W,50,,,,,,,,,,,,,
AL,UNNAMED,1891,4,34,18910909,1800,,EX,57.5N,47.5W,45,,,,,,,,,,,,,
AL,UNNAMED,1891,4,34,18910910,0,,EX,58.5N,45.9W,40,,,,,,,,,,,,,
AL,UNNAMED,1891,4,34,18910910,600,,EX,59.2N,44.5W,35,,,,,,,,,,,,,
AL,UNNAMED,1891,4,34,18910910,1200,,EX,59.7N,43.3W,30,,,,,,,,,,,,,
AL,UNNAMED,1891,5,44,18910916,0,,TS,19.3N,46.5W,35,,,,,,,,,,,,,
AL,UNNAMED,1891,5,44,18910916,600,,TS,19.8N,47.1W,35,,,,,,,,,,,,,
AL,UNNAMED,1891,5,44,18910916,1200,,TS,20.2N,47.8W,35,,,,,,,,,,,,,
AL,UNNAMED,1891,5,44,18910916,1800,,TS,20.7N,48.8W,35,,,,,,,,,,,,,
AL,UNNAMED,1891,5,44,18910917,0,,TS,21.3N,49.8W,35,,,,,,,,,,,,,
AL,UNNAMED,1891,5,44,18910917,600,,TS,21.8N,50.7W,35,,,,,,,,,,,,,
AL,UNNAMED,1891,5,44,18910917,1200,,TS,22.3N,51.6W,40,,,,,,,,,,,,,
AL,UNNAMED,1891,5,44,18910917,1800,,TS,22.8N,52.4W,40,,,,,,,,,,,,,
AL,UNNAMED,1891,5,44,18910918,0,,TS,23.2N,53.2W,45,,,,,,,,,,,,,
AL,UNNAMED,1891,5,44,18910918,600,,TS,23.7N,53.9W,50,,,,,,,,,,,,,
AL,UNNAMED,1891,5,44,18910918,1200,,TS,24.2N,54.7W,55,,,,,,,,,,,,,
AL,UNNAMED,1891,5,44,18910918,1800,,TS,24.8N,55.6W,60,,,,,,,,,,,,,
AL,UNNAMED,1891,5,44,18910919,0,,HU,25.4N,56.6W,65,,,,,,,,,,,,,
AL,UNNAMED,1891,5,44,18910919,600,,HU,26.0N,57.5W,70,,,,,,,,,,,,,
AL,UNNAMED,1891,5,44,18910919,1200,,HU,26.6N,58.3W,70,,,,,,,,,,,,,
AL,UNNAMED,1891,5,44,18910919,1800,,HU,27.2N,59.0W,75,,,,,,,,,,,,,
AL,UNNAMED,1891,5,44,18910920,0,,HU,28.1N,60.0W,80,,,,,,,,,,,,,
AL,UNNAMED,1891,5,44,18910920,600,,HU,28.8N,60.7W,80,,,,,,,,,,,,,
AL,UNNAMED,1891,5,44,18910920,1200,,HU,29.5N,61.5W,85,,,,,,,,,,,,,
AL,UNNAMED,1891,5,44,18910920,1800,,HU,30.0N,62.1W,85,,,,,,,,,,,,,
AL,UNNAMED,1891,5,44,18910921,0,,HU,30.5N,62.7W,85,,,,,,,,,,,,,
AL,UNNAMED,1891,5,44,18910921,600,,HU,31.0N,63.3W,85,,,,,,,,,,,,,
AL,UNNAMED,1891,5,44,18910921,1200,,HU,31.5N,63.7W,85,,,,,,,,,,,,,
AL,UNNAMED,1891,5,44,18910921,1800,,HU,32.0N,64.0W,85,,,,,,,,,,,,,
AL,UNNAMED,1891,5,44,18910922,0,,HU,32.5N,64.1W,85,,,,,,,,,,,,,
AL,UNNAMED,1891,5,44,18910922,600,,HU,32.9N,64.1W,85,,,,,,,,,,,,,
AL,UNNAMED,1891,5,44,18910922,1200,,HU,33.3N,64.0W,85,,,,,,,,,,,,,
AL,UNNAMED,1891,5,44,18910922,1800,,HU,34.0N,63.5W,85,,,,,,,,,,,,,
AL,UNNAMED,1891,5,44,18910923,0,,HU,34.8N,62.7W,85,,,,,,,,,,,,,
AL,UNNAMED,1891,5,44,18910923,600,,HU,35.6N,61.8W,85,,,,,,,,,,,,,
AL,UNNAMED,1891,5,44,18910923,1200,,HU,36.3N,60.7W,85,,,,,,,,,,,,,
AL,UNNAMED,1891,5,44,18910923,1800,,HU,37.0N,59.1W,85,,,,,,,,,,,,,
AL,UNNAMED,1891,5,44,18910924,0,,HU,37.5N,57.3W,85,,,,,,,,,,,,,
AL,UNNAMED,1891,5,44,18910924,600,,HU,37.9N,55.5W,85,,,,,,,,,,,,,
AL,UNNAMED,1891,5,44,18910924,1200,,HU,38.2N,53.8W,85,,,,,,,,,,,,,
AL,UNNAMED,1891,5,44,18910924,1800,,HU,38.2N,52.3W,85,,,,,,,,,,,,,
AL,UNNAMED,1891,5,44,18910925,0,,HU,38.2N,50.8W,80,,,,,,,,,,,,,
AL,UNNAMED,1891,5,44,18910925,600,,HU,38.2N,49.3W,80,,,,,,,,,,,,,
AL,UNNAMED,1891,5,44,18910925,1200,,HU,38.2N,47.8W,75,,,,,,,,,,,,,
AL,UNNAMED,1891,5,44,18910925,1800,,HU,38.4N,46.3W,65,,,,,,,,,,,,,
AL,UNNAMED,1891,5,44,18910926,0,,TS,38.8N,44.8W,55,,,,,,,,,,,,,
AL,UNNAMED,1891,5,44,18910926,600,,TS,39.4N,43.3W,40,,,,,,,,,,,,,
AL,UNNAMED,1891,5,44,18910926,1200,,EX,40.2N,41.8W,40,,,,,,,,,,,,,
AL,UNNAMED,1891,5,44,18910926,1800,,EX,41.3N,39.7W,40,,,,,,,,,,,,,
AL,UNNAMED,1891,6,39,18910929,600,,TS,20.7N,54.6W,35,,,,,,,,,,,,,
AL,UNNAMED,1891,6,39,18910929,1200,,TS,21.2N,54.7W,35,,,,,,,,,,,,,
AL,UNNAMED,1891,6,39,18910929,1800,,TS,21.7N,55.0W,40,,,,,,,,,,,,,
AL,UNNAMED,1891,6,39,18910930,0,,TS,22.2N,55.4W,45,,,,,,,,,,,,,
AL,UNNAMED,1891,6,39,18910930,600,,TS,22.8N,55.8W,45,,,,,,,,,,,,,
AL,UNNAMED,1891,6,39,18910930,1200,,TS,23.3N,56.2W,50,,,,,,,,,,,,,
AL,UNNAMED,1891,6,39,18910930,1800,,TS,23.8N,56.6W,50,,,,,,,,,,,,,
AL,UNNAMED,1891,6,39,18911001,0,,TS,24.4N,57.1W,55,,,,,,,,,,,,,
AL,UNNAMED,1891,6,39,18911001,600,,TS,24.9N,57.6W,60,,,,,,,,,,,,,
AL,UNNAMED,1891,6,39,18911001,1200,,TS,25.5N,58.2W,60,,,,,,,,,,,,,
AL,UNNAMED,1891,6,39,18911001,1800,,HU,26.1N,59.0W,65,,,,,,,,,,,,,
AL,UNNAMED,1891,6,39,18911002,0,,HU,26.6N,59.7W,70,,,,,,,,,,,,,
AL,UNNAMED,1891,6,39,18911002,600,,HU,27.1N,60.4W,75,,,,,,,,,,,,,
AL,UNNAMED,1891,6,39,18911002,1200,,HU,27.7N,61.3W,80,,,,,,,,,,,,,
AL,UNNAMED,1891,6,39,18911002,1800,,HU,28.3N,62.0W,80,,,,,,,,,,,,,
AL,UNNAMED,1891,6,39,18911003,0,,HU,28.9N,62.7W,85,,,,,,,,,,,,,
AL,UNNAMED,1891,6,39,18911003,600,,HU,29.4N,63.4W,85,,,,,,,,,,,,,
AL,UNNAMED,1891,6,39,18911003,1200,,HU,30.0N,64.0W,85,,,,,,,,,,,,,
AL,UNNAMED,1891,6,39,18911003,1800,,HU,30.8N,64.6W,85,,,,,,,,,,,,,
AL,UNNAMED,1891,6,39,18911004,0,,HU,31.8N,65.4W,85,,,,,,,,,,,,,
AL,UNNAMED,1891,6,39,18911004,600,,HU,32.7N,66.0W,85,,,,,,,,,,,,,
AL,UNNAMED,1891,6,39,18911004,1200,,HU,33.5N,66.7W,85,,,,,,,,,,,,,
AL,UNNAMED,1891,6,39,18911004,1800,,HU,34.6N,67.5W,85,,,,,,,,,,,,,
AL,UNNAMED,1891,6,39,18911005,0,,HU,35.3N,68.1W,85,,,,,,,,,,,,,
AL,UNNAMED,1891,6,39,18911005,600,,HU,36.5N,68.7W,85,,,,,,,,,,,,,
AL,UNNAMED,1891,6,39,18911005,1200,,HU,38.0N,68.8W,75,,,,,,,,,,,,,
AL,UNNAMED,1891,6,39,18911005,1800,,HU,39.9N,67.8W,65,,,,,,,,,,,,,
AL,UNNAMED,1891,6,39,18911006,0,,EX,42.5N,65.0W,55,,,,,,,,,,,,,
AL,UNNAMED,1891,6,39,18911006,600,,EX,45.3N,61.6W,50,,,,,,,,,,,,,
AL,UNNAMED,1891,6,39,18911006,1200,,EX,47.2N,58.0W,50,,,,,,,,,,,,,
AL,UNNAMED,1891,6,39,18911006,1800,,EX,48.4N,54.9W,50,,,,,,,,,,,,,
AL,UNNAMED,1891,6,39,18911007,0,,EX,49.6N,51.7W,50,,,,,,,,,,,,,
AL,UNNAMED,1891,6,39,18911007,600,,EX,50.6N,48.4W,50,,,,,,,,,,,,,
AL,UNNAMED,1891,6,39,18911007,1200,,EX,51.6N,45.0W,50,,,,,,,,,,,,,
AL,UNNAMED,1891,6,39,18911007,1800,,EX,52.5N,41.4W,50,,,,,,,,,,,,,
AL,UNNAMED,1891,6,39,18911008,0,,EX,53.4N,37.3W,50,,,,,,,,,,,,,
AL,UNNAMED,1891,6,39,18911008,600,,EX,54.2N,33.1W,50,,,,,,,,,,,,,
AL,UNNAMED,1891,6,39,18911008,1200,,EX,55.2N,29.5W,50,,,,,,,,,,,,,
AL,UNNAMED,1891,6,39,18911008,1800,,EX,56.8N,25.5W,45,,,,,,,,,,,,,
AL,UNNAMED,1891,7,25,18911004,1200,,TS,15.0N,79.0W,35,,,,,,,,,,,,,
AL,UNNAMED,1891,7,25,18911004,1800,,TS,16.0N,79.5W,40,,,,,,,,,,,,,
AL,UNNAMED,1891,7,25,18911005,0,,TS,17.0N,80.0W,45,,,,,,,,,,,,,
AL,UNNAMED,1891,7,25,18911005,600,,TS,17.5N,80.5W,45,,,,,,,,,,,,,
AL,UNNAMED,1891,7,25,18911005,1200,,TS,18.0N,81.0W,45,,,,,,,,,,,,,
AL,UNNAMED,1891,7,25,18911005,1800,,TS,18.7N,81.5W,45,,,,,,,,,,,,,
AL,UNNAMED,1891,7,25,18911006,0,,TS,19.5N,82.0W,45,,,,,,,,,,,,,
AL,UNNAMED,1891,7,25,18911006,600,,TS,20.5N,82.3W,45,,,,,,,,,,,,,
AL,UNNAMED,1891,7,25,18911006,1200,,TS,21.5N,82.5W,45,,,,,,,,,,,,,
AL,UNNAMED,1891,7,25,18911006,1800,,TS,22.6N,82.3W,45,,,,,,,,,,,,,
AL,UNNAMED,1891,7,25,18911007,0,,TS,23.7N,82.0W,40,,,,,,,,,,,,,
AL,UNNAMED,1891,7,25,18911007,600,,TS,24.8N,81.5W,45,,,,,,,,,,,,,
AL,UNNAMED,1891,7,25,18911007,800,L,TS,25.2N,81.3W,45,,,,,,,,,,,,,
AL,UNNAMED,1891,7,25,18911007,1200,,TS,26.0N,81.0W,40,,,,,,,,,,,,,
AL,UNNAMED,1891,7,25,18911007,1800,,TS,27.1N,80.3W,40,1004,,,,,,,,,,,,
AL,UNNAMED,1891,7,25,18911008,0,,TS,28.2N,79.3W,40,,,,,,,,,,,,,
AL,UNNAMED,1891,7,25,18911008,600,,TS,29.3N,78.2W,40,,,,,,,,,,,,,
AL,UNNAMED,1891,7,25,18911008,1200,,TS,30.5N,77.0W,40,,,,,,,,,,,,,
AL,UNNAMED,1891,7,25,18911008,1800,,TS,31.8N,75.5W,40,,,,,,,,,,,,,
AL,UNNAMED,1891,7,25,18911009,0,,EX,33.2N,74.0W,40,,,,,,,,,,,,,
AL,UNNAMED,1891,7,25,18911009,600,,EX,34.6N,72.5W,40,,,,,,,,,,,,,
AL,UNNAMED,1891,7,25,18911009,1200,,EX,36.0N,71.0W,45,,,,,,,,,,,,,
AL,UNNAMED,1891,7,25,18911009,1800,,EX,37.0N,69.5W,40,,,,,,,,,,,,,
AL,UNNAMED,1891,7,25,18911010,0,,EX,37.5N,67.5W,35,,,,,,,,,,,,,
AL,UNNAMED,1891,7,25,18911010,600,,EX,37.8N,65.0W,35,,,,,,,,,,,,,
AL,UNNAMED,1891,8,35,18911007,1200,,TD,18.0N,85.0W,30,,,,,,,,,,,,,
AL,UNNAMED,1891,8,35,18911007,1800,,TD,18.5N,85.0W,30,,,,,,,,,,,,,
AL,UNNAMED,1891,8,35,18911008,0,,TS,19.0N,85.0W,35,,,,,,,,,,,,,
AL,UNNAMED,1891,8,35,18911008,600,,TS,19.5N,85.0W,35,,,,,,,,,,,,,
AL,UNNAMED,1891,8,35,18911008,1200,,TS,20.0N,84.8W,35,,,,,,,,,,,,,
AL,UNNAMED,1891,8,35,18911008,1800,,TS,20.7N,84.4W,35,,,,,,,,,,,,,
AL,UNNAMED,1891,8,35,18911009,0,,TS,21.5N,84.0W,35,,,,,,,,,,,,,
AL,UNNAMED,1891,8,35,18911009,600,,TS,22.5N,83.7W,40,,,,,,,,,,,,,
AL,UNNAMED,1891,8,35,18911009,1200,,TS,24.0N,83.5W,40,,,,,,,,,,,,,
AL,UNNAMED,1891,8,35,18911009,1800,,EX,25.5N,82.8W,35,,,,,,,,,,,,,
AL,UNNAMED,1891,8,35,18911010,0,,EX,27.0N,81.5W,30,,,,,,,,,,,,,
AL,UNNAMED,1891,8,35,18911010,600,,EX,28.4N,80.7W,30,,,,,,,,,,,,,
AL,UNNAMED,1891,8,35,18911010,1200,,EX,29.8N,80.0W,30,,,,,,,,,,,,,
AL,UNNAMED,1891,8,35,18911010,1800,,EX,31.0N,78.8W,30,,,,,,,,,,,,,
AL,UNNAMED,1891,8,35,18911011,0,,EX,32.0N,77.0W,30,,,,,,,,,,,,,
AL,UNNAMED,1891,8,35,18911011,600,,EX,32.6N,75.8W,35,,,,,,,,,,,,,
AL,UNNAMED,1891,8,35,18911011,1200,,EX,33.2N,75.0W,40,,,,,,,,,,,,,
AL,UNNAMED,1891,8,35,18911011,1800,,EX,33.8N,74.5W,45,,,,,,,,,,,,,
AL,UNNAMED,1891,8,35,18911012,0,,EX,34.4N,74.0W,50,,,,,,,,,,,,,
AL,UNNAMED,1891,8,35,18911012,600,,EX,34.8N,73.7W,55,,,,,,,,,,,,,
AL,UNNAMED,1891,8,35,18911012,1200,,EX,35.0N,73.5W,55,,,,,,,,,,,,,
AL,UNNAMED,1891,8,35,18911012,1800,,EX,35.4N,73.3W,55,,,,,,,,,,,,,
AL,UNNAMED,1891,8,35,18911013,0,,EX,36.0N,73.1W,55,,,,,,,,,,,,,
AL,UNNAMED,1891,8,35,18911013,600,,EX,37.0N,72.9W,55,,,,,,,,,,,,,
AL,UNNAMED,1891,8,35,18911013,1200,,EX,38.0N,72.5W,55,,,,,,,,,,,,,
AL,UNNAMED,1891,8,35,18911013,1800,,EX,39.0N,71.5W,55,,,,,,,,,,,,,
AL,UNNAMED,1891,8,35,18911014,0,,EX,40.0N,70.5W,55,,,,,,,,,,,,,
AL,UNNAMED,1891,8,35,18911014,600,,EX,41.0N,69.5W,55,,,,,,,,,,,,,
AL,UNNAMED,1891,8,35,18911014,1200,,EX,42.0N,68.5W,50,,,,,,,,,,,,,
AL,UNNAMED,1891,8,35,18911014,1800,,EX,43.3N,66.5W,45,,,,,,,,,,,,,
AL,UNNAMED,1891,8,35,18911015,0,,EX,44.6N,64.0W,40,,,,,,,,,,,,,
AL,UNNAMED,1891,8,35,18911015,600,,EX,46.0N,62.0W,40,,,,,,,,,,,,,
AL,UNNAMED,1891,8,35,18911015,1200,,EX,47.5N,60.2W,35,,,,,,,,,,,,,
AL,UNNAMED,1891,8,35,18911015,1800,,EX,50.0N,57.1W,30,,,,,,,,,,,,,
AL,UNNAMED,1891,8,35,18911016,0,,EX,53.0N,52.2W,30,,,,,,,,,,,,,
AL,UNNAMED,1891,9,34,18911012,1200,,TS,12.5N,61.3W,35,,,,,,,,,,,,,
AL,UNNAMED,1891,9,34,18911012,1800,,TS,13.6N,62.0W,35,,,,,,,,,,,,,
AL,UNNAMED,1891,9,34,18911013,0,,TS,14.7N,62.7W,40,,,,,,,,,,,,,
AL,UNNAMED,1891,9,34,18911013,600,,TS,15.6N,63.2W,40,,,,,,,,,,,,,
AL,UNNAMED,1891,9,34,18911013,1200,,TS,16.2N,63.6W,45,,,,,,,,,,,,,
AL,UNNAMED,1891,9,34,18911013,1800,,TS,16.7N,63.9W,45,,,,,,,,,,,,,
AL,UNNAMED,1891,9,34,18911014,0,,TS,17.2N,64.1W,50,,,,,,,,,,,,,
AL,UNNAMED,1891,9,34,18911014,600,,TS,17.7N,64.4W,50,,,,,,,,,,,,,
AL,UNNAMED,1891,9,34,18911014,1200,,TS,18.2N,64.6W,55,,,,,,,,,,,,,
AL,UNNAMED,1891,9,34,18911014,1800,,TS,18.7N,64.8W,55,,,,,,,,,,,,,
AL,UNNAMED,1891,9,34,18911015,0,,TS,19.2N,65.0W,60,,,,,,,,,,,,,
AL,UNNAMED,1891,9,34,18911015,600,,TS,19.7N,65.2W,60,,,,,,,,,,,,,
AL,UNNAMED,1891,9,34,18911015,1200,,HU,20.2N,65.4W,65,,,,,,,,,,,,,
AL,UNNAMED,1891,9,34,18911015,1800,,HU,21.3N,65.6W,70,,,,,,,,,,,,,
AL,UNNAMED,1891,9,34,18911016,0,,HU,22.4N,65.8W,75,,,,,,,,,,,,,
AL,UNNAMED,1891,9,34,18911016,600,,HU,23.4N,66.0W,75,,,,,,,,,,,,,
AL,UNNAMED,1891,9,34,18911016,1200,,HU,24.5N,66.2W,75,,,,,,,,,,,,,
AL,UNNAMED,1891,9,34,18911016,1800,,HU,25.6N,66.3W,75,,,,,,,,,,,,,
AL,UNNAMED,1891,9,34,18911017,0,,HU,26.7N,66.2W,75,,,,,,,,,,,,,
AL,UNNAMED,1891,9,34,18911017,600,,HU,27.7N,66.1W,75,,,,,,,,,,,,,
AL,UNNAMED,1891,9,34,18911017,1200,,HU,28.8N,66.0W,75,,,,,,,,,,,,,
AL,UNNAMED,1891,9,34,18911017,1800,,HU,29.7N,65.9W,75,,,,,,,,,,,,,
AL,UNNAMED,1891,9,34,18911018,0,,HU,30.3N,65.9W,75,,,,,,,,,,,,,
AL,UNNAMED,1891,9,34,18911018,600,,HU,31.0N,65.8W,75,,,,,,,,,,,,,
AL,UNNAMED,1891,9,34,18911018,1200,,HU,32.0N,65.7W,75,,,,,,,,,,,,,
AL,UNNAMED,1891,9,34,18911018,1800,,HU,33.4N,65.5W,75,,,,,,,,,,,,,
AL,UNNAMED,1891,9,34,18911019,0,,HU,35.3N,65.3W,75,,,,,,,,,,,,,
AL,UNNAMED,1891,9,34,18911019,600,,HU,37.2N,64.9W,75,,,,,,,,,,,,,
AL,UNNAMED,1891,9,34,18911019,1200,,HU,39.0N,63.9W,70,,,,,,,,,,,,,
AL,UNNAMED,1891,9,34,18911019,1800,,HU,40.9N,62.3W,65,,,,,,,,,,,,,
AL,UNNAMED,1891,9,34,18911020,0,,TS,43.0N,60.2W,60,,,,,,,,,,,,,
AL,UNNAMED,1891,9,34,18911020,600,,TS,44.8N,58.2W,50,,,,,,,,,,,,,
AL,UNNAMED,1891,9,34,18911020,1200,,TS,46.5N,57.0W,40,,,,,,,,,,,,,
AL,UNNAMED,1891,9,34,18911020,1800,,TS,48.5N,57.5W,35,,,,,,,,,,,,,
AL,UNNAMED,1891,10,13,18911103,0,,TS,24.1N,73.8W,35,,,,,,,,,,,,,
AL,UNNAMED,1891,10,13,18911103,600,,TS,25.0N,72.5W,35,,,,,,,,,,,,,
AL,UNNAMED,1891,10,13,18911103,1200,,TS,25.7N,71.6W,40,,,,,,,,,,,,,
AL,UNNAMED,1891,10,13,18911103,1800,,TS,26.8N,70.3W,45,,,,,,,,,,,,,
AL,UNNAMED,1891,10,13,18911104,0,,TS,27.9N,68.7W,45,,,,,,,,,,,,,
AL,UNNAMED,1891,10,13,18911104,600,,TS,29.1N,66.8W,50,,,,,,,,,,,,,
AL,UNNAMED,1891,10,13,18911104,1200,,TS,30.2N,64.7W,50,,,,,,,,,,,,,
AL,UNNAMED,1891,10,13,18911104,1800,,TS,31.3N,62.1W,50,,,,,,,,,,,,,
AL,UNNAMED,1891,10,13,18911105,0,,TS,32.5N,59.2W,50,,,,,,,,,,,,,
AL,UNNAMED,1891,10,13,18911105,600,,TS,33.8N,56.2W,50,,,,,,,,,,,,,
AL,UNNAMED,1891,10,13,18911105,1200,,TS,35.2N,53.8W,45,,,,,,,,,,,,,
AL,UNNAMED,1891,10,13,18911105,1800,,TS,38.0N,51.2W,40,,,,,,,,,,,,,
AL,UNNAMED,1891,10,13,18911106,0,,TS,41.6N,49.0W,35,,,,,,,,,,,,,
AL,UNNAMED,1892,1,33,18920609,0,,TS,20.8N,83.1W,35,,,,,,,,,,,,,
AL,UNNAMED,1892,1,33,18920609,600,,TS,21.3N,83.4W,35,,,,,,,,,,,,,
AL,UNNAMED,1892,1,33,18920609,1200,,TS,21.7N,83.7W,35,,,,,,,,,,,,,
AL,UNNAMED,1892,1,33,18920609,1800,,TS,22.1N,83.8W,35,,,,,,,,,,,,,
AL,UNNAMED,1892,1,33,18920610,0,,TS,22.9N,83.9W,35,,,,,,,,,,,,,
AL,UNNAMED,1892,1,33,18920610,600,,TS,23.8N,83.8W,35,,,,,,,,,,,,,
AL,UNNAMED,1892,1,33,18920610,1200,,TS,24.7N,83.3W,40,,,,,,,,,,,,,
AL,UNNAMED,1892,1,33,18920610,1800,,TS,25.2N,82.2W,40,,,,,,,,,,,,,
AL,UNNAMED,1892,1,33,18920610,2300,L,TS,25.7N,81.3W,40,,,,,,,,,,,,,
AL,UNNAMED,1892,1,33,18920611,0,,TS,25.8N,81.0W,35,,,,,,,,,,,,,
AL,UNNAMED,1892,1,33,18920611,600,,TS,26.4N,79.9W,35,,,,,,,,,,,,,
AL,UNNAMED,1892,1,33,18920611,1200,,TS,27.0N,78.7W,35,,,,,,,,,,,,,
AL,UNNAMED,1892,1,33,18920611,1800,,TS,27.6N,77.6W,35,,,,,,,,,,,,,
AL,UNNAMED,1892,1,33,18920612,0,,TS,28.2N,76.7W,40,,,,,,,,,,,,,
AL,UNNAMED,1892,1,33,18920612,600,,TS,28.9N,75.8W,45,,,,,,,,,,,,,
AL,UNNAMED,1892,1,33,18920612,1200,,TS,29.3N,75.1W,45,,,,,,,,,,,,,
AL,UNNAMED,1892,1,33,18920612,1800,,TS,29.6N,74.0W,45,,,,,,,,,,,,,
AL,UNNAMED,1892,1,33,18920613,0,,TS,29.9N,72.8W,45,,,,,,,,,,,,,
AL,UNNAMED,1892,1,33,18920613,600,,TS,30.2N,71.9W,45,,,,,,,,,,,,,
AL,UNNAMED,1892,1,33,18920613,1200,,TS,30.4N,71.6W,45,,,,,,,,,,,,,
AL,UNNAMED,1892,1,33,18920613,1800,,TS,31.0N,71.6W,45,,,,,,,,,,,,,
AL,UNNAMED,1892,1,33,18920614,0,,TS,31.4N,72.0W,45,,,,,,,,,,,,,
AL,UNNAMED,1892,1,33,18920614,600,,TS,31.3N,72.7W,45,,,,,,,,,,,,,
AL,UNNAMED,1892,1,33,18920614,1200,,TS,31.2N,73.6W,45,,,,,,,,,,,,,
AL,UNNAMED,1892,1,33,18920614,1800,,TS,31.2N,74.1W,45,,,,,,,,,,,,,
AL,UNNAMED,1892,1,33,18920615,0,,TS,31.3N,74.7W,45,,,,,,,,,,,,,
AL,UNNAMED,1892,1,33,18920615,600,,TS,31.5N,75.3W,45,,,,,,,,,,,,,
AL,UNNAMED,1892,1,33,18920615,1200,,TS,31.8N,75.8W,45,,,,,,,,,,,,,
AL,UNNAMED,1892,1,33,18920615,1800,,TS,32.0N,76.0W,45,,,,,,,,,,,,,
AL,UNNAMED,1892,1,33,18920616,0,,TS,32.3N,76.0W,45,,,,,,,,,,,,,
AL,UNNAMED,1892,1,33,18920616,600,,TS,32.6N,76.0W,40,,,,,,,,,,,,,
AL,UNNAMED,1892,1,33,18920616,1200,,TS,33.0N,76.0W,40,,,,,,,,,,,,,
AL,UNNAMED,1892,1,33,18920616,1800,,TS,33.5N,76.0W,35,,,,,,,,,,,,,
AL,UNNAMED,1892,2,40,18920815,0,,TS,18.0N,54.5W,35,,,,,,,,,,,,,
AL,UNNAMED,1892,2,40,18920815,600,,TS,18.0N,55.5W,35,,,,,,,,,,,,,
AL,UNNAMED,1892,2,40,18920815,1200,,TS,18.0N,56.5W,35,,,,,,,,,,,,,
AL,UNNAMED,1892,2,40,18920815,1800,,TS,18.1N,57.5W,35,,,,,,,,,,,,,
AL,UNNAMED,1892,2,40,18920816,0,,TS,18.2N,58.5W,35,,,,,,,,,,,,,
AL,UNNAMED,1892,2,40,18920816,600,,TS,18.5N,59.5W,35,,,,,,,,,,,,,
AL,UNNAMED,1892,2,40,18920816,1200,,TS,18.9N,60.5W,40,,,,,,,,,,,,,
AL,UNNAMED,1892,2,40,18920816,1800,,TS,19.3N,61.4W,40,,,,,,,,,,,,,
AL,UNNAMED,1892,2,40,18920817,0,,TS,19.7N,62.2W,45,,,,,,,,,,,,,
AL,UNNAMED,1892,2,40,18920817,600,,TS,20.1N,63.0W,45,,,,,,,,,,,,,
AL,UNNAMED,1892,2,40,18920817,1200,,TS,20.6N,63.7W,50,,,,,,,,,,,,,
AL,UNNAMED,1892,2,40,18920817,1800,,TS,21.1N,64.3W,50,,,,,,,,,,,,,
AL,UNNAMED,1892,2,40,18920818,0,,TS,21.5N,65.0W,55,,,,,,,,,,,,,
AL,UNNAMED,1892,2,40,18920818,600,,TS,22.0N,65.7W,55,,,,,,,,,,,,,
AL,UNNAMED,1892,2,40,18920818,1200,,TS,22.8N,66.3W,60,,,,,,,,,,,,,
AL,UNNAMED,1892,2,40,18920818,1800,,TS,24.0N,67.0W,60,,,,,,,,,,,,,
AL,UNNAMED,1892,2,40,18920819,0,,HU,24.9N,67.3W,65,,,,,,,,,,,,,
AL,UNNAMED,1892,2,40,18920819,600,,HU,25.9N,67.7W,65,,,,,,,,,,,,,
AL,UNNAMED,1892,2,40,18920819,1200,,HU,27.0N,68.0W,65,,,,,,,,,,,,,
AL,UNNAMED,1892,2,40,18920819,1800,,HU,28.4N,68.4W,65,,,,,,,,,,,,,
AL,UNNAMED,1892,2,40,18920820,0,,HU,30.0N,68.6W,65,,,,,,,,,,,,,
AL,UNNAMED,1892,2,40,18920820,600,,HU,31.8N,68.6W,65,,,,,,,,,,,,,
AL,UNNAMED,1892,2,40,18920820,1200,,HU,33.5N,68.0W,65,,,,,,,,,,,,,
AL,UNNAMED,1892,2,40,18920820,1800,,HU,35.1N,67.2W,65,,,,,,,,,,,,,
AL,UNNAMED,1892,2,40,18920821,0,,HU,36.4N,66.2W,65,,,,,,,,,,,,,
AL,UNNAMED,1892,2,40,18920821,600,,HU,38.2N,64.7W,65,,,,,,,,,,,,,
AL,UNNAMED,1892,2,40,18920821,1200,,HU,40.0N,63.0W,65,,,,,,,,,,,,,
AL,UNNAMED,1892,2,40,18920821,1800,,HU,41.7N,61.6W,65,,,,,,,,,,,,,
AL,UNNAMED,1892,2,40,18920822,0,,EX,43.5N,59.8W,60,,,,,,,,,,,,,
AL,UNNAMED,1892,2,40,18920822,600,,EX,45.2N,57.8W,55,,,,,,,,,,,,,
AL,UNNAMED,1892,2,40,18920822,1200,,EX,47.0N,55.2W,50,,,,,,,,,,,,,
AL,UNNAMED,1892,2,40,18920822,1800,,EX,49.2N,51.5W,50,,,,,,,,,,,,,
AL,UNNAMED,1892,2,40,18920823,0,,EX,51.9N,47.0W,50,,,,,,,,,,,,,
AL,UNNAMED,1892,2,40,18920823,600,,EX,54.7N,43.5W,50,,,,,,,,,,,,,
AL,UNNAMED,1892,2,40,18920823,1200,,EX,57.0N,41.0W,50,,,,,,,,,,,,,
AL,UNNAMED,1892,2,40,18920823,1800,,EX,58.4N,39.3W,50,,,,,,,,,,,,,
AL,UNNAMED,1892,2,40,18920824,0,,EX,59.5N,37.0W,45,,,,,,,,,,,,,
AL,UNNAMED,1892,2,40,18920824,600,,EX,60.1N,33.6W,45,,,,,,,,,,,,,
AL,UNNAMED,1892,2,40,18920824,1200,,EX,60.6N,31.0W,40,,,,,,,,,,,,,
AL,UNNAMED,1892,2,40,18920824,1800,,EX,60.9N,28.3W,40,,,,,,,,,,,,,
AL,UNNAMED,1892,3,58,18920903,600,,TS,11.5N,33.0W,35,,,,,,,,,,,,,
AL,UNNAMED,1892,3,58,18920903,1200,,TS,11.6N,34.6W,35,,,,,,,,,,,,,
AL,UNNAMED,1892,3,58,18920903,1800,,TS,11.9N,36.3W,40,,,,,,,,,,,,,
AL,UNNAMED,1892,3,58,18920904,0,,TS,12.2N,37.8W,40,,,,,,,,,,,,,
AL,UNNAMED,1892,3,58,18920904,600,,TS,12.4N,39.1W,40,,,,,,,,,,,,,
AL,UNNAMED,1892,3,58,18920904,1200,,TS,12.7N,40.2W,45,,,,,,,,,,,,,
AL,UNNAMED,1892,3,58,18920904,1800,,TS,12.9N,41.0W,50,,,,,,,,,,,,,
AL,UNNAMED,1892,3,58,18920905,0,,TS,13.2N,41.7W,50,,,,,,,,,,,,,
AL,UNNAMED,1892,3,58,18920905,600,,TS,13.4N,42.3W,55,,,,,,,,,,,,,
AL,UNNAMED,1892,3,58,18920905,1200,,TS,13.7N,43.1W,60,,,,,,,,,,,,,
AL,UNNAMED,1892,3,58,18920905,1800,,HU,14.2N,44.2W,65,,,,,,,,,,,,,
AL,UNNAMED,1892,3,58,18920906,0,,HU,14.8N,45.4W,65,,,,,,,,,,,,,
AL,UNNAMED,1892,3,58,18920906,600,,HU,15.4N,46.6W,70,,,,,,,,,,,,,
AL,UNNAMED,1892,3,58,18920906,1200,,HU,16.1N,47.5W,75,,,,,,,,,,,,,
AL,UNNAMED,1892,3,58,18920906,1800,,HU,16.8N,48.2W,75,,,,,,,,,,,,,
AL,UNNAMED,1892,3,58,18920907,0,,HU,17.4N,48.8W,80,,,,,,,,,,,,,
AL,UNNAMED,1892,3,58,18920907,600,,HU,18.1N,49.4W,85,,,,,,,,,,,,,
AL,UNNAMED,1892,3,58,18920907,1200,,HU,18.7N,49.9W,85,,,,,,,,,,,,,
AL,UNNAMED,1892,3,58,18920907,1800,,HU,19.3N,50.4W,85,,,,,,,,,,,,,
AL,UNNAMED,1892,3,58,18920908,0,,HU,19.9N,50.9W,85,,,,,,,,,,,,,
AL,UNNAMED,1892,3,58,18920908,600,,HU,20.5N,51.3W,85,,,,,,,,,,,,,
AL,UNNAMED,1892,3,58,18920908,1200,,HU,21.2N,51.8W,85,,,,,,,,,,,,,
AL,UNNAMED,1892,3,58,18920908,1800,,HU,22.0N,52.3W,85,,,,,,,,,,,,,
AL,UNNAMED,1892,3,58,18920909,0,,HU,22.9N,52.7W,85,,,,,,,,,,,,,
AL,UNNAMED,1892,3,58,18920909,600,,HU,23.8N,53.1W,85,,,,,,,,,,,,,
AL,UNNAMED,1892,3,58,18920909,1200,,HU,24.7N,53.4W,85,,,,,,,,,,,,,
AL,UNNAMED,1892,3,58,18920909,1800,,HU,25.6N,53.6W,85,,,,,,,,,,,,,
AL,UNNAMED,1892,3,58,18920910,0,,HU,26.4N,53.8W,85,,,,,,,,,,,,,
AL,UNNAMED,1892,3,58,18920910,600,,HU,27.3N,54.0W,85,,,,,,,,,,,,,
AL,UNNAMED,1892,3,58,18920910,1200,,HU,28.1N,54.1W,85,,,,,,,,,,,,,
AL,UNNAMED,1892,3,58,18920910,1800,,HU,29.0N,54.3W,85,,,,,,,,,,,,,
AL,UNNAMED,1892,3,58,18920911,0,,HU,29.8N,54.4W,85,,,,,,,,,,,,,
AL,UNNAMED,1892,3,58,18920911,600,,HU,30.7N,54.5W,85,,,,,,,,,,,,,
AL,UNNAMED,1892,3,58,18920911,1200,,HU,31.7N,54.6W,85,,,,,,,,,,,,,
AL,UNNAMED,1892,3,58,18920911,1800,,HU,32.9N,54.5W,85,,,,,,,,,,,,,
AL,UNNAMED,1892,3,58,18920912,0,,HU,34.5N,54.0W,85,,,,,,,,,,,,,
AL,UNNAMED,1892,3,58,18920912,600,,HU,36.1N,53.2W,85,,,,,,,,,,,,,
AL,UNNAMED,1892,3,58,18920912,1200,,HU,37.6N,52.2W,85,,,,,,,,,,,,,
AL,UNNAMED,1892,3,58,18920912,1800,,HU,38.9N,50.9W,85,,,,,,,,,,,,,
AL,UNNAMED,1892,3,58,18920913,0,,HU,40.3N,49.3W,85,,,,,,,,,,,,,
AL,UNNAMED,1892,3,58,18920913,600,,HU,41.5N,47.3W,85,,,,,,,,,,,,,
AL,UNNAMED,1892,3,58,18920913,1200,,HU,42.8N,45.0W,85,,,,,,,,,,,,,
AL,UNNAMED,1892,3,58,18920913,1800,,HU,44.0N,42.3W,80,,,,,,,,,,,,,
AL,UNNAMED,1892,3,58,18920914,0,,HU,45.1N,39.3W,75,,,,,,,,,,,,,
AL,UNNAMED,1892,3,58,18920914,600,,HU,46.1N,36.3W,70,,,,,,,,,,,,,
AL,UNNAMED,1892,3,58,18920914,1200,,HU,47.0N,33.8W,65,,,,,,,,,,,,,
AL,UNNAMED,1892,3,58,18920914,1800,,TS,47.7N,31.6W,60,,,,,,,,,,,,,
AL,UNNAMED,1892,3,58,18920915,0,,TS,48.2N,29.4W,60,,,,,,,,,,,,,
AL,UNNAMED,1892,3,58,18920915,600,,TS,48.5N,27.2W,55,,,,,,,,,,,,,
AL,UNNAMED,1892,3,58,18920915,1200,,TS,48.7N,25.0W,55,,,,,,,,,,,,,
AL,UNNAMED,1892,3,58,18920915,1800,,TS,48.2N,22.8W,50,,,,,,,,,,,,,
AL,UNNAMED,1892,3,58,18920916,0,,TS,47.5N,20.6W,50,,,,,,,,,,,,,
AL,UNNAMED,1892,3,58,18920916,600,,TS,46.8N,18.4W,50,,,,,,,,,,,,,
AL,UNNAMED,1892,3,58,18920916,1200,,TS,46.2N,16.2W,50,,,,,,,,,,,,,
AL,UNNAMED,1892,3,58,18920916,1800,,TS,45.6N,14.4W,50,,,,,,,,,,,,,
AL,UNNAMED,1892,3,58,18920917,0,,TS,45.1N,13.1W,45,,,,,,,,,,,,,
AL,UNNAMED,1892,3,58,18920917,600,,TS,44.7N,12.2W,40,,,,,,,,,,,,,
AL,UNNAMED,1892,3,58,18920917,1200,,TS,44.3N,11.5W,35,,,,,,,,,,,,,
AL,UNNAMED,1892,4,37,18920908,1800,,TS,22.0N,92.8W,35,,,,,,,,,,,,,
AL,UNNAMED,1892,4,37,18920909,0,,TS,22.7N,93.2W,35,,,,,,,,,,,,,
AL,UNNAMED,1892,4,37,18920909,600,,TS,23.4N,93.7W,35,,,,,,,,,,,,,
AL,UNNAMED,1892,4,37,18920909,1200,,TS,24.1N,94.2W,40,,,,,,,,,,,,,
AL,UNNAMED,1892,4,37,18920909,1800,,TS,24.9N,94.4W,45,,,,,,,,,,,,,
AL,UNNAMED,1892,4,37,18920910,0,,TS,25.6N,94.2W,50,,,,,,,,,,,,,
AL,UNNAMED,1892,4,37,18920910,600,,TS,26.1N,93.9W,50,,,,,,,,,,,,,
AL,UNNAMED,1892,4,37,18920910,1200,,TS,26.6N,93.6W,50,,,,,,,,,,,,,
AL,UNNAMED,1892,4,37,18920910,1800,,TS,26.9N,93.3W,50,,,,,,,,,,,,,
AL,UNNAMED,1892,4,37,18920911,0,,TS,27.1N,92.9W,50,,,,,,,,,,,,,
AL,UNNAMED,1892,4,37,18920911,600,,TS,27.4N,92.4W,50,,,,,,,,,,,,,
AL,UNNAMED,1892,4,37,18920911,1200,,TS,27.6N,92.0W,50,,,,,,,,,,,,,
AL,UNNAMED,1892,4,37,18920911,1800,,TS,27.9N,91.6W,50,,,,,,,,,,,,,
AL,UNNAMED,1892,4,37,18920912,0,,TS,28.3N,91.2W,50,,,,,,,,,,,,,
AL,UNNAMED,1892,4,37,18920912,600,,TS,28.9N,90.7W,50,,,,,,,,,,,,,
AL,UNNAMED,1892,4,37,18920912,700,L,TS,29.0N,90.6W,50,,,,,,,,,,,,,
AL,UNNAMED,1892,4,37,18920912,1200,,TS,29.7N,90.1W,45,,,,,,,,,,,,,
AL,UNNAMED,1892,4,37,18920912,1800,,TS,30.9N,88.9W,40,,,,,,,,,,,,,
AL,UNNAMED,1892,4,37,18920913,0,,TS,32.7N,87.7W,35,,,,,,,,,,,,,
AL,UNNAMED,1892,4,37,18920913,600,,TS,34.7N,86.5W,35,,,,,,,,,,,,,
AL,UNNAMED,1892,4,37,18920913,1200,,EX,36.8N,85.4W,40,,,,,,,,,,,,,
AL,UNNAMED,1892,4,37,18920913,1800,,EX,39.2N,84.3W,45,,,,,,,,,,,,,
AL,UNNAMED,1892,4,37,18920914,0,,EX,41.9N,83.1W,50,,,,,,,,,,,,,
AL,UNNAMED,1892,4,37,18920914,600,,EX,44.3N,82.0W,50,,,,,,,,,,,,,
AL,UNNAMED,1892,4,37,18920914,1200,,EX,46.2N,80.8W,45,,,,,,,,,,,,,
AL,UNNAMED,1892,4,37,18920914,1800,,EX,47.6N,79.2W,45,,,,,,,,,,,,,
AL,UNNAMED,1892,4,37,18920915,0,,EX,48.9N,77.1W,40,,,,,,,,,,,,,
AL,UNNAMED,1892,4,37,18920915,600,,EX,50.2N,74.6W,40,,,,,,,,,,,,,
AL,UNNAMED,1892,4,37,18920915,1200,,EX,51.4N,72.0W,35,,,,,,,,,,,,,
AL,UNNAMED,1892,4,37,18920915,1800,,EX,52.6N,68.9W,35,,,,,,,,,,,,,
AL,UNNAMED,1892,4,37,18920916,0,,EX,53.9N,65.2W,35,,,,,,,,,,,,,
AL,UNNAMED,1892,4,37,18920916,600,,EX,55.1N,61.5W,35,,,,,,,,,,,,,
AL,UNNAMED,1892,4,37,18920916,1200,,EX,56.3N,58.4W,35,,,,,,,,,,,,,
AL,UNNAMED,1892,4,37,18920916,1800,,EX,57.4N,56.0W,35,,,,,,,,,,,,,
AL,UNNAMED,1892,4,37,18920917,0,,EX,58.4N,54.2W,35,,,,,,,,,,,,,
AL,UNNAMED,1892,4,37,18920917,600,,EX,59.4N,52.8W,35,,,,,,,,,,,,,
AL,UNNAMED,1892,4,37,18920917,1200,,EX,60.3N,51.9W,35,,,,,,,,,,,,,
AL,UNNAMED,1892,5,48,18920912,0,,TS,15.3N,19.5W,35,,,,,,,,,,,,,
AL,UNNAMED,1892,5,48,18920912,600,,TS,15.4N,20.5W,40,,,,,,,,,,,,,
AL,UNNAMED,1892,5,48,18920912,1200,,TS,15.5N,21.5W,45,,,,,,,,,,,,,
AL,UNNAMED,1892,5,48,18920912,1800,,TS,15.6N,22.3W,50,,,,,,,,,,,,,
AL,UNNAMED,1892,5,48,18920913,0,,TS,15.7N,23.0W,55,,,,,,,,,,,,,
AL,UNNAMED,1892,5,48,18920913,600,,TS,15.9N,23.6W,60,,,,,,,,,,,,,
AL,UNNAMED,1892,5,48,18920913,1200,,HU,16.0N,24.1W,65,,,,,,,,,,,,,
AL,UNNAMED,1892,5,48,18920913,1800,,HU,16.2N,24.8W,70,,,,,,,,,,,,,
AL,UNNAMED,1892,5,48,18920914,0,,HU,16.4N,25.5W,75,,,,,,,,,,,,,
AL,UNNAMED,1892,5,48,18920914,600,,HU,16.6N,26.2W,80,,,,,,,,,,,,,
AL,UNNAMED,1892,5,48,18920914,1200,,HU,16.9N,27.0W,85,,,,,,,,,,,,,
AL,UNNAMED,1892,5,48,18920914,1800,,HU,17.1N,27.7W,85,,,,,,,,,,,,,
AL,UNNAMED,1892,5,48,18920915,0,,HU,17.3N,28.4W,85,,,,,,,,,,,,,
AL,UNNAMED,1892,5,48,18920915,600,,HU,17.4N,29.2W,85,,,,,,,,,,,,,
AL,UNNAMED,1892,5,48,18920915,1200,,HU,17.6N,30.0W,85,,,,,,,,,,,,,
AL,UNNAMED,1892,5,48,18920915,1800,,HU,18.0N,31.1W,85,,,,,,,,,,,,,
AL,UNNAMED,1892,5,48,18920916,0,,HU,18.4N,32.3W,85,,,,,,,,,,,,,
AL,UNNAMED,1892,5,48,18920916,600,,HU,18.9N,33.4W,85,,,,,,,,,,,,,
AL,UNNAMED,1892,5,48,18920916,1200,,HU,19.4N,34.5W,85,,,,,,,,,,,,,
AL,UNNAMED,1892,5,48,18920916,1800,,HU,19.9N,35.6W,85,,,,,,,,,,,,,
AL,UNNAMED,1892,5,48,18920917,0,,HU,20.5N,36.7W,85,,,,,,,,,,,,,
AL,UNNAMED,1892,5,48,18920917,600,,HU,21.0N,37.8W,85,,,,,,,,,,,,,
AL,UNNAMED,1892,5,48,18920917,1200,,HU,21.5N,38.9W,85,,,,,,,,,,,,,
AL,UNNAMED,1892,5,48,18920917,1800,,HU,22.0N,39.8W,85,,,,,,,,,,,,,
AL,UNNAMED,1892,5,48,18920918,0,,HU,22.4N,40.6W,85,,,,,,,,,,,,,
AL,UNNAMED,1892,5,48,18920918,600,,HU,22.9N,41.4W,85,,,,,,,,,,,,,
AL,UNNAMED,1892,5,48,18920918,1200,,HU,23.4N,42.2W,85,,,,,,,,,,,,,
AL,UNNAMED,1892,5,48,18920918,1800,,HU,23.9N,43.1W,85,,,,,,,,,,,,,
AL,UNNAMED,1892,5,48,18920919,0,,HU,24.5N,44.0W,85,,,,,,,,,,,,,
AL,UNNAMED,1892,5,48,18920919,600,,HU,25.0N,44.9W,85,,,,,,,,,,,,,
AL,UNNAMED,1892,5,48,18920919,1200,,HU,25.6N,45.8W,85,,,,,,,,,,,,,
AL,UNNAMED,1892,5,48,18920919,1800,,HU,26.1N,46.6W,85,,,,,,,,,,,,,
AL,UNNAMED,1892,5,48,18920920,0,,HU,26.7N,47.4W,85,,,,,,,,,,,,,
AL,UNNAMED,1892,5,48,18920920,600,,HU,27.2N,48.2W,85,,,,,,,,,,,,,
AL,UNNAMED,1892,5,48,18920920,1200,,HU,27.7N,48.9W,85,,,,,,,,,,,,,
AL,UNNAMED,1892,5,48,18920920,1800,,HU,28.3N,49.5W,80,,,,,,,,,,,,,
AL,UNNAMED,1892,5,48,18920921,0,,HU,29.0N,50.0W,80,,,,,,,,,,,,,
AL,UNNAMED,1892,5,48,18920921,600,,HU,29.8N,50.4W,80,,,,,,,,,,,,,
AL,UNNAMED,1892,5,48,18920921,1200,,HU,30.6N,50.7W,75,,,,,,,,,,,,,
AL,UNNAMED,1892,5,48,18920921,1800,,HU,31.6N,50.9W,70,,,,,,,,,,,,,
AL,UNNAMED,1892,5,48,18920922,0,,HU,32.6N,50.7W,70,,,,,,,,,,,,,
AL,UNNAMED,1892,5,48,18920922,600,,HU,33.7N,50.3W,70,,,,,,,,,,,,,
AL,UNNAMED,1892,5,48,18920922,1200,,HU,34.7N,49.7W,65,,,,,,,,,,,,,
AL,UNNAMED,1892,5,48,18920922,1800,,TS,35.5N,48.7W,60,,,,,,,,,,,,,
AL,UNNAMED,1892,5,48,18920923,0,,TS,36.3N,47.3W,50,,,,,,,,,,,,,
AL,UNNAMED,1892,5,48,18920923,600,,TS,36.9N,45.4W,45,,,,,,,,,,,,,
AL,UNNAMED,1892,5,48,18920923,1200,,TS,37.5N,43.2W,35,,,,,,,,,,,,,
AL,UNNAMED,1892,5,48,18920923,1800,,TD,38.2N,41.9W,25,,,,,,,,,,,,,
AL,UNNAMED,1892,6,11,18920925,600,,TS,19.5N,92.2W,35,,,,,,,,,,,,,
AL,UNNAMED,1892,6,11,18920925,1200,,TS,19.6N,92.9W,40,,,,,,,,,,,,,
AL,UNNAMED,1892,6,11,18920925,1800,,TS,19.9N,93.6W,40,,,,,,,,,,,,,
AL,UNNAMED,1892,6,11,18920926,0,,TS,20.3N,94.3W,45,,,,,,,,,,,,,
AL,UNNAMED,1892,6,11,18920926,600,,TS,20.8N,94.9W,50,,,,,,,,,,,,,
AL,UNNAMED,1892,6,11,18920926,1200,,TS,21.3N,95.5W,50,,,,,,,,,,,,,
AL,UNNAMED,1892,6,11,18920926,1800,,TS,21.9N,96.1W,50,,,,,,,,,,,,,
AL,UNNAMED,1892,6,11,18920927,0,,TS,22.5N,96.6W,50,,,,,,,,,,,,,
AL,UNNAMED,1892,6,11,18920927,600,,TS,23.1N,97.1W,50,,,,,,,,,,,,,
AL,UNNAMED,1892,6,11,18920927,1200,,TS,23.8N,97.6W,45,,,,,,,,,,,,,
AL,UNNAMED,1892,6,11,18920927,1800,,TS,24.3N,97.9W,35,,,,,,,,,,,,,
AL,UNNAMED,1892,7,45,18921005,0,,TS,11.5N,56.2W,35,,,,,,,,,,,,,
AL,UNNAMED,1892,7,45,18921005,600,,TS,11.3N,57.0W,40,,,,,,,,,,,,,
AL,UNNAMED,1892,7,45,18921005,1200,,TS,11.2N,57.6W,45,,,,,,,,,,,,,
AL,UNNAMED,1892,7,45,18921005,1800,,TS,11.2N,58.2W,50,,,,,,,,,,,,,
AL,UNNAMED,1892,7,45,18921006,0,,TS,11.2N,58.7W,55,,,,,,,,,,,,,
AL,UNNAMED,1892,7,45,18921006,600,,TS,11.1N,59.2W,55,,,,,,,,,,,,,
AL,UNNAMED,1892,7,45,18921006,1200,,TS,11.1N,60.0W,60,,,,,,,,,,,,,
AL,UNNAMED,1892,7,45,18921006,1800,,HU,11.1N,60.9W,65,,,,,,,,,,,,,
AL,UNNAMED,1892,7,45,18921007,0,,HU,11.1N,62.0W,70,,,,,,,,,,,,,
AL,UNNAMED,1892,7,45,18921007,600,,HU,11.2N,63.2W,75,,,,,,,,,,,,,
AL,UNNAMED,1892,7,45,18921007,1200,,HU,11.3N,64.4W,80,,,,,,,,,,,,,
AL,UNNAMED,1892,7,45,18921007,1800,,HU,11.5N,65.7W,80,,,,,,,,,,,,,
AL,UNNAMED,1892,7,45,18921008,0,,HU,11.6N,67.0W,85,,,,,,,,,,,,,
AL,UNNAMED,1892,7,45,18921008,600,,HU,11.8N,68.3W,85,,,,,,,,,,,,,
AL,UNNAMED,1892,7,45,18921008,1200,,HU,12.0N,69.6W,85,,,,,,,,,,,,,
AL,UNNAMED,1892,7,45,18921008,1800,,HU,12.2N,70.8W,85,,,,,,,,,,,,,
AL,UNNAMED,1892,7,45,18921009,0,,HU,12.4N,72.0W,85,,,,,,,,,,,,,
AL,UNNAMED,1892,7,45,18921009,600,,HU,12.5N,73.1W,85,,,,,,,,,,,,,
AL,UNNAMED,1892,7,45,18921009,1200,,HU,12.7N,74.3W,85,,,,,,,,,,,,,
AL,UNNAMED,1892,7,45,18921009,1800,,HU,12.9N,75.6W,85,,,,,,,,,,,,,
AL,UNNAMED,1892,7,45,18921010,0,,HU,13.1N,76.9W,85,,,,,,,,,,,,,
AL,UNNAMED,1892,7,45,18921010,600,,HU,13.4N,78.3W,85,,,,,,,,,,,,,
AL,UNNAMED,1892,7,45,18921010,1200,,HU,13.7N,79.5W,85,,,,,,,,,,,,,
AL,UNNAMED,1892,7,45,18921010,1800,,HU,14.0N,80.5W,85,,,,,,,,,,,,,
AL,UNNAMED,1892,7,45,18921011,0,,HU,14.3N,81.3W,85,,,,,,,,,,,,,
AL,UNNAMED,1892,7,45,18921011,600,,HU,14.6N,82.1W,85,,,,,,,,,,,,,
AL,UNNAMED,1892,7,45,18921011,1200,,HU,15.0N,83.0W,85,,,,,,,,,,,,,
AL,UNNAMED,1892,7,45,18921011,1800,,HU,15.5N,84.1W,80,,,,,,,,,,,,,
AL,UNNAMED,1892,7,45,18921012,0,,HU,15.9N,85.1W,75,,,,,,,,,,,,,
AL,UNNAMED,1892,7,45,18921012,600,,HU,16.4N,86.2W,80,,,,,,,,,,,,,
AL,UNNAMED,1892,7,45,18921012,1200,,HU,16.9N,87.2W,85,,,,,,,,,,,,,
AL,UNNAMED,1892,7,45,18921012,1800,,HU,17.4N,88.3W,85,,,,,,,,,,,,,
AL,UNNAMED,1892,7,45,18921013,0,,TS,17.9N,89.3W,60,,,,,,,,,,,,,
AL,UNNAMED,1892,7,45,18921013,600,,TS,18.3N,90.4W,55,,,,,,,,,,,,,
AL,UNNAMED,1892,7,45,18921013,1200,,TS,18.7N,91.4W,55,,,,,,,,,,,,,
AL,UNNAMED,1892,7,45,18921013,1800,,HU,19.0N,92.3W,65,,,,,,,,,,,,,
AL,UNNAMED,1892,7,45,18921014,0,,HU,19.3N,93.0W,70,,,,,,,,,,,,,
AL,UNNAMED,1892,7,45,18921014,600,,HU,19.5N,93.5W,75,,,,,,,,,,,,,
AL,UNNAMED,1892,7,45,18921014,1200,,HU,19.8N,94.1W,80,,,,,,,,,,,,,
AL,UNNAMED,1892,7,45,18921014,1800,,HU,20.0N,94.7W,85,,,,,,,,,,,,,
AL,UNNAMED,1892,7,45,18921015,0,,HU,20.3N,95.4W,85,,,,,,,,,,,,,
AL,UNNAMED,1892,7,45,18921015,600,,HU,20.6N,96.0W,85,,,,,,,,,,,,,
AL,UNNAMED,1892,7,45,18921015,1200,,HU,20.9N,96.6W,80,,,,,,,,,,,,,
AL,UNNAMED,1892,7,45,18921015,1800,,HU,21.3N,97.3W,70,,,,,,,,,,,,,
AL,UNNAMED,1892,7,45,18921016,0,,TS,21.7N,98.0W,35,,,,,,,,,,,,,
AL,UNNAMED,1892,8,30,18921013,0,,TS,26.0N,71.2W,40,,,,,,,,,,,,,
AL,UNNAMED,1892,8,30,18921013,600,,TS,26.5N,70.7W,50,,,,,,,,,,,,,
AL,UNNAMED,1892,8,30,18921013,1200,,TS,27.0N,70.0W,60,,,,,,,,,,,,,
AL,UNNAMED,1892,8,30,18921013,1800,,HU,27.5N,69.1W,70,,,,,,,,,,,,,
AL,UNNAMED,1892,8,30,18921014,0,,HU,28.0N,68.3W,70,,,,,,,,,,,,,
AL,UNNAMED,1892,8,30,18921014,600,,HU,28.5N,67.7W,75,,,,,,,,,,,,,
AL,UNNAMED,1892,8,30,18921014,1200,,HU,29.0N,67.0W,80,,,,,,,,,,,,,
AL,UNNAMED,1892,8,30,18921014,1800,,HU,29.6N,66.2W,80,,,,,,,,,,,,,
AL,UNNAMED,1892,8,30,18921015,0,,HU,30.1N,65.6W,80,,,,,,,,,,,,,
AL,UNNAMED,1892,8,30,18921015,600,,HU,30.6N,64.9W,80,,,,,,,,,,,,,
AL,UNNAMED,1892,8,30,18921015,1200,,HU,31.0N,64.3W,80,,,,,,,,,,,,,
AL,UNNAMED,1892,8,30,18921015,1800,,HU,31.5N,63.4W,80,,,,,,,,,,,,,
AL,UNNAMED,1892,8,30,18921016,0,,HU,32.0N,62.6W,75,,,,,,,,,,,,,
AL,UNNAMED,1892,8,30,18921016,600,,HU,32.5N,61.7W,70,,,,,,,,,,,,,
AL,UNNAMED,1892,8,30,18921016,1200,,TS,33.0N,60.9W,60,,,,,,,,,,,,,
AL,UNNAMED,1892,8,30,18921016,1800,,TS,33.7N,59.7W,50,,,,,,,,,,,,,
AL,UNNAMED,1892,8,30,18921017,0,,TS,34.4N,58.2W,50,,,,,,,,,,,,,
AL,UNNAMED,1892,8,30,18921017,600,,TS,35.0N,57.2W,50,,,,,,,,,,,,,
AL,UNNAMED,1892,8,30,18921017,1200,,TS,35.5N,56.0W,50,,,,,,,,,,,,,
AL,UNNAMED,1892,8,30,18921017,1800,,TS,36.2N,54.6W,50,,,,,,,,,,,,,
AL,UNNAMED,1892,8,30,18921018,0,,EX,37.0N,53.1W,50,,,,,,,,,,,,,
AL,UNNAMED,1892,8,30,18921018,600,,EX,37.8N,51.8W,50,,,,,,,,,,,,,
AL,UNNAMED,1892,8,30,18921018,1200,,EX,38.8N,50.2W,50,,,,,,,,,,,,,
AL,UNNAMED,1892,8,30,18921018,1800,,EX,39.7N,48.7W,50,,,,,,,,,,,,,
AL,UNNAMED,1892,8,30,18921019,0,,EX,40.4N,47.3W,50,,,,,,,,,,,,,
AL,UNNAMED,1892,8,30,18921019,600,,EX,41.1N,46.3W,50,,,,,,,,,,,,,
AL,UNNAMED,1892,8,30,18921019,1200,,EX,41.9N,45.5W,45,,,,,,,,,,,,,
AL,UNNAMED,1892,8,30,18921019,1800,,EX,43.2N,44.6W,45,,,,,,,,,,,,,
AL,UNNAMED,1892,8,30,18921020,0,,EX,44.8N,44.1W,45,,,,,,,,,,,,,
AL,UNNAMED,1892,8,30,18921020,600,,EX,46.2N,44.9W,40,,,,,,,,,,,,,
AL,UNNAMED,1892,9,35,18921021,0,,TS,23.0N,92.6W,35,,,,,,,,,,,,,
AL,UNNAMED,1892,9,35,18921021,600,,TS,23.2N,92.2W,35,,,,,,,,,,,,,
AL,UNNAMED,1892,9,35,18921021,1200,,TS,23.5N,91.7W,40,,,,,,,,,,,,,
AL,UNNAMED,1892,9,35,18921021,1800,,TS,23.7N,91.4W,40,,,,,,,,,,,,,
AL,UNNAMED,1892,9,35,18921022,0,,TS,23.9N,91.0W,40,,,,,,,,,,,,,
AL,UNNAMED,1892,9,35,18921022,600,,TS,24.2N,90.6W,45,,,,,,,,,,,,,
AL,UNNAMED,1892,9,35,18921022,1200,,TS,24.6N,90.0W,45,,,,,,,,,,,,,
AL,UNNAMED,1892,9,35,18921022,1800,,TS,25.1N,89.4W,45,,,,,,,,,,,,,
AL,UNNAMED,1892,9,35,18921023,0,,TS,25.5N,88.7W,45,,,,,,,,,,,,,
AL,UNNAMED,1892,9,35,18921023,600,,TS,25.9N,87.9W,45,,,,,,,,,,,,,
AL,UNNAMED,1892,9,35,18921023,1200,,TS,26.2N,87.2W,45,,,,,,,,,,,,,
AL,UNNAMED,1892,9,35,18921023,1800,,TS,26.6N,86.3W,45,,,,,,,,,,,,,
AL,UNNAMED,1892,9,35,18921024,0,,TS,26.9N,85.5W,45,,,,,,,,,,,,,
AL,UNNAMED,1892,9,35,18921024,600,,TS,27.1N,84.8W,45,,,,,,,,,,,,,
AL,UNNAMED,1892,9,35,18921024,1200,,TS,27.3N,84.0W,45,,,,,,,,,,,,,
AL,UNNAMED,1892,9,35,18921024,1800,,TS,27.6N,82.7W,45,,,,,,,,,,,,,
AL,UNNAMED,1892,9,35,18921024,1900,L,TS,27.6N,82.8W,45,,,,,,,,,,,,,
AL,UNNAMED,1892,9,35,18921025,0,,TS,28.0N,81.0W,40,,,,,,,,,,,,,
AL,UNNAMED,1892,9,35,18921025,600,,TS,28.3N,79.2W,35,,,,,,,,,,,,,
AL,UNNAMED,1892,9,35,18921025,1200,,TS,28.5N,77.7W,35,,,,,,,,,,,,,
AL,UNNAMED,1892,9,35,18921025,1800,,TS,28.6N,76.5W,35,,,,,,,,,,,,,
AL,UNNAMED,1892,9,35,18921026,0,,TS,28.8N,75.6W,35,,,,,,,,,,,,,
AL,UNNAMED,1892,9,35,18921026,600,,TS,29.0N,74.6W,40,,,,,,,,,,,,,
AL,UNNAMED,1892,9,35,18921026,1200,,TS,29.3N,73.5W,40,,,,,,,,,,,,,
AL,UNNAMED,1892,9,35,18921026,1800,,TS,29.7N,72.1W,45,,,,,,,,,,,,,
AL,UNNAMED,1892,9,35,18921027,0,,TS,30.5N,71.0W,45,,,,,,,,,,,,,
AL,UNNAMED,1892,9,35,18921027,600,,TS,31.2N,70.2W,45,,,,,,,,,,,,,
AL,UNNAMED,1892,9,35,18921027,1200,,TS,32.0N,69.5W,45,,,,,,,,,,,,,
AL,UNNAMED,1892,9,35,18921027,1800,,TS,32.7N,68.9W,45,,,,,,,,,,,,,
AL,UNNAMED,1892,9,35,18921028,0,,TS,33.3N,68.3W,45,,,,,,,,,,,,,
AL,UNNAMED,1892,9,35,18921028,600,,TS,34.0N,67.8W,45,,,,,,,,,,,,,
AL,UNNAMED,1892,9,35,18921028,1200,,TS,34.7N,67.2W,45,,,,,,,,,,,,,
AL,UNNAMED,1892,9,35,18921028,1800,,TS,35.8N,66.6W,45,,,,,,,,,,,,,
AL,UNNAMED,1892,9,35,18921029,0,,TS,36.6N,66.2W,45,,,,,,,,,,,,,
AL,UNNAMED,1892,9,35,18921029,600,,TS,37.5N,66.0W,40,,,,,,,,,,,,,
AL,UNNAMED,1893,1,36,18930612,600,,TS,20.5N,95.2W,35,,,,,,,,,,,,,
AL,UNNAMED,1893,1,36,18930612,1200,,TS,21.2N,94.7W,40,,,,,,,,,,,,,
AL,UNNAMED,1893,1,36,18930612,1800,,TS,21.7N,94.3W,45,,,,,,,,,,,,,
AL,UNNAMED,1893,1,36,18930613,0,,TS,22.2N,93.9W,50,,,,,,,,,,,,,
AL,UNNAMED,1893,1,36,18930613,600,,TS,22.7N,93.4W,55,,,,,,,,,,,,,
AL,UNNAMED,1893,1,36,18930613,1200,,TS,23.3N,92.7W,60,,,,,,,,,,,,,
AL,UNNAMED,1893,1,36,18930613,1800,,TS,24.0N,91.9W,60,,,,,,,,,,,,,
AL,UNNAMED,1893,1,36,18930614,0,,TS,24.5N,91.2W,60,,,,,,,,,,,,,
AL,UNNAMED,1893,1,36,18930614,600,,TS,25.2N,90.4W,60,,,,,,,,,,,,,
AL,UNNAMED,1893,1,36,18930614,1200,,TS,25.8N,89.7W,60,,,,,,,,,,,,,
AL,UNNAMED,1893,1,36,18930614,1800,,TS,26.2N,88.9W,60,,,,,,,,,,,,,
AL,UNNAMED,1893,1,36,18930615,0,,TS,26.6N,88.2W,60,,,,,,,,,,,,,
AL,UNNAMED,1893,1,36,18930615,600,,TS,27.0N,87.4W,60,,,,,,,,,,,,,
AL,UNNAMED,1893,1,36,18930615,1200,,TS,27.7N,86.5W,60,,,,,,,,,,,,,
AL,UNNAMED,1893,1,36,18930615,1800,,TS,28.6N,85.3W,60,,,,,,,,,,,,,
AL,UNNAMED,1893,1,36,18930615,2300,L,TS,29.9N,83.7W,60,,,,,,,,,,,,,
AL,UNNAMED,1893,1,36,18930616,0,,TS,30.1N,83.4W,50,,,,,,,,,,,,,
AL,UNNAMED,1893,1,36,18930616,600,,TS,31.7N,81.5W,45,,,,,,,,,,,,,
AL,UNNAMED,1893,1,36,18930616,1200,,TS,33.1N,79.8W,50,,,,,,,,,,,,,
AL,UNNAMED,1893,1,36,18930616,1800,,TS,34.3N,78.4W,50,,,,,,,,,,,,,
AL,UNNAMED,1893,1,36,18930617,0,,TS,35.5N,77.1W,50,,,,,,,,,,,,,
AL,UNNAMED,1893,1,36,18930617,600,,TS,36.6N,75.7W,55,,,,,,,,,,,,,
AL,UNNAMED,1893,1,36,18930617,1200,,TS,37.5N,74.3W,60,,,,,,,,,,,,,
AL,UNNAMED,1893,1,36,18930617,1800,,HU,38.3N,72.9W,65,,,,,,,,,,,,,
AL,UNNAMED,1893,1,36,18930618,0,,HU,39.0N,71.6W,65,,,,,,,,,,,,,
AL,UNNAMED,1893,1,36,18930618,600,,HU,39.8N,70.2W,65,,,,,,,,,,,,,
AL,UNNAMED,1893,1,36,18930618,1200,,HU,40.5N,68.8W,65,,,,,,,,,,,,,
AL,UNNAMED,1893,1,36,18930618,1800,,HU,41.2N,66.8W,65,,,,,,,,,,,,,
AL,UNNAMED,1893,1,36,18930619,0,,HU,42.0N,64.1W,65,,,,,,,,,,,,,
AL,UNNAMED,1893,1,36,18930619,600,,HU,42.7N,61.3W,65,,,,,,,,,,,,,
AL,UNNAMED,1893,1,36,18930619,1200,,HU,43.4N,59.3W,65,,,,,,,,,,,,,
AL,UNNAMED,1893,1,36,18930619,1800,,HU,44.0N,58.0W,65,,,,,,,,,,,,,
AL,UNNAMED,1893,1,36,18930620,0,,EX,44.5N,56.8W,60,,,,,,,,,,,,,
AL,UNNAMED,1893,1,36,18930620,600,,EX,45.0N,55.8W,60,,,,,,,,,,,,,
AL,UNNAMED,1893,1,36,18930620,1200,,EX,45.4N,55.0W,60,,,,,,,,,,,,,
AL,UNNAMED,1893,1,36,18930620,1800,,EX,45.9N,54.0W,60,,,,,,,,,,,,,
AL,UNNAMED,1893,2,14,18930704,1200,,TS,11.1N,79.2W,35,,,,,,,,,,,,,
AL,UNNAMED,1893,2,14,18930704,1800,,TS,11.8N,79.8W,40,,,,,,,,,,,,,
AL,UNNAMED,1893,2,14,18930705,0,,TS,12.6N,80.4W,50,,,,,,,,,,,,,
AL,UNNAMED,1893,2,14,18930705,600,,TS,13.3N,81.2W,60,,,,,,,,,,,,,
AL,UNNAMED,1893,2,14,18930705,1200,,HU,14.0N,82.0W,70,,,,,,,,,,,,,
AL,UNNAMED,1893,2,14,18930705,1800,,HU,14.7N,82.9W,85,,,,,,,,,,,,,
AL,UNNAMED,1893,2,14,18930706,0,,HU,15.4N,83.9W,75,,,,,,,,,,,,,
AL,UNNAMED,1893,2,14,18930706,600,,HU,16.0N,84.9W,70,,,,,,,,,,,,,
AL,UNNAMED,1893,2,14,18930706,1200,,HU,16.7N,86.0W,80,,,,,,,,,,,,,
AL,UNNAMED,1893,2,14,18930706,1800,,HU,17.2N,87.0W,80,,,,,,,,,,,,,
AL,UNNAMED,1893,2,14,18930707,0,,HU,17.9N,88.2W,80,,,,,,,,,,,,,
AL,UNNAMED,1893,2,14,18930707,600,,TS,18.4N,89.5W,60,,,,,,,,,,,,,
AL,UNNAMED,1893,2,14,18930707,1200,,TS,18.7N,91.0W,40,,,,,,,,,,,,,
AL,UNNAMED,1893,2,14,18930707,1800,,TD,19.0N,92.5W,30,,,,,,,,,,,,,
AL,UNNAMED,1893,3,50,18930813,1200,,TS,9.6N,50.5W,35,,,,,,,,,,,,,
AL,UNNAMED,1893,3,50,18930813,1800,,TS,10.3N,51.5W,40,,,,,,,,,,,,,
AL,UNNAMED,1893,3,50,18930814,0,,TS,10.9N,52.6W,40,,,,,,,,,,,,,
AL,UNNAMED,1893,3,50,18930814,600,,TS,11.6N,53.7W,45,,,,,,,,,,,,,
AL,UNNAMED,1893,3,50,18930814,1200,,TS,12.2N,54.8W,50,,,,,,,,,,,,,
AL,UNNAMED,1893,3,50,18930814,1800,,TS,12.9N,56.0W,55,,,,,,,,,,,,,
AL,UNNAMED,1893,3,50,18930815,0,,TS,13.5N,57.3W,60,,,,,,,,,,,,,
AL,UNNAMED,1893,3,50,18930815,600,,HU,14.2N,58.5W,65,,,,,,,,,,,,,
AL,UNNAMED,1893,3,50,18930815,1200,,HU,14.8N,59.7W,65,,,,,,,,,,,,,
AL,UNNAMED,1893,3,50,18930815,1800,,HU,15.4N,60.8W,70,,,,,,,,,,,,,
AL,UNNAMED,1893,3,50,18930816,0,,HU,16.0N,61.8W,75,,,,,,,,,,,,,
AL,UNNAMED,1893,3,50,18930816,600,,HU,16.6N,62.9W,80,,,,,,,,,,,,,
AL,UNNAMED,1893,3,50,18930816,1200,,HU,17.2N,63.9W,90,,,,,,,,,,,,,
AL,UNNAMED,1893,3,50,18930816,1800,,HU,17.6N,64.9W,100,,,,,,,,,,,,,
AL,UNNAMED,1893,3,50,18930817,0,,HU,18.0N,65.9W,100,,,,,,,,,,,,,
AL,UNNAMED,1893,3,50,18930817,600,,HU,18.5N,67.0W,90,,,,,,,,,,,,,
AL,UNNAMED,1893,3,50,18930817,1200,,HU,19.0N,68.0W,95,,,,,,,,,,,,,
AL,UNNAMED,1893,3,50,18930817,1800,,HU,19.6N,68.9W,100,,,,,,,,,,,,,
AL,UNNAMED,1893,3,50,18930818,0,,HU,20.2N,69.7W,100,,,,,,,,,,,,,
AL,UNNAMED,1893,3,50,18930818,600,,HU,20.9N,70.4W,105,,,,,,,,,,,,,
AL,UNNAMED,1893,3,50,18930818,1200,,HU,21.8N,71.2W,105,,,,,,,,,,,,,
AL,UNNAMED,1893,3,50,18930818,1800,,HU,22.5N,72.1W,105,,,,,,,,,,,,,
AL,UNNAMED,1893,3,50,18930819,0,,HU,23.2N,72.9W,105,,,,,,,,,,,,,
AL,UNNAMED,1893,3,50,18930819,600,,HU,24.0N,73.8W,105,,,,,,,,,,,,,
AL,UNNAMED,1893,3,50,18930819,1200,,HU,24.8N,74.7W,105,,,,,,,,,,,,,
AL,UNNAMED,1893,3,50,18930819,1800,,HU,25.7N,75.4W,105,,,,,,,,,,,,,
AL,UNNAMED,1893,3,50,18930820,0,,HU,26.7N,75.7W,105,,,,,,,,,,,,,
AL,UNNAMED,1893,3,50,18930820,600,,HU,27.9N,75.8W,105,,,,,,,,,,,,,
AL,UNNAMED,1893,3,50,18930820,1200,,HU,29.1N,75.5W,100,,,,,,,,,,,,,
AL,UNNAMED,1893,3,50,18930820,1800,,HU,30.8N,75.0W,95,,,,,,,,,,,,,
AL,UNNAMED,1893,3,50,18930821,0,,HU,32.7N,73.8W,90,,,,,,,,,,,,,
AL,UNNAMED,1893,3,50,18930821,600,,HU,34.8N,72.3W,90,,,,,,,,,,,,,
AL,UNNAMED,1893,3,50,18930821,1200,,HU,37.0N,70.6W,90,,,,,,,,,,,,,
AL,UNNAMED,1893,3,50,18930821,1800,,HU,39.5N,68.6W,80,,,,,,,,,,,,,
AL,UNNAMED,1893,3,50,18930822,0,,HU,42.2N,66.3W,70,,,,,,,,,,,,,
AL,UNNAMED,1893,3,50,18930822,600,,EX,44.8N,63.8W,60,,,,,,,,,,,,,
AL,UNNAMED,1893,3,50,18930822,1200,,EX,47.4N,59.7W,50,,,,,,,,,,,,,
AL,UNNAMED,1893,3,50,18930822,1800,,EX,49.4N,55.3W,50,,,,,,,,,,,,,
AL,UNNAMED,1893,3,50,18930823,0,,EX,50.7N,52.5W,50,,,,,,,,,,,,,
AL,UNNAMED,1893,3,50,18930823,600,,EX,51.3N,50.0W,50,,,,,,,,,,,,,
AL,UNNAMED,1893,3,50,18930823,1200,,EX,51.6N,48.0W,50,,,,,,,,,,,,,
AL,UNNAMED,1893,3,50,18930823,1800,,EX,51.1N,45.1W,50,,,,,,,,,,,,,
AL,UNNAMED,1893,3,50,18930824,0,,EX,50.4N,43.1W,50,,,,,,,,,,,,,
AL,UNNAMED,1893,3,50,18930824,600,,EX,49.6N,41.8W,50,,,,,,,,,,,,,
AL,UNNAMED,1893,3,50,18930824,1200,,EX,49.1N,40.0W,50,,,,,,,,,,,,,
AL,UNNAMED,1893,3,50,18930824,1800,,EX,49.2N,38.7W,50,,,,,,,,,,,,,
AL,UNNAMED,1893,3,50,18930825,0,,EX,49.4N,37.1W,50,,,,,,,,,,,,,
AL,UNNAMED,1893,3,50,18930825,600,,EX,49.7N,36.0W,45,,,,,,,,,,,,,
AL,UNNAMED,1893,3,50,18930825,1200,,EX,50.0N,35.0W,40,,,,,,,,,,,,,
AL,UNNAMED,1893,3,50,18930825,1800,,EX,50.6N,33.9W,35,,,,,,,,,,,,,
AL,UNNAMED,1893,4,47,18930815,600,,TS,14.0N,36.5W,35,,,,,,,,,,,,,
AL,UNNAMED,1893,4,47,18930815,1200,,TS,14.2N,37.7W,40,,,,,,,,,,,,,
AL,UNNAMED,1893,4,47,18930815,1800,,TS,14.4N,38.6W,45,,,,,,,,,,,,,
AL,UNNAMED,1893,4,47,18930816,0,,TS,14.7N,39.6W,45,,,,,,,,,,,,,
AL,UNNAMED,1893,4,47,18930816,600,,TS,14.9N,40.5W,50,,,,,,,,,,,,,
AL,UNNAMED,1893,4,47,18930816,1200,,TS,15.1N,41.5W,55,,,,,,,,,,,,,
AL,UNNAMED,1893,4,47,18930816,1800,,TS,15.3N,42.6W,60,,,,,,,,,,,,,
AL,UNNAMED,1893,4,47,18930817,0,,HU,15.6N,43.7W,65,,,,,,,,,,,,,
AL,UNNAMED,1893,4,47,18930817,600,,HU,15.9N,44.8W,65,,,,,,,,,,,,,
AL,UNNAMED,1893,4,47,18930817,1200,,HU,16.1N,45.9W,70,,,,,,,,,,,,,
AL,UNNAMED,1893,4,47,18930817,1800,,HU,16.3N,46.9W,75,,,,,,,,,,,,,
AL,UNNAMED,1893,4,47,18930818,0,,HU,16.5N,47.9W,80,,,,,,,,,,,,,
AL,UNNAMED,1893,4,47,18930818,600,,HU,16.8N,48.9W,85,,,,,,,,,,,,,
AL,UNNAMED,1893,4,47,18930818,1200,,HU,17.2N,49.9W,85,,,,,,,,,,,,,
AL,UNNAMED,1893,4,47,18930818,1800,,HU,17.6N,51.3W,85,,,,,,,,,,,,,
AL,UNNAMED,1893,4,47,18930819,0,,HU,18.0N,52.9W,85,,,,,,,,,,,,,
AL,UNNAMED,1893,4,47,18930819,600,,HU,18.5N,54.5W,85,,,,,,,,,,,,,
AL,UNNAMED,1893,4,47,18930819,1200,,HU,19.1N,55.8W,85,,,,,,,,,,,,,
AL,UNNAMED,1893,4,47,18930819,1800,,HU,19.7N,57.0W,85,,,,,,,,,,,,,
AL,UNNAMED,1893,4,47,18930820,0,,HU,20.3N,58.1W,85,,,,,,,,,,,,,
AL,UNNAMED,1893,4,47,18930820,600,,HU,21.0N,59.2W,85,,,,,,,,,,,,,
AL,UNNAMED,1893,4,47,18930820,1200,,HU,21.6N,60.3W,85,,,,,,,,,,,,,
AL,UNNAMED,1893,4,47,18930820,1800,,HU,22.2N,61.4W,85,,,,,,,,,,,,,
AL,UNNAMED,1893,4,47,18930821,0,,HU,22.7N,62.4W,85,,,,,,,,,,,,,
AL,UNNAMED,1893,4,47,18930821,600,,HU,23.3N,63.5W,85,,,,,,,,,,,,,
AL,UNNAMED,1893,4,47,18930821,1200,,HU,23.9N,64.6W,85,,,,,,,,,,,,,
AL,UNNAMED,1893,4,47,18930821,1800,,HU,24.4N,65.8W,85,,,,,,,,,,,,,
AL,UNNAMED,1893,4,47,18930822,0,,HU,25.2N,67.1W,85,,,,,,,,,,,,,
AL,UNNAMED,1893,4,47,18930822,600,,HU,26.1N,68.4W,90,,,,,,,,,,,,,
AL,UNNAMED,1893,4,47,18930822,1200,,HU,27.1N,69.8W,95,,,,,,,,,,,,,
AL,UNNAMED,1893,4,47,18930822,1800,,HU,28.4N,70.7W,100,,,,,,,,,,,,,
AL,UNNAMED,1893,4,47,18930823,0,,HU,29.8N,71.6W,100,952,,,,,,,,,,,,
AL,UNNAMED,1893,4,47,18930823,600,,HU,31.4N,72.5W,100,,,,,,,,,,,,,
AL,UNNAMED,1893,4,47,18930823,1200,,HU,33.1N,73.2W,100,,,,,,,,,,,,,
AL,UNNAMED,1893,4,47,18930823,1800,,HU,35.0N,73.7W,95,,,,,,,,,,,,,
AL,UNNAMED,1893,4,47,18930824,0,,HU,36.8N,74.0W,85,,,,,,,,,,,,,
AL,UNNAMED,1893,4,47,18930824,600,,HU,38.6N,73.9W,80,,,,,,,,,,,,,
AL,UNNAMED,1893,4,47,18930824,1200,L,HU,40.7N,73.9W,75,986,,,,,,,,,,,,
AL,UNNAMED,1893,4,47,18930824,1800,,TS,43.0N,73.0W,60,,,,,,,,,,,,,
AL,UNNAMED,1893,4,47,18930825,0,,EX,45.4N,71.0W,55,,,,,,,,,,,,,
AL,UNNAMED,1893,4,47,18930825,600,,EX,47.4N,68.5W,50,,,,,,,,,,,,,
AL,UNNAMED,1893,4,47,18930825,1200,,EX,49.3N,66.0W,40,,,,,,,,,,,,,
AL,UNNAMED,1893,4,47,18930825,1800,,EX,50.6N,63.1W,45,,,,,,,,,,,,,
AL,UNNAMED,1893,4,47,18930826,0,,EX,51.1N,59.7W,40,,,,,,,,,,,,,
AL,UNNAMED,1893,4,47,18930826,600,,EX,51.1N,56.5W,40,,,,,,,,,,,,,
AL,UNNAMED,1893,4,47,18930826,1200,,EX,50.7N,53.8W,40,,,,,,,,,,,,,
AL,UNNAMED,1893,4,47,18930826,1800,,EX,50.0N,51.4W,40,,,,,,,,,,,,,
AL,UNNAMED,1893,5,16,18930815,1200,,TS,32.2N,60.4W,35,,,,,,,,,,,,,
AL,UNNAMED,1893,5,16,18930815,1800,,TS,33.1N,62.1W,40,,,,,,,,,,,,,
AL,UNNAMED,1893,5,16,18930816,0,,TS,34.2N,64.0W,45,,,,,,,,,,,,,
AL,UNNAMED,1893,5,16,18930816,600,,TS,35.5N,66.1W,55,,,,,,,,,,,,,
AL,UNNAMED,1893,5,16,18930816,1200,,TS,37.0N,67.0W,60,,,,,,,,,,,,,
AL,UNNAMED,1893,5,16,18930816,1800,,HU,38.4N,66.1W,70,,,,,,,,,,,,,
AL,UNNAMED,1893,5,16,18930817,0,,HU,40.2N,64.7W,80,,,,,,,,,,,,,
AL,UNNAMED,1893,5,16,18930817,600,,HU,41.9N,62.7W,85,,,,,,,,,,,,,
AL,UNNAMED,1893,5,16,18930817,1200,,HU,43.4N,60.8W,85,,,,,,,,,,,,,
AL,UNNAMED,1893,5,16,18930817,1800,,HU,44.8N,58.8W,85,,,,,,,,,,,,,
AL,UNNAMED,1893,5,16,18930818,0,,HU,46.1N,56.8W,85,,,,,,,,,,,,,
AL,UNNAMED,1893,5,16,18930818,600,,HU,47.3N,54.7W,80,,,,,,,,,,,,,
AL,UNNAMED,1893,5,16,18930818,1200,,HU,48.4N,52.5W,70,,,,,,,,,,,,,
AL,UNNAMED,1893,5,16,18930818,1800,,HU,49.5N,49.7W,65,,,,,,,,,,,,,
AL,UNNAMED,1893,5,16,18930819,0,,HU,50.5N,47.4W,65,,,,,,,,,,,,,
AL,UNNAMED,1893,5,16,18930819,600,,HU,51.7N,44.5W,65,,,,,,,,,,,,,
AL,UNNAMED,1893,6,75,18930815,1200,,TS,18.1N,20.2W,40,,,,,,,,,,,,,
AL,UNNAMED,1893,6,75,18930815,1800,,TS,17.6N,20.9W,40,,,,,,,,,,,,,
AL,UNNAMED,1893,6,75,18930816,0,,TS,17.2N,21.6W,40,,,,,,,,,,,,,
AL,UNNAMED,1893,6,75,18930816,600,,TS,16.8N,22.4W,40,,,,,,,,,,,,,
AL,UNNAMED,1893,6,75,18930816,1200,,TS,16.5N,23.2W,40,,,,,,,,,,,,,
AL,UNNAMED,1893,6,75,18930816,1800,,TS,16.2N,24.1W,40,,,,,,,,,,,,,
AL,UNNAMED,1893,6,75,18930817,0,,TS,16.0N,25.0W,40,,,,,,,,,,,,,
AL,UNNAMED,1893,6,75,18930817,600,,TS,15.8N,26.0W,40,,,,,,,,,,,,,
AL,UNNAMED,1893,6,75,18930817,1200,,TS,15.6N,26.9W,40,,,,,,,,,,,,,
AL,UNNAMED,1893,6,75,18930817,1800,,TS,15.5N,27.8W,45,,,,,,,,,,,,,
AL,UNNAMED,1893,6,75,18930818,0,,TS,15.4N,28.6W,45,,,,,,,,,,,,,
AL,UNNAMED,1893,6,75,18930818,600,,TS,15.4N,29.4W,50,,,,,,,,,,,,,
AL,UNNAMED,1893,6,75,18930818,1200,,TS,15.5N,30.3W,50,,,,,,,,,,,,,
AL,UNNAMED,1893,6,75,18930818,1800,,TS,15.6N,31.3W,55,,,,,,,,,,,,,
AL,UNNAMED,1893,6,75,18930819,0,,TS,15.8N,32.4W,55,,,,,,,,,,,,,
AL,UNNAMED,1893,6,75,18930819,600,,TS,16.1N,33.8W,60,,,,,,,,,,,,,
AL,UNNAMED,1893,6,75,18930819,1200,,HU,16.5N,35.4W,65,,,,,,,,,,,,,
AL,UNNAMED,1893,6,75,18930819,1800,,HU,17.0N,37.4W,70,,,,,,,,,,,,,
AL,UNNAMED,1893,6,75,18930820,0,,HU,17.5N,39.6W,75,,,,,,,,,,,,,
AL,UNNAMED,1893,6,75,18930820,600,,HU,18.0N,41.9W,80,,,,,,,,,,,,,
AL,UNNAMED,1893,6,75,18930820,1200,,HU,18.6N,44.0W,85,,,,,,,,,,,,,
AL,UNNAMED,1893,6,75,18930820,1800,,HU,19.2N,45.8W,85,,,,,,,,,,,,,
AL,UNNAMED,1893,6,75,18930821,0,,HU,19.8N,47.6W,85,,,,,,,,,,,,,
AL,UNNAMED,1893,6,75,18930821,600,,HU,20.5N,49.4W,85,,,,,,,,,,,,,
AL,UNNAMED,1893,6,75,18930821,1200,,HU,21.0N,51.0W,85,,,,,,,,,,,,,
AL,UNNAMED,1893,6,75,18930821,1800,,HU,21.4N,52.5W,85,,,,,,,,,,,,,
AL,UNNAMED,1893,6,75,18930822,0,,HU,21.7N,54.0W,85,,,,,,,,,,,,,
AL,UNNAMED,1893,6,75,18930822,600,,HU,21.9N,55.5W,85,972,,,,,,,,,,,,
AL,UNNAMED,1893,6,75,18930822,1200,,HU,22.0N,57.0W,90,,,,,,,,,,,,,
AL,UNNAMED,1893,6,75,18930822,1800,,HU,22.1N,58.5W,95,,,,,,,,,,,,,
AL,UNNAMED,1893,6,75,18930823,0,,HU,22.3N,60.0W,100,,,,,,,,,,,,,
AL,UNNAMED,1893,6,75,18930823,600,,HU,22.4N,61.4W,105,,,,,,,,,,,,,
AL,UNNAMED,1893,6,75,18930823,1200,,HU,22.5N,62.7W,105,,,,,,,,,,,,,
AL,UNNAMED,1893,6,75,18930823,1800,,HU,22.6N,63.9W,105,,,,,,,,,,,,,
AL,UNNAMED,1893,6,75,18930824,0,,HU,22.8N,64.9W,105,,,,,,,,,,,,,
AL,UNNAMED,1893,6,75,18930824,600,,HU,22.9N,65.9W,105,,,,,,,,,,,,,
AL,UNNAMED,1893,6,75,18930824,1200,,HU,23.0N,67.0W,105,,,,,,,,,,,,,
AL,UNNAMED,1893,6,75,18930824,1800,,HU,23.2N,68.1W,105,,,,,,,,,,,,,
AL,UNNAMED,1893,6,75,18930825,0,,HU,23.5N,69.3W,105,,,,,,,,,,,,,
AL,UNNAMED,1893,6,75,18930825,600,,HU,23.8N,70.4W,105,,,,,,,,,,,,,
AL,UNNAMED,1893,6,75,18930825,1200,,HU,24.1N,71.6W,105,,,,,,,,,,,,,
AL,UNNAMED,1893,6,75,18930825,1800,,HU,24.4N,72.9W,105,,,,,,,,,,,,,
AL,UNNAMED,1893,6,75,18930826,0,,HU,24.7N,74.2W,105,,,,,,,,,,,,,
AL,UNNAMED,1893,6,75,18930826,600,,HU,25.1N,75.6W,105,,,,,,,,,,,,,
AL,UNNAMED,1893,6,75,18930826,1200,,HU,25.5N,76.9W,105,,,,,,,,,,,,,
AL,UNNAMED,1893,6,75,18930826,1800,,HU,26.1N,78.0W,105,,,,,,,,,,,,,
AL,UNNAMED,1893,6,75,18930827,0,,HU,27.0N,78.9W,105,,,,,,,,,,,,,
AL,UNNAMED,1893,6,75,18930827,600,,HU,28.0N,79.8W,105,,,,,,,,,,,,,
AL,UNNAMED,1893,6,75,18930827,1200,,HU,29.0N,80.3W,105,,,,,,,,,,,,,
AL,UNNAMED,1893,6,75,18930827,1800,,HU,29.7N,80.6W,100,,,,,,,,,,,,,
AL,UNNAMED,1893,6,75,18930828,0,,HU,30.6N,80.7W,100,954,,,,,,,,,,,,
AL,UNNAMED,1893,6,75,18930828,500,L,HU,31.7N,81.1W,100,954,,,,,,,,,,,,
AL,UNNAMED,1893,6,75,18930828,600,,HU,32.1N,81.2W,90,958,,,,,,,,,,,,
AL,UNNAMED,1893,6,75,18930828,1200,,HU,33.9N,81.1W,75,,,,,,,,,,,,,
AL,UNNAMED,1893,6,75,18930828,1800,,HU,35.4N,80.5W,65,,,,,,,,,,,,,
AL,UNNAMED,1893,6,75,18930829,0,,TS,36.8N,79.6W,60,,,,,,,,,,,,,
AL,UNNAMED,1893,6,75,18930829,600,,TS,38.4N,78.2W,55,,,,,,,,,,,,,
AL,UNNAMED,1893,6,75,18930829,1200,,TS,40.2N,76.0W,55,,,,,,,,,,,,,
AL,UNNAMED,1893,6,75,18930829,1800,,TS,42.0N,73.7W,55,,,,,,,,,,,,,
AL,UNNAMED,1893,6,75,18930830,0,,TS,44.3N,70.7W,50,,,,,,,,,,,,,
AL,UNNAMED,1893,6,75,18930830,600,,TS,46.6N,67.7W,50,,,,,,,,,,,,,
AL,UNNAMED,1893,6,75,18930830,1200,,TS,48.6N,65.0W,50,,,,,,,,,,,,,
AL,UNNAMED,1893,6,75,18930830,1800,,TS,50.1N,63.0W,50,,,,,,,,,,,,,
AL,UNNAMED,1893,6,75,18930831,0,,EX,51.3N,60.9W,50,,,,,,,,,,,,,
AL,UNNAMED,1893,6,75,18930831,600,,EX,52.2N,58.9W,50,,,,,,,,,,,,,
AL,UNNAMED,1893,6,75,18930831,1200,,EX,53.0N,57.0W,50,,,,,,,,,,,,,
AL,UNNAMED,1893,6,75,18930831,1800,,EX,53.6N,55.2W,50,,,,,,,,,,,,,
AL,UNNAMED,1893,6,75,18930901,0,,EX,54.1N,53.5W,50,,,,,,,,,,,,,
AL,UNNAMED,1893,6,75,18930901,600,,EX,54.5N,51.8W,50,,,,,,,,,,,,,
AL,UNNAMED,1893,6,75,18930901,1200,,EX,54.7N,50.0W,50,,,,,,,,,,,,,
AL,UNNAMED,1893,6,75,18930901,1800,,EX,54.5N,48.1W,50,,,,,,,,,,,,,
AL,UNNAMED,1893,6,75,18930902,0,,EX,54.4N,46.1W,50,,,,,,,,,,,,,
AL,UNNAMED,1893,6,75,18930902,600,,EX,54.2N,44.1W,50,,,,,,,,,,,,,
AL,UNNAMED,1893,6,75,18930902,1200,,EX,54.0N,42.0W,50,,,,,,,,,,,,,
AL,UNNAMED,1893,6,75,18930902,1800,,EX,53.9N,39.1W,50,,,,,,,,,,,,,
AL,UNNAMED,1893,7,39,18930820,600,,TS,11.8N,27.2W,35,,,,,,,,,,,,,
AL,UNNAMED,1893,7,39,18930820,1200,,TS,12.0N,28.0W,40,,,,,,,,,,,,,
AL,UNNAMED,1893,7,39,18930820,1800,,TS,12.3N,28.7W,45,,,,,,,,,,,,,
AL,UNNAMED,1893,7,39,18930821,0,,TS,12.6N,29.4W,45,,,,,,,,,,,,,
AL,UNNAMED,1893,7,39,18930821,600,,TS,12.9N,30.1W,50,,,,,,,,,,,,,
AL,UNNAMED,1893,7,39,18930821,1200,,TS,13.2N,30.8W,55,,,,,,,,,,,,,
AL,UNNAMED,1893,7,39,18930821,1800,,TS,13.6N,31.5W,60,,,,,,,,,,,,,
AL,UNNAMED,1893,7,39,18930822,0,,HU,14.0N,32.1W,65,,,,,,,,,,,,,
AL,UNNAMED,1893,7,39,18930822,600,,HU,14.4N,32.8W,70,,,,,,,,,,,,,
AL,UNNAMED,1893,7,39,18930822,1200,,HU,14.8N,33.4W,75,,,,,,,,,,,,,
AL,UNNAMED,1893,7,39,18930822,1800,,HU,15.1N,34.0W,75,,,,,,,,,,,,,
AL,UNNAMED,1893,7,39,18930823,0,,HU,15.4N,34.6W,80,,,,,,,,,,,,,
AL,UNNAMED,1893,7,39,18930823,600,,HU,15.8N,35.3W,80,,,,,,,,,,,,,
AL,UNNAMED,1893,7,39,18930823,1200,,HU,16.1N,35.9W,85,,,,,,,,,,,,,
AL,UNNAMED,1893,7,39,18930823,1800,,HU,16.5N,36.5W,85,,,,,,,,,,,,,
AL,UNNAMED,1893,7,39,18930824,0,,HU,17.0N,37.1W,85,,,,,,,,,,,,,
AL,UNNAMED,1893,7,39,18930824,600,,HU,17.5N,37.8W,85,,,,,,,,,,,,,
AL,UNNAMED,1893,7,39,18930824,1200,,HU,18.1N,38.4W,85,,,,,,,,,,,,,
AL,UNNAMED,1893,7,39,18930824,1800,,HU,18.7N,39.0W,85,,,,,,,,,,,,,
AL,UNNAMED,1893,7,39,18930825,0,,HU,19.3N,39.6W,85,,,,,,,,,,,,,
AL,UNNAMED,1893,7,39,18930825,600,,HU,20.1N,40.1W,85,,,,,,,,,,,,,
AL,UNNAMED,1893,7,39,18930825,1200,,HU,21.0N,40.7W,85,,,,,,,,,,,,,
AL,UNNAMED,1893,7,39,18930825,1800,,HU,22.1N,41.1W,85,,,,,,,,,,,,,
AL,UNNAMED,1893,7,39,18930826,0,,HU,23.3N,41.4W,85,,,,,,,,,,,,,
AL,UNNAMED,1893,7,39,18930826,600,,HU,24.6N,41.3W,85,,,,,,,,,,,,,
AL,UNNAMED,1893,7,39,18930826,1200,,HU,26.0N,41.0W,85,,,,,,,,,,,,,
AL,UNNAMED,1893,7,39,18930826,1800,,HU,27.4N,40.3W,85,,,,,,,,,,,,,
AL,UNNAMED,1893,7,39,18930827,0,,HU,28.9N,39.1W,85,,,,,,,,,,,,,
AL,UNNAMED,1893,7,39,18930827,600,,HU,30.5N,37.6W,85,,,,,,,,,,,,,
AL,UNNAMED,1893,7,39,18930827,1200,,HU,32.1N,35.9W,85,,,,,,,,,,,,,
AL,UNNAMED,1893,7,39,18930827,1800,,HU,33.8N,34.0W,85,,,,,,,,,,,,,
AL,UNNAMED,1893,7,39,18930828,0,,HU,35.3N,32.3W,85,,,,,,,,,,,,,
AL,UNNAMED,1893,7,39,18930828,600,,HU,37.3N,30.5W,80,,,,,,,,,,,,,
AL,UNNAMED,1893,7,39,18930828,1200,,HU,39.3N,28.5W,75,,,,,,,,,,,,,
AL,UNNAMED,1893,7,39,18930828,1800,,HU,40.9N,26.5W,70,,,,,,,,,,,,,
AL,UNNAMED,1893,7,39,18930829,0,,HU,41.4N,25.1W,65,,,,,,,,,,,,,
AL,UNNAMED,1893,7,39,18930829,600,,TS,41.8N,24.0W,60,,,,,,,,,,,,,
AL,UNNAMED,1893,7,39,18930829,1200,,TS,42.0N,23.0W,55,,,,,,,,,,,,,
AL,UNNAMED,1893,7,39,18930829,1800,,TS,42.1N,21.6W,50,,,,,,,,,,,,,
AL,UNNAMED,1893,8,24,18930904,600,,TS,18.4N,85.3W,35,,,,,,,,,,,,,
AL,UNNAMED,1893,8,24,18930904,1200,,TS,19.0N,86.1W,40,,,,,,,,,,,,,
AL,UNNAMED,1893,8,24,18930904,1800,,TS,19.5N,87.0W,45,,,,,,,,,,,,,
AL,UNNAMED,1893,8,24,18930905,0,,TS,20.1N,87.9W,40,,,,,,,,,,,,,
AL,UNNAMED,1893,8,24,18930905,600,,TS,20.9N,88.7W,35,,,,,,,,,,,,,
AL,UNNAMED,1893,8,24,18930905,1200,,TS,22.1N,89.9W,45,,,,,,,,,,,,,
AL,UNNAMED,1893,8,24,18930905,1800,,TS,22.9N,90.8W,55,,,,,,,,,,,,,
AL,UNNAMED,1893,8,24,18930906,0,,HU,24.0N,91.8W,65,,,,,,,,,,,,,
AL,UNNAMED,1893,8,24,18930906,600,,HU,25.2N,92.5W,75,,,,,,,,,,,,,
AL,UNNAMED,1893,8,24,18930906,1200,,HU,26.4N,93.0W,85,,,,,,,,,,,,,
AL,UNNAMED,1893,8,24,18930906,1800,,HU,27.4N,92.8W,85,,,,,,,,,,,,,
AL,UNNAMED,1893,8,24,18930907,0,,HU,27.9N,92.3W,85,,,,,,,,,,,,,
AL,UNNAMED,1893,8,24,18930907,600,,HU,28.3N,91.9W,85,,,,,,,,,,,,,
AL,UNNAMED,1893,8,24,18930907,1200,,HU,29.0N,91.3W,85,,,,,,,,,,,,,
AL,UNNAMED,1893,8,24,18930907,1400,L,HU,29.2N,91.1W,85,,,,,,,,,,,,,
AL,UNNAMED,1893,8,24,18930907,1800,,HU,29.8N,90.5W,70,,,,,,,,,,,,,
AL,UNNAMED,1893,8,24,18930908,0,,TS,30.7N,90.0W,55,,,,,,,,,,,,,
AL,UNNAMED,1893,8,24,18930908,600,,TS,31.7N,89.4W,45,,,,,,,,,,,,,
AL,UNNAMED,1893,8,24,18930908,1200,,TS,32.5N,89.0W,40,,,,,,,,,,,,,
AL,UNNAMED,1893,8,24,18930908,1800,,TS,33.0N,88.9W,35,,,,,,,,,,,,,
AL,UNNAMED,1893,8,24,18930909,0,,TS,33.3N,88.8W,35,,,,,,,,,,,,,
AL,UNNAMED,1893,8,24,18930909,600,,TD,34.0N,88.7W,30,,,,,,,,,,,,,
AL,UNNAMED,1893,8,24,18930909,1200,,TD,34.8N,88.5W,30,,,,,,,,,,,,,
AL,UNNAMED,1893,8,24,18930909,1800,,TD,35.1N,88.5W,30,,,,,,,,,,,,,
AL,UNNAMED,1893,9,84,18930925,600,,TS,11.6N,25.0W,35,,,,,,,,,,,,,
AL,UNNAMED,1893,9,84,18930925,1200,,TS,11.6N,25.8W,40,,,,,,,,,,,,,
AL,UNNAMED,1893,9,84,18930925,1800,,TS,11.7N,26.7W,45,,,,,,,,,,,,,
AL,UNNAMED,1893,9,84,18930926,0,,TS,11.7N,27.5W,45,,,,,,,,,,,,,
AL,UNNAMED,1893,9,84,18930926,600,,TS,11.7N,28.3W,45,,,,,,,,,,,,,
AL,UNNAMED,1893,9,84,18930926,1200,,TS,11.7N,29.1W,50,,,,,,,,,,,,,
AL,UNNAMED,1893,9,84,18930926,1800,,TS,11.7N,29.8W,50,,,,,,,,,,,,,
AL,UNNAMED,1893,9,84,18930927,0,,TS,11.7N,30.5W,55,,,,,,,,,,,,,
AL,UNNAMED,1893,9,84,18930927,600,,TS,11.7N,31.1W,55,,,,,,,,,,,,,
AL,UNNAMED,1893,9,84,18930927,1200,,TS,11.7N,31.9W,60,,,,,,,,,,,,,
AL,UNNAMED,1893,9,84,18930927,1800,,TS,11.7N,32.8W,60,,,,,,,,,,,,,
AL,UNNAMED,1893,9,84,18930928,0,,HU,11.7N,33.6W,65,,,,,,,,,,,,,
AL,UNNAMED,1893,9,84,18930928,600,,HU,11.8N,34.5W,65,,,,,,,,,,,,,
AL,UNNAMED,1893,9,84,18930928,1200,,HU,11.8N,35.4W,65,,,,,,,,,,,,,
AL,UNNAMED,1893,9,84,18930928,1800,,HU,11.8N,36.3W,65,,,,,,,,,,,,,
AL,UNNAMED,1893,9,84,18930929,0,,HU,11.8N,37.2W,65,,,,,,,,,,,,,
AL,UNNAMED,1893,9,84,18930929,600,,HU,11.8N,38.1W,65,,,,,,,,,,,,,
AL,UNNAMED,1893,9,84,18930929,1200,,HU,11.8N,39.0W,65,,,,,,,,,,,,,
AL,UNNAMED,1893,9,84,18930929,1800,,HU,11.8N,39.8W,65,,,,,,,,,,,,,
AL,UNNAMED,1893,9,84,18930930,0,,HU,11.9N,40.5W,65,,,,,,,,,,,,,
AL,UNNAMED,1893,9,84,18930930,600,,HU,11.9N,41.2W,65,,,,,,,,,,,,,
AL,UNNAMED,1893,9,84,18930930,1200,,HU,12.0N,42.0W,65,,,,,,,,,,,,,
AL,UNNAMED,1893,9,84,18930930,1800,,HU,12.1N,43.0W,70,,,,,,,,,,,,,
AL,UNNAMED,1893,9,84,18931001,0,,HU,12.3N,43.9W,75,,,,,,,,,,,,,
AL,UNNAMED,1893,9,84,18931001,600,,HU,12.5N,44.9W,80,,,,,,,,,,,,,
AL,UNNAMED,1893,9,84,18931001,1200,,HU,12.8N,45.9W,85,,,,,,,,,,,,,
AL,UNNAMED,1893,9,84,18931001,1800,,HU,13.0N,46.9W,90,,,,,,,,,,,,,
AL,UNNAMED,1893,9,84,18931002,0,,HU,13.3N,48.0W,95,,,,,,,,,,,,,
AL,UNNAMED,1893,9,84,18931002,600,,HU,13.6N,49.0W,100,,,,,,,,,,,,,
AL,UNNAMED,1893,9,84,18931002,1200,,HU,14.0N,50.0W,105,,,,,,,,,,,,,
AL,UNNAMED,1893,9,84,18931002,1800,,HU,14.4N,50.9W,105,,,,,,,,,,,,,
AL,UNNAMED,1893,9,84,18931003,0,,HU,14.8N,51.6W,105,,,,,,,,,,,,,
AL,UNNAMED,1893,9,84,18931003,600,,HU,15.2N,52.2W,105,,,,,,,,,,,,,
AL,UNNAMED,1893,9,84,18931003,1200,,HU,15.7N,52.7W,105,,,,,,,,,,,,,
AL,UNNAMED,1893,9,84,18931003,1800,,HU,16.3N,53.2W,105,,,,,,,,,,,,,
AL,UNNAMED,1893,9,84,18931004,0,,HU,16.9N,53.7W,105,,,,,,,,,,,,,
AL,UNNAMED,1893,9,84,18931004,600,,HU,17.6N,54.2W,105,,,,,,,,,,,,,
AL,UNNAMED,1893,9,84,18931004,1200,,HU,18.2N,54.7W,105,,,,,,,,,,,,,
AL,UNNAMED,1893,9,84,18931004,1800,,HU,18.8N,55.2W,105,,,,,,,,,,,,,
AL,UNNAMED,1893,9,84,18931005,0,,HU,19.3N,55.7W,105,,,,,,,,,,,,,
AL,UNNAMED,1893,9,84,18931005,600,,HU,19.8N,56.2W,105,,,,,,,,,,,,,
AL,UNNAMED,1893,9,84,18931005,1200,,HU,20.3N,56.7W,105,,,,,,,,,,,,,
AL,UNNAMED,1893,9,84,18931005,1800,,HU,20.8N,57.2W,105,,,,,,,,,,,,,
AL,UNNAMED,1893,9,84,18931006,0,,HU,21.2N,57.7W,105,,,,,,,,,,,,,
AL,UNNAMED,1893,9,84,18931006,600,,HU,21.5N,58.2W,105,,,,,,,,,,,,,
AL,UNNAMED,1893,9,84,18931006,1200,,HU,21.8N,58.7W,105,,,,,,,,,,,,,
AL,UNNAMED,1893,9,84,18931006,1800,,HU,22.0N,59.2W,105,,,,,,,,,,,,,
AL,UNNAMED,1893,9,84,18931007,0,,HU,22.2N,59.8W,105,,,,,,,,,,,,,
AL,UNNAMED,1893,9,84,18931007,600,,HU,22.4N,60.4W,105,,,,,,,,,,,,,
AL,UNNAMED,1893,9,84,18931007,1200,,HU,22.6N,61.0W,105,,,,,,,,,,,,,
AL,UNNAMED,1893,9,84,18931007,1800,,HU,22.8N,61.7W,105,,,,,,,,,,,,,
AL,UNNAMED,1893,9,84,18931008,0,,HU,22.9N,62.5W,105,,,,,,,,,,,,,
AL,UNNAMED,1893,9,84,18931008,600,,HU,23.1N,63.3W,105,,,,,,,,,,,,,
AL,UNNAMED,1893,9,84,18931008,1200,,HU,23.3N,64.2W,105,,,,,,,,,,,,,
AL,UNNAMED,1893,9,84,18931008,1800,,HU,23.5N,65.1W,105,,,,,,,,,,,,,
AL,UNNAMED,1893,9,84,18931009,0,,HU,23.7N,66.0W,105,,,,,,,,,,,,,
AL,UNNAMED,1893,9,84,18931009,600,,HU,23.9N,66.9W,105,,,,,,,,,,,,,
AL,UNNAMED,1893,9,84,18931009,1200,,HU,24.1N,67.8W,105,,,,,,,,,,,,,
AL,UNNAMED,1893,9,84,18931009,1800,,HU,24.3N,68.7W,105,,,,,,,,,,,,,
AL,UNNAMED,1893,9,84,18931010,0,,HU,24.5N,69.5W,105,,,,,,,,,,,,,
AL,UNNAMED,1893,9,84,18931010,600,,HU,24.8N,70.3W,105,,,,,,,,,,,,,
AL,UNNAMED,1893,9,84,18931010,1200,,HU,25.0N,71.2W,105,,,,,,,,,,,,,
AL,UNNAMED,1893,9,84,18931010,1800,,HU,25.2N,72.2W,105,,,,,,,,,,,,,
AL,UNNAMED,1893,9,84,18931011,0,,HU,25.5N,73.2W,105,,,,,,,,,,,,,
AL,UNNAMED,1893,9,84,18931011,600,,HU,25.8N,74.2W,105,,,,,,,,,,,,,
AL,UNNAMED,1893,9,84,18931011,1200,,HU,26.1N,75.2W,105,,,,,,,,,,,,,
AL,UNNAMED,1893,9,84,18931011,1800,,HU,26.4N,76.2W,105,,,,,,,,,,,,,
AL,UNNAMED,1893,9,84,18931012,0,,HU,26.8N,77.1W,105,,,,,,,,,,,,,
AL,UNNAMED,1893,9,84,18931012,600,,HU,27.2N,78.1W,105,,,,,,,,,,,,,
AL,UNNAMED,1893,9,84,18931012,1200,,HU,27.6N,79.0W,105,,,,,,,,,,,,,
AL,UNNAMED,1893,9,84,18931012,1800,,HU,28.2N,79.7W,105,,,,,,,,,,,,,
AL,UNNAMED,1893,9,84,18931013,0,,HU,29.3N,80.6W,105,,,,,,,,,,,,,
AL,UNNAMED,1893,9,84,18931013,600,,HU,30.8N,80.8W,105,,,,,,,,,,,,,
AL,UNNAMED,1893,9,84,18931013,1200,,HU,32.6N,79.7W,105,955,,,,,,,,,,,,
AL,UNNAMED,1893,9,84,18931013,1300,L,HU,33.0N,79.5W,105,955,,,,,,,,,,,,
AL,UNNAMED,1893,9,84,18931013,1800,,HU,35.0N,78.6W,80,,,,,,,,,,,,,
AL,UNNAMED,1893,9,84,18931014,0,,HU,38.7N,78.1W,65,,,,,,,,,,,,,
AL,UNNAMED,1893,9,84,18931014,600,,TS,42.7N,77.6W,60,,,,,,,,,,,,,
AL,UNNAMED,1893,9,84,18931014,1200,,EX,45.7N,76.4W,60,,,,,,,,,,,,,
AL,UNNAMED,1893,9,84,18931014,1800,,EX,48.3N,74.8W,60,,,,,,,,,,,,,
AL,UNNAMED,1893,9,84,18931015,0,,EX,50.7N,72.9W,60,,,,,,,,,,,,,
AL,UNNAMED,1893,9,84,18931015,600,,EX,52.9N,70.7W,60,,,,,,,,,,,,,
AL,UNNAMED,1893,9,84,18931015,1200,,EX,54.9N,68.2W,50,,,,,,,,,,,,,
AL,UNNAMED,1893,9,84,18931015,1800,,EX,57.0N,66.0W,40,,,,,,,,,,,,,
AL,UNNAMED,1893,10,35,18930927,1200,,TS,16.4N,81.7W,35,,,,,,,,,,,,,
AL,UNNAMED,1893,10,35,18930927,1800,,TS,17.0N,82.6W,40,,,,,,,,,,,,,
AL,UNNAMED,1893,10,35,18930928,0,,TS,17.7N,83.4W,55,,,,,,,,,,,,,
AL,UNNAMED,1893,10,35,18930928,600,,HU,18.3N,84.2W,65,,,,,,,,,,,,,
AL,UNNAMED,1893,10,35,18930928,1200,,HU,19.0N,85.0W,75,,,,,,,,,,,,,
AL,UNNAMED,1893,10,35,18930928,1800,,HU,19.7N,85.8W,85,,,,,,,,,,,,,
AL,UNNAMED,1893,10,35,18930929,0,,HU,20.3N,86.5W,85,,,,,,,,,,,,,
AL,UNNAMED,1893,10,35,18930929,600,,HU,21.0N,87.3W,80,,,,,,,,,,,,,
AL,UNNAMED,1893,10,35,18930929,1200,,HU,21.7N,88.0W,80,,,,,,,,,,,,,
AL,UNNAMED,1893,10,35,18930929,1800,,HU,22.4N,88.7W,80,,,,,,,,,,,,,
AL,UNNAMED,1893,10,35,18930930,0,,HU,23.1N,89.2W,85,,,,,,,,,,,,,
AL,UNNAMED,1893,10,35,18930930,600,,HU,23.8N,89.7W,85,,,,,,,,,,,,,
AL,UNNAMED,1893,10,35,18930930,1200,,HU,24.5N,90.2W,85,,,,,,,,,,,,,
AL,UNNAMED,1893,10,35,18930930,1800,,HU,25.1N,90.6W,85,,,,,,,,,,,,,
AL,UNNAMED,1893,10,35,18931001,0,,HU,25.7N,90.8W,85,,,,,,,,,,,,,
AL,UNNAMED,1893,10,35,18931001,600,,HU,26.2N,91.0W,85,,,,,,,,,,,,,
AL,UNNAMED,1893,10,35,18931001,1200,,HU,26.9N,91.0W,95,,,,,,,,,,,,,
AL,UNNAMED,1893,10,35,18931001,1800,,HU,27.6N,90.9W,105,,,,,,,,,,,,,
AL,UNNAMED,1893,10,35,18931002,0,,HU,28.4N,90.5W,115,,,,,,,,,,,,,
AL,UNNAMED,1893,10,35,18931002,600,,HU,29.1N,90.0W,115,948,,,,,,,,,,,,
AL,UNNAMED,1893,10,35,18931002,800,L,HU,29.3N,89.8W,115,948,,,,,,,,,,,,
AL,UNNAMED,1893,10,35,18931002,1200,,HU,29.9N,89.3W,95,,,,,,,,,,,,,
AL,UNNAMED,1893,10,35,18931002,1600,L,HU,30.3N,88.9W,95,,,,,,,,,,,,,
AL,UNNAMED,1893,10,35,18931002,1800,,HU,30.5N,88.7W,85,,,,,,,,,,,,,
AL,UNNAMED,1893,10,35,18931003,0,,HU,31.3N,87.8W,65,,,,,,,,,,,,,
AL,UNNAMED,1893,10,35,18931003,600,,TS,32.0N,86.7W,55,,,,,,,,,,,,,
AL,UNNAMED,1893,10,35,18931003,1200,,TS,32.7N,85.5W,50,,,,,,,,,,,,,
AL,UNNAMED,1893,10,35,18931003,1800,,TS,33.4N,83.9W,45,,,,,,,,,,,,,
AL,UNNAMED,1893,10,35,18931004,0,,TS,34.0N,81.8W,40,,,,,,,,,,,,,
AL,UNNAMED,1893,10,35,18931004,600,,TS,34.6N,79.7W,40,,,,,,,,,,,,,
AL,UNNAMED,1893,10,35,18931004,1200,,TS,35.1N,78.0W,35,,,,,,,,,,,,,
AL,UNNAMED,1893,10,35,18931004,1800,,TS,35.4N,76.0W,35,,,,,,,,,,,,,
AL,UNNAMED,1893,10,35,18931005,0,,TS,35.3N,74.0W,35,,,,,,,,,,,,,
AL,UNNAMED,1893,10,35,18931005,600,,TS,35.2N,72.2W,35,,,,,,,,,,,,,
AL,UNNAMED,1893,10,35,18931005,1200,,TS,35.0N,70.4W,35,,,,,,,,,,,,,
AL,UNNAMED,1893,11,16,18931020,1200,,TD,18.0N,82.0W,30,,,,,,,,,,,,,
AL,UNNAMED,1893,11,16,18931020,1800,,TD,19.5N,80.6W,30,,,,,,,,,,,,,
AL,UNNAMED,1893,11,16,18931021,0,,TD,21.0N,79.4W,30,,,,,,,,,,,,,
AL,UNNAMED,1893,11,16,18931021,600,,TD,22.5N,78.5W,30,,,,,,,,,,,,,
AL,UNNAMED,1893,11,16,18931021,1200,,TS,24.0N,78.0W,35,,,,,,,,,,,,,
AL,UNNAMED,1893,11,16,18931021,1800,,TS,25.6N,77.7W,40,,,,,,,,,,,,,
AL,UNNAMED,1893,11,16,18931022,0,,TS,27.2N,77.8W,45,,,,,,,,,,,,,
AL,UNNAMED,1893,11,16,18931022,600,,TS,28.8N,77.8W,50,,,,,,,,,,,,,
AL,UNNAMED,1893,11,16,18931022,1200,,TS,30.5N,77.6W,50,,,,,,,,,,,,,
AL,UNNAMED,1893,11,16,18931022,1800,,TS,32.3N,77.1W,50,,,,,,,,,,,,,
AL,UNNAMED,1893,11,16,18931023,0,,TS,34.2N,76.0W,50,,,,,,,,,,,,,
AL,UNNAMED,1893,11,16,18931023,300,L,TS,35.2N,75.6W,50,,,,,,,,,,,,,
AL,UNNAMED,1893,11,16,18931023,600,,TS,36.3N,75.1W,45,,,,,,,,,,,,,
AL,UNNAMED,1893,11,16,18931023,1100,L,TS,38.1N,75.6W,45,,,,,,,,,,,,,
AL,UNNAMED,1893,11,16,18931023,1200,,TS,38.4N,75.9W,40,,,,,,,,,,,,,
AL,UNNAMED,1893,11,16,18931023,1800,,TS,40.0N,78.0W,35,,,,,,,,,,,,,
AL,UNNAMED,1893,12,32,18931105,0,,TS,26.7N,70.8W,35,,,,,,,,,,,,,
AL,UNNAMED,1893,12,32,18931105,600,,TS,26.8N,71.7W,35,,,,,,,,,,,,,
AL,UNNAMED,1893,12,32,18931105,1200,,TS,27.0N,72.5W,40,,,,,,,,,,,,,
AL,UNNAMED,1893,12,32,18931105,1800,,TS,27.2N,73.1W,50,,,,,,,,,,,,,
AL,UNNAMED,1893,12,32,18931106,0,,TS,27.4N,73.6W,50,,,,,,,,,,,,,
AL,UNNAMED,1893,12,32,18931106,600,,TS,27.7N,74.1W,45,,,,,,,,,,,,,
AL,UNNAMED,1893,12,32,18931106,1200,,TS,28.0N,74.5W,45,,,,,,,,,,,,,
AL,UNNAMED,1893,12,32,18931106,1800,,TS,28.4N,74.9W,45,,,,,,,,,,,,,
AL,UNNAMED,1893,12,32,18931107,0,,TS,29.1N,75.3W,50,,,,,,,,,,,,,
AL,UNNAMED,1893,12,32,18931107,600,,TS,29.8N,75.5W,50,,,,,,,,,,,,,
AL,UNNAMED,1893,12,32,18931107,1200,,TS,30.5N,75.7W,55,,,,,,,,,,,,,
AL,UNNAMED,1893,12,32,18931107,1800,,TS,31.5N,75.9W,55,,,,,,,,,,,,,
AL,UNNAMED,1893,12,32,18931108,0,,TS,32.5N,75.9W,60,,,,,,,,,,,,,
AL,UNNAMED,1893,12,32,18931108,600,,TS,33.6N,75.7W,60,,,,,,,,,,,,,
AL,UNNAMED,1893,12,32,18931108,1200,,TS,34.5N,75.3W,60,,,,,,,,,,,,,
AL,UNNAMED,1893,12,32,18931108,1800,,TS,35.6N,74.6W,60,,,,,,,,,,,,,
AL,UNNAMED,1893,12,32,18931109,0,,TS,36.6N,73.6W,55,,,,,,,,,,,,,
AL,UNNAMED,1893,12,32,18931109,600,,TS,37.2N,72.7W,55,,,,,,,,,,,,,
AL,UNNAMED,1893,12,32,18931109,1200,,TS,37.7N,71.3W,50,,,,,,,,,,,,,
AL,UNNAMED,1893,12,32,18931109,1800,,TS,38.4N,69.1W,50,,,,,,,,,,,,,
AL,UNNAMED,1893,12,32,18931110,0,,EX,39.1N,66.3W,45,,,,,,,,,,,,,
AL,UNNAMED,1893,12,32,18931110,600,,EX,39.6N,63.2W,45,,,,,,,,,,,,,
AL,UNNAMED,1893,12,32,18931110,1200,,EX,40.0N,60.5W,40,,,,,,,,,,,,,
AL,UNNAMED,1893,12,32,18931110,1800,,EX,40.4N,57.6W,40,,,,,,,,,,,,,
AL,UNNAMED,1893,12,32,18931111,0,,EX,40.6N,54.8W,40,,,,,,,,,,,,,
AL,UNNAMED,1893,12,32,18931111,600,,EX,40.8N,52.1W,40,,,,,,,,,,,,,
AL,UNNAMED,1893,12,32,18931111,1200,,EX,41.0N,49.0W,40,,,,,,,,,,,,,
AL,UNNAMED,1893,12,32,18931111,1800,,EX,41.0N,46.9W,40,,,,,,,,,,,,,
AL,UNNAMED,1893,12,32,18931112,0,,EX,41.0N,44.9W,40,,,,,,,,,,,,,
AL,UNNAMED,1893,12,32,18931112,600,,EX,41.0N,42.6W,40,,,,,,,,,,,,,
AL,UNNAMED,1893,12,32,18931112,1200,,EX,41.0N,40.5W,40,,,,,,,,,,,,,
AL,UNNAMED,1893,12,32,18931112,1800,,EX,41.0N,37.9W,40,,,,,,,,,,,,,
AL,UNNAMED,1894,1,16,18940606,0,,TS,19.0N,77.4W,35,,,,,,,,,,,,,
AL,UNNAMED,1894,1,16,18940606,600,,TS,19.0N,77.8W,35,,,,,,,,,,,,,
AL,UNNAMED,1894,1,16,18940606,1200,,TS,19.0N,78.3W,35,,,,,,,,,,,,,
AL,UNNAMED,1894,1,16,18940606,1800,,TS,19.0N,78.9W,35,,,,,,,,,,,,,
AL,UNNAMED,1894,1,16,18940607,0,,TS,19.1N,79.4W,35,,,,,,,,,,,,,
AL,UNNAMED,1894,1,16,18940607,600,,TS,19.2N,80.1W,35,,,,,,,,,,,,,
AL,UNNAMED,1894,1,16,18940607,1200,,TS,19.3N,80.7W,35,,,,,,,,,,,,,
AL,UNNAMED,1894,1,16,18940607,1800,,TS,19.4N,81.2W,35,,,,,,,,,,,,,
AL,UNNAMED,1894,1,16,18940608,0,,TS,19.5N,82.1W,35,,,,,,,,,,,,,
AL,UNNAMED,1894,1,16,18940608,600,,TS,19.6N,82.7W,35,,,,,,,,,,,,,
AL,UNNAMED,1894,1,16,18940608,1200,,TS,19.7N,83.3W,35,,,,,,,,,,,,,
AL,UNNAMED,1894,1,16,18940608,1800,,TS,19.9N,83.8W,35,,,,,,,,,,,,,
AL,UNNAMED,1894,1,16,18940609,0,,TS,20.1N,84.4W,35,,,,,,,,,,,,,
AL,UNNAMED,1894,1,16,18940609,600,,TS,20.4N,85.0W,35,,,,,,,,,,,,,
AL,UNNAMED,1894,1,16,18940609,1200,,TS,20.7N,85.5W,35,,,,,,,,,,,,,
AL,UNNAMED,1894,1,16,18940609,1800,,TS,21.0N,86.0W,35,,,,,,,,,,,,,
AL,UNNAMED,1894,2,19,18940805,600,,TS,26.4N,89.3W,35,,,,,,,,,,,,,
AL,UNNAMED,1894,2,19,18940805,1200,,TS,27.0N,89.0W,40,,,,,,,,,,,,,
AL,UNNAMED,1894,2,19,18940805,1800,,TS,27.5N,88.6W,40,,,,,,,,,,,,,
AL,UNNAMED,1894,2,19,18940806,0,,TS,27.9N,88.2W,45,,,,,,,,,,,,,
AL,UNNAMED,1894,2,19,18940806,600,,TS,28.3N,87.9W,50,,,,,,,,,,,,,
AL,UNNAMED,1894,2,19,18940806,1200,,TS,28.7N,87.6W,50,,,,,,,,,,,,,
AL,UNNAMED,1894,2,19,18940806,1800,,TS,29.0N,87.5W,50,,,,,,,,,,,,,
AL,UNNAMED,1894,2,19,18940807,0,,TS,29.4N,87.4W,50,,,,,,,,,,,,,
AL,UNNAMED,1894,2,19,18940807,600,,TS,29.7N,87.4W,50,,,,,,,,,,,,,
AL,UNNAMED,1894,2,19,18940807,1200,,TS,30.0N,87.5W,50,,,,,,,,,,,,,
AL,UNNAMED,1894,2,19,18940807,1800,L,TS,30.3N,87.6W,50,,,,,,,,,,,,,
AL,UNNAMED,1894,2,19,18940808,0,,TS,30.6N,87.7W,45,,,,,,,,,,,,,
AL,UNNAMED,1894,2,19,18940808,600,,TS,30.9N,88.2W,40,,,,,,,,,,,,,
AL,UNNAMED,1894,2,19,18940808,1200,,TS,31.0N,88.7W,35,,,,,,,,,,,,,
AL,UNNAMED,1894,2,19,18940808,1800,,TD,31.1N,89.1W,30,,,,,,,,,,,,,
AL,UNNAMED,1894,2,19,18940809,0,,TD,31.2N,89.5W,30,,,,,,,,,,,,,
AL,UNNAMED,1894,2,19,18940809,600,,TD,31.3N,89.9W,25,,,,,,,,,,,,,
AL,UNNAMED,1894,2,19,18940809,1200,,TD,31.5N,90.5W,25,,,,,,,,,,,,,
AL,UNNAMED,1894,2,19,18940809,1800,,TD,31.7N,91.5W,25,,,,,,,,,,,,,
AL,UNNAMED,1894,3,44,18940830,0,,TS,13.2N,34.8W,35,,,,,,,,,,,,,
AL,UNNAMED,1894,3,44,18940830,600,,TS,13.4N,36.0W,35,,,,,,,,,,,,,
AL,UNNAMED,1894,3,44,18940830,1200,,TS,13.6N,37.5W,40,,,,,,,,,,,,,
AL,UNNAMED,1894,3,44,18940830,1800,,TS,13.8N,38.7W,40,,,,,,,,,,,,,
AL,UNNAMED,1894,3,44,18940831,0,,TS,14.0N,39.9W,45,,,,,,,,,,,,,
AL,UNNAMED,1894,3,44,18940831,600,,TS,14.2N,41.1W,45,,,,,,,,,,,,,
AL,UNNAMED,1894,3,44,18940831,1200,,TS,14.4N,42.3W,45,,,,,,,,,,,,,
AL,UNNAMED,1894,3,44,18940831,1800,,TS,14.7N,43.5W,50,,,,,,,,,,,,,
AL,UNNAMED,1894,3,44,18940901,0,,TS,14.9N,44.7W,50,,,,,,,,,,,,,
AL,UNNAMED,1894,3,44,18940901,600,,TS,15.2N,45.8W,55,,,,,,,,,,,,,
AL,UNNAMED,1894,3,44,18940901,1200,,TS,15.8N,47.0W,55,,,,,,,,,,,,,
AL,UNNAMED,1894,3,44,18940901,1800,,TS,16.5N,48.2W,60,,,,,,,,,,,,,
AL,UNNAMED,1894,3,44,18940902,0,,HU,17.2N,49.5W,65,,,,,,,,,,,,,
AL,UNNAMED,1894,3,44,18940902,600,,HU,17.9N,50.8W,65,,,,,,,,,,,,,
AL,UNNAMED,1894,3,44,18940902,1200,,HU,18.6N,52.1W,70,,,,,,,,,,,,,
AL,UNNAMED,1894,3,44,18940902,1800,,HU,19.3N,53.3W,75,,,,,,,,,,,,,
AL,UNNAMED,1894,3,44,18940903,0,,HU,20.0N,54.5W,75,,,,,,,,,,,,,
AL,UNNAMED,1894,3,44,18940903,600,,HU,20.7N,55.5W,80,,,,,,,,,,,,,
AL,UNNAMED,1894,3,44,18940903,1200,,HU,21.4N,56.4W,80,,,,,,,,,,,,,
AL,UNNAMED,1894,3,44,18940903,1800,,HU,22.1N,57.1W,85,,,,,,,,,,,,,
AL,UNNAMED,1894,3,44,18940904,0,,HU,22.7N,57.6W,85,,,,,,,,,,,,,
AL,UNNAMED,1894,3,44,18940904,600,,HU,23.4N,58.0W,85,,,,,,,,,,,,,
AL,UNNAMED,1894,3,44,18940904,1200,,HU,24.0N,58.4W,85,,,,,,,,,,,,,
AL,UNNAMED,1894,3,44,18940904,1800,,HU,24.7N,58.8W,85,,,,,,,,,,,,,
AL,UNNAMED,1894,3,44,18940905,0,,HU,25.4N,59.2W,85,,,,,,,,,,,,,
AL,UNNAMED,1894,3,44,18940905,600,,HU,26.1N,59.5W,85,,,,,,,,,,,,,
AL,UNNAMED,1894,3,44,18940905,1200,,HU,26.8N,59.7W,85,,,,,,,,,,,,,
AL,UNNAMED,1894,3,44,18940905,1800,,HU,27.6N,59.7W,85,,,,,,,,,,,,,
AL,UNNAMED,1894,3,44,18940906,0,,HU,28.4N,59.5W,90,,,,,,,,,,,,,
AL,UNNAMED,1894,3,44,18940906,600,,HU,29.3N,59.2W,95,,,,,,,,,,,,,
AL,UNNAMED,1894,3,44,18940906,1200,,HU,30.1N,58.8W,100,,,,,,,,,,,,,
AL,UNNAMED,1894,3,44,18940906,1800,,HU,30.9N,58.3W,100,,,,,,,,,,,,,
AL,UNNAMED,1894,3,44,18940907,0,,HU,31.8N,57.7W,100,,,,,,,,,,,,,
AL,UNNAMED,1894,3,44,18940907,600,,HU,32.7N,56.9W,100,,,,,,,,,,,,,
AL,UNNAMED,1894,3,44,18940907,1200,,HU,33.6N,56.0W,100,,,,,,,,,,,,,
AL,UNNAMED,1894,3,44,18940907,1800,,HU,34.7N,54.9W,100,,,,,,,,,,,,,
AL,UNNAMED,1894,3,44,18940908,0,,HU,36.2N,53.4W,100,948,,,,,,,,,,,,
AL,UNNAMED,1894,3,44,18940908,600,,HU,38.0N,51.6W,100,,,,,,,,,,,,,
AL,UNNAMED,1894,3,44,18940908,1200,,HU,40.0N,49.6W,100,,,,,,,,,,,,,
AL,UNNAMED,1894,3,44,18940908,1800,,HU,42.3N,47.3W,90,,,,,,,,,,,,,
AL,UNNAMED,1894,3,44,18940909,0,,HU,45.0N,44.5W,80,,,,,,,,,,,,,
AL,UNNAMED,1894,3,44,18940909,600,,HU,48.0N,41.4W,75,,,,,,,,,,,,,
AL,UNNAMED,1894,3,44,18940909,1200,,HU,51.3N,38.0W,70,,,,,,,,,,,,,
AL,UNNAMED,1894,3,44,18940909,1800,,EX,54.0N,35.7W,70,,,,,,,,,,,,,
AL,UNNAMED,1894,4,57,18940918,0,,TS,13.4N,50.5W,35,,,,,,,,,,,,,
AL,UNNAMED,1894,4,57,18940918,600,,TS,13.4N,51.0W,40,,,,,,,,,,,,,
AL,UNNAMED,1894,4,57,18940918,1200,,TS,13.5N,51.7W,45,,,,,,,,,,,,,
AL,UNNAMED,1894,4,57,18940918,1800,,TS,13.6N,52.6W,50,,,,,,,,,,,,,
AL,UNNAMED,1894,4,57,18940919,0,,TS,13.7N,53.5W,55,,,,,,,,,,,,,
AL,UNNAMED,1894,4,57,18940919,600,,HU,13.9N,54.5W,65,,,,,,,,,,,,,
AL,UNNAMED,1894,4,57,18940919,1200,,HU,14.0N,55.5W,70,,,,,,,,,,,,,
AL,UNNAMED,1894,4,57,18940919,1800,,HU,14.1N,56.3W,80,,,,,,,,,,,,,
AL,UNNAMED,1894,4,57,18940920,0,,HU,14.3N,57.5W,85,,,,,,,,,,,,,
AL,UNNAMED,1894,4,57,18940920,600,,HU,14.5N,58.6W,90,,,,,,,,,,,,,
AL,UNNAMED,1894,4,57,18940920,1200,,HU,14.7N,59.7W,95,,,,,,,,,,,,,
AL,UNNAMED,1894,4,57,18940920,1800,,HU,14.9N,61.1W,100,,,,,,,,,,,,,
AL,UNNAMED,1894,4,57,18940921,0,,HU,15.3N,62.7W,105,,,,,,,,,,,,,
AL,UNNAMED,1894,4,57,18940921,600,,HU,15.8N,64.2W,105,,,,,,,,,,,,,
AL,UNNAMED,1894,4,57,18940921,1200,,HU,16.2N,65.5W,105,,,,,,,,,,,,,
AL,UNNAMED,1894,4,57,18940921,1800,,HU,16.6N,66.7W,105,,,,,,,,,,,,,
AL,UNNAMED,1894,4,57,18940922,0,,HU,17.0N,67.9W,100,,,,,,,,,,,,,
AL,UNNAMED,1894,4,57,18940922,600,,HU,17.6N,69.3W,95,,,,,,,,,,,,,
AL,UNNAMED,1894,4,57,18940922,1200,,HU,18.3N,71.0W,90,,,,,,,,,,,,,
AL,UNNAMED,1894,4,57,18940922,1800,,HU,18.8N,72.7W,75,,,,,,,,,,,,,
AL,UNNAMED,1894,4,57,18940923,0,,HU,19.4N,74.3W,80,,,,,,,,,,,,,
AL,UNNAMED,1894,4,57,18940923,600,,HU,19.9N,75.8W,85,,,,,,,,,,,,,
AL,UNNAMED,1894,4,57,18940923,1200,,HU,20.5N,77.0W,70,,,,,,,,,,,,,
AL,UNNAMED,1894,4,57,18940923,1800,,HU,20.9N,78.2W,70,,,,,,,,,,,,,
AL,UNNAMED,1894,4,57,18940924,0,,HU,21.4N,79.4W,70,,,,,,,,,,,,,
AL,UNNAMED,1894,4,57,18940924,600,,HU,21.8N,80.6W,70,,,,,,,,,,,,,
AL,UNNAMED,1894,4,57,18940924,1200,,HU,22.5N,81.5W,65,,,,,,,,,,,,,
AL,UNNAMED,1894,4,57,18940924,1800,,TS,22.9N,81.7W,60,994,,,,,,,,,,,,
AL,UNNAMED,1894,4,57,18940925,0,,HU,23.4N,81.9W,65,,,,,,,,,,,,,
AL,UNNAMED,1894,4,57,18940925,600,,HU,24.0N,82.0W,70,,,,,,,,,,,,,
AL,UNNAMED,1894,4,57,18940925,1100,L,HU,24.7N,82.0W,70,,,,,,,,,,,,,
AL,UNNAMED,1894,4,57,18940925,1200,,HU,25.0N,82.0W,80,985,,,,,,,,,,,,
AL,UNNAMED,1894,4,57,18940925,1800,,HU,26.3N,82.0W,90,,,,,,,,,,,,,
AL,UNNAMED,1894,4,57,18940925,1900,L,HU,26.5N,82.0W,90,,,,,,,,,,,,,
AL,UNNAMED,1894,4,57,18940926,0,,HU,27.6N,81.7W,75,,,,,,,,,,,,,
AL,UNNAMED,1894,4,57,18940926,600,,TS,28.6N,81.5W,60,,,,,,,,,,,,,
AL,UNNAMED,1894,4,57,18940926,1200,,HU,29.5N,81.2W,65,,,,,,,,,,,,,
AL,UNNAMED,1894,4,57,18940926,1800,,HU,30.4N,81.0W,70,,,,,,,,,,,,,
AL,UNNAMED,1894,4,57,18940927,0,,HU,31.2N,80.9W,75,,,,,,,,,,,,,
AL,UNNAMED,1894,4,57,18940927,600,,HU,32.0N,80.7W,80,,,,,,,,,,,,,
AL,UNNAMED,1894,4,57,18940927,700,L,HU,32.3N,80.7W,80,,,,,,,,,,,,,
AL,UNNAMED,1894,4,57,18940927,1200,,HU,33.0N,80.3W,70,,,,,,,,,,,,,
AL,UNNAMED,1894,4,57,18940927,1800,,HU,33.7N,79.4W,65,,,,,,,,,,,,,
AL,UNNAMED,1894,4,57,18940928,0,,TS,34.0N,78.5W,60,,,,,,,,,,,,,
AL,UNNAMED,1894,4,57,18940928,600,,TS,34.4N,77.6W,60,,,,,,,,,,,,,
AL,UNNAMED,1894,4,57,18940928,1200,L,TS,34.7N,76.7W,60,,,,,,,,,,,,,
AL,UNNAMED,1894,4,57,18940928,1800,,TS,35.2N,76.3W,60,,,,,,,,,,,,,
AL,UNNAMED,1894,4,57,18940929,0,,TS,35.8N,75.8W,60,,,,,,,,,,,,,
AL,UNNAMED,1894,4,57,18940929,600,,HU,36.5N,75.4W,70,,,,,,,,,,,,,
AL,UNNAMED,1894,4,57,18940929,1200,,HU,37.0N,75.0W,75,,,,,,,,,,,,,
AL,UNNAMED,1894,4,57,18940929,1800,,HU,37.5N,74.5W,70,,,,,,,,,,,,,
AL,UNNAMED,1894,4,57,18940930,0,,HU,38.4N,73.9W,65,,,,,,,,,,,,,
AL,UNNAMED,1894,4,57,18940930,600,,TS,39.2N,73.2W,50,,,,,,,,,,,,,
AL,UNNAMED,1894,4,57,18940930,1200,,TS,39.7N,72.5W,40,,,,,,,,,,,,,
AL,UNNAMED,1894,4,57,18940930,1800,,TS,40.2N,71.5W,35,,,,,,,,,,,,,
AL,UNNAMED,1894,4,57,18941001,0,,TS,40.7N,70.0W,35,,,,,,,,,,,,,
AL,UNNAMED,1894,4,57,18941001,600,,TS,41.2N,67.6W,35,,,,,,,,,,,,,
AL,UNNAMED,1894,5,49,18941001,0,,TS,12.5N,79.1W,35,,,,,,,,,,,,,
AL,UNNAMED,1894,5,49,18941001,600,,TS,13.0N,79.5W,35,,,,,,,,,,,,,
AL,UNNAMED,1894,5,49,18941001,1200,,TS,13.5N,79.8W,40,,,,,,,,,,,,,
AL,UNNAMED,1894,5,49,18941001,1800,,TS,14.0N,80.2W,40,,,,,,,,,,,,,
AL,UNNAMED,1894,5,49,18941002,0,,TS,14.5N,80.6W,45,,,,,,,,,,,,,
AL,UNNAMED,1894,5,49,18941002,600,,TS,14.9N,80.9W,45,,,,,,,,,,,,,
AL,UNNAMED,1894,5,49,18941002,1200,,TS,15.4N,81.3W,50,,,,,,,,,,,,,
AL,UNNAMED,1894,5,49,18941002,1800,,TS,15.9N,81.6W,55,,,,,,,,,,,,,
AL,UNNAMED,1894,5,49,18941003,0,,TS,16.3N,82.0W,60,,,,,,,,,,,,,
AL,UNNAMED,1894,5,49,18941003,600,,TS,16.7N,82.3W,60,,,,,,,,,,,,,
AL,UNNAMED,1894,5,49,18941003,1200,,HU,17.2N,82.6W,65,,,,,,,,,,,,,
AL,UNNAMED,1894,5,49,18941003,1800,,HU,17.7N,83.0W,70,,,,,,,,,,,,,
AL,UNNAMED,1894,5,49,18941004,0,,HU,18.3N,83.4W,75,,,,,,,,,,,,,
AL,UNNAMED,1894,5,49,18941004,600,,HU,18.9N,83.8W,75,,,,,,,,,,,,,
AL,UNNAMED,1894,5,49,18941004,1200,,HU,19.5N,84.2W,80,,,,,,,,,,,,,
AL,UNNAMED,1894,5,49,18941004,1800,,HU,20.0N,84.5W,85,,,,,,,,,,,,,
AL,UNNAMED,1894,5,49,18941005,0,,HU,20.6N,84.9W,90,,,,,,,,,,,,,
AL,UNNAMED,1894,5,49,18941005,600,,HU,21.2N,85.3W,90,,,,,,,,,,,,,
AL,UNNAMED,1894,5,49,18941005,1200,,HU,21.7N,85.6W,95,,,,,,,,,,,,,
AL,UNNAMED,1894,5,49,18941005,1800,,HU,22.0N,85.9W,95,,,,,,,,,,,,,
AL,UNNAMED,1894,5,49,18941006,0,,HU,22.5N,86.2W,100,,,,,,,,,,,,,
AL,UNNAMED,1894,5,49,18941006,600,,HU,23.0N,86.5W,100,,,,,,,,,,,,,
AL,UNNAMED,1894,5,49,18941006,1200,,HU,23.7N,87.0W,105,,,,,,,,,,,,,
AL,UNNAMED,1894,5,49,18941006,1800,,HU,24.3N,87.5W,105,,,,,,,,,,,,,
AL,UNNAMED,1894,5,49,18941007,0,,HU,24.7N,87.7W,105,,,,,,,,,,,,,
AL,UNNAMED,1894,5,49,18941007,600,,HU,25.2N,88.1W,105,,,,,,,,,,,,,
AL,UNNAMED,1894,5,49,18941007,1200,,HU,25.7N,88.3W,105,,,,,,,,,,,,,
AL,UNNAMED,1894,5,49,18941007,1800,,HU,26.1N,88.4W,105,,,,,,,,,,,,,
AL,UNNAMED,1894,5,49,18941008,0,,HU,26.6N,88.4W,105,,,,,,,,,,,,,
AL,UNNAMED,1894,5,49,18941008,600,,HU,27.1N,88.4W,105,,,,,,,,,,,,,
AL,UNNAMED,1894,5,49,18941008,1200,,HU,27.7N,88.3W,105,,,,,,,,,,,,,
AL,UNNAMED,1894,5,49,18941008,1800,,HU,28.7N,87.7W,105,,,,,,,,,,,,,
AL,UNNAMED,1894,5,49,18941009,0,,HU,29.7N,86.3W,105,,,,,,,,,,,,,
AL,UNNAMED,1894,5,49,18941009,300,L,HU,30.2N,85.5W,105,,,,,,,,,,,,,
AL,UNNAMED,1894,5,49,18941009,600,,HU,30.7N,84.7W,85,,,,,,,,,,,,,
AL,UNNAMED,1894,5,49,18941009,1200,,HU,31.7N,83.0W,70,,,,,,,,,,,,,
AL,UNNAMED,1894,5,49,18941009,1800,,TS,33.0N,80.3W,60,,,,,,,,,,,,,
AL,UNNAMED,1894,5,49,18941010,0,,TS,35.2N,77.5W,60,,,,,,,,,,,,,
AL,UNNAMED,1894,5,49,18941010,600,,HU,37.4N,75.5W,65,,,,,,,,,,,,,
AL,UNNAMED,1894,5,49,18941010,1200,,HU,39.4N,74.0W,75,,,,,,,,,,,,,
AL,UNNAMED,1894,5,49,18941010,1500,L,HU,40.7N,72.9W,75,,,,,,,,,,,,,
AL,UNNAMED,1894,5,49,18941010,1800,,TS,42.0N,71.9W,55,,,,,,,,,,,,,
AL,UNNAMED,1894,5,49,18941011,0,,EX,44.8N,70.2W,45,,,,,,,,,,,,,
AL,UNNAMED,1894,5,49,18941011,600,,EX,47.6N,68.9W,45,,,,,,,,,,,,,
AL,UNNAMED,1894,5,49,18941011,1200,,EX,50.0N,67.3W,45,,,,,,,,,,,,,
AL,UNNAMED,1894,5,49,18941011,1800,,EX,52.0N,66.2W,40,,,,,,,,,,,,,
AL,UNNAMED,1894,5,49,18941012,0,,EX,53.7N,65.2W,35,,,,,,,,,,,,,
AL,UNNAMED,1894,5,49,18941012,600,,EX,55.1N,64.3W,35,,,,,,,,,,,,,
AL,UNNAMED,1894,5,49,18941012,1200,,EX,56.3N,63.5W,35,,,,,,,,,,,,,
AL,UNNAMED,1894,6,40,18941011,0,,TS,10.8N,57.7W,35,,,,,,,,,,,,,
AL,UNNAMED,1894,6,40,18941011,600,,TS,11.3N,58.3W,45,,,,,,,,,,,,,
AL,UNNAMED,1894,6,40,18941011,1200,,TS,12.0N,59.0W,55,,,,,,,,,,,,,
AL,UNNAMED,1894,6,40,18941011,1800,,HU,12.6N,59.7W,65,,,,,,,,,,,,,
AL,UNNAMED,1894,6,40,18941012,0,,HU,13.2N,60.3W,75,,,,,,,,,,,,,
AL,UNNAMED,1894,6,40,18941012,600,,HU,13.8N,60.9W,85,,,,,,,,,,,,,
AL,UNNAMED,1894,6,40,18941012,1200,,HU,14.5N,61.5W,85,,,,,,,,,,,,,
AL,UNNAMED,1894,6,40,18941012,1800,,HU,14.9N,62.1W,85,,,,,,,,,,,,,
AL,UNNAMED,1894,6,40,18941013,0,,HU,15.4N,62.8W,85,,,,,,,,,,,,,
AL,UNNAMED,1894,6,40,18941013,600,,HU,15.9N,63.4W,85,,,,,,,,,,,,,
AL,UNNAMED,1894,6,40,18941013,1200,,HU,16.7N,64.0W,85,,,,,,,,,,,,,
AL,UNNAMED,1894,6,40,18941013,1800,,HU,17.5N,64.5W,85,,,,,,,,,,,,,
AL,UNNAMED,1894,6,40,18941014,0,,HU,18.1N,64.9W,85,,,,,,,,,,,,,
AL,UNNAMED,1894,6,40,18941014,600,,HU,18.7N,65.2W,85,,,,,,,,,,,,,
AL,UNNAMED,1894,6,40,18941014,1200,,HU,19.3N,65.5W,85,,,,,,,,,,,,,
AL,UNNAMED,1894,6,40,18941014,1800,,HU,20.2N,65.8W,85,,,,,,,,,,,,,
AL,UNNAMED,1894,6,40,18941015,0,,HU,20.9N,66.0W,85,,,,,,,,,,,,,
AL,UNNAMED,1894,6,40,18941015,600,,HU,21.7N,66.2W,85,,,,,,,,,,,,,
AL,UNNAMED,1894,6,40,18941015,1200,,HU,22.5N,66.5W,85,,,,,,,,,,,,,
AL,UNNAMED,1894,6,40,18941015,1800,,HU,23.1N,66.5W,85,,,,,,,,,,,,,
AL,UNNAMED,1894,6,40,18941016,0,,HU,23.7N,66.6W,95,,,,,,,,,,,,,
AL,UNNAMED,1894,6,40,18941016,600,,HU,24.3N,66.6W,105,,,,,,,,,,,,,
AL,UNNAMED,1894,6,40,18941016,1200,,HU,25.0N,66.7W,115,,,,,,,,,,,,,
AL,UNNAMED,1894,6,40,18941016,1800,,HU,26.1N,66.7W,115,931,,,,,,,,,,,,
AL,UNNAMED,1894,6,40,18941017,0,,HU,27.4N,66.6W,115,,,,,,,,,,,,,
AL,UNNAMED,1894,6,40,18941017,600,,HU,28.2N,66.3W,115,,,,,,,,,,,,,
AL,UNNAMED,1894,6,40,18941017,1200,,HU,29.0N,65.7W,110,,,,,,,,,,,,,
AL,UNNAMED,1894,6,40,18941017,1800,,HU,30.0N,64.7W,105,,,,,,,,,,,,,
AL,UNNAMED,1894,6,40,18941018,0,,HU,31.1N,63.2W,100,,,,,,,,,,,,,
AL,UNNAMED,1894,6,40,18941018,600,,HU,32.3N,61.7W,95,,,,,,,,,,,,,
AL,UNNAMED,1894,6,40,18941018,1200,,HU,33.3N,60.3W,90,,,,,,,,,,,,,
AL,UNNAMED,1894,6,40,18941018,1800,,HU,34.1N,59.3W,85,,,,,,,,,,,,,
AL,UNNAMED,1894,6,40,18941019,0,,HU,34.8N,58.4W,85,,,,,,,,,,,,,
AL,UNNAMED,1894,6,40,18941019,600,,HU,35.4N,57.7W,85,,,,,,,,,,,,,
AL,UNNAMED,1894,6,40,18941019,1200,,HU,36.0N,57.0W,85,,,,,,,,,,,,,
AL,UNNAMED,1894,6,40,18941019,1800,,HU,36.7N,56.3W,80,,,,,,,,,,,,,
AL,UNNAMED,1894,6,40,18941020,0,,HU,37.3N,55.8W,80,,,,,,,,,,,,,
AL,UNNAMED,1894,6,40,18941020,600,,HU,37.7N,55.5W,75,,,,,,,,,,,,,
AL,UNNAMED,1894,6,40,18941020,1200,,HU,38.0N,55.2W,70,,,,,,,,,,,,,
AL,UNNAMED,1894,6,40,18941020,1800,,HU,38.4N,54.8W,70,,,,,,,,,,,,,
AL,UNNAMED,1894,7,42,18941021,600,,TS,21.0N,60.3W,35,,,,,,,,,,,,,
AL,UNNAMED,1894,7,42,18941021,1200,,TS,21.5N,61.0W,40,,,,,,,,,,,,,
AL,UNNAMED,1894,7,42,18941021,1800,,TS,21.8N,61.7W,40,,,,,,,,,,,,,
AL,UNNAMED,1894,7,42,18941022,0,,TS,22.1N,62.4W,45,,,,,,,,,,,,,
AL,UNNAMED,1894,7,42,18941022,600,,TS,22.4N,63.2W,45,,,,,,,,,,,,,
AL,UNNAMED,1894,7,42,18941022,1200,,TS,22.7N,64.0W,50,,,,,,,,,,,,,
AL,UNNAMED,1894,7,42,18941022,1800,,TS,22.8N,64.9W,50,,,,,,,,,,,,,
AL,UNNAMED,1894,7,42,18941023,0,,TS,22.9N,65.9W,55,,,,,,,,,,,,,
AL,UNNAMED,1894,7,42,18941023,600,,TS,23.2N,67.0W,60,,,,,,,,,,,,,
AL,UNNAMED,1894,7,42,18941023,1200,,HU,23.5N,68.1W,65,,,,,,,,,,,,,
AL,UNNAMED,1894,7,42,18941023,1800,,HU,24.1N,69.5W,65,,,,,,,,,,,,,
AL,UNNAMED,1894,7,42,18941024,0,,HU,24.5N,70.6W,70,,,,,,,,,,,,,
AL,UNNAMED,1894,7,42,18941024,600,,HU,24.9N,71.8W,75,,,,,,,,,,,,,
AL,UNNAMED,1894,7,42,18941024,1200,,HU,25.5N,73.0W,75,,,,,,,,,,,,,
AL,UNNAMED,1894,7,42,18941024,1800,,HU,25.8N,73.5W,80,,,,,,,,,,,,,
AL,UNNAMED,1894,7,42,18941025,0,,HU,26.2N,74.2W,85,,,,,,,,,,,,,
AL,UNNAMED,1894,7,42,18941025,600,,HU,26.6N,74.3W,85,,,,,,,,,,,,,
AL,UNNAMED,1894,7,42,18941025,1200,,HU,27.0N,74.0W,85,,,,,,,,,,,,,
AL,UNNAMED,1894,7,42,18941025,1800,,HU,28.0N,72.6W,85,,,,,,,,,,,,,
AL,UNNAMED,1894,7,42,18941026,0,,HU,29.0N,71.0W,85,,,,,,,,,,,,,
AL,UNNAMED,1894,7,42,18941026,600,,HU,30.0N,69.5W,85,,,,,,,,,,,,,
AL,UNNAMED,1894,7,42,18941026,1200,,HU,31.0N,68.0W,85,,,,,,,,,,,,,
AL,UNNAMED,1894,7,42,18941026,1800,,HU,32.9N,65.4W,85,,,,,,,,,,,,,
AL,UNNAMED,1894,7,42,18941027,0,,HU,34.9N,62.4W,85,,,,,,,,,,,,,
AL,UNNAMED,1894,7,42,18941027,600,,HU,37.1N,59.4W,85,,,,,,,,,,,,,
AL,UNNAMED,1894,7,42,18941027,1200,,HU,39.0N,57.0W,85,,,,,,,,,,,,,
AL,UNNAMED,1894,7,42,18941027,1800,,HU,41.1N,54.4W,85,,,,,,,,,,,,,
AL,UNNAMED,1894,7,42,18941028,0,,HU,43.2N,51.5W,90,,,,,,,,,,,,,
AL,UNNAMED,1894,7,42,18941028,600,,HU,44.7N,48.7W,90,,,,,,,,,,,,,
AL,UNNAMED,1894,7,42,18941028,1200,,HU,45.8N,45.8W,95,,,,,,,,,,,,,
AL,UNNAMED,1894,7,42,18941028,1800,,HU,46.4N,44.1W,95,,,,,,,,,,,,,
AL,UNNAMED,1894,7,42,18941029,0,,HU,47.0N,42.6W,95,955,,,,,,,,,,,,
AL,UNNAMED,1894,7,42,18941029,600,,HU,47.6N,41.3W,90,,,,,,,,,,,,,
AL,UNNAMED,1894,7,42,18941029,1200,,EX,48.1N,40.0W,85,,,,,,,,,,,,,
AL,UNNAMED,1894,7,42,18941029,1800,,EX,48.6N,38.8W,85,,,,,,,,,,,,,
AL,UNNAMED,1894,7,42,18941030,0,,EX,49.0N,37.6W,85,,,,,,,,,,,,,
AL,UNNAMED,1894,7,42,18941030,600,,EX,49.4N,36.3W,80,,,,,,,,,,,,,
AL,UNNAMED,1894,7,42,18941030,1200,,EX,49.9N,35.0W,80,,,,,,,,,,,,,
AL,UNNAMED,1894,7,42,18941030,1800,,EX,50.5N,33.4W,75,,,,,,,,,,,,,
AL,UNNAMED,1894,7,42,18941031,0,,EX,51.3N,31.5W,70,,,,,,,,,,,,,
AL,UNNAMED,1894,7,42,18941031,600,,EX,52.1N,29.3W,65,,,,,,,,,,,,,
AL,UNNAMED,1894,7,42,18941031,1200,,EX,53.0N,27.0W,65,,,,,,,,,,,,,
AL,UNNAMED,1895,1,17,18950814,600,,TS,27.2N,91.3W,35,,,,,,,,,,,,,
AL,UNNAMED,1895,1,17,18950814,1200,,TS,27.6N,91.0W,40,,,,,,,,,,,,,
AL,UNNAMED,1895,1,17,18950814,1800,,TS,27.9N,90.8W,45,,,,,,,,,,,,,
AL,UNNAMED,1895,1,17,18950815,0,,TS,28.3N,90.5W,45,,,,,,,,,,,,,
AL,UNNAMED,1895,1,17,18950815,600,,TS,28.6N,90.3W,50,,,,,,,,,,,,,
AL,UNNAMED,1895,1,17,18950815,1200,,TS,28.9N,90.0W,50,,,,,,,,,,,,,
AL,UNNAMED,1895,1,17,18950815,1800,,TS,29.2N,89.7W,50,,,,,,,,,,,,,
AL,UNNAMED,1895,1,17,18950815,1900,L,TS,29.3N,89.6W,50,,,,,,,,,,,,,
AL,UNNAMED,1895,1,17,18950816,0,,TS,29.6N,89.4W,50,,,,,,,,,,,,,
AL,UNNAMED,1895,1,17,18950816,600,,TS,29.9N,89.1W,45,,,,,,,,,,,,,
AL,UNNAMED,1895,1,17,18950816,1200,,TS,30.2N,88.8W,45,,,,,,,,,,,,,
AL,UNNAMED,1895,1,17,18950816,1300,L,TS,30.2N,88.8W,45,,,,,,,,,,,,,
AL,UNNAMED,1895,1,17,18950816,1800,,TS,30.7N,88.6W,40,,,,,,,,,,,,,
AL,UNNAMED,1895,1,17,18950817,0,,TS,31.3N,88.4W,35,,,,,,,,,,,,,
AL,UNNAMED,1895,1,17,18950817,600,,TD,32.1N,88.2W,30,,,,,,,,,,,,,
AL,UNNAMED,1895,1,17,18950817,1200,,TD,33.0N,88.1W,25,,,,,,,,,,,,,
AL,UNNAMED,1895,1,17,18950817,1800,,TD,33.8N,87.9W,25,,,,,,,,,,,,,
AL,UNNAMED,1895,2,36,18950822,0,,TS,13.4N,58.3W,35,,,,,,,,,,,,,
AL,UNNAMED,1895,2,36,18950822,600,,TS,13.7N,59.6W,40,,,,,,,,,,,,,
AL,UNNAMED,1895,2,36,18950822,1200,,TS,14.0N,60.7W,45,,,,,,,,,,,,,
AL,UNNAMED,1895,2,36,18950822,1800,,TS,14.3N,61.9W,50,,,,,,,,,,,,,
AL,UNNAMED,1895,2,36,18950823,0,,TS,14.5N,63.1W,55,,,,,,,,,,,,,
AL,UNNAMED,1895,2,36,18950823,600,,TS,14.8N,64.4W,55,,,,,,,,,,,,,
AL,UNNAMED,1895,2,36,18950823,1200,,TS,15.0N,65.8W,60,,,,,,,,,,,,,
AL,UNNAMED,1895,2,36,18950823,1800,,HU,15.3N,67.2W,65,,,,,,,,,,,,,
AL,UNNAMED,1895,2,36,18950824,0,,HU,15.5N,68.7W,70,,,,,,,,,,,,,
AL,UNNAMED,1895,2,36,18950824,600,,HU,15.8N,70.2W,75,,,,,,,,,,,,,
AL,UNNAMED,1895,2,36,18950824,1200,,HU,16.0N,71.7W,75,,,,,,,,,,,,,
AL,UNNAMED,1895,2,36,18950824,1800,,HU,16.4N,73.3W,80,,,,,,,,,,,,,
AL,UNNAMED,1895,2,36,18950825,0,,HU,16.9N,75.1W,80,,,,,,,,,,,,,
AL,UNNAMED,1895,2,36,18950825,600,,HU,17.4N,77.0W,80,,,,,,,,,,,,,
AL,UNNAMED,1895,2,36,18950825,1200,,HU,18.0N,79.0W,85,,,,,,,,,,,,,
AL,UNNAMED,1895,2,36,18950825,1800,,HU,18.4N,80.2W,85,,,,,,,,,,,,,
AL,UNNAMED,1895,2,36,18950826,0,,HU,18.8N,81.3W,85,,,,,,,,,,,,,
AL,UNNAMED,1895,2,36,18950826,600,,HU,19.4N,82.9W,85,,,,,,,,,,,,,
AL,UNNAMED,1895,2,36,18950826,1200,,HU,20.2N,84.5W,85,,,,,,,,,,,,,
AL,UNNAMED,1895,2,36,18950826,1800,,HU,20.9N,85.8W,85,,,,,,,,,,,,,
AL,UNNAMED,1895,2,36,18950827,0,,HU,21.5N,87.0W,85,,,,,,,,,,,,,
AL,UNNAMED,1895,2,36,18950827,600,,HU,22.1N,88.0W,85,,,,,,,,,,,,,
AL,UNNAMED,1895,2,36,18950827,1200,,HU,22.6N,89.0W,85,,,,,,,,,,,,,
AL,UNNAMED,1895,2,36,18950827,1800,,HU,23.0N,89.9W,85,,,,,,,,,,,,,
AL,UNNAMED,1895,2,36,18950828,0,,HU,23.3N,90.5W,85,,,,,,,,,,,,,
AL,UNNAMED,1895,2,36,18950828,600,,HU,23.6N,91.4W,85,,,,,,,,,,,,,
AL,UNNAMED,1895,2,36,18950828,1200,,HU,24.0N,92.3W,85,,,,,,,,,,,,,
AL,UNNAMED,1895,2,36,18950828,1800,,HU,24.3N,93.1W,90,,,,,,,,,,,,,
AL,UNNAMED,1895,2,36,18950829,0,,HU,24.5N,93.9W,95,,,,,,,,,,,,,
AL,UNNAMED,1895,2,36,18950829,600,,HU,24.6N,94.7W,95,,,,,,,,,,,,,
AL,UNNAMED,1895,2,36,18950829,1200,,HU,24.7N,95.5W,95,,,,,,,,,,,,,
AL,UNNAMED,1895,2,36,18950829,1800,,HU,24.8N,96.3W,95,,,,,,,,,,,,,
AL,UNNAMED,1895,2,36,18950830,0,,HU,24.9N,97.1W,95,,,,,,,,,,,,,
AL,UNNAMED,1895,2,36,18950830,600,,HU,25.0N,97.9W,65,,,,,,,,,,,,,
AL,UNNAMED,1895,2,36,18950830,1200,,TS,25.1N,98.7W,40,,,,,,,,,,,,,
AL,UNNAMED,1895,2,36,18950830,1800,,TD,25.2N,99.5W,30,,,,,,,,,,,,,
AL,UNNAMED,1895,3,39,18950928,0,,TS,19.3N,86.0W,35,,,,,,,,,,,,,
AL,UNNAMED,1895,3,39,18950928,600,,TS,19.6N,86.6W,35,,,,,,,,,,,,,
AL,UNNAMED,1895,3,39,18950928,1200,,TS,19.9N,87.2W,35,,,,,,,,,,,,,
AL,UNNAMED,1895,3,39,18950928,1800,,TD,20.3N,88.2W,30,,,,,,,,,,,,,
AL,UNNAMED,1895,3,39,18950929,0,,TD,20.7N,89.0W,30,,,,,,,,,,,,,
AL,UNNAMED,1895,3,39,18950929,600,,TD,21.2N,89.5W,30,,,,,,,,,,,,,
AL,UNNAMED,1895,3,39,18950929,1200,,TS,21.6N,89.7W,40,,,,,,,,,,,,,
AL,UNNAMED,1895,3,39,18950929,1800,,TS,22.1N,89.7W,40,,,,,,,,,,,,,
AL,UNNAMED,1895,3,39,18950930,0,,TS,22.7N,89.5W,45,,,,,,,,,,,,,
AL,UNNAMED,1895,3,39,18950930,600,,TS,23.2N,89.2W,45,,,,,,,,,,,,,
AL,UNNAMED,1895,3,39,18950930,1200,,TS,23.7N,88.5W,50,,,,,,,,,,,,,
AL,UNNAMED,1895,3,39,18950930,1800,,TS,23.8N,87.1W,50,,,,,,,,,,,,,
AL,UNNAMED,1895,3,39,18951001,0,,TS,23.8N,85.8W,50,,,,,,,,,,,,,
AL,UNNAMED,1895,3,39,18951001,600,,TS,23.8N,84.5W,50,,,,,,,,,,,,,
AL,UNNAMED,1895,3,39,18951001,1200,,TS,23.9N,83.4W,50,,,,,,,,,,,,,
AL,UNNAMED,1895,3,39,18951001,1800,,TS,24.0N,82.5W,50,,,,,,,,,,,,,
AL,UNNAMED,1895,3,39,18951002,0,,TS,24.2N,81.5W,50,,,,,,,,,,,,,
AL,UNNAMED,1895,3,39,18951002,600,,TS,24.5N,80.7W,50,,,,,,,,,,,,,
AL,UNNAMED,1895,3,39,18951002,1200,,TS,24.9N,79.9W,50,,,,,,,,,,,,,
AL,UNNAMED,1895,3,39,18951002,1800,,TS,25.2N,79.2W,50,,,,,,,,,,,,,
AL,UNNAMED,1895,3,39,18951003,0,,TS,25.6N,78.6W,50,,,,,,,,,,,,,
AL,UNNAMED,1895,3,39,18951003,600,,TS,26.2N,78.0W,50,,,,,,,,,,,,,
AL,UNNAMED,1895,3,39,18951003,1200,,TS,27.0N,77.2W,50,,,,,,,,,,,,,
AL,UNNAMED,1895,3,39,18951003,1800,,TS,28.0N,76.2W,50,,,,,,,,,,,,,
AL,UNNAMED,1895,3,39,18951004,0,,TS,29.0N,75.1W,50,,,,,,,,,,,,,
AL,UNNAMED,1895,3,39,18951004,600,,TS,30.1N,74.0W,50,,,,,,,,,,,,,
AL,UNNAMED,1895,3,39,18951004,1200,,TS,31.1N,72.9W,50,,,,,,,,,,,,,
AL,UNNAMED,1895,3,39,18951004,1800,,TS,32.1N,71.9W,50,,,,,,,,,,,,,
AL,UNNAMED,1895,3,39,18951005,0,,TS,33.0N,71.0W,50,,,,,,,,,,,,,
AL,UNNAMED,1895,3,39,18951005,600,,TS,34.0N,70.0W,50,,,,,,,,,,,,,
AL,UNNAMED,1895,3,39,18951005,1200,,TS,35.0N,69.0W,50,,,,,,,,,,,,,
AL,UNNAMED,1895,3,39,18951005,1800,,TS,36.2N,67.8W,50,,,,,,,,,,,,,
AL,UNNAMED,1895,3,39,18951006,0,,TS,37.6N,66.4W,50,,,,,,,,,,,,,
AL,UNNAMED,1895,3,39,18951006,600,,TS,39.2N,64.8W,50,,,,,,,,,,,,,
AL,UNNAMED,1895,3,39,18951006,1200,,TS,40.9N,63.0W,50,,,,,,,,,,,,,
AL,UNNAMED,1895,3,39,18951006,1800,,TS,42.6N,61.1W,45,,,,,,,,,,,,,
AL,UNNAMED,1895,3,39,18951007,0,,TS,44.4N,59.0W,40,,,,,,,,,,,,,
AL,UNNAMED,1895,3,39,18951007,600,,TS,46.3N,56.8W,40,,,,,,,,,,,,,
AL,UNNAMED,1895,3,39,18951007,1200,,TS,48.2N,54.4W,40,,,,,,,,,,,,,
AL,UNNAMED,1895,4,24,18951002,0,,TS,17.4N,82.9W,35,,,,,,,,,,,,,
AL,UNNAMED,1895,4,24,18951002,600,,TS,17.7N,83.7W,35,,,,,,,,,,,,,
AL,UNNAMED,1895,4,24,18951002,1200,,TS,18.0N,84.6W,35,,,,,,,,,,,,,
AL,UNNAMED,1895,4,24,18951002,1800,,TS,18.3N,85.5W,35,,,,,,,,,,,,,
AL,UNNAMED,1895,4,24,18951003,0,,TS,18.6N,86.3W,35,,,,,,,,,,,,,
AL,UNNAMED,1895,4,24,18951003,600,,TS,19.0N,87.2W,35,,,,,,,,,,,,,
AL,UNNAMED,1895,4,24,18951003,1200,,TD,19.3N,88.0W,30,,,,,,,,,,,,,
AL,UNNAMED,1895,4,24,18951003,1800,,TD,19.6N,88.8W,30,,,,,,,,,,,,,
AL,UNNAMED,1895,4,24,18951004,0,,TD,20.0N,89.5W,30,,,,,,,,,,,,,
AL,UNNAMED,1895,4,24,18951004,600,,TD,20.3N,90.2W,30,,,,,,,,,,,,,
AL,UNNAMED,1895,4,24,18951004,1200,,TS,20.7N,91.0W,35,,,,,,,,,,,,,
AL,UNNAMED,1895,4,24,18951004,1800,,TS,21.1N,91.9W,35,,,,,,,,,,,,,
AL,UNNAMED,1895,4,24,18951005,0,,TS,21.4N,92.8W,35,,,,,,,,,,,,,
AL,UNNAMED,1895,4,24,18951005,600,,TS,21.8N,93.8W,35,,,,,,,,,,,,,
AL,UNNAMED,1895,4,24,18951005,1200,,TS,22.2N,94.7W,35,,,,,,,,,,,,,
AL,UNNAMED,1895,4,24,18951005,1800,,TS,22.6N,95.5W,35,,,,,,,,,,,,,
AL,UNNAMED,1895,4,24,18951006,0,,TS,23.2N,96.0W,35,,,,,,,,,,,,,
AL,UNNAMED,1895,4,24,18951006,600,,TS,23.9N,96.3W,35,,,,,,,,,,,,,
AL,UNNAMED,1895,4,24,18951006,1200,,TS,24.7N,96.5W,35,,,,,,,,,,,,,
AL,UNNAMED,1895,4,24,18951006,1800,,TS,25.9N,96.4W,35,,,,,,,,,,,,,
AL,UNNAMED,1895,4,24,18951007,0,,TS,27.7N,95.6W,35,,,,,,,,,,,,,
AL,UNNAMED,1895,4,24,18951007,400,L,TS,29.3N,94.8W,35,,,,,,,,,,,,,
AL,UNNAMED,1895,4,24,18951007,600,,TD,29.9N,94.4W,30,,,,,,,,,,,,,
AL,UNNAMED,1895,4,24,18951007,1200,,TD,32.4N,92.6W,25,,,,,,,,,,,,,
AL,UNNAMED,1895,5,59,18951012,0,,TS,12.0N,44.8W,35,,,,,,,,,,,,,
AL,UNNAMED,1895,5,59,18951012,600,,TS,12.0N,45.5W,35,,,,,,,,,,,,,
AL,UNNAMED,1895,5,59,18951012,1200,,TS,12.0N,46.5W,40,,,,,,,,,,,,,
AL,UNNAMED,1895,5,59,18951012,1800,,TS,12.0N,47.5W,40,,,,,,,,,,,,,
AL,UNNAMED,1895,5,59,18951013,0,,TS,12.0N,48.5W,45,,,,,,,,,,,,,
AL,UNNAMED,1895,5,59,18951013,600,,TS,12.0N,49.4W,45,,,,,,,,,,,,,
AL,UNNAMED,1895,5,59,18951013,1200,,TS,12.0N,50.4W,50,,,,,,,,,,,,,
AL,UNNAMED,1895,5,59,18951013,1800,,TS,12.1N,51.4W,50,,,,,,,,,,,,,
AL,UNNAMED,1895,5,59,18951014,0,,TS,12.2N,52.4W,50,,,,,,,,,,,,,
AL,UNNAMED,1895,5,59,18951014,600,,TS,12.3N,53.5W,50,,,,,,,,,,,,,
AL,UNNAMED,1895,5,59,18951014,1200,,TS,12.4N,54.6W,50,,,,,,,,,,,,,
AL,UNNAMED,1895,5,59,18951014,1800,,TS,12.5N,55.8W,50,,,,,,,,,,,,,
AL,UNNAMED,1895,5,59,18951015,0,,TS,12.5N,57.0W,50,,,,,,,,,,,,,
AL,UNNAMED,1895,5,59,18951015,600,,TS,12.6N,58.3W,50,,,,,,,,,,,,,
AL,UNNAMED,1895,5,59,18951015,1200,,TS,12.7N,59.6W,50,,,,,,,,,,,,,
AL,UNNAMED,1895,5,59,18951015,1800,,TS,12.9N,61.0W,50,,,,,,,,,,,,,
AL,UNNAMED,1895,5,59,18951016,0,,TS,13.1N,62.4W,55,,,,,,,,,,,,,
AL,UNNAMED,1895,5,59,18951016,600,,TS,13.3N,63.9W,60,,,,,,,,,,,,,
AL,UNNAMED,1895,5,59,18951016,1200,,HU,13.5N,65.3W,65,,,,,,,,,,,,,
AL,UNNAMED,1895,5,59,18951016,1800,,HU,13.6N,66.6W,70,,,,,,,,,,,,,
AL,UNNAMED,1895,5,59,18951017,0,,HU,13.8N,67.9W,75,,,,,,,,,,,,,
AL,UNNAMED,1895,5,59,18951017,600,,HU,13.9N,69.2W,80,,,,,,,,,,,,,
AL,UNNAMED,1895,5,59,18951017,1200,,HU,14.0N,70.4W,85,,,,,,,,,,,,,
AL,UNNAMED,1895,5,59,18951017,1800,,HU,14.1N,71.5W,90,,,,,,,,,,,,,
AL,UNNAMED,1895,5,59,18951018,0,,HU,14.3N,73.0W,90,,,,,,,,,,,,,
AL,UNNAMED,1895,5,59,18951018,600,,HU,14.6N,74.5W,90,,,,,,,,,,,,,
AL,UNNAMED,1895,5,59,18951018,1200,,HU,15.0N,76.0W,90,,,,,,,,,,,,,
AL,UNNAMED,1895,5,59,18951018,1800,,HU,15.3N,77.5W,90,,,,,,,,,,,,,
AL,UNNAMED,1895,5,59,18951019,0,,HU,15.7N,79.5W,90,,,,,,,,,,,,,
AL,UNNAMED,1895,5,59,18951019,600,,HU,16.1N,81.0W,90,,,,,,,,,,,,,
AL,UNNAMED,1895,5,59,18951019,1200,,HU,16.5N,81.5W,90,,,,,,,,,,,,,
AL,UNNAMED,1895,5,59,18951019,1800,,HU,17.1N,81.8W,90,,,,,,,,,,,,,
AL,UNNAMED,1895,5,59,18951020,0,,HU,17.7N,82.0W,90,,,,,,,,,,,,,
AL,UNNAMED,1895,5,59,18951020,600,,HU,18.3N,82.0W,90,,,,,,,,,,,,,
AL,UNNAMED,1895,5,59,18951020,1200,,HU,18.9N,82.0W,90,,,,,,,,,,,,,
AL,UNNAMED,1895,5,59,18951020,1800,,HU,19.5N,82.0W,90,,,,,,,,,,,,,
AL,UNNAMED,1895,5,59,18951021,0,,HU,20.1N,82.0W,90,,,,,,,,,,,,,
AL,UNNAMED,1895,5,59,18951021,600,,HU,20.7N,81.7W,90,,,,,,,,,,,,,
AL,UNNAMED,1895,5,59,18951021,1200,,HU,21.3N,81.3W,90,,,,,,,,,,,,,
AL,UNNAMED,1895,5,59,18951021,1800,,HU,22.2N,80.7W,85,,,,,,,,,,,,,
AL,UNNAMED,1895,5,59,18951022,0,,HU,23.4N,80.0W,85,,,,,,,,,,,,,
AL,UNNAMED,1895,5,59,18951022,600,,HU,24.8N,79.2W,90,,,,,,,,,,,,,
AL,UNNAMED,1895,5,59,18951022,1200,,HU,26.2N,78.4W,90,,,,,,,,,,,,,
AL,UNNAMED,1895,5,59,18951022,1800,,HU,27.1N,77.5W,90,,,,,,,,,,,,,
AL,UNNAMED,1895,5,59,18951023,0,,HU,27.8N,76.5W,90,,,,,,,,,,,,,
AL,UNNAMED,1895,5,59,18951023,600,,HU,28.5N,75.2W,90,,,,,,,,,,,,,
AL,UNNAMED,1895,5,59,18951023,1200,,HU,29.2N,73.5W,90,,,,,,,,,,,,,
AL,UNNAMED,1895,5,59,18951023,1800,,HU,29.9N,71.7W,90,,,,,,,,,,,,,
AL,UNNAMED,1895,5,59,18951024,0,,HU,30.4N,70.2W,90,,,,,,,,,,,,,
AL,UNNAMED,1895,5,59,18951024,600,,HU,30.9N,68.9W,90,,,,,,,,,,,,,
AL,UNNAMED,1895,5,59,18951024,1200,,HU,31.5N,67.0W,90,,,,,,,,,,,,,
AL,UNNAMED,1895,5,59,18951024,1800,,HU,32.7N,63.8W,90,,,,,,,,,,,,,
AL,UNNAMED,1895,5,59,18951025,0,,HU,34.2N,59.5W,90,,,,,,,,,,,,,
AL,UNNAMED,1895,5,59,18951025,600,,HU,34.9N,54.9W,90,,,,,,,,,,,,,
AL,UNNAMED,1895,5,59,18951025,1200,,HU,35.0N,51.5W,85,,,,,,,,,,,,,
AL,UNNAMED,1895,5,59,18951025,1800,,HU,34.7N,48.6W,75,,,,,,,,,,,,,
AL,UNNAMED,1895,5,59,18951026,0,,HU,34.4N,45.4W,65,,,,,,,,,,,,,
AL,UNNAMED,1895,5,59,18951026,600,,EX,34.2N,42.1W,55,,,,,,,,,,,,,
AL,UNNAMED,1895,5,59,18951026,1200,,EX,34.0N,38.8W,45,,,,,,,,,,,,,
AL,UNNAMED,1895,6,17,18951013,600,,TS,19.4N,93.7W,35,,,,,,,,,,,,,
AL,UNNAMED,1895,6,17,18951013,1200,,TS,20.0N,93.0W,35,,,,,,,,,,,,,
AL,UNNAMED,1895,6,17,18951013,1800,,TS,20.6N,92.4W,35,,,,,,,,,,,,,
AL,UNNAMED,1895,6,17,18951014,0,,TS,21.2N,91.8W,35,,,,,,,,,,,,,
AL,UNNAMED,1895,6,17,18951014,600,,TS,21.7N,91.1W,35,,,,,,,,,,,,,
AL,UNNAMED,1895,6,17,18951014,1200,,TS,22.2N,90.4W,35,,,,,,,,,,,,,
AL,UNNAMED,1895,6,17,18951014,1800,,TS,22.6N,89.7W,35,,,,,,,,,,,,,
AL,UNNAMED,1895,6,17,18951015,0,,TS,23.1N,88.8W,35,,,,,,,,,,,,,
AL,UNNAMED,1895,6,17,18951015,600,,TS,23.5N,88.0W,35,,,,,,,,,,,,,
AL,UNNAMED,1895,6,17,18951015,1200,,TS,23.9N,87.0W,35,,,,,,,,,,,,,
AL,UNNAMED,1895,6,17,18951015,1800,,TS,24.3N,85.9W,35,,,,,,,,,,,,,
AL,UNNAMED,1895,6,17,18951016,0,,TS,24.8N,84.6W,35,,,,,,,,,,,,,
AL,UNNAMED,1895,6,17,18951016,600,,TS,25.2N,83.2W,35,,,,,,,,,,,,,
AL,UNNAMED,1895,6,17,18951016,1200,,TS,25.6N,81.6W,35,,,,,,,,,,,,,
AL,UNNAMED,1895,6,17,18951016,1300,L,TS,25.7N,81.3W,35,,,,,,,,,,,,,
AL,UNNAMED,1895,6,17,18951016,1800,,TD,26.4N,80.2W,30,,,,,,,,,,,,,
AL,UNNAMED,1895,6,17,18951017,0,,TD,27.6N,78.6W,25,,,,,,,,,,,,,
AL,UNNAMED,1896,1,34,18960704,1200,,TS,20.9N,81.1W,35,,,,,,,,,,,,,
AL,UNNAMED,1896,1,34,18960704,1800,,TS,21.8N,82.0W,40,,,,,,,,,,,,,
AL,UNNAMED,1896,1,34,18960705,0,,TS,22.6N,82.8W,45,,,,,,,,,,,,,
AL,UNNAMED,1896,1,34,18960705,600,,TS,23.4N,83.6W,45,,,,,,,,,,,,,
AL,UNNAMED,1896,1,34,18960705,1200,,TS,24.2N,84.2W,55,,,,,,,,,,,,,
AL,UNNAMED,1896,1,34,18960705,1800,,HU,24.9N,84.7W,65,,,,,,,,,,,,,
AL,UNNAMED,1896,1,34,18960706,0,,HU,25.6N,85.2W,75,,,,,,,,,,,,,
AL,UNNAMED,1896,1,34,18960706,600,,HU,26.3N,85.6W,85,,,,,,,,,,,,,
AL,UNNAMED,1896,1,34,18960706,1200,,HU,27.0N,86.0W,85,,,,,,,,,,,,,
AL,UNNAMED,1896,1,34,18960706,1800,,HU,27.7N,86.2W,85,,,,,,,,,,,,,
AL,UNNAMED,1896,1,34,18960707,0,,HU,28.4N,86.5W,85,,,,,,,,,,,,,
AL,UNNAMED,1896,1,34,18960707,600,,HU,29.0N,86.6W,85,,,,,,,,,,,,,
AL,UNNAMED,1896,1,34,18960707,1200,,HU,29.7N,86.7W,85,,,,,,,,,,,,,
AL,UNNAMED,1896,1,34,18960707,1700,L,HU,30.4N,86.5W,85,,,,,,,,,,,,,
AL,UNNAMED,1896,1,34,18960707,1800,,HU,30.5N,86.4W,85,,,,,,,,,,,,,
AL,UNNAMED,1896,1,34,18960708,0,,TS,31.6N,85.3W,60,,,,,,,,,,,,,
AL,UNNAMED,1896,1,34,18960708,600,,TS,32.4N,84.3W,45,,,,,,,,,,,,,
AL,UNNAMED,1896,1,34,18960708,1200,,TS,33.3N,83.5W,35,,,,,,,,,,,,,
AL,UNNAMED,1896,1,34,18960708,1800,,TD,34.5N,82.9W,30,,,,,,,,,,,,,
AL,UNNAMED,1896,1,34,18960709,0,,TD,36.4N,83.2W,30,,,,,,,,,,,,,
AL,UNNAMED,1896,1,34,18960709,600,,TD,38.5N,84.0W,30,,,,,,,,,,,,,
AL,UNNAMED,1896,1,34,18960709,1200,,TD,40.6N,84.0W,25,,,,,,,,,,,,,
AL,UNNAMED,1896,1,34,18960709,1800,,TD,42.1N,83.8W,25,,,,,,,,,,,,,
AL,UNNAMED,1896,1,34,18960710,0,,TD,43.6N,83.5W,25,,,,,,,,,,,,,
AL,UNNAMED,1896,1,34,18960710,600,,TD,45.1N,83.3W,25,,,,,,,,,,,,,
AL,UNNAMED,1896,1,34,18960710,1200,,TD,46.7N,83.0W,25,,,,,,,,,,,,,
AL,UNNAMED,1896,1,34,18960710,1800,,TD,48.3N,82.2W,25,,,,,,,,,,,,,
AL,UNNAMED,1896,1,34,18960711,0,,TD,50.0N,80.8W,25,,,,,,,,,,,,,
AL,UNNAMED,1896,1,34,18960711,600,,TD,51.7N,78.8W,25,,,,,,,,,,,,,
AL,UNNAMED,1896,1,34,18960711,1200,,TD,53.5N,76.5W,25,,,,,,,,,,,,,
AL,UNNAMED,1896,1,34,18960711,1800,,TD,55.3N,74.1W,25,,,,,,,,,,,,,
AL,UNNAMED,1896,1,34,18960712,0,,TD,57.1N,71.3W,25,,,,,,,,,,,,,
AL,UNNAMED,1896,1,34,18960712,600,,TD,58.9N,68.3W,25,,,,,,,,,,,,,
AL,UNNAMED,1896,1,34,18960712,1200,,TD,60.8N,64.9W,25,,,,,,,,,,,,,
AL,UNNAMED,1896,2,52,18960830,600,,TS,14.0N,59.6W,35,,,,,,,,,,,,,
AL,UNNAMED,1896,2,52,18960830,1200,,TS,14.5N,60.5W,50,,,,,,,,,,,,,
AL,UNNAMED,1896,2,52,18960830,1800,,HU,14.9N,61.4W,65,,,,,,,,,,,,,
AL,UNNAMED,1896,2,52,18960831,0,,HU,15.3N,62.4W,80,,,,,,,,,,,,,
AL,UNNAMED,1896,2,52,18960831,600,,HU,15.8N,63.3W,85,,,,,,,,,,,,,
AL,UNNAMED,1896,2,52,18960831,1200,,HU,16.3N,64.2W,85,,,,,,,,,,,,,
AL,UNNAMED,1896,2,52,18960831,1800,,HU,16.9N,65.1W,85,,,,,,,,,,,,,
AL,UNNAMED,1896,2,52,18960901,0,,HU,17.5N,66.0W,85,,,,,,,,,,,,,
AL,UNNAMED,1896,2,52,18960901,600,,HU,18.1N,66.9W,85,,,,,,,,,,,,,
AL,UNNAMED,1896,2,52,18960901,1200,,HU,18.6N,67.8W,75,,,,,,,,,,,,,
AL,UNNAMED,1896,2,52,18960901,1800,,HU,19.0N,68.6W,80,,,,,,,,,,,,,
AL,UNNAMED,1896,2,52,18960902,0,,HU,19.3N,69.2W,85,,,,,,,,,,,,,
AL,UNNAMED,1896,2,52,18960902,600,,HU,19.7N,69.9W,85,,,,,,,,,,,,,
AL,UNNAMED,1896,2,52,18960902,1200,,HU,20.0N,70.6W,85,,,,,,,,,,,,,
AL,UNNAMED,1896,2,52,18960902,1800,,HU,20.3N,71.4W,85,,,,,,,,,,,,,
AL,UNNAMED,1896,2,52,18960903,0,,HU,20.6N,72.2W,85,,,,,,,,,,,,,
AL,UNNAMED,1896,2,52,18960903,600,,HU,20.9N,73.1W,85,,,,,,,,,,,,,
AL,UNNAMED,1896,2,52,18960903,1200,,HU,21.2N,73.9W,85,,,,,,,,,,,,,
AL,UNNAMED,1896,2,52,18960903,1800,,HU,21.5N,74.7W,85,,,,,,,,,,,,,
AL,UNNAMED,1896,2,52,18960904,0,,HU,21.8N,75.4W,85,,,,,,,,,,,,,
AL,UNNAMED,1896,2,52,18960904,600,,HU,22.2N,76.2W,85,,,,,,,,,,,,,
AL,UNNAMED,1896,2,52,18960904,1200,,HU,22.7N,76.8W,85,,,,,,,,,,,,,
AL,UNNAMED,1896,2,52,18960904,1800,,HU,23.3N,77.2W,90,,,,,,,,,,,,,
AL,UNNAMED,1896,2,52,18960905,0,,HU,23.9N,77.3W,95,,,,,,,,,,,,,
AL,UNNAMED,1896,2,52,18960905,600,,HU,24.5N,77.3W,100,,,,,,,,,,,,,
AL,UNNAMED,1896,2,52,18960905,1200,,HU,25.2N,77.2W,100,,,,,,,,,,,,,
AL,UNNAMED,1896,2,52,18960905,1800,,HU,25.9N,77.0W,100,,,,,,,,,,,,,
AL,UNNAMED,1896,2,52,18960906,0,,HU,26.5N,76.8W,100,,,,,,,,,,,,,
AL,UNNAMED,1896,2,52,18960906,600,,HU,27.2N,76.4W,100,,,,,,,,,,,,,
AL,UNNAMED,1896,2,52,18960906,1200,,HU,27.8N,75.8W,100,,,,,,,,,,,,,
AL,UNNAMED,1896,2,52,18960906,1800,,HU,28.5N,75.0W,100,,,,,,,,,,,,,
AL,UNNAMED,1896,2,52,18960907,0,,HU,29.1N,74.1W,100,956,,,,,,,,,,,,
AL,UNNAMED,1896,2,52,18960907,600,,HU,29.8N,73.2W,100,,,,,,,,,,,,,
AL,UNNAMED,1896,2,52,18960907,1200,,HU,30.4N,72.3W,100,,,,,,,,,,,,,
AL,UNNAMED,1896,2,52,18960907,1800,,HU,31.3N,71.5W,100,,,,,,,,,,,,,
AL,UNNAMED,1896,2,52,18960908,0,,HU,32.4N,70.7W,100,,,,,,,,,,,,,
AL,UNNAMED,1896,2,52,18960908,600,,HU,33.6N,70.0W,100,,,,,,,,,,,,,
AL,UNNAMED,1896,2,52,18960908,1200,,HU,34.6N,69.5W,100,,,,,,,,,,,,,
AL,UNNAMED,1896,2,52,18960908,1800,,HU,35.4N,69.2W,100,,,,,,,,,,,,,
AL,UNNAMED,1896,2,52,18960909,0,,HU,36.2N,69.1W,100,,,,,,,,,,,,,
AL,UNNAMED,1896,2,52,18960909,600,,HU,37.0N,69.1W,95,,,,,,,,,,,,,
AL,UNNAMED,1896,2,52,18960909,1200,,HU,37.8N,69.1W,90,,,,,,,,,,,,,
AL,UNNAMED,1896,2,52,18960909,1800,,HU,38.6N,69.3W,85,,,,,,,,,,,,,
AL,UNNAMED,1896,2,52,18960910,0,,HU,39.3N,69.7W,80,,,,,,,,,,,,,
AL,UNNAMED,1896,2,52,18960910,600,,HU,40.0N,70.2W,75,,,,,,,,,,,,,
AL,UNNAMED,1896,2,52,18960910,1200,,HU,41.0N,70.6W,70,,,,,,,,,,,,,
AL,UNNAMED,1896,2,52,18960910,1300,L,HU,41.2N,70.6W,70,,,,,,,,,,,,,
AL,UNNAMED,1896,2,52,18960910,1800,,TS,42.0N,70.7W,55,,,,,,,,,,,,,
AL,UNNAMED,1896,2,52,18960911,0,,EX,43.0N,70.5W,50,,,,,,,,,,,,,
AL,UNNAMED,1896,2,52,18960911,600,,EX,43.9N,70.1W,45,,,,,,,,,,,,,
AL,UNNAMED,1896,2,52,18960911,1200,,EX,44.8N,69.6W,40,,,,,,,,,,,,,
AL,UNNAMED,1896,2,52,18960911,1800,,EX,45.7N,69.0W,40,,,,,,,,,,,,,
AL,UNNAMED,1896,3,43,18960918,0,,TS,17.1N,55.1W,35,,,,,,,,,,,,,
AL,UNNAMED,1896,3,43,18960918,600,,TS,17.5N,56.5W,40,,,,,,,,,,,,,
AL,UNNAMED,1896,3,43,18960918,1200,,TS,17.8N,58.0W,40,,,,,,,,,,,,,
AL,UNNAMED,1896,3,43,18960918,1800,,TS,18.2N,59.3W,45,,,,,,,,,,,,,
AL,UNNAMED,1896,3,43,18960919,0,,TS,18.7N,60.6W,50,,,,,,,,,,,,,
AL,UNNAMED,1896,3,43,18960919,600,,TS,19.1N,61.8W,55,,,,,,,,,,,,,
AL,UNNAMED,1896,3,43,18960919,1200,,TS,19.6N,62.8W,60,,,,,,,,,,,,,
AL,UNNAMED,1896,3,43,18960919,1800,,HU,20.1N,63.7W,65,,,,,,,,,,,,,
AL,UNNAMED,1896,3,43,18960920,0,,HU,20.6N,64.5W,70,,,,,,,,,,,,,
AL,UNNAMED,1896,3,43,18960920,600,,HU,21.1N,65.3W,75,,,,,,,,,,,,,
AL,UNNAMED,1896,3,43,18960920,1200,,HU,21.6N,66.2W,80,,,,,,,,,,,,,
AL,UNNAMED,1896,3,43,18960920,1800,,HU,22.1N,67.2W,85,,,,,,,,,,,,,
AL,UNNAMED,1896,3,43,18960921,0,,HU,22.7N,68.3W,85,,,,,,,,,,,,,
AL,UNNAMED,1896,3,43,18960921,600,,HU,23.4N,69.4W,85,,,,,,,,,,,,,
AL,UNNAMED,1896,3,43,18960921,1200,,HU,24.1N,70.5W,85,,,,,,,,,,,,,
AL,UNNAMED,1896,3,43,18960921,1800,,HU,24.9N,71.5W,85,,,,,,,,,,,,,
AL,UNNAMED,1896,3,43,18960922,0,,HU,25.8N,72.4W,85,,,,,,,,,,,,,
AL,UNNAMED,1896,3,43,18960922,600,,HU,26.9N,73.3W,85,,,,,,,,,,,,,
AL,UNNAMED,1896,3,43,18960922,1200,,HU,28.0N,74.0W,85,,,,,,,,,,,,,
AL,UNNAMED,1896,3,43,18960922,1800,,HU,29.2N,74.1W,85,,,,,,,,,,,,,
AL,UNNAMED,1896,3,43,18960923,0,,HU,30.4N,73.8W,85,,,,,,,,,,,,,
AL,UNNAMED,1896,3,43,18960923,600,,HU,31.7N,72.7W,85,,,,,,,,,,,,,
AL,UNNAMED,1896,3,43,18960923,1200,,HU,33.0N,71.0W,85,,,,,,,,,,,,,
AL,UNNAMED,1896,3,43,18960923,1800,,HU,34.4N,69.0W,85,,,,,,,,,,,,,
AL,UNNAMED,1896,3,43,18960924,0,,HU,36.0N,66.9W,85,,,,,,,,,,,,,
AL,UNNAMED,1896,3,43,18960924,600,,HU,37.5N,64.7W,85,,,,,,,,,,,,,
AL,UNNAMED,1896,3,43,18960924,1200,,HU,38.9N,62.7W,85,,,,,,,,,,,,,
AL,UNNAMED,1896,3,43,18960924,1800,,HU,40.2N,60.8W,85,,,,,,,,,,,,,
AL,UNNAMED,1896,3,43,18960925,0,,HU,41.3N,58.9W,85,,,,,,,,,,,,,
AL,UNNAMED,1896,3,43,18960925,600,,HU,42.5N,57.0W,85,,,,,,,,,,,,,
AL,UNNAMED,1896,3,43,18960925,1200,,HU,43.8N,55.0W,85,,,,,,,,,,,,,
AL,UNNAMED,1896,3,43,18960925,1800,,HU,45.2N,52.9W,85,,,,,,,,,,,,,
AL,UNNAMED,1896,3,43,18960926,0,,HU,46.7N,50.5W,85,,,,,,,,,,,,,
AL,UNNAMED,1896,3,43,18960926,600,,HU,48.2N,47.9W,85,,,,,,,,,,,,,
AL,UNNAMED,1896,3,43,18960926,1200,,HU,49.7N,45.0W,85,,,,,,,,,,,,,
AL,UNNAMED,1896,3,43,18960926,1800,,HU,51.2N,41.9W,85,,,,,,,,,,,,,
AL,UNNAMED,1896,3,43,18960927,0,,HU,52.8N,38.8W,85,,,,,,,,,,,,,
AL,UNNAMED,1896,3,43,18960927,600,,HU,54.3N,35.7W,80,,,,,,,,,,,,,
AL,UNNAMED,1896,3,43,18960927,1200,,HU,55.8N,32.5W,80,,,,,,,,,,,,,
AL,UNNAMED,1896,3,43,18960927,1800,,HU,57.1N,29.3W,75,,,,,,,,,,,,,
AL,UNNAMED,1896,3,43,18960928,0,,HU,58.2N,26.1W,70,,,,,,,,,,,,,
AL,UNNAMED,1896,3,43,18960928,600,,HU,59.2N,22.9W,70,,,,,,,,,,,,,
AL,UNNAMED,1896,3,43,18960928,1200,,HU,60.0N,19.7W,65,,,,,,,,,,,,,
AL,UNNAMED,1896,4,35,18960922,600,,TS,16.7N,61.8W,35,,,,,,,,,,,,,
AL,UNNAMED,1896,4,35,18960922,1200,,TS,16.7N,62.8W,35,,,,,,,,,,,,,
AL,UNNAMED,1896,4,35,18960922,1800,,TS,16.7N,63.8W,35,,,,,,,,,,,,,
AL,UNNAMED,1896,4,35,18960923,0,,TS,16.7N,64.7W,40,,,,,,,,,,,,,
AL,UNNAMED,1896,4,35,18960923,600,,TS,16.8N,65.6W,40,,,,,,,,,,,,,
AL,UNNAMED,1896,4,35,18960923,1200,,TS,16.8N,66.5W,45,,,,,,,,,,,,,
AL,UNNAMED,1896,4,35,18960923,1800,,TS,16.8N,67.3W,45,,,,,,,,,,,,,
AL,UNNAMED,1896,4,35,18960924,0,,TS,16.9N,68.0W,50,,,,,,,,,,,,,
AL,UNNAMED,1896,4,35,18960924,600,,TS,16.9N,68.7W,50,,,,,,,,,,,,,
AL,UNNAMED,1896,4,35,18960924,1200,,TS,17.0N,69.8W,55,,,,,,,,,,,,,
AL,UNNAMED,1896,4,35,18960924,1800,,TS,17.1N,71.1W,55,,,,,,,,,,,,,
AL,UNNAMED,1896,4,35,18960925,0,,TS,17.1N,72.4W,60,,,,,,,,,,,,,
AL,UNNAMED,1896,4,35,18960925,600,,TS,17.2N,73.6W,60,,,,,,,,,,,,,
AL,UNNAMED,1896,4,35,18960925,1200,,HU,17.3N,74.9W,65,,,,,,,,,,,,,
AL,UNNAMED,1896,4,35,18960925,1800,,HU,17.4N,76.2W,65,,,,,,,,,,,,,
AL,UNNAMED,1896,4,35,18960926,0,,HU,17.7N,77.4W,70,,,,,,,,,,,,,
AL,UNNAMED,1896,4,35,18960926,600,,HU,18.0N,78.7W,75,,,,,,,,,,,,,
AL,UNNAMED,1896,4,35,18960926,1200,,HU,18.5N,80.0W,80,,,,,,,,,,,,,
AL,UNNAMED,1896,4,35,18960926,1800,,HU,18.8N,80.9W,85,,,,,,,,,,,,,
AL,UNNAMED,1896,4,35,18960927,0,,HU,19.1N,81.9W,90,,,,,,,,,,,,,
AL,UNNAMED,1896,4,35,18960927,600,,HU,19.4N,82.8W,95,,,,,,,,,,,,,
AL,UNNAMED,1896,4,35,18960927,1200,,HU,19.7N,83.7W,100,,,,,,,,,,,,,
AL,UNNAMED,1896,4,35,18960927,1800,,HU,20.1N,84.2W,105,,,,,,,,,,,,,
AL,UNNAMED,1896,4,35,18960928,0,,HU,20.6N,84.9W,110,,,,,,,,,,,,,
AL,UNNAMED,1896,4,35,18960928,600,,HU,21.4N,85.3W,110,,,,,,,,,,,,,
AL,UNNAMED,1896,4,35,18960928,1200,,HU,22.3N,85.5W,110,,,,,,,,,,,,,
AL,UNNAMED,1896,4,35,18960928,1800,,HU,23.8N,85.3W,110,,,,,,,,,,,,,
AL,UNNAMED,1896,4,35,18960929,0,,HU,25.3N,85.1W,110,,,,,,,,,,,,,
AL,UNNAMED,1896,4,35,18960929,600,,HU,27.0N,84.2W,110,960,,,,,,,,,,,,
AL,UNNAMED,1896,4,35,18960929,1100,L,HU,29.2N,83.1W,110,960,,,,,,,,,,,,
AL,UNNAMED,1896,4,35,18960929,1200,,HU,29.6N,82.9W,100,963,,,,,,,,,,,,
AL,UNNAMED,1896,4,35,18960929,1800,,HU,32.2N,81.2W,85,973,,,,,,,,,,,,
AL,UNNAMED,1896,4,35,18960930,0,,HU,35.7N,79.2W,70,988,,,,,,,,,,,,
AL,UNNAMED,1896,4,35,18960930,600,,EX,39.5N,78.5W,60,987,,,,,,,,,,,,
AL,UNNAMED,1896,4,35,18960930,1200,,EX,42.0N,79.0W,50,,,,,,,,,,,,,
AL,UNNAMED,1896,5,40,18961007,0,,TS,22.5N,91.2W,35,,,,,,,,,,,,,
AL,UNNAMED,1896,5,40,18961007,600,,TS,23.0N,90.2W,40,,,,,,,,,,,,,
AL,UNNAMED,1896,5,40,18961007,1200,,TS,23.4N,89.2W,45,,,,,,,,,,,,,
AL,UNNAMED,1896,5,40,18961007,1800,,TS,23.6N,88.2W,50,,,,,,,,,,,,,
AL,UNNAMED,1896,5,40,18961008,0,,TS,23.9N,87.3W,50,,,,,,,,,,,,,
AL,UNNAMED,1896,5,40,18961008,600,,TS,24.2N,86.3W,50,,,,,,,,,,,,,
AL,UNNAMED,1896,5,40,18961008,1200,,TS,24.8N,85.2W,50,,,,,,,,,,,,,
AL,UNNAMED,1896,5,40,18961008,1800,,TS,25.5N,83.9W,50,,,,,,,,,,,,,
AL,UNNAMED,1896,5,40,18961009,0,,TS,26.2N,82.5W,50,,,,,,,,,,,,,
AL,UNNAMED,1896,5,40,18961009,200,L,TS,26.4N,82.0W,50,,,,,,,,,,,,,
AL,UNNAMED,1896,5,40,18961009,600,,TS,27.0N,81.1W,40,,,,,,,,,,,,,
AL,UNNAMED,1896,5,40,18961009,1200,,TS,27.8N,80.0W,35,,,,,,,,,,,,,
AL,UNNAMED,1896,5,40,18961009,1800,,TS,28.6N,79.1W,45,,,,,,,,,,,,,
AL,UNNAMED,1896,5,40,18961010,0,,TS,29.4N,78.2W,50,,,,,,,,,,,,,
AL,UNNAMED,1896,5,40,18961010,600,,TS,30.2N,77.4W,55,,,,,,,,,,,,,
AL,UNNAMED,1896,5,40,18961010,1200,,TS,31.0N,76.7W,60,,,,,,,,,,,,,
AL,UNNAMED,1896,5,40,18961010,1800,,HU,31.8N,76.0W,65,,,,,,,,,,,,,
AL,UNNAMED,1896,5,40,18961011,0,,HU,32.7N,75.3W,75,,,,,,,,,,,,,
AL,UNNAMED,1896,5,40,18961011,600,,HU,33.5N,74.7W,85,,,,,,,,,,,,,
AL,UNNAMED,1896,5,40,18961011,1200,,HU,34.3N,73.9W,85,,,,,,,,,,,,,
AL,UNNAMED,1896,5,40,18961011,1800,,HU,35.1N,73.1W,85,,,,,,,,,,,,,
AL,UNNAMED,1896,5,40,18961012,0,,HU,35.8N,72.3W,85,,,,,,,,,,,,,
AL,UNNAMED,1896,5,40,18961012,600,,HU,36.6N,71.4W,85,,,,,,,,,,,,,
AL,UNNAMED,1896,5,40,18961012,1200,,HU,37.3N,70.6W,85,,,,,,,,,,,,,
AL,UNNAMED,1896,5,40,18961012,1800,,HU,38.0N,69.8W,85,,,,,,,,,,,,,
AL,UNNAMED,1896,5,40,18961013,0,,HU,38.6N,68.9W,80,,,,,,,,,,,,,
AL,UNNAMED,1896,5,40,18961013,600,,HU,39.3N,68.0W,75,,,,,,,,,,,,,
AL,UNNAMED,1896,5,40,18961013,1200,,HU,40.0N,67.2W,70,,,,,,,,,,,,,
AL,UNNAMED,1896,5,40,18961013,1800,,HU,40.8N,66.4W,65,,,,,,,,,,,,,
AL,UNNAMED,1896,5,40,18961014,0,,EX,41.6N,65.7W,60,,,,,,,,,,,,,
AL,UNNAMED,1896,5,40,18961014,600,,EX,42.4N,64.9W,55,,,,,,,,,,,,,
AL,UNNAMED,1896,5,40,18961014,1200,,EX,43.2N,64.2W,50,,,,,,,,,,,,,
AL,UNNAMED,1896,5,40,18961014,1800,,EX,44.0N,63.5W,45,,,,,,,,,,,,,
AL,UNNAMED,1896,5,40,18961015,0,,EX,44.9N,62.9W,40,,,,,,,,,,,,,
AL,UNNAMED,1896,5,40,18961015,600,,EX,45.8N,62.2W,35,,,,,,,,,,,,,
AL,UNNAMED,1896,5,40,18961015,1200,,EX,46.7N,61.5W,35,,,,,,,,,,,,,
AL,UNNAMED,1896,5,40,18961015,1800,,EX,48.1N,60.0W,35,,,,,,,,,,,,,
AL,UNNAMED,1896,5,40,18961016,0,,EX,50.2N,57.0W,35,,,,,,,,,,,,,
AL,UNNAMED,1896,5,40,18961016,600,,EX,52.8N,52.8W,35,,,,,,,,,,,,,
AL,UNNAMED,1896,5,40,18961016,1200,,EX,55.7N,48.2W,35,,,,,,,,,,,,,
AL,UNNAMED,1896,6,59,18961026,600,,TS,8.7N,44.2W,35,,,,,,,,,,,,,
AL,UNNAMED,1896,6,59,18961026,1200,,TS,8.7N,45.0W,35,,,,,,,,,,,,,
AL,UNNAMED,1896,6,59,18961026,1800,,TS,8.8N,45.5W,40,,,,,,,,,,,,,
AL,UNNAMED,1896,6,59,18961027,0,,TS,8.9N,46.0W,40,,,,,,,,,,,,,
AL,UNNAMED,1896,6,59,18961027,600,,TS,9.0N,46.6W,45,,,,,,,,,,,,,
AL,UNNAMED,1896,6,59,18961027,1200,,TS,9.2N,47.4W,45,,,,,,,,,,,,,
AL,UNNAMED,1896,6,59,18961027,1800,,TS,9.5N,48.3W,50,,,,,,,,,,,,,
AL,UNNAMED,1896,6,59,18961028,0,,TS,9.8N,49.2W,55,,,,,,,,,,,,,
AL,UNNAMED,1896,6,59,18961028,600,,TS,10.1N,50.1W,60,,,,,,,,,,,,,
AL,UNNAMED,1896,6,59,18961028,1200,,HU,10.5N,51.0W,65,,,,,,,,,,,,,
AL,UNNAMED,1896,6,59,18961028,1800,,HU,10.9N,51.9W,65,,,,,,,,,,,,,
AL,UNNAMED,1896,6,59,18961029,0,,HU,11.4N,52.8W,70,,,,,,,,,,,,,
AL,UNNAMED,1896,6,59,18961029,600,,HU,12.0N,53.7W,75,,,,,,,,,,,,,
AL,UNNAMED,1896,6,59,18961029,1200,,HU,12.6N,54.6W,80,,,,,,,,,,,,,
AL,UNNAMED,1896,6,59,18961029,1800,,HU,13.4N,55.3W,85,,,,,,,,,,,,,
AL,UNNAMED,1896,6,59,18961030,0,,HU,14.2N,55.7W,85,,,,,,,,,,,,,
AL,UNNAMED,1896,6,59,18961030,600,,HU,15.1N,55.9W,85,,,,,,,,,,,,,
AL,UNNAMED,1896,6,59,18961030,1200,,HU,16.1N,56.0W,85,,,,,,,,,,,,,
AL,UNNAMED,1896,6,59,18961030,1800,,HU,17.2N,56.0W,85,,,,,,,,,,,,,
AL,UNNAMED,1896,6,59,18961031,0,,HU,18.3N,55.8W,85,,,,,,,,,,,,,
AL,UNNAMED,1896,6,59,18961031,600,,HU,19.4N,55.5W,85,,,,,,,,,,,,,
AL,UNNAMED,1896,6,59,18961031,1200,,HU,20.4N,55.0W,85,,,,,,,,,,,,,
AL,UNNAMED,1896,6,59,18961031,1800,,HU,21.4N,54.3W,85,,,,,,,,,,,,,
AL,UNNAMED,1896,6,59,18961101,0,,HU,22.3N,53.6W,85,,,,,,,,,,,,,
AL,UNNAMED,1896,6,59,18961101,600,,HU,23.1N,52.9W,85,,,,,,,,,,,,,
AL,UNNAMED,1896,6,59,18961101,1200,,HU,23.9N,52.3W,85,,,,,,,,,,,,,
AL,UNNAMED,1896,6,59,18961101,1800,,HU,24.7N,51.7W,85,,,,,,,,,,,,,
AL,UNNAMED,1896,6,59,18961102,0,,HU,25.4N,51.2W,85,,,,,,,,,,,,,
AL,UNNAMED,1896,6,59,18961102,600,,HU,26.1N,50.6W,85,,,,,,,,,,,,,
AL,UNNAMED,1896,6,59,18961102,1200,,HU,26.7N,50.0W,85,,,,,,,,,,,,,
AL,UNNAMED,1896,6,59,18961102,1800,,HU,27.3N,49.4W,85,,,,,,,,,,,,,
AL,UNNAMED,1896,6,59,18961103,0,,HU,27.9N,48.8W,85,,,,,,,,,,,,,
AL,UNNAMED,1896,6,59,18961103,600,,HU,28.5N,48.1W,85,,,,,,,,,,,,,
AL,UNNAMED,1896,6,59,18961103,1200,,HU,29.1N,47.5W,85,,,,,,,,,,,,,
AL,UNNAMED,1896,6,59,18961103,1800,,HU,29.7N,46.8W,85,,,,,,,,,,,,,
AL,UNNAMED,1896,6,59,18961104,0,,HU,30.3N,46.1W,85,,,,,,,,,,,,,
AL,UNNAMED,1896,6,59,18961104,600,,HU,30.9N,45.4W,85,,,,,,,,,,,,,
AL,UNNAMED,1896,6,59,18961104,1200,,HU,31.5N,44.6W,85,,,,,,,,,,,,,
AL,UNNAMED,1896,6,59,18961104,1800,,HU,32.3N,43.6W,85,,,,,,,,,,,,,
AL,UNNAMED,1896,6,59,18961105,0,,HU,33.3N,42.4W,85,,,,,,,,,,,,,
AL,UNNAMED,1896,6,59,18961105,600,,HU,34.5N,41.1W,85,,,,,,,,,,,,,
AL,UNNAMED,1896,6,59,18961105,1200,,HU,35.6N,40.3W,85,,,,,,,,,,,,,
AL,UNNAMED,1896,6,59,18961105,1800,,HU,37.0N,39.3W,85,,,,,,,,,,,,,
AL,UNNAMED,1896,6,59,18961106,0,,HU,38.4N,39.0W,85,,,,,,,,,,,,,
AL,UNNAMED,1896,6,59,18961106,600,,HU,39.8N,39.7W,85,,,,,,,,,,,,,
AL,UNNAMED,1896,6,59,18961106,1200,,HU,40.4N,41.0W,80,,,,,,,,,,,,,
AL,UNNAMED,1896,6,59,18961106,1800,,HU,40.4N,41.5W,80,,,,,,,,,,,,,
AL,UNNAMED,1896,6,59,18961107,0,,HU,40.1N,42.1W,80,,,,,,,,,,,,,
AL,UNNAMED,1896,6,59,18961107,600,,HU,39.6N,42.6W,75,,,,,,,,,,,,,
AL,UNNAMED,1896,6,59,18961107,1200,,HU,39.0N,43.0W,75,,,,,,,,,,,,,
AL,UNNAMED,1896,6,59,18961107,1800,,HU,38.5N,43.0W,75,,,,,,,,,,,,,
AL,UNNAMED,1896,6,59,18961108,0,,HU,37.9N,42.5W,70,,,,,,,,,,,,,
AL,UNNAMED,1896,6,59,18961108,600,,HU,37.4N,41.7W,70,,,,,,,,,,,,,
AL,UNNAMED,1896,6,59,18961108,1200,,HU,37.0N,40.7W,65,,,,,,,,,,,,,
AL,UNNAMED,1896,6,59,18961108,1800,,TS,36.6N,39.6W,60,,,,,,,,,,,,,
AL,UNNAMED,1896,6,59,18961109,0,,TS,36.4N,38.3W,55,,,,,,,,,,,,,
AL,UNNAMED,1896,6,59,18961109,600,,TS,36.2N,36.7W,50,,,,,,,,,,,,,
AL,UNNAMED,1896,6,59,18961109,1200,,TS,36.0N,35.0W,45,,,,,,,,,,,,,
AL,UNNAMED,1896,6,59,18961109,1800,,TS,36.0N,33.9W,35,,,,,,,,,,,,,
AL,UNNAMED,1896,7,12,18961127,0,,TS,10.9N,61.1W,35,,,,,,,,,,,,,
AL,UNNAMED,1896,7,12,18961127,600,,TS,11.2N,61.3W,35,,,,,,,,,,,,,
AL,UNNAMED,1896,7,12,18961127,1200,,TS,11.5N,61.5W,40,,,,,,,,,,,,,
AL,UNNAMED,1896,7,12,18961127,1800,,TS,12.0N,61.7W,40,,,,,,,,,,,,,
AL,UNNAMED,1896,7,12,18961128,0,,TS,12.7N,61.8W,45,,,,,,,,,,,,,
AL,UNNAMED,1896,7,12,18961128,600,,TS,13.4N,61.9W,45,,,,,,,,,,,,,
AL,UNNAMED,1896,7,12,18961128,1200,,TS,14.0N,62.0W,50,,,,,,,,,,,,,
AL,UNNAMED,1896,7,12,18961128,1800,,TS,14.9N,62.2W,50,,,,,,,,,,,,,
AL,UNNAMED,1896,7,12,18961129,0,,TS,16.0N,62.3W,50,,,,,,,,,,,,,
AL,UNNAMED,1896,7,12,18961129,600,,TS,17.0N,62.4W,50,,,,,,,,,,,,,
AL,UNNAMED,1896,7,12,18961129,1200,,TS,18.0N,62.5W,40,,,,,,,,,,,,,
AL,UNNAMED,1896,7,12,18961129,1800,,TS,19.6N,62.3W,35,,,,,,,,,,,,,
AL,UNNAMED,1897,1,43,18970831,600,,TS,14.0N,24.0W,35,,,,,,,,,,,,,
AL,UNNAMED,1897,1,43,18970831,1200,,TS,14.0N,25.0W,35,,,,,,,,,,,,,
AL,UNNAMED,1897,1,43,18970831,1800,,TS,14.1N,26.1W,35,,,,,,,,,,,,,
AL,UNNAMED,1897,1,43,18970901,0,,TS,14.2N,27.3W,35,,,,,,,,,,,,,
AL,UNNAMED,1897,1,43,18970901,600,,TS,14.3N,28.4W,40,,,,,,,,,,,,,
AL,UNNAMED,1897,1,43,18970901,1200,,TS,14.5N,29.5W,55,,,,,,,,,,,,,
AL,UNNAMED,1897,1,43,18970901,1800,,HU,14.7N,30.6W,65,,,,,,,,,,,,,
AL,UNNAMED,1897,1,43,18970902,0,,HU,15.0N,31.7W,70,,,,,,,,,,,,,
AL,UNNAMED,1897,1,43,18970902,600,,HU,15.3N,32.8W,75,,,,,,,,,,,,,
AL,UNNAMED,1897,1,43,18970902,1200,,HU,15.6N,33.9W,75,,,,,,,,,,,,,
AL,UNNAMED,1897,1,43,18970902,1800,,HU,16.0N,35.0W,80,,,,,,,,,,,,,
AL,UNNAMED,1897,1,43,18970903,0,,HU,16.4N,36.1W,80,,,,,,,,,,,,,
AL,UNNAMED,1897,1,43,18970903,600,,HU,16.9N,37.2W,85,,,,,,,,,,,,,
AL,UNNAMED,1897,1,43,18970903,1200,,HU,17.5N,38.3W,85,,,,,,,,,,,,,
AL,UNNAMED,1897,1,43,18970903,1800,,HU,18.1N,39.5W,85,,,,,,,,,,,,,
AL,UNNAMED,1897,1,43,18970904,0,,HU,18.8N,40.8W,85,,,,,,,,,,,,,
AL,UNNAMED,1897,1,43,18970904,600,,HU,19.5N,42.2W,85,,,,,,,,,,,,,
AL,UNNAMED,1897,1,43,18970904,1200,,HU,20.3N,43.5W,85,,,,,,,,,,,,,
AL,UNNAMED,1897,1,43,18970904,1800,,HU,21.1N,44.8W,85,,,,,,,,,,,,,
AL,UNNAMED,1897,1,43,18970905,0,,HU,22.0N,46.2W,85,,,,,,,,,,,,,
AL,UNNAMED,1897,1,43,18970905,600,,HU,22.9N,47.5W,85,,,,,,,,,,,,,
AL,UNNAMED,1897,1,43,18970905,1200,,HU,23.9N,48.8W,85,,,,,,,,,,,,,
AL,UNNAMED,1897,1,43,18970905,1800,,HU,25.0N,49.8W,85,,,,,,,,,,,,,
AL,UNNAMED,1897,1,43,18970906,0,,HU,26.2N,50.2W,85,,,,,,,,,,,,,
AL,UNNAMED,1897,1,43,18970906,600,,HU,27.5N,50.2W,85,,,,,,,,,,,,,
AL,UNNAMED,1897,1,43,18970906,1200,,HU,28.6N,49.9W,85,,,,,,,,,,,,,
AL,UNNAMED,1897,1,43,18970906,1800,,HU,29.6N,49.4W,85,,,,,,,,,,,,,
AL,UNNAMED,1897,1,43,18970907,0,,HU,30.4N,48.7W,85,,,,,,,,,,,,,
AL,UNNAMED,1897,1,43,18970907,600,,HU,31.3N,48.0W,85,,,,,,,,,,,,,
AL,UNNAMED,1897,1,43,18970907,1200,,HU,32.2N,47.2W,85,,,,,,,,,,,,,
AL,UNNAMED,1897,1,43,18970907,1800,,HU,33.2N,46.4W,85,,,,,,,,,,,,,
AL,UNNAMED,1897,1,43,18970908,0,,HU,34.4N,45.5W,85,,,,,,,,,,,,,
AL,UNNAMED,1897,1,43,18970908,600,,HU,35.6N,44.3W,85,,,,,,,,,,,,,
AL,UNNAMED,1897,1,43,18970908,1200,,HU,37.0N,42.5W,85,,,,,,,,,,,,,
AL,UNNAMED,1897,1,43,18970908,1800,,HU,38.7N,40.2W,85,,,,,,,,,,,,,
AL,UNNAMED,1897,1,43,18970909,0,,HU,40.8N,37.3W,85,,,,,,,,,,,,,
AL,UNNAMED,1897,1,43,18970909,600,,HU,43.0N,34.5W,80,,,,,,,,,,,,,
AL,UNNAMED,1897,1,43,18970909,1200,,HU,44.8N,31.9W,80,,,,,,,,,,,,,
AL,UNNAMED,1897,1,43,18970909,1800,,HU,46.3N,29.4W,75,,,,,,,,,,,,,
AL,UNNAMED,1897,1,43,18970910,0,,EX,47.7N,26.9W,65,,,,,,,,,,,,,
AL,UNNAMED,1897,1,43,18970910,600,,EX,48.9N,24.4W,55,,,,,,,,,,,,,
AL,UNNAMED,1897,1,43,18970910,1200,,EX,49.9N,21.9W,50,,,,,,,,,,,,,
AL,UNNAMED,1897,1,43,18970910,1800,,EX,51.1N,19.4W,50,,,,,,,,,,,,,
AL,UNNAMED,1897,2,16,18970910,600,,TS,23.7N,80.0W,50,,,,,,,,,,,,,
AL,UNNAMED,1897,2,16,18970910,1200,,TS,24.0N,81.0W,55,,,,,,,,,,,,,
AL,UNNAMED,1897,2,16,18970910,1800,L,TS,24.4N,81.9W,60,,,,,,,,,,,,,
AL,UNNAMED,1897,2,16,18970911,0,,HU,24.8N,82.9W,65,,,,,,,,,,,,,
AL,UNNAMED,1897,2,16,18970911,600,,HU,25.4N,83.6W,75,,,,,,,,,,,,,
AL,UNNAMED,1897,2,16,18970911,1200,,HU,26.0N,84.6W,75,,,,,,,,,,,,,
AL,UNNAMED,1897,2,16,18970911,1800,,HU,26.6N,85.6W,75,,,,,,,,,,,,,
AL,UNNAMED,1897,2,16,18970912,0,,HU,27.2N,86.8W,75,,,,,,,,,,,,,
AL,UNNAMED,1897,2,16,18970912,600,,HU,27.8N,87.9W,75,,,,,,,,,,,,,
AL,UNNAMED,1897,2,16,18970912,1200,,HU,28.3N,89.2W,75,,,,,,,,,,,,,
AL,UNNAMED,1897,2,16,18970912,1800,,HU,28.8N,90.5W,75,,,,,,,,,,,,,
AL,UNNAMED,1897,2,16,18970913,0,,HU,29.3N,92.2W,75,,,,,,,,,,,,,
AL,UNNAMED,1897,2,16,18970913,500,L,HU,29.7N,93.8W,75,,,,,,,,,,,,,
AL,UNNAMED,1897,2,16,18970913,600,,HU,29.8N,94.1W,75,,,,,,,,,,,,,
AL,UNNAMED,1897,2,16,18970913,1200,,TS,30.3N,95.7W,50,,,,,,,,,,,,,
AL,UNNAMED,1897,2,16,18970913,1800,,TS,31.2N,97.5W,40,,,,,,,,,,,,,
AL,UNNAMED,1897,3,25,18970920,1200,,TS,24.3N,83.8W,40,,,,,,,,,,,,,
AL,UNNAMED,1897,3,25,18970920,1800,,TS,25.3N,83.1W,50,,,,,,,,,,,,,
AL,UNNAMED,1897,3,25,18970921,0,,TS,26.3N,82.5W,60,,,,,,,,,,,,,
AL,UNNAMED,1897,3,25,18970921,200,L,TS,26.7N,82.3W,60,,,,,,,,,,,,,
AL,UNNAMED,1897,3,25,18970921,600,,TS,27.3N,81.9W,50,,,,,,,,,,,,,
AL,UNNAMED,1897,3,25,18970921,1200,,TS,28.3N,81.4W,45,,,,,,,,,,,,,
AL,UNNAMED,1897,3,25,18970921,1800,,TS,29.3N,80.7W,40,,,,,,,,,,,,,
AL,UNNAMED,1897,3,25,18970922,0,,TS,30.3N,79.9W,45,,,,,,,,,,,,,
AL,UNNAMED,1897,3,25,18970922,600,,TS,31.4N,79.0W,50,,,,,,,,,,,,,
AL,UNNAMED,1897,3,25,18970922,1200,,TS,32.4N,78.3W,55,,,,,,,,,,,,,
AL,UNNAMED,1897,3,25,18970922,1800,,TS,33.3N,77.6W,60,,,,,,,,,,,,,
AL,UNNAMED,1897,3,25,18970923,0,,TS,34.1N,76.9W,60,,,,,,,,,,,,,
AL,UNNAMED,1897,3,25,18970923,600,,TS,34.8N,76.2W,60,,,,,,,,,,,,,
AL,UNNAMED,1897,3,25,18970923,1000,L,TS,35.2N,75.7W,60,,,,,,,,,,,,,
AL,UNNAMED,1897,3,25,18970923,1200,,TS,35.5N,75.3W,60,,,,,,,,,,,,,
AL,UNNAMED,1897,3,25,18970923,1800,,TS,36.6N,74.6W,60,,,,,,,,,,,,,
AL,UNNAMED,1897,3,25,18970924,0,,TS,38.3N,74.1W,60,,,,,,,,,,,,,
AL,UNNAMED,1897,3,25,18970924,600,,TS,39.7N,73.6W,55,,,,,,,,,,,,,
AL,UNNAMED,1897,3,25,18970924,1100,L,TS,40.8N,72.7W,55,,,,,,,,,,,,,
AL,UNNAMED,1897,3,25,18970924,1200,,TS,41.0N,72.5W,45,,,,,,,,,,,,,
AL,UNNAMED,1897,3,25,18970924,1300,L,TS,41.3N,72.2W,45,,,,,,,,,,,,,
AL,UNNAMED,1897,3,25,18970924,1800,,TS,43.3N,70.6W,35,,,,,,,,,,,,,
AL,UNNAMED,1897,3,25,18970925,0,,TD,45.9N,66.7W,30,,,,,,,,,,,,,
AL,UNNAMED,1897,3,25,18970925,600,,TD,49.0N,61.2W,30,,,,,,,,,,,,,
AL,UNNAMED,1897,3,25,18970925,1200,,TD,52.5N,55.0W,25,,,,,,,,,,,,,
AL,UNNAMED,1897,4,20,18970925,0,,TS,19.6N,82.9W,35,,,,,,,,,,,,,
AL,UNNAMED,1897,4,20,18970925,600,,TS,19.8N,83.2W,35,,,,,,,,,,,,,
AL,UNNAMED,1897,4,20,18970925,1200,,TS,20.0N,83.5W,35,,,,,,,,,,,,,
AL,UNNAMED,1897,4,20,18970925,1800,,TS,20.3N,83.8W,35,,,,,,,,,,,,,
AL,UNNAMED,1897,4,20,18970926,0,,TS,20.5N,84.0W,35,,,,,,,,,,,,,
AL,UNNAMED,1897,4,20,18970926,600,,TS,20.7N,84.2W,35,,,,,,,,,,,,,
AL,UNNAMED,1897,4,20,18970926,1200,,TS,21.0N,84.5W,35,,,,,,,,,,,,,
AL,UNNAMED,1897,4,20,18970926,1800,,TS,21.4N,84.8W,35,,,,,,,,,,,,,
AL,UNNAMED,1897,4,20,18970927,0,,TS,21.9N,85.1W,35,,,,,,,,,,,,,
AL,UNNAMED,1897,4,20,18970927,600,,TS,22.4N,85.3W,35,,,,,,,,,,,,,
AL,UNNAMED,1897,4,20,18970927,1200,,TS,23.0N,85.5W,40,,,,,,,,,,,,,
AL,UNNAMED,1897,4,20,18970927,1800,,TS,23.8N,85.6W,40,,,,,,,,,,,,,
AL,UNNAMED,1897,4,20,18970928,0,,TS,24.7N,85.7W,40,,,,,,,,,,,,,
AL,UNNAMED,1897,4,20,18970928,600,,TS,25.4N,85.6W,40,,,,,,,,,,,,,
AL,UNNAMED,1897,4,20,18970928,1200,,TS,25.9N,85.5W,40,,,,,,,,,,,,,
AL,UNNAMED,1897,4,20,18970928,1800,,TS,26.3N,85.4W,40,,,,,,,,,,,,,
AL,UNNAMED,1897,4,20,18970929,0,,TS,26.6N,85.2W,40,,,,,,,,,,,,,
AL,UNNAMED,1897,4,20,18970929,600,,TS,26.8N,84.9W,40,,,,,,,,,,,,,
AL,UNNAMED,1897,4,20,18970929,1200,,TS,27.0N,84.5W,40,,,,,,,,,,,,,
AL,UNNAMED,1897,4,20,18970929,1800,,TS,27.2N,83.8W,35,,,,,,,,,,,,,
AL,UNNAMED,1897,5,54,18971009,1800,,TS,12.4N,61.7W,40,,,,,,,,,,,,,
AL,UNNAMED,1897,5,54,18971010,0,,TS,12.5N,62.6W,40,,,,,,,,,,,,,
AL,UNNAMED,1897,5,54,18971010,600,,TS,12.7N,63.8W,40,,,,,,,,,,,,,
AL,UNNAMED,1897,5,54,18971010,1200,,TS,13.0N,64.9W,40,,,,,,,,,,,,,
AL,UNNAMED,1897,5,54,18971010,1800,,TS,13.2N,66.1W,40,,,,,,,,,,,,,
AL,UNNAMED,1897,5,54,18971011,0,,TS,13.4N,67.2W,40,,,,,,,,,,,,,
AL,UNNAMED,1897,5,54,18971011,600,,TS,13.6N,68.4W,40,,,,,,,,,,,,,
AL,UNNAMED,1897,5,54,18971011,1200,,TS,13.8N,69.6W,40,,,,,,,,,,,,,
AL,UNNAMED,1897,5,54,18971011,1800,,TS,14.0N,70.8W,40,,,,,,,,,,,,,
AL,UNNAMED,1897,5,54,18971012,0,,TS,14.1N,72.0W,40,,,,,,,,,,,,,
AL,UNNAMED,1897,5,54,18971012,600,,TS,14.2N,73.3W,40,,,,,,,,,,,,,
AL,UNNAMED,1897,5,54,18971012,1200,,TS,14.4N,74.5W,40,,,,,,,,,,,,,
AL,UNNAMED,1897,5,54,18971012,1800,,TS,14.6N,75.8W,40,,,,,,,,,,,,,
AL,UNNAMED,1897,5,54,18971013,0,,TS,14.8N,77.1W,40,,,,,,,,,,,,,
AL,UNNAMED,1897,5,54,18971013,600,,TS,15.1N,78.4W,40,,,,,,,,,,,,,
AL,UNNAMED,1897,5,54,18971013,1200,,TS,15.5N,79.6W,40,,,,,,,,,,,,,
AL,UNNAMED,1897,5,54,18971013,1800,,TS,16.0N,80.7W,40,,,,,,,,,,,,,
AL,UNNAMED,1897,5,54,18971014,0,,TS,16.3N,81.1W,40,,,,,,,,,,,,,
AL,UNNAMED,1897,5,54,18971014,600,,TS,16.7N,81.6W,40,,,,,,,,,,,,,
AL,UNNAMED,1897,5,54,18971014,1200,,TS,17.0N,82.0W,40,,,,,,,,,,,,,
AL,UNNAMED,1897,5,54,18971014,1800,,TS,17.3N,82.3W,40,,,,,,,,,,,,,
AL,UNNAMED,1897,5,54,18971015,0,,TS,17.6N,82.6W,40,,,,,,,,,,,,,
AL,UNNAMED,1897,5,54,18971015,600,,TS,17.8N,82.8W,40,,,,,,,,,,,,,
AL,UNNAMED,1897,5,54,18971015,1200,,TS,18.0N,83.0W,40,,,,,,,,,,,,,
AL,UNNAMED,1897,5,54,18971015,1800,,TS,18.3N,83.1W,40,,,,,,,,,,,,,
AL,UNNAMED,1897,5,54,18971016,0,,TS,18.4N,83.1W,40,,,,,,,,,,,,,
AL,UNNAMED,1897,5,54,18971016,600,,TS,18.5N,83.1W,40,,,,,,,,,,,,,
AL,UNNAMED,1897,5,54,18971016,1200,,TS,18.7N,83.0W,40,,,,,,,,,,,,,
AL,UNNAMED,1897,5,54,18971016,1800,,TS,19.0N,82.8W,40,,,,,,,,,,,,,
AL,UNNAMED,1897,5,54,18971017,0,,TS,19.2N,82.5W,40,,,,,,,,,,,,,
AL,UNNAMED,1897,5,54,18971017,600,,TS,19.4N,82.3W,45,,,,,,,,,,,,,
AL,UNNAMED,1897,5,54,18971017,1200,,TS,19.7N,82.0W,50,,,,,,,,,,,,,
AL,UNNAMED,1897,5,54,18971017,1800,,TS,19.9N,81.6W,55,,,,,,,,,,,,,
AL,UNNAMED,1897,5,54,18971018,0,,TS,20.1N,81.1W,60,,,,,,,,,,,,,
AL,UNNAMED,1897,5,54,18971018,600,,HU,20.3N,80.8W,65,,,,,,,,,,,,,
AL,UNNAMED,1897,5,54,18971018,1200,,HU,20.6N,80.3W,70,,,,,,,,,,,,,
AL,UNNAMED,1897,5,54,18971018,1800,,HU,21.2N,79.6W,70,,,,,,,,,,,,,
AL,UNNAMED,1897,5,54,18971019,0,,HU,21.8N,78.9W,70,,,,,,,,,,,,,
AL,UNNAMED,1897,5,54,18971019,600,,TS,22.5N,78.2W,60,,,,,,,,,,,,,
AL,UNNAMED,1897,5,54,18971019,1200,,TS,23.3N,77.7W,55,,,,,,,,,,,,,
AL,UNNAMED,1897,5,54,18971019,1800,,TS,25.3N,77.2W,55,,,,,,,,,,,,,
AL,UNNAMED,1897,5,54,18971020,0,,TS,27.5N,76.7W,55,,,,,,,,,,,,,
AL,UNNAMED,1897,5,54,18971020,600,,TS,29.8N,76.5W,55,,,,,,,,,,,,,
AL,UNNAMED,1897,5,54,18971020,1200,,TS,32.2N,76.3W,55,,,,,,,,,,,,,
AL,UNNAMED,1897,5,54,18971020,1800,,TS,34.6N,75.8W,55,,,,,,,,,,,,,
AL,UNNAMED,1897,5,54,18971020,2000,L,TS,35.2N,75.5W,55,,,,,,,,,,,,,
AL,UNNAMED,1897,5,54,18971021,0,,TS,37.2N,74.4W,50,,,,,,,,,,,,,
AL,UNNAMED,1897,5,54,18971021,600,,TS,38.8N,71.9W,45,,,,,,,,,,,,,
AL,UNNAMED,1897,5,54,18971021,1200,,EX,39.7N,69.0W,40,,,,,,,,,,,,,
AL,UNNAMED,1897,5,54,18971021,1800,,EX,40.1N,66.3W,40,,,,,,,,,,,,,
AL,UNNAMED,1897,5,54,18971022,0,,EX,39.9N,64.0W,40,,,,,,,,,,,,,
AL,UNNAMED,1897,5,54,18971022,600,,EX,39.8N,61.9W,40,,,,,,,,,,,,,
AL,UNNAMED,1897,5,54,18971022,1200,,EX,40.0N,59.5W,40,,,,,,,,,,,,,
AL,UNNAMED,1897,5,54,18971022,1800,,EX,40.1N,57.4W,40,,,,,,,,,,,,,
AL,UNNAMED,1897,6,36,18971023,600,,TS,24.5N,77.3W,50,,,,,,,,,,,,,
AL,UNNAMED,1897,6,36,18971023,1200,,TS,25.8N,76.9W,50,,,,,,,,,,,,,
AL,UNNAMED,1897,6,36,18971023,1800,,TS,27.5N,76.1W,50,,,,,,,,,,,,,
AL,UNNAMED,1897,6,36,18971024,0,,TS,29.1N,75.5W,50,,,,,,,,,,,,,
AL,UNNAMED,1897,6,36,18971024,600,,TS,30.6N,75.0W,50,,,,,,,,,,,,,
AL,UNNAMED,1897,6,36,18971024,1200,,TS,32.1N,74.5W,50,,,,,,,,,,,,,
AL,UNNAMED,1897,6,36,18971024,1800,,TS,33.5N,74.0W,50,,,,,,,,,,,,,
AL,UNNAMED,1897,6,36,18971025,0,,TS,34.7N,73.5W,50,,,,,,,,,,,,,
AL,UNNAMED,1897,6,36,18971025,600,,TS,35.9N,73.2W,55,,,,,,,,,,,,,
AL,UNNAMED,1897,6,36,18971025,1200,,TS,37.0N,74.1W,55,,,,,,,,,,,,,
AL,UNNAMED,1897,6,36,18971025,1800,,TS,36.7N,75.3W,55,,,,,,,,,,,,,
AL,UNNAMED,1897,6,36,18971025,2300,L,TS,36.1N,75.8W,55,,,,,,,,,,,,,
AL,UNNAMED,1897,6,36,18971026,0,,TS,35.9N,75.8W,50,,,,,,,,,,,,,
AL,UNNAMED,1897,6,36,18971026,600,,TS,35.0N,75.4W,45,,,,,,,,,,,,,
AL,UNNAMED,1897,6,36,18971026,1200,,TS,34.7N,75.1W,40,,,,,,,,,,,,,
AL,UNNAMED,1897,6,36,18971026,1800,,TS,34.5N,74.8W,40,,,,,,,,,,,,,
AL,UNNAMED,1897,6,36,18971027,0,,TS,34.3N,74.4W,45,,,,,,,,,,,,,
AL,UNNAMED,1897,6,36,18971027,600,,TS,34.0N,73.8W,50,,,,,,,,,,,,,
AL,UNNAMED,1897,6,36,18971027,1200,,TS,33.8N,73.0W,50,,,,,,,,,,,,,
AL,UNNAMED,1897,6,36,18971027,1800,,TS,33.7N,72.1W,50,,,,,,,,,,,,,
AL,UNNAMED,1897,6,36,18971028,0,,TS,33.6N,71.2W,50,,,,,,,,,,,,,
AL,UNNAMED,1897,6,36,18971028,600,,TS,33.6N,70.2W,50,,,,,,,,,,,,,
AL,UNNAMED,1897,6,36,18971028,1200,,TS,33.6N,69.2W,50,,,,,,,,,,,,,
AL,UNNAMED,1897,6,36,18971028,1800,,TS,34.0N,68.1W,50,,,,,,,,,,,,,
AL,UNNAMED,1897,6,36,18971029,0,,TS,34.8N,66.8W,50,,,,,,,,,,,,,
AL,UNNAMED,1897,6,36,18971029,600,,TS,35.5N,65.7W,50,,,,,,,,,,,,,
AL,UNNAMED,1897,6,36,18971029,1200,,EX,36.5N,64.7W,50,,,,,,,,,,,,,
AL,UNNAMED,1897,6,36,18971029,1800,,EX,37.2N,63.9W,50,,,,,,,,,,,,,
AL,UNNAMED,1897,6,36,18971030,0,,EX,37.8N,63.3W,50,,,,,,,,,,,,,
AL,UNNAMED,1897,6,36,18971030,600,,EX,38.5N,62.7W,50,,,,,,,,,,,,,
AL,UNNAMED,1897,6,36,18971030,1200,,EX,39.2N,62.0W,50,,,,,,,,,,,,,
AL,UNNAMED,1897,6,36,18971030,1800,,EX,40.0N,61.3W,50,,,,,,,,,,,,,
AL,UNNAMED,1897,6,36,18971031,0,,EX,40.9N,60.6W,50,,,,,,,,,,,,,
AL,UNNAMED,1897,6,36,18971031,600,,EX,41.8N,59.8W,50,,,,,,,,,,,,,
AL,UNNAMED,1897,6,36,18971031,1200,,EX,42.6N,59.0W,50,,,,,,,,,,,,,
AL,UNNAMED,1897,6,36,18971031,1800,,EX,43.6N,57.8W,50,,,,,,,,,,,,,
AL,UNNAMED,1898,1,10,18980802,0,,TS,26.8N,79.2W,35,,,,,,,,,,,,,
AL,UNNAMED,1898,1,10,18980802,300,L,TS,27.1N,80.1W,35,,,,,,,,,,,,,
AL,UNNAMED,1898,1,10,18980802,600,,TD,27.4N,81.0W,30,,,,,,,,,,,,,
AL,UNNAMED,1898,1,10,18980802,1200,,TS,28.0N,82.6W,35,,,,,,,,,,,,,
AL,UNNAMED,1898,1,10,18980802,1800,,TS,28.9N,83.8W,55,,,,,,,,,,,,,
AL,UNNAMED,1898,1,10,18980802,2300,L,HU,29.7N,84.8W,70,,,,,,,,,,,,,
AL,UNNAMED,1898,1,10,18980803,0,,HU,29.8N,84.9W,70,,,,,,,,,,,,,
AL,UNNAMED,1898,1,10,18980803,600,,TS,30.6N,86.1W,50,,,,,,,,,,,,,
AL,UNNAMED,1898,1,10,18980803,1200,,TS,31.5N,87.2W,35,,,,,,,,,,,,,
AL,UNNAMED,1898,1,10,18980803,1800,,TD,32.0N,88.2W,25,,,,,,,,,,,,,
AL,UNNAMED,1898,2,12,18980830,600,,TS,29.3N,79.1W,35,,,,,,,,,,,,,
AL,UNNAMED,1898,2,12,18980830,1200,,HU,30.1N,79.4W,65,,,,,,,,,,,,,
AL,UNNAMED,1898,2,12,18980830,1800,,HU,30.9N,79.8W,75,,,,,,,,,,,,,
AL,UNNAMED,1898,2,12,18980831,0,,HU,31.5N,80.2W,75,,,,,,,,,,,,,
AL,UNNAMED,1898,2,12,18980831,600,,HU,32.0N,80.7W,75,,,,,,,,,,,,,
AL,UNNAMED,1898,2,12,18980831,700,L,HU,32.1N,80.8W,75,,,,,,,,,,,,,
AL,UNNAMED,1898,2,12,18980831,1200,,TS,32.4N,81.4W,60,,,,,,,,,,,,,
AL,UNNAMED,1898,2,12,18980831,1800,,TS,32.6N,82.2W,50,,,,,,,,,,,,,
AL,UNNAMED,1898,2,12,18980901,0,,TS,32.6N,83.1W,45,,,,,,,,,,,,,
AL,UNNAMED,1898,2,12,18980901,600,,TS,32.7N,84.1W,40,,,,,,,,,,,,,
AL,UNNAMED,1898,2,12,18980901,1200,,TS,32.8N,85.3W,35,,,,,,,,,,,,,
AL,UNNAMED,1898,2,12,18980901,1800,,TD,33.1N,86.6W,30,,,,,,,,,,,,,
AL,UNNAMED,1898,3,12,18980903,600,,HU,40.8N,42.1W,70,,,,,,,,,,,,,
AL,UNNAMED,1898,3,12,18980903,1200,,HU,42.0N,41.0W,70,,,,,,,,,,,,,
AL,UNNAMED,1898,3,12,18980903,1800,,HU,42.9N,39.8W,70,,,,,,,,,,,,,
AL,UNNAMED,1898,3,12,18980904,0,,HU,43.9N,38.3W,70,,,,,,,,,,,,,
AL,UNNAMED,1898,3,12,18980904,600,,HU,44.9N,36.9W,70,,,,,,,,,,,,,
AL,UNNAMED,1898,3,12,18980904,1200,,HU,46.0N,35.5W,70,,,,,,,,,,,,,
AL,UNNAMED,1898,3,12,18980904,1800,,HU,46.8N,34.3W,70,,,,,,,,,,,,,
AL,UNNAMED,1898,3,12,18980905,0,,HU,47.7N,32.8W,70,,,,,,,,,,,,,
AL,UNNAMED,1898,3,12,18980905,600,,HU,48.6N,31.4W,70,,,,,,,,,,,,,
AL,UNNAMED,1898,3,12,18980905,1200,,EX,49.5N,30.0W,60,,,,,,,,,,,,,
AL,UNNAMED,1898,3,12,18980905,1800,,EX,50.7N,28.0W,50,,,,,,,,,,,,,
AL,UNNAMED,1898,3,12,18980906,0,,EX,52.0N,25.3W,45,,,,,,,,,,,,,
AL,UNNAMED,1898,4,61,18980905,1200,,TS,11.2N,26.9W,35,,,,,,,,,,,,,
AL,UNNAMED,1898,4,61,18980905,1800,,TS,11.4N,29.0W,35,,,,,,,,,,,,,
AL,UNNAMED,1898,4,61,18980906,0,,TS,11.5N,31.0W,40,,,,,,,,,,,,,
AL,UNNAMED,1898,4,61,18980906,600,,TS,11.6N,32.8W,45,,,,,,,,,,,,,
AL,UNNAMED,1898,4,61,18980906,1200,,TS,11.7N,34.4W,55,,,,,,,,,,,,,
AL,UNNAMED,1898,4,61,18980906,1800,,HU,11.7N,35.8W,65,,,,,,,,,,,,,
AL,UNNAMED,1898,4,61,18980907,0,,HU,11.7N,37.2W,70,,,,,,,,,,,,,
AL,UNNAMED,1898,4,61,18980907,600,,HU,11.8N,38.5W,75,,,,,,,,,,,,,
AL,UNNAMED,1898,4,61,18980907,1200,,HU,11.9N,39.9W,80,,,,,,,,,,,,,
AL,UNNAMED,1898,4,61,18980907,1800,,HU,11.9N,41.4W,80,,,,,,,,,,,,,
AL,UNNAMED,1898,4,61,18980908,0,,HU,12.0N,43.0W,85,,,,,,,,,,,,,
AL,UNNAMED,1898,4,61,18980908,600,,HU,12.0N,44.6W,85,,,,,,,,,,,,,
AL,UNNAMED,1898,4,61,18980908,1200,,HU,12.0N,46.2W,85,,,,,,,,,,,,,
AL,UNNAMED,1898,4,61,18980908,1800,,HU,12.0N,47.7W,85,,,,,,,,,,,,,
AL,UNNAMED,1898,4,61,18980909,0,,HU,12.0N,49.1W,85,,,,,,,,,,,,,
AL,UNNAMED,1898,4,61,18980909,600,,HU,12.0N,50.3W,85,,,,,,,,,,,,,
AL,UNNAMED,1898,4,61,18980909,1200,,HU,12.0N,51.5W,85,,,,,,,,,,,,,
AL,UNNAMED,1898,4,61,18980909,1800,,HU,12.0N,52.6W,85,,,,,,,,,,,,,
AL,UNNAMED,1898,4,61,18980910,0,,HU,12.1N,54.1W,85,,,,,,,,,,,,,
AL,UNNAMED,1898,4,61,18980910,600,,HU,12.2N,55.6W,85,,,,,,,,,,,,,
AL,UNNAMED,1898,4,61,18980910,1200,,HU,12.3N,57.0W,85,,,,,,,,,,,,,
AL,UNNAMED,1898,4,61,18980910,1800,,HU,12.3N,58.0W,90,,,,,,,,,,,,,
AL,UNNAMED,1898,4,61,18980911,0,,HU,12.5N,58.9W,95,,,,,,,,,,,,,
AL,UNNAMED,1898,4,61,18980911,600,,HU,12.7N,59.8W,95,,,,,,,,,,,,,
AL,UNNAMED,1898,4,61,18980911,1200,,HU,13.0N,60.7W,95,,,,,,,,,,,,,
AL,UNNAMED,1898,4,61,18980911,1800,,HU,13.6N,61.5W,95,965,,,,,,,,,,,,
AL,UNNAMED,1898,4,61,18980912,0,,HU,14.5N,62.2W,95,,,,,,,,,,,,,
AL,UNNAMED,1898,4,61,18980912,600,,HU,15.7N,62.8W,95,,,,,,,,,,,,,
AL,UNNAMED,1898,4,61,18980912,1200,,HU,17.0N,63.3W,95,,,,,,,,,,,,,
AL,UNNAMED,1898,4,61,18980912,1800,,HU,18.3N,63.5W,95,,,,,,,,,,,,,
AL,UNNAMED,1898,4,61,18980913,0,,HU,19.7N,63.6W,95,,,,,,,,,,,,,
AL,UNNAMED,1898,4,61,18980913,600,,HU,20.4N,63.7W,95,,,,,,,,,,,,,
AL,UNNAMED,1898,4,61,18980913,1200,,HU,21.0N,63.9W,95,,,,,,,,,,,,,
AL,UNNAMED,1898,4,61,18980913,1800,,HU,21.7N,64.0W,95,,,,,,,,,,,,,
AL,UNNAMED,1898,4,61,18980914,0,,HU,22.3N,64.2W,90,,,,,,,,,,,,,
AL,UNNAMED,1898,4,61,18980914,600,,HU,22.9N,64.4W,85,,,,,,,,,,,,,
AL,UNNAMED,1898,4,61,18980914,1200,,HU,23.6N,64.8W,85,,,,,,,,,,,,,
AL,UNNAMED,1898,4,61,18980914,1800,,HU,23.9N,64.9W,85,,,,,,,,,,,,,
AL,UNNAMED,1898,4,61,18980915,0,,HU,24.3N,65.2W,85,,,,,,,,,,,,,
AL,UNNAMED,1898,4,61,18980915,600,,HU,24.7N,65.5W,85,,,,,,,,,,,,,
AL,UNNAMED,1898,4,61,18980915,1200,,HU,25.0N,65.8W,85,,,,,,,,,,,,,
AL,UNNAMED,1898,4,61,18980915,1800,,HU,25.4N,66.2W,85,,,,,,,,,,,,,
AL,UNNAMED,1898,4,61,18980916,0,,HU,25.8N,66.6W,85,,,,,,,,,,,,,
AL,UNNAMED,1898,4,61,18980916,600,,HU,26.2N,67.1W,85,,,,,,,,,,,,,
AL,UNNAMED,1898,4,61,18980916,1200,,HU,26.6N,67.5W,85,,,,,,,,,,,,,
AL,UNNAMED,1898,4,61,18980916,1800,,HU,27.2N,67.9W,85,,,,,,,,,,,,,
AL,UNNAMED,1898,4,61,18980917,0,,HU,28.1N,68.5W,85,,,,,,,,,,,,,
AL,UNNAMED,1898,4,61,18980917,600,,HU,29.0N,69.0W,85,,,,,,,,,,,,,
AL,UNNAMED,1898,4,61,18980917,1200,,HU,30.0N,69.3W,85,,,,,,,,,,,,,
AL,UNNAMED,1898,4,61,18980917,1800,,HU,30.9N,69.1W,85,,,,,,,,,,,,,
AL,UNNAMED,1898,4,61,18980918,0,,HU,31.9N,68.7W,85,,,,,,,,,,,,,
AL,UNNAMED,1898,4,61,18980918,600,,HU,33.0N,68.0W,85,,,,,,,,,,,,,
AL,UNNAMED,1898,4,61,18980918,1200,,HU,34.0N,67.2W,85,,,,,,,,,,,,,
AL,UNNAMED,1898,4,61,18980918,1800,,HU,35.2N,65.9W,85,,,,,,,,,,,,,
AL,UNNAMED,1898,4,61,18980919,0,,HU,36.6N,64.7W,85,,,,,,,,,,,,,
AL,UNNAMED,1898,4,61,18980919,600,,HU,38.2N,63.4W,80,,,,,,,,,,,,,
AL,UNNAMED,1898,4,61,18980919,1200,,HU,40.0N,62.0W,75,,,,,,,,,,,,,
AL,UNNAMED,1898,4,61,18980919,1800,,HU,42.2N,60.3W,65,,,,,,,,,,,,,
AL,UNNAMED,1898,4,61,18980920,0,,EX,45.1N,58.3W,55,,,,,,,,,,,,,
AL,UNNAMED,1898,4,61,18980920,600,,EX,48.5N,56.3W,45,,,,,,,,,,,,,
AL,UNNAMED,1898,4,61,18980920,1200,,EX,52.0N,54.1W,40,,,,,,,,,,,,,
AL,UNNAMED,1898,5,43,18980912,600,,TS,12.9N,79.1W,50,,,,,,,,,,,,,
AL,UNNAMED,1898,5,43,18980912,1200,,TS,13.2N,79.5W,50,,,,,,,,,,,,,
AL,UNNAMED,1898,5,43,18980912,1800,,TS,13.5N,79.7W,50,,,,,,,,,,,,,
AL,UNNAMED,1898,5,43,18980913,0,,TS,13.8N,79.9W,50,,,,,,,,,,,,,
AL,UNNAMED,1898,5,43,18980913,600,,TS,14.1N,80.2W,50,,,,,,,,,,,,,
AL,UNNAMED,1898,5,43,18980913,1200,,TS,14.4N,80.4W,50,,,,,,,,,,,,,
AL,UNNAMED,1898,5,43,18980913,1800,,TS,14.7N,80.7W,50,,,,,,,,,,,,,
AL,UNNAMED,1898,5,43,18980914,0,,TS,14.9N,80.9W,50,,,,,,,,,,,,,
AL,UNNAMED,1898,5,43,18980914,600,,TS,15.2N,81.2W,50,,,,,,,,,,,,,
AL,UNNAMED,1898,5,43,18980914,1200,,TS,15.4N,81.5W,50,,,,,,,,,,,,,
AL,UNNAMED,1898,5,43,18980914,1800,,TS,15.6N,81.8W,50,,,,,,,,,,,,,
AL,UNNAMED,1898,5,43,18980915,0,,TS,15.9N,82.1W,50,,,,,,,,,,,,,
AL,UNNAMED,1898,5,43,18980915,600,,TS,16.1N,82.5W,50,,,,,,,,,,,,,
AL,UNNAMED,1898,5,43,18980915,1200,,TS,16.3N,83.1W,50,,,,,,,,,,,,,
AL,UNNAMED,1898,5,43,18980915,1800,,TS,16.6N,84.0W,50,,,,,,,,,,,,,
AL,UNNAMED,1898,5,43,18980916,0,,TS,16.9N,85.1W,50,,,,,,,,,,,,,
AL,UNNAMED,1898,5,43,18980916,600,,TS,17.2N,86.3W,50,,,,,,,,,,,,,
AL,UNNAMED,1898,5,43,18980916,1200,,TS,17.6N,87.5W,50,,,,,,,,,,,,,
AL,UNNAMED,1898,5,43,18980916,1800,,TS,18.0N,88.7W,40,,,,,,,,,,,,,
AL,UNNAMED,1898,5,43,18980917,0,,TS,18.5N,90.0W,35,,,,,,,,,,,,,
AL,UNNAMED,1898,5,43,18980917,600,,TS,19.1N,91.3W,40,,,,,,,,,,,,,
AL,UNNAMED,1898,5,43,18980917,1200,,TS,19.9N,92.4W,40,,,,,,,,,,,,,
AL,UNNAMED,1898,5,43,18980917,1800,,TS,20.8N,93.2W,45,,,,,,,,,,,,,
AL,UNNAMED,1898,5,43,18980918,0,,TS,21.7N,93.6W,45,,,,,,,,,,,,,
AL,UNNAMED,1898,5,43,18980918,600,,TS,22.5N,93.8W,50,,,,,,,,,,,,,
AL,UNNAMED,1898,5,43,18980918,1200,,TS,23.4N,93.9W,50,,,,,,,,,,,,,
AL,UNNAMED,1898,5,43,18980918,1800,,TS,24.3N,93.9W,50,,,,,,,,,,,,,
AL,UNNAMED,1898,5,43,18980919,0,,TS,25.2N,93.9W,50,,,,,,,,,,,,,
AL,UNNAMED,1898,5,43,18980919,600,,TS,26.0N,93.8W,50,,,,,,,,,,,,,
AL,UNNAMED,1898,5,43,18980919,1200,,TS,26.9N,93.7W,50,,,,,,,,,,,,,
AL,UNNAMED,1898,5,43,18980919,1800,,TS,27.7N,93.5W,50,,,,,,,,,,,,,
AL,UNNAMED,1898,5,43,18980920,0,,TS,28.4N,93.3W,50,,,,,,,,,,,,,
AL,UNNAMED,1898,5,43,18980920,600,,TS,29.1N,93.0W,50,,,,,,,,,,,,,
AL,UNNAMED,1898,5,43,18980920,1100,L,TS,29.6N,92.8W,50,,,,,,,,,,,,,
AL,UNNAMED,1898,5,43,18980920,1200,,TS,29.8N,92.8W,45,,,,,,,,,,,,,
AL,UNNAMED,1898,5,43,18980920,1800,,TS,30.5N,92.5W,40,,,,,,,,,,,,,
AL,UNNAMED,1898,5,43,18980921,0,,TS,31.3N,92.3W,35,,,,,,,,,,,,,
AL,UNNAMED,1898,5,43,18980921,600,,TS,32.0N,92.0W,35,,,,,,,,,,,,,
AL,UNNAMED,1898,5,43,18980921,1200,,TD,32.7N,91.7W,30,,,,,,,,,,,,,
AL,UNNAMED,1898,5,43,18980921,1800,,TD,33.9N,91.3W,30,,,,,,,,,,,,,
AL,UNNAMED,1898,5,43,18980922,0,,TD,35.8N,91.0W,30,,,,,,,,,,,,,
AL,UNNAMED,1898,5,43,18980922,600,,TD,38.0N,90.5W,25,,,,,,,,,,,,,
AL,UNNAMED,1898,5,43,18980922,1200,,TD,39.9N,90.0W,25,,,,,,,,,,,,,
AL,UNNAMED,1898,6,35,18980920,1200,,TS,11.0N,79.8W,50,,,,,,,,,,,,,
AL,UNNAMED,1898,6,35,18980920,1800,,TS,12.1N,80.6W,50,,,,,,,,,,,,,
AL,UNNAMED,1898,6,35,18980921,0,,TS,13.1N,81.3W,50,,,,,,,,,,,,,
AL,UNNAMED,1898,6,35,18980921,600,,TS,14.0N,82.0W,50,,,,,,,,,,,,,
AL,UNNAMED,1898,6,35,18980921,1200,,TS,14.8N,82.6W,50,,,,,,,,,,,,,
AL,UNNAMED,1898,6,35,18980921,1800,,TS,15.4N,83.1W,50,,,,,,,,,,,,,
AL,UNNAMED,1898,6,35,18980922,0,,TS,16.1N,83.5W,50,,,,,,,,,,,,,
AL,UNNAMED,1898,6,35,18980922,600,,TS,16.7N,84.0W,50,,,,,,,,,,,,,
AL,UNNAMED,1898,6,35,18980922,1200,,TS,17.3N,84.5W,50,,,,,,,,,,,,,
AL,UNNAMED,1898,6,35,18980922,1800,,TS,18.0N,85.1W,50,,,,,,,,,,,,,
AL,UNNAMED,1898,6,35,18980923,0,,TS,18.7N,85.7W,50,,,,,,,,,,,,,
AL,UNNAMED,1898,6,35,18980923,600,,TS,19.4N,86.3W,50,,,,,,,,,,,,,
AL,UNNAMED,1898,6,35,18980923,1200,,TS,20.0N,86.9W,50,,,,,,,,,,,,,
AL,UNNAMED,1898,6,35,18980923,1800,,TS,20.5N,87.5W,40,,,,,,,,,,,,,
AL,UNNAMED,1898,6,35,18980924,0,,TS,21.0N,88.1W,35,,,,,,,,,,,,,
AL,UNNAMED,1898,6,35,18980924,600,,TS,21.4N,88.6W,35,,,,,,,,,,,,,
AL,UNNAMED,1898,6,35,18980924,1200,,TS,21.8N,89.2W,40,,,,,,,,,,,,,
AL,UNNAMED,1898,6,35,18980924,1800,,TS,22.2N,89.7W,40,,,,,,,,,,,,,
AL,UNNAMED,1898,6,35,18980925,0,,TS,22.5N,90.2W,45,,,,,,,,,,,,,
AL,UNNAMED,1898,6,35,18980925,600,,TS,22.9N,90.7W,50,,,,,,,,,,,,,
AL,UNNAMED,1898,6,35,18980925,1200,,TS,23.3N,91.2W,50,,,,,,,,,,,,,
AL,UNNAMED,1898,6,35,18980925,1800,,TS,23.7N,91.8W,50,,,,,,,,,,,,,
AL,UNNAMED,1898,6,35,18980926,0,,TS,24.1N,92.4W,50,,,,,,,,,,,,,
AL,UNNAMED,1898,6,35,18980926,600,,TS,24.5N,93.1W,50,,,,,,,,,,,,,
AL,UNNAMED,1898,6,35,18980926,1200,,TS,25.0N,93.7W,50,,,,,,,,,,,,,
AL,UNNAMED,1898,6,35,18980926,1800,,TS,25.5N,94.2W,50,,,,,,,,,,,,,
AL,UNNAMED,1898,6,35,18980927,0,,TS,26.1N,94.5W,50,,,,,,,,,,,,,
AL,UNNAMED,1898,6,35,18980927,600,,TS,26.7N,94.7W,50,,,,,,,,,,,,,
AL,UNNAMED,1898,6,35,18980927,1200,,TS,27.3N,94.8W,50,,,,,,,,,,,,,
AL,UNNAMED,1898,6,35,18980927,1800,,TS,27.9N,94.9W,50,,,,,,,,,,,,,
AL,UNNAMED,1898,6,35,18980928,0,,TS,28.6N,94.8W,50,,,,,,,,,,,,,
AL,UNNAMED,1898,6,35,18980928,600,,TS,29.3N,94.7W,50,,,,,,,,,,,,,
AL,UNNAMED,1898,6,35,18980928,700,L,TS,29.4N,94.7W,50,,,,,,,,,,,,,
AL,UNNAMED,1898,6,35,18980928,1200,,TS,30.0N,94.5W,40,,,,,,,,,,,,,
AL,UNNAMED,1898,6,35,18980928,1800,,TD,30.9N,94.4W,30,,,,,,,,,,,,,
AL,UNNAMED,1898,7,49,18980925,0,,TS,16.2N,58.3W,35,,,,,,,,,,,,,
AL,UNNAMED,1898,7,49,18980925,600,,TS,16.6N,58.7W,40,,,,,,,,,,,,,
AL,UNNAMED,1898,7,49,18980925,1200,,TS,17.1N,59.2W,40,,,,,,,,,,,,,
AL,UNNAMED,1898,7,49,18980925,1800,,TS,17.7N,59.8W,45,,,,,,,,,,,,,
AL,UNNAMED,1898,7,49,18980926,0,,TS,18.4N,60.8W,50,,,,,,,,,,,,,
AL,UNNAMED,1898,7,49,18980926,600,,TS,19.1N,61.7W,60,,,,,,,,,,,,,
AL,UNNAMED,1898,7,49,18980926,1200,,HU,19.7N,62.5W,65,,,,,,,,,,,,,
AL,UNNAMED,1898,7,49,18980926,1800,,HU,20.5N,63.4W,65,,,,,,,,,,,,,
AL,UNNAMED,1898,7,49,18980927,0,,HU,21.3N,64.3W,65,,,,,,,,,,,,,
AL,UNNAMED,1898,7,49,18980927,600,,HU,21.9N,65.1W,70,,,,,,,,,,,,,
AL,UNNAMED,1898,7,49,18980927,1200,,HU,22.5N,66.0W,75,,,,,,,,,,,,,
AL,UNNAMED,1898,7,49,18980927,1800,,HU,23.2N,67.0W,80,977,,,,,,,,,,,,
AL,UNNAMED,1898,7,49,18980928,0,,HU,23.7N,67.8W,85,,,,,,,,,,,,,
AL,UNNAMED,1898,7,49,18980928,600,,HU,24.4N,68.9W,90,,,,,,,,,,,,,
AL,UNNAMED,1898,7,49,18980928,1200,,HU,25.0N,70.0W,95,,,,,,,,,,,,,
AL,UNNAMED,1898,7,49,18980928,1800,,HU,25.4N,70.6W,95,,,,,,,,,,,,,
AL,UNNAMED,1898,7,49,18980929,0,,HU,25.8N,71.2W,95,,,,,,,,,,,,,
AL,UNNAMED,1898,7,49,18980929,600,,HU,26.2N,71.9W,95,,,,,,,,,,,,,
AL,UNNAMED,1898,7,49,18980929,1200,,HU,26.5N,72.5W,95,,,,,,,,,,,,,
AL,UNNAMED,1898,7,49,18980929,1800,,HU,26.8N,73.0W,95,,,,,,,,,,,,,
AL,UNNAMED,1898,7,49,18980930,0,,HU,27.1N,73.5W,95,,,,,,,,,,,,,
AL,UNNAMED,1898,7,49,18980930,600,,HU,27.2N,73.9W,95,,,,,,,,,,,,,
AL,UNNAMED,1898,7,49,18980930,1200,,HU,27.5N,74.5W,95,,,,,,,,,,,,,
AL,UNNAMED,1898,7,49,18980930,1800,,HU,27.9N,75.2W,95,,,,,,,,,,,,,
AL,UNNAMED,1898,7,49,18981001,0,,HU,28.3N,75.9W,95,,,,,,,,,,,,,
AL,UNNAMED,1898,7,49,18981001,600,,HU,28.7N,76.6W,100,,,,,,,,,,,,,
AL,UNNAMED,1898,7,49,18981001,1200,,HU,29.0N,77.3W,105,,,,,,,,,,,,,
AL,UNNAMED,1898,7,49,18981001,1800,,HU,29.3N,78.0W,110,,,,,,,,,,,,,
AL,UNNAMED,1898,7,49,18981002,0,,HU,29.6N,78.7W,115,,,,,,,,,,,,,
AL,UNNAMED,1898,7,49,18981002,600,,HU,29.9N,79.6W,115,,,,,,,,,,,,,
AL,UNNAMED,1898,7,49,18981002,1200,,HU,30.4N,80.6W,115,938,,,,,,,,,,,,
AL,UNNAMED,1898,7,49,18981002,1600,L,HU,30.9N,81.4W,115,938,,,,,,,,,,,,
AL,UNNAMED,1898,7,49,18981002,1800,,HU,31.1N,81.8W,90,,,,,,,,,,,,,
AL,UNNAMED,1898,7,49,18981003,0,,HU,31.9N,83.1W,65,,,,,,,,,,,,,
AL,UNNAMED,1898,7,49,18981003,600,,TS,32.7N,84.2W,45,,,,,,,,,,,,,
AL,UNNAMED,1898,7,49,18981003,1200,,TS,33.5N,85.2W,35,,,,,,,,,,,,,
AL,UNNAMED,1898,7,49,18981003,1800,,TD,34.3N,86.1W,30,,,,,,,,,,,,,
AL,UNNAMED,1898,7,49,18981004,0,,TD,35.2N,86.9W,30,,,,,,,,,,,,,
AL,UNNAMED,1898,7,49,18981004,600,,TD,36.4N,87.5W,30,,,,,,,,,,,,,
AL,UNNAMED,1898,7,49,18981004,1200,,TD,37.6N,87.9W,30,,,,,,,,,,,,,
AL,UNNAMED,1898,7,49,18981004,1800,,TD,39.1N,87.6W,30,,,,,,,,,,,,,
AL,UNNAMED,1898,7,49,18981005,0,,TD,41.0N,86.2W,25,,,,,,,,,,,,,
AL,UNNAMED,1898,7,49,18981005,600,,TD,42.9N,83.8W,25,,,,,,,,,,,,,
AL,UNNAMED,1898,7,49,18981005,1200,,TD,44.5N,80.8W,25,,,,,,,,,,,,,
AL,UNNAMED,1898,7,49,18981005,1800,,TD,45.6N,77.0W,25,,,,,,,,,,,,,
AL,UNNAMED,1898,7,49,18981006,0,,TD,46.4N,72.0W,25,,,,,,,,,,,,,
AL,UNNAMED,1898,7,49,18981006,600,,TD,46.8N,65.8W,25,,,,,,,,,,,,,
AL,UNNAMED,1898,7,49,18981006,1200,,TD,47.0N,58.8W,25,,,,,,,,,,,,,
AL,UNNAMED,1898,7,49,18981006,1800,,TD,48.0N,52.8W,25,,,,,,,,,,,,,
AL,UNNAMED,1898,8,13,18980925,1800,,TD,20.5N,84.5W,30,,,,,,,,,,,,,
AL,UNNAMED,1898,8,13,18980926,0,,TD,21.0N,84.0W,30,,,,,,,,,,,,,
AL,UNNAMED,1898,8,13,18980926,600,,TD,21.7N,83.3W,30,,,,,,,,,,,,,
AL,UNNAMED,1898,8,13,18980926,1200,,TD,22.5N,82.5W,30,1008,,,,,,,,,,,,
AL,UNNAMED,1898,8,13,18980926,1800,,TD,23.5N,81.3W,30,,,,,,,,,,,,,
AL,UNNAMED,1898,8,13,18980927,0,,TS,24.5N,80.0W,35,,,,,,,,,,,,,
AL,UNNAMED,1898,8,13,18980927,600,,TS,25.5N,79.0W,40,,,,,,,,,,,,,
AL,UNNAMED,1898,8,13,18980927,1200,,TS,26.5N,78.0W,45,,,,,,,,,,,,,
AL,UNNAMED,1898,8,13,18980927,1800,,TS,27.0N,77.2W,45,,,,,,,,,,,,,
AL,UNNAMED,1898,8,13,18980928,0,,TS,27.5N,76.4W,45,,,,,,,,,,,,,
AL,UNNAMED,1898,8,13,18980928,600,,TS,28.0N,75.7W,40,,,,,,,,,,,,,
AL,UNNAMED,1898,8,13,18980928,1200,,TS,28.5N,75.0W,35,,,,,,,,,,,,,
AL,UNNAMED,1898,8,13,18980928,1800,,TS,28.7N,74.8W,35,,,,,,,,,,,,,
AL,UNNAMED,1898,9,51,18981002,600,,TS,11.4N,57.7W,50,,,,,,,,,,,,,
AL,UNNAMED,1898,9,51,18981002,1200,,TS,11.7N,58.3W,50,,,,,,,,,,,,,
AL,UNNAMED,1898,9,51,18981002,1800,,TS,12.0N,58.8W,50,,,,,,,,,,,,,
AL,UNNAMED,1898,9,51,18981003,0,,TS,12.3N,59.5W,50,,,,,,,,,,,,,
AL,UNNAMED,1898,9,51,18981003,600,,TS,12.7N,60.2W,50,,,,,,,,,,,,,
AL,UNNAMED,1898,9,51,18981003,1200,,TS,13.0N,61.2W,50,,,,,,,,,,,,,
AL,UNNAMED,1898,9,51,18981003,1800,,TS,13.3N,62.3W,50,,,,,,,,,,,,,
AL,UNNAMED,1898,9,51,18981004,0,,TS,13.7N,63.4W,50,,,,,,,,,,,,,
AL,UNNAMED,1898,9,51,18981004,600,,TS,14.1N,64.6W,50,,,,,,,,,,,,,
AL,UNNAMED,1898,9,51,18981004,1200,,TS,14.4N,65.7W,50,,,,,,,,,,,,,
AL,UNNAMED,1898,9,51,18981004,1800,,TS,14.7N,66.9W,50,,,,,,,,,,,,,
AL,UNNAMED,1898,9,51,18981005,0,,TS,14.9N,68.1W,50,,,,,,,,,,,,,
AL,UNNAMED,1898,9,51,18981005,600,,TS,15.1N,69.2W,50,,,,,,,,,,,,,
AL,UNNAMED,1898,9,51,18981005,1200,,TS,15.3N,70.3W,50,,,,,,,,,,,,,
AL,UNNAMED,1898,9,51,18981005,1800,,TS,15.6N,71.3W,50,,,,,,,,,,,,,
AL,UNNAMED,1898,9,51,18981006,0,,TS,15.8N,72.3W,50,,,,,,,,,,,,,
AL,UNNAMED,1898,9,51,18981006,600,,TS,15.9N,73.2W,50,,,,,,,,,,,,,
AL,UNNAMED,1898,9,51,18981006,1200,,TS,16.1N,74.2W,50,,,,,,,,,,,,,
AL,UNNAMED,1898,9,51,18981006,1800,,TS,16.2N,75.2W,50,,,,,,,,,,,,,
AL,UNNAMED,1898,9,51,18981007,0,,TS,16.3N,76.0W,50,,,,,,,,,,,,,
AL,UNNAMED,1898,9,51,18981007,600,,TS,16.4N,76.8W,50,,,,,,,,,,,,,
AL,UNNAMED,1898,9,51,18981007,1200,,TS,16.7N,77.7W,50,,,,,,,,,,,,,
AL,UNNAMED,1898,9,51,18981007,1800,,TS,17.0N,78.3W,50,,,,,,,,,,,,,
AL,UNNAMED,1898,9,51,18981008,0,,TS,17.4N,78.9W,50,,,,,,,,,,,,,
AL,UNNAMED,1898,9,51,18981008,600,,TS,17.8N,79.5W,50,,,,,,,,,,,,,
AL,UNNAMED,1898,9,51,18981008,1200,,TS,18.3N,80.0W,50,,,,,,,,,,,,,
AL,UNNAMED,1898,9,51,18981008,1800,,TS,18.6N,80.4W,50,,,,,,,,,,,,,
AL,UNNAMED,1898,9,51,18981009,0,,TS,19.1N,80.9W,50,,,,,,,,,,,,,
AL,UNNAMED,1898,9,51,18981009,600,,TS,19.7N,81.3W,50,,,,,,,,,,,,,
AL,UNNAMED,1898,9,51,18981009,1200,,TS,20.3N,81.7W,50,,,,,,,,,,,,,
AL,UNNAMED,1898,9,51,18981009,1800,,TS,20.7N,81.9W,50,,,,,,,,,,,,,
AL,UNNAMED,1898,9,51,18981010,0,,TS,21.2N,82.1W,50,,,,,,,,,,,,,
AL,UNNAMED,1898,9,51,18981010,600,,TS,21.7N,82.2W,50,,,,,,,,,,,,,
AL,UNNAMED,1898,9,51,18981010,1200,,TS,22.3N,82.2W,50,,,,,,,,,,,,,
AL,UNNAMED,1898,9,51,18981010,1800,,TS,22.9N,82.1W,45,,,,,,,,,,,,,
AL,UNNAMED,1898,9,51,18981011,0,,TS,23.4N,81.6W,50,,,,,,,,,,,,,
AL,UNNAMED,1898,9,51,18981011,600,,TS,23.9N,80.8W,55,,,,,,,,,,,,,
AL,UNNAMED,1898,9,51,18981011,1200,,TS,24.5N,80.0W,60,,,,,,,,,,,,,
AL,UNNAMED,1898,9,51,18981011,1800,,TS,26.0N,79.2W,60,,,,,,,,,,,,,
AL,UNNAMED,1898,9,51,18981012,0,,TS,27.9N,78.0W,60,,,,,,,,,,,,,
AL,UNNAMED,1898,9,51,18981012,600,,TS,29.2N,76.7W,60,,,,,,,,,,,,,
AL,UNNAMED,1898,9,51,18981012,1200,,TS,30.5N,75.3W,55,,,,,,,,,,,,,
AL,UNNAMED,1898,9,51,18981012,1800,,TS,31.8N,73.5W,50,,,,,,,,,,,,,
AL,UNNAMED,1898,9,51,18981013,0,,TS,33.4N,71.4W,50,,,,,,,,,,,,,
AL,UNNAMED,1898,9,51,18981013,600,,TS,34.1N,69.8W,50,,,,,,,,,,,,,
AL,UNNAMED,1898,9,51,18981013,1200,,TS,34.7N,68.2W,50,,,,,,,,,,,,,
AL,UNNAMED,1898,9,51,18981013,1800,,TS,35.1N,66.7W,50,,,,,,,,,,,,,
AL,UNNAMED,1898,9,51,18981014,0,,TS,35.4N,65.3W,50,,,,,,,,,,,,,
AL,UNNAMED,1898,9,51,18981014,600,,TS,35.8N,63.9W,50,,,,,,,,,,,,,
AL,UNNAMED,1898,9,51,18981014,1200,,TS,36.2N,62.7W,50,,,,,,,,,,,,,
AL,UNNAMED,1898,9,51,18981014,1800,,TS,37.2N,61.6W,50,,,,,,,,,,,,,
AL,UNNAMED,1898,10,12,18981021,0,,TS,18.5N,85.8W,35,,,,,,,,,,,,,
AL,UNNAMED,1898,10,12,18981021,600,,TS,19.0N,85.6W,35,,,,,,,,,,,,,
AL,UNNAMED,1898,10,12,18981021,1200,,TS,19.5N,85.3W,35,,,,,,,,,,,,,
AL,UNNAMED,1898,10,12,18981021,1800,,TS,20.0N,85.0W,35,,,,,,,,,,,,,
AL,UNNAMED,1898,10,12,18981022,0,,TS,20.6N,84.7W,40,,,,,,,,,,,,,
AL,UNNAMED,1898,10,12,18981022,600,,TS,21.1N,84.3W,40,,,,,,,,,,,,,
AL,UNNAMED,1898,10,12,18981022,1200,,TS,21.8N,83.7W,40,,,,,,,,,,,,,
AL,UNNAMED,1898,10,12,18981022,1800,,TS,22.6N,82.8W,40,,,,,,,,,,,,,
AL,UNNAMED,1898,10,12,18981023,0,,TS,23.5N,81.6W,35,,,,,,,,,,,,,
AL,UNNAMED,1898,10,12,18981023,600,,TS,24.2N,80.4W,40,,,,,,,,,,,,,
AL,UNNAMED,1898,10,12,18981023,1200,,EX,25.0N,79.0W,35,,,,,,,,,,,,,
AL,UNNAMED,1898,10,12,18981023,1800,,EX,26.3N,76.9W,35,,,,,,,,,,,,,
AL,UNNAMED,1898,11,35,18981027,600,,TS,17.9N,61.2W,50,,,,,,,,,,,,,
AL,UNNAMED,1898,11,35,18981027,1200,,TS,17.7N,62.6W,50,,,,,,,,,,,,,
AL,UNNAMED,1898,11,35,18981027,1800,,TS,17.6N,63.7W,50,,,,,,,,,,,,,
AL,UNNAMED,1898,11,35,18981028,0,,TS,17.5N,64.8W,50,,,,,,,,,,,,,
AL,UNNAMED,1898,11,35,18981028,600,,TS,17.4N,65.9W,50,,,,,,,,,,,,,
AL,UNNAMED,1898,11,35,18981028,1200,,TS,17.4N,67.0W,50,,,,,,,,,,,,,
AL,UNNAMED,1898,11,35,18981028,1800,,TS,17.4N,68.1W,50,,,,,,,,,,,,,
AL,UNNAMED,1898,11,35,18981029,0,,TS,17.4N,69.2W,50,,,,,,,,,,,,,
AL,UNNAMED,1898,11,35,18981029,600,,TS,17.4N,70.3W,50,,,,,,,,,,,,,
AL,UNNAMED,1898,11,35,18981029,1200,,TS,17.4N,71.3W,50,,,,,,,,,,,,,
AL,UNNAMED,1898,11,35,18981029,1800,,TS,17.4N,72.3W,50,,,,,,,,,,,,,
AL,UNNAMED,1898,11,35,18981030,0,,TS,17.4N,73.2W,50,,,,,,,,,,,,,
AL,UNNAMED,1898,11,35,18981030,600,,TS,17.4N,74.1W,50,,,,,,,,,,,,,
AL,UNNAMED,1898,11,35,18981030,1200,,TS,17.4N,74.9W,50,,,,,,,,,,,,,
AL,UNNAMED,1898,11,35,18981030,1800,,TS,17.4N,75.7W,50,,,,,,,,,,,,,
AL,UNNAMED,1898,11,35,18981031,0,,TS,17.4N,76.6W,50,,,,,,,,,,,,,
AL,UNNAMED,1898,11,35,18981031,600,,TS,17.4N,77.4W,50,,,,,,,,,,,,,
AL,UNNAMED,1898,11,35,18981031,1200,,TS,17.4N,78.2W,50,,,,,,,,,,,,,
AL,UNNAMED,1898,11,35,18981031,1800,,TS,17.4N,79.1W,50,,,,,,,,,,,,,
AL,UNNAMED,1898,11,35,18981101,0,,TS,17.5N,80.0W,50,,,,,,,,,,,,,
AL,UNNAMED,1898,11,35,18981101,600,,TS,17.6N,80.8W,50,,,,,,,,,,,,,
AL,UNNAMED,1898,11,35,18981101,1200,,TS,17.7N,81.7W,50,,,,,,,,,,,,,
AL,UNNAMED,1898,11,35,18981101,1800,,TS,17.7N,82.4W,50,,,,,,,,,,,,,
AL,UNNAMED,1898,11,35,18981102,0,,TS,17.7N,83.0W,50,,,,,,,,,,,,,
AL,UNNAMED,1898,11,35,18981102,600,,TS,17.8N,83.6W,50,,,,,,,,,,,,,
AL,UNNAMED,1898,11,35,18981102,1200,,TS,17.8N,84.3W,50,,,,,,,,,,,,,
AL,UNNAMED,1898,11,35,18981102,1800,,TS,17.9N,85.1W,50,,,,,,,,,,,,,
AL,UNNAMED,1898,11,35,18981103,0,,TS,18.0N,85.9W,50,,,,,,,,,,,,,
AL,UNNAMED,1898,11,35,18981103,600,,TS,18.0N,86.8W,50,,,,,,,,,,,,,
AL,UNNAMED,1898,11,35,18981103,1200,,TS,18.1N,87.8W,40,,,,,,,,,,,,,
AL,UNNAMED,1898,11,35,18981103,1800,,TS,18.1N,88.9W,35,,,,,,,,,,,,,
AL,UNNAMED,1898,11,35,18981104,0,,TD,18.2N,90.1W,30,,,,,,,,,,,,,
AL,UNNAMED,1898,11,35,18981104,600,,TD,18.2N,91.3W,30,,,,,,,,,,,,,
AL,UNNAMED,1898,11,35,18981104,1200,,TD,18.2N,92.7W,25,,,,,,,,,,,,,
AL,UNNAMED,1898,11,35,18981104,1800,,TD,18.3N,93.8W,20,,,,,,,,,,,,,
AL,UNNAMED,1899,1,7,18990626,1200,,TS,27.5N,93.0W,35,,,,,,,,,,,,,
AL,UNNAMED,1899,1,7,18990626,1800,,TS,27.8N,93.6W,35,,,,,,,,,,,,,
AL,UNNAMED,1899,1,7,18990627,0,,TS,28.2N,94.2W,35,,,,,,,,,,,,,
AL,UNNAMED,1899,1,7,18990627,600,,TS,28.8N,94.8W,35,,,,,,,,,,,,,
AL,UNNAMED,1899,1,7,18990627,900,L,TS,29.1N,95.1W,35,,,,,,,,,,,,,
AL,UNNAMED,1899,1,7,18990627,1200,,TD,29.5N,95.5W,30,,,,,,,,,,,,,
AL,UNNAMED,1899,1,7,18990627,1800,,TD,30.3N,96.2W,25,,,,,,,,,,,,,
AL,UNNAMED,1899,2,24,18990728,1200,,HU,17.0N,69.5W,70,,,,,,,,,,,,,
AL,UNNAMED,1899,2,24,18990728,1800,,HU,18.3N,70.8W,70,,,,,,,,,,,,,
AL,UNNAMED,1899,2,24,18990729,0,,TS,19.6N,72.3W,50,,,,,,,,,,,,,
AL,UNNAMED,1899,2,24,18990729,600,,TS,20.5N,73.9W,40,,,,,,,,,,,,,
AL,UNNAMED,1899,2,24,18990729,1200,,TS,21.3N,75.5W,40,,,,,,,,,,,,,
AL,UNNAMED,1899,2,24,18990729,1800,,TS,22.0N,76.8W,40,,,,,,,,,,,,,
AL,UNNAMED,1899,2,24,18990730,0,,TS,22.9N,78.1W,40,,,,,,,,,,,,,
AL,UNNAMED,1899,2,24,18990730,600,,TS,24.1N,79.6W,40,,,,,,,,,,,,,
AL,UNNAMED,1899,2,24,18990730,1000,L,TS,24.9N,80.6W,40,,,,,,,,,,,,,
AL,UNNAMED,1899,2,24,18990730,1200,,TS,25.1N,80.8W,35,,,,,,,,,,,,,
AL,UNNAMED,1899,2,24,18990730,1800,,TS,25.8N,81.7W,35,,,,,,,,,,,,,
AL,UNNAMED,1899,2,24,18990731,0,,TS,26.3N,82.3W,45,,,,,,,,,,,,,
AL,UNNAMED,1899,2,24,18990731,600,,TS,26.9N,83.0W,55,,,,,,,,,,,,,
AL,UNNAMED,1899,2,24,18990731,1200,,HU,27.5N,83.5W,65,,,,,,,,,,,,,
AL,UNNAMED,1899,2,24,18990731,1800,,HU,27.9N,83.8W,75,,,,,,,,,,,,,
AL,UNNAMED,1899,2,24,18990801,0,,HU,28.3N,84.1W,85,,,,,,,,,,,,,
AL,UNNAMED,1899,2,24,18990801,600,,HU,28.8N,84.3W,85,,,,,,,,,,,,,
AL,UNNAMED,1899,2,24,18990801,1200,,HU,29.3N,84.5W,85,,,,,,,,,,,,,
AL,UNNAMED,1899,2,24,18990801,1700,L,HU,29.7N,84.7W,85,,,,,,,,,,,,,
AL,UNNAMED,1899,2,24,18990801,1800,,HU,29.8N,84.8W,85,979,,,,,,,,,,,,
AL,UNNAMED,1899,2,24,18990802,0,,TS,30.4N,85.2W,60,,,,,,,,,,,,,
AL,UNNAMED,1899,2,24,18990802,600,,TS,31.0N,85.6W,45,,,,,,,,,,,,,
AL,UNNAMED,1899,2,24,18990802,1200,,TS,31.5N,86.0W,35,,,,,,,,,,,,,
AL,UNNAMED,1899,2,24,18990802,1800,,TD,32.3N,86.5W,30,,,,,,,,,,,,,
AL,UNNAMED,1899,3,133,18990803,0,,TS,11.7N,31.0W,35,,,,,,,,,,,,,
AL,UNNAMED,1899,3,133,18990803,600,,TS,11.8N,32.4W,45,,,,,,,,,,,,,
AL,UNNAMED,1899,3,133,18990803,1200,,TS,12.0N,34.0W,50,,,,,,,,,,,,,
AL,UNNAMED,1899,3,133,18990803,1800,,TS,12.2N,35.7W,55,995,,,,,,,,,,,,
AL,UNNAMED,1899,3,133,18990804,0,,TS,12.4N,37.4W,60,,,,,,,,,,,,,
AL,UNNAMED,1899,3,133,18990804,600,,TS,12.6N,38.8W,60,,,,,,,,,,,,,
AL,UNNAMED,1899,3,133,18990804,1200,,TS,12.7N,40.3W,60,,,,,,,,,,,,,
AL,UNNAMED,1899,3,133,18990804,1800,,TS,13.0N,42.0W,60,,,,,,,,,,,,,
AL,UNNAMED,1899,3,133,18990805,0,,TS,13.5N,44.0W,60,,,,,,,,,,,,,
AL,UNNAMED,1899,3,133,18990805,600,,TS,13.7N,45.5W,60,,,,,,,,,,,,,
AL,UNNAMED,1899,3,133,18990805,1200,,TS,14.0N,47.0W,60,,,,,,,,,,,,,
AL,UNNAMED,1899,3,133,18990805,1800,,HU,14.3N,48.7W,65,,,,,,,,,,,,,
AL,UNNAMED,1899,3,133,18990806,0,,HU,14.6N,50.6W,70,,,,,,,,,,,,,
AL,UNNAMED,1899,3,133,18990806,600,,HU,14.8N,52.4W,75,,,,,,,,,,,,,
AL,UNNAMED,1899,3,133,18990806,1200,,HU,15.1N,54.2W,80,,,,,,,,,,,,,
AL,UNNAMED,1899,3,133,18990806,1800,,HU,15.4N,55.8W,90,,,,,,,,,,,,,
AL,UNNAMED,1899,3,133,18990807,0,,HU,15.7N,57.4W,100,,,,,,,,,,,,,
AL,UNNAMED,1899,3,133,18990807,600,,HU,15.9N,59.0W,110,,,,,,,,,,,,,
AL,UNNAMED,1899,3,133,18990807,1200,,HU,16.2N,60.5W,120,,,,,,,,,,,,,
AL,UNNAMED,1899,3,133,18990807,1800,,HU,16.5N,62.0W,130,930,,,,,,,,,,,,
AL,UNNAMED,1899,3,133,18990808,0,,HU,16.9N,63.4W,130,,,,,,,,,,,,,
AL,UNNAMED,1899,3,133,18990808,600,,HU,17.4N,64.8W,125,,,,,,,,,,,,,
AL,UNNAMED,1899,3,133,18990808,1200,,HU,18.0N,66.2W,120,940,,,,,,,,,,,,
AL,UNNAMED,1899,3,133,18990808,1800,,HU,18.6N,67.3W,105,,,,,,,,,,,,,
AL,UNNAMED,1899,3,133,18990809,0,,HU,18.9N,68.1W,105,,,,,,,,,,,,,
AL,UNNAMED,1899,3,133,18990809,600,,HU,19.3N,68.9W,105,,,,,,,,,,,,,
AL,UNNAMED,1899,3,133,18990809,1200,,HU,19.7N,69.8W,105,,,,,,,,,,,,,
AL,UNNAMED,1899,3,133,18990809,1800,,HU,20.1N,70.6W,105,,,,,,,,,,,,,
AL,UNNAMED,1899,3,133,18990810,0,,HU,20.4N,71.4W,105,,,,,,,,,,,,,
AL,UNNAMED,1899,3,133,18990810,600,,HU,20.7N,72.2W,105,,,,,,,,,,,,,
AL,UNNAMED,1899,3,133,18990810,1200,,HU,21.0N,73.0W,105,,,,,,,,,,,,,
AL,UNNAMED,1899,3,133,18990810,1800,,HU,21.4N,73.7W,105,,,,,,,,,,,,,
AL,UNNAMED,1899,3,133,18990811,0,,HU,22.0N,74.5W,105,,,,,,,,,,,,,
AL,UNNAMED,1899,3,133,18990811,600,,HU,22.5N,75.3W,105,,,,,,,,,,,,,
AL,UNNAMED,1899,3,133,18990811,1200,,HU,23.0N,76.0W,105,,,,,,,,,,,,,
AL,UNNAMED,1899,3,133,18990811,1800,,HU,23.4N,76.5W,105,,,,,,,,,,,,,
AL,UNNAMED,1899,3,133,18990812,0,,HU,23.8N,77.0W,105,,,,,,,,,,,,,
AL,UNNAMED,1899,3,133,18990812,600,,HU,24.2N,77.4W,105,,,,,,,,,,,,,
AL,UNNAMED,1899,3,133,18990812,1200,,HU,24.5N,77.7W,105,,,,,,,,,,,,,
AL,UNNAMED,1899,3,133,18990812,1800,,HU,25.1N,78.0W,105,,,,,,,,,,,,,
AL,UNNAMED,1899,3,133,18990813,0,,HU,25.6N,78.2W,105,,,,,,,,,,,,,
AL,UNNAMED,1899,3,133,18990813,600,,HU,26.2N,78.4W,105,,,,,,,,,,,,,
AL,UNNAMED,1899,3,133,18990813,1200,,HU,27.0N,78.6W,105,,,,,,,,,,,,,
AL,UNNAMED,1899,3,133,18990813,1800,,HU,27.6N,78.8W,105,,,,,,,,,,,,,
AL,UNNAMED,1899,3,133,18990814,0,,HU,28.3N,79.0W,105,,,,,,,,,,,,,
AL,UNNAMED,1899,3,133,18990814,600,,HU,29.0N,79.1W,105,,,,,,,,,,,,,
AL,UNNAMED,1899,3,133,18990814,1200,,HU,29.7N,79.0W,105,,,,,,,,,,,,,
AL,UNNAMED,1899,3,133,18990814,1800,,HU,30.3N,78.9W,105,,,,,,,,,,,,,
AL,UNNAMED,1899,3,133,18990815,0,,HU,30.9N,78.7W,105,,,,,,,,,,,,,
AL,UNNAMED,1899,3,133,18990815,600,,HU,31.3N,78.4W,105,,,,,,,,,,,,,
AL,UNNAMED,1899,3,133,18990815,1200,,HU,31.7N,78.0W,105,,,,,,,,,,,,,
AL,UNNAMED,1899,3,133,18990815,1800,,HU,32.2N,77.5W,105,,,,,,,,,,,,,
AL,UNNAMED,1899,3,133,18990816,0,,HU,32.6N,76.9W,105,,,,,,,,,,,,,
AL,UNNAMED,1899,3,133,18990816,600,,HU,32.8N,76.2W,105,,,,,,,,,,,,,
AL,UNNAMED,1899,3,133,18990816,1200,,HU,33.0N,75.5W,105,,,,,,,,,,,,,
AL,UNNAMED,1899,3,133,18990816,1800,,HU,33.3N,75.0W,105,,,,,,,,,,,,,
AL,UNNAMED,1899,3,133,18990817,0,,HU,33.7N,74.6W,105,,,,,,,,,,,,,
AL,UNNAMED,1899,3,133,18990817,600,,HU,34.1N,74.4W,105,,,,,,,,,,,,,
AL,UNNAMED,1899,3,133,18990817,1200,,HU,34.5N,74.5W,105,,,,,,,,,,,,,
AL,UNNAMED,1899,3,133,18990817,1800,,HU,34.8N,75.0W,105,,,,,,,,,,,,,
AL,UNNAMED,1899,3,133,18990818,0,,HU,35.1N,75.7W,105,,,,,,,,,,,,,
AL,UNNAMED,1899,3,133,18990818,100,L,HU,35.2N,75.8W,105,,,,,,,,,,,,,
AL,UNNAMED,1899,3,133,18990818,600,,HU,35.7N,76.0W,90,,,,,,,,,,,,,
AL,UNNAMED,1899,3,133,18990818,1200,,HU,36.3N,75.7W,80,,,,,,,,,,,,,
AL,UNNAMED,1899,3,133,18990818,1800,,HU,36.4N,75.5W,75,,,,,,,,,,,,,
AL,UNNAMED,1899,3,133,18990819,0,,HU,36.4N,75.3W,75,,,,,,,,,,,,,
AL,UNNAMED,1899,3,133,18990819,600,,HU,36.4N,75.0W,70,,,,,,,,,,,,,
AL,UNNAMED,1899,3,133,18990819,1200,,HU,36.5N,74.7W,70,,,,,,,,,,,,,
AL,UNNAMED,1899,3,133,18990819,1800,,HU,37.0N,74.0W,70,,,,,,,,,,,,,
AL,UNNAMED,1899,3,133,18990820,0,,HU,37.7N,72.9W,70,,,,,,,,,,,,,
AL,UNNAMED,1899,3,133,18990820,600,,HU,38.3N,71.9W,70,,,,,,,,,,,,,
AL,UNNAMED,1899,3,133,18990820,1200,,HU,38.8N,70.7W,70,,,,,,,,,,,,,
AL,UNNAMED,1899,3,133,18990820,1800,,HU,39.3N,69.0W,70,,,,,,,,,,,,,
AL,UNNAMED,1899,3,133,18990821,0,,HU,39.4N,67.3W,70,,,,,,,,,,,,,
AL,UNNAMED,1899,3,133,18990821,600,,HU,39.5N,65.4W,70,,,,,,,,,,,,,
AL,UNNAMED,1899,3,133,18990821,1200,,HU,39.7N,63.5W,70,,,,,,,,,,,,,
AL,UNNAMED,1899,3,133,18990821,1800,,HU,39.5N,61.3W,65,,,,,,,,,,,,,
AL,UNNAMED,1899,3,133,18990822,0,,EX,39.3N,58.9W,60,,,,,,,,,,,,,
AL,UNNAMED,1899,3,133,18990822,600,,EX,39.1N,56.5W,55,,,,,,,,,,,,,
AL,UNNAMED,1899,3,133,18990822,1200,,EX,38.7N,54.3W,50,,,,,,,,,,,,,
AL,UNNAMED,1899,3,133,18990822,1800,,EX,38.3N,52.9W,50,,,,,,,,,,,,,
AL,UNNAMED,1899,3,133,18990823,0,,EX,37.9N,52.0W,50,,,,,,,,,,,,,
AL,UNNAMED,1899,3,133,18990823,600,,EX,37.3N,50.9W,45,,,,,,,,,,,,,
AL,UNNAMED,1899,3,133,18990823,1200,,EX,36.7N,50.0W,45,,,,,,,,,,,,,
AL,UNNAMED,1899,3,133,18990823,1800,,EX,36.0N,49.0W,45,,,,,,,,,,,,,
AL,UNNAMED,1899,3,133,18990824,0,,EX,35.4N,48.2W,45,,,,,,,,,,,,,
AL,UNNAMED,1899,3,133,18990824,600,,EX,34.7N,47.2W,40,,,,,,,,,,,,,
AL,UNNAMED,1899,3,133,18990824,1200,,EX,34.3N,46.0W,40,,,,,,,,,,,,,
AL,UNNAMED,1899,3,133,18990824,1800,,EX,34.2N,45.0W,40,,,,,,,,,,,,,
AL,UNNAMED,1899,3,133,18990825,0,,EX,34.3N,44.1W,40,,,,,,,,,,,,,
AL,UNNAMED,1899,3,133,18990825,600,,EX,34.6N,43.3W,40,,,,,,,,,,,,,
AL,UNNAMED,1899,3,133,18990825,1200,,EX,35.3N,43.0W,40,,,,,,,,,,,,,
AL,UNNAMED,1899,3,133,18990825,1800,,EX,35.6N,43.0W,40,,,,,,,,,,,,,
AL,UNNAMED,1899,3,133,18990826,0,,TS,36.0N,43.2W,40,,,,,,,,,,,,,
AL,UNNAMED,1899,3,133,18990826,600,,TS,36.3N,43.3W,40,,,,,,,,,,,,,
AL,UNNAMED,1899,3,133,18990826,1200,,TS,36.5N,43.5W,40,,,,,,,,,,,,,
AL,UNNAMED,1899,3,133,18990826,1800,,TS,36.8N,43.7W,40,,,,,,,,,,,,,
AL,UNNAMED,1899,3,133,18990827,0,,TS,37.2N,44.0W,40,,,,,,,,,,,,,
AL,UNNAMED,1899,3,133,18990827,600,,TS,37.5N,44.2W,40,,,,,,,,,,,,,
AL,UNNAMED,1899,3,133,18990827,1200,,TS,37.7N,44.5W,40,,,,,,,,,,,,,
AL,UNNAMED,1899,3,133,18990827,1800,,TS,38.2N,44.7W,40,,,,,,,,,,,,,
AL,UNNAMED,1899,3,133,18990828,0,,TS,38.7N,44.9W,40,,,,,,,,,,,,,
AL,UNNAMED,1899,3,133,18990828,600,,TS,39.4N,45.0W,40,,,,,,,,,,,,,
AL,UNNAMED,1899,3,133,18990828,1200,,TS,40.0N,45.0W,40,,,,,,,,,,,,,
AL,UNNAMED,1899,3,133,18990828,1800,,TS,40.3N,44.7W,40,,,,,,,,,,,,,
AL,UNNAMED,1899,3,133,18990829,0,,TS,40.6N,44.1W,40,,,,,,,,,,,,,
AL,UNNAMED,1899,3,133,18990829,600,,TS,40.6N,43.5W,40,,,,,,,,,,,,,
AL,UNNAMED,1899,3,133,18990829,1200,,TS,40.5N,43.0W,40,,,,,,,,,,,,,
AL,UNNAMED,1899,3,133,18990829,1800,,TS,40.5N,42.7W,40,,,,,,,,,,,,,
AL,UNNAMED,1899,3,133,18990830,0,,TS,40.5N,42.3W,40,,,,,,,,,,,,,
AL,UNNAMED,1899,3,133,18990830,600,,TS,40.5N,41.9W,40,,,,,,,,,,,,,
AL,UNNAMED,1899,3,133,18990830,1200,,TS,40.3N,41.5W,40,,,,,,,,,,,,,
AL,UNNAMED,1899,3,133,18990830,1800,,TS,40.2N,41.2W,40,,,,,,,,,,,,,
AL,UNNAMED,1899,3,133,18990831,0,,TS,40.1N,40.9W,40,,,,,,,,,,,,,
AL,UNNAMED,1899,3,133,18990831,600,,TS,40.0N,40.5W,40,,,,,,,,,,,,,
AL,UNNAMED,1899,3,133,18990831,1200,,TS,40.0N,40.0W,40,,,,,,,,,,,,,
AL,UNNAMED,1899,3,133,18990831,1800,,TS,39.9N,39.3W,40,,,,,,,,,,,,,
AL,UNNAMED,1899,3,133,18990901,0,,TS,39.9N,38.7W,40,,,,,,,,,,,,,
AL,UNNAMED,1899,3,133,18990901,600,,TS,39.9N,37.9W,40,,,,,,,,,,,,,
AL,UNNAMED,1899,3,133,18990901,1200,,TS,40.0N,37.0W,40,,,,,,,,,,,,,
AL,UNNAMED,1899,3,133,18990901,1800,,TS,39.9N,35.7W,40,,,,,,,,,,,,,
AL,UNNAMED,1899,3,133,18990902,0,,TS,39.7N,34.7W,45,,,,,,,,,,,,,
AL,UNNAMED,1899,3,133,18990902,600,,TS,39.5N,33.3W,50,,,,,,,,,,,,,
AL,UNNAMED,1899,3,133,18990902,1200,,TS,39.0N,32.0W,55,,,,,,,,,,,,,
AL,UNNAMED,1899,3,133,18990902,1800,,TS,38.3N,31.1W,60,,,,,,,,,,,,,
AL,UNNAMED,1899,3,133,18990903,0,,HU,37.9N,30.5W,65,,,,,,,,,,,,,
AL,UNNAMED,1899,3,133,18990903,600,,HU,37.5N,29.6W,70,,,,,,,,,,,,,
AL,UNNAMED,1899,3,133,18990903,1200,,HU,37.3N,28.7W,70,,,,,,,,,,,,,
AL,UNNAMED,1899,3,133,18990903,1800,,HU,37.8N,27.5W,65,,,,,,,,,,,,,
AL,UNNAMED,1899,3,133,18990904,0,,EX,39.0N,25.5W,60,,,,,,,,,,,,,
AL,UNNAMED,1899,3,133,18990904,600,,EX,41.5N,22.5W,55,,,,,,,,,,,,,
AL,UNNAMED,1899,3,133,18990904,1200,,EX,45.0N,18.5W,50,,,,,,,,,,,,,
AL,UNNAMED,1899,3,133,18990904,1800,,EX,49.0N,15.5W,45,,,,,,,,,,,,,
AL,UNNAMED,1899,4,43,18990829,600,,TS,16.8N,57.3W,60,,,,,,,,,,,,,
AL,UNNAMED,1899,4,43,18990829,1200,,TS,16.8N,58.5W,60,,,,,,,,,,,,,
AL,UNNAMED,1899,4,43,18990829,1800,,TS,16.8N,59.7W,60,,,,,,,,,,,,,
AL,UNNAMED,1899,4,43,18990830,0,,HU,16.8N,60.8W,65,,,,,,,,,,,,,
AL,UNNAMED,1899,4,43,18990830,600,,HU,16.8N,61.9W,70,,,,,,,,,,,,,
AL,UNNAMED,1899,4,43,18990830,1200,,HU,16.7N,63.0W,70,,,,,,,,,,,,,
AL,UNNAMED,1899,4,43,18990830,1800,,HU,16.6N,64.1W,70,,,,,,,,,,,,,
AL,UNNAMED,1899,4,43,18990831,0,,HU,16.6N,65.4W,70,,,,,,,,,,,,,
AL,UNNAMED,1899,4,43,18990831,600,,HU,16.6N,66.7W,70,,,,,,,,,,,,,
AL,UNNAMED,1899,4,43,18990831,1200,,HU,16.5N,68.0W,70,,,,,,,,,,,,,
AL,UNNAMED,1899,4,43,18990831,1800,,HU,16.6N,69.0W,70,,,,,,,,,,,,,
AL,UNNAMED,1899,4,43,18990901,0,,HU,16.7N,70.0W,70,,,,,,,,,,,,,
AL,UNNAMED,1899,4,43,18990901,600,,HU,17.0N,71.0W,70,,,,,,,,,,,,,
AL,UNNAMED,1899,4,43,18990901,1200,,HU,17.5N,72.0W,70,,,,,,,,,,,,,
AL,UNNAMED,1899,4,43,18990901,1800,,TS,18.5N,72.2W,55,,,,,,,,,,,,,
AL,UNNAMED,1899,4,43,18990902,0,,TS,19.2N,72.1W,40,,,,,,,,,,,,,
AL,UNNAMED,1899,4,43,18990902,600,,TS,20.0N,71.9W,50,,,,,,,,,,,,,
AL,UNNAMED,1899,4,43,18990902,1200,,TS,20.7N,71.7W,55,,,,,,,,,,,,,
AL,UNNAMED,1899,4,43,18990902,1800,,TS,21.7N,71.2W,60,,,,,,,,,,,,,
AL,UNNAMED,1899,4,43,18990903,0,,HU,22.6N,70.8W,65,,,,,,,,,,,,,
AL,UNNAMED,1899,4,43,18990903,600,,HU,23.6N,70.3W,75,,,,,,,,,,,,,
AL,UNNAMED,1899,4,43,18990903,1200,,HU,24.5N,70.0W,85,,,,,,,,,,,,,
AL,UNNAMED,1899,4,43,18990903,1800,,HU,25.7N,69.3W,90,,,,,,,,,,,,,
AL,UNNAMED,1899,4,43,18990904,0,,HU,27.0N,68.7W,90,,,,,,,,,,,,,
AL,UNNAMED,1899,4,43,18990904,600,,HU,28.2N,68.1W,90,,,,,,,,,,,,,
AL,UNNAMED,1899,4,43,18990904,1200,,HU,29.5N,67.5W,85,,,,,,,,,,,,,
AL,UNNAMED,1899,4,43,18990904,1800,,HU,31.6N,66.0W,80,,,,,,,,,,,,,
AL,UNNAMED,1899,4,43,18990905,0,,HU,33.3N,63.9W,75,,,,,,,,,,,,,
AL,UNNAMED,1899,4,43,18990905,600,,HU,34.5N,61.7W,65,,,,,,,,,,,,,
AL,UNNAMED,1899,4,43,18990905,1200,,EX,35.5N,59.5W,60,,,,,,,,,,,,,
AL,UNNAMED,1899,4,43,18990905,1800,,EX,36.1N,58.3W,60,,,,,,,,,,,,,
AL,UNNAMED,1899,4,43,18990906,0,,EX,36.6N,57.1W,60,,,,,,,,,,,,,
AL,UNNAMED,1899,4,43,18990906,600,,EX,37.2N,55.8W,60,,,,,,,,,,,,,
AL,UNNAMED,1899,4,43,18990906,1200,,EX,38.0N,54.4W,60,,,,,,,,,,,,,
AL,UNNAMED,1899,4,43,18990906,1800,,EX,38.9N,53.0W,60,,,,,,,,,,,,,
AL,UNNAMED,1899,4,43,18990907,0,,EX,39.8N,51.7W,60,,,,,,,,,,,,,
AL,UNNAMED,1899,4,43,18990907,600,,EX,40.8N,50.7W,60,,,,,,,,,,,,,
AL,UNNAMED,1899,4,43,18990907,1200,,EX,41.8N,49.8W,60,,,,,,,,,,,,,
AL,UNNAMED,1899,4,43,18990907,1800,,EX,42.9N,49.0W,55,,,,,,,,,,,,,
AL,UNNAMED,1899,4,43,18990908,0,,EX,44.1N,48.2W,50,,,,,,,,,,,,,
AL,UNNAMED,1899,4,43,18990908,600,,EX,45.4N,47.6W,45,,,,,,,,,,,,,
AL,UNNAMED,1899,4,43,18990908,1200,,EX,46.7N,47.1W,40,,,,,,,,,,,,,
AL,UNNAMED,1899,4,43,18990908,1800,,EX,48.1N,47.0W,40,,,,,,,,,,,,,
AL,UNNAMED,1899,5,52,18990903,0,,TS,13.2N,38.4W,35,,,,,,,,,,,,,
AL,UNNAMED,1899,5,52,18990903,600,,TS,13.2N,40.2W,35,,,,,,,,,,,,,
AL,UNNAMED,1899,5,52,18990903,1200,,TS,13.4N,42.0W,35,,,,,,,,,,,,,
AL,UNNAMED,1899,5,52,18990903,1800,,TS,13.8N,44.0W,35,,,,,,,,,,,,,
AL,UNNAMED,1899,5,52,18990904,0,,TS,14.2N,45.8W,35,,,,,,,,,,,,,
AL,UNNAMED,1899,5,52,18990904,600,,TS,14.5N,47.3W,35,,,,,,,,,,,,,
AL,UNNAMED,1899,5,52,18990904,1200,,TS,14.7N,48.3W,40,,,,,,,,,,,,,
AL,UNNAMED,1899,5,52,18990904,1800,,TS,14.9N,49.0W,45,,,,,,,,,,,,,
AL,UNNAMED,1899,5,52,18990905,0,,TS,15.0N,49.7W,50,,,,,,,,,,,,,
AL,UNNAMED,1899,5,52,18990905,600,,TS,15.1N,50.4W,55,,,,,,,,,,,,,
AL,UNNAMED,1899,5,52,18990905,1200,,TS,15.3N,51.1W,60,,,,,,,,,,,,,
AL,UNNAMED,1899,5,52,18990905,1800,,HU,15.5N,51.9W,65,,,,,,,,,,,,,
AL,UNNAMED,1899,5,52,18990906,0,,HU,15.8N,52.7W,70,,,,,,,,,,,,,
AL,UNNAMED,1899,5,52,18990906,600,,HU,16.0N,53.4W,70,,,,,,,,,,,,,
AL,UNNAMED,1899,5,52,18990906,1200,,HU,16.2N,54.2W,70,,,,,,,,,,,,,
AL,UNNAMED,1899,5,52,18990906,1800,,HU,16.4N,54.9W,70,,,,,,,,,,,,,
AL,UNNAMED,1899,5,52,18990907,0,,HU,16.5N,55.4W,70,,,,,,,,,,,,,
AL,UNNAMED,1899,5,52,18990907,600,,HU,16.6N,56.0W,75,,,,,,,,,,,,,
AL,UNNAMED,1899,5,52,18990907,1200,,HU,16.8N,56.8W,80,,,,,,,,,,,,,
AL,UNNAMED,1899,5,52,18990907,1800,,HU,17.0N,57.7W,85,,,,,,,,,,,,,
AL,UNNAMED,1899,5,52,18990908,0,,HU,17.2N,58.6W,85,,,,,,,,,,,,,
AL,UNNAMED,1899,5,52,18990908,600,,HU,17.3N,59.5W,90,,,,,,,,,,,,,
AL,UNNAMED,1899,5,52,18990908,1200,,HU,17.5N,60.5W,95,,,,,,,,,,,,,
AL,UNNAMED,1899,5,52,18990908,1800,,HU,18.0N,61.7W,100,,,,,,,,,,,,,
AL,UNNAMED,1899,5,52,18990909,0,,HU,18.4N,62.6W,100,,,,,,,,,,,,,
AL,UNNAMED,1899,5,52,18990909,600,,HU,18.9N,63.6W,105,,,,,,,,,,,,,
AL,UNNAMED,1899,5,52,18990909,1200,,HU,19.5N,64.5W,105,,,,,,,,,,,,,
AL,UNNAMED,1899,5,52,18990909,1800,,HU,20.0N,65.7W,105,,,,,,,,,,,,,
AL,UNNAMED,1899,5,52,18990910,0,,HU,20.5N,66.8W,105,,,,,,,,,,,,,
AL,UNNAMED,1899,5,52,18990910,600,,HU,21.1N,67.7W,105,,,,,,,,,,,,,
AL,UNNAMED,1899,5,52,18990910,1200,,HU,21.7N,68.7W,105,,,,,,,,,,,,,
AL,UNNAMED,1899,5,52,18990910,1800,,HU,22.5N,69.4W,105,,,,,,,,,,,,,
AL,UNNAMED,1899,5,52,18990911,0,,HU,23.2N,69.6W,105,,,,,,,,,,,,,
AL,UNNAMED,1899,5,52,18990911,600,,HU,24.2N,69.8W,105,,,,,,,,,,,,,
AL,UNNAMED,1899,5,52,18990911,1200,,HU,25.0N,70.0W,105,,,,,,,,,,,,,
AL,UNNAMED,1899,5,52,18990911,1800,,HU,25.9N,69.8W,105,,,,,,,,,,,,,
AL,UNNAMED,1899,5,52,18990912,0,,HU,26.9N,69.6W,105,,,,,,,,,,,,,
AL,UNNAMED,1899,5,52,18990912,600,,HU,27.8N,69.0W,105,,,,,,,,,,,,,
AL,UNNAMED,1899,5,52,18990912,1200,,HU,28.7N,68.3W,105,,,,,,,,,,,,,
AL,UNNAMED,1899,5,52,18990912,1800,,HU,29.8N,67.3W,105,,,,,,,,,,,,,
AL,UNNAMED,1899,5,52,18990913,0,,HU,31.0N,66.0W,105,,,,,,,,,,,,,
AL,UNNAMED,1899,5,52,18990913,600,,HU,32.2N,64.6W,105,939,,,,,,,,,,,,
AL,UNNAMED,1899,5,52,18990913,1200,,HU,33.5N,63.2W,105,,,,,,,,,,,,,
AL,UNNAMED,1899,5,52,18990913,1800,,HU,34.9N,61.9W,100,,,,,,,,,,,,,
AL,UNNAMED,1899,5,52,18990914,0,,HU,36.5N,60.5W,95,,,,,,,,,,,,,
AL,UNNAMED,1899,5,52,18990914,600,,HU,38.5N,58.8W,90,,,,,,,,,,,,,
AL,UNNAMED,1899,5,52,18990914,1200,,HU,40.5N,57.0W,85,,,,,,,,,,,,,
AL,UNNAMED,1899,5,52,18990914,1800,,HU,43.1N,55.1W,80,,,,,,,,,,,,,
AL,UNNAMED,1899,5,52,18990915,0,,HU,45.8N,53.5W,75,,,,,,,,,,,,,
AL,UNNAMED,1899,5,52,18990915,600,,EX,48.9N,52.5W,60,,,,,,,,,,,,,
AL,UNNAMED,1899,5,52,18990915,1200,,EX,52.0N,52.5W,50,,,,,,,,,,,,,
AL,UNNAMED,1899,5,52,18990915,1800,,EX,55.0N,53.0W,40,,,,,,,,,,,,,
AL,UNNAMED,1899,6,26,18991002,600,,TS,20.0N,84.1W,35,,,,,,,,,,,,,
AL,UNNAMED,1899,6,26,18991002,1200,,TS,20.5N,84.7W,35,,,,,,,,,,,,,
AL,UNNAMED,1899,6,26,18991002,1800,,TS,21.1N,85.1W,40,,,,,,,,,,,,,
AL,UNNAMED,1899,6,26,18991003,0,,TS,21.8N,85.5W,40,,,,,,,,,,,,,
AL,UNNAMED,1899,6,26,18991003,600,,TS,22.7N,86.0W,40,,,,,,,,,,,,,
AL,UNNAMED,1899,6,26,18991003,1200,,TS,23.7N,86.5W,45,,,,,,,,,,,,,
AL,UNNAMED,1899,6,26,18991003,1800,,TS,24.5N,86.8W,50,,,,,,,,,,,,,
AL,UNNAMED,1899,6,26,18991004,0,,TS,25.5N,87.1W,50,,,,,,,,,,,,,
AL,UNNAMED,1899,6,26,18991004,600,,TS,26.5N,87.2W,50,,,,,,,,,,,,,
AL,UNNAMED,1899,6,26,18991004,1200,,TS,27.3N,87.0W,50,,,,,,,,,,,,,
AL,UNNAMED,1899,6,26,18991004,1800,,TS,27.8N,86.0W,50,,,,,,,,,,,,,
AL,UNNAMED,1899,6,26,18991005,0,,TS,27.8N,84.8W,50,,,,,,,,,,,,,
AL,UNNAMED,1899,6,26,18991005,600,,TS,27.8N,83.5W,50,,,,,,,,,,,,,
AL,UNNAMED,1899,6,26,18991005,1000,L,TS,27.9N,82.8W,50,,,,,,,,,,,,,
AL,UNNAMED,1899,6,26,18991005,1200,,TS,28.0N,82.5W,40,,,,,,,,,,,,,
AL,UNNAMED,1899,6,26,18991005,1800,,TS,29.3N,81.1W,40,,,,,,,,,,,,,
AL,UNNAMED,1899,6,26,18991006,0,,TS,30.9N,79.6W,40,,,,,,,,,,,,,
AL,UNNAMED,1899,6,26,18991006,600,,EX,32.4N,78.3W,40,,,,,,,,,,,,,
AL,UNNAMED,1899,6,26,18991006,1200,,EX,34.4N,76.3W,35,,,,,,,,,,,,,
AL,UNNAMED,1899,6,26,18991006,1800,,EX,37.1N,72.7W,35,,,,,,,,,,,,,
AL,UNNAMED,1899,6,26,18991007,0,,EX,40.3N,68.8W,35,,,,,,,,,,,,,
AL,UNNAMED,1899,6,26,18991007,600,,EX,43.6N,64.8W,35,,,,,,,,,,,,,
AL,UNNAMED,1899,6,26,18991007,1200,,EX,46.3N,61.3W,35,,,,,,,,,,,,,
AL,UNNAMED,1899,6,26,18991007,1800,,EX,49.3N,57.5W,35,,,,,,,,,,,,,
AL,UNNAMED,1899,6,26,18991008,0,,EX,52.2N,53.7W,35,,,,,,,,,,,,,
AL,UNNAMED,1899,6,26,18991008,600,,EX,55.0N,49.9W,35,,,,,,,,,,,,,
AL,UNNAMED,1899,7,17,18991010,1200,,TS,10.0N,35.0W,40,,,,,,,,,,,,,
AL,UNNAMED,1899,7,17,18991010,1800,,TS,10.7N,35.7W,40,,,,,,,,,,,,,
AL,UNNAMED,1899,7,17,18991011,0,,TS,11.3N,36.3W,40,,,,,,,,,,,,,
AL,UNNAMED,1899,7,17,18991011,600,,TS,11.9N,36.9W,40,,,,,,,,,,,,,
AL,UNNAMED,1899,7,17,18991011,1200,,TS,12.5N,37.5W,40,,,,,,,,,,,,,
AL,UNNAMED,1899,7,17,18991011,1800,,TS,13.2N,38.2W,40,,,,,,,,,,,,,
AL,UNNAMED,1899,7,17,18991012,0,,TS,13.8N,38.8W,40,,,,,,,,,,,,,
AL,UNNAMED,1899,7,17,18991012,600,,TS,14.4N,39.4W,40,,,,,,,,,,,,,
AL,UNNAMED,1899,7,17,18991012,1200,,TS,15.0N,40.0W,40,,,,,,,,,,,,,
AL,UNNAMED,1899,7,17,18991012,1800,,TS,15.7N,40.5W,40,,,,,,,,,,,,,
AL,UNNAMED,1899,7,17,18991013,0,,TS,16.3N,41.0W,40,,,,,,,,,,,,,
AL,UNNAMED,1899,7,17,18991013,600,,TS,16.9N,41.4W,40,,,,,,,,,,,,,
AL,UNNAMED,1899,7,17,18991013,1200,,TS,17.5N,41.8W,40,,,,,,,,,,,,,
AL,UNNAMED,1899,7,17,18991013,1800,,TS,18.3N,42.3W,40,,,,,,,,,,,,,
AL,UNNAMED,1899,7,17,18991014,0,,TS,19.3N,42.7W,40,,,,,,,,,,,,,
AL,UNNAMED,1899,7,17,18991014,600,,TS,20.4N,43.1W,40,,,,,,,,,,,,,
AL,UNNAMED,1899,7,17,18991014,1200,,TS,21.5N,43.5W,40,,,,,,,,,,,,,
AL,UNNAMED,1899,8,14,18991015,1200,,TD,25.5N,77.5W,30,,,,,,,,,,,,,
AL,UNNAMED,1899,8,14,18991015,1800,,TD,26.0N,76.3W,30,,,,,,,,,,,,,
AL,UNNAMED,1899,8,14,18991016,0,,TS,26.6N,75.2W,35,,,,,,,,,,,,,
AL,UNNAMED,1899,8,14,18991016,600,,TS,27.3N,74.2W,35,,,,,,,,,,,,,
AL,UNNAMED,1899,8,14,18991016,1200,,TS,28.0N,73.5W,40,,,,,,,,,,,,,
AL,UNNAMED,1899,8,14,18991016,1800,,TS,28.8N,73.5W,40,,,,,,,,,,,,,
AL,UNNAMED,1899,8,14,18991017,0,,TS,29.7N,74.3W,40,,,,,,,,,,,,,
AL,UNNAMED,1899,8,14,18991017,600,,TS,30.6N,75.3W,40,,,,,,,,,,,,,
AL,UNNAMED,1899,8,14,18991017,1200,,TS,31.5N,76.0W,35,,,,,,,,,,,,,
AL,UNNAMED,1899,8,14,18991017,1800,,TS,32.5N,76.2W,35,,,,,,,,,,,,,
AL,UNNAMED,1899,8,14,18991018,0,,TD,33.5N,75.7W,30,,,,,,,,,,,,,
AL,UNNAMED,1899,8,14,18991018,600,,TD,34.5N,75.0W,30,,,,,,,,,,,,,
AL,UNNAMED,1899,8,14,18991018,1200,,TD,35.5N,74.0W,25,,,,,,,,,,,,,
AL,UNNAMED,1899,8,14,18991018,1800,,TD,36.5N,72.5W,25,,,,,,,,,,,,,
AL,UNNAMED,1899,9,41,18991026,0,,TS,16.2N,78.8W,35,,,,,,,,,,,,,
AL,UNNAMED,1899,9,41,18991026,600,,TS,16.6N,78.9W,35,,,,,,,,,,,,,
AL,UNNAMED,1899,9,41,18991026,1200,,TS,17.0N,79.0W,35,,,,,,,,,,,,,
AL,UNNAMED,1899,9,41,18991026,1800,,TS,17.4N,79.1W,35,,,,,,,,,,,,,
AL,UNNAMED,1899,9,41,18991027,0,,TS,17.8N,79.2W,40,,,,,,,,,,,,,
AL,UNNAMED,1899,9,41,18991027,600,,TS,18.2N,79.3W,40,,,,,,,,,,,,,
AL,UNNAMED,1899,9,41,18991027,1200,,TS,18.5N,79.4W,45,,,,,,,,,,,,,
AL,UNNAMED,1899,9,41,18991027,1800,,TS,18.8N,79.5W,50,,,,,,,,,,,,,
AL,UNNAMED,1899,9,41,18991028,0,,TS,19.1N,79.6W,55,,,,,,,,,,,,,
AL,UNNAMED,1899,9,41,18991028,600,,TS,19.4N,79.7W,60,,,,,,,,,,,,,
AL,UNNAMED,1899,9,41,18991028,1200,,HU,20.0N,79.8W,65,,,,,,,,,,,,,
AL,UNNAMED,1899,9,41,18991028,1800,,HU,20.6N,79.7W,70,,,,,,,,,,,,,
AL,UNNAMED,1899,9,41,18991029,0,,HU,21.3N,79.6W,70,,,,,,,,,,,,,
AL,UNNAMED,1899,9,41,18991029,600,,HU,22.1N,79.5W,70,,,,,,,,,,,,,
AL,UNNAMED,1899,9,41,18991029,1200,,TS,22.9N,79.4W,60,,,,,,,,,,,,,
AL,UNNAMED,1899,9,41,18991029,1800,,HU,23.9N,79.0W,65,,,,,,,,,,,,,
AL,UNNAMED,1899,9,41,18991030,0,,HU,25.5N,78.6W,75,,,,,,,,,,,,,
AL,UNNAMED,1899,9,41,18991030,600,,HU,26.7N,78.3W,85,,,,,,,,,,,,,
AL,UNNAMED,1899,9,41,18991030,1200,,HU,28.0N,78.0W,95,,,,,,,,,,,,,
AL,UNNAMED,1899,9,41,18991030,1800,,HU,29.3N,78.3W,95,,,,,,,,,,,,,
AL,UNNAMED,1899,9,41,18991031,0,,HU,31.0N,78.6W,95,,,,,,,,,,,,,
AL,UNNAMED,1899,9,41,18991031,600,,HU,32.7N,78.9W,95,,,,,,,,,,,,,
AL,UNNAMED,1899,9,41,18991031,900,L,HU,33.6N,79.0W,95,,,,,,,,,,,,,
AL,UNNAMED,1899,9,41,18991031,1200,,HU,34.5N,79.0W,75,,,,,,,,,,,,,
AL,UNNAMED,1899,9,41,18991031,1800,,TS,36.2N,78.3W,55,,,,,,,,,,,,,
AL,UNNAMED,1899,9,41,18991101,0,,EX,38.1N,77.1W,50,,,,,,,,,,,,,
AL,UNNAMED,1899,9,41,18991101,600,,EX,40.1N,75.8W,50,,,,,,,,,,,,,
AL,UNNAMED,1899,9,41,18991101,1200,,EX,42.2N,73.9W,45,,,,,,,,,,,,,
AL,UNNAMED,1899,9,41,18991101,1800,,EX,43.8N,71.7W,45,,,,,,,,,,,,,
AL,UNNAMED,1899,9,41,18991102,0,,EX,45.3N,68.9W,40,,,,,,,,,,,,,
AL,UNNAMED,1899,9,41,18991102,600,,EX,46.6N,65.4W,40,,,,,,,,,,,,,
AL,UNNAMED,1899,9,41,18991102,1200,,EX,47.6N,61.2W,40,,,,,,,,,,,,,
AL,UNNAMED,1899,9,41,18991102,1800,,EX,48.4N,55.9W,40,,,,,,,,,,,,,
AL,UNNAMED,1899,9,41,18991103,0,,EX,48.9N,49.7W,45,,,,,,,,,,,,,
AL,UNNAMED,1899,9,41,18991103,600,,EX,49.5N,43.5W,50,,,,,,,,,,,,,
AL,UNNAMED,1899,9,41,18991103,1200,,EX,50.3N,38.0W,50,,,,,,,,,,,,,
AL,UNNAMED,1899,9,41,18991103,1800,,EX,51.3N,33.2W,50,,,,,,,,,,,,,
AL,UNNAMED,1899,9,41,18991104,0,,EX,52.4N,28.5W,45,,,,,,,,,,,,,
AL,UNNAMED,1899,9,41,18991104,600,,EX,53.6N,24.2W,40,,,,,,,,,,,,,
AL,UNNAMED,1899,9,41,18991104,1200,,EX,55.0N,20.2W,40,,,,,,,,,,,,,
AL,UNNAMED,1899,9,41,18991104,1800,,EX,57.8N,17.5W,40,,,,,,,,,,,,,
AL,UNNAMED,1899,10,16,18991107,0,,TS,11.7N,78.3W,35,,,,,,,,,,,,,
AL,UNNAMED,1899,10,16,18991107,600,,TS,12.2N,77.9W,35,,,,,,,,,,,,,
AL,UNNAMED,1899,10,16,18991107,1200,,TS,12.7N,77.5W,40,,,,,,,,,,,,,
AL,UNNAMED,1899,10,16,18991107,1800,,TS,13.6N,77.2W,40,,,,,,,,,,,,,
AL,UNNAMED,1899,10,16,18991108,0,,TS,14.6N,76.8W,45,,,,,,,,,,,,,
AL,UNNAMED,1899,10,16,18991108,600,,TS,15.9N,76.5W,50,,,,,,,,,,,,,
AL,UNNAMED,1899,10,16,18991108,1200,,TS,17.0N,76.5W,55,,,,,,,,,,,,,
AL,UNNAMED,1899,10,16,18991108,1800,,TS,18.0N,76.5W,55,,,,,,,,,,,,,
AL,UNNAMED,1899,10,16,18991109,0,,TS,18.9N,76.6W,45,,,,,,,,,,,,,
AL,UNNAMED,1899,10,16,18991109,600,,TS,19.8N,76.7W,45,,,,,,,,,,,,,
AL,UNNAMED,1899,10,16,18991109,1200,,TS,20.7N,76.7W,35,,,,,,,,,,,,,
AL,UNNAMED,1899,10,16,18991109,1800,,TS,22.5N,76.1W,35,,,,,,,,,,,,,
AL,UNNAMED,1899,10,16,18991110,0,,TD,24.4N,74.8W,30,,,,,,,,,,,,,
AL,UNNAMED,1899,10,16,18991110,600,,TD,26.0N,73.3W,30,,,,,,,,,,,,,
AL,UNNAMED,1899,10,16,18991110,1200,,TD,27.5N,71.3W,30,,,,,,,,,,,,,
AL,UNNAMED,1899,10,16,18991110,1800,,TD,28.4N,69.5W,30,,,,,,,,,,,,,
AL,UNNAMED,1900,1,81,19000827,0,,TS,15.0N,42.1W,35,,,,,,,,,,,,,
AL,UNNAMED,1900,1,81,19000827,600,,TS,15.2N,43.4W,35,,,,,,,,,,,,,
AL,UNNAMED,1900,1,81,19000827,1200,,TS,15.3N,44.7W,35,,,,,,,,,,,,,
AL,UNNAMED,1900,1,81,19000827,1800,,TS,15.4N,45.6W,35,,,,,,,,,,,,,
AL,UNNAMED,1900,1,81,19000828,0,,TS,15.6N,46.6W,35,,,,,,,,,,,,,
AL,UNNAMED,1900,1,81,19000828,600,,TS,15.8N,47.9W,35,,,,,,,,,,,,,
AL,UNNAMED,1900,1,81,19000828,1200,,TS,16.0N,49.1W,35,,,,,,,,,,,,,
AL,UNNAMED,1900,1,81,19000828,1800,,TS,16.1N,50.3W,35,,,,,,,,,,,,,
AL,UNNAMED,1900,1,81,19000829,0,,TS,16.3N,51.4W,35,,,,,,,,,,,,,
AL,UNNAMED,1900,1,81,19000829,600,,TS,16.4N,52.4W,35,,,,,,,,,,,,,
AL,UNNAMED,1900,1,81,19000829,1200,,TS,16.5N,53.7W,40,,,,,,,,,,,,,
AL,UNNAMED,1900,1,81,19000829,1800,,TS,16.6N,55.1W,40,,,,,,,,,,,,,
AL,UNNAMED,1900,1,81,19000830,0,,TS,16.8N,56.6W,40,,,,,,,,,,,,,
AL,UNNAMED,1900,1,81,19000830,600,,TS,16.9N,58.0W,40,,,,,,,,,,,,,
AL,UNNAMED,1900,1,81,19000830,1200,,TS,17.0N,59.3W,45,,,,,,,,,,,,,
AL,UNNAMED,1900,1,81,19000830,1800,,TS,17.0N,60.6W,45,,,,,,,,,,,,,
AL,UNNAMED,1900,1,81,19000831,0,,TS,17.1N,61.9W,45,,,,,,,,,,,,,
AL,UNNAMED,1900,1,81,19000831,600,,TS,17.2N,63.3W,45,,,,,,,,,,,,,
AL,UNNAMED,1900,1,81,19000831,1200,,TS,17.3N,64.7W,45,,,,,,,,,,,,,
AL,UNNAMED,1900,1,81,19000831,1800,,TS,17.4N,65.6W,45,,,,,,,,,,,,,
AL,UNNAMED,1900,1,81,19000901,0,,TS,17.5N,66.4W,45,,,,,,,,,,,,,
AL,UNNAMED,1900,1,81,19000901,600,,TS,17.6N,67.4W,45,,,,,,,,,,,,,
AL,UNNAMED,1900,1,81,19000901,1200,,TS,17.7N,68.3W,45,,,,,,,,,,,,,
AL,UNNAMED,1900,1,81,19000901,1800,,TS,18.0N,69.2W,40,,,,,,,,,,,,,
AL,UNNAMED,1900,1,81,19000902,0,,TS,18.3N,70.3W,40,,,,,,,,,,,,,
AL,UNNAMED,1900,1,81,19000902,600,,TS,18.7N,71.3W,35,,,,,,,,,,,,,
AL,UNNAMED,1900,1,81,19000902,1200,,TS,19.0N,72.3W,35,,,,,,,,,,,,,
AL,UNNAMED,1900,1,81,19000902,1800,,TS,19.3N,73.2W,35,,,,,,,,,,,,,
AL,UNNAMED,1900,1,81,19000903,0,,TS,19.5N,74.1W,35,,,,,,,,,,,,,
AL,UNNAMED,1900,1,81,19000903,600,,TS,19.7N,75.0W,35,,,,,,,,,,,,,
AL,UNNAMED,1900,1,81,19000903,1200,,TS,20.0N,76.0W,35,,,,,,,,,,,,,
AL,UNNAMED,1900,1,81,19000903,1800,,TS,20.3N,76.6W,35,,,,,,,,,,,,,
AL,UNNAMED,1900,1,81,19000904,0,,TS,20.6N,77.2W,35,,,,,,,,,,,,,
AL,UNNAMED,1900,1,81,19000904,600,,TS,21.0N,77.7W,35,,,,,,,,,,,,,
AL,UNNAMED,1900,1,81,19000904,1200,,TS,21.3N,78.3W,35,,,,,,,,,,,,,
AL,UNNAMED,1900,1,81,19000904,1800,,TS,21.6N,78.9W,35,,,,,,,,,,,,,
AL,UNNAMED,1900,1,81,19000905,0,,TS,22.0N,79.5W,35,,,,,,,,,,,,,
AL,UNNAMED,1900,1,81,19000905,600,,TS,22.4N,80.1W,35,,,,,,,,,,,,,
AL,UNNAMED,1900,1,81,19000905,1200,,TS,23.0N,80.7W,45,,,,,,,,,,,,,
AL,UNNAMED,1900,1,81,19000905,1800,,TS,23.5N,81.5W,55,,,,,,,,,,,,,
AL,UNNAMED,1900,1,81,19000906,0,,TS,24.1N,82.3W,60,,,,,,,,,,,,,
AL,UNNAMED,1900,1,81,19000906,600,,HU,24.8N,83.2W,65,,,,,,,,,,,,,
AL,UNNAMED,1900,1,81,19000906,1200,,HU,25.5N,84.1W,75,,,,,,,,,,,,,
AL,UNNAMED,1900,1,81,19000906,1800,,HU,26.1N,85.2W,85,974,,,,,,,,,,,,
AL,UNNAMED,1900,1,81,19000907,0,,HU,26.5N,86.2W,95,,,,,,,,,,,,,
AL,UNNAMED,1900,1,81,19000907,600,,HU,26.8N,87.4W,105,,,,,,,,,,,,,
AL,UNNAMED,1900,1,81,19000907,1200,,HU,27.0N,88.7W,115,,,,,,,,,,,,,
AL,UNNAMED,1900,1,81,19000907,1800,,HU,27.2N,89.7W,125,,,,,,,,,,,,,
AL,UNNAMED,1900,1,81,19000908,0,,HU,27.4N,90.6W,125,,,,,,,,,,,,,
AL,UNNAMED,1900,1,81,19000908,600,,HU,27.6N,91.5W,125,,,,,,,,,,,,,
AL,UNNAMED,1900,1,81,19000908,1200,,HU,27.8N,92.4W,120,,,,,,,,,,,,,
AL,UNNAMED,1900,1,81,19000908,1800,,HU,28.2N,93.5W,120,,,,,,,,,,,,,
AL,UNNAMED,1900,1,81,19000909,0,,HU,28.9N,94.7W,120,936,,,,,,,,,,,,
AL,UNNAMED,1900,1,81,19000909,200,L,HU,29.1N,95.1W,120,936,,,,,,,,,,,,
AL,UNNAMED,1900,1,81,19000909,600,,HU,29.8N,95.9W,90,,,,,,,,,,,,,
AL,UNNAMED,1900,1,81,19000909,1200,,HU,31.0N,96.9W,65,,,,,,,,,,,,,
AL,UNNAMED,1900,1,81,19000909,1800,,TS,32.2N,97.6W,50,,,,,,,,,,,,,
AL,UNNAMED,1900,1,81,19000910,0,,TS,33.4N,97.8W,45,,,,,,,,,,,,,
AL,UNNAMED,1900,1,81,19000910,600,,TS,34.7N,97.8W,40,,,,,,,,,,,,,
AL,UNNAMED,1900,1,81,19000910,1200,,TS,36.0N,97.6W,35,,,,,,,,,,,,,
AL,UNNAMED,1900,1,81,19000910,1800,,TD,37.4N,97.3W,30,,,,,,,,,,,,,
AL,UNNAMED,1900,1,81,19000911,0,,TD,38.8N,96.5W,30,,,,,,,,,,,,,
AL,UNNAMED,1900,1,81,19000911,600,,TD,40.2N,95.1W,30,,,,,,,,,,,,,
AL,UNNAMED,1900,1,81,19000911,1200,,EX,41.5N,92.4W,40,,,,,,,,,,,,,
AL,UNNAMED,1900,1,81,19000911,1800,,EX,42.6N,88.6W,50,,,,,,,,,,,,,
AL,UNNAMED,1900,1,81,19000912,0,,EX,43.4N,84.2W,55,,,,,,,,,,,,,
AL,UNNAMED,1900,1,81,19000912,600,,EX,44.3N,79.4W,60,,,,,,,,,,,,,
AL,UNNAMED,1900,1,81,19000912,1200,,EX,45.2N,74.5W,65,,,,,,,,,,,,,
AL,UNNAMED,1900,1,81,19000912,1800,,EX,46.3N,69.3W,65,,,,,,,,,,,,,
AL,UNNAMED,1900,1,81,19000913,0,,EX,47.5N,64.0W,65,,,,,,,,,,,,,
AL,UNNAMED,1900,1,81,19000913,600,,EX,48.6N,58.7W,65,,,,,,,,,,,,,
AL,UNNAMED,1900,1,81,19000913,1200,,EX,49.7N,53.9W,65,,,,,,,,,,,,,
AL,UNNAMED,1900,1,81,19000913,1800,,EX,50.6N,49.8W,60,,,,,,,,,,,,,
AL,UNNAMED,1900,1,81,19000914,0,,EX,51.4N,46.2W,55,,,,,,,,,,,,,
AL,UNNAMED,1900,1,81,19000914,600,,EX,52.1N,43.0W,50,,,,,,,,,,,,,
AL,UNNAMED,1900,1,81,19000914,1200,,EX,53.0N,40.0W,45,,,,,,,,,,,,,
AL,UNNAMED,1900,1,81,19000914,1800,,EX,54.1N,37.2W,45,,,,,,,,,,,,,
AL,UNNAMED,1900,1,81,19000915,0,,EX,55.3N,34.6W,45,,,,,,,,,,,,,
AL,UNNAMED,1900,1,81,19000915,600,,EX,56.7N,32.2W,40,,,,,,,,,,,,,
AL,UNNAMED,1900,1,81,19000915,1200,,EX,58.2N,30.0W,40,,,,,,,,,,,,,
AL,UNNAMED,1900,1,81,19000915,1800,,EX,60.0N,28.0W,35,,,,,,,,,,,,,
AL,UNNAMED,1900,2,50,19000907,0,,TS,14.5N,28.0W,35,,,,,,,,,,,,,
AL,UNNAMED,1900,2,50,19000907,600,,TS,14.7N,29.5W,40,,,,,,,,,,,,,
AL,UNNAMED,1900,2,50,19000907,1200,,TS,15.0N,31.0W,45,,,,,,,,,,,,,
AL,UNNAMED,1900,2,50,19000907,1800,,TS,15.2N,32.3W,50,,,,,,,,,,,,,
AL,UNNAMED,1900,2,50,19000908,0,,TS,15.3N,33.6W,55,,,,,,,,,,,,,
AL,UNNAMED,1900,2,50,19000908,600,,TS,15.4N,34.8W,60,,,,,,,,,,,,,
AL,UNNAMED,1900,2,50,19000908,1200,,TS,15.5N,36.0W,60,,,,,,,,,,,,,
AL,UNNAMED,1900,2,50,19000908,1800,,TS,15.7N,37.3W,60,,,,,,,,,,,,,
AL,UNNAMED,1900,2,50,19000909,0,,TS,15.8N,38.6W,60,,,,,,,,,,,,,
AL,UNNAMED,1900,2,50,19000909,600,,TS,15.9N,39.8W,60,,,,,,,,,,,,,
AL,UNNAMED,1900,2,50,19000909,1200,,TS,16.0N,41.0W,60,,,,,,,,,,,,,
AL,UNNAMED,1900,2,50,19000909,1800,,TS,16.2N,42.3W,60,,,,,,,,,,,,,
AL,UNNAMED,1900,2,50,19000910,0,,TS,16.3N,43.6W,60,,,,,,,,,,,,,
AL,UNNAMED,1900,2,50,19000910,600,,TS,16.4N,44.8W,60,,,,,,,,,,,,,
AL,UNNAMED,1900,2,50,19000910,1200,,TS,16.5N,46.0W,60,,,,,,,,,,,,,
AL,UNNAMED,1900,2,50,19000910,1800,,TS,16.7N,47.2W,60,,,,,,,,,,,,,
AL,UNNAMED,1900,2,50,19000911,0,,TS,16.8N,48.3W,60,,,,,,,,,,,,,
AL,UNNAMED,1900,2,50,19000911,600,,TS,16.9N,49.4W,60,,,,,,,,,,,,,
AL,UNNAMED,1900,2,50,19000911,1200,,TS,17.0N,50.5W,60,,,,,,,,,,,,,
AL,UNNAMED,1900,2,50,19000911,1800,,TS,17.2N,51.7W,60,,,,,,,,,,,,,
AL,UNNAMED,1900,2,50,19000912,0,,TS,17.3N,52.8W,60,,,,,,,,,,,,,
AL,UNNAMED,1900,2,50,19000912,600,,TS,17.4N,53.9W,60,,,,,,,,,,,,,
AL,UNNAMED,1900,2,50,19000912,1200,,TS,17.5N,55.0W,60,,,,,,,,,,,,,
AL,UNNAMED,1900,2,50,19000912,1800,,TS,17.7N,56.1W,60,,,,,,,,,,,,,
AL,UNNAMED,1900,2,50,19000913,0,,TS,18.0N,57.2W,60,,,,,,,,,,,,,
AL,UNNAMED,1900,2,50,19000913,600,,TS,18.5N,58.3W,60,,,,,,,,,,,,,
AL,UNNAMED,1900,2,50,19000913,1200,,HU,19.0N,59.3W,65,,,,,,,,,,,,,
AL,UNNAMED,1900,2,50,19000913,1800,,HU,19.5N,60.0W,70,,,,,,,,,,,,,
AL,UNNAMED,1900,2,50,19000914,0,,HU,20.0N,60.6W,75,,,,,,,,,,,,,
AL,UNNAMED,1900,2,50,19000914,600,,HU,20.5N,61.3W,80,,,,,,,,,,,,,
AL,UNNAMED,1900,2,50,19000914,1200,,HU,21.0N,62.0W,80,,,,,,,,,,,,,
AL,UNNAMED,1900,2,50,19000914,1800,,HU,21.4N,62.5W,85,,,,,,,,,,,,,
AL,UNNAMED,1900,2,50,19000915,0,,HU,21.8N,63.1W,85,,,,,,,,,,,,,
AL,UNNAMED,1900,2,50,19000915,600,,HU,22.2N,63.5W,85,,,,,,,,,,,,,
AL,UNNAMED,1900,2,50,19000915,1200,,HU,22.7N,64.0W,85,,,,,,,,,,,,,
AL,UNNAMED,1900,2,50,19000915,1800,,HU,23.4N,64.7W,85,,,,,,,,,,,,,
AL,UNNAMED,1900,2,50,19000916,0,,HU,23.8N,65.0W,90,,,,,,,,,,,,,
AL,UNNAMED,1900,2,50,19000916,600,,HU,24.3N,65.3W,95,,,,,,,,,,,,,
AL,UNNAMED,1900,2,50,19000916,1200,,HU,25.0N,65.5W,100,,,,,,,,,,,,,
AL,UNNAMED,1900,2,50,19000916,1800,,HU,26.0N,65.7W,105,,,,,,,,,,,,,
AL,UNNAMED,1900,2,50,19000917,0,,HU,27.1N,65.6W,105,,,,,,,,,,,,,
AL,UNNAMED,1900,2,50,19000917,600,,HU,28.2N,65.4W,105,,,,,,,,,,,,,
AL,UNNAMED,1900,2,50,19000917,1200,,HU,29.3N,65.0W,100,,,,,,,,,,,,,
AL,UNNAMED,1900,2,50,19000917,1800,,HU,31.1N,64.1W,95,,,,,,,,,,,,,
AL,UNNAMED,1900,2,50,19000918,0,,HU,33.2N,62.6W,85,,,,,,,,,,,,,
AL,UNNAMED,1900,2,50,19000918,600,,HU,35.1N,60.4W,75,,,,,,,,,,,,,
AL,UNNAMED,1900,2,50,19000918,1200,,HU,36.5N,58.0W,65,,,,,,,,,,,,,
AL,UNNAMED,1900,2,50,19000918,1800,,TS,38.0N,56.0W,50,,,,,,,,,,,,,
AL,UNNAMED,1900,2,50,19000919,0,,TS,39.7N,53.3W,35,,,,,,,,,,,,,
AL,UNNAMED,1900,2,50,19000919,600,,TD,41.5N,49.8W,30,,,,,,,,,,,,,
AL,UNNAMED,1900,3,62,19000908,1200,,TS,10.0N,18.5W,40,,,,,,,,,,,,,
AL,UNNAMED,1900,3,62,19000908,1800,,TS,10.3N,19.4W,45,,,,,,,,,,,,,
AL,UNNAMED,1900,3,62,19000909,0,,TS,10.6N,20.3W,50,,,,,,,,,,,,,
AL,UNNAMED,1900,3,62,19000909,600,,TS,10.9N,21.2W,55,,,,,,,,,,,,,
AL,UNNAMED,1900,3,62,19000909,1200,,TS,11.2N,22.1W,60,,,,,,,,,,,,,
AL,UNNAMED,1900,3,62,19000909,1800,,HU,11.6N,23.0W,65,,,,,,,,,,,,,
AL,UNNAMED,1900,3,62,19000910,0,,HU,12.0N,23.9W,70,,,,,,,,,,,,,
AL,UNNAMED,1900,3,62,19000910,600,,HU,12.5N,24.8W,70,,,,,,,,,,,,,
AL,UNNAMED,1900,3,62,19000910,1200,,HU,13.0N,25.7W,70,,,,,,,,,,,,,
AL,UNNAMED,1900,3,62,19000910,1800,,HU,13.5N,26.3W,70,,,,,,,,,,,,,
AL,UNNAMED,1900,3,62,19000911,0,,HU,14.0N,27.0W,70,,,,,,,,,,,,,
AL,UNNAMED,1900,3,62,19000911,600,,HU,14.5N,27.7W,70,,,,,,,,,,,,,
AL,UNNAMED,1900,3,62,19000911,1200,,HU,15.0N,28.3W,75,,,,,,,,,,,,,
AL,UNNAMED,1900,3,62,19000911,1800,,HU,15.5N,29.1W,80,,,,,,,,,,,,,
AL,UNNAMED,1900,3,62,19000912,0,,HU,15.9N,29.9W,85,,,,,,,,,,,,,
AL,UNNAMED,1900,3,62,19000912,600,,HU,16.4N,30.6W,85,,,,,,,,,,,,,
AL,UNNAMED,1900,3,62,19000912,1200,,HU,17.1N,31.3W,85,,,,,,,,,,,,,
AL,UNNAMED,1900,3,62,19000912,1800,,HU,18.6N,32.0W,85,,,,,,,,,,,,,
AL,UNNAMED,1900,3,62,19000913,0,,HU,19.7N,32.6W,85,,,,,,,,,,,,,
AL,UNNAMED,1900,3,62,19000913,600,,HU,20.8N,33.0W,85,,,,,,,,,,,,,
AL,UNNAMED,1900,3,62,19000913,1200,,HU,22.0N,33.5W,85,,,,,,,,,,,,,
AL,UNNAMED,1900,3,62,19000913,1800,,HU,23.0N,33.9W,85,,,,,,,,,,,,,
AL,UNNAMED,1900,3,62,19000914,0,,HU,24.0N,34.3W,85,,,,,,,,,,,,,
AL,UNNAMED,1900,3,62,19000914,600,,HU,25.0N,34.7W,85,,,,,,,,,,,,,
AL,UNNAMED,1900,3,62,19000914,1200,,HU,26.0N,35.0W,85,,,,,,,,,,,,,
AL,UNNAMED,1900,3,62,19000914,1800,,HU,26.9N,34.6W,85,,,,,,,,,,,,,
AL,UNNAMED,1900,3,62,19000915,0,,HU,28.1N,33.9W,80,,,,,,,,,,,,,
AL,UNNAMED,1900,3,62,19000915,600,,HU,29.0N,33.1W,75,,,,,,,,,,,,,
AL,UNNAMED,1900,3,62,19000915,1200,,HU,29.7N,32.3W,75,,,,,,,,,,,,,
AL,UNNAMED,1900,3,62,19000915,1800,,HU,30.0N,31.8W,75,,,,,,,,,,,,,
AL,UNNAMED,1900,3,62,19000916,0,,HU,30.2N,31.3W,75,,,,,,,,,,,,,
AL,UNNAMED,1900,3,62,19000916,600,,HU,30.4N,30.7W,75,,,,,,,,,,,,,
AL,UNNAMED,1900,3,62,19000916,1200,,HU,30.4N,30.0W,75,,,,,,,,,,,,,
AL,UNNAMED,1900,3,62,19000916,1800,,HU,30.3N,29.5W,75,,,,,,,,,,,,,
AL,UNNAMED,1900,3,62,19000917,0,,HU,30.1N,29.0W,75,,,,,,,,,,,,,
AL,UNNAMED,1900,3,62,19000917,600,,HU,29.5N,28.8W,75,,,,,,,,,,,,,
AL,UNNAMED,1900,3,62,19000917,1200,,HU,29.0N,29.0W,75,,,,,,,,,,,,,
AL,UNNAMED,1900,3,62,19000917,1800,,HU,28.8N,29.5W,75,,,,,,,,,,,,,
AL,UNNAMED,1900,3,62,19000918,0,,HU,28.6N,30.1W,75,,,,,,,,,,,,,
AL,UNNAMED,1900,3,62,19000918,600,,HU,28.4N,30.7W,75,,,,,,,,,,,,,
AL,UNNAMED,1900,3,62,19000918,1200,,HU,28.2N,31.5W,70,,,,,,,,,,,,,
AL,UNNAMED,1900,3,62,19000918,1800,,HU,27.8N,32.5W,70,,,,,,,,,,,,,
AL,UNNAMED,1900,3,62,19000919,0,,HU,27.2N,33.7W,65,,,,,,,,,,,,,
AL,UNNAMED,1900,3,62,19000919,600,,HU,26.7N,34.9W,65,,,,,,,,,,,,,
AL,UNNAMED,1900,3,62,19000919,1200,,HU,26.5N,36.5W,65,,,,,,,,,,,,,
AL,UNNAMED,1900,3,62,19000919,1800,,HU,26.6N,38.1W,65,,,,,,,,,,,,,
AL,UNNAMED,1900,3,62,19000920,0,,HU,27.0N,39.9W,65,,,,,,,,,,,,,
AL,UNNAMED,1900,3,62,19000920,600,,TS,27.5N,41.6W,60,,,,,,,,,,,,,
AL,UNNAMED,1900,3,62,19000920,1200,,TS,28.0N,43.0W,50,,,,,,,,,,,,,
AL,UNNAMED,1900,3,62,19000920,1800,,TS,28.4N,44.2W,45,,,,,,,,,,,,,
AL,UNNAMED,1900,3,62,19000921,0,,TS,28.9N,45.1W,40,,,,,,,,,,,,,
AL,UNNAMED,1900,3,62,19000921,600,,TS,29.3N,45.9W,40,,,,,,,,,,,,,
AL,UNNAMED,1900,3,62,19000921,1200,,TS,29.6N,46.6W,35,,,,,,,,,,,,,
AL,UNNAMED,1900,3,62,19000921,1800,,TS,29.8N,47.2W,35,,,,,,,,,,,,,
AL,UNNAMED,1900,3,62,19000922,0,,TS,29.9N,47.7W,35,,,,,,,,,,,,,
AL,UNNAMED,1900,3,62,19000922,600,,TS,30.0N,48.3W,35,,,,,,,,,,,,,
AL,UNNAMED,1900,3,62,19000922,1200,,TS,30.1N,48.9W,35,,,,,,,,,,,,,
AL,UNNAMED,1900,3,62,19000922,1800,,TD,30.2N,49.5W,30,,,,,,,,,,,,,
AL,UNNAMED,1900,3,62,19000923,0,,TD,30.3N,50.2W,30,,,,,,,,,,,,,
AL,UNNAMED,1900,3,62,19000923,600,,TD,30.3N,50.8W,25,,,,,,,,,,,,,
AL,UNNAMED,1900,3,62,19000923,1200,,TD,30.4N,51.5W,25,,,,,,,,,,,,,
AL,UNNAMED,1900,3,62,19000923,1800,,TD,30.6N,52.2W,20,,,,,,,,,,,,,
AL,UNNAMED,1900,4,21,19000911,0,,TS,20.0N,85.2W,35,,,,,,,,,,,,,
AL,UNNAMED,1900,4,21,19000911,600,,TS,20.9N,86.0W,40,,,,,,,,,,,,,
AL,UNNAMED,1900,4,21,19000911,1200,,TS,21.8N,87.0W,40,,,,,,,,,,,,,
AL,UNNAMED,1900,4,21,19000911,1800,,TS,22.8N,87.6W,45,,,,,,,,,,,,,
AL,UNNAMED,1900,4,21,19000912,0,,TS,23.8N,88.2W,45,,,,,,,,,,,,,
AL,UNNAMED,1900,4,21,19000912,600,,TS,24.8N,88.7W,45,,,,,,,,,,,,,
AL,UNNAMED,1900,4,21,19000912,1200,,TS,26.0N,89.3W,45,,,,,,,,,,,,,
AL,UNNAMED,1900,4,21,19000912,1800,,TS,27.0N,89.7W,45,,,,,,,,,,,,,
AL,UNNAMED,1900,4,21,19000913,0,,TS,28.1N,89.8W,45,,,,,,,,,,,,,
AL,UNNAMED,1900,4,21,19000913,600,L,TS,29.1N,89.5W,40,,,,,,,,,,,,,
AL,UNNAMED,1900,4,21,19000913,1200,,TS,30.0N,89.0W,35,,,,,,,,,,,,,
AL,UNNAMED,1900,4,21,19000913,1500,L,TS,30.3N,88.8W,35,,,,,,,,,,,,,
AL,UNNAMED,1900,4,21,19000913,1800,,TS,30.5N,88.6W,35,,,,,,,,,,,,,
AL,UNNAMED,1900,4,21,19000914,0,,TD,31.0N,88.3W,30,,,,,,,,,,,,,
AL,UNNAMED,1900,4,21,19000914,600,,TD,31.5N,87.8W,30,,,,,,,,,,,,,
AL,UNNAMED,1900,4,21,19000914,1200,,TD,32.0N,87.4W,30,,,,,,,,,,,,,
AL,UNNAMED,1900,4,21,19000914,1800,,TD,32.4N,86.9W,30,,,,,,,,,,,,,
AL,UNNAMED,1900,4,21,19000915,0,,TD,32.8N,86.3W,25,,,,,,,,,,,,,
AL,UNNAMED,1900,4,21,19000915,600,,TD,33.3N,85.5W,25,,,,,,,,,,,,,
AL,UNNAMED,1900,4,21,19000915,1200,,TD,33.7N,84.7W,25,,,,,,,,,,,,,
AL,UNNAMED,1900,4,21,19000915,1800,,TD,34.0N,83.3W,25,,,,,,,,,,,,,
AL,UNNAMED,1900,5,42,19001004,600,,TD,21.2N,61.3W,30,,,,,,,,,,,,,
AL,UNNAMED,1900,5,42,19001004,1200,,TD,22.2N,62.3W,30,,,,,,,,,,,,,
AL,UNNAMED,1900,5,42,19001004,1800,,TD,23.2N,62.8W,30,,,,,,,,,,,,,
AL,UNNAMED,1900,5,42,19001005,0,,TD,24.2N,63.1W,30,,,,,,,,,,,,,
AL,UNNAMED,1900,5,42,19001005,600,,TD,25.1N,63.7W,30,,,,,,,,,,,,,
AL,UNNAMED,1900,5,42,19001005,1200,,TD,25.9N,64.4W,30,,,,,,,,,,,,,
AL,UNNAMED,1900,5,42,19001005,1800,,TD,26.3N,65.3W,30,,,,,,,,,,,,,
AL,UNNAMED,1900,5,42,19001006,0,,TD,26.7N,66.2W,30,,,,,,,,,,,,,
AL,UNNAMED,1900,5,42,19001006,600,,TD,27.0N,67.1W,30,,,,,,,,,,,,,
AL,UNNAMED,1900,5,42,19001006,1200,,TD,27.2N,68.0W,30,,,,,,,,,,,,,
AL,UNNAMED,1900,5,42,19001006,1800,,TD,27.3N,68.8W,30,,,,,,,,,,,,,
AL,UNNAMED,1900,5,42,19001007,0,,TS,27.3N,69.5W,35,,,,,,,,,,,,,
AL,UNNAMED,1900,5,42,19001007,600,,TS,27.3N,70.2W,35,,,,,,,,,,,,,
AL,UNNAMED,1900,5,42,19001007,1200,,TS,27.4N,70.9W,40,,,,,,,,,,,,,
AL,UNNAMED,1900,5,42,19001007,1800,,TS,27.5N,71.6W,45,,,,,,,,,,,,,
AL,UNNAMED,1900,5,42,19001008,0,,TS,27.5N,72.4W,50,,,,,,,,,,,,,
AL,UNNAMED,1900,5,42,19001008,600,,TS,27.1N,72.9W,50,,,,,,,,,,,,,
AL,UNNAMED,1900,5,42,19001008,1200,,TS,26.5N,73.0W,55,,,,,,,,,,,,,
AL,UNNAMED,1900,5,42,19001008,1800,,TS,26.4N,72.1W,55,,,,,,,,,,,,,
AL,UNNAMED,1900,5,42,19001009,0,,TS,26.9N,71.5W,60,,,,,,,,,,,,,
AL,UNNAMED,1900,5,42,19001009,600,,TS,27.6N,71.1W,60,,,,,,,,,,,,,
AL,UNNAMED,1900,5,42,19001009,1200,,TS,29.0N,70.5W,60,,,,,,,,,,,,,
AL,UNNAMED,1900,5,42,19001009,1800,,TS,30.7N,69.5W,60,,,,,,,,,,,,,
AL,UNNAMED,1900,5,42,19001010,0,,TS,33.4N,68.8W,60,,,,,,,,,,,,,
AL,UNNAMED,1900,5,42,19001010,600,,EX,36.4N,68.5W,55,,,,,,,,,,,,,
AL,UNNAMED,1900,5,42,19001010,1200,,EX,38.5N,68.5W,50,,,,,,,,,,,,,
AL,UNNAMED,1900,5,42,19001010,1800,,EX,39.8N,68.5W,45,,,,,,,,,,,,,
AL,UNNAMED,1900,5,42,19001011,0,,EX,41.2N,68.5W,40,,,,,,,,,,,,,
AL,UNNAMED,1900,5,42,19001011,600,,EX,42.8N,68.1W,40,,,,,,,,,,,,,
AL,UNNAMED,1900,5,42,19001011,1200,,EX,44.0N,67.0W,40,,,,,,,,,,,,,
AL,UNNAMED,1900,5,42,19001011,1800,,EX,45.2N,63.9W,40,,,,,,,,,,,,,
AL,UNNAMED,1900,5,42,19001012,0,,EX,46.0N,60.6W,40,,,,,,,,,,,,,
AL,UNNAMED,1900,5,42,19001012,600,,EX,47.1N,58.4W,40,,,,,,,,,,,,,
AL,UNNAMED,1900,5,42,19001012,1200,,EX,48.5N,56.5W,40,,,,,,,,,,,,,
AL,UNNAMED,1900,5,42,19001012,1800,,EX,49.7N,54.9W,40,,,,,,,,,,,,,
AL,UNNAMED,1900,5,42,19001013,0,,EX,51.1N,53.1W,35,,,,,,,,,,,,,
AL,UNNAMED,1900,5,42,19001013,600,,EX,52.3N,51.6W,35,,,,,,,,,,,,,
AL,UNNAMED,1900,5,42,19001013,1200,,EX,53.7N,50.0W,35,,,,,,,,,,,,,
AL,UNNAMED,1900,5,42,19001013,1800,,EX,55.3N,48.2W,35,,,,,,,,,,,,,
AL,UNNAMED,1900,5,42,19001014,0,,EX,56.8N,46.8W,35,,,,,,,,,,,,,
AL,UNNAMED,1900,5,42,19001014,600,,EX,58.2N,45.7W,35,,,,,,,,,,,,,
AL,UNNAMED,1900,5,42,19001014,1200,,EX,59.5N,45.1W,35,,,,,,,,,,,,,
AL,UNNAMED,1900,6,24,19001010,600,,TS,21.0N,91.4W,35,,,,,,,,,,,,,
AL,UNNAMED,1900,6,24,19001010,1200,,TS,22.0N,91.0W,35,,,,,,,,,,,,,
AL,UNNAMED,1900,6,24,19001010,1800,,TS,23.5N,90.7W,35,,,,,,,,,,,,,
AL,UNNAMED,1900,6,24,19001011,0,,TS,24.8N,90.2W,35,,,,,,,,,,,,,
AL,UNNAMED,1900,6,24,19001011,600,,TS,26.1N,89.4W,40,,,,,,,,,,,,,
AL,UNNAMED,1900,6,24,19001011,1200,,TS,27.3N,88.5W,40,,,,,,,,,,,,,
AL,UNNAMED,1900,6,24,19001011,1800,,TS,28.5N,86.6W,40,,,,,,,,,,,,,
AL,UNNAMED,1900,6,24,19001012,0,,TS,29.2N,84.2W,40,,,,,,,,,,,,,
AL,UNNAMED,1900,6,24,19001012,300,L,TS,29.5N,83.3W,40,,,,,,,,,,,,,
AL,UNNAMED,1900,6,24,19001012,600,,TS,30.0N,82.4W,35,,,,,,,,,,,,,
AL,UNNAMED,1900,6,24,19001012,1200,,EX,31.1N,80.8W,35,,,,,,,,,,,,,
AL,UNNAMED,1900,6,24,19001012,1800,,EX,32.2N,79.3W,35,,,,,,,,,,,,,
AL,UNNAMED,1900,6,24,19001013,0,,EX,33.4N,78.0W,35,,,,,,,,,,,,,
AL,UNNAMED,1900,6,24,19001013,600,,EX,34.6N,76.6W,35,,,,,,,,,,,,,
AL,UNNAMED,1900,6,24,19001013,1200,,EX,35.8N,75.4W,35,,,,,,,,,,,,,
AL,UNNAMED,1900,6,24,19001013,1800,,EX,36.9N,74.9W,35,,,,,,,,,,,,,
AL,UNNAMED,1900,6,24,19001014,0,,EX,38.0N,74.5W,35,,,,,,,,,,,,,
AL,UNNAMED,1900,6,24,19001014,600,,EX,39.2N,74.1W,35,,,,,,,,,,,,,
AL,UNNAMED,1900,6,24,19001014,1200,,EX,40.3N,73.7W,35,,,,,,,,,,,,,
AL,UNNAMED,1900,6,24,19001014,1800,,EX,41.9N,72.4W,30,,,,,,,,,,,,,
AL,UNNAMED,1900,6,24,19001015,0,,EX,44.1N,70.7W,30,,,,,,,,,,,,,
AL,UNNAMED,1900,6,24,19001015,600,,EX,46.8N,68.6W,25,,,,,,,,,,,,,
AL,UNNAMED,1900,6,24,19001015,1200,,EX,49.7N,66.1W,25,,,,,,,,,,,,,
AL,UNNAMED,1900,6,24,19001015,1800,,EX,52.8N,63.8W,25,,,,,,,,,,,,,
AL,UNNAMED,1900,7,24,19001024,0,,TD,15.0N,64.5W,30,,,,,,,,,,,,,
AL,UNNAMED,1900,7,24,19001024,600,,TD,15.5N,65.2W,30,,,,,,,,,,,,,
AL,UNNAMED,1900,7,24,19001024,1200,,TD,16.0N,66.0W,30,,,,,,,,,,,,,
AL,UNNAMED,1900,7,24,19001024,1800,,TD,16.5N,66.8W,30,,,,,,,,,,,,,
AL,UNNAMED,1900,7,24,19001025,0,,TD,17.0N,67.6W,30,,,,,,,,,,,,,
AL,UNNAMED,1900,7,24,19001025,600,,TD,17.5N,68.5W,30,,,,,,,,,,,,,
AL,UNNAMED,1900,7,24,19001025,1200,,TD,18.0N,69.5W,30,,,,,,,,,,,,,
AL,UNNAMED,1900,7,24,19001025,1800,,TD,18.5N,70.5W,30,,,,,,,,,,,,,
AL,UNNAMED,1900,7,24,19001026,0,,TD,19.0N,71.5W,30,,,,,,,,,,,,,
AL,UNNAMED,1900,7,24,19001026,600,,TD,19.5N,72.5W,30,,,,,,,,,,,,,
AL,UNNAMED,1900,7,24,19001026,1200,,TS,20.0N,73.3W,35,,,,,,,,,,,,,
AL,UNNAMED,1900,7,24,19001026,1800,,TS,20.6N,73.9W,40,,,,,,,,,,,,,
AL,UNNAMED,1900,7,24,19001027,0,,TS,21.2N,74.4W,40,,,,,,,,,,,,,
AL,UNNAMED,1900,7,24,19001027,600,,TS,21.8N,74.8W,40,,,,,,,,,,,,,
AL,UNNAMED,1900,7,24,19001027,1200,,TS,22.5N,75.0W,40,,,,,,,,,,,,,
AL,UNNAMED,1900,7,24,19001027,1800,,TS,23.6N,74.8W,45,,,,,,,,,,,,,
AL,UNNAMED,1900,7,24,19001028,0,,TS,25.6N,74.4W,45,,,,,,,,,,,,,
AL,UNNAMED,1900,7,24,19001028,600,,TS,27.2N,73.8W,45,,,,,,,,,,,,,
AL,UNNAMED,1900,7,24,19001028,1200,,TS,29.0N,72.8W,45,,,,,,,,,,,,,
AL,UNNAMED,1900,7,24,19001028,1800,,TS,31.5N,71.4W,45,,,,,,,,,,,,,
AL,UNNAMED,1900,7,24,19001029,0,,EX,34.8N,69.3W,45,,,,,,,,,,,,,
AL,UNNAMED,1900,7,24,19001029,600,,EX,38.0N,67.3W,45,,,,,,,,,,,,,
AL,UNNAMED,1900,7,24,19001029,1200,,EX,41.5N,65.0W,45,,,,,,,,,,,,,
AL,UNNAMED,1900,7,24,19001029,1800,,EX,45.0N,63.0W,45,,,,,,,,,,,,,
AL,UNNAMED,1901,1,21,19010611,0,,TD,19.3N,82.3W,25,,,,,,,,,,,,,
AL,UNNAMED,1901,1,21,19010611,600,,TD,20.0N,83.0W,25,,,,,,,,,,,,,
AL,UNNAMED,1901,1,21,19010611,1200,,TD,20.7N,83.5W,30,,,,,,,,,,,,,
AL,UNNAMED,1901,1,21,19010611,1800,,TD,21.4N,83.9W,30,,,,,,,,,,,,,
AL,UNNAMED,1901,1,21,19010612,0,,TS,22.1N,84.3W,35,,,,,,,,,,,,,
AL,UNNAMED,1901,1,21,19010612,600,,TS,22.9N,84.7W,35,,,,,,,,,,,,,
AL,UNNAMED,1901,1,21,19010612,1200,,TS,24.0N,85.0W,35,,,,,,,,,,,,,
AL,UNNAMED,1901,1,21,19010612,1800,,TS,25.1N,85.2W,35,,,,,,,,,,,,,
AL,UNNAMED,1901,1,21,19010613,0,,TS,26.1N,85.2W,35,,,,,,,,,,,,,
AL,UNNAMED,1901,1,21,19010613,600,,TS,27.4N,85.0W,35,,,,,,,,,,,,,
AL,UNNAMED,1901,1,21,19010613,1200,,TS,28.5N,84.7W,35,,,,,,,,,,,,,
AL,UNNAMED,1901,1,21,19010613,1800,,TS,29.5N,84.6W,35,,,,,,,,,,,,,
AL,UNNAMED,1901,1,21,19010613,2100,L,TS,29.9N,84.6W,35,,,,,,,,,,,,,
AL,UNNAMED,1901,1,21,19010614,0,,TD,30.5N,84.7W,30,,,,,,,,,,,,,
AL,UNNAMED,1901,1,21,19010614,600,,TD,31.5N,84.8W,30,,,,,,,,,,,,,
AL,UNNAMED,1901,1,21,19010614,1200,,TD,32.5N,85.0W,25,,,,,,,,,,,,,
AL,UNNAMED,1901,1,21,19010614,1800,,TD,33.8N,85.4W,25,,,,,,,,,,,,,
AL,UNNAMED,1901,1,21,19010615,0,,TD,34.9N,86.2W,25,,,,,,,,,,,,,
AL,UNNAMED,1901,1,21,19010615,600,,TD,35.9N,87.0W,25,,,,,,,,,,,,,
AL,UNNAMED,1901,1,21,19010615,1200,,TD,37.0N,88.0W,25,,,,,,,,,,,,,
AL,UNNAMED,1901,1,21,19010615,1800,,TD,38.5N,89.7W,25,,,,,,,,,,,,,
AL,UNNAMED,1901,2,39,19010701,1200,,TS,9.0N,54.0W,35,,,,,,,,,,,,,
AL,UNNAMED,1901,2,39,19010701,1800,,TS,9.5N,55.0W,35,,,,,,,,,,,,,
AL,UNNAMED,1901,2,39,19010702,0,,TS,10.2N,56.2W,35,,,,,,,,,,,,,
AL,UNNAMED,1901,2,39,19010702,600,,TS,10.8N,57.4W,35,,,,,,,,,,,,,
AL,UNNAMED,1901,2,39,19010702,1200,,TS,11.5N,58.7W,35,,,,,,,,,,,,,
AL,UNNAMED,1901,2,39,19010702,1800,,TS,12.3N,60.1W,35,,,,,,,,,,,,,
AL,UNNAMED,1901,2,39,19010703,0,,TS,13.2N,61.9W,35,,,,,,,,,,,,,
AL,UNNAMED,1901,2,39,19010703,600,,TS,14.2N,63.6W,40,,,,,,,,,,,,,
AL,UNNAMED,1901,2,39,19010703,1200,,TS,15.3N,65.7W,40,,,,,,,,,,,,,
AL,UNNAMED,1901,2,39,19010703,1800,,TS,15.9N,67.4W,40,,,,,,,,,,,,,
AL,UNNAMED,1901,2,39,19010704,0,,TS,16.3N,69.2W,45,,,,,,,,,,,,,
AL,UNNAMED,1901,2,39,19010704,600,,TS,16.6N,70.8W,50,,,,,,,,,,,,,
AL,UNNAMED,1901,2,39,19010704,1200,,TS,17.0N,72.5W,55,,,,,,,,,,,,,
AL,UNNAMED,1901,2,39,19010704,1800,,TS,17.4N,73.6W,55,,,,,,,,,,,,,
AL,UNNAMED,1901,2,39,19010705,0,,TS,17.8N,74.6W,60,,,,,,,,,,,,,
AL,UNNAMED,1901,2,39,19010705,600,,TS,18.3N,75.5W,60,,,,,,,,,,,,,
AL,UNNAMED,1901,2,39,19010705,1200,,TS,18.7N,76.5W,60,,,,,,,,,,,,,
AL,UNNAMED,1901,2,39,19010705,1800,,TS,18.9N,77.4W,60,,,,,,,,,,,,,
AL,UNNAMED,1901,2,39,19010706,0,,TS,19.2N,78.3W,60,,,,,,,,,,,,,
AL,UNNAMED,1901,2,39,19010706,600,,TS,19.4N,79.3W,60,,,,,,,,,,,,,
AL,UNNAMED,1901,2,39,19010706,1200,,TS,19.7N,80.3W,60,,,,,,,,,,,,,
AL,UNNAMED,1901,2,39,19010706,1800,,TS,20.1N,81.0W,60,,,,,,,,,,,,,
AL,UNNAMED,1901,2,39,19010707,0,,TS,20.6N,81.9W,60,,,,,,,,,,,,,
AL,UNNAMED,1901,2,39,19010707,600,,TS,21.0N,82.6W,60,,,,,,,,,,,,,
AL,UNNAMED,1901,2,39,19010707,1200,,TS,21.5N,83.5W,60,,,,,,,,,,,,,
AL,UNNAMED,1901,2,39,19010707,1800,,TS,21.9N,84.3W,60,,,,,,,,,,,,,
AL,UNNAMED,1901,2,39,19010708,0,,TS,22.2N,85.0W,60,,,,,,,,,,,,,
AL,UNNAMED,1901,2,39,19010708,600,,TS,22.6N,85.9W,60,,,,,,,,,,,,,
AL,UNNAMED,1901,2,39,19010708,1200,,TS,23.0N,87.0W,60,,,,,,,,,,,,,
AL,UNNAMED,1901,2,39,19010708,1800,,TS,23.5N,87.9W,60,,,,,,,,,,,,,
AL,UNNAMED,1901,2,39,19010709,0,,TS,24.1N,88.7W,60,,,,,,,,,,,,,
AL,UNNAMED,1901,2,39,19010709,600,,TS,24.8N,89.6W,60,,,,,,,,,,,,,
AL,UNNAMED,1901,2,39,19010709,1200,,TS,25.3N,90.5W,60,,,,,,,,,,,,,
AL,UNNAMED,1901,2,39,19010709,1800,,TS,26.0N,91.9W,60,,,,,,,,,,,,,
AL,UNNAMED,1901,2,39,19010710,0,,TS,26.9N,93.5W,55,,,,,,,,,,,,,
AL,UNNAMED,1901,2,39,19010710,600,,TS,27.9N,95.0W,50,,,,,,,,,,,,,
AL,UNNAMED,1901,2,39,19010710,1000,L,TS,28.6N,96.0W,45,,,,,,,,,,,,,
AL,UNNAMED,1901,2,39,19010710,1200,,TS,28.9N,96.5W,35,,,,,,,,,,,,,
AL,UNNAMED,1901,2,39,19010710,1800,,TD,30.0N,97.8W,30,,,,,,,,,,,,,
AL,UNNAMED,1901,3,42,19010704,0,,TD,9.5N,55.5W,30,,,,,,,,,,,,,
AL,UNNAMED,1901,3,42,19010704,600,,TS,10.2N,55.8W,35,,,,,,,,,,,,,
AL,UNNAMED,1901,3,42,19010704,1200,,TD,11.0N,56.3W,30,,,,,,,,,,,,,
AL,UNNAMED,1901,3,42,19010704,1800,,TD,11.8N,57.0W,30,,,,,,,,,,,,,
AL,UNNAMED,1901,3,42,19010705,0,,TS,12.5N,57.8W,35,,,,,,,,,,,,,
AL,UNNAMED,1901,3,42,19010705,600,,TS,13.2N,58.7W,35,,,,,,,,,,,,,
AL,UNNAMED,1901,3,42,19010705,1200,,TS,13.7N,59.7W,35,,,,,,,,,,,,,
AL,UNNAMED,1901,3,42,19010705,1800,,TS,14.4N,60.8W,35,,,,,,,,,,,,,
AL,UNNAMED,1901,3,42,19010706,0,,TS,15.0N,61.9W,35,,,,,,,,,,,,,
AL,UNNAMED,1901,3,42,19010706,600,,TS,15.5N,63.0W,40,,,,,,,,,,,,,
AL,UNNAMED,1901,3,42,19010706,1200,,TS,15.9N,64.1W,45,,,,,,,,,,,,,
AL,UNNAMED,1901,3,42,19010706,1800,,TS,16.6N,65.1W,50,,,,,,,,,,,,,
AL,UNNAMED,1901,3,42,19010707,0,,TS,17.4N,66.3W,55,,,,,,,,,,,,,
AL,UNNAMED,1901,3,42,19010707,600,,TS,18.2N,67.6W,60,,,,,,,,,,,,,
AL,UNNAMED,1901,3,42,19010707,1200,,TS,19.0N,69.0W,60,,,,,,,,,,,,,
AL,UNNAMED,1901,3,42,19010707,1800,,TS,20.0N,70.2W,60,,,,,,,,,,,,,
AL,UNNAMED,1901,3,42,19010708,0,,TS,21.3N,71.3W,60,,,,,,,,,,,,,
AL,UNNAMED,1901,3,42,19010708,600,,TS,22.8N,72.2W,60,,,,,,,,,,,,,
AL,UNNAMED,1901,3,42,19010708,1200,,TS,24.5N,73.3W,60,,,,,,,,,,,,,
AL,UNNAMED,1901,3,42,19010708,1800,,TS,26.4N,74.5W,60,,,,,,,,,,,,,
AL,UNNAMED,1901,3,42,19010709,0,,TS,27.7N,75.8W,60,,,,,,,,,,,,,
AL,UNNAMED,1901,3,42,19010709,600,,TS,29.0N,76.6W,60,,,,,,,,,,,,,
AL,UNNAMED,1901,3,42,19010709,1200,,TS,30.5N,76.7W,60,,,,,,,,,,,,,
AL,UNNAMED,1901,3,42,19010709,1800,,TS,31.8N,75.9W,60,,,,,,,,,,,,,
AL,UNNAMED,1901,3,42,19010710,0,,HU,33.0N,75.1W,65,,,,,,,,,,,,,
AL,UNNAMED,1901,3,42,19010710,600,,HU,33.7N,74.2W,70,,,,,,,,,,,,,
AL,UNNAMED,1901,3,42,19010710,1200,,HU,34.6N,73.8W,70,,,,,,,,,,,,,
AL,UNNAMED,1901,3,42,19010710,1800,,HU,35.7N,73.8W,70,,,,,,,,,,,,,
AL,UNNAMED,1901,3,42,19010711,0,,HU,36.1N,74.6W,70,,,,,,,,,,,,,
AL,UNNAMED,1901,3,42,19010711,600,,HU,36.1N,75.6W,70,,,,,,,,,,,,,
AL,UNNAMED,1901,3,42,19010711,700,L,HU,36.0N,75.8W,70,,,,,,,,,,,,,
AL,UNNAMED,1901,3,42,19010711,1200,,TS,35.6N,76.2W,60,,,,,,,,,,,,,
AL,UNNAMED,1901,3,42,19010711,1800,,TS,35.3N,76.4W,50,,,,,,,,,,,,,
AL,UNNAMED,1901,3,42,19010712,0,,TS,34.7N,76.6W,40,,,,,,,,,,,,,
AL,UNNAMED,1901,3,42,19010712,600,,TS,34.2N,76.8W,40,,,,,,,,,,,,,
AL,UNNAMED,1901,3,42,19010712,1200,,TS,34.0N,77.1W,35,,,,,,,,,,,,,
AL,UNNAMED,1901,3,42,19010712,1800,,TS,33.9N,77.6W,35,,,,,,,,,,,,,
AL,UNNAMED,1901,3,42,19010712,2200,L,TS,34.0N,77.9W,35,,,,,,,,,,,,,
AL,UNNAMED,1901,3,42,19010713,0,,TS,34.0N,78.1W,35,,,,,,,,,,,,,
AL,UNNAMED,1901,3,42,19010713,600,,TS,34.2N,78.8W,35,,,,,,,,,,,,,
AL,UNNAMED,1901,3,42,19010713,1200,,TS,34.5N,79.5W,35,,,,,,,,,,,,,
AL,UNNAMED,1901,3,42,19010713,1800,,TD,34.8N,80.2W,30,,,,,,,,,,,,,
AL,UNNAMED,1901,4,71,19010802,0,,TD,32.6N,38.4W,25,,,,,,,,,,,,,
AL,UNNAMED,1901,4,71,19010802,600,,TD,32.3N,39.1W,25,,,,,,,,,,,,,
AL,UNNAMED,1901,4,71,19010802,1200,,TD,32.0N,40.0W,25,,,,,,,,,,,,,
AL,UNNAMED,1901,4,71,19010802,1800,,TD,31.6N,41.1W,25,,,,,,,,,,,,,
AL,UNNAMED,1901,4,71,19010803,0,,TD,31.1N,42.3W,25,,,,,,,,,,,,,
AL,UNNAMED,1901,4,71,19010803,600,,TD,30.5N,43.7W,25,,,,,,,,,,,,,
AL,UNNAMED,1901,4,71,19010803,1200,,TD,30.0N,45.0W,25,,,,,,,,,,,,,
AL,UNNAMED,1901,4,71,19010803,1800,,TD,29.3N,46.3W,25,,,,,,,,,,,,,
AL,UNNAMED,1901,4,71,19010804,0,,TD,28.6N,47.3W,30,,,,,,,,,,,,,
AL,UNNAMED,1901,4,71,19010804,600,,TD,27.7N,48.8W,30,,,,,,,,,,,,,
AL,UNNAMED,1901,4,71,19010804,1200,,TD,27.0N,50.0W,30,,,,,,,,,,,,,
AL,UNNAMED,1901,4,71,19010804,1800,,TD,26.3N,51.6W,30,,,,,,,,,,,,,
AL,UNNAMED,1901,4,71,19010805,0,,TD,25.6N,53.2W,30,,,,,,,,,,,,,
AL,UNNAMED,1901,4,71,19010805,600,,TD,24.9N,54.8W,30,,,,,,,,,,,,,
AL,UNNAMED,1901,4,71,19010805,1200,,TD,24.5N,56.5W,30,,,,,,,,,,,,,
AL,UNNAMED,1901,4,71,19010805,1800,,TD,24.2N,57.9W,30,,,,,,,,,,,,,
AL,UNNAMED,1901,4,71,19010806,0,,TD,23.9N,59.3W,30,,,,,,,,,,,,,
AL,UNNAMED,1901,4,71,19010806,600,,TD,23.7N,60.8W,30,,,,,,,,,,,,,
AL,UNNAMED,1901,4,71,19010806,1200,,TD,23.7N,62.3W,30,,,,,,,,,,,,,
AL,UNNAMED,1901,4,71,19010806,1800,,TD,23.9N,63.9W,30,,,,,,,,,,,,,
AL,UNNAMED,1901,4,71,19010807,0,,TD,24.2N,65.7W,30,,,,,,,,,,,,,
AL,UNNAMED,1901,4,71,19010807,600,,TD,24.6N,67.5W,30,,,,,,,,,,,,,
AL,UNNAMED,1901,4,71,19010807,1200,,TD,25.0N,69.0W,30,,,,,,,,,,,,,
AL,UNNAMED,1901,4,71,19010807,1800,,TD,25.3N,70.2W,30,,,,,,,,,,,,,
AL,UNNAMED,1901,4,71,19010808,0,,TD,25.5N,71.6W,30,,,,,,,,,,,,,
AL,UNNAMED,1901,4,71,19010808,600,,TD,25.5N,72.7W,30,,,,,,,,,,,,,
AL,UNNAMED,1901,4,71,19010808,1200,,TD,25.5N,74.0W,30,,,,,,,,,,,,,
AL,UNNAMED,1901,4,71,19010808,1800,,TD,25.4N,74.5W,30,,,,,,,,,,,,,
AL,UNNAMED,1901,4,71,19010809,0,,TS,25.0N,75.0W,35,,,,,,,,,,,,,
AL,UNNAMED,1901,4,71,19010809,600,,TS,25.0N,75.6W,35,,,,,,,,,,,,,
AL,UNNAMED,1901,4,71,19010809,1200,,TS,25.2N,76.4W,40,,,,,,,,,,,,,
AL,UNNAMED,1901,4,71,19010809,1800,,TS,25.3N,77.1W,40,,,,,,,,,,,,,
AL,UNNAMED,1901,4,71,19010810,0,,TS,25.4N,77.8W,40,,,,,,,,,,,,,
AL,UNNAMED,1901,4,71,19010810,600,,TS,25.6N,78.4W,40,,,,,,,,,,,,,
AL,UNNAMED,1901,4,71,19010810,1200,,TS,25.8N,79.0W,40,,,,,,,,,,,,,
AL,UNNAMED,1901,4,71,19010810,1800,,TS,26.1N,79.6W,40,,,,,,,,,,,,,
AL,UNNAMED,1901,4,71,19010810,2200,L,TS,26.3N,80.1W,40,,,,,,,,,,,,,
AL,UNNAMED,1901,4,71,19010811,0,,TS,26.4N,80.4W,35,,,,,,,,,,,,,
AL,UNNAMED,1901,4,71,19010811,600,,TS,26.7N,81.3W,35,,,,,,,,,,,,,
AL,UNNAMED,1901,4,71,19010811,1200,,TS,26.9N,82.1W,40,,,,,,,,,,,,,
AL,UNNAMED,1901,4,71,19010811,1800,,TS,27.0N,82.7W,45,,,,,,,,,,,,,
AL,UNNAMED,1901,4,71,19010812,0,,TS,27.2N,83.2W,50,,,,,,,,,,,,,
AL,UNNAMED,1901,4,71,19010812,600,,TS,27.3N,83.7W,55,,,,,,,,,,,,,
AL,UNNAMED,1901,4,71,19010812,1200,,HU,27.4N,84.2W,65,,,,,,,,,,,,,
AL,UNNAMED,1901,4,71,19010812,1800,,HU,27.4N,84.8W,70,,,,,,,,,,,,,
AL,UNNAMED,1901,4,71,19010813,0,,HU,27.5N,85.4W,75,,,,,,,,,,,,,
AL,UNNAMED,1901,4,71,19010813,600,,HU,27.5N,86.0W,80,,,,,,,,,,,,,
AL,UNNAMED,1901,4,71,19010813,1200,,HU,27.5N,86.7W,80,,,,,,,,,,,,,
AL,UNNAMED,1901,4,71,19010813,1800,,HU,27.6N,87.6W,80,,,,,,,,,,,,,
AL,UNNAMED,1901,4,71,19010814,0,,HU,27.9N,88.7W,80,,,,,,,,,,,,,
AL,UNNAMED,1901,4,71,19010814,600,,HU,28.3N,89.3W,80,,,,,,,,,,,,,
AL,UNNAMED,1901,4,71,19010814,1200,,HU,28.7N,89.7W,75,,,,,,,,,,,,,
AL,UNNAMED,1901,4,71,19010814,1800,,HU,29.1N,89.8W,75,,,,,,,,,,,,,
AL,UNNAMED,1901,4,71,19010814,2100,L,HU,29.3N,89.6W,75,,,,,,,,,,,,,
AL,UNNAMED,1901,4,71,19010815,0,,HU,29.4N,89.5W,75,,,,,,,,,,,,,
AL,UNNAMED,1901,4,71,19010815,600,,HU,29.7N,89.2W,75,,,,,,,,,,,,,
AL,UNNAMED,1901,4,71,19010815,1200,,HU,30.0N,89.0W,75,,,,,,,,,,,,,
AL,UNNAMED,1901,4,71,19010815,1700,L,HU,30.4N,88.8W,75,,,,,,,,,,,,,
AL,UNNAMED,1901,4,71,19010815,1800,,HU,30.5N,88.7W,70,973,,,,,,,,,,,,
AL,UNNAMED,1901,4,71,19010816,0,,TS,31.0N,88.3W,60,,,,,,,,,,,,,
AL,UNNAMED,1901,4,71,19010816,600,,TS,31.5N,88.1W,45,,,,,,,,,,,,,
AL,UNNAMED,1901,4,71,19010816,1200,,TS,32.0N,88.0W,40,,,,,,,,,,,,,
AL,UNNAMED,1901,4,71,19010816,1800,,TS,33.0N,88.7W,35,,,,,,,,,,,,,
AL,UNNAMED,1901,4,71,19010817,0,,EX,34.0N,89.5W,30,,,,,,,,,,,,,
AL,UNNAMED,1901,4,71,19010817,600,,EX,35.0N,90.0W,30,,,,,,,,,,,,,
AL,UNNAMED,1901,4,71,19010817,1200,,EX,36.3N,89.9W,25,,,,,,,,,,,,,
AL,UNNAMED,1901,4,71,19010817,1800,,EX,37.1N,89.3W,25,,,,,,,,,,,,,
AL,UNNAMED,1901,4,71,19010818,0,,EX,37.8N,88.7W,25,,,,,,,,,,,,,
AL,UNNAMED,1901,4,71,19010818,600,,EX,38.4N,87.8W,25,,,,,,,,,,,,,
AL,UNNAMED,1901,4,71,19010818,1200,,EX,39.0N,86.8W,25,,,,,,,,,,,,,
AL,UNNAMED,1901,4,71,19010818,1800,,EX,39.8N,85.4W,25,,,,,,,,,,,,,
AL,UNNAMED,1901,5,18,19010818,1200,,TD,11.5N,53.0W,30,,,,,,,,,,,,,
AL,UNNAMED,1901,5,18,19010818,1800,,TD,11.6N,54.0W,30,,,,,,,,,,,,,
AL,UNNAMED,1901,5,18,19010819,0,,TD,11.7N,54.8W,30,,,,,,,,,,,,,
AL,UNNAMED,1901,5,18,19010819,600,,TD,11.9N,55.7W,30,,,,,,,,,,,,,
AL,UNNAMED,1901,5,18,19010819,1200,,TS,12.0N,56.7W,35,,,,,,,,,,,,,
AL,UNNAMED,1901,5,18,19010819,1800,,TS,12.1N,57.7W,35,,,,,,,,,,,,,
AL,UNNAMED,1901,5,18,19010820,0,,TS,12.2N,58.6W,40,,,,,,,,,,,,,
AL,UNNAMED,1901,5,18,19010820,600,,TS,12.2N,59.5W,40,,,,,,,,,,,,,
AL,UNNAMED,1901,5,18,19010820,1200,,TS,12.3N,60.3W,45,,,,,,,,,,,,,
AL,UNNAMED,1901,5,18,19010820,1800,,TS,12.3N,61.2W,45,,,,,,,,,,,,,
AL,UNNAMED,1901,5,18,19010821,0,,TS,12.4N,62.2W,40,,,,,,,,,,,,,
AL,UNNAMED,1901,5,18,19010821,600,,TS,12.4N,63.3W,35,,,,,,,,,,,,,
AL,UNNAMED,1901,5,18,19010821,1200,,TD,12.5N,64.5W,30,,,,,,,,,,,,,
AL,UNNAMED,1901,5,18,19010821,1800,,TD,12.6N,65.8W,30,,,,,,,,,,,,,
AL,UNNAMED,1901,5,18,19010822,0,,TD,12.6N,67.1W,25,,,,,,,,,,,,,
AL,UNNAMED,1901,5,18,19010822,600,,TD,12.6N,68.3W,25,,,,,,,,,,,,,
AL,UNNAMED,1901,5,18,19010822,1200,,TD,12.7N,69.5W,25,,,,,,,,,,,,,
AL,UNNAMED,1901,5,18,19010822,1800,,TD,12.8N,71.0W,25,,,,,,,,,,,,,
AL,UNNAMED,1901,6,22,19010825,1200,,TS,16.0N,22.0W,35,,,,,,,,,,,,,
AL,UNNAMED,1901,6,22,19010825,1800,,TS,16.2N,23.3W,35,,,,,,,,,,,,,
AL,UNNAMED,1901,6,22,19010826,0,,TS,16.4N,24.6W,40,,,,,,,,,,,,,
AL,UNNAMED,1901,6,22,19010826,600,,TS,16.7N,25.8W,45,,,,,,,,,,,,,
AL,UNNAMED,1901,6,22,19010826,1200,,TS,17.0N,27.0W,50,,,,,,,,,,,,,
AL,UNNAMED,1901,6,22,19010826,1800,,TS,17.3N,28.0W,55,,,,,,,,,,,,,
AL,UNNAMED,1901,6,22,19010827,0,,TS,17.6N,29.0W,60,,,,,,,,,,,,,
AL,UNNAMED,1901,6,22,19010827,600,,HU,17.8N,30.0W,65,,,,,,,,,,,,,
AL,UNNAMED,1901,6,22,19010827,1200,,HU,18.0N,31.0W,70,,,,,,,,,,,,,
AL,UNNAMED,1901,6,22,19010827,1800,,HU,18.2N,31.9W,70,,,,,,,,,,,,,
AL,UNNAMED,1901,6,22,19010828,0,,HU,18.5N,32.7W,70,,,,,,,,,,,,,
AL,UNNAMED,1901,6,22,19010828,600,,HU,18.8N,33.4W,65,,,,,,,,,,,,,
AL,UNNAMED,1901,6,22,19010828,1200,,TS,19.0N,34.0W,60,,,,,,,,,,,,,
AL,UNNAMED,1901,6,22,19010828,1800,,TS,19.2N,34.6W,60,,,,,,,,,,,,,
AL,UNNAMED,1901,6,22,19010829,0,,TS,19.4N,35.3W,55,,,,,,,,,,,,,
AL,UNNAMED,1901,6,22,19010829,600,,TS,19.7N,36.1W,55,,,,,,,,,,,,,
AL,UNNAMED,1901,6,22,19010829,1200,,TS,20.0N,37.0W,50,,,,,,,,,,,,,
AL,UNNAMED,1901,6,22,19010829,1800,,TS,20.4N,38.0W,50,,,,,,,,,,,,,
AL,UNNAMED,1901,6,22,19010830,0,,TS,20.9N,39.0W,45,,,,,,,,,,,,,
AL,UNNAMED,1901,6,22,19010830,600,,TS,21.4N,40.0W,45,,,,,,,,,,,,,
AL,UNNAMED,1901,6,22,19010830,1200,,TS,22.0N,41.0W,40,,,,,,,,,,,,,
AL,UNNAMED,1901,6,22,19010830,1800,,TS,22.8N,42.0W,35,,,,,,,,,,,,,
AL,UNNAMED,1901,7,55,19010829,600,,TD,13.6N,22.4W,30,,,,,,,,,,,,,
AL,UNNAMED,1901,7,55,19010829,1200,,TS,13.7N,24.0W,35,,,,,,,,,,,,,
AL,UNNAMED,1901,7,55,19010829,1800,,TS,13.9N,25.9W,35,,,,,,,,,,,,,
AL,UNNAMED,1901,7,55,19010830,0,,TS,14.1N,27.4W,40,,,,,,,,,,,,,
AL,UNNAMED,1901,7,55,19010830,600,,TS,14.2N,28.8W,40,,,,,,,,,,,,,
AL,UNNAMED,1901,7,55,19010830,1200,,TS,14.3N,30.2W,45,,,,,,,,,,,,,
AL,UNNAMED,1901,7,55,19010830,1800,,TS,14.4N,31.5W,45,,,,,,,,,,,,,
AL,UNNAMED,1901,7,55,19010831,0,,TS,14.5N,33.0W,50,,,,,,,,,,,,,
AL,UNNAMED,1901,7,55,19010831,600,,TS,14.7N,34.5W,50,,,,,,,,,,,,,
AL,UNNAMED,1901,7,55,19010831,1200,,TS,15.0N,36.3W,55,,,,,,,,,,,,,
AL,UNNAMED,1901,7,55,19010831,1800,,TS,15.1N,37.7W,55,,,,,,,,,,,,,
AL,UNNAMED,1901,7,55,19010901,0,,TS,15.4N,39.0W,60,,,,,,,,,,,,,
AL,UNNAMED,1901,7,55,19010901,600,,TS,15.7N,40.4W,60,,,,,,,,,,,,,
AL,UNNAMED,1901,7,55,19010901,1200,,HU,16.3N,42.0W,65,,,,,,,,,,,,,
AL,UNNAMED,1901,7,55,19010901,1800,,HU,16.8N,43.2W,65,,,,,,,,,,,,,
AL,UNNAMED,1901,7,55,19010902,0,,HU,17.4N,44.6W,70,,,,,,,,,,,,,
AL,UNNAMED,1901,7,55,19010902,600,,HU,18.0N,46.0W,70,,,,,,,,,,,,,
AL,UNNAMED,1901,7,55,19010902,1200,,HU,18.5N,47.5W,75,,,,,,,,,,,,,
AL,UNNAMED,1901,7,55,19010902,1800,,HU,18.9N,48.8W,75,,,,,,,,,,,,,
AL,UNNAMED,1901,7,55,19010903,0,,HU,19.2N,50.1W,80,,,,,,,,,,,,,
AL,UNNAMED,1901,7,55,19010903,600,,HU,19.6N,51.4W,80,,,,,,,,,,,,,
AL,UNNAMED,1901,7,55,19010903,1200,,HU,20.0N,52.7W,85,,,,,,,,,,,,,
AL,UNNAMED,1901,7,55,19010903,1800,,HU,20.7N,54.2W,85,,,,,,,,,,,,,
AL,UNNAMED,1901,7,55,19010904,0,,HU,21.5N,55.6W,90,,,,,,,,,,,,,
AL,UNNAMED,1901,7,55,19010904,600,,HU,22.6N,57.0W,90,,,,,,,,,,,,,
AL,UNNAMED,1901,7,55,19010904,1200,,HU,24.0N,58.0W,90,,,,,,,,,,,,,
AL,UNNAMED,1901,7,55,19010904,1800,,HU,25.0N,58.4W,90,,,,,,,,,,,,,
AL,UNNAMED,1901,7,55,19010905,0,,HU,26.1N,58.7W,90,,,,,,,,,,,,,
AL,UNNAMED,1901,7,55,19010905,600,,HU,27.1N,58.9W,90,,,,,,,,,,,,,
AL,UNNAMED,1901,7,55,19010905,1200,,HU,28.0N,59.0W,90,,,,,,,,,,,,,
AL,UNNAMED,1901,7,55,19010905,1800,,HU,28.8N,59.1W,90,,,,,,,,,,,,,
AL,UNNAMED,1901,7,55,19010906,0,,HU,29.5N,59.2W,90,,,,,,,,,,,,,
AL,UNNAMED,1901,7,55,19010906,600,,HU,30.1N,59.1W,90,,,,,,,,,,,,,
AL,UNNAMED,1901,7,55,19010906,1200,,HU,30.7N,59.0W,85,,,,,,,,,,,,,
AL,UNNAMED,1901,7,55,19010906,1800,,HU,31.6N,58.6W,85,,,,,,,,,,,,,
AL,UNNAMED,1901,7,55,19010907,0,,HU,32.6N,57.8W,85,,,,,,,,,,,,,
AL,UNNAMED,1901,7,55,19010907,600,,HU,33.6N,57.0W,85,,,,,,,,,,,,,
AL,UNNAMED,1901,7,55,19010907,1200,,HU,34.2N,56.1W,85,,,,,,,,,,,,,
AL,UNNAMED,1901,7,55,19010907,1800,,HU,34.7N,55.3W,85,,,,,,,,,,,,,
AL,UNNAMED,1901,7,55,19010908,0,,HU,35.2N,54.0W,85,,,,,,,,,,,,,
AL,UNNAMED,1901,7,55,19010908,600,,HU,35.6N,52.0W,80,,,,,,,,,,,,,
AL,UNNAMED,1901,7,55,19010908,1200,,HU,35.8N,50.0W,80,,,,,,,,,,,,,
AL,UNNAMED,1901,7,55,19010908,1800,,HU,36.0N,47.5W,80,,,,,,,,,,,,,
AL,UNNAMED,1901,7,55,19010909,0,,HU,36.0N,44.4W,80,,,,,,,,,,,,,
AL,UNNAMED,1901,7,55,19010909,600,,HU,36.2N,41.3W,80,,,,,,,,,,,,,
AL,UNNAMED,1901,7,55,19010909,1200,,HU,37.0N,39.0W,80,,,,,,,,,,,,,
AL,UNNAMED,1901,7,55,19010909,1800,,HU,38.1N,37.4W,75,,,,,,,,,,,,,
AL,UNNAMED,1901,7,55,19010910,0,,HU,39.5N,35.7W,70,,,,,,,,,,,,,
AL,UNNAMED,1901,7,55,19010910,600,,HU,41.0N,33.8W,70,,,,,,,,,,,,,
AL,UNNAMED,1901,7,55,19010910,1200,,HU,43.0N,32.0W,65,,,,,,,,,,,,,
AL,UNNAMED,1901,7,55,19010910,1800,,HU,44.4N,30.9W,65,,,,,,,,,,,,,
AL,UNNAMED,1901,7,55,19010911,0,,EX,45.8N,29.3W,55,,,,,,,,,,,,,
AL,UNNAMED,1901,7,55,19010911,600,,EX,47.3N,27.7W,45,,,,,,,,,,,,,
AL,UNNAMED,1901,7,55,19010911,1200,,EX,48.6N,25.0W,40,,,,,,,,,,,,,
AL,UNNAMED,1901,7,55,19010911,1800,,EX,49.2N,20.0W,35,,,,,,,,,,,,,
AL,UNNAMED,1901,8,44,19010909,600,,TS,17.6N,50.7W,35,,,,,,,,,,,,,
AL,UNNAMED,1901,8,44,19010909,1200,,TS,17.5N,52.0W,35,,,,,,,,,,,,,
AL,UNNAMED,1901,8,44,19010909,1800,,TS,17.5N,53.2W,35,,,,,,,,,,,,,
AL,UNNAMED,1901,8,44,19010910,0,,TS,17.4N,54.6W,35,,,,,,,,,,,,,
AL,UNNAMED,1901,8,44,19010910,600,,TS,17.4N,56.0W,35,,,,,,,,,,,,,
AL,UNNAMED,1901,8,44,19010910,1200,,TS,17.3N,57.3W,35,,,,,,,,,,,,,
AL,UNNAMED,1901,8,44,19010910,1800,,TS,17.4N,58.8W,35,,,,,,,,,,,,,
AL,UNNAMED,1901,8,44,19010911,0,,TS,17.5N,60.1W,35,,,,,,,,,,,,,
AL,UNNAMED,1901,8,44,19010911,600,,TS,17.6N,61.3W,40,,,,,,,,,,,,,
AL,UNNAMED,1901,8,44,19010911,1200,,TS,17.8N,62.7W,45,,,,,,,,,,,,,
AL,UNNAMED,1901,8,44,19010911,1800,,TS,18.1N,64.3W,50,,,,,,,,,,,,,
AL,UNNAMED,1901,8,44,19010912,0,,TS,18.4N,65.6W,50,,,,,,,,,,,,,
AL,UNNAMED,1901,8,44,19010912,600,,TS,18.5N,66.9W,50,,,,,,,,,,,,,
AL,UNNAMED,1901,8,44,19010912,1200,,TS,18.6N,68.2W,50,,,,,,,,,,,,,
AL,UNNAMED,1901,8,44,19010912,1800,,TS,18.7N,69.6W,40,,,,,,,,,,,,,
AL,UNNAMED,1901,8,44,19010913,0,,TS,18.8N,71.0W,35,,,,,,,,,,,,,
AL,UNNAMED,1901,8,44,19010913,600,,TS,18.9N,72.6W,35,,,,,,,,,,,,,
AL,UNNAMED,1901,8,44,19010913,1200,,TS,19.0N,74.3W,45,,,,,,,,,,,,,
AL,UNNAMED,1901,8,44,19010913,1800,,TS,19.1N,75.7W,50,,,,,,,,,,,,,
AL,UNNAMED,1901,8,44,19010914,0,,TS,19.2N,77.0W,55,,,,,,,,,,,,,
AL,UNNAMED,1901,8,44,19010914,600,,TS,19.4N,78.3W,60,,,,,,,,,,,,,
AL,UNNAMED,1901,8,44,19010914,1200,,HU,19.7N,79.5W,65,,,,,,,,,,,,,
AL,UNNAMED,1901,8,44,19010914,1800,,HU,20.1N,80.6W,65,,,,,,,,,,,,,
AL,UNNAMED,1901,8,44,19010915,0,,HU,20.5N,81.9W,70,,,,,,,,,,,,,
AL,UNNAMED,1901,8,44,19010915,600,,HU,21.0N,83.3W,70,,,,,,,,,,,,,
AL,UNNAMED,1901,8,44,19010915,1200,,HU,21.5N,84.5W,70,,,,,,,,,,,,,
AL,UNNAMED,1901,8,44,19010915,1800,,HU,22.0N,85.6W,65,,,,,,,,,,,,,
AL,UNNAMED,1901,8,44,19010916,0,,TS,22.6N,86.5W,60,,,,,,,,,,,,,
AL,UNNAMED,1901,8,44,19010916,600,,TS,23.3N,87.3W,55,,,,,,,,,,,,,
AL,UNNAMED,1901,8,44,19010916,1200,,TS,24.3N,88.0W,50,,,,,,,,,,,,,
AL,UNNAMED,1901,8,44,19010916,1800,,TS,25.3N,88.5W,50,,,,,,,,,,,,,
AL,UNNAMED,1901,8,44,19010917,0,,TS,26.5N,88.5W,50,,,,,,,,,,,,,
AL,UNNAMED,1901,8,44,19010917,600,,TS,27.7N,88.1W,50,,,,,,,,,,,,,
AL,UNNAMED,1901,8,44,19010917,1200,,TS,29.0N,87.5W,50,,,,,,,,,,,,,
AL,UNNAMED,1901,8,44,19010917,1800,,TS,30.3N,86.7W,50,,,,,,,,,,,,,
AL,UNNAMED,1901,8,44,19010917,2000,L,TS,30.4N,86.6W,50,,,,,,,,,,,,,
AL,UNNAMED,1901,8,44,19010918,0,,TS,31.6N,85.3W,40,,,,,,,,,,,,,
AL,UNNAMED,1901,8,44,19010918,600,,TS,32.5N,83.4W,35,,,,,,,,,,,,,
AL,UNNAMED,1901,8,44,19010918,1200,,TS,33.0N,81.2W,35,,,,,,,,,,,,,
AL,UNNAMED,1901,8,44,19010918,1800,,TS,34.2N,77.0W,35,,,,,,,,,,,,,
AL,UNNAMED,1901,8,44,19010919,0,,EX,35.8N,74.2W,40,,,,,,,,,,,,,
AL,UNNAMED,1901,8,44,19010919,600,,EX,37.1N,72.5W,45,,,,,,,,,,,,,
AL,UNNAMED,1901,8,44,19010919,1200,,EX,38.7N,70.0W,50,,,,,,,,,,,,,
AL,UNNAMED,1901,8,44,19010919,1800,,EX,40.5N,67.2W,50,,,,,,,,,,,,,
AL,UNNAMED,1901,9,24,19010912,0,,TS,11.1N,28.1W,35,,,,,,,,,,,,,
AL,UNNAMED,1901,9,24,19010912,600,,TS,11.5N,28.5W,35,,,,,,,,,,,,,
AL,UNNAMED,1901,9,24,19010912,1200,,TS,12.1N,28.9W,35,,,,,,,,,,,,,
AL,UNNAMED,1901,9,24,19010912,1800,,TS,12.7N,29.1W,35,,,,,,,,,,,,,
AL,UNNAMED,1901,9,24,19010913,0,,TS,13.3N,29.4W,40,,,,,,,,,,,,,
AL,UNNAMED,1901,9,24,19010913,600,,TS,13.8N,29.5W,40,,,,,,,,,,,,,
AL,UNNAMED,1901,9,24,19010913,1200,,TS,14.3N,29.6W,45,,,,,,,,,,,,,
AL,UNNAMED,1901,9,24,19010913,1800,,TS,14.8N,29.6W,45,,,,,,,,,,,,,
AL,UNNAMED,1901,9,24,19010914,0,,TS,15.3N,29.6W,50,,,,,,,,,,,,,
AL,UNNAMED,1901,9,24,19010914,600,,TS,15.8N,29.4W,50,,,,,,,,,,,,,
AL,UNNAMED,1901,9,24,19010914,1200,,TS,16.2N,29.2W,50,,,,,,,,,,,,,
AL,UNNAMED,1901,9,24,19010914,1800,,TS,16.6N,29.1W,50,,,,,,,,,,,,,
AL,UNNAMED,1901,9,24,19010915,0,,TS,17.0N,29.0W,45,,,,,,,,,,,,,
AL,UNNAMED,1901,9,24,19010915,600,,TS,17.4N,29.0W,40,,,,,,,,,,,,,
AL,UNNAMED,1901,9,24,19010915,1200,,TS,17.8N,29.2W,35,,,,,,,,,,,,,
AL,UNNAMED,1901,9,24,19010915,1800,,TS,18.1N,29.4W,35,,,,,,,,,,,,,
AL,UNNAMED,1901,9,24,19010916,0,,TS,18.4N,29.8W,35,,,,,,,,,,,,,
AL,UNNAMED,1901,9,24,19010916,600,,TS,18.6N,30.2W,35,,,,,,,,,,,,,
AL,UNNAMED,1901,9,24,19010916,1200,,TS,18.9N,30.7W,35,,,,,,,,,,,,,
AL,UNNAMED,1901,9,24,19010916,1800,,TS,19.1N,30.9W,35,,,,,,,,,,,,,
AL,UNNAMED,1901,9,24,19010917,0,,TS,19.4N,31.1W,35,,,,,,,,,,,,,
AL,UNNAMED,1901,9,24,19010917,600,,TS,19.8N,31.4W,35,,,,,,,,,,,,,
AL,UNNAMED,1901,9,24,19010917,1200,,TS,20.2N,31.6W,35,,,,,,,,,,,,,
AL,UNNAMED,1901,9,24,19010917,1800,,TD,20.8N,32.0W,30,,,,,,,,,,,,,
AL,UNNAMED,1901,10,48,19010921,0,,TS,13.7N,73.0W,35,,,,,,,,,,,,,
AL,UNNAMED,1901,10,48,19010921,600,,TS,13.8N,74.0W,35,,,,,,,,,,,,,
AL,UNNAMED,1901,10,48,19010921,1200,,TS,14.0N,75.0W,35,,,,,,,,,,,,,
AL,UNNAMED,1901,10,48,19010921,1800,,TS,14.2N,75.9W,35,,,,,,,,,,,,,
AL,UNNAMED,1901,10,48,19010922,0,,TS,14.4N,76.9W,35,,,,,,,,,,,,,
AL,UNNAMED,1901,10,48,19010922,600,,TS,14.7N,78.0W,35,,,,,,,,,,,,,
AL,UNNAMED,1901,10,48,19010922,1200,,TS,15.0N,79.0W,35,,,,,,,,,,,,,
AL,UNNAMED,1901,10,48,19010922,1800,,TS,15.2N,79.8W,35,,,,,,,,,,,,,
AL,UNNAMED,1901,10,48,19010923,0,,TS,15.5N,80.6W,35,,,,,,,,,,,,,
AL,UNNAMED,1901,10,48,19010923,600,,TS,15.9N,81.3W,35,,,,,,,,,,,,,
AL,UNNAMED,1901,10,48,19010923,1200,,TS,16.5N,82.0W,35,,,,,,,,,,,,,
AL,UNNAMED,1901,10,48,19010923,1800,,TS,16.9N,82.3W,35,,,,,,,,,,,,,
AL,UNNAMED,1901,10,48,19010924,0,,TS,17.4N,82.5W,35,,,,,,,,,,,,,
AL,UNNAMED,1901,10,48,19010924,600,,TS,18.0N,82.8W,35,,,,,,,,,,,,,
AL,UNNAMED,1901,10,48,19010924,1200,,TS,18.5N,83.0W,35,,,,,,,,,,,,,
AL,UNNAMED,1901,10,48,19010924,1800,,TS,18.8N,83.2W,35,,,,,,,,,,,,,
AL,UNNAMED,1901,10,48,19010925,0,,TS,19.2N,83.3W,35,,,,,,,,,,,,,
AL,UNNAMED,1901,10,48,19010925,600,,TS,19.6N,83.4W,35,,,,,,,,,,,,,
AL,UNNAMED,1901,10,48,19010925,1200,,TS,20.0N,83.5W,40,,,,,,,,,,,,,
AL,UNNAMED,1901,10,48,19010925,1800,,TS,20.3N,83.7W,40,,,,,,,,,,,,,
AL,UNNAMED,1901,10,48,19010926,0,,TS,20.7N,83.8W,40,,,,,,,,,,,,,
AL,UNNAMED,1901,10,48,19010926,600,,TS,21.1N,83.9W,45,,,,,,,,,,,,,
AL,UNNAMED,1901,10,48,19010926,1200,,TS,21.5N,84.0W,45,,,,,,,,,,,,,
AL,UNNAMED,1901,10,48,19010926,1800,,TS,22.1N,84.2W,45,,,,,,,,,,,,,
AL,UNNAMED,1901,10,48,19010927,0,,TS,23.2N,84.5W,40,,,,,,,,,,,,,
AL,UNNAMED,1901,10,48,19010927,600,,TS,24.3N,84.8W,40,,,,,,,,,,,,,
AL,UNNAMED,1901,10,48,19010927,1200,,TS,25.5N,85.0W,40,,,,,,,,,,,,,
AL,UNNAMED,1901,10,48,19010927,1800,,TS,27.0N,84.9W,40,,,,,,,,,,,,,
AL,UNNAMED,1901,10,48,19010928,0,,TS,28.8N,84.7W,40,,,,,,,,,,,,,
AL,UNNAMED,1901,10,48,19010928,300,L,TS,29.9N,84.6W,40,,,,,,,,,,,,,
AL,UNNAMED,1901,10,48,19010928,600,,TS,30.6N,84.5W,35,,,,,,,,,,,,,
AL,UNNAMED,1901,10,48,19010928,1200,,EX,32.5N,84.0W,35,,,,,,,,,,,,,
AL,UNNAMED,1901,10,48,19010928,1800,,EX,35.1N,82.7W,35,,,,,,,,,,,,,
AL,UNNAMED,1901,10,48,19010929,0,,EX,37.8N,81.4W,30,,,,,,,,,,,,,
AL,UNNAMED,1901,10,48,19010929,600,,EX,40.3N,80.1W,25,,,,,,,,,,,,,
AL,UNNAMED,1901,10,48,19010929,1200,,EX,42.5N,78.6W,25,,,,,,,,,,,,,
AL,UNNAMED,1901,10,48,19010929,1800,,EX,44.2N,76.5W,25,,,,,,,,,,,,,
AL,UNNAMED,1901,10,48,19010930,0,,EX,45.7N,74.5W,25,,,,,,,,,,,,,
AL,UNNAMED,1901,10,48,19010930,600,,EX,47.0N,72.5W,25,,,,,,,,,,,,,
AL,UNNAMED,1901,10,48,19010930,1200,,EX,48.0N,68.5W,25,,,,,,,,,,,,,
AL,UNNAMED,1901,10,48,19010930,1800,,EX,48.2N,63.9W,30,,,,,,,,,,,,,
AL,UNNAMED,1901,10,48,19011001,0,,EX,48.2N,60.1W,30,,,,,,,,,,,,,
AL,UNNAMED,1901,10,48,19011001,600,,EX,48.3N,55.9W,35,,,,,,,,,,,,,
AL,UNNAMED,1901,10,48,19011001,1200,,EX,48.5N,51.5W,35,,,,,,,,,,,,,
AL,UNNAMED,1901,10,48,19011001,1800,,EX,49.0N,46.1W,40,,,,,,,,,,,,,
AL,UNNAMED,1901,10,48,19011002,0,,EX,50.8N,39.4W,40,,,,,,,,,,,,,
AL,UNNAMED,1901,10,48,19011002,600,,EX,53.1N,32.6W,45,,,,,,,,,,,,,
AL,UNNAMED,1901,10,48,19011002,1200,,EX,55.3N,27.0W,45,,,,,,,,,,,,,
AL,UNNAMED,1901,11,39,19011005,0,,TS,12.0N,51.5W,35,,,,,,,,,,,,,
AL,UNNAMED,1901,11,39,19011005,600,,TS,12.2N,51.7W,35,,,,,,,,,,,,,
AL,UNNAMED,1901,11,39,19011005,1200,,TS,12.5N,52.0W,35,,,,,,,,,,,,,
AL,UNNAMED,1901,11,39,19011005,1800,,TS,12.7N,52.3W,35,,,,,,,,,,,,,
AL,UNNAMED,1901,11,39,19011006,0,,TS,13.0N,52.6W,40,,,,,,,,,,,,,
AL,UNNAMED,1901,11,39,19011006,600,,TS,13.2N,52.9W,40,,,,,,,,,,,,,
AL,UNNAMED,1901,11,39,19011006,1200,,TS,13.5N,53.3W,40,,,,,,,,,,,,,
AL,UNNAMED,1901,11,39,19011006,1800,,TS,13.8N,53.7W,45,,,,,,,,,,,,,
AL,UNNAMED,1901,11,39,19011007,0,,TS,14.2N,54.1W,50,,,,,,,,,,,,,
AL,UNNAMED,1901,11,39,19011007,600,,TS,14.6N,54.5W,55,,,,,,,,,,,,,
AL,UNNAMED,1901,11,39,19011007,1200,,TS,15.0N,55.0W,60,,,,,,,,,,,,,
AL,UNNAMED,1901,11,39,19011007,1800,,TS,15.5N,55.6W,60,,,,,,,,,,,,,
AL,UNNAMED,1901,11,39,19011008,0,,TS,16.2N,56.7W,60,,,,,,,,,,,,,
AL,UNNAMED,1901,11,39,19011008,600,,TS,16.9N,57.6W,60,,,,,,,,,,,,,
AL,UNNAMED,1901,11,39,19011008,1200,,TS,17.5N,58.5W,55,,,,,,,,,,,,,
AL,UNNAMED,1901,11,39,19011008,1800,,TS,18.4N,59.6W,50,,,,,,,,,,,,,
AL,UNNAMED,1901,11,39,19011009,0,,TS,19.4N,60.6W,45,,,,,,,,,,,,,
AL,UNNAMED,1901,11,39,19011009,600,,TS,20.2N,61.4W,40,,,,,,,,,,,,,
AL,UNNAMED,1901,11,39,19011009,1200,,TS,21.0N,62.3W,35,,,,,,,,,,,,,
AL,UNNAMED,1901,11,39,19011009,1800,,TS,21.8N,63.7W,35,,,,,,,,,,,,,
AL,UNNAMED,1901,11,39,19011010,0,,TS,22.7N,65.5W,35,,,,,,,,,,,,,
AL,UNNAMED,1901,11,39,19011010,600,,TS,24.0N,67.0W,35,,,,,,,,,,,,,
AL,UNNAMED,1901,11,39,19011010,1200,,TS,25.6N,68.5W,35,,,,,,,,,,,,,
AL,UNNAMED,1901,11,39,19011010,1800,,TS,27.7N,69.0W,35,,,,,,,,,,,,,
AL,UNNAMED,1901,11,39,19011011,0,,EX,30.3N,68.5W,40,,,,,,,,,,,,,
AL,UNNAMED,1901,11,39,19011011,600,,EX,33.0N,67.2W,40,,,,,,,,,,,,,
AL,UNNAMED,1901,11,39,19011011,1200,,EX,35.0N,65.0W,45,,,,,,,,,,,,,
AL,UNNAMED,1901,11,39,19011011,1800,,EX,35.8N,63.8W,45,,,,,,,,,,,,,
AL,UNNAMED,1901,11,39,19011012,0,,EX,36.5N,62.5W,45,,,,,,,,,,,,,
AL,UNNAMED,1901,11,39,19011012,600,,EX,37.3N,61.3W,40,,,,,,,,,,,,,
AL,UNNAMED,1901,11,39,19011012,1200,,EX,38.1N,60.0W,35,,,,,,,,,,,,,
AL,UNNAMED,1901,11,39,19011012,1800,,EX,39.2N,58.7W,35,,,,,,,,,,,,,
AL,UNNAMED,1901,11,39,19011013,0,,EX,40.2N,57.0W,35,,,,,,,,,,,,,
AL,UNNAMED,1901,11,39,19011013,600,,EX,41.1N,55.6W,35,,,,,,,,,,,,,
AL,UNNAMED,1901,11,39,19011013,1200,,EX,42.0N,54.1W,35,,,,,,,,,,,,,
AL,UNNAMED,1901,11,39,19011013,1800,,EX,43.0N,51.6W,35,,,,,,,,,,,,,
AL,UNNAMED,1901,11,39,19011014,0,,EX,43.9N,48.4W,35,,,,,,,,,,,,,
AL,UNNAMED,1901,11,39,19011014,600,,EX,44.9N,44.4W,35,,,,,,,,,,,,,
AL,UNNAMED,1901,11,39,19011014,1200,,EX,45.8N,40.0W,35,,,,,,,,,,,,,
AL,UNNAMED,1901,12,16,19011015,0,,TD,21.0N,80.0W,30,,,,,,,,,,,,,
AL,UNNAMED,1901,12,16,19011015,600,,TD,21.5N,79.3W,30,,,,,,,,,,,,,
AL,UNNAMED,1901,12,16,19011015,1200,,TD,22.0N,78.5W,30,,,,,,,,,,,,,
AL,UNNAMED,1901,12,16,19011015,1800,,TS,22.5N,77.7W,35,,,,,,,,,,,,,
AL,UNNAMED,1901,12,16,19011016,0,,TS,22.9N,76.7W,40,,,,,,,,,,,,,
AL,UNNAMED,1901,12,16,19011016,600,,TS,23.3N,75.8W,45,,,,,,,,,,,,,
AL,UNNAMED,1901,12,16,19011016,1200,,TS,23.7N,75.0W,50,,,,,,,,,,,,,
AL,UNNAMED,1901,12,16,19011016,1800,,TS,24.3N,73.7W,50,,,,,,,,,,,,,
AL,UNNAMED,1901,12,16,19011017,0,,TS,25.2N,72.4W,50,,,,,,,,,,,,,
AL,UNNAMED,1901,12,16,19011017,600,,TS,25.8N,71.1W,50,,,,,,,,,,,,,
AL,UNNAMED,1901,12,16,19011017,1200,,TS,26.5N,69.5W,45,,,,,,,,,,,,,
AL,UNNAMED,1901,12,16,19011017,1800,,TS,26.9N,68.4W,40,,,,,,,,,,,,,
AL,UNNAMED,1901,12,16,19011018,0,,TS,27.3N,67.2W,40,,,,,,,,,,,,,
AL,UNNAMED,1901,12,16,19011018,600,,EX,27.6N,66.1W,40,,,,,,,,,,,,,
AL,UNNAMED,1901,12,16,19011018,1200,,EX,28.0N,65.0W,40,,,,,,,,,,,,,
AL,UNNAMED,1901,12,16,19011018,1800,,EX,28.4N,63.7W,40,,,,,,,,,,,,,
AL,UNNAMED,1901,13,30,19011030,1200,,TD,19.3N,67.3W,30,,,,,,,,,,,,,
AL,UNNAMED,1901,13,30,19011030,1800,,TD,20.5N,67.2W,30,,,,,,,,,,,,,
AL,UNNAMED,1901,13,30,19011031,0,,TS,21.7N,67.1W,35,,,,,,,,,,,,,
AL,UNNAMED,1901,13,30,19011031,600,,TS,22.9N,66.9W,35,,,,,,,,,,,,,
AL,UNNAMED,1901,13,30,19011031,1200,,TS,24.0N,66.7W,35,,,,,,,,,,,,,
AL,UNNAMED,1901,13,30,19011031,1800,,TS,24.7N,66.4W,35,,,,,,,,,,,,,
AL,UNNAMED,1901,13,30,19011101,0,,TS,25.4N,66.1W,40,,,,,,,,,,,,,
AL,UNNAMED,1901,13,30,19011101,600,,TS,26.1N,65.7W,45,,,,,,,,,,,,,
AL,UNNAMED,1901,13,30,19011101,1200,,TS,26.7N,65.3W,50,,,,,,,,,,,,,
AL,UNNAMED,1901,13,30,19011101,1800,,TS,27.4N,64.9W,55,,,,,,,,,,,,,
AL,UNNAMED,1901,13,30,19011102,0,,TS,28.0N,64.6W,55,,,,,,,,,,,,,
AL,UNNAMED,1901,13,30,19011102,600,,TS,28.6N,64.2W,60,,,,,,,,,,,,,
AL,UNNAMED,1901,13,30,19011102,1200,,TS,29.3N,63.5W,60,,,,,,,,,,,,,
AL,UNNAMED,1901,13,30,19011102,1800,,HU,29.6N,62.8W,65,,,,,,,,,,,,,
AL,UNNAMED,1901,13,30,19011103,0,,HU,30.0N,62.0W,70,,,,,,,,,,,,,
AL,UNNAMED,1901,13,30,19011103,600,,HU,30.5N,61.1W,70,,,,,,,,,,,,,
AL,UNNAMED,1901,13,30,19011103,1200,,HU,31.2N,60.3W,70,,,,,,,,,,,,,
AL,UNNAMED,1901,13,30,19011103,1800,,HU,32.4N,59.1W,70,,,,,,,,,,,,,
AL,UNNAMED,1901,13,30,19011104,0,,HU,34.0N,58.1W,65,,,,,,,,,,,,,
AL,UNNAMED,1901,13,30,19011104,600,,TS,35.6N,57.1W,60,,,,,,,,,,,,,
AL,UNNAMED,1901,13,30,19011104,1200,,TS,36.8N,56.3W,55,,,,,,,,,,,,,
AL,UNNAMED,1901,13,30,19011104,1800,,TS,37.4N,55.7W,50,,,,,,,,,,,,,
AL,UNNAMED,1901,13,30,19011105,0,,TS,37.9N,55.5W,50,,,,,,,,,,,,,
AL,UNNAMED,1901,13,30,19011105,600,,TS,38.3N,55.0W,50,,,,,,,,,,,,,
AL,UNNAMED,1901,13,30,19011105,1200,,TS,38.5N,54.5W,45,,,,,,,,,,,,,
AL,UNNAMED,1901,13,30,19011105,1800,,TS,38.3N,53.4W,45,,,,,,,,,,,,,
AL,UNNAMED,1901,13,30,19011106,0,,EX,37.8N,52.5W,40,,,,,,,,,,,,,
AL,UNNAMED,1901,13,30,19011106,600,,EX,37.3N,51.5W,40,,,,,,,,,,,,,
AL,UNNAMED,1901,13,30,19011106,1200,,EX,37.0N,50.5W,35,,,,,,,,,,,,,
AL,UNNAMED,1901,13,30,19011106,1800,,EX,37.0N,49.2W,30,,,,,,,,,,,,,
AL,UNNAMED,1902,1,23,19020612,1200,,TD,17.7N,84.0W,30,,,,,,,,,,,,,
AL,UNNAMED,1902,1,23,19020612,1800,,TD,19.1N,83.6W,30,,,,,,,,,,,,,
AL,UNNAMED,1902,1,23,19020613,0,,TS,20.7N,83.3W,35,,,,,,,,,,,,,
AL,UNNAMED,1902,1,23,19020613,600,,TS,22.2N,83.1W,40,,,,,,,,,,,,,
AL,UNNAMED,1902,1,23,19020613,1200,,TS,23.8N,83.0W,45,,,,,,,,,,,,,
AL,UNNAMED,1902,1,23,19020613,1800,,TS,24.9N,83.2W,50,,,,,,,,,,,,,
AL,UNNAMED,1902,1,23,19020614,0,,TS,25.9N,83.5W,50,,,,,,,,,,,,,
AL,UNNAMED,1902,1,23,19020614,600,,TS,26.9N,83.8W,50,,,,,,,,,,,,,
AL,UNNAMED,1902,1,23,19020614,1200,,TS,28.0N,84.0W,50,,,,,,,,,,,,,
AL,UNNAMED,1902,1,23,19020614,1800,,TS,29.0N,83.9W,50,,,,,,,,,,,,,
AL,UNNAMED,1902,1,23,19020614,2300,L,TS,29.8N,83.7W,50,,,,,,,,,,,,,
AL,UNNAMED,1902,1,23,19020615,0,,TS,30.0N,83.6W,45,,,,,,,,,,,,,
AL,UNNAMED,1902,1,23,19020615,600,,TS,31.0N,83.2W,40,,,,,,,,,,,,,
AL,UNNAMED,1902,1,23,19020615,1200,,TS,32.0N,82.5W,35,,,,,,,,,,,,,
AL,UNNAMED,1902,1,23,19020615,1800,,TS,33.0N,81.7W,35,,,,,,,,,,,,,
AL,UNNAMED,1902,1,23,19020616,0,,TS,34.0N,80.7W,35,,,,,,,,,,,,,
AL,UNNAMED,1902,1,23,19020616,600,,TS,35.2N,79.5W,35,,,,,,,,,,,,,
AL,UNNAMED,1902,1,23,19020616,1200,,EX,36.7N,78.0W,40,,,,,,,,,,,,,
AL,UNNAMED,1902,1,23,19020616,1800,,EX,38.6N,74.9W,40,,,,,,,,,,,,,
AL,UNNAMED,1902,1,23,19020617,0,,EX,41.9N,71.5W,35,,,,,,,,,,,,,
AL,UNNAMED,1902,1,23,19020617,600,,EX,45.0N,68.2W,35,,,,,,,,,,,,,
AL,UNNAMED,1902,1,23,19020617,1200,,EX,47.5N,66.0W,30,,,,,,,,,,,,,
AL,UNNAMED,1902,1,23,19020617,1800,,EX,49.4N,64.0W,30,,,,,,,,,,,,,
AL,UNNAMED,1902,2,37,19020621,0,,TD,17.2N,92.1W,25,,,,,,,,,,,,,
AL,UNNAMED,1902,2,37,19020621,600,,TD,17.6N,92.4W,25,,,,,,,,,,,,,
AL,UNNAMED,1902,2,37,19020621,1200,,TD,18.0N,92.7W,25,,,,,,,,,,,,,
AL,UNNAMED,1902,2,37,19020621,1800,,TD,18.2N,92.9W,25,,,,,,,,,,,,,
AL,UNNAMED,1902,2,37,19020622,0,,TD,18.4N,93.0W,30,,,,,,,,,,,,,
AL,UNNAMED,1902,2,37,19020622,600,,TD,18.7N,93.2W,30,,,,,,,,,,,,,
AL,UNNAMED,1902,2,37,19020622,1200,,TD,19.0N,93.5W,30,,,,,,,,,,,,,
AL,UNNAMED,1902,2,37,19020622,1800,,TD,19.2N,93.7W,30,,,,,,,,,,,,,
AL,UNNAMED,1902,2,37,19020623,0,,TD,19.5N,93.9W,30,,,,,,,,,,,,,
AL,UNNAMED,1902,2,37,19020623,600,,TD,19.7N,94.1W,30,,,,,,,,,,,,,
AL,UNNAMED,1902,2,37,19020623,1200,,TD,20.0N,94.3W,30,,,,,,,,,,,,,
AL,UNNAMED,1902,2,37,19020623,1800,,TD,20.3N,94.5W,30,,,,,,,,,,,,,
AL,UNNAMED,1902,2,37,19020624,0,,TD,20.5N,94.6W,30,,,,,,,,,,,,,
AL,UNNAMED,1902,2,37,19020624,600,,TD,20.7N,94.8W,30,,,,,,,,,,,,,
AL,UNNAMED,1902,2,37,19020624,1200,,TS,21.0N,95.0W,35,,,,,,,,,,,,,
AL,UNNAMED,1902,2,37,19020624,1800,,TS,21.5N,95.3W,40,,,,,,,,,,,,,
AL,UNNAMED,1902,2,37,19020625,0,,TS,22.1N,95.6W,45,,,,,,,,,,,,,
AL,UNNAMED,1902,2,37,19020625,600,,TS,22.7N,96.0W,50,,,,,,,,,,,,,
AL,UNNAMED,1902,2,37,19020625,1200,,TS,23.3N,96.3W,55,,,,,,,,,,,,,
AL,UNNAMED,1902,2,37,19020625,1800,,TS,23.9N,96.6W,60,,,,,,,,,,,,,
AL,UNNAMED,1902,2,37,19020626,0,,HU,24.7N,96.8W,65,,,,,,,,,,,,,
AL,UNNAMED,1902,2,37,19020626,600,,HU,25.5N,96.9W,70,,,,,,,,,,,,,
AL,UNNAMED,1902,2,37,19020626,1200,,HU,26.4N,97.0W,65,,,,,,,,,,,,,
AL,UNNAMED,1902,2,37,19020626,1800,,TS,27.2N,97.1W,60,,,,,,,,,,,,,
AL,UNNAMED,1902,2,37,19020626,2100,L,TS,27.7N,97.2W,60,,,,,,,,,,,,,
AL,UNNAMED,1902,2,37,19020627,0,,TS,28.1N,97.2W,50,,,,,,,,,,,,,
AL,UNNAMED,1902,2,37,19020627,600,,TS,29.0N,97.3W,45,,,,,,,,,,,,,
AL,UNNAMED,1902,2,37,19020627,1200,,TS,30.0N,97.4W,40,,,,,,,,,,,,,
AL,UNNAMED,1902,2,37,19020627,1800,,TS,31.5N,97.2W,35,,,,,,,,,,,,,
AL,UNNAMED,1902,2,37,19020628,0,,TS,32.8N,96.6W,35,,,,,,,,,,,,,
AL,UNNAMED,1902,2,37,19020628,600,,TS,34.2N,95.9W,35,,,,,,,,,,,,,
AL,UNNAMED,1902,2,37,19020628,1200,,EX,35.8N,94.5W,35,,,,,,,,,,,,,
AL,UNNAMED,1902,2,37,19020628,1800,,EX,37.6N,92.3W,35,,,,,,,,,,,,,
AL,UNNAMED,1902,2,37,19020629,0,,EX,39.5N,88.6W,35,,,,,,,,,,,,,
AL,UNNAMED,1902,2,37,19020629,600,,EX,40.6N,85.4W,35,,,,,,,,,,,,,
AL,UNNAMED,1902,2,37,19020629,1200,,EX,41.5N,82.0W,35,,,,,,,,,,,,,
AL,UNNAMED,1902,2,37,19020629,1800,,EX,41.8N,78.6W,35,,,,,,,,,,,,,
AL,UNNAMED,1902,3,39,19020916,600,,TS,7.7N,30.8W,35,,,,,,,,,,,,,
AL,UNNAMED,1902,3,39,19020916,1200,,TS,8.0N,32.0W,35,,,,,,,,,,,,,
AL,UNNAMED,1902,3,39,19020916,1800,,TS,8.5N,33.2W,35,,,,,,,,,,,,,
AL,UNNAMED,1902,3,39,19020917,0,,TS,9.2N,34.5W,35,,,,,,,,,,,,,
AL,UNNAMED,1902,3,39,19020917,600,,TS,9.8N,36.0W,35,,,,,,,,,,,,,
AL,UNNAMED,1902,3,39,19020917,1200,,TS,10.4N,37.5W,35,,,,,,,,,,,,,
AL,UNNAMED,1902,3,39,19020917,1800,,TS,10.9N,38.9W,35,,,,,,,,,,,,,
AL,UNNAMED,1902,3,39,19020918,0,,TS,11.4N,40.3W,40,,,,,,,,,,,,,
AL,UNNAMED,1902,3,39,19020918,600,,TS,11.9N,41.7W,40,,,,,,,,,,,,,
AL,UNNAMED,1902,3,39,19020918,1200,,TS,12.3N,43.0W,40,,,,,,,,,,,,,
AL,UNNAMED,1902,3,39,19020918,1800,,TS,12.6N,44.4W,45,,,,,,,,,,,,,
AL,UNNAMED,1902,3,39,19020919,0,,TS,13.1N,46.1W,50,,,,,,,,,,,,,
AL,UNNAMED,1902,3,39,19020919,600,,TS,13.6N,47.7W,50,,,,,,,,,,,,,
AL,UNNAMED,1902,3,39,19020919,1200,,TS,14.3N,49.3W,55,,,,,,,,,,,,,
AL,UNNAMED,1902,3,39,19020919,1800,,TS,15.3N,50.9W,60,,,,,,,,,,,,,
AL,UNNAMED,1902,3,39,19020920,0,,HU,16.8N,52.3W,65,,,,,,,,,,,,,
AL,UNNAMED,1902,3,39,19020920,600,,HU,18.9N,53.0W,70,,,,,,,,,,,,,
AL,UNNAMED,1902,3,39,19020920,1200,,HU,21.0N,53.0W,75,,,,,,,,,,,,,
AL,UNNAMED,1902,3,39,19020920,1800,,HU,22.9N,52.6W,80,,,,,,,,,,,,,
AL,UNNAMED,1902,3,39,19020921,0,,HU,24.7N,51.7W,85,,,,,,,,,,,,,
AL,UNNAMED,1902,3,39,19020921,600,,HU,26.5N,50.5W,85,,,,,,,,,,,,,
AL,UNNAMED,1902,3,39,19020921,1200,,HU,28.3N,49.5W,85,,,,,,,,,,,,,
AL,UNNAMED,1902,3,39,19020921,1800,,HU,30.2N,48.4W,85,,,,,,,,,,,,,
AL,UNNAMED,1902,3,39,19020922,0,,HU,32.1N,47.3W,80,,,,,,,,,,,,,
AL,UNNAMED,1902,3,39,19020922,600,,HU,33.6N,46.0W,75,,,,,,,,,,,,,
AL,UNNAMED,1902,3,39,19020922,1200,,EX,34.8N,44.8W,75,,,,,,,,,,,,,
AL,UNNAMED,1902,3,39,19020922,1800,,EX,35.8N,42.9W,70,,,,,,,,,,,,,
AL,UNNAMED,1902,3,39,19020923,0,,EX,36.8N,41.4W,65,,,,,,,,,,,,,
AL,UNNAMED,1902,3,39,19020923,600,,EX,37.8N,39.9W,65,,,,,,,,,,,,,
AL,UNNAMED,1902,3,39,19020923,1200,,EX,38.7N,38.5W,60,,,,,,,,,,,,,
AL,UNNAMED,1902,3,39,19020923,1800,,EX,39.5N,37.1W,55,,,,,,,,,,,,,
AL,UNNAMED,1902,3,39,19020924,0,,EX,40.4N,35.8W,55,,,,,,,,,,,,,
AL,UNNAMED,1902,3,39,19020924,600,,EX,41.3N,34.5W,50,,,,,,,,,,,,,
AL,UNNAMED,1902,3,39,19020924,1200,,EX,42.3N,33.1W,50,,,,,,,,,,,,,
AL,UNNAMED,1902,3,39,19020924,1800,,EX,44.0N,31.7W,45,,,,,,,,,,,,,
AL,UNNAMED,1902,3,39,19020925,0,,EX,45.7N,30.4W,45,,,,,,,,,,,,,
AL,UNNAMED,1902,3,39,19020925,600,,EX,47.6N,29.6W,45,,,,,,,,,,,,,
AL,UNNAMED,1902,3,39,19020925,1200,,EX,49.8N,28.8W,40,,,,,,,,,,,,,
AL,UNNAMED,1902,3,39,19020925,1800,,EX,51.6N,29.2W,40,,,,,,,,,,,,,
AL,UNNAMED,1902,4,44,19021003,0,,TD,14.0N,93.8W,30,,,,,,,,,,,,,
AL,UNNAMED,1902,4,44,19021003,600,,TD,14.5N,94.0W,30,,,,,,,,,,,,,
AL,UNNAMED,1902,4,44,19021003,1200,,TD,15.0N,94.2W,30,,,,,,,,,,,,,
AL,UNNAMED,1902,4,44,19021003,1800,,TD,15.5N,94.3W,30,,,,,,,,,,,,,
AL,UNNAMED,1902,4,44,19021004,0,,TD,16.0N,94.4W,30,,,,,,,,,,,,,
AL,UNNAMED,1902,4,44,19021004,600,,TD,16.5N,94.5W,30,,,,,,,,,,,,,
AL,UNNAMED,1902,4,44,19021004,1200,,TD,17.0N,94.6W,30,,,,,,,,,,,,,
AL,UNNAMED,1902,4,44,19021004,1800,,TD,17.5N,94.7W,30,,,,,,,,,,,,,
AL,UNNAMED,1902,4,44,19021005,0,,TD,18.0N,94.8W,30,,,,,,,,,,,,,
AL,UNNAMED,1902,4,44,19021005,600,,TD,18.5N,94.9W,30,,,,,,,,,,,,,
AL,UNNAMED,1902,4,44,19021005,1200,,TS,18.7N,94.9W,35,,,,,,,,,,,,,
AL,UNNAMED,1902,4,44,19021005,1800,,TS,18.8N,94.7W,45,,,,,,,,,,,,,
AL,UNNAMED,1902,4,44,19021006,0,,TS,18.9N,94.4W,55,,,,,,,,,,,,,
AL,UNNAMED,1902,4,44,19021006,600,,TS,19.1N,94.0W,60,,,,,,,,,,,,,
AL,UNNAMED,1902,4,44,19021006,1200,,HU,19.3N,93.7W,65,,,,,,,,,,,,,
AL,UNNAMED,1902,4,44,19021006,1800,,HU,19.5N,93.3W,75,,,,,,,,,,,,,
AL,UNNAMED,1902,4,44,19021007,0,,HU,19.7N,92.9W,85,,,,,,,,,,,,,
AL,UNNAMED,1902,4,44,19021007,600,,HU,20.0N,92.5W,90,970,,,,,,,,,,,,
AL,UNNAMED,1902,4,44,19021007,1200,,HU,20.3N,92.0W,90,,,,,,,,,,,,,
AL,UNNAMED,1902,4,44,19021007,1800,,HU,20.7N,91.5W,90,,,,,,,,,,,,,
AL,UNNAMED,1902,4,44,19021008,0,,HU,21.1N,91.1W,90,,,,,,,,,,,,,
AL,UNNAMED,1902,4,44,19021008,600,,HU,21.5N,90.8W,90,,,,,,,,,,,,,
AL,UNNAMED,1902,4,44,19021008,1200,,HU,22.0N,90.5W,90,,,,,,,,,,,,,
AL,UNNAMED,1902,4,44,19021008,1800,,HU,22.7N,90.2W,90,,,,,,,,,,,,,
AL,UNNAMED,1902,4,44,19021009,0,,HU,23.4N,90.0W,90,,,,,,,,,,,,,
AL,UNNAMED,1902,4,44,19021009,600,,HU,23.9N,89.9W,85,,,,,,,,,,,,,
AL,UNNAMED,1902,4,44,19021009,1200,,HU,24.5N,89.7W,80,,,,,,,,,,,,,
AL,UNNAMED,1902,4,44,19021009,1800,,HU,25.3N,89.5W,70,,,,,,,,,,,,,
AL,UNNAMED,1902,4,44,19021010,0,,HU,26.2N,89.1W,65,,,,,,,,,,,,,
AL,UNNAMED,1902,4,44,19021010,600,,TS,27.1N,88.8W,60,,,,,,,,,,,,,
AL,UNNAMED,1902,4,44,19021010,1200,,TS,28.0N,88.5W,55,,,,,,,,,,,,,
AL,UNNAMED,1902,4,44,19021010,1800,,TS,29.4N,87.8W,50,,,,,,,,,,,,,
AL,UNNAMED,1902,4,44,19021010,2100,L,TS,30.3N,87.3W,50,,,,,,,,,,,,,
AL,UNNAMED,1902,4,44,19021011,0,,TS,31.0N,86.9W,40,,,,,,,,,,,,,
AL,UNNAMED,1902,4,44,19021011,600,,EX,32.5N,85.9W,35,,,,,,,,,,,,,
AL,UNNAMED,1902,4,44,19021011,1200,,EX,33.7N,84.8W,35,,,,,,,,,,,,,
AL,UNNAMED,1902,4,44,19021011,1800,,EX,34.9N,82.8W,35,,,,,,,,,,,,,
AL,UNNAMED,1902,4,44,19021012,0,,EX,36.4N,80.5W,35,,,,,,,,,,,,,
AL,UNNAMED,1902,4,44,19021012,600,,EX,37.6N,78.0W,35,,,,,,,,,,,,,
AL,UNNAMED,1902,4,44,19021012,1200,,EX,38.8N,72.8W,35,,,,,,,,,,,,,
AL,UNNAMED,1902,4,44,19021012,1800,,EX,39.9N,69.1W,35,,,,,,,,,,,,,
AL,UNNAMED,1902,4,44,19021013,0,,EX,40.9N,65.5W,35,,,,,,,,,,,,,
AL,UNNAMED,1902,4,44,19021013,600,,EX,41.9N,61.0W,40,,,,,,,,,,,,,
AL,UNNAMED,1902,4,44,19021013,1200,,EX,42.8N,55.1W,40,,,,,,,,,,,,,
AL,UNNAMED,1902,5,24,19021101,0,,TD,20.0N,67.3W,30,,,,,,,,,,,,,
AL,UNNAMED,1902,5,24,19021101,600,,TD,21.0N,68.3W,30,,,,,,,,,,,,,
AL,UNNAMED,1902,5,24,19021101,1200,,TS,22.5N,67.3W,35,,,,,,,,,,,,,
AL,UNNAMED,1902,5,24,19021101,1800,,TS,24.6N,66.3W,35,,,,,,,,,,,,,
AL,UNNAMED,1902,5,24,19021102,0,,TS,26.6N,65.3W,35,,,,,,,,,,,,,
AL,UNNAMED,1902,5,24,19021102,600,,TS,28.7N,63.9W,40,,,,,,,,,,,,,
AL,UNNAMED,1902,5,24,19021102,1200,,TS,30.5N,62.6W,45,,,,,,,,,,,,,
AL,UNNAMED,1902,5,24,19021102,1800,,TS,31.8N,61.3W,50,,,,,,,,,,,,,
AL,UNNAMED,1902,5,24,19021103,0,,TS,32.7N,60.3W,55,,,,,,,,,,,,,
AL,UNNAMED,1902,5,24,19021103,600,,TS,33.5N,59.2W,60,,,,,,,,,,,,,
AL,UNNAMED,1902,5,24,19021103,1200,,TS,34.3N,58.0W,60,,,,,,,,,,,,,
AL,UNNAMED,1902,5,24,19021103,1800,,TS,34.8N,57.2W,60,,,,,,,,,,,,,
AL,UNNAMED,1902,5,24,19021104,0,,TS,35.2N,56.5W,60,,,,,,,,,,,,,
AL,UNNAMED,1902,5,24,19021104,600,,TS,35.7N,55.7W,55,,,,,,,,,,,,,
AL,UNNAMED,1902,5,24,19021104,1200,,TS,36.0N,55.0W,50,,,,,,,,,,,,,
AL,UNNAMED,1902,5,24,19021104,1800,,TS,36.3N,53.8W,50,,,,,,,,,,,,,
AL,UNNAMED,1902,5,24,19021105,0,,TS,36.6N,52.8W,50,,,,,,,,,,,,,
AL,UNNAMED,1902,5,24,19021105,600,,TS,36.8N,51.9W,50,,,,,,,,,,,,,
AL,UNNAMED,1902,5,24,19021105,1200,,TS,37.0N,51.0W,50,,,,,,,,,,,,,
AL,UNNAMED,1902,5,24,19021105,1800,,TS,37.1N,49.8W,40,,,,,,,,,,,,,
AL,UNNAMED,1902,5,24,19021106,0,,TS,37.1N,48.6W,35,,,,,,,,,,,,,
AL,UNNAMED,1902,5,24,19021106,600,,TD,37.0N,47.4W,30,,,,,,,,,,,,,
AL,UNNAMED,1902,5,24,19021106,1200,,TD,37.0N,46.5W,25,,,,,,,,,,,,,
AL,UNNAMED,1902,5,24,19021106,1800,,TD,37.1N,45.4W,20,,,,,,,,,,,,,
AL,UNNAMED,1903,1,24,19030721,0,,TS,20.0N,67.8W,35,,,,,,,,,,,,,
AL,UNNAMED,1903,1,24,19030721,600,,TS,20.7N,68.9W,35,,,,,,,,,,,,,
AL,UNNAMED,1903,1,24,19030721,1200,,TS,21.5N,70.0W,35,,,,,,,,,,,,,
AL,UNNAMED,1903,1,24,19030721,1800,,TS,22.5N,71.2W,35,,,,,,,,,,,,,
AL,UNNAMED,1903,1,24,19030722,0,,TS,23.7N,72.6W,35,,,,,,,,,,,,,
AL,UNNAMED,1903,1,24,19030722,600,,TS,24.9N,73.8W,35,,,,,,,,,,,,,
AL,UNNAMED,1903,1,24,19030722,1200,,TS,26.5N,75.0W,40,,,,,,,,,,,,,
AL,UNNAMED,1903,1,24,19030722,1800,,TS,27.6N,75.5W,40,,,,,,,,,,,,,
AL,UNNAMED,1903,1,24,19030723,0,,TS,28.8N,75.6W,45,,,,,,,,,,,,,
AL,UNNAMED,1903,1,24,19030723,600,,TS,29.9N,75.4W,50,,,,,,,,,,,,,
AL,UNNAMED,1903,1,24,19030723,1200,,TS,31.0N,75.0W,55,,,,,,,,,,,,,
AL,UNNAMED,1903,1,24,19030723,1800,,TS,32.2N,73.6W,60,,,,,,,,,,,,,
AL,UNNAMED,1903,1,24,19030724,0,,HU,33.4N,71.6W,65,,,,,,,,,,,,,
AL,UNNAMED,1903,1,24,19030724,600,,HU,34.3N,70.1W,70,,,,,,,,,,,,,
AL,UNNAMED,1903,1,24,19030724,1200,,HU,35.3N,68.5W,70,,,,,,,,,,,,,
AL,UNNAMED,1903,1,24,19030724,1800,,HU,36.4N,66.9W,70,,,,,,,,,,,,,
AL,UNNAMED,1903,1,24,19030725,0,,HU,37.3N,65.2W,70,,,,,,,,,,,,,
AL,UNNAMED,1903,1,24,19030725,600,,HU,37.9N,63.6W,65,,,,,,,,,,,,,
AL,UNNAMED,1903,1,24,19030725,1200,,TS,38.5N,61.5W,60,,,,,,,,,,,,,
AL,UNNAMED,1903,1,24,19030725,1800,,TS,39.3N,58.0W,55,,,,,,,,,,,,,
AL,UNNAMED,1903,1,24,19030726,0,,TS,39.9N,54.7W,50,,,,,,,,,,,,,
AL,UNNAMED,1903,1,24,19030726,600,,EX,40.5N,51.4W,50,,,,,,,,,,,,,
AL,UNNAMED,1903,1,24,19030726,1200,,EX,41.0N,48.5W,45,,,,,,,,,,,,,
AL,UNNAMED,1903,1,24,19030726,1800,,EX,41.4N,45.7W,40,,,,,,,,,,,,,
AL,UNNAMED,1903,2,43,19030806,600,,TS,11.8N,42.3W,50,,,,,,,,,,,,,
AL,UNNAMED,1903,2,43,19030806,1200,,TS,12.0N,43.5W,50,,,,,,,,,,,,,
AL,UNNAMED,1903,2,43,19030806,1800,,TS,12.3N,44.7W,50,,,,,,,,,,,,,
AL,UNNAMED,1903,2,43,19030807,0,,TS,12.6N,46.0W,55,,,,,,,,,,,,,
AL,UNNAMED,1903,2,43,19030807,600,,HU,13.1N,47.5W,65,,,,,,,,,,,,,
AL,UNNAMED,1903,2,43,19030807,1200,,HU,13.5N,49.0W,70,,,,,,,,,,,,,
AL,UNNAMED,1903,2,43,19030807,1800,,HU,13.7N,50.9W,70,,,,,,,,,,,,,
AL,UNNAMED,1903,2,43,19030808,0,,HU,13.8N,52.6W,70,,,,,,,,,,,,,
AL,UNNAMED,1903,2,43,19030808,600,,HU,13.8N,54.1W,70,,,,,,,,,,,,,
AL,UNNAMED,1903,2,43,19030808,1200,,HU,14.0N,56.0W,70,,,,,,,,,,,,,
AL,UNNAMED,1903,2,43,19030808,1800,,HU,14.3N,57.8W,75,,,,,,,,,,,,,
AL,UNNAMED,1903,2,43,19030809,0,,HU,14.4N,59.8W,80,,,,,,,,,,,,,
AL,UNNAMED,1903,2,43,19030809,600,,HU,14.5N,61.4W,90,970,,,,,,,,,,,,
AL,UNNAMED,1903,2,43,19030809,1200,,HU,14.7N,63.0W,100,,,,,,,,,,,,,
AL,UNNAMED,1903,2,43,19030809,1800,,HU,14.9N,64.7W,105,,,,,,,,,,,,,
AL,UNNAMED,1903,2,43,19030810,0,,HU,15.2N,66.4W,105,,,,,,,,,,,,,
AL,UNNAMED,1903,2,43,19030810,600,,HU,15.6N,68.2W,105,,,,,,,,,,,,,
AL,UNNAMED,1903,2,43,19030810,1200,,HU,16.0N,70.0W,105,,,,,,,,,,,,,
AL,UNNAMED,1903,2,43,19030810,1800,,HU,16.6N,72.0W,105,,,,,,,,,,,,,
AL,UNNAMED,1903,2,43,19030811,0,,HU,17.2N,73.8W,105,,,,,,,,,,,,,
AL,UNNAMED,1903,2,43,19030811,600,,HU,17.7N,75.6W,105,,,,,,,,,,,,,
AL,UNNAMED,1903,2,43,19030811,1200,,HU,18.3N,77.3W,105,,,,,,,,,,,,,
AL,UNNAMED,1903,2,43,19030811,1800,,HU,18.6N,78.7W,105,,,,,,,,,,,,,
AL,UNNAMED,1903,2,43,19030812,0,,HU,19.0N,80.0W,105,,,,,,,,,,,,,
AL,UNNAMED,1903,2,43,19030812,600,,HU,19.4N,81.1W,105,958,,,,,,,,,,,,
AL,UNNAMED,1903,2,43,19030812,1200,,HU,19.7N,82.5W,105,,,,,,,,,,,,,
AL,UNNAMED,1903,2,43,19030812,1800,,HU,20.1N,84.0W,105,,,,,,,,,,,,,
AL,UNNAMED,1903,2,43,19030813,0,,HU,20.4N,85.6W,105,,,,,,,,,,,,,
AL,UNNAMED,1903,2,43,19030813,600,,HU,20.8N,87.3W,85,,,,,,,,,,,,,
AL,UNNAMED,1903,2,43,19030813,1200,,HU,21.0N,88.4W,70,,,,,,,,,,,,,
AL,UNNAMED,1903,2,43,19030813,1800,,HU,21.2N,89.4W,65,,,,,,,,,,,,,
AL,UNNAMED,1903,2,43,19030814,0,,HU,21.4N,90.4W,70,,,,,,,,,,,,,
AL,UNNAMED,1903,2,43,19030814,600,,HU,21.7N,91.4W,70,,,,,,,,,,,,,
AL,UNNAMED,1903,2,43,19030814,1200,,HU,22.0N,92.5W,70,,,,,,,,,,,,,
AL,UNNAMED,1903,2,43,19030814,1800,,HU,22.1N,93.4W,70,,,,,,,,,,,,,
AL,UNNAMED,1903,2,43,19030815,0,,HU,22.3N,94.3W,70,,,,,,,,,,,,,
AL,UNNAMED,1903,2,43,19030815,600,,HU,22.6N,95.1W,70,986,,,,,,,,,,,,
AL,UNNAMED,1903,2,43,19030815,1200,,HU,23.0N,96.0W,70,,,,,,,,,,,,,
AL,UNNAMED,1903,2,43,19030815,1800,,HU,23.1N,96.8W,70,,,,,,,,,,,,,
AL,UNNAMED,1903,2,43,19030816,0,,HU,23.0N,97.6W,70,,,,,,,,,,,,,
AL,UNNAMED,1903,2,43,19030816,600,,TS,22.8N,98.3W,50,,,,,,,,,,,,,
AL,UNNAMED,1903,2,43,19030816,1200,,TS,22.5N,99.0W,40,,,,,,,,,,,,,
AL,UNNAMED,1903,2,43,19030816,1800,,TS,22.0N,99.6W,35,,,,,,,,,,,,,
AL,UNNAMED,1903,3,33,19030909,600,,TS,21.4N,72.4W,50,,,,,,,,,,,,,
AL,UNNAMED,1903,3,33,19030909,1200,,TS,21.8N,73.4W,50,,,,,,,,,,,,,
AL,UNNAMED,1903,3,33,19030909,1800,,TS,22.2N,74.0W,50,,,,,,,,,,,,,
AL,UNNAMED,1903,3,33,19030910,0,,TS,22.6N,74.7W,55,,,,,,,,,,,,,
AL,UNNAMED,1903,3,33,19030910,600,,TS,23.2N,75.3W,60,,,,,,,,,,,,,
AL,UNNAMED,1903,3,33,19030910,1200,,HU,23.8N,76.0W,65,,,,,,,,,,,,,
AL,UNNAMED,1903,3,33,19030910,1800,,HU,24.5N,76.7W,70,,,,,,,,,,,,,
AL,UNNAMED,1903,3,33,19030911,0,,HU,25.1N,77.5W,75,,,,,,,,,,,,,
AL,UNNAMED,1903,3,33,19030911,600,,HU,25.5N,78.2W,75,,,,,,,,,,,,,
AL,UNNAMED,1903,3,33,19030911,1200,,HU,25.7N,78.9W,75,,,,,,,,,,,,,
AL,UNNAMED,1903,3,33,19030911,1800,,HU,25.9N,79.6W,75,976,,,,,,,,,,,,
AL,UNNAMED,1903,3,33,19030911,2300,L,HU,26.1N,80.1W,75,976,,,,,,,,,,,,
AL,UNNAMED,1903,3,33,19030912,0,,HU,26.2N,80.3W,70,,,,,,,,,,,,,
AL,UNNAMED,1903,3,33,19030912,600,,TS,26.7N,81.2W,60,,,,,,,,,,,,,
AL,UNNAMED,1903,3,33,19030912,1200,,TS,27.3N,82.1W,55,988,,,,,,,,,,,,
AL,UNNAMED,1903,3,33,19030912,1800,,TS,27.7N,82.9W,50,,,,,,,,,,,,,
AL,UNNAMED,1903,3,33,19030913,0,,TS,28.1N,83.6W,60,,,,,,,,,,,,,
AL,UNNAMED,1903,3,33,19030913,600,,HU,28.5N,84.2W,70,,,,,,,,,,,,,
AL,UNNAMED,1903,3,33,19030913,1200,,HU,28.9N,84.8W,80,,,,,,,,,,,,,
AL,UNNAMED,1903,3,33,19030913,1800,,HU,29.5N,85.3W,80,,,,,,,,,,,,,
AL,UNNAMED,1903,3,33,19030913,2300,L,HU,30.1N,85.6W,80,,,,,,,,,,,,,
AL,UNNAMED,1903,3,33,19030914,0,,HU,30.3N,85.7W,80,,,,,,,,,,,,,
AL,UNNAMED,1903,3,33,19030914,600,,TS,31.0N,85.9W,60,,,,,,,,,,,,,
AL,UNNAMED,1903,3,33,19030914,1200,,TS,31.6N,86.0W,45,,,,,,,,,,,,,
AL,UNNAMED,1903,3,33,19030914,1800,,TS,32.0N,86.0W,35,,,,,,,,,,,,,
AL,UNNAMED,1903,3,33,19030915,0,,TS,32.4N,85.9W,35,,,,,,,,,,,,,
AL,UNNAMED,1903,3,33,19030915,600,,TS,32.7N,85.6W,35,,,,,,,,,,,,,
AL,UNNAMED,1903,3,33,19030915,1200,,TS,33.0N,85.3W,35,,,,,,,,,,,,,
AL,UNNAMED,1903,3,33,19030915,1800,,TS,33.3N,84.9W,35,,,,,,,,,,,,,
AL,UNNAMED,1903,3,33,19030916,0,,TD,33.6N,84.3W,30,,,,,,,,,,,,,
AL,UNNAMED,1903,3,33,19030916,600,,TD,33.8N,83.7W,30,,,,,,,,,,,,,
AL,UNNAMED,1903,3,33,19030916,1200,,TD,34.0N,83.0W,30,,,,,,,,,,,,,
AL,UNNAMED,1903,3,33,19030916,1800,,TD,33.9N,82.3W,30,,,,,,,,,,,,,
AL,UNNAMED,1903,4,25,19030912,0,,TS,22.5N,55.6W,60,,,,,,,,,,,,,
AL,UNNAMED,1903,4,25,19030912,600,,TS,23.3N,56.4W,60,,,,,,,,,,,,,
AL,UNNAMED,1903,4,25,19030912,1200,,TS,24.2N,57.3W,60,,,,,,,,,,,,,
AL,UNNAMED,1903,4,25,19030912,1800,,TS,25.4N,58.7W,60,,,,,,,,,,,,,
AL,UNNAMED,1903,4,25,19030913,0,,TS,26.5N,60.4W,60,,,,,,,,,,,,,
AL,UNNAMED,1903,4,25,19030913,600,,TS,27.4N,62.2W,60,,,,,,,,,,,,,
AL,UNNAMED,1903,4,25,19030913,1200,,TS,28.0N,64.0W,60,,,,,,,,,,,,,
AL,UNNAMED,1903,4,25,19030913,1800,,TS,28.4N,65.2W,60,,,,,,,,,,,,,
AL,UNNAMED,1903,4,25,19030914,0,,TS,28.8N,66.5W,60,,,,,,,,,,,,,
AL,UNNAMED,1903,4,25,19030914,600,,TS,29.1N,67.8W,60,,,,,,,,,,,,,
AL,UNNAMED,1903,4,25,19030914,1200,,TS,29.5N,69.0W,60,,,,,,,,,,,,,
AL,UNNAMED,1903,4,25,19030914,1800,,HU,30.1N,70.3W,65,,,,,,,,,,,,,
AL,UNNAMED,1903,4,25,19030915,0,,HU,30.8N,71.5W,70,,,,,,,,,,,,,
AL,UNNAMED,1903,4,25,19030915,600,,HU,31.6N,72.6W,75,,,,,,,,,,,,,
AL,UNNAMED,1903,4,25,19030915,1200,,HU,32.5N,73.3W,80,,,,,,,,,,,,,
AL,UNNAMED,1903,4,25,19030915,1800,,HU,34.1N,74.0W,85,,,,,,,,,,,,,
AL,UNNAMED,1903,4,25,19030916,0,,HU,36.2N,74.5W,80,,,,,,,,,,,,,
AL,UNNAMED,1903,4,25,19030916,600,,HU,38.0N,74.6W,75,,,,,,,,,,,,,
AL,UNNAMED,1903,4,25,19030916,1100,L,HU,39.1N,74.7W,70,990,,,,,,,,,,,,
AL,UNNAMED,1903,4,25,19030916,1200,,HU,39.3N,74.7W,70,990,,,,,,,,,,,,
AL,UNNAMED,1903,4,25,19030916,1800,,TS,40.3N,75.0W,55,,,,,,,,,,,,,
AL,UNNAMED,1903,4,25,19030917,0,,TS,41.1N,75.5W,55,,,,,,,,,,,,,
AL,UNNAMED,1903,4,25,19030917,600,,TS,41.9N,76.3W,45,,,,,,,,,,,,,
AL,UNNAMED,1903,4,25,19030917,1200,,EX,43.0N,77.0W,40,,,,,,,,,,,,,
AL,UNNAMED,1903,4,25,19030917,1800,,EX,44.8N,77.0W,30,,,,,,,,,,,,,
AL,UNNAMED,1903,5,32,19030919,0,,TD,20.8N,71.6W,30,,,,,,,,,,,,,
AL,UNNAMED,1903,5,32,19030919,600,,TD,21.3N,71.7W,30,,,,,,,,,,,,,
AL,UNNAMED,1903,5,32,19030919,1200,,TD,21.7N,71.7W,30,,,,,,,,,,,,,
AL,UNNAMED,1903,5,32,19030919,1800,,TD,22.0N,71.7W,30,,,,,,,,,,,,,
AL,UNNAMED,1903,5,32,19030920,0,,TD,22.3N,71.7W,30,,,,,,,,,,,,,
AL,UNNAMED,1903,5,32,19030920,600,,TD,22.6N,71.7W,30,,,,,,,,,,,,,
AL,UNNAMED,1903,5,32,19030920,1200,,TD,23.0N,71.7W,30,,,,,,,,,,,,,
AL,UNNAMED,1903,5,32,19030920,1800,,TD,23.5N,71.8W,30,,,,,,,,,,,,,
AL,UNNAMED,1903,5,32,19030921,0,,TD,24.1N,72.0W,30,,,,,,,,,,,,,
AL,UNNAMED,1903,5,32,19030921,600,,TD,24.6N,72.2W,30,,,,,,,,,,,,,
AL,UNNAMED,1903,5,32,19030921,1200,,TD,25.0N,72.5W,30,,,,,,,,,,,,,
AL,UNNAMED,1903,5,32,19030921,1800,,TD,25.5N,72.7W,30,,,,,,,,,,,,,
AL,UNNAMED,1903,5,32,19030922,0,,TD,26.0N,72.9W,30,,,,,,,,,,,,,
AL,UNNAMED,1903,5,32,19030922,600,,TD,26.5N,73.1W,30,,,,,,,,,,,,,
AL,UNNAMED,1903,5,32,19030922,1200,,TS,27.0N,73.3W,35,,,,,,,,,,,,,
AL,UNNAMED,1903,5,32,19030922,1800,,TS,27.5N,73.5W,35,,,,,,,,,,,,,
AL,UNNAMED,1903,5,32,19030923,0,,TS,27.9N,73.6W,40,,,,,,,,,,,,,
AL,UNNAMED,1903,5,32,19030923,600,,TS,28.5N,73.6W,40,,,,,,,,,,,,,
AL,UNNAMED,1903,5,32,19030923,1200,,TS,29.0N,73.7W,45,,,,,,,,,,,,,
AL,UNNAMED,1903,5,32,19030923,1800,,TS,30.0N,73.9W,45,,,,,,,,,,,,,
AL,UNNAMED,1903,5,32,19030924,0,,TS,31.4N,74.0W,50,,,,,,,,,,,,,
AL,UNNAMED,1903,5,32,19030924,600,,TS,32.8N,73.8W,50,,,,,,,,,,,,,
AL,UNNAMED,1903,5,32,19030924,1200,,TS,34.0N,73.0W,50,,,,,,,,,,,,,
AL,UNNAMED,1903,5,32,19030924,1800,,TS,34.7N,71.6W,50,,,,,,,,,,,,,
AL,UNNAMED,1903,5,32,19030925,0,,TS,35.1N,70.4W,50,,,,,,,,,,,,,
AL,UNNAMED,1903,5,32,19030925,600,,TS,35.4N,69.0W,45,,,,,,,,,,,,,
AL,UNNAMED,1903,5,32,19030925,1200,,TS,35.5N,67.5W,45,,,,,,,,,,,,,
AL,UNNAMED,1903,5,32,19030925,1800,,TS,36.0N,65.3W,40,,,,,,,,,,,,,
AL,UNNAMED,1903,5,32,19030926,0,,TS,36.7N,62.7W,35,,,,,,,,,,,,,
AL,UNNAMED,1903,5,32,19030926,600,,TD,37.3N,60.1W,30,,,,,,,,,,,,,
AL,UNNAMED,1903,5,32,19030926,1200,,TD,37.8N,57.5W,25,,,,,,,,,,,,,
AL,UNNAMED,1903,5,32,19030926,1800,,TD,38.2N,55.6W,25,,,,,,,,,,,,,
AL,UNNAMED,1903,6,19,19030926,600,,TS,22.9N,58.8W,40,,,,,,,,,,,,,
AL,UNNAMED,1903,6,19,19030926,1200,,TS,23.3N,60.0W,40,,,,,,,,,,,,,
AL,UNNAMED,1903,6,19,19030926,1800,,TS,23.6N,61.6W,40,,,,,,,,,,,,,
AL,UNNAMED,1903,6,19,19030927,0,,TS,23.9N,62.8W,45,,,,,,,,,,,,,
AL,UNNAMED,1903,6,19,19030927,600,,TS,24.3N,63.8W,50,,,,,,,,,,,,,
AL,UNNAMED,1903,6,19,19030927,1200,,TS,24.8N,64.6W,55,,,,,,,,,,,,,
AL,UNNAMED,1903,6,19,19030927,1800,,TS,26.0N,65.3W,60,,,,,,,,,,,,,
AL,UNNAMED,1903,6,19,19030928,0,,HU,27.3N,65.7W,70,,,,,,,,,,,,,
AL,UNNAMED,1903,6,19,19030928,600,,HU,28.7N,65.7W,80,,,,,,,,,,,,,
AL,UNNAMED,1903,6,19,19030928,1200,,HU,30.0N,65.5W,90,,,,,,,,,,,,,
AL,UNNAMED,1903,6,19,19030928,1800,,HU,32.1N,64.2W,95,,,,,,,,,,,,,
AL,UNNAMED,1903,6,19,19030929,0,,HU,34.1N,62.3W,95,,,,,,,,,,,,,
AL,UNNAMED,1903,6,19,19030929,600,,HU,36.0N,59.1W,95,,,,,,,,,,,,,
AL,UNNAMED,1903,6,19,19030929,1200,,HU,37.5N,56.3W,90,,,,,,,,,,,,,
AL,UNNAMED,1903,6,19,19030929,1800,,HU,39.4N,52.8W,85,,,,,,,,,,,,,
AL,UNNAMED,1903,6,19,19030930,0,,HU,41.2N,48.6W,80,,,,,,,,,,,,,
AL,UNNAMED,1903,6,19,19030930,600,,EX,42.7N,44.8W,75,,,,,,,,,,,,,
AL,UNNAMED,1903,6,19,19030930,1200,,EX,44.5N,40.5W,70,,,,,,,,,,,,,
AL,UNNAMED,1903,6,19,19030930,1800,,EX,46.5N,35.5W,60,,,,,,,,,,,,,
AL,UNNAMED,1903,7,40,19031001,0,,TS,17.7N,57.3W,60,,,,,,,,,,,,,
AL,UNNAMED,1903,7,40,19031001,600,,TS,18.1N,57.9W,60,,,,,,,,,,,,,
AL,UNNAMED,1903,7,40,19031001,1200,,TS,18.5N,58.5W,60,,,,,,,,,,,,,
AL,UNNAMED,1903,7,40,19031001,1800,,TS,19.4N,60.0W,60,,,,,,,,,,,,,
AL,UNNAMED,1903,7,40,19031002,0,,HU,20.3N,61.0W,65,,,,,,,,,,,,,
AL,UNNAMED,1903,7,40,19031002,600,,HU,21.5N,62.2W,70,,,,,,,,,,,,,
AL,UNNAMED,1903,7,40,19031002,1200,,HU,23.0N,63.5W,70,,,,,,,,,,,,,
AL,UNNAMED,1903,7,40,19031002,1800,,HU,24.3N,63.8W,70,,,,,,,,,,,,,
AL,UNNAMED,1903,7,40,19031003,0,,HU,25.4N,63.7W,70,,,,,,,,,,,,,
AL,UNNAMED,1903,7,40,19031003,600,,HU,26.3N,63.4W,70,,,,,,,,,,,,,
AL,UNNAMED,1903,7,40,19031003,1200,,HU,27.3N,63.0W,75,,,,,,,,,,,,,
AL,UNNAMED,1903,7,40,19031003,1800,,HU,28.0N,62.7W,75,,,,,,,,,,,,,
AL,UNNAMED,1903,7,40,19031004,0,,HU,28.9N,62.2W,80,,,,,,,,,,,,,
AL,UNNAMED,1903,7,40,19031004,600,,HU,29.5N,61.6W,80,,,,,,,,,,,,,
AL,UNNAMED,1903,7,40,19031004,1200,,HU,30.0N,60.7W,85,,,,,,,,,,,,,
AL,UNNAMED,1903,7,40,19031004,1800,,HU,30.5N,59.1W,85,,,,,,,,,,,,,
AL,UNNAMED,1903,7,40,19031005,0,,HU,30.6N,57.2W,85,,,,,,,,,,,,,
AL,UNNAMED,1903,7,40,19031005,600,,HU,30.4N,55.2W,85,,,,,,,,,,,,,
AL,UNNAMED,1903,7,40,19031005,1200,,HU,30.0N,53.4W,85,,,,,,,,,,,,,
AL,UNNAMED,1903,7,40,19031005,1800,,HU,29.5N,51.9W,80,,,,,,,,,,,,,
AL,UNNAMED,1903,7,40,19031006,0,,HU,28.9N,50.2W,75,,,,,,,,,,,,,
AL,UNNAMED,1903,7,40,19031006,600,,HU,28.1N,48.8W,70,,,,,,,,,,,,,
AL,UNNAMED,1903,7,40,19031006,1200,,HU,27.0N,48.0W,70,,,,,,,,,,,,,
AL,UNNAMED,1903,7,40,19031006,1800,,HU,26.8N,48.2W,70,,,,,,,,,,,,,
AL,UNNAMED,1903,7,40,19031007,0,,HU,26.7N,48.4W,70,,,,,,,,,,,,,
AL,UNNAMED,1903,7,40,19031007,600,,HU,26.8N,48.7W,70,,,,,,,,,,,,,
AL,UNNAMED,1903,7,40,19031007,1200,,HU,27.0N,49.0W,70,,,,,,,,,,,,,
AL,UNNAMED,1903,7,40,19031007,1800,,HU,27.6N,48.8W,70,,,,,,,,,,,,,
AL,UNNAMED,1903,7,40,19031008,0,,HU,28.0N,48.2W,70,,,,,,,,,,,,,
AL,UNNAMED,1903,7,40,19031008,600,,HU,28.2N,47.2W,70,,,,,,,,,,,,,
AL,UNNAMED,1903,7,40,19031008,1200,,HU,28.3N,46.2W,70,,,,,,,,,,,,,
AL,UNNAMED,1903,7,40,19031008,1800,,HU,28.5N,45.0W,65,,,,,,,,,,,,,
AL,UNNAMED,1903,7,40,19031009,0,,HU,29.0N,43.1W,65,,,,,,,,,,,,,
AL,UNNAMED,1903,7,40,19031009,600,,TS,29.5N,41.5W,60,,,,,,,,,,,,,
AL,UNNAMED,1903,7,40,19031009,1200,,TS,30.0N,40.0W,50,,,,,,,,,,,,,
AL,UNNAMED,1903,7,40,19031009,1800,,TS,30.5N,38.7W,45,,,,,,,,,,,,,
AL,UNNAMED,1903,7,40,19031010,0,,EX,30.9N,37.5W,40,,,,,,,,,,,,,
AL,UNNAMED,1903,7,40,19031010,600,,EX,31.6N,36.2W,35,,,,,,,,,,,,,
AL,UNNAMED,1903,7,40,19031010,1200,,EX,32.4N,35.0W,35,,,,,,,,,,,,,
AL,UNNAMED,1903,7,40,19031010,1800,,EX,33.6N,33.2W,35,,,,,,,,,,,,,
AL,UNNAMED,1903,8,24,19031005,0,,TS,25.5N,72.5W,35,,,,,,,,,,,,,
AL,UNNAMED,1903,8,24,19031005,600,,TS,25.7N,72.3W,35,,,,,,,,,,,,,
AL,UNNAMED,1903,8,24,19031005,1200,,TS,26.0N,72.0W,40,,,,,,,,,,,,,
AL,UNNAMED,1903,8,24,19031005,1800,,TS,26.3N,71.7W,40,,,,,,,,,,,,,
AL,UNNAMED,1903,8,24,19031006,0,,TS,26.6N,71.3W,40,,,,,,,,,,,,,
AL,UNNAMED,1903,8,24,19031006,600,,TS,26.9N,70.9W,40,,,,,,,,,,,,,
AL,UNNAMED,1903,8,24,19031006,1200,,TS,27.2N,70.5W,40,,,,,,,,,,,,,
AL,UNNAMED,1903,8,24,19031006,1800,,TS,27.5N,70.1W,40,,,,,,,,,,,,,
AL,UNNAMED,1903,8,24,19031007,0,,TS,27.8N,69.7W,40,,,,,,,,,,,,,
AL,UNNAMED,1903,8,24,19031007,600,,TS,28.1N,69.3W,40,,,,,,,,,,,,,
AL,UNNAMED,1903,8,24,19031007,1200,,TS,28.5N,68.8W,40,,,,,,,,,,,,,
AL,UNNAMED,1903,8,24,19031007,1800,,TS,29.0N,68.2W,45,,,,,,,,,,,,,
AL,UNNAMED,1903,8,24,19031008,0,,TS,29.5N,67.4W,50,,,,,,,,,,,,,
AL,UNNAMED,1903,8,24,19031008,600,,TS,30.0N,66.9W,55,,,,,,,,,,,,,
AL,UNNAMED,1903,8,24,19031008,1200,,TS,30.5N,66.5W,60,,,,,,,,,,,,,
AL,UNNAMED,1903,8,24,19031008,1800,,TS,31.1N,66.2W,60,,,,,,,,,,,,,
AL,UNNAMED,1903,8,24,19031009,0,,TS,31.7N,65.9W,60,,,,,,,,,,,,,
AL,UNNAMED,1903,8,24,19031009,600,,TS,32.3N,65.7W,60,,,,,,,,,,,,,
AL,UNNAMED,1903,8,24,19031009,1200,,TS,33.0N,65.5W,60,,,,,,,,,,,,,
AL,UNNAMED,1903,8,24,19031009,1800,,TS,33.7N,65.3W,60,,,,,,,,,,,,,
AL,UNNAMED,1903,8,24,19031010,0,,TS,34.5N,65.2W,55,,,,,,,,,,,,,
AL,UNNAMED,1903,8,24,19031010,600,,TS,35.3N,65.1W,50,,,,,,,,,,,,,
AL,UNNAMED,1903,8,24,19031010,1200,,EX,36.1N,65.0W,50,,,,,,,,,,,,,
AL,UNNAMED,1903,8,24,19031010,1800,,EX,37.2N,64.8W,50,,,,,,,,,,,,,
AL,UNNAMED,1903,9,27,19031021,600,,TD,21.2N,72.0W,30,,,,,,,,,,,,,
AL,UNNAMED,1903,9,27,19031021,1200,,TD,21.5N,72.5W,30,,,,,,,,,,,,,
AL,UNNAMED,1903,9,27,19031021,1800,,TD,21.9N,72.9W,30,,,,,,,,,,,,,
AL,UNNAMED,1903,9,27,19031022,0,,TD,22.5N,73.3W,30,,,,,,,,,,,,,
AL,UNNAMED,1903,9,27,19031022,600,,TD,23.2N,73.6W,30,,,,,,,,,,,,,
AL,UNNAMED,1903,9,27,19031022,1200,,TD,24.0N,74.0W,30,,,,,,,,,,,,,
AL,UNNAMED,1903,9,27,19031022,1800,,TD,24.8N,74.2W,30,,,,,,,,,,,,,
AL,UNNAMED,1903,9,27,19031023,0,,TD,25.6N,74.3W,30,,,,,,,,,,,,,
AL,UNNAMED,1903,9,27,19031023,600,,TD,26.3N,74.3W,30,,,,,,,,,,,,,
AL,UNNAMED,1903,9,27,19031023,1200,,TS,27.0N,74.3W,35,,,,,,,,,,,,,
AL,UNNAMED,1903,9,27,19031023,1800,,TS,27.9N,74.5W,40,,,,,,,,,,,,,
AL,UNNAMED,1903,9,27,19031024,0,,TS,29.0N,74.8W,45,,,,,,,,,,,,,
AL,UNNAMED,1903,9,27,19031024,600,,TS,30.1N,75.1W,50,,,,,,,,,,,,,
AL,UNNAMED,1903,9,27,19031024,1200,,TS,31.2N,75.0W,50,,,,,,,,,,,,,
AL,UNNAMED,1903,9,27,19031024,1800,,EX,32.4N,74.5W,50,,,,,,,,,,,,,
AL,UNNAMED,1903,9,27,19031025,0,,EX,33.6N,73.1W,50,,,,,,,,,,,,,
AL,UNNAMED,1903,9,27,19031025,600,,EX,34.5N,71.5W,50,,,,,,,,,,,,,
AL,UNNAMED,1903,9,27,19031025,1200,,EX,35.8N,69.5W,50,,,,,,,,,,,,,
AL,UNNAMED,1903,9,27,19031025,1800,,EX,38.0N,66.9W,50,,,,,,,,,,,,,
AL,UNNAMED,1903,9,27,19031026,0,,EX,40.5N,63.7W,50,,,,,,,,,,,,,
AL,UNNAMED,1903,9,27,19031026,600,,EX,42.8N,60.4W,50,,,,,,,,,,,,,
AL,UNNAMED,1903,9,27,19031026,1200,,EX,45.0N,57.5W,45,,,,,,,,,,,,,
AL,UNNAMED,1903,9,27,19031026,1800,,EX,47.3N,55.4W,40,,,,,,,,,,,,,
AL,UNNAMED,1903,9,27,19031027,0,,EX,49.1N,53.7W,40,,,,,,,,,,,,,
AL,UNNAMED,1903,9,27,19031027,600,,EX,51.1N,52.4W,40,,,,,,,,,,,,,
AL,UNNAMED,1903,9,27,19031027,1200,,EX,53.0N,51.0W,35,,,,,,,,,,,,,
AL,UNNAMED,1903,9,27,19031027,1800,,EX,55.2N,49.5W,35,,,,,,,,,,,,,
AL,UNNAMED,1903,10,35,19031117,600,,TS,19.0N,37.0W,35,,,,,,,,,,,,,
AL,UNNAMED,1903,10,35,19031117,1200,,TS,19.5N,38.5W,35,,,,,,,,,,,,,
AL,UNNAMED,1903,10,35,19031117,1800,,TS,19.9N,39.7W,35,,,,,,,,,,,,,
AL,UNNAMED,1903,10,35,19031118,0,,TS,20.4N,41.3W,35,,,,,,,,,,,,,
AL,UNNAMED,1903,10,35,19031118,600,,TS,21.1N,42.9W,35,,,,,,,,,,,,,
AL,UNNAMED,1903,10,35,19031118,1200,,TS,21.9N,44.4W,35,,,,,,,,,,,,,
AL,UNNAMED,1903,10,35,19031118,1800,,TS,22.8N,45.6W,35,,,,,,,,,,,,,
AL,UNNAMED,1903,10,35,19031119,0,,TS,23.7N,46.8W,35,,,,,,,,,,,,,
AL,UNNAMED,1903,10,35,19031119,600,,TS,24.5N,48.0W,40,,,,,,,,,,,,,
AL,UNNAMED,1903,10,35,19031119,1200,,TS,25.5N,49.3W,45,,,,,,,,,,,,,
AL,UNNAMED,1903,10,35,19031119,1800,,TS,26.4N,49.8W,50,,,,,,,,,,,,,
AL,UNNAMED,1903,10,35,19031120,0,,TS,27.3N,49.6W,60,,,,,,,,,,,,,
AL,UNNAMED,1903,10,35,19031120,600,,HU,28.2N,49.3W,65,,,,,,,,,,,,,
AL,UNNAMED,1903,10,35,19031120,1200,,HU,29.0N,48.5W,70,,,,,,,,,,,,,
AL,UNNAMED,1903,10,35,19031120,1800,,HU,29.2N,47.7W,70,,,,,,,,,,,,,
AL,UNNAMED,1903,10,35,19031121,0,,HU,29.3N,47.1W,70,,,,,,,,,,,,,
AL,UNNAMED,1903,10,35,19031121,600,,HU,29.3N,46.2W,70,,,,,,,,,,,,,
AL,UNNAMED,1903,10,35,19031121,1200,,HU,29.3N,45.4W,70,,,,,,,,,,,,,
AL,UNNAMED,1903,10,35,19031121,1800,,HU,29.5N,44.7W,70,,,,,,,,,,,,,
AL,UNNAMED,1903,10,35,19031122,0,,HU,29.7N,44.1W,70,,,,,,,,,,,,,
AL,UNNAMED,1903,10,35,19031122,600,,HU,30.0N,43.6W,70,,,,,,,,,,,,,
AL,UNNAMED,1903,10,35,19031122,1200,,HU,30.4N,43.2W,70,,,,,,,,,,,,,
AL,UNNAMED,1903,10,35,19031122,1800,,HU,31.3N,42.9W,70,,,,,,,,,,,,,
AL,UNNAMED,1903,10,35,19031123,0,,HU,32.8N,42.7W,70,,,,,,,,,,,,,
AL,UNNAMED,1903,10,35,19031123,600,,HU,34.3N,42.5W,70,,,,,,,,,,,,,
AL,UNNAMED,1903,10,35,19031123,1200,,HU,35.4N,42.3W,70,,,,,,,,,,,,,
AL,UNNAMED,1903,10,35,19031123,1800,,HU,36.3N,42.1W,70,,,,,,,,,,,,,
AL,UNNAMED,1903,10,35,19031124,0,,HU,37.0N,41.9W,70,,,,,,,,,,,,,
AL,UNNAMED,1903,10,35,19031124,600,,HU,37.7N,41.7W,70,,,,,,,,,,,,,
AL,UNNAMED,1903,10,35,19031124,1200,,HU,38.5N,41.4W,70,,,,,,,,,,,,,
AL,UNNAMED,1903,10,35,19031124,1800,,HU,39.4N,40.9W,70,,,,,,,,,,,,,
AL,UNNAMED,1903,10,35,19031125,0,,HU,40.3N,40.5W,65,,,,,,,,,,,,,
AL,UNNAMED,1903,10,35,19031125,600,,HU,41.3N,40.0W,65,,,,,,,,,,,,,
AL,UNNAMED,1903,10,35,19031125,1200,,HU,42.2N,39.6W,65,,,,,,,,,,,,,
AL,UNNAMED,1903,10,35,19031125,1800,,EX,43.5N,38.9W,50,,,,,,,,,,,,,
AL,UNNAMED,1904,1,18,19040610,1200,,TD,13.0N,80.5W,30,,,,,,,,,,,,,
AL,UNNAMED,1904,1,18,19040610,1800,,TD,13.6N,80.7W,30,,,,,,,,,,,,,
AL,UNNAMED,1904,1,18,19040611,0,,TD,14.2N,80.7W,30,,,,,,,,,,,,,
AL,UNNAMED,1904,1,18,19040611,600,,TD,14.6N,80.5W,30,,,,,,,,,,,,,
AL,UNNAMED,1904,1,18,19040611,1200,,TD,15.0N,80.3W,30,,,,,,,,,,,,,
AL,UNNAMED,1904,1,18,19040611,1800,,TD,15.7N,80.2W,30,,,,,,,,,,,,,
AL,UNNAMED,1904,1,18,19040612,0,,TS,16.2N,80.1W,35,,,,,,,,,,,,,
AL,UNNAMED,1904,1,18,19040612,600,,TS,16.8N,79.9W,40,,,,,,,,,,,,,
AL,UNNAMED,1904,1,18,19040612,1200,,TS,17.3N,79.7W,45,,,,,,,,,,,,,
AL,UNNAMED,1904,1,18,19040612,1800,,TS,17.7N,79.5W,50,,,,,,,,,,,,,
AL,UNNAMED,1904,1,18,19040613,0,,TS,18.1N,79.2W,55,,,,,,,,,,,,,
AL,UNNAMED,1904,1,18,19040613,600,,TS,18.4N,78.9W,60,,,,,,,,,,,,,
AL,UNNAMED,1904,1,18,19040613,1200,,HU,18.7N,78.5W,65,,,,,,,,,,,,,
AL,UNNAMED,1904,1,18,19040613,1800,,HU,19.4N,77.7W,70,,,,,,,,,,,,,
AL,UNNAMED,1904,1,18,19040614,0,,TS,20.3N,76.8W,55,,,,,,,,,,,,,
AL,UNNAMED,1904,1,18,19040614,600,,TS,21.1N,76.0W,40,,,,,,,,,,,,,
AL,UNNAMED,1904,1,18,19040614,1200,,TS,22.0N,75.3W,35,,,,,,,,,,,,,
AL,UNNAMED,1904,1,18,19040614,1800,,TD,22.9N,74.6W,25,,,,,,,,,,,,,
AL,UNNAMED,1904,2,33,19040908,0,,TS,16.2N,54.0W,50,,,,,,,,,,,,,
AL,UNNAMED,1904,2,33,19040908,600,,TS,16.7N,54.8W,50,,,,,,,,,,,,,
AL,UNNAMED,1904,2,33,19040908,1200,,TS,17.3N,55.7W,50,,,,,,,,,,,,,
AL,UNNAMED,1904,2,33,19040908,1800,,TS,18.1N,57.1W,50,,,,,,,,,,,,,
AL,UNNAMED,1904,2,33,19040909,0,,TS,19.0N,58.6W,50,,,,,,,,,,,,,
AL,UNNAMED,1904,2,33,19040909,600,,TS,19.9N,60.3W,50,,,,,,,,,,,,,
AL,UNNAMED,1904,2,33,19040909,1200,,TS,21.0N,62.0W,50,,,,,,,,,,,,,
AL,UNNAMED,1904,2,33,19040909,1800,,TS,21.7N,63.0W,50,,,,,,,,,,,,,
AL,UNNAMED,1904,2,33,19040910,0,,TS,22.5N,64.2W,50,,,,,,,,,,,,,
AL,UNNAMED,1904,2,33,19040910,600,,TS,23.4N,65.5W,50,,,,,,,,,,,,,
AL,UNNAMED,1904,2,33,19040910,1200,,TS,24.0N,66.5W,50,,,,,,,,,,,,,
AL,UNNAMED,1904,2,33,19040910,1800,,TS,24.7N,67.3W,50,,,,,,,,,,,,,
AL,UNNAMED,1904,2,33,19040911,0,,TS,25.1N,68.0W,50,,,,,,,,,,,,,
AL,UNNAMED,1904,2,33,19040911,600,,TS,25.5N,69.0W,50,,,,,,,,,,,,,
AL,UNNAMED,1904,2,33,19040911,1200,,TS,25.9N,70.0W,50,,,,,,,,,,,,,
AL,UNNAMED,1904,2,33,19040911,1800,,TS,26.2N,70.8W,50,,,,,,,,,,,,,
AL,UNNAMED,1904,2,33,19040912,0,,TS,26.6N,71.6W,55,,,,,,,,,,,,,
AL,UNNAMED,1904,2,33,19040912,600,,TS,26.8N,72.3W,60,,,,,,,,,,,,,
AL,UNNAMED,1904,2,33,19040912,1200,,HU,27.0N,73.0W,65,,,,,,,,,,,,,
AL,UNNAMED,1904,2,33,19040912,1800,,HU,27.2N,73.8W,70,,,,,,,,,,,,,
AL,UNNAMED,1904,2,33,19040913,0,,HU,27.6N,74.7W,70,,,,,,,,,,,,,
AL,UNNAMED,1904,2,33,19040913,600,,HU,28.1N,75.7W,70,,,,,,,,,,,,,
AL,UNNAMED,1904,2,33,19040913,1200,,HU,29.0N,76.7W,70,,,,,,,,,,,,,
AL,UNNAMED,1904,2,33,19040913,1800,,HU,29.7N,77.4W,70,,,,,,,,,,,,,
AL,UNNAMED,1904,2,33,19040914,0,,HU,30.4N,78.0W,70,,,,,,,,,,,,,
AL,UNNAMED,1904,2,33,19040914,600,,HU,31.5N,78.5W,70,,,,,,,,,,,,,
AL,UNNAMED,1904,2,33,19040914,1200,,HU,32.7N,79.0W,70,,,,,,,,,,,,,
AL,UNNAMED,1904,2,33,19040914,1300,L,HU,33.1N,79.2W,70,,,,,,,,,,,,,
AL,UNNAMED,1904,2,33,19040914,1800,,TS,34.6N,79.5W,60,,,,,,,,,,,,,
AL,UNNAMED,1904,2,33,19040915,0,,TS,36.5N,77.6W,55,,,,,,,,,,,,,
AL,UNNAMED,1904,2,33,19040915,600,,EX,39.1N,75.0W,65,,,,,,,,,,,,,
AL,UNNAMED,1904,2,33,19040915,1200,,EX,42.0N,70.3W,75,,,,,,,,,,,,,
AL,UNNAMED,1904,2,33,19040915,1800,,EX,45.9N,64.0W,55,,,,,,,,,,,,,
AL,UNNAMED,1904,3,28,19040928,0,,TD,12.0N,80.0W,25,,,,,,,,,,,,,
AL,UNNAMED,1904,3,28,19040928,600,,TD,12.2N,80.3W,25,,,,,,,,,,,,,
AL,UNNAMED,1904,3,28,19040928,1200,,TD,12.5N,80.5W,30,,,,,,,,,,,,,
AL,UNNAMED,1904,3,28,19040928,1800,,TD,12.8N,80.8W,30,,,,,,,,,,,,,
AL,UNNAMED,1904,3,28,19040929,0,,TS,13.0N,81.0W,35,,,,,,,,,,,,,
AL,UNNAMED,1904,3,28,19040929,600,,TS,13.2N,81.2W,35,,,,,,,,,,,,,
AL,UNNAMED,1904,3,28,19040929,1200,,TS,13.5N,81.5W,40,,,,,,,,,,,,,
AL,UNNAMED,1904,3,28,19040929,1800,,TS,13.9N,81.8W,40,,,,,,,,,,,,,
AL,UNNAMED,1904,3,28,19040930,0,,TS,14.4N,82.0W,45,,,,,,,,,,,,,
AL,UNNAMED,1904,3,28,19040930,600,,TS,15.0N,82.2W,50,,,,,,,,,,,,,
AL,UNNAMED,1904,3,28,19040930,1200,,TS,15.5N,82.5W,55,,,,,,,,,,,,,
AL,UNNAMED,1904,3,28,19040930,1800,,TS,15.9N,82.8W,60,,,,,,,,,,,,,
AL,UNNAMED,1904,3,28,19041001,0,,HU,16.3N,83.1W,65,,,,,,,,,,,,,
AL,UNNAMED,1904,3,28,19041001,600,,HU,16.7N,83.5W,70,,,,,,,,,,,,,
AL,UNNAMED,1904,3,28,19041001,1200,,HU,17.0N,84.0W,70,,,,,,,,,,,,,
AL,UNNAMED,1904,3,28,19041001,1800,,HU,17.3N,84.6W,70,,,,,,,,,,,,,
AL,UNNAMED,1904,3,28,19041002,0,,HU,17.6N,85.2W,65,,,,,,,,,,,,,
AL,UNNAMED,1904,3,28,19041002,600,,TS,17.8N,85.8W,60,,,,,,,,,,,,,
AL,UNNAMED,1904,3,28,19041002,1200,,TS,18.0N,86.5W,55,,,,,,,,,,,,,
AL,UNNAMED,1904,3,28,19041002,1800,,TS,18.1N,87.2W,50,,,,,,,,,,,,,
AL,UNNAMED,1904,3,28,19041003,0,,TS,18.2N,87.8W,50,,,,,,,,,,,,,
AL,UNNAMED,1904,3,28,19041003,600,,TS,18.1N,88.4W,40,,,,,,,,,,,,,
AL,UNNAMED,1904,3,28,19041003,1200,,TS,18.0N,89.0W,35,,,,,,,,,,,,,
AL,UNNAMED,1904,3,28,19041003,1800,,TS,17.9N,89.7W,35,,,,,,,,,,,,,
AL,UNNAMED,1904,3,28,19041004,0,,TD,17.7N,90.4W,30,,,,,,,,,,,,,
AL,UNNAMED,1904,3,28,19041004,600,,TD,17.4N,91.2W,30,,,,,,,,,,,,,
AL,UNNAMED,1904,3,28,19041004,1200,,TD,17.0N,92.0W,25,,,,,,,,,,,,,
AL,UNNAMED,1904,3,28,19041004,1800,,TD,16.5N,92.8W,25,,,,,,,,,,,,,
AL,UNNAMED,1904,4,41,19041012,600,,TS,15.3N,75.7W,35,,,,,,,,,,,,,
AL,UNNAMED,1904,4,41,19041012,1200,,TS,15.3N,76.4W,35,,,,,,,,,,,,,
AL,UNNAMED,1904,4,41,19041012,1800,,TS,15.4N,77.1W,35,,,,,,,,,,,,,
AL,UNNAMED,1904,4,41,19041013,0,,TS,15.9N,77.7W,35,,,,,,,,,,,,,
AL,UNNAMED,1904,4,41,19041013,600,,TS,16.4N,78.2W,35,,,,,,,,,,,,,
AL,UNNAMED,1904,4,41,19041013,1200,,TS,17.0N,78.7W,40,,,,,,,,,,,,,
AL,UNNAMED,1904,4,41,19041013,1800,,TS,17.5N,79.1W,40,,,,,,,,,,,,,
AL,UNNAMED,1904,4,41,19041014,0,,TS,18.0N,79.3W,40,,,,,,,,,,,,,
AL,UNNAMED,1904,4,41,19041014,600,,TS,18.6N,79.5W,40,,,,,,,,,,,,,
AL,UNNAMED,1904,4,41,19041014,1200,,TS,19.3N,79.7W,45,,,,,,,,,,,,,
AL,UNNAMED,1904,4,41,19041014,1800,,TS,19.8N,79.8W,50,,,,,,,,,,,,,
AL,UNNAMED,1904,4,41,19041015,0,,TS,20.1N,79.9W,55,,,,,,,,,,,,,
AL,UNNAMED,1904,4,41,19041015,600,,TS,20.6N,79.9W,60,,,,,,,,,,,,,
AL,UNNAMED,1904,4,41,19041015,1200,,HU,21.0N,80.0W,65,,,,,,,,,,,,,
AL,UNNAMED,1904,4,41,19041015,1800,,HU,21.4N,80.0W,65,,,,,,,,,,,,,
AL,UNNAMED,1904,4,41,19041016,0,,HU,21.7N,80.0W,65,,,,,,,,,,,,,
AL,UNNAMED,1904,4,41,19041016,600,,TS,22.0N,80.0W,55,,,,,,,,,,,,,
AL,UNNAMED,1904,4,41,19041016,1200,,TS,22.5N,80.0W,50,,,,,,,,,,,,,
AL,UNNAMED,1904,4,41,19041016,1800,,TS,23.3N,79.9W,55,,,,,,,,,,,,,
AL,UNNAMED,1904,4,41,19041017,0,,HU,24.2N,79.9W,65,,,,,,,,,,,,,
AL,UNNAMED,1904,4,41,19041017,600,,HU,25.1N,80.1W,70,,,,,,,,,,,,,
AL,UNNAMED,1904,4,41,19041017,800,L,HU,25.3N,80.3W,70,,,,,,,,,,,,,
AL,UNNAMED,1904,4,41,19041017,1200,,TS,25.7N,80.7W,60,,,,,,,,,,,,,
AL,UNNAMED,1904,4,41,19041017,1800,,TS,25.9N,80.9W,50,,,,,,,,,,,,,
AL,UNNAMED,1904,4,41,19041018,0,,TS,26.2N,81.1W,45,,,,,,,,,,,,,
AL,UNNAMED,1904,4,41,19041018,600,,TS,26.5N,81.4W,40,,,,,,,,,,,,,
AL,UNNAMED,1904,4,41,19041018,1200,,TS,26.7N,81.7W,40,,,,,,,,,,,,,
AL,UNNAMED,1904,4,41,19041018,1800,,TS,26.8N,82.3W,35,,,,,,,,,,,,,
AL,UNNAMED,1904,4,41,19041019,0,,TS,26.7N,82.5W,35,,,,,,,,,,,,,
AL,UNNAMED,1904,4,41,19041019,600,,TS,26.6N,82.6W,35,,,,,,,,,,,,,
AL,UNNAMED,1904,4,41,19041019,1200,,TS,26.3N,82.7W,35,,,,,,,,,,,,,
AL,UNNAMED,1904,4,41,19041019,1800,,TS,25.9N,82.6W,35,,,,,,,,,,,,,
AL,UNNAMED,1904,4,41,19041020,0,,TS,25.6N,82.2W,35,,,,,,,,,,,,,
AL,UNNAMED,1904,4,41,19041020,600,,TS,25.4N,81.6W,35,,,,,,,,,,,,,
AL,UNNAMED,1904,4,41,19041020,1000,L,TS,25.5N,81.2W,35,,,,,,,,,,,,,
AL,UNNAMED,1904,4,41,19041020,1200,,TS,25.5N,81.0W,35,,,,,,,,,,,,,
AL,UNNAMED,1904,4,41,19041020,1800,,TD,25.8N,80.0W,30,,,,,,,,,,,,,
AL,UNNAMED,1904,4,41,19041021,0,,TD,26.1N,79.0W,25,,,,,,,,,,,,,
AL,UNNAMED,1904,4,41,19041021,600,,TD,26.5N,78.2W,20,,,,,,,,,,,,,
AL,UNNAMED,1904,4,41,19041021,1200,,TD,27.0N,77.0W,20,,,,,,,,,,,,,
AL,UNNAMED,1904,4,41,19041021,1800,,TD,27.4N,75.9W,20,,,,,,,,,,,,,
AL,UNNAMED,1904,5,27,19041019,600,,TS,25.8N,45.4W,35,,,,,,,,,,,,,
AL,UNNAMED,1904,5,27,19041019,1200,,TS,25.0N,46.3W,35,,,,,,,,,,,,,
AL,UNNAMED,1904,5,27,19041019,1800,,TS,23.8N,47.5W,35,,,,,,,,,,,,,
AL,UNNAMED,1904,5,27,19041020,0,,TS,22.7N,48.8W,35,,,,,,,,,,,,,
AL,UNNAMED,1904,5,27,19041020,600,,TS,22.1N,50.3W,35,,,,,,,,,,,,,
AL,UNNAMED,1904,5,27,19041020,1200,,TS,22.5N,51.6W,35,,,,,,,,,,,,,
AL,UNNAMED,1904,5,27,19041020,1800,,TS,23.0N,52.2W,35,,,,,,,,,,,,,
AL,UNNAMED,1904,5,27,19041021,0,,TS,23.6N,52.3W,40,,,,,,,,,,,,,
AL,UNNAMED,1904,5,27,19041021,600,,TS,24.3N,52.2W,40,,,,,,,,,,,,,
AL,UNNAMED,1904,5,27,19041021,1200,,TS,25.0N,52.0W,45,,,,,,,,,,,,,
AL,UNNAMED,1904,5,27,19041021,1800,,TS,26.0N,52.2W,45,,,,,,,,,,,,,
AL,UNNAMED,1904,5,27,19041022,0,,TS,26.7N,52.8W,45,,,,,,,,,,,,,
AL,UNNAMED,1904,5,27,19041022,600,,TS,27.5N,53.6W,45,,,,,,,,,,,,,
AL,UNNAMED,1904,5,27,19041022,1200,,TS,28.5N,54.5W,40,,,,,,,,,,,,,
AL,UNNAMED,1904,5,27,19041022,1800,,TS,29.6N,55.3W,35,,,,,,,,,,,,,
AL,UNNAMED,1904,5,27,19041023,0,,TS,31.1N,56.1W,35,,,,,,,,,,,,,
AL,UNNAMED,1904,5,27,19041023,600,,TS,32.8N,56.8W,35,,,,,,,,,,,,,
AL,UNNAMED,1904,5,27,19041023,1200,,TS,35.0N,57.5W,35,,,,,,,,,,,,,
AL,UNNAMED,1904,5,27,19041023,1800,,TS,36.7N,57.5W,35,,,,,,,,,,,,,
AL,UNNAMED,1904,5,27,19041024,0,,EX,39.2N,56.7W,35,,,,,,,,,,,,,
AL,UNNAMED,1904,5,27,19041024,600,,EX,41.7N,55.6W,35,,,,,,,,,,,,,
AL,UNNAMED,1904,5,27,19041024,1200,,EX,44.5N,54.0W,35,,,,,,,,,,,,,
AL,UNNAMED,1904,5,27,19041024,1800,,EX,47.3N,51.2W,35,,,,,,,,,,,,,
AL,UNNAMED,1904,5,27,19041025,0,,EX,50.4N,48.4W,35,,,,,,,,,,,,,
AL,UNNAMED,1904,5,27,19041025,600,,EX,53.4N,45.4W,35,,,,,,,,,,,,,
AL,UNNAMED,1904,5,27,19041025,1200,,EX,56.0N,42.5W,35,,,,,,,,,,,,,
AL,UNNAMED,1904,5,27,19041025,1800,,EX,57.8N,39.5W,35,,,,,,,,,,,,,
AL,UNNAMED,1904,6,26,19041031,1200,,TS,20.0N,91.3W,35,,,,,,,,,,,,,
AL,UNNAMED,1904,6,26,19041031,1800,,TS,20.4N,91.8W,35,,,,,,,,,,,,,
AL,UNNAMED,1904,6,26,19041101,0,,TS,21.0N,92.0W,35,,,,,,,,,,,,,
AL,UNNAMED,1904,6,26,19041101,600,,TS,21.6N,92.2W,40,,,,,,,,,,,,,
AL,UNNAMED,1904,6,26,19041101,1200,,TS,22.3N,92.0W,40,,,,,,,,,,,,,
AL,UNNAMED,1904,6,26,19041101,1800,,TS,23.1N,91.7W,45,,,,,,,,,,,,,
AL,UNNAMED,1904,6,26,19041102,0,,TS,23.8N,91.4W,45,,,,,,,,,,,,,
AL,UNNAMED,1904,6,26,19041102,600,,TS,24.4N,91.1W,45,,,,,,,,,,,,,
AL,UNNAMED,1904,6,26,19041102,1200,,TS,25.3N,90.7W,40,,,,,,,,,,,,,
AL,UNNAMED,1904,6,26,19041102,1800,,TS,26.5N,89.8W,35,,,,,,,,,,,,,
AL,UNNAMED,1904,6,26,19041103,0,,TS,27.8N,88.9W,35,,,,,,,,,,,,,
AL,UNNAMED,1904,6,26,19041103,600,,TS,29.1N,88.1W,35,,,,,,,,,,,,,
AL,UNNAMED,1904,6,26,19041103,1200,L,TS,30.3N,86.7W,35,,,,,,,,,,,,,
AL,UNNAMED,1904,6,26,19041103,1800,,TD,31.3N,84.8W,30,,,,,,,,,,,,,
AL,UNNAMED,1904,6,26,19041104,0,,TD,32.1N,82.7W,30,,,,,,,,,,,,,
AL,UNNAMED,1904,6,26,19041104,600,,TD,32.9N,80.4W,30,,,,,,,,,,,,,
AL,UNNAMED,1904,6,26,19041104,1200,,EX,33.5N,78.0W,35,,,,,,,,,,,,,
AL,UNNAMED,1904,6,26,19041104,1800,,EX,33.8N,76.0W,35,,,,,,,,,,,,,
AL,UNNAMED,1904,6,26,19041105,0,,EX,34.5N,73.4W,35,,,,,,,,,,,,,
AL,UNNAMED,1904,6,26,19041105,600,,EX,35.1N,71.1W,35,,,,,,,,,,,,,
AL,UNNAMED,1904,6,26,19041105,1200,,EX,36.0N,68.7W,35,,,,,,,,,,,,,
AL,UNNAMED,1904,6,26,19041105,1800,,EX,37.7N,66.0W,35,,,,,,,,,,,,,
AL,UNNAMED,1904,6,26,19041106,0,,EX,40.0N,62.4W,35,,,,,,,,,,,,,
AL,UNNAMED,1904,6,26,19041106,600,,EX,42.4N,59.3W,35,,,,,,,,,,,,,
AL,UNNAMED,1904,6,26,19041106,1200,,EX,45.0N,57.5W,35,,,,,,,,,,,,,
AL,UNNAMED,1904,6,26,19041106,1800,,EX,46.6N,55.7W,35,,,,,,,,,,,,,
AL,UNNAMED,1905,1,10,19050906,1200,,TS,11.6N,58.5W,50,,,,,,,,,,,,,
AL,UNNAMED,1905,1,10,19050906,1800,,TS,12.0N,59.8W,50,,,,,,,,,,,,,
AL,UNNAMED,1905,1,10,19050907,0,,TS,12.5N,61.1W,50,,,,,,,,,,,,,
AL,UNNAMED,1905,1,10,19050907,600,,TS,13.0N,62.8W,50,,,,,,,,,,,,,
AL,UNNAMED,1905,1,10,19050907,1200,,TS,13.5N,64.3W,40,,,,,,,,,,,,,
AL,UNNAMED,1905,1,10,19050907,1800,,TS,13.9N,65.8W,35,,,,,,,,,,,,,
AL,UNNAMED,1905,1,10,19050908,0,,TD,14.4N,67.3W,30,,,,,,,,,,,,,
AL,UNNAMED,1905,1,10,19050908,600,,TD,14.9N,68.9W,30,,,,,,,,,,,,,
AL,UNNAMED,1905,1,10,19050908,1200,,TD,15.3N,70.3W,30,,,,,,,,,,,,,
AL,UNNAMED,1905,1,10,19050908,1800,,TD,15.9N,72.1W,25,,,,,,,,,,,,,
AL,UNNAMED,1905,2,22,19050911,1200,,TS,19.5N,51.0W,35,,,,,,,,,,,,,
AL,UNNAMED,1905,2,22,19050911,1800,,TS,19.7N,52.1W,35,,,,,,,,,,,,,
AL,UNNAMED,1905,2,22,19050912,0,,TS,20.0N,53.3W,35,,,,,,,,,,,,,
AL,UNNAMED,1905,2,22,19050912,600,,TS,20.2N,54.1W,35,,,,,,,,,,,,,
AL,UNNAMED,1905,2,22,19050912,1200,,TS,20.5N,55.0W,40,,,,,,,,,,,,,
AL,UNNAMED,1905,2,22,19050912,1800,,TS,21.0N,56.0W,40,,,,,,,,,,,,,
AL,UNNAMED,1905,2,22,19050913,0,,TS,21.4N,56.8W,40,,,,,,,,,,,,,
AL,UNNAMED,1905,2,22,19050913,600,,TS,21.8N,57.4W,45,,,,,,,,,,,,,
AL,UNNAMED,1905,2,22,19050913,1200,,TS,22.1N,57.9W,50,,,,,,,,,,,,,
AL,UNNAMED,1905,2,22,19050913,1800,,TS,22.3N,58.3W,50,,,,,,,,,,,,,
AL,UNNAMED,1905,2,22,19050914,0,,TS,22.6N,58.6W,50,,,,,,,,,,,,,
AL,UNNAMED,1905,2,22,19050914,600,,TS,22.9N,58.8W,50,,,,,,,,,,,,,
AL,UNNAMED,1905,2,22,19050914,1200,,TS,23.2N,59.1W,45,,,,,,,,,,,,,
AL,UNNAMED,1905,2,22,19050914,1800,,TS,23.8N,59.4W,40,,,,,,,,,,,,,
AL,UNNAMED,1905,2,22,19050915,0,,TS,24.4N,59.7W,35,,,,,,,,,,,,,
AL,UNNAMED,1905,2,22,19050915,600,,TS,25.0N,60.0W,35,,,,,,,,,,,,,
AL,UNNAMED,1905,2,22,19050915,1200,,TS,25.5N,60.3W,35,,,,,,,,,,,,,
AL,UNNAMED,1905,2,22,19050915,1800,,TS,25.9N,60.6W,35,,,,,,,,,,,,,
AL,UNNAMED,1905,2,22,19050916,0,,TS,26.3N,61.1W,35,,,,,,,,,,,,,
AL,UNNAMED,1905,2,22,19050916,600,,TS,26.7N,61.5W,35,,,,,,,,,,,,,
AL,UNNAMED,1905,2,22,19050916,1200,,TD,27.0N,62.0W,30,,,,,,,,,,,,,
AL,UNNAMED,1905,2,22,19050916,1800,,TD,27.2N,62.5W,30,,,,,,,,,,,,,
AL,UNNAMED,1905,3,28,19050924,600,,TS,17.7N,84.0W,35,,,,,,,,,,,,,
AL,UNNAMED,1905,3,28,19050924,1200,,TS,18.2N,84.7W,35,,,,,,,,,,,,,
AL,UNNAMED,1905,3,28,19050924,1800,,TS,18.6N,85.4W,35,,,,,,,,,,,,,
AL,UNNAMED,1905,3,28,19050925,0,,TS,19.0N,86.0W,35,,,,,,,,,,,,,
AL,UNNAMED,1905,3,28,19050925,600,,TS,19.4N,86.7W,40,,,,,,,,,,,,,
AL,UNNAMED,1905,3,28,19050925,1200,,TS,19.9N,87.4W,40,,,,,,,,,,,,,
AL,UNNAMED,1905,3,28,19050925,1800,,TS,20.4N,88.1W,35,,,,,,,,,,,,,
AL,UNNAMED,1905,3,28,19050926,0,,TS,20.9N,88.8W,35,,,,,,,,,,,,,
AL,UNNAMED,1905,3,28,19050926,600,,TS,21.5N,89.7W,35,,,,,,,,,,,,,
AL,UNNAMED,1905,3,28,19050926,1200,,TS,22.2N,90.5W,45,,,,,,,,,,,,,
AL,UNNAMED,1905,3,28,19050926,1800,,TS,22.9N,90.9W,45,,,,,,,,,,,,,
AL,UNNAMED,1905,3,28,19050927,0,,TS,23.7N,91.4W,45,,,,,,,,,,,,,
AL,UNNAMED,1905,3,28,19050927,600,,TS,24.5N,91.8W,45,,,,,,,,,,,,,
AL,UNNAMED,1905,3,28,19050927,1200,,TS,25.3N,92.0W,45,,,,,,,,,,,,,
AL,UNNAMED,1905,3,28,19050927,1800,,TS,25.9N,92.2W,45,,,,,,,,,,,,,
AL,UNNAMED,1905,3,28,19050928,0,,TS,26.5N,92.4W,45,,,,,,,,,,,,,
AL,UNNAMED,1905,3,28,19050928,600,,TS,27.2N,92.6W,45,,,,,,,,,,,,,
AL,UNNAMED,1905,3,28,19050928,1200,,TS,27.7N,92.7W,45,,,,,,,,,,,,,
AL,UNNAMED,1905,3,28,19050928,1800,,TS,28.3N,92.8W,45,,,,,,,,,,,,,
AL,UNNAMED,1905,3,28,19050929,0,,TS,28.7N,92.7W,45,,,,,,,,,,,,,
AL,UNNAMED,1905,3,28,19050929,600,,TS,29.2N,92.6W,45,,,,,,,,,,,,,
AL,UNNAMED,1905,3,28,19050929,1000,L,TS,29.6N,92.6W,45,,,,,,,,,,,,,
AL,UNNAMED,1905,3,28,19050929,1200,,TS,29.8N,92.5W,40,,,,,,,,,,,,,
AL,UNNAMED,1905,3,28,19050929,1800,,TS,30.6N,91.8W,35,,,,,,,,,,,,,
AL,UNNAMED,1905,3,28,19050930,0,,TS,31.7N,90.9W,35,,,,,,,,,,,,,
AL,UNNAMED,1905,3,28,19050930,600,,TS,33.0N,91.2W,35,,,,,,,,,,,,,
AL,UNNAMED,1905,3,28,19050930,1200,,TS,34.1N,92.0W,35,,,,,,,,,,,,,
AL,UNNAMED,1905,3,28,19050930,1800,,TD,34.8N,93.4W,30,,,,,,,,,,,,,
AL,UNNAMED,1905,4,51,19051001,600,,TD,11.0N,79.2W,30,,,,,,,,,,,,,
AL,UNNAMED,1905,4,51,19051001,1200,,TD,11.0N,79.0W,30,,,,,,,,,,,,,
AL,UNNAMED,1905,4,51,19051001,1800,,TD,11.1N,78.8W,30,,,,,,,,,,,,,
AL,UNNAMED,1905,4,51,19051002,0,,TD,11.3N,78.7W,30,,,,,,,,,,,,,
AL,UNNAMED,1905,4,51,19051002,600,,TD,11.5N,78.6W,30,,,,,,,,,,,,,
AL,UNNAMED,1905,4,51,19051002,1200,,TD,11.7N,78.5W,30,,,,,,,,,,,,,
AL,UNNAMED,1905,4,51,19051002,1800,,TD,11.9N,78.3W,30,,,,,,,,,,,,,
AL,UNNAMED,1905,4,51,19051003,0,,TS,12.1N,78.2W,35,,,,,,,,,,,,,
AL,UNNAMED,1905,4,51,19051003,600,,TS,12.4N,78.1W,35,,,,,,,,,,,,,
AL,UNNAMED,1905,4,51,19051003,1200,,TS,12.7N,78.0W,35,,,,,,,,,,,,,
AL,UNNAMED,1905,4,51,19051003,1800,,TS,13.2N,77.9W,35,,,,,,,,,,,,,
AL,UNNAMED,1905,4,51,19051004,0,,TS,13.7N,77.8W,40,,,,,,,,,,,,,
AL,UNNAMED,1905,4,51,19051004,600,,TS,14.1N,77.7W,40,,,,,,,,,,,,,
AL,UNNAMED,1905,4,51,19051004,1200,,TS,14.5N,77.5W,45,,,,,,,,,,,,,
AL,UNNAMED,1905,4,51,19051004,1800,,TS,15.2N,77.0W,45,,,,,,,,,,,,,
AL,UNNAMED,1905,4,51,19051005,0,,TS,15.8N,76.5W,50,,,,,,,,,,,,,
AL,UNNAMED,1905,4,51,19051005,600,,TS,16.3N,76.0W,50,,,,,,,,,,,,,
AL,UNNAMED,1905,4,51,19051005,1200,,TS,17.0N,75.5W,55,,,,,,,,,,,,,
AL,UNNAMED,1905,4,51,19051005,1800,,TS,18.1N,74.8W,55,,,,,,,,,,,,,
AL,UNNAMED,1905,4,51,19051006,0,,TS,19.2N,74.2W,60,,,,,,,,,,,,,
AL,UNNAMED,1905,4,51,19051006,600,,TS,20.2N,73.6W,60,,,,,,,,,,,,,
AL,UNNAMED,1905,4,51,19051006,1200,,TS,21.0N,73.0W,60,,,,,,,,,,,,,
AL,UNNAMED,1905,4,51,19051006,1800,,TS,22.1N,72.3W,60,,,,,,,,,,,,,
AL,UNNAMED,1905,4,51,19051007,0,,TS,23.2N,71.7W,60,,,,,,,,,,,,,
AL,UNNAMED,1905,4,51,19051007,600,,TS,24.3N,71.1W,60,,,,,,,,,,,,,
AL,UNNAMED,1905,4,51,19051007,1200,,TS,25.3N,70.5W,60,,,,,,,,,,,,,
AL,UNNAMED,1905,4,51,19051007,1800,,TS,26.4N,69.6W,60,,,,,,,,,,,,,
AL,UNNAMED,1905,4,51,19051008,0,,HU,27.3N,68.6W,65,,,,,,,,,,,,,
AL,UNNAMED,1905,4,51,19051008,600,,HU,28.1N,67.6W,70,,,,,,,,,,,,,
AL,UNNAMED,1905,4,51,19051008,1200,,HU,29.0N,66.5W,75,,,,,,,,,,,,,
AL,UNNAMED,1905,4,51,19051008,1800,,HU,30.1N,65.0W,85,,,,,,,,,,,,,
AL,UNNAMED,1905,4,51,19051009,0,,HU,30.8N,63.7W,95,,,,,,,,,,,,,
AL,UNNAMED,1905,4,51,19051009,600,,HU,31.7N,62.1W,105,,,,,,,,,,,,,
AL,UNNAMED,1905,4,51,19051009,1200,,HU,32.3N,60.5W,105,,,,,,,,,,,,,
AL,UNNAMED,1905,4,51,19051009,1800,,HU,32.9N,57.5W,105,,,,,,,,,,,,,
AL,UNNAMED,1905,4,51,19051010,0,,HU,33.3N,54.8W,105,,,,,,,,,,,,,
AL,UNNAMED,1905,4,51,19051010,600,,HU,34.0N,52.2W,100,,,,,,,,,,,,,
AL,UNNAMED,1905,4,51,19051010,1200,,HU,35.0N,50.0W,95,,,,,,,,,,,,,
AL,UNNAMED,1905,4,51,19051010,1800,,HU,36.3N,48.6W,90,,,,,,,,,,,,,
AL,UNNAMED,1905,4,51,19051011,0,,HU,37.9N,47.9W,85,,,,,,,,,,,,,
AL,UNNAMED,1905,4,51,19051011,600,,EX,39.6N,47.1W,80,,,,,,,,,,,,,
AL,UNNAMED,1905,4,51,19051011,1200,,EX,41.0N,46.0W,80,,,,,,,,,,,,,
AL,UNNAMED,1905,4,51,19051011,1800,,EX,42.9N,44.8W,80,945,,,,,,,,,,,,
AL,UNNAMED,1905,4,51,19051012,0,,EX,45.2N,45.0W,75,,,,,,,,,,,,,
AL,UNNAMED,1905,4,51,19051012,600,,EX,47.0N,46.0W,70,,,,,,,,,,,,,
AL,UNNAMED,1905,4,51,19051012,1200,,EX,49.0N,47.5W,65,,,,,,,,,,,,,
AL,UNNAMED,1905,4,51,19051012,1800,,EX,50.1N,48.4W,55,,,,,,,,,,,,,
AL,UNNAMED,1905,4,51,19051013,0,,EX,51.0N,49.2W,45,,,,,,,,,,,,,
AL,UNNAMED,1905,4,51,19051013,600,,EX,52.1N,50.1W,35,,,,,,,,,,,,,
AL,UNNAMED,1905,4,51,19051013,1200,,EX,53.0N,51.0W,35,,,,,,,,,,,,,
AL,UNNAMED,1905,4,51,19051013,1800,,EX,54.0N,52.1W,35,,,,,,,,,,,,,
AL,UNNAMED,1905,5,28,19051005,600,,TS,23.0N,88.9W,35,,,,,,,,,,,,,
AL,UNNAMED,1905,5,28,19051005,1200,,TS,23.0N,89.5W,40,,,,,,,,,,,,,
AL,UNNAMED,1905,5,28,19051005,1800,,TS,23.0N,89.9W,40,,,,,,,,,,,,,
AL,UNNAMED,1905,5,28,19051006,0,,TS,23.1N,90.4W,40,,,,,,,,,,,,,
AL,UNNAMED,1905,5,28,19051006,600,,TS,23.3N,90.8W,40,,,,,,,,,,,,,
AL,UNNAMED,1905,5,28,19051006,1200,,TS,23.6N,91.1W,40,,,,,,,,,,,,,
AL,UNNAMED,1905,5,28,19051006,1800,,TS,24.0N,91.6W,40,,,,,,,,,,,,,
AL,UNNAMED,1905,5,28,19051007,0,,TS,24.4N,92.0W,40,,,,,,,,,,,,,
AL,UNNAMED,1905,5,28,19051007,600,,TS,24.9N,92.4W,40,,,,,,,,,,,,,
AL,UNNAMED,1905,5,28,19051007,1200,,TS,25.2N,92.6W,40,,,,,,,,,,,,,
AL,UNNAMED,1905,5,28,19051007,1800,,TS,25.6N,92.7W,40,,,,,,,,,,,,,
AL,UNNAMED,1905,5,28,19051008,0,,TS,25.8N,92.7W,45,,,,,,,,,,,,,
AL,UNNAMED,1905,5,28,19051008,600,,TS,26.0N,92.6W,45,,,,,,,,,,,,,
AL,UNNAMED,1905,5,28,19051008,1200,,TS,26.3N,92.5W,45,,,,,,,,,,,,,
AL,UNNAMED,1905,5,28,19051008,1800,,TS,26.7N,92.4W,45,,,,,,,,,,,,,
AL,UNNAMED,1905,5,28,19051009,0,,TS,27.3N,92.3W,45,,,,,,,,,,,,,
AL,UNNAMED,1905,5,28,19051009,600,,TS,28.0N,92.2W,45,,,,,,,,,,,,,
AL,UNNAMED,1905,5,28,19051009,1200,,TS,28.7N,92.0W,45,,,,,,,,,,,,,
AL,UNNAMED,1905,5,28,19051009,1700,L,TS,29.5N,91.4W,45,,,,,,,,,,,,,
AL,UNNAMED,1905,5,28,19051009,1800,,TS,29.6N,91.3W,40,,,,,,,,,,,,,
AL,UNNAMED,1905,5,28,19051010,0,,TS,30.7N,90.5W,35,,,,,,,,,,,,,
AL,UNNAMED,1905,5,28,19051010,600,,EX,32.0N,89.8W,30,,,,,,,,,,,,,
AL,UNNAMED,1905,5,28,19051010,1200,,EX,33.5N,88.7W,25,,,,,,,,,,,,,
AL,UNNAMED,1905,5,28,19051010,1800,,EX,34.7N,86.5W,25,,,,,,,,,,,,,
AL,UNNAMED,1905,5,28,19051011,0,,EX,35.6N,84.3W,25,,,,,,,,,,,,,
AL,UNNAMED,1905,5,28,19051011,600,,EX,36.4N,82.4W,25,,,,,,,,,,,,,
AL,UNNAMED,1905,5,28,19051011,1200,,EX,37.3N,80.0W,25,,,,,,,,,,,,,
AL,UNNAMED,1905,5,28,19051011,1800,,EX,38.5N,77.7W,25,,,,,,,,,,,,,
AL,UNNAMED,1906,1,27,19060608,1200,,TS,19.4N,83.6W,35,,,,,,,,,,,,,
AL,UNNAMED,1906,1,27,19060608,1800,,TS,20.4N,83.7W,35,,,,,,,,,,,,,
AL,UNNAMED,1906,1,27,19060609,0,,TS,21.4N,83.8W,35,,,,,,,,,,,,,
AL,UNNAMED,1906,1,27,19060609,600,,TS,22.2N,83.9W,35,,,,,,,,,,,,,
AL,UNNAMED,1906,1,27,19060609,1200,,TS,23.0N,84.0W,40,,,,,,,,,,,,,
AL,UNNAMED,1906,1,27,19060609,1800,,TS,23.5N,84.1W,45,,,,,,,,,,,,,
AL,UNNAMED,1906,1,27,19060610,0,,TS,23.9N,84.2W,45,,,,,,,,,,,,,
AL,UNNAMED,1906,1,27,19060610,600,,TS,24.4N,84.2W,45,,,,,,,,,,,,,
AL,UNNAMED,1906,1,27,19060610,1200,,TS,25.0N,84.3W,45,,,,,,,,,,,,,
AL,UNNAMED,1906,1,27,19060610,1800,,TS,25.4N,84.4W,45,,,,,,,,,,,,,
AL,UNNAMED,1906,1,27,19060611,0,,TS,25.8N,84.6W,45,,,,,,,,,,,,,
AL,UNNAMED,1906,1,27,19060611,600,,TS,26.1N,84.8W,45,,,,,,,,,,,,,
AL,UNNAMED,1906,1,27,19060611,1200,,TS,26.5N,85.0W,45,,,,,,,,,,,,,
AL,UNNAMED,1906,1,27,19060611,1800,,TS,27.0N,85.2W,45,,,,,,,,,,,,,
AL,UNNAMED,1906,1,27,19060612,0,,TS,27.5N,85.4W,45,,,,,,,,,,,,,
AL,UNNAMED,1906,1,27,19060612,600,,TS,28.0N,85.5W,45,,,,,,,,,,,,,
AL,UNNAMED,1906,1,27,19060612,1200,,TS,28.7N,85.5W,45,,,,,,,,,,,,,
AL,UNNAMED,1906,1,27,19060612,1800,,TS,29.6N,85.6W,45,,,,,,,,,,,,,
AL,UNNAMED,1906,1,27,19060612,2000,L,TS,30.1N,85.6W,45,,,,,,,,,,,,,
AL,UNNAMED,1906,1,27,19060613,0,,TS,30.7N,85.6W,40,,,,,,,,,,,,,
AL,UNNAMED,1906,1,27,19060613,600,,TS,31.8N,85.7W,35,,,,,,,,,,,,,
AL,UNNAMED,1906,1,27,19060613,1200,,TS,33.0N,85.7W,35,,,,,,,,,,,,,
AL,UNNAMED,1906,1,27,19060613,1800,,TD,34.6N,86.5W,30,,,,,,,,,,,,,
AL,UNNAMED,1906,1,27,19060614,0,,EX,36.2N,87.7W,30,,,,,,,,,,,,,
AL,UNNAMED,1906,1,27,19060614,600,,EX,38.0N,89.1W,30,,,,,,,,,,,,,
AL,UNNAMED,1906,1,27,19060614,1200,,EX,40.0N,89.5W,30,,,,,,,,,,,,,
AL,UNNAMED,1906,1,27,19060614,1800,,EX,41.8N,89.8W,30,,,,,,,,,,,,,
AL,UNNAMED,1906,2,41,19060614,600,,TS,22.9N,76.4W,35,,,,,,,,,,,,,
AL,UNNAMED,1906,2,41,19060614,1200,,TS,23.0N,77.5W,35,,,,,,,,,,,,,
AL,UNNAMED,1906,2,41,19060614,1800,,TS,23.1N,78.2W,35,,,,,,,,,,,,,
AL,UNNAMED,1906,2,41,19060615,0,,TS,23.1N,79.0W,35,,,,,,,,,,,,,
AL,UNNAMED,1906,2,41,19060615,600,,TS,23.2N,79.8W,40,,,,,,,,,,,,,
AL,UNNAMED,1906,2,41,19060615,1200,,TS,23.3N,80.5W,40,,,,,,,,,,,,,
AL,UNNAMED,1906,2,41,19060615,1800,,TS,23.3N,80.8W,45,,,,,,,,,,,,,
AL,UNNAMED,1906,2,41,19060616,0,,TS,23.3N,81.1W,50,,,,,,,,,,,,,
AL,UNNAMED,1906,2,41,19060616,600,,TS,23.3N,81.3W,55,,,,,,,,,,,,,
AL,UNNAMED,1906,2,41,19060616,1200,,TS,23.5N,81.5W,60,,,,,,,,,,,,,
AL,UNNAMED,1906,2,41,19060616,1800,,HU,24.0N,81.5W,65,,,,,,,,,,,,,
AL,UNNAMED,1906,2,41,19060617,0,,HU,24.5N,81.3W,70,,,,,,,,,,,,,
AL,UNNAMED,1906,2,41,19060617,300,L,HU,24.7N,81.1W,70,,,,,,,,,,,,,
AL,UNNAMED,1906,2,41,19060617,600,,HU,25.0N,80.9W,75,979,,,,,,,,,,,,
AL,UNNAMED,1906,2,41,19060617,800,L,HU,25.2N,80.7W,75,979,,,,,,,,,,,,
AL,UNNAMED,1906,2,41,19060617,1200,,HU,25.7N,80.3W,75,,,,,,,,,,,,,
AL,UNNAMED,1906,2,41,19060617,1800,,HU,26.7N,79.0W,75,,,,,,,,,,,,,
AL,UNNAMED,1906,2,41,19060618,0,,HU,28.1N,77.5W,80,,,,,,,,,,,,,
AL,UNNAMED,1906,2,41,19060618,600,,HU,29.5N,76.1W,80,,,,,,,,,,,,,
AL,UNNAMED,1906,2,41,19060618,1200,,HU,31.0N,74.7W,85,,,,,,,,,,,,,
AL,UNNAMED,1906,2,41,19060618,1800,,HU,32.4N,73.4W,85,,,,,,,,,,,,,
AL,UNNAMED,1906,2,41,19060619,0,,HU,33.8N,72.3W,90,,,,,,,,,,,,,
AL,UNNAMED,1906,2,41,19060619,600,,HU,35.1N,71.2W,90,,,,,,,,,,,,,
AL,UNNAMED,1906,2,41,19060619,1200,,HU,36.3N,69.5W,90,,,,,,,,,,,,,
AL,UNNAMED,1906,2,41,19060619,1800,,HU,36.7N,68.2W,85,,,,,,,,,,,,,
AL,UNNAMED,1906,2,41,19060620,0,,HU,36.6N,67.2W,80,,,,,,,,,,,,,
AL,UNNAMED,1906,2,41,19060620,600,,HU,36.3N,66.0W,75,,,,,,,,,,,,,
AL,UNNAMED,1906,2,41,19060620,1200,,HU,36.0N,65.0W,65,,,,,,,,,,,,,
AL,UNNAMED,1906,2,41,19060620,1800,,HU,35.7N,64.6W,65,,,,,,,,,,,,,
AL,UNNAMED,1906,2,41,19060621,0,,TS,35.4N,64.1W,55,,,,,,,,,,,,,
AL,UNNAMED,1906,2,41,19060621,600,,TS,35.1N,63.6W,50,,,,,,,,,,,,,
AL,UNNAMED,1906,2,41,19060621,1200,,TS,35.0N,63.0W,45,,,,,,,,,,,,,
AL,UNNAMED,1906,2,41,19060621,1800,,TS,35.2N,62.3W,45,,,,,,,,,,,,,
AL,UNNAMED,1906,2,41,19060622,0,,TS,35.6N,61.6W,45,,,,,,,,,,,,,
AL,UNNAMED,1906,2,41,19060622,600,,TS,35.8N,60.8W,40,,,,,,,,,,,,,
AL,UNNAMED,1906,2,41,19060622,1200,,TS,36.0N,60.0W,40,,,,,,,,,,,,,
AL,UNNAMED,1906,2,41,19060622,1800,,TS,36.3N,59.0W,40,,,,,,,,,,,,,
AL,UNNAMED,1906,2,41,19060623,0,,TS,36.5N,57.8W,35,,,,,,,,,,,,,
AL,UNNAMED,1906,2,41,19060623,600,,TS,36.8N,56.5W,35,,,,,,,,,,,,,
AL,UNNAMED,1906,2,41,19060623,1200,,TS,37.0N,55.1W,35,,,,,,,,,,,,,
AL,UNNAMED,1906,2,41,19060623,1800,,EX,37.3N,53.0W,30,,,,,,,,,,,,,
AL,UNNAMED,1906,3,15,19060822,600,,TD,28.7N,53.1W,30,,,,,,,,,,,,,
AL,UNNAMED,1906,3,15,19060822,1200,,TD,29.0N,54.0W,30,,,,,,,,,,,,,
AL,UNNAMED,1906,3,15,19060822,1800,,TD,29.4N,54.8W,30,,,,,,,,,,,,,
AL,UNNAMED,1906,3,15,19060823,0,,TS,29.9N,55.6W,35,,,,,,,,,,,,,
AL,UNNAMED,1906,3,15,19060823,600,,TS,30.5N,56.5W,35,,,,,,,,,,,,,
AL,UNNAMED,1906,3,15,19060823,1200,,TS,31.3N,56.7W,40,,,,,,,,,,,,,
AL,UNNAMED,1906,3,15,19060823,1800,,TS,32.1N,56.4W,45,,,,,,,,,,,,,
AL,UNNAMED,1906,3,15,19060824,0,,TS,32.6N,55.8W,50,,,,,,,,,,,,,
AL,UNNAMED,1906,3,15,19060824,600,,TS,33.0N,55.1W,55,,,,,,,,,,,,,
AL,UNNAMED,1906,3,15,19060824,1200,,TS,33.8N,54.1W,60,,,,,,,,,,,,,
AL,UNNAMED,1906,3,15,19060824,1800,,TS,34.9N,52.8W,60,,,,,,,,,,,,,
AL,UNNAMED,1906,3,15,19060825,0,,TS,36.4N,51.2W,55,,,,,,,,,,,,,
AL,UNNAMED,1906,3,15,19060825,600,,EX,37.5N,49.7W,50,,,,,,,,,,,,,
AL,UNNAMED,1906,3,15,19060825,1200,,EX,39.0N,48.0W,45,,,,,,,,,,,,,
AL,UNNAMED,1906,3,15,19060825,1800,,EX,40.2N,46.3W,40,,,,,,,,,,,,,
AL,UNNAMED,1906,4,74,19060825,1200,,TS,14.0N,21.0W,35,,,,,,,,,,,,,
AL,UNNAMED,1906,4,74,19060825,1800,,TS,14.0N,22.5W,35,,,,,,,,,,,,,
AL,UNNAMED,1906,4,74,19060826,0,,TS,14.0N,24.0W,40,,,,,,,,,,,,,
AL,UNNAMED,1906,4,74,19060826,600,,TS,14.0N,25.5W,40,,,,,,,,,,,,,
AL,UNNAMED,1906,4,74,19060826,1200,,TS,14.0N,27.0W,45,,,,,,,,,,,,,
AL,UNNAMED,1906,4,74,19060826,1800,,TS,14.0N,28.5W,45,,,,,,,,,,,,,
AL,UNNAMED,1906,4,74,19060827,0,,TS,14.0N,30.0W,50,,,,,,,,,,,,,
AL,UNNAMED,1906,4,74,19060827,600,,TS,14.0N,31.5W,50,,,,,,,,,,,,,
AL,UNNAMED,1906,4,74,19060827,1200,,TS,14.0N,33.0W,55,,,,,,,,,,,,,
AL,UNNAMED,1906,4,74,19060827,1800,,TS,14.0N,34.6W,55,,,,,,,,,,,,,
AL,UNNAMED,1906,4,74,19060828,0,,TS,13.9N,36.2W,60,,,,,,,,,,,,,
AL,UNNAMED,1906,4,74,19060828,600,,TS,13.9N,37.8W,60,,,,,,,,,,,,,
AL,UNNAMED,1906,4,74,19060828,1200,,HU,13.8N,39.5W,65,,,,,,,,,,,,,
AL,UNNAMED,1906,4,74,19060828,1800,,HU,13.8N,41.2W,65,,,,,,,,,,,,,
AL,UNNAMED,1906,4,74,19060829,0,,HU,13.7N,42.8W,70,,,,,,,,,,,,,
AL,UNNAMED,1906,4,74,19060829,600,,HU,13.7N,44.4W,70,,,,,,,,,,,,,
AL,UNNAMED,1906,4,74,19060829,1200,,HU,13.6N,46.0W,70,,,,,,,,,,,,,
AL,UNNAMED,1906,4,74,19060829,1800,,HU,13.6N,47.7W,70,,,,,,,,,,,,,
AL,UNNAMED,1906,4,74,19060830,0,,HU,13.6N,49.3W,75,,,,,,,,,,,,,
AL,UNNAMED,1906,4,74,19060830,600,,HU,13.5N,50.9W,75,,,,,,,,,,,,,
AL,UNNAMED,1906,4,74,19060830,1200,,HU,13.5N,52.5W,75,,,,,,,,,,,,,
AL,UNNAMED,1906,4,74,19060830,1800,,HU,13.7N,54.0W,80,,,,,,,,,,,,,
AL,UNNAMED,1906,4,74,19060831,0,,HU,14.1N,55.3W,80,,,,,,,,,,,,,
AL,UNNAMED,1906,4,74,19060831,600,,HU,14.5N,56.5W,80,,,,,,,,,,,,,
AL,UNNAMED,1906,4,74,19060831,1200,,HU,15.0N,57.5W,85,,,,,,,,,,,,,
AL,UNNAMED,1906,4,74,19060831,1800,,HU,15.5N,58.3W,85,,,,,,,,,,,,,
AL,UNNAMED,1906,4,74,19060901,0,,HU,16.0N,59.0W,85,,,,,,,,,,,,,
AL,UNNAMED,1906,4,74,19060901,600,,HU,16.5N,60.0W,85,,,,,,,,,,,,,
AL,UNNAMED,1906,4,74,19060901,1200,,HU,17.0N,60.7W,90,,,,,,,,,,,,,
AL,UNNAMED,1906,4,74,19060901,1800,,HU,17.5N,61.4W,90,,,,,,,,,,,,,
AL,UNNAMED,1906,4,74,19060902,0,,HU,18.0N,62.2W,90,,,,,,,,,,,,,
AL,UNNAMED,1906,4,74,19060902,600,,HU,18.5N,63.1W,90,,,,,,,,,,,,,
AL,UNNAMED,1906,4,74,19060902,1200,,HU,19.0N,64.0W,90,,,,,,,,,,,,,
AL,UNNAMED,1906,4,74,19060902,1800,,HU,19.3N,64.7W,95,,,,,,,,,,,,,
AL,UNNAMED,1906,4,74,19060903,0,,HU,19.6N,65.4W,95,,,,,,,,,,,,,
AL,UNNAMED,1906,4,74,19060903,600,,HU,19.8N,66.0W,100,,,,,,,,,,,,,
AL,UNNAMED,1906,4,74,19060903,1200,,HU,20.0N,66.7W,100,,,,,,,,,,,,,
AL,UNNAMED,1906,4,74,19060903,1800,,HU,20.3N,67.6W,105,,,,,,,,,,,,,
AL,UNNAMED,1906,4,74,19060904,0,,HU,20.6N,68.3W,105,,,,,,,,,,,,,
AL,UNNAMED,1906,4,74,19060904,600,,HU,20.9N,69.0W,110,,,,,,,,,,,,,
AL,UNNAMED,1906,4,74,19060904,1200,,HU,21.3N,69.6W,110,,,,,,,,,,,,,
AL,UNNAMED,1906,4,74,19060904,1800,,HU,21.6N,70.2W,110,,,,,,,,,,,,,
AL,UNNAMED,1906,4,74,19060905,0,,HU,22.1N,70.8W,115,,,,,,,,,,,,,
AL,UNNAMED,1906,4,74,19060905,600,,HU,22.5N,71.4W,115,,,,,,,,,,,,,
AL,UNNAMED,1906,4,74,19060905,1200,,HU,23.1N,72.0W,115,,,,,,,,,,,,,
AL,UNNAMED,1906,4,74,19060905,1800,,HU,23.5N,72.7W,115,,,,,,,,,,,,,
AL,UNNAMED,1906,4,74,19060906,0,,HU,23.9N,73.4W,115,,,,,,,,,,,,,
AL,UNNAMED,1906,4,74,19060906,600,,HU,24.4N,74.0W,115,,,,,,,,,,,,,
AL,UNNAMED,1906,4,74,19060906,1200,,HU,25.0N,74.7W,115,,,,,,,,,,,,,
AL,UNNAMED,1906,4,74,19060906,1800,,HU,25.8N,75.6W,110,,,,,,,,,,,,,
AL,UNNAMED,1906,4,74,19060907,0,,HU,26.8N,76.4W,110,,,,,,,,,,,,,
AL,UNNAMED,1906,4,74,19060907,600,,HU,27.9N,76.6W,110,,,,,,,,,,,,,
AL,UNNAMED,1906,4,74,19060907,1200,,HU,29.0N,76.0W,110,,,,,,,,,,,,,
AL,UNNAMED,1906,4,74,19060907,1800,,HU,29.5N,74.8W,110,,,,,,,,,,,,,
AL,UNNAMED,1906,4,74,19060908,0,,HU,29.8N,73.5W,110,,,,,,,,,,,,,
AL,UNNAMED,1906,4,74,19060908,600,,HU,30.0N,72.1W,110,,,,,,,,,,,,,
AL,UNNAMED,1906,4,74,19060908,1200,,HU,30.3N,70.5W,110,,,,,,,,,,,,,
AL,UNNAMED,1906,4,74,19060908,1800,,HU,30.7N,69.3W,110,,,,,,,,,,,,,
AL,UNNAMED,1906,4,74,19060909,0,,HU,31.3N,68.1W,105,,,,,,,,,,,,,
AL,UNNAMED,1906,4,74,19060909,600,,HU,31.9N,66.9W,105,,,,,,,,,,,,,
AL,UNNAMED,1906,4,74,19060909,1200,,HU,32.5N,65.7W,105,,,,,,,,,,,,,
AL,UNNAMED,1906,4,74,19060909,1800,,HU,33.6N,64.3W,105,,,,,,,,,,,,,
AL,UNNAMED,1906,4,74,19060910,0,,HU,34.7N,62.9W,100,,,,,,,,,,,,,
AL,UNNAMED,1906,4,74,19060910,600,,HU,35.8N,61.4W,100,,,,,,,,,,,,,
AL,UNNAMED,1906,4,74,19060910,1200,,HU,37.0N,60.0W,100,,,,,,,,,,,,,
AL,UNNAMED,1906,4,74,19060910,1800,,HU,38.4N,56.9W,100,,,,,,,,,,,,,
AL,UNNAMED,1906,4,74,19060911,0,,HU,40.0N,52.8W,95,950,,,,,,,,,,,,
AL,UNNAMED,1906,4,74,19060911,600,,HU,42.2N,48.8W,85,,,,,,,,,,,,,
AL,UNNAMED,1906,4,74,19060911,1200,,EX,45.0N,45.0W,75,,,,,,,,,,,,,
AL,UNNAMED,1906,4,74,19060911,1800,,EX,47.5N,40.4W,65,,,,,,,,,,,,,
AL,UNNAMED,1906,4,74,19060912,0,,EX,49.5N,35.4W,60,,,,,,,,,,,,,
AL,UNNAMED,1906,4,74,19060912,600,,EX,51.3N,30.3W,55,,,,,,,,,,,,,
AL,UNNAMED,1906,4,74,19060912,1200,,EX,53.0N,25.0W,50,,,,,,,,,,,,,
AL,UNNAMED,1906,4,74,19060912,1800,,EX,54.0N,20.3W,45,,,,,,,,,,,,,
AL,UNNAMED,1906,5,63,19060903,1200,,TS,10.2N,33.0W,35,,,,,,,,,,,,,
AL,UNNAMED,1906,5,63,19060903,1800,,TS,10.3N,33.7W,35,,,,,,,,,,,,,
AL,UNNAMED,1906,5,63,19060904,0,,TS,10.3N,34.2W,35,,,,,,,,,,,,,
AL,UNNAMED,1906,5,63,19060904,600,,TS,10.4N,34.9W,35,,,,,,,,,,,,,
AL,UNNAMED,1906,5,63,19060904,1200,,TS,10.5N,35.7W,35,,,,,,,,,,,,,
AL,UNNAMED,1906,5,63,19060904,1800,,TS,10.6N,36.6W,35,,,,,,,,,,,,,
AL,UNNAMED,1906,5,63,19060905,0,,TS,10.9N,37.6W,35,,,,,,,,,,,,,
AL,UNNAMED,1906,5,63,19060905,600,,TS,11.2N,38.5W,35,,,,,,,,,,,,,
AL,UNNAMED,1906,5,63,19060905,1200,,TS,11.6N,39.5W,35,,,,,,,,,,,,,
AL,UNNAMED,1906,5,63,19060905,1800,,TS,12.0N,40.5W,35,,,,,,,,,,,,,
AL,UNNAMED,1906,5,63,19060906,0,,TS,12.4N,41.4W,35,,,,,,,,,,,,,
AL,UNNAMED,1906,5,63,19060906,600,,TS,12.8N,42.3W,35,,,,,,,,,,,,,
AL,UNNAMED,1906,5,63,19060906,1200,,TS,13.2N,43.2W,35,,,,,,,,,,,,,
AL,UNNAMED,1906,5,63,19060906,1800,,TS,13.7N,44.2W,35,,,,,,,,,,,,,
AL,UNNAMED,1906,5,63,19060907,0,,TS,14.1N,44.9W,40,,,,,,,,,,,,,
AL,UNNAMED,1906,5,63,19060907,600,,TS,14.6N,45.6W,40,,,,,,,,,,,,,
AL,UNNAMED,1906,5,63,19060907,1200,,TS,15.1N,46.2W,40,,,,,,,,,,,,,
AL,UNNAMED,1906,5,63,19060907,1800,,TS,15.3N,46.6W,40,,,,,,,,,,,,,
AL,UNNAMED,1906,5,63,19060908,0,,TS,15.5N,47.1W,40,,,,,,,,,,,,,
AL,UNNAMED,1906,5,63,19060908,600,,TS,15.7N,47.5W,40,,,,,,,,,,,,,
AL,UNNAMED,1906,5,63,19060908,1200,,TS,16.0N,48.0W,40,,,,,,,,,,,,,
AL,UNNAMED,1906,5,63,19060908,1800,,TS,16.4N,48.4W,40,,,,,,,,,,,,,
AL,UNNAMED,1906,5,63,19060909,0,,TS,16.9N,48.8W,45,,,,,,,,,,,,,
AL,UNNAMED,1906,5,63,19060909,600,,TS,17.5N,49.1W,45,,,,,,,,,,,,,
AL,UNNAMED,1906,5,63,19060909,1200,,TS,18.0N,49.3W,45,,,,,,,,,,,,,
AL,UNNAMED,1906,5,63,19060909,1800,,TS,18.4N,49.6W,45,,,,,,,,,,,,,
AL,UNNAMED,1906,5,63,19060910,0,,TS,18.8N,49.9W,50,,,,,,,,,,,,,
AL,UNNAMED,1906,5,63,19060910,600,,TS,19.3N,50.3W,50,,,,,,,,,,,,,
AL,UNNAMED,1906,5,63,19060910,1200,,TS,19.7N,50.7W,50,,,,,,,,,,,,,
AL,UNNAMED,1906,5,63,19060910,1800,,TS,20.2N,51.3W,50,,,,,,,,,,,,,
AL,UNNAMED,1906,5,63,19060911,0,,TS,20.6N,52.1W,55,,,,,,,,,,,,,
AL,UNNAMED,1906,5,63,19060911,600,,TS,20.8N,53.0W,55,,,,,,,,,,,,,
AL,UNNAMED,1906,5,63,19060911,1200,,TS,21.0N,54.0W,55,,,,,,,,,,,,,
AL,UNNAMED,1906,5,63,19060911,1800,,TS,21.4N,55.3W,55,,,,,,,,,,,,,
AL,UNNAMED,1906,5,63,19060912,0,,TS,21.8N,56.5W,60,,,,,,,,,,,,,
AL,UNNAMED,1906,5,63,19060912,600,,TS,22.2N,57.7W,60,,,,,,,,,,,,,
AL,UNNAMED,1906,5,63,19060912,1200,,HU,22.7N,59.0W,65,,,,,,,,,,,,,
AL,UNNAMED,1906,5,63,19060912,1800,,HU,23.0N,60.2W,65,,,,,,,,,,,,,
AL,UNNAMED,1906,5,63,19060913,0,,HU,23.2N,61.2W,70,,,,,,,,,,,,,
AL,UNNAMED,1906,5,63,19060913,600,,HU,23.6N,62.3W,70,,,,,,,,,,,,,
AL,UNNAMED,1906,5,63,19060913,1200,,HU,24.3N,63.3W,75,,,,,,,,,,,,,
AL,UNNAMED,1906,5,63,19060913,1800,,HU,25.3N,64.1W,75,,,,,,,,,,,,,
AL,UNNAMED,1906,5,63,19060914,0,,HU,26.6N,64.7W,80,,,,,,,,,,,,,
AL,UNNAMED,1906,5,63,19060914,600,,HU,27.9N,65.5W,80,,,,,,,,,,,,,
AL,UNNAMED,1906,5,63,19060914,1200,,HU,29.0N,66.3W,80,,,,,,,,,,,,,
AL,UNNAMED,1906,5,63,19060914,1800,,HU,29.5N,66.7W,80,,,,,,,,,,,,,
AL,UNNAMED,1906,5,63,19060915,0,,HU,29.9N,67.1W,80,,,,,,,,,,,,,
AL,UNNAMED,1906,5,63,19060915,600,,HU,30.2N,67.5W,80,,,,,,,,,,,,,
AL,UNNAMED,1906,5,63,19060915,1200,,HU,30.5N,68.0W,80,,,,,,,,,,,,,
AL,UNNAMED,1906,5,63,19060915,1800,,HU,30.9N,68.5W,80,,,,,,,,,,,,,
AL,UNNAMED,1906,5,63,19060916,0,,HU,31.2N,69.0W,80,,,,,,,,,,,,,
AL,UNNAMED,1906,5,63,19060916,600,,HU,31.5N,69.7W,80,,,,,,,,,,,,,
AL,UNNAMED,1906,5,63,19060916,1200,,HU,31.7N,70.7W,80,,,,,,,,,,,,,
AL,UNNAMED,1906,5,63,19060916,1800,,HU,32.0N,72.0W,80,,,,,,,,,,,,,
AL,UNNAMED,1906,5,63,19060917,0,,HU,32.0N,73.4W,80,,,,,,,,,,,,,
AL,UNNAMED,1906,5,63,19060917,600,,HU,32.1N,75.1W,80,,,,,,,,,,,,,
AL,UNNAMED,1906,5,63,19060917,1200,,HU,32.3N,76.7W,80,,,,,,,,,,,,,
AL,UNNAMED,1906,5,63,19060917,1800,,HU,32.9N,78.2W,80,977,,,,,,,,,,,,
AL,UNNAMED,1906,5,63,19060917,2200,L,HU,33.3N,79.2W,80,977,,,,,,,,,,,,
AL,UNNAMED,1906,5,63,19060918,0,,TS,33.5N,79.8W,60,,,,,,,,,,,,,
AL,UNNAMED,1906,5,63,19060918,600,,TS,34.3N,81.5W,40,,,,,,,,,,,,,
AL,UNNAMED,1906,5,63,19060918,1200,,TD,35.0N,83.0W,30,,,,,,,,,,,,,
AL,UNNAMED,1906,5,63,19060918,1800,,TD,35.5N,84.5W,30,,,,,,,,,,,,,
AL,UNNAMED,1906,6,45,19060919,1200,,TD,12.0N,77.0W,30,,,,,,,,,,,,,
AL,UNNAMED,1906,6,45,19060919,1800,,TD,12.1N,77.5W,30,,,,,,,,,,,,,
AL,UNNAMED,1906,6,45,19060920,0,,TS,12.2N,77.9W,35,,,,,,,,,,,,,
AL,UNNAMED,1906,6,45,19060920,600,,TS,12.3N,78.3W,35,,,,,,,,,,,,,
AL,UNNAMED,1906,6,45,19060920,1200,,TS,12.5N,78.7W,35,,,,,,,,,,,,,
AL,UNNAMED,1906,6,45,19060920,1800,,TS,12.8N,79.2W,35,,,,,,,,,,,,,
AL,UNNAMED,1906,6,45,19060921,0,,TS,13.2N,79.7W,35,,,,,,,,,,,,,
AL,UNNAMED,1906,6,45,19060921,600,,TS,13.6N,80.1W,35,,,,,,,,,,,,,
AL,UNNAMED,1906,6,45,19060921,1200,,TS,14.0N,80.5W,35,,,,,,,,,,,,,
AL,UNNAMED,1906,6,45,19060921,1800,,TS,14.6N,80.9W,35,,,,,,,,,,,,,
AL,UNNAMED,1906,6,45,19060922,0,,TS,15.2N,81.3W,40,,,,,,,,,,,,,
AL,UNNAMED,1906,6,45,19060922,600,,TS,15.8N,81.8W,40,,,,,,,,,,,,,
AL,UNNAMED,1906,6,45,19060922,1200,,TS,16.3N,82.3W,45,,,,,,,,,,,,,
AL,UNNAMED,1906,6,45,19060922,1800,,TS,16.9N,82.8W,45,,,,,,,,,,,,,
AL,UNNAMED,1906,6,45,19060923,0,,TS,17.5N,83.2W,50,,,,,,,,,,,,,
AL,UNNAMED,1906,6,45,19060923,600,,TS,18.1N,83.7W,50,,,,,,,,,,,,,
AL,UNNAMED,1906,6,45,19060923,1200,,TS,18.7N,84.0W,55,,,,,,,,,,,,,
AL,UNNAMED,1906,6,45,19060923,1800,,TS,19.3N,84.3W,60,,,,,,,,,,,,,
AL,UNNAMED,1906,6,45,19060924,0,,HU,20.0N,84.6W,65,,,,,,,,,,,,,
AL,UNNAMED,1906,6,45,19060924,600,,HU,20.6N,84.8W,70,,,,,,,,,,,,,
AL,UNNAMED,1906,6,45,19060924,1200,,HU,21.4N,85.1W,75,,,,,,,,,,,,,
AL,UNNAMED,1906,6,45,19060924,1800,,HU,21.9N,85.2W,80,,,,,,,,,,,,,
AL,UNNAMED,1906,6,45,19060925,0,,HU,22.3N,85.5W,85,,,,,,,,,,,,,
AL,UNNAMED,1906,6,45,19060925,600,,HU,22.8N,85.7W,90,,,,,,,,,,,,,
AL,UNNAMED,1906,6,45,19060925,1200,,HU,23.3N,86.0W,95,,,,,,,,,,,,,
AL,UNNAMED,1906,6,45,19060925,1800,,HU,24.0N,86.3W,100,,,,,,,,,,,,,
AL,UNNAMED,1906,6,45,19060926,0,,HU,24.7N,86.6W,105,,,,,,,,,,,,,
AL,UNNAMED,1906,6,45,19060926,600,,HU,25.5N,86.8W,105,,,,,,,,,,,,,
AL,UNNAMED,1906,6,45,19060926,1200,,HU,26.3N,87.0W,105,953,,,,,,,,,,,,
AL,UNNAMED,1906,6,45,19060926,1800,,HU,27.3N,87.4W,100,,,,,,,,,,,,,
AL,UNNAMED,1906,6,45,19060927,0,,HU,28.4N,87.9W,100,,,,,,,,,,,,,
AL,UNNAMED,1906,6,45,19060927,600,,HU,29.4N,88.4W,95,,,,,,,,,,,,,
AL,UNNAMED,1906,6,45,19060927,1100,L,HU,30.2N,88.6W,95,,,,,,,,,,,,,
AL,UNNAMED,1906,6,45,19060927,1200,,HU,30.4N,88.7W,95,958,,,,,,,,,,,,
AL,UNNAMED,1906,6,45,19060927,1800,,HU,31.4N,89.0W,65,,,,,,,,,,,,,
AL,UNNAMED,1906,6,45,19060928,0,,TS,32.4N,89.3W,50,,,,,,,,,,,,,
AL,UNNAMED,1906,6,45,19060928,600,,TS,33.6N,89.6W,40,,,,,,,,,,,,,
AL,UNNAMED,1906,6,45,19060928,1200,,TS,34.7N,89.9W,40,,,,,,,,,,,,,
AL,UNNAMED,1906,6,45,19060928,1800,,TS,35.6N,90.2W,35,,,,,,,,,,,,,
AL,UNNAMED,1906,6,45,19060929,0,,TS,36.6N,90.4W,35,,,,,,,,,,,,,
AL,UNNAMED,1906,6,45,19060929,600,,TD,37.3N,90.5W,30,,,,,,,,,,,,,
AL,UNNAMED,1906,6,45,19060929,1200,,EX,38.0N,90.3W,30,,,,,,,,,,,,,
AL,UNNAMED,1906,6,45,19060929,1800,,EX,38.2N,89.4W,30,,,,,,,,,,,,,
AL,UNNAMED,1906,6,45,19060930,0,,EX,38.0N,88.4W,30,,,,,,,,,,,,,
AL,UNNAMED,1906,6,45,19060930,600,,EX,37.3N,87.5W,30,,,,,,,,,,,,,
AL,UNNAMED,1906,7,44,19060922,0,,TS,30.3N,31.9W,50,,,,,,,,,,,,,
AL,UNNAMED,1906,7,44,19060922,600,,TS,29.6N,32.9W,50,,,,,,,,,,,,,
AL,UNNAMED,1906,7,44,19060922,1200,,TS,29.0N,33.8W,50,,,,,,,,,,,,,
AL,UNNAMED,1906,7,44,19060922,1800,,TS,28.3N,34.7W,50,,,,,,,,,,,,,
AL,UNNAMED,1906,7,44,19060923,0,,TS,27.7N,35.6W,55,,,,,,,,,,,,,
AL,UNNAMED,1906,7,44,19060923,600,,TS,27.3N,36.4W,55,,,,,,,,,,,,,
AL,UNNAMED,1906,7,44,19060923,1200,,TS,26.9N,37.1W,60,,,,,,,,,,,,,
AL,UNNAMED,1906,7,44,19060923,1800,,TS,26.6N,37.8W,60,,,,,,,,,,,,,
AL,UNNAMED,1906,7,44,19060924,0,,TS,26.3N,38.5W,60,,,,,,,,,,,,,
AL,UNNAMED,1906,7,44,19060924,600,,TS,26.1N,39.2W,60,,,,,,,,,,,,,
AL,UNNAMED,1906,7,44,19060924,1200,,TS,26.0N,40.0W,60,,,,,,,,,,,,,
AL,UNNAMED,1906,7,44,19060924,1800,,TS,25.8N,40.7W,60,,,,,,,,,,,,,
AL,UNNAMED,1906,7,44,19060925,0,,TS,25.7N,41.5W,60,,,,,,,,,,,,,
AL,UNNAMED,1906,7,44,19060925,600,,TS,25.7N,42.2W,60,,,,,,,,,,,,,
AL,UNNAMED,1906,7,44,19060925,1200,,TS,25.7N,43.0W,60,,,,,,,,,,,,,
AL,UNNAMED,1906,7,44,19060925,1800,,TS,25.7N,43.7W,60,,,,,,,,,,,,,
AL,UNNAMED,1906,7,44,19060926,0,,TS,26.0N,44.3W,60,,,,,,,,,,,,,
AL,UNNAMED,1906,7,44,19060926,600,,TS,26.4N,44.6W,60,,,,,,,,,,,,,
AL,UNNAMED,1906,7,44,19060926,1200,,TS,27.0N,44.7W,60,,,,,,,,,,,,,
AL,UNNAMED,1906,7,44,19060926,1800,,TS,27.5N,44.7W,60,,,,,,,,,,,,,
AL,UNNAMED,1906,7,44,19060927,0,,TS,27.9N,44.4W,60,,,,,,,,,,,,,
AL,UNNAMED,1906,7,44,19060927,600,,TS,28.2N,44.0W,60,,,,,,,,,,,,,
AL,UNNAMED,1906,7,44,19060927,1200,,TS,28.6N,43.3W,60,,,,,,,,,,,,,
AL,UNNAMED,1906,7,44,19060927,1800,,TS,29.2N,42.3W,60,,,,,,,,,,,,,
AL,UNNAMED,1906,7,44,19060928,0,,TS,29.9N,41.0W,60,,,,,,,,,,,,,
AL,UNNAMED,1906,7,44,19060928,600,,TS,30.5N,39.7W,60,,,,,,,,,,,,,
AL,UNNAMED,1906,7,44,19060928,1200,,TS,31.0N,38.5W,60,,,,,,,,,,,,,
AL,UNNAMED,1906,7,44,19060928,1800,,TS,31.7N,37.0W,60,,,,,,,,,,,,,
AL,UNNAMED,1906,7,44,19060929,0,,TS,32.4N,35.4W,60,,,,,,,,,,,,,
AL,UNNAMED,1906,7,44,19060929,600,,TS,33.1N,33.7W,60,,,,,,,,,,,,,
AL,UNNAMED,1906,7,44,19060929,1200,,TS,33.9N,32.2W,60,,,,,,,,,,,,,
AL,UNNAMED,1906,7,44,19060929,1800,,TS,34.7N,30.8W,60,,,,,,,,,,,,,
AL,UNNAMED,1906,7,44,19060930,0,,TS,35.8N,29.6W,60,,,,,,,,,,,,,
AL,UNNAMED,1906,7,44,19060930,600,,TS,36.7N,28.7W,55,,,,,,,,,,,,,
AL,UNNAMED,1906,7,44,19060930,1200,,TS,37.7N,27.7W,50,,,,,,,,,,,,,
AL,UNNAMED,1906,7,44,19060930,1800,,TS,39.2N,26.3W,45,,,,,,,,,,,,,
AL,UNNAMED,1906,7,44,19061001,0,,TS,40.8N,24.4W,40,,,,,,,,,,,,,
AL,UNNAMED,1906,7,44,19061001,600,,EX,42.1N,22.5W,35,,,,,,,,,,,,,
AL,UNNAMED,1906,7,44,19061001,1200,,EX,43.3N,20.5W,35,,,,,,,,,,,,,
AL,UNNAMED,1906,7,44,19061001,1800,,EX,44.8N,18.0W,35,,,,,,,,,,,,,
AL,UNNAMED,1906,7,44,19061002,0,,EX,46.5N,15.0W,30,,,,,,,,,,,,,
AL,UNNAMED,1906,7,44,19061002,600,,EX,48.5N,11.2W,30,,,,,,,,,,,,,
AL,UNNAMED,1906,7,44,19061002,1200,,EX,50.0N,8.0W,30,,,,,,,,,,,,,
AL,UNNAMED,1906,7,44,19061002,1800,,EX,51.5N,4.7W,30,,,,,,,,,,,,,
AL,UNNAMED,1906,8,65,19061008,600,,TS,11.3N,76.4W,35,,,,,,,,,,,,,
AL,UNNAMED,1906,8,65,19061008,1200,,TS,11.3N,77.3W,35,,,,,,,,,,,,,
AL,UNNAMED,1906,8,65,19061008,1800,,TS,11.3N,78.3W,50,,,,,,,,,,,,,
AL,UNNAMED,1906,8,65,19061009,0,,HU,11.3N,79.3W,65,,,,,,,,,,,,,
AL,UNNAMED,1906,8,65,19061009,600,,HU,11.3N,80.4W,75,,,,,,,,,,,,,
AL,UNNAMED,1906,8,65,19061009,1200,,HU,11.5N,81.5W,85,,,,,,,,,,,,,
AL,UNNAMED,1906,8,65,19061009,1800,,HU,11.7N,82.4W,95,,,,,,,,,,,,,
AL,UNNAMED,1906,8,65,19061010,0,,HU,12.1N,83.1W,105,,,,,,,,,,,,,
AL,UNNAMED,1906,8,65,19061010,600,,HU,12.6N,83.9W,80,,,,,,,,,,,,,
AL,UNNAMED,1906,8,65,19061010,1200,,HU,13.0N,84.6W,70,,,,,,,,,,,,,
AL,UNNAMED,1906,8,65,19061010,1800,,HU,13.2N,85.1W,65,,,,,,,,,,,,,
AL,UNNAMED,1906,8,65,19061011,0,,TS,13.4N,85.5W,60,,,,,,,,,,,,,
AL,UNNAMED,1906,8,65,19061011,600,,TS,13.7N,85.9W,55,,,,,,,,,,,,,
AL,UNNAMED,1906,8,65,19061011,1200,,TS,14.0N,86.3W,50,,,,,,,,,,,,,
AL,UNNAMED,1906,8,65,19061011,1800,,TS,14.4N,86.7W,45,,,,,,,,,,,,,
AL,UNNAMED,1906,8,65,19061012,0,,TS,14.7N,86.9W,40,,,,,,,,,,,,,
AL,UNNAMED,1906,8,65,19061012,600,,TS,15.1N,87.1W,40,,,,,,,,,,,,,
AL,UNNAMED,1906,8,65,19061012,1200,,TS,15.5N,87.3W,50,,,,,,,,,,,,,
AL,UNNAMED,1906,8,65,19061012,1800,,HU,15.8N,87.4W,65,,,,,,,,,,,,,
AL,UNNAMED,1906,8,65,19061013,0,,HU,16.1N,87.6W,65,,,,,,,,,,,,,
AL,UNNAMED,1906,8,65,19061013,600,,HU,16.4N,87.8W,70,,,,,,,,,,,,,
AL,UNNAMED,1906,8,65,19061013,1200,,HU,16.7N,88.0W,75,,,,,,,,,,,,,
AL,UNNAMED,1906,8,65,19061013,1800,,HU,16.9N,88.1W,80,,,,,,,,,,,,,
AL,UNNAMED,1906,8,65,19061014,0,,HU,17.1N,88.2W,70,,,,,,,,,,,,,
AL,UNNAMED,1906,8,65,19061014,600,,HU,17.4N,88.3W,65,,,,,,,,,,,,,
AL,UNNAMED,1906,8,65,19061014,1200,,TS,17.7N,88.3W,60,,,,,,,,,,,,,
AL,UNNAMED,1906,8,65,19061014,1800,,TS,17.9N,88.3W,55,,,,,,,,,,,,,
AL,UNNAMED,1906,8,65,19061015,0,,TS,18.1N,88.2W,50,,,,,,,,,,,,,
AL,UNNAMED,1906,8,65,19061015,600,,TS,18.3N,88.1W,50,,,,,,,,,,,,,
AL,UNNAMED,1906,8,65,19061015,1200,,TS,18.5N,88.0W,50,,,,,,,,,,,,,
AL,UNNAMED,1906,8,65,19061015,1800,,TS,18.8N,87.8W,50,,,,,,,,,,,,,
AL,UNNAMED,1906,8,65,19061016,0,,TS,19.1N,87.6W,50,,,,,,,,,,,,,
AL,UNNAMED,1906,8,65,19061016,600,,TS,19.3N,87.3W,60,,,,,,,,,,,,,
AL,UNNAMED,1906,8,65,19061016,1200,,HU,19.5N,87.0W,70,,,,,,,,,,,,,
AL,UNNAMED,1906,8,65,19061016,1800,,HU,19.8N,86.3W,80,,,,,,,,,,,,,
AL,UNNAMED,1906,8,65,19061017,0,,HU,20.0N,85.7W,90,,,,,,,,,,,,,
AL,UNNAMED,1906,8,65,19061017,600,,HU,20.3N,85.1W,100,,,,,,,,,,,,,
AL,UNNAMED,1906,8,65,19061017,1200,,HU,20.7N,84.0W,105,,,,,,,,,,,,,
AL,UNNAMED,1906,8,65,19061017,1800,,HU,21.5N,82.7W,105,,,,,,,,,,,,,
AL,UNNAMED,1906,8,65,19061018,0,,HU,22.6N,82.1W,105,,,,,,,,,,,,,
AL,UNNAMED,1906,8,65,19061018,600,,HU,23.9N,81.6W,105,,,,,,,,,,,,,
AL,UNNAMED,1906,8,65,19061018,1000,L,HU,24.7N,81.1W,105,,,,,,,,,,,,,
AL,UNNAMED,1906,8,65,19061018,1200,L,HU,25.3N,80.7W,105,953,,,,,,,,,,,,
AL,UNNAMED,1906,8,65,19061018,1800,,HU,26.6N,79.5W,95,,,,,,,,,,,,,
AL,UNNAMED,1906,8,65,19061019,0,,HU,27.9N,78.6W,90,,,,,,,,,,,,,
AL,UNNAMED,1906,8,65,19061019,600,,HU,29.0N,78.1W,85,,,,,,,,,,,,,
AL,UNNAMED,1906,8,65,19061019,1200,,HU,30.0N,78.0W,80,,,,,,,,,,,,,
AL,UNNAMED,1906,8,65,19061019,1800,,HU,30.5N,78.0W,80,,,,,,,,,,,,,
AL,UNNAMED,1906,8,65,19061020,0,,HU,30.9N,78.0W,75,,,,,,,,,,,,,
AL,UNNAMED,1906,8,65,19061020,600,,HU,31.4N,78.1W,75,,,,,,,,,,,,,
AL,UNNAMED,1906,8,65,19061020,1200,,HU,31.7N,78.3W,70,,,,,,,,,,,,,
AL,UNNAMED,1906,8,65,19061020,1800,,HU,32.1N,79.3W,70,,,,,,,,,,,,,
AL,UNNAMED,1906,8,65,19061021,0,,TS,31.7N,80.4W,60,,,,,,,,,,,,,
AL,UNNAMED,1906,8,65,19061021,600,,TS,30.7N,81.2W,50,,,,,,,,,,,,,
AL,UNNAMED,1906,8,65,19061021,900,L,TS,30.0N,81.4W,50,,,,,,,,,,,,,
AL,UNNAMED,1906,8,65,19061021,1200,,TS,29.5N,81.5W,40,,,,,,,,,,,,,
AL,UNNAMED,1906,8,65,19061021,1800,,TS,29.0N,81.5W,35,,,,,,,,,,,,,
AL,UNNAMED,1906,8,65,19061022,0,,TD,28.3N,81.6W,30,,,,,,,,,,,,,
AL,UNNAMED,1906,8,65,19061022,600,,TD,27.3N,81.7W,30,,,,,,,,,,,,,
AL,UNNAMED,1906,8,65,19061022,1200,,TD,26.0N,82.0W,25,,,,,,,,,,,,,
AL,UNNAMED,1906,8,65,19061022,1800,,TD,24.9N,82.8W,25,,,,,,,,,,,,,
AL,UNNAMED,1906,8,65,19061023,0,,TD,24.0N,83.8W,25,,,,,,,,,,,,,
AL,UNNAMED,1906,8,65,19061023,600,,TD,23.1N,84.8W,25,,,,,,,,,,,,,
AL,UNNAMED,1906,8,65,19061023,1200,,TD,22.3N,85.7W,25,,,,,,,,,,,,,
AL,UNNAMED,1906,8,65,19061023,1800,,TD,21.5N,86.6W,25,,,,,,,,,,,,,
AL,UNNAMED,1906,9,15,19061014,600,,TS,33.7N,62.0W,35,,,,,,,,,,,,,
AL,UNNAMED,1906,9,15,19061014,1200,,TS,33.7N,63.5W,35,,,,,,,,,,,,,
AL,UNNAMED,1906,9,15,19061014,1800,,TS,33.7N,65.1W,35,,,,,,,,,,,,,
AL,UNNAMED,1906,9,15,19061015,0,,TS,33.6N,66.9W,40,,,,,,,,,,,,,
AL,UNNAMED,1906,9,15,19061015,600,,TS,33.4N,68.2W,40,,,,,,,,,,,,,
AL,UNNAMED,1906,9,15,19061015,1200,,TS,33.2N,69.7W,45,,,,,,,,,,,,,
AL,UNNAMED,1906,9,15,19061015,1800,,TS,32.7N,71.4W,45,,,,,,,,,,,,,
AL,UNNAMED,1906,9,15,19061016,0,,TS,32.1N,73.1W,45,,,,,,,,,,,,,
AL,UNNAMED,1906,9,15,19061016,600,,TS,31.2N,74.9W,45,,,,,,,,,,,,,
AL,UNNAMED,1906,9,15,19061016,1200,,TS,30.5N,76.5W,45,,,,,,,,,,,,,
AL,UNNAMED,1906,9,15,19061016,1800,,TS,30.1N,77.3W,40,,,,,,,,,,,,,
AL,UNNAMED,1906,9,15,19061017,0,,TS,29.9N,78.0W,40,,,,,,,,,,,,,
AL,UNNAMED,1906,9,15,19061017,600,,TS,29.6N,78.7W,35,,,,,,,,,,,,,
AL,UNNAMED,1906,9,15,19061017,1200,,TD,29.3N,79.5W,30,,,,,,,,,,,,,
AL,UNNAMED,1906,9,15,19061017,1800,,TD,28.8N,80.6W,25,,,,,,,,,,,,,
AL,UNNAMED,1906,10,23,19061015,600,,TS,21.0N,69.4W,35,,,,,,,,,,,,,
AL,UNNAMED,1906,10,23,19061015,1200,,TS,21.7N,70.0W,35,,,,,,,,,,,,,
AL,UNNAMED,1906,10,23,19061015,1800,,TS,22.7N,70.7W,35,,,,,,,,,,,,,
AL,UNNAMED,1906,10,23,19061016,0,,TS,23.9N,71.3W,35,,,,,,,,,,,,,
AL,UNNAMED,1906,10,23,19061016,600,,TS,25.2N,71.6W,35,,,,,,,,,,,,,
AL,UNNAMED,1906,10,23,19061016,1200,,TS,26.2N,71.3W,35,,,,,,,,,,,,,
AL,UNNAMED,1906,10,23,19061016,1800,,TS,27.1N,71.0W,35,,,,,,,,,,,,,
AL,UNNAMED,1906,10,23,19061017,0,,TS,27.8N,70.4W,35,,,,,,,,,,,,,
AL,UNNAMED,1906,10,23,19061017,600,,TS,28.2N,69.8W,35,,,,,,,,,,,,,
AL,UNNAMED,1906,10,23,19061017,1200,,TS,28.5N,69.3W,35,,,,,,,,,,,,,
AL,UNNAMED,1906,10,23,19061017,1800,,TS,28.8N,68.5W,35,,,,,,,,,,,,,
AL,UNNAMED,1906,10,23,19061018,0,,TS,29.0N,67.7W,40,,,,,,,,,,,,,
AL,UNNAMED,1906,10,23,19061018,600,,TS,29.2N,66.9W,40,,,,,,,,,,,,,
AL,UNNAMED,1906,10,23,19061018,1200,,TS,29.3N,66.0W,45,,,,,,,,,,,,,
AL,UNNAMED,1906,10,23,19061018,1800,,TS,29.3N,65.0W,45,,,,,,,,,,,,,
AL,UNNAMED,1906,10,23,19061019,0,,TS,29.3N,64.0W,40,,,,,,,,,,,,,
AL,UNNAMED,1906,10,23,19061019,600,,TS,29.3N,63.0W,40,,,,,,,,,,,,,
AL,UNNAMED,1906,10,23,19061019,1200,,TS,29.3N,62.0W,35,,,,,,,,,,,,,
AL,UNNAMED,1906,10,23,19061019,1800,,TS,29.3N,61.0W,35,,,,,,,,,,,,,
AL,UNNAMED,1906,10,23,19061020,0,,TD,29.2N,60.0W,30,,,,,,,,,,,,,
AL,UNNAMED,1906,10,23,19061020,600,,TD,29.1N,59.0W,30,,,,,,,,,,,,,
AL,UNNAMED,1906,10,23,19061020,1200,,TD,29.0N,58.0W,25,,,,,,,,,,,,,
AL,UNNAMED,1906,10,23,19061020,1800,,TD,28.9N,57.1W,25,,,,,,,,,,,,,
AL,UNNAMED,1906,11,22,19061105,0,,TD,18.5N,82.5W,30,,,,,,,,,,,,,
AL,UNNAMED,1906,11,22,19061105,600,,TD,19.0N,82.5W,30,,,,,,,,,,,,,
AL,UNNAMED,1906,11,22,19061105,1200,,TS,19.5N,82.5W,35,,,,,,,,,,,,,
AL,UNNAMED,1906,11,22,19061105,1800,,TS,19.9N,82.4W,40,,,,,,,,,,,,,
AL,UNNAMED,1906,11,22,19061106,0,,TS,20.3N,82.1W,45,,,,,,,,,,,,,
AL,UNNAMED,1906,11,22,19061106,600,,TS,20.7N,81.8W,50,,,,,,,,,,,,,
AL,UNNAMED,1906,11,22,19061106,1200,,TS,21.0N,81.5W,55,,,,,,,,,,,,,
AL,UNNAMED,1906,11,22,19061106,1800,,TS,21.3N,81.0W,60,,,,,,,,,,,,,
AL,UNNAMED,1906,11,22,19061107,0,,HU,21.5N,80.5W,65,,,,,,,,,,,,,
AL,UNNAMED,1906,11,22,19061107,600,,HU,21.7N,80.0W,70,,,,,,,,,,,,,
AL,UNNAMED,1906,11,22,19061107,1200,,TS,22.0N,79.3W,60,,,,,,,,,,,,,
AL,UNNAMED,1906,11,22,19061107,1800,,TS,22.4N,78.4W,50,,,,,,,,,,,,,
AL,UNNAMED,1906,11,22,19061108,0,,TS,22.7N,77.6W,45,,,,,,,,,,,,,
AL,UNNAMED,1906,11,22,19061108,600,,TS,23.0N,76.6W,40,,,,,,,,,,,,,
AL,UNNAMED,1906,11,22,19061108,1200,,TS,23.3N,75.7W,35,,,,,,,,,,,,,
AL,UNNAMED,1906,11,22,19061108,1800,,TS,23.6N,74.8W,35,,,,,,,,,,,,,
AL,UNNAMED,1906,11,22,19061109,0,,TS,23.9N,73.9W,35,,,,,,,,,,,,,
AL,UNNAMED,1906,11,22,19061109,600,,TS,24.2N,73.0W,35,,,,,,,,,,,,,
AL,UNNAMED,1906,11,22,19061109,1200,,TS,24.5N,72.3W,35,,,,,,,,,,,,,
AL,UNNAMED,1906,11,22,19061109,1800,,TS,24.8N,71.5W,35,,,,,,,,,,,,,
AL,UNNAMED,1906,11,22,19061110,0,,EX,25.1N,70.5W,30,,,,,,,,,,,,,
AL,UNNAMED,1906,11,22,19061110,600,,EX,25.5N,69.5W,30,,,,,,,,,,,,,
AL,UNNAMED,1907,1,27,19070624,1200,,TS,16.0N,78.0W,35,,,,,,,,,,,,,
AL,UNNAMED,1907,1,27,19070624,1800,,TS,16.1N,78.8W,35,,,,,,,,,,,,,
AL,UNNAMED,1907,1,27,19070625,0,,TS,16.4N,79.7W,35,,,,,,,,,,,,,
AL,UNNAMED,1907,1,27,19070625,600,,TS,16.7N,80.6W,35,,,,,,,,,,,,,
AL,UNNAMED,1907,1,27,19070625,1200,,TS,17.0N,81.5W,35,,,,,,,,,,,,,
AL,UNNAMED,1907,1,27,19070625,1800,,TS,17.7N,82.4W,35,,,,,,,,,,,,,
AL,UNNAMED,1907,1,27,19070626,0,,TS,18.6N,83.4W,35,,,,,,,,,,,,,
AL,UNNAMED,1907,1,27,19070626,600,,TS,19.6N,84.3W,35,,,,,,,,,,,,,
AL,UNNAMED,1907,1,27,19070626,1200,,TS,20.6N,85.3W,40,,,,,,,,,,,,,
AL,UNNAMED,1907,1,27,19070626,1800,,TS,21.8N,86.2W,40,,,,,,,,,,,,,
AL,UNNAMED,1907,1,27,19070627,0,,TS,22.9N,87.1W,45,,,,,,,,,,,,,
AL,UNNAMED,1907,1,27,19070627,600,,TS,24.0N,88.0W,45,,,,,,,,,,,,,
AL,UNNAMED,1907,1,27,19070627,1200,,TS,25.2N,88.9W,45,,,,,,,,,,,,,
AL,UNNAMED,1907,1,27,19070627,1800,,TS,26.2N,89.4W,45,,,,,,,,,,,,,
AL,UNNAMED,1907,1,27,19070628,0,,TS,27.0N,89.6W,45,,,,,,,,,,,,,
AL,UNNAMED,1907,1,27,19070628,600,,TS,27.6N,89.4W,45,,,,,,,,,,,,,
AL,UNNAMED,1907,1,27,19070628,1200,,TS,28.3N,89.0W,50,,,,,,,,,,,,,
AL,UNNAMED,1907,1,27,19070628,1800,,TS,29.3N,87.8W,50,,,,,,,,,,,,,
AL,UNNAMED,1907,1,27,19070628,2300,L,TS,30.3N,85.9W,50,,,,,,,,,,,,,
AL,UNNAMED,1907,1,27,19070629,0,,TS,30.3N,85.8W,50,,,,,,,,,,,,,
AL,UNNAMED,1907,1,27,19070629,600,,TS,30.8N,83.5W,45,,,,,,,,,,,,,
AL,UNNAMED,1907,1,27,19070629,1200,,TS,31.8N,80.8W,55,,,,,,,,,,,,,
AL,UNNAMED,1907,1,27,19070629,1800,,EX,34.0N,78.0W,50,,,,,,,,,,,,,
AL,UNNAMED,1907,1,27,19070630,0,,EX,36.5N,76.0W,45,,,,,,,,,,,,,
AL,UNNAMED,1907,1,27,19070630,600,,EX,39.2N,73.3W,40,,,,,,,,,,,,,
AL,UNNAMED,1907,1,27,19070630,1200,,EX,42.0N,70.5W,35,,,,,,,,,,,,,
AL,UNNAMED,1907,1,27,19070630,1800,,EX,45.0N,67.5W,30,,,,,,,,,,,,,
AL,UNNAMED,1907,2,23,19070918,1200,,TD,25.0N,79.0W,30,,,,,,,,,,,,,
AL,UNNAMED,1907,2,23,19070918,1800,,TD,25.5N,80.3W,30,,,,,,,,,,,,,
AL,UNNAMED,1907,2,23,19070919,0,,TD,25.9N,81.6W,30,,,,,,,,,,,,,
AL,UNNAMED,1907,2,23,19070919,600,,TS,26.3N,82.8W,35,,,,,,,,,,,,,
AL,UNNAMED,1907,2,23,19070919,1200,,TS,26.7N,84.0W,35,,,,,,,,,,,,,
AL,UNNAMED,1907,2,23,19070919,1800,,TS,27.1N,85.0W,35,,,,,,,,,,,,,
AL,UNNAMED,1907,2,23,19070920,0,,TS,27.5N,85.8W,40,,,,,,,,,,,,,
AL,UNNAMED,1907,2,23,19070920,600,,TS,27.9N,86.4W,40,,,,,,,,,,,,,
AL,UNNAMED,1907,2,23,19070920,1200,,TS,28.3N,87.0W,40,,,,,,,,,,,,,
AL,UNNAMED,1907,2,23,19070920,1800,,TS,28.7N,87.6W,40,,,,,,,,,,,,,
AL,UNNAMED,1907,2,23,19070921,0,,TS,29.1N,88.2W,40,,,,,,,,,,,,,
AL,UNNAMED,1907,2,23,19070921,600,,TS,29.5N,88.7W,40,,,,,,,,,,,,,
AL,UNNAMED,1907,2,23,19070921,1200,,TS,30.0N,89.0W,40,,,,,,,,,,,,,
AL,UNNAMED,1907,2,23,19070921,1700,L,TS,30.4N,88.9W,40,,,,,,,,,,,,,
AL,UNNAMED,1907,2,23,19070921,1800,,TS,30.5N,88.9W,35,,,,,,,,,,,,,
AL,UNNAMED,1907,2,23,19070922,0,,TS,31.0N,88.8W,35,,,,,,,,,,,,,
AL,UNNAMED,1907,2,23,19070922,600,,TS,31.5N,88.4W,35,,,,,,,,,,,,,
AL,UNNAMED,1907,2,23,19070922,1200,,TS,32.1N,87.6W,35,,,,,,,,,,,,,
AL,UNNAMED,1907,2,23,19070922,1800,,EX,32.9N,86.3W,35,,,,,,,,,,,,,
AL,UNNAMED,1907,2,23,19070923,0,,EX,33.8N,84.7W,35,,,,,,,,,,,,,
AL,UNNAMED,1907,2,23,19070923,600,,EX,34.7N,83.0W,35,,,,,,,,,,,,,
AL,UNNAMED,1907,2,23,19070923,1200,,EX,35.7N,81.3W,35,,,,,,,,,,,,,
AL,UNNAMED,1907,2,23,19070923,1800,,EX,36.8N,79.6W,30,,,,,,,,,,,,,
AL,UNNAMED,1907,3,13,19070927,600,,TS,22.3N,94.1W,35,,,,,,,,,,,,,
AL,UNNAMED,1907,3,13,19070927,1200,,TS,23.3N,93.3W,35,,,,,,,,,,,,,
AL,UNNAMED,1907,3,13,19070927,1800,,TS,24.5N,92.5W,35,,,,,,,,,,,,,
AL,UNNAMED,1907,3,13,19070928,0,,TS,25.7N,91.3W,35,,,,,,,,,,,,,
AL,UNNAMED,1907,3,13,19070928,600,,TS,27.0N,90.0W,35,,,,,,,,,,,,,
AL,UNNAMED,1907,3,13,19070928,1200,,TS,28.3N,88.5W,40,,,,,,,,,,,,,
AL,UNNAMED,1907,3,13,19070928,1800,,TS,29.6N,86.6W,45,,,,,,,,,,,,,
AL,UNNAMED,1907,3,13,19070928,2000,L,TS,30.1N,85.7W,45,,,,,,,,,,,,,
AL,UNNAMED,1907,3,13,19070929,0,,TS,30.9N,84.3W,40,,,,,,,,,,,,,
AL,UNNAMED,1907,3,13,19070929,600,,TS,31.8N,81.9W,35,,,,,,,,,,,,,
AL,UNNAMED,1907,3,13,19070929,1200,,TS,32.7N,79.0W,35,,,,,,,,,,,,,
AL,UNNAMED,1907,3,13,19070929,1800,,EX,34.0N,75.5W,30,,,,,,,,,,,,,
AL,UNNAMED,1907,3,13,19070930,0,,EX,35.5N,71.5W,30,,,,,,,,,,,,,
AL,UNNAMED,1907,4,12,19071017,600,,TS,26.3N,67.4W,45,,,,,,,,,,,,,
AL,UNNAMED,1907,4,12,19071017,1200,,TS,26.4N,66.0W,45,,,,,,,,,,,,,
AL,UNNAMED,1907,4,12,19071017,1800,,TS,26.8N,64.6W,45,,,,,,,,,,,,,
AL,UNNAMED,1907,4,12,19071018,0,,TS,27.5N,63.2W,45,,,,,,,,,,,,,
AL,UNNAMED,1907,4,12,19071018,600,,TS,28.3N,61.8W,45,,,,,,,,,,,,,
AL,UNNAMED,1907,4,12,19071018,1200,,TS,29.0N,60.5W,45,,,,,,,,,,,,,
AL,UNNAMED,1907,4,12,19071018,1800,,TS,30.4N,59.4W,45,,,,,,,,,,,,,
AL,UNNAMED,1907,4,12,19071019,0,,TS,31.7N,58.2W,45,,,,,,,,,,,,,
AL,UNNAMED,1907,4,12,19071019,600,,TS,32.8N,57.3W,45,,,,,,,,,,,,,
AL,UNNAMED,1907,4,12,19071019,1200,,TS,34.0N,56.0W,45,,,,,,,,,,,,,
AL,UNNAMED,1907,4,12,19071019,1800,,EX,35.6N,54.0W,40,,,,,,,,,,,,,
AL,UNNAMED,1907,4,12,19071020,0,,EX,37.6N,49.1W,40,,,,,,,,,,,,,
AL,UNNAMED,1907,5,28,19071106,0,,TS,31.5N,39.7W,35,,,,,,,,,,,,,
AL,UNNAMED,1907,5,28,19071106,600,,TS,30.8N,39.9W,35,,,,,,,,,,,,,
AL,UNNAMED,1907,5,28,19071106,1200,,TS,30.0N,40.0W,35,,,,,,,,,,,,,
AL,UNNAMED,1907,5,28,19071106,1800,,TS,29.5N,40.1W,35,,,,,,,,,,,,,
AL,UNNAMED,1907,5,28,19071107,0,,TS,28.9N,40.2W,35,,,,,,,,,,,,,
AL,UNNAMED,1907,5,28,19071107,600,,TS,28.2N,40.3W,35,,,,,,,,,,,,,
AL,UNNAMED,1907,5,28,19071107,1200,,TS,27.5N,40.5W,35,,,,,,,,,,,,,
AL,UNNAMED,1907,5,28,19071107,1800,,TS,27.2N,40.9W,35,,,,,,,,,,,,,
AL,UNNAMED,1907,5,28,19071108,0,,TS,26.9N,41.4W,40,,,,,,,,,,,,,
AL,UNNAMED,1907,5,28,19071108,600,,TS,26.7N,41.9W,40,,,,,,,,,,,,,
AL,UNNAMED,1907,5,28,19071108,1200,,TS,26.7N,42.5W,40,,,,,,,,,,,,,
AL,UNNAMED,1907,5,28,19071108,1800,,TS,27.2N,43.5W,40,,,,,,,,,,,,,
AL,UNNAMED,1907,5,28,19071109,0,,TS,28.1N,44.0W,40,,,,,,,,,,,,,
AL,UNNAMED,1907,5,28,19071109,600,,TS,29.1N,44.2W,40,,,,,,,,,,,,,
AL,UNNAMED,1907,5,28,19071109,1200,,TS,30.0N,44.5W,40,,,,,,,,,,,,,
AL,UNNAMED,1907,5,28,19071109,1800,,TS,30.8N,44.7W,40,,,,,,,,,,,,,
AL,UNNAMED,1907,5,28,19071110,0,,TS,31.8N,45.0W,40,,,,,,,,,,,,,
AL,UNNAMED,1907,5,28,19071110,600,,TS,32.6N,45.4W,40,,,,,,,,,,,,,
AL,UNNAMED,1907,5,28,19071110,1200,,TS,33.5N,46.0W,40,,,,,,,,,,,,,
AL,UNNAMED,1907,5,28,19071110,1800,,TS,34.1N,46.4W,40,,,,,,,,,,,,,
AL,UNNAMED,1907,5,28,19071111,0,,TS,34.7N,46.9W,40,,,,,,,,,,,,,
AL,UNNAMED,1907,5,28,19071111,600,,TS,35.4N,47.6W,40,,,,,,,,,,,,,
AL,UNNAMED,1907,5,28,19071111,1200,,TS,36.5N,48.0W,40,,,,,,,,,,,,,
AL,UNNAMED,1907,5,28,19071111,1800,,TS,37.7N,48.0W,40,,,,,,,,,,,,,
AL,UNNAMED,1907,5,28,19071112,0,,TS,38.7N,47.3W,35,,,,,,,,,,,,,
AL,UNNAMED,1907,5,28,19071112,600,,TS,39.6N,46.7W,35,,,,,,,,,,,,,
AL,UNNAMED,1907,5,28,19071112,1200,,TS,40.5N,46.0W,35,,,,,,,,,,,,,
AL,UNNAMED,1907,5,28,19071112,1800,,EX,41.7N,45.0W,35,,,,,,,,,,,,,
AL,UNNAMED,1908,1,14,19080306,1200,,TS,23.8N,60.2W,50,,,,,,,,,,,,,
AL,UNNAMED,1908,1,14,19080306,1800,,TS,22.7N,60.7W,55,,,,,,,,,,,,,
AL,UNNAMED,1908,1,14,19080307,0,,HU,21.6N,61.1W,65,,,,,,,,,,,,,
AL,UNNAMED,1908,1,14,19080307,600,,HU,20.6N,61.5W,70,,,,,,,,,,,,,
AL,UNNAMED,1908,1,14,19080307,1200,,HU,19.7N,61.9W,80,,,,,,,,,,,,,
AL,UNNAMED,1908,1,14,19080307,1800,,HU,18.8N,62.2W,85,,,,,,,,,,,,,
AL,UNNAMED,1908,1,14,19080308,0,,HU,18.0N,62.5W,85,,,,,,,,,,,,,
AL,UNNAMED,1908,1,14,19080308,600,,HU,17.3N,62.8W,70,,,,,,,,,,,,,
AL,UNNAMED,1908,1,14,19080308,1200,,HU,16.6N,63.1W,65,,,,,,,,,,,,,
AL,UNNAMED,1908,1,14,19080308,1800,,HU,16.0N,63.4W,65,,,,,,,,,,,,,
AL,UNNAMED,1908,1,14,19080309,0,,HU,15.4N,63.7W,65,,,,,,,,,,,,,
AL,UNNAMED,1908,1,14,19080309,600,,TS,14.9N,64.0W,50,,,,,,,,,,,,,
AL,UNNAMED,1908,1,14,19080309,1200,,TS,14.4N,64.2W,40,,,,,,,,,,,,,
AL,UNNAMED,1908,1,14,19080309,1800,,TS,13.8N,64.6W,35,,,,,,,,,,,,,
AL,UNNAMED,1908,2,32,19080524,1200,,TD,21.0N,71.7W,30,,,,,,,,,,,,,
AL,UNNAMED,1908,2,32,19080524,1800,,TD,21.7N,72.0W,30,,,,,,,,,,,,,
AL,UNNAMED,1908,2,32,19080525,0,,TD,22.4N,72.3W,30,,,,,,,,,,,,,
AL,UNNAMED,1908,2,32,19080525,600,,TD,23.3N,72.8W,30,,,,,,,,,,,,,
AL,UNNAMED,1908,2,32,19080525,1200,,TD,24.0N,73.5W,30,,,,,,,,,,,,,
AL,UNNAMED,1908,2,32,19080525,1800,,TD,24.7N,74.3W,30,,,,,,,,,,,,,
AL,UNNAMED,1908,2,32,19080526,0,,TS,25.4N,75.0W,35,,,,,,,,,,,,,
AL,UNNAMED,1908,2,32,19080526,600,,TS,26.0N,75.6W,35,,,,,,,,,,,,,
AL,UNNAMED,1908,2,32,19080526,1200,,TS,26.7N,76.3W,35,,,,,,,,,,,,,
AL,UNNAMED,1908,2,32,19080526,1800,,TS,27.2N,77.3W,35,,,,,,,,,,,,,
AL,UNNAMED,1908,2,32,19080527,0,,TS,27.7N,78.1W,40,,,,,,,,,,,,,
AL,UNNAMED,1908,2,32,19080527,600,,TS,28.5N,79.1W,45,,,,,,,,,,,,,
AL,UNNAMED,1908,2,32,19080527,1200,,TS,29.5N,79.5W,50,,,,,,,,,,,,,
AL,UNNAMED,1908,2,32,19080527,1800,,TS,30.1N,79.5W,55,,,,,,,,,,,,,
AL,UNNAMED,1908,2,32,19080528,0,,TS,30.6N,79.2W,60,,,,,,,,,,,,,
AL,UNNAMED,1908,2,32,19080528,600,,HU,31.2N,78.8W,65,,,,,,,,,,,,,
AL,UNNAMED,1908,2,32,19080528,1200,,HU,31.7N,78.3W,65,,,,,,,,,,,,,
AL,UNNAMED,1908,2,32,19080528,1800,,HU,32.3N,77.9W,65,,,,,,,,,,,,,
AL,UNNAMED,1908,2,32,19080529,0,,HU,32.8N,77.4W,65,,,,,,,,,,,,,
AL,UNNAMED,1908,2,32,19080529,600,,HU,33.4N,77.0W,65,,,,,,,,,,,,,
AL,UNNAMED,1908,2,32,19080529,1200,,HU,34.0N,76.5W,65,,,,,,,,,,,,,
AL,UNNAMED,1908,2,32,19080529,1800,,HU,34.8N,75.8W,65,989,,,,,,,,,,,,
AL,UNNAMED,1908,2,32,19080529,2100,L,HU,35.2N,75.6W,65,989,,,,,,,,,,,,
AL,UNNAMED,1908,2,32,19080530,0,,HU,35.6N,75.1W,65,,,,,,,,,,,,,
AL,UNNAMED,1908,2,32,19080530,600,,TS,36.3N,74.6W,60,,,,,,,,,,,,,
AL,UNNAMED,1908,2,32,19080530,1200,,TS,37.3N,74.0W,50,,,,,,,,,,,,,
AL,UNNAMED,1908,2,32,19080530,1800,,TS,39.4N,73.0W,40,,,,,,,,,,,,,
AL,UNNAMED,1908,2,32,19080530,2300,L,TS,41.3N,72.0W,35,,,,,,,,,,,,,
AL,UNNAMED,1908,2,32,19080531,0,,TS,41.8N,71.7W,35,,,,,,,,,,,,,
AL,UNNAMED,1908,2,32,19080531,600,,EX,43.8N,70.3W,35,,,,,,,,,,,,,
AL,UNNAMED,1908,2,32,19080531,1200,,EX,45.5N,69.0W,35,,,,,,,,,,,,,
AL,UNNAMED,1908,2,32,19080531,1800,,EX,46.4N,68.3W,35,,,,,,,,,,,,,
AL,UNNAMED,1908,3,43,19080724,1200,,TD,27.5N,75.0W,30,,,,,,,,,,,,,
AL,UNNAMED,1908,3,43,19080724,1800,,TD,27.8N,75.2W,30,,,,,,,,,,,,,
AL,UNNAMED,1908,3,43,19080725,0,,TD,28.1N,75.5W,30,,,,,,,,,,,,,
AL,UNNAMED,1908,3,43,19080725,600,,TD,28.4N,75.9W,30,,,,,,,,,,,,,
AL,UNNAMED,1908,3,43,19080725,1200,,TS,28.7N,76.3W,35,,,,,,,,,,,,,
AL,UNNAMED,1908,3,43,19080725,1800,,TS,28.9N,76.6W,35,,,,,,,,,,,,,
AL,UNNAMED,1908,3,43,19080726,0,,TS,29.0N,76.9W,35,,,,,,,,,,,,,
AL,UNNAMED,1908,3,43,19080726,600,,TS,29.0N,77.2W,35,,,,,,,,,,,,,
AL,UNNAMED,1908,3,43,19080726,1200,,TS,29.0N,77.5W,35,,,,,,,,,,,,,
AL,UNNAMED,1908,3,43,19080726,1800,,TS,28.9N,77.8W,35,,,,,,,,,,,,,
AL,UNNAMED,1908,3,43,19080727,0,,TS,28.7N,78.0W,35,,,,,,,,,,,,,
AL,UNNAMED,1908,3,43,19080727,600,,TS,28.3N,78.3W,35,,,,,,,,,,,,,
AL,UNNAMED,1908,3,43,19080727,1200,,TS,27.7N,78.5W,35,,,,,,,,,,,,,
AL,UNNAMED,1908,3,43,19080727,1800,,TS,27.3N,78.3W,35,,,,,,,,,,,,,
AL,UNNAMED,1908,3,43,19080728,0,,TS,27.1N,77.7W,40,,,,,,,,,,,,,
AL,UNNAMED,1908,3,43,19080728,600,,TS,27.1N,77.2W,55,,,,,,,,,,,,,
AL,UNNAMED,1908,3,43,19080728,1200,,TS,27.3N,77.0W,60,,,,,,,,,,,,,
AL,UNNAMED,1908,3,43,19080728,1800,,TS,27.7N,77.0W,60,,,,,,,,,,,,,
AL,UNNAMED,1908,3,43,19080729,0,,TS,28.0N,77.5W,60,,,,,,,,,,,,,
AL,UNNAMED,1908,3,43,19080729,600,,TS,28.2N,77.9W,60,,,,,,,,,,,,,
AL,UNNAMED,1908,3,43,19080729,1200,,TS,28.5N,78.0W,60,,,,,,,,,,,,,
AL,UNNAMED,1908,3,43,19080729,1800,,TS,29.4N,78.3W,60,,,,,,,,,,,,,
AL,UNNAMED,1908,3,43,19080730,0,,HU,30.4N,78.3W,65,,,,,,,,,,,,,
AL,UNNAMED,1908,3,43,19080730,600,,HU,31.4N,78.2W,70,,,,,,,,,,,,,
AL,UNNAMED,1908,3,43,19080730,1200,,HU,32.5N,78.0W,70,,,,,,,,,,,,,
AL,UNNAMED,1908,3,43,19080730,1800,,HU,33.1N,77.9W,70,,,,,,,,,,,,,
AL,UNNAMED,1908,3,43,19080731,0,,HU,33.7N,77.6W,70,,,,,,,,,,,,,
AL,UNNAMED,1908,3,43,19080731,600,,HU,34.2N,77.4W,70,,,,,,,,,,,,,
AL,UNNAMED,1908,3,43,19080731,1100,L,HU,34.6N,77.1W,70,,,,,,,,,,,,,
AL,UNNAMED,1908,3,43,19080731,1200,,HU,34.7N,77.0W,70,,,,,,,,,,,,,
AL,UNNAMED,1908,3,43,19080731,1800,,TS,35.2N,75.8W,60,,,,,,,,,,,,,
AL,UNNAMED,1908,3,43,19080801,0,,TS,35.6N,74.1W,60,,,,,,,,,,,,,
AL,UNNAMED,1908,3,43,19080801,600,,TS,36.1N,72.8W,60,,,,,,,,,,,,,
AL,UNNAMED,1908,3,43,19080801,1200,,TS,36.5N,71.7W,60,,,,,,,,,,,,,
AL,UNNAMED,1908,3,43,19080801,1800,,TS,37.2N,70.0W,60,,,,,,,,,,,,,
AL,UNNAMED,1908,3,43,19080802,0,,TS,37.8N,68.5W,60,,,,,,,,,,,,,
AL,UNNAMED,1908,3,43,19080802,600,,TS,38.7N,66.9W,60,,,,,,,,,,,,,
AL,UNNAMED,1908,3,43,19080802,1200,,TS,40.0N,65.5W,60,,,,,,,,,,,,,
AL,UNNAMED,1908,3,43,19080802,1800,,EX,41.7N,63.0W,60,,,,,,,,,,,,,
AL,UNNAMED,1908,3,43,19080803,0,,EX,44.0N,60.6W,60,,,,,,,,,,,,,
AL,UNNAMED,1908,3,43,19080803,600,,EX,46.3N,58.5W,55,,,,,,,,,,,,,
AL,UNNAMED,1908,3,43,19080803,1200,,EX,48.5N,56.5W,50,,,,,,,,,,,,,
AL,UNNAMED,1908,3,43,19080803,1800,,EX,50.6N,54.3W,50,,,,,,,,,,,,,
AL,UNNAMED,1908,4,25,19080729,0,,TD,29.6N,94.0W,30,,,,,,,,,,,,,
AL,UNNAMED,1908,4,25,19080729,600,,TD,29.3N,93.5W,30,,,,,,,,,,,,,
AL,UNNAMED,1908,4,25,19080729,1200,,TS,29.0N,93.0W,35,,,,,,,,,,,,,
AL,UNNAMED,1908,4,25,19080729,1800,,TS,28.7N,92.5W,40,,,,,,,,,,,,,
AL,UNNAMED,1908,4,25,19080730,0,,TS,28.4N,92.0W,45,,,,,,,,,,,,,
AL,UNNAMED,1908,4,25,19080730,600,,TS,28.1N,91.7W,50,,,,,,,,,,,,,
AL,UNNAMED,1908,4,25,19080730,1200,,TS,28.0N,91.5W,50,,,,,,,,,,,,,
AL,UNNAMED,1908,4,25,19080730,1800,,TS,28.1N,91.4W,50,,,,,,,,,,,,,
AL,UNNAMED,1908,4,25,19080731,0,,TS,28.3N,91.3W,50,,,,,,,,,,,,,
AL,UNNAMED,1908,4,25,19080731,600,,TS,28.6N,91.4W,50,,,,,,,,,,,,,
AL,UNNAMED,1908,4,25,19080731,1200,,TS,29.0N,91.5W,50,,,,,,,,,,,,,
AL,UNNAMED,1908,4,25,19080731,1800,,TS,29.3N,91.7W,50,,,,,,,,,,,,,
AL,UNNAMED,1908,4,25,19080731,2200,L,TS,29.5N,91.9W,50,,,,,,,,,,,,,
AL,UNNAMED,1908,4,25,19080801,0,,TS,29.7N,92.1W,40,,,,,,,,,,,,,
AL,UNNAMED,1908,4,25,19080801,600,,TS,30.1N,92.7W,35,,,,,,,,,,,,,
AL,UNNAMED,1908,4,25,19080801,1200,,TS,30.5N,93.0W,35,,,,,,,,,,,,,
AL,UNNAMED,1908,4,25,19080801,1800,,TS,30.9N,93.1W,35,,,,,,,,,,,,,
AL,UNNAMED,1908,4,25,19080802,0,,TD,31.2N,92.9W,30,,,,,,,,,,,,,
AL,UNNAMED,1908,4,25,19080802,600,,TD,31.6N,92.5W,30,,,,,,,,,,,,,
AL,UNNAMED,1908,4,25,19080802,1200,,TD,32.0N,92.0W,30,,,,,,,,,,,,,
AL,UNNAMED,1908,4,25,19080802,1800,,TD,32.4N,91.5W,30,,,,,,,,,,,,,
AL,UNNAMED,1908,4,25,19080803,0,,TD,32.8N,91.1W,25,,,,,,,,,,,,,
AL,UNNAMED,1908,4,25,19080803,600,,TD,33.1N,90.8W,25,,,,,,,,,,,,,
AL,UNNAMED,1908,4,25,19080803,1200,,TD,33.5N,90.5W,25,,,,,,,,,,,,,
AL,UNNAMED,1908,4,25,19080803,1800,,TD,34.0N,90.2W,25,,,,,,,,,,,,,
AL,UNNAMED,1908,5,15,19080830,1200,,TS,33.0N,72.5W,35,,,,,,,,,,,,,
AL,UNNAMED,1908,5,15,19080830,1800,,TS,33.0N,73.2W,35,,,,,,,,,,,,,
AL,UNNAMED,1908,5,15,19080831,0,,TS,33.0N,74.1W,35,,,,,,,,,,,,,
AL,UNNAMED,1908,5,15,19080831,600,,TS,33.0N,75.0W,40,,,,,,,,,,,,,
AL,UNNAMED,1908,5,15,19080831,1200,,TS,33.0N,76.0W,40,,,,,,,,,,,,,
AL,UNNAMED,1908,5,15,19080831,1800,,TS,33.2N,76.5W,40,,,,,,,,,,,,,
AL,UNNAMED,1908,5,15,19080901,0,,TS,33.8N,76.8W,45,,,,,,,,,,,,,
AL,UNNAMED,1908,5,15,19080901,600,,TS,34.4N,76.7W,45,,,,,,,,,,,,,
AL,UNNAMED,1908,5,15,19080901,800,L,TS,34.6N,76.6W,45,,,,,,,,,,,,,
AL,UNNAMED,1908,5,15,19080901,1200,,TS,35.0N,76.3W,45,,,,,,,,,,,,,
AL,UNNAMED,1908,5,15,19080901,1800,,TS,36.1N,75.0W,45,,,,,,,,,,,,,
AL,UNNAMED,1908,5,15,19080902,0,,TS,37.2N,73.6W,40,,,,,,,,,,,,,
AL,UNNAMED,1908,5,15,19080902,600,,TS,38.2N,72.3W,40,,,,,,,,,,,,,
AL,UNNAMED,1908,5,15,19080902,1200,,TS,39.0N,70.7W,35,,,,,,,,,,,,,
AL,UNNAMED,1908,5,15,19080902,1800,,EX,39.8N,68.2W,25,,,,,,,,,,,,,
AL,UNNAMED,1908,6,50,19080907,1200,,TS,15.4N,51.7W,40,,,,,,,,,,,,,
AL,UNNAMED,1908,6,50,19080907,1800,,TS,15.9N,52.8W,40,,,,,,,,,,,,,
AL,UNNAMED,1908,6,50,19080908,0,,TS,16.3N,53.8W,40,,,,,,,,,,,,,
AL,UNNAMED,1908,6,50,19080908,600,,TS,16.7N,54.8W,40,,,,,,,,,,,,,
AL,UNNAMED,1908,6,50,19080908,1200,,TS,17.0N,55.8W,45,,,,,,,,,,,,,
AL,UNNAMED,1908,6,50,19080908,1800,,TS,17.2N,56.6W,45,,,,,,,,,,,,,
AL,UNNAMED,1908,6,50,19080909,0,,TS,17.4N,57.3W,45,,,,,,,,,,,,,
AL,UNNAMED,1908,6,50,19080909,600,,TS,17.6N,58.0W,50,,,,,,,,,,,,,
AL,UNNAMED,1908,6,50,19080909,1200,,TS,18.0N,59.5W,55,,,,,,,,,,,,,
AL,UNNAMED,1908,6,50,19080909,1800,,TS,18.3N,60.5W,55,,,,,,,,,,,,,
AL,UNNAMED,1908,6,50,19080910,0,,TS,18.7N,63.0W,60,,,,,,,,,,,,,
AL,UNNAMED,1908,6,50,19080910,600,,TS,19.0N,65.0W,60,,,,,,,,,,,,,
AL,UNNAMED,1908,6,50,19080910,1200,,TS,19.4N,66.8W,60,,,,,,,,,,,,,
AL,UNNAMED,1908,6,50,19080910,1800,,TS,19.7N,68.0W,60,,,,,,,,,,,,,
AL,UNNAMED,1908,6,50,19080911,0,,TS,19.8N,69.2W,60,,,,,,,,,,,,,
AL,UNNAMED,1908,6,50,19080911,600,,HU,20.1N,70.7W,65,,,,,,,,,,,,,
AL,UNNAMED,1908,6,50,19080911,1200,,HU,20.5N,72.0W,75,,,,,,,,,,,,,
AL,UNNAMED,1908,6,50,19080911,1800,,HU,21.0N,72.9W,85,,,,,,,,,,,,,
AL,UNNAMED,1908,6,50,19080912,0,,HU,21.5N,73.7W,95,,,,,,,,,,,,,
AL,UNNAMED,1908,6,50,19080912,600,,HU,21.9N,74.3W,95,,,,,,,,,,,,,
AL,UNNAMED,1908,6,50,19080912,1200,,HU,22.5N,75.0W,100,,,,,,,,,,,,,
AL,UNNAMED,1908,6,50,19080912,1800,,HU,22.9N,75.5W,100,,,,,,,,,,,,,
AL,UNNAMED,1908,6,50,19080913,0,,HU,23.2N,75.8W,105,,,,,,,,,,,,,
AL,UNNAMED,1908,6,50,19080913,600,,HU,23.8N,76.1W,105,,,,,,,,,,,,,
AL,UNNAMED,1908,6,50,19080913,1200,,HU,24.5N,76.1W,105,,,,,,,,,,,,,
AL,UNNAMED,1908,6,50,19080913,1800,,HU,25.1N,75.9W,105,,,,,,,,,,,,,
AL,UNNAMED,1908,6,50,19080914,0,,HU,25.7N,75.5W,105,,,,,,,,,,,,,
AL,UNNAMED,1908,6,50,19080914,600,,HU,26.2N,75.1W,105,,,,,,,,,,,,,
AL,UNNAMED,1908,6,50,19080914,1200,,HU,26.7N,74.5W,105,,,,,,,,,,,,,
AL,UNNAMED,1908,6,50,19080914,1800,,HU,27.5N,73.6W,100,,,,,,,,,,,,,
AL,UNNAMED,1908,6,50,19080915,0,,HU,28.4N,72.6W,100,,,,,,,,,,,,,
AL,UNNAMED,1908,6,50,19080915,600,,HU,29.1N,71.8W,95,,,,,,,,,,,,,
AL,UNNAMED,1908,6,50,19080915,1200,,HU,30.0N,71.0W,90,,,,,,,,,,,,,
AL,UNNAMED,1908,6,50,19080915,1800,,HU,30.8N,70.2W,85,,,,,,,,,,,,,
AL,UNNAMED,1908,6,50,19080916,0,,HU,31.6N,69.4W,85,,,,,,,,,,,,,
AL,UNNAMED,1908,6,50,19080916,600,,HU,32.5N,68.6W,80,,,,,,,,,,,,,
AL,UNNAMED,1908,6,50,19080916,1200,,HU,33.8N,67.7W,80,,,,,,,,,,,,,
AL,UNNAMED,1908,6,50,19080916,1800,,HU,35.1N,67.2W,75,,,,,,,,,,,,,
AL,UNNAMED,1908,6,50,19080917,0,,HU,36.3N,66.8W,75,,,,,,,,,,,,,
AL,UNNAMED,1908,6,50,19080917,600,,HU,37.8N,66.0W,70,,,,,,,,,,,,,
AL,UNNAMED,1908,6,50,19080917,1200,,HU,39.3N,65.0W,70,,,,,,,,,,,,,
AL,UNNAMED,1908,6,50,19080917,1800,,HU,40.4N,63.9W,70,,,,,,,,,,,,,
AL,UNNAMED,1908,6,50,19080918,0,,HU,41.1N,62.9W,70,,,,,,,,,,,,,
AL,UNNAMED,1908,6,50,19080918,600,,HU,41.9N,61.8W,70,,,,,,,,,,,,,
AL,UNNAMED,1908,6,50,19080918,1200,,HU,43.0N,60.0W,70,,,,,,,,,,,,,
AL,UNNAMED,1908,6,50,19080918,1800,,TS,45.4N,57.0W,60,,,,,,,,,,,,,
AL,UNNAMED,1908,6,50,19080919,0,,EX,48.6N,53.0W,55,,,,,,,,,,,,,
AL,UNNAMED,1908,6,50,19080919,600,,EX,51.5N,49.6W,55,,,,,,,,,,,,,
AL,UNNAMED,1908,6,50,19080919,1200,,EX,54.0N,46.5W,50,,,,,,,,,,,,,
AL,UNNAMED,1908,6,50,19080919,1800,,EX,56.2N,43.8W,50,,,,,,,,,,,,,
AL,UNNAMED,1908,7,10,19080916,1200,,TS,24.7N,90.5W,40,,,,,,,,,,,,,
AL,UNNAMED,1908,7,10,19080916,1800,,TS,25.1N,91.1W,40,,,,,,,,,,,,,
AL,UNNAMED,1908,7,10,19080917,0,,TS,25.6N,91.7W,45,,,,,,,,,,,,,
AL,UNNAMED,1908,7,10,19080917,600,,TS,26.0N,92.1W,45,,,,,,,,,,,,,
AL,UNNAMED,1908,7,10,19080917,1200,,TS,26.5N,92.6W,50,,,,,,,,,,,,,
AL,UNNAMED,1908,7,10,19080917,1800,,TS,27.0N,93.1W,55,,,,,,,,,,,,,
AL,UNNAMED,1908,7,10,19080918,0,,TS,27.4N,93.4W,60,,,,,,,,,,,,,
AL,UNNAMED,1908,7,10,19080918,600,,TS,27.9N,93.8W,55,,,,,,,,,,,,,
AL,UNNAMED,1908,7,10,19080918,1200,,TS,28.3N,93.8W,35,,,,,,,,,,,,,
AL,UNNAMED,1908,7,10,19080918,1800,,TD,28.7N,93.4W,25,,,,,,,,,,,,,
AL,UNNAMED,1908,8,66,19080921,1200,,TS,12.5N,46.0W,35,,,,,,,,,,,,,
AL,UNNAMED,1908,8,66,19080921,1800,,TS,12.7N,47.2W,35,,,,,,,,,,,,,
AL,UNNAMED,1908,8,66,19080922,0,,TS,12.9N,48.3W,35,,,,,,,,,,,,,
AL,UNNAMED,1908,8,66,19080922,600,,TS,13.2N,49.5W,35,,,,,,,,,,,,,
AL,UNNAMED,1908,8,66,19080922,1200,,TS,13.5N,50.7W,35,,,,,,,,,,,,,
AL,UNNAMED,1908,8,66,19080922,1800,,TS,13.8N,51.8W,35,,,,,,,,,,,,,
AL,UNNAMED,1908,8,66,19080923,0,,TS,13.9N,53.0W,35,,,,,,,,,,,,,
AL,UNNAMED,1908,8,66,19080923,600,,TS,14.0N,54.2W,35,,,,,,,,,,,,,
AL,UNNAMED,1908,8,66,19080923,1200,,TS,14.3N,55.3W,40,,,,,,,,,,,,,
AL,UNNAMED,1908,8,66,19080923,1800,,TS,14.5N,56.3W,40,,,,,,,,,,,,,
AL,UNNAMED,1908,8,66,19080924,0,,TS,14.8N,57.2W,40,,,,,,,,,,,,,
AL,UNNAMED,1908,8,66,19080924,600,,TS,15.0N,57.9W,40,,,,,,,,,,,,,
AL,UNNAMED,1908,8,66,19080924,1200,,TS,15.3N,58.7W,45,,,,,,,,,,,,,
AL,UNNAMED,1908,8,66,19080924,1800,,TS,15.5N,59.4W,50,,,,,,,,,,,,,
AL,UNNAMED,1908,8,66,19080925,0,,TS,15.7N,60.3W,55,,,,,,,,,,,,,
AL,UNNAMED,1908,8,66,19080925,600,,TS,15.8N,61.0W,60,,,,,,,,,,,,,
AL,UNNAMED,1908,8,66,19080925,1200,,HU,16.0N,61.7W,65,,,,,,,,,,,,,
AL,UNNAMED,1908,8,66,19080925,1800,,HU,16.2N,62.7W,70,,,,,,,,,,,,,
AL,UNNAMED,1908,8,66,19080926,0,,HU,16.4N,64.1W,75,,,,,,,,,,,,,
AL,UNNAMED,1908,8,66,19080926,600,,HU,16.5N,65.1W,75,,,,,,,,,,,,,
AL,UNNAMED,1908,8,66,19080926,1200,,HU,16.5N,66.3W,75,,,,,,,,,,,,,
AL,UNNAMED,1908,8,66,19080926,1800,,HU,16.5N,67.4W,75,,,,,,,,,,,,,
AL,UNNAMED,1908,8,66,19080927,0,,HU,16.7N,68.5W,75,,,,,,,,,,,,,
AL,UNNAMED,1908,8,66,19080927,600,,HU,16.8N,69.5W,75,,,,,,,,,,,,,
AL,UNNAMED,1908,8,66,19080927,1200,,HU,17.0N,70.5W,75,,,,,,,,,,,,,
AL,UNNAMED,1908,8,66,19080927,1800,,HU,17.3N,71.1W,75,,,,,,,,,,,,,
AL,UNNAMED,1908,8,66,19080928,0,,HU,17.6N,71.6W,70,,,,,,,,,,,,,
AL,UNNAMED,1908,8,66,19080928,600,,HU,18.1N,72.2W,70,,,,,,,,,,,,,
AL,UNNAMED,1908,8,66,19080928,1200,,HU,18.5N,72.7W,65,,,,,,,,,,,,,
AL,UNNAMED,1908,8,66,19080928,1800,,TS,18.7N,73.1W,60,,,,,,,,,,,,,
AL,UNNAMED,1908,8,66,19080929,0,,HU,19.1N,73.7W,65,,,,,,,,,,,,,
AL,UNNAMED,1908,8,66,19080929,600,,HU,19.7N,74.2W,70,,,,,,,,,,,,,
AL,UNNAMED,1908,8,66,19080929,1200,,HU,20.0N,74.5W,75,,,,,,,,,,,,,
AL,UNNAMED,1908,8,66,19080929,1800,,HU,20.4N,75.0W,65,,,,,,,,,,,,,
AL,UNNAMED,1908,8,66,19080930,0,,HU,21.0N,75.4W,70,,,,,,,,,,,,,
AL,UNNAMED,1908,8,66,19080930,600,,HU,21.4N,75.9W,75,,,,,,,,,,,,,
AL,UNNAMED,1908,8,66,19080930,1200,,HU,22.0N,76.3W,80,,,,,,,,,,,,,
AL,UNNAMED,1908,8,66,19080930,1800,,HU,22.5N,76.7W,85,,,,,,,,,,,,,
AL,UNNAMED,1908,8,66,19081001,0,,HU,23.2N,77.2W,90,,,,,,,,,,,,,
AL,UNNAMED,1908,8,66,19081001,600,,HU,23.9N,77.7W,95,,,,,,,,,,,,,
AL,UNNAMED,1908,8,66,19081001,1200,,HU,24.7N,78.0W,95,,,,,,,,,,,,,
AL,UNNAMED,1908,8,66,19081001,1800,,HU,25.9N,77.8W,95,,,,,,,,,,,,,
AL,UNNAMED,1908,8,66,19081002,0,,HU,26.8N,76.5W,95,,,,,,,,,,,,,
AL,UNNAMED,1908,8,66,19081002,600,,HU,27.5N,74.6W,95,,,,,,,,,,,,,
AL,UNNAMED,1908,8,66,19081002,1200,,HU,28.0N,73.0W,95,,,,,,,,,,,,,
AL,UNNAMED,1908,8,66,19081002,1800,,HU,28.4N,72.1W,95,,,,,,,,,,,,,
AL,UNNAMED,1908,8,66,19081003,0,,HU,28.7N,71.6W,95,,,,,,,,,,,,,
AL,UNNAMED,1908,8,66,19081003,600,,HU,29.3N,71.1W,90,,,,,,,,,,,,,
AL,UNNAMED,1908,8,66,19081003,1200,,HU,30.0N,71.5W,85,,,,,,,,,,,,,
AL,UNNAMED,1908,8,66,19081003,1800,,HU,29.7N,72.0W,80,,,,,,,,,,,,,
AL,UNNAMED,1908,8,66,19081004,0,,HU,29.2N,72.1W,75,,,,,,,,,,,,,
AL,UNNAMED,1908,8,66,19081004,600,,HU,28.8N,71.6W,70,,,,,,,,,,,,,
AL,UNNAMED,1908,8,66,19081004,1200,,HU,28.5N,71.0W,70,,,,,,,,,,,,,
AL,UNNAMED,1908,8,66,19081004,1800,,HU,29.0N,70.0W,70,,,,,,,,,,,,,
AL,UNNAMED,1908,8,66,19081005,0,,HU,29.7N,69.2W,70,,,,,,,,,,,,,
AL,UNNAMED,1908,8,66,19081005,600,,HU,30.1N,68.4W,70,,,,,,,,,,,,,
AL,UNNAMED,1908,8,66,19081005,1200,,HU,30.5N,67.5W,70,,,,,,,,,,,,,
AL,UNNAMED,1908,8,66,19081005,1800,,HU,30.8N,66.2W,70,,,,,,,,,,,,,
AL,UNNAMED,1908,8,66,19081006,0,,HU,31.1N,65.0W,70,,,,,,,,,,,,,
AL,UNNAMED,1908,8,66,19081006,600,,HU,31.3N,63.8W,70,,,,,,,,,,,,,
AL,UNNAMED,1908,8,66,19081006,1200,,HU,31.5N,62.7W,65,,,,,,,,,,,,,
AL,UNNAMED,1908,8,66,19081006,1800,,TS,31.8N,61.3W,55,,,,,,,,,,,,,
AL,UNNAMED,1908,8,66,19081007,0,,TS,32.0N,60.0W,45,,,,,,,,,,,,,
AL,UNNAMED,1908,8,66,19081007,600,,EX,32.3N,58.7W,40,,,,,,,,,,,,,
AL,UNNAMED,1908,8,66,19081007,1200,,EX,32.5N,57.5W,40,,,,,,,,,,,,,
AL,UNNAMED,1908,8,66,19081007,1800,,EX,32.8N,56.1W,40,,,,,,,,,,,,,
AL,UNNAMED,1908,9,20,19081014,1200,,TD,11.7N,78.5W,30,,,,,,,,,,,,,
AL,UNNAMED,1908,9,20,19081014,1800,,TD,11.7N,78.8W,30,,,,,,,,,,,,,
AL,UNNAMED,1908,9,20,19081015,0,,TS,11.7N,79.2W,35,,,,,,,,,,,,,
AL,UNNAMED,1908,9,20,19081015,600,,TS,11.7N,79.6W,40,,,,,,,,,,,,,
AL,UNNAMED,1908,9,20,19081015,1200,,TS,11.7N,80.0W,45,,,,,,,,,,,,,
AL,UNNAMED,1908,9,20,19081015,1800,,TS,11.7N,80.3W,45,,,,,,,,,,,,,
AL,UNNAMED,1908,9,20,19081016,0,,TS,11.8N,80.7W,50,,,,,,,,,,,,,
AL,UNNAMED,1908,9,20,19081016,600,,TS,11.9N,81.1W,60,,,,,,,,,,,,,
AL,UNNAMED,1908,9,20,19081016,1200,,HU,12.0N,81.5W,65,,,,,,,,,,,,,
AL,UNNAMED,1908,9,20,19081016,1800,,HU,12.1N,81.8W,70,,,,,,,,,,,,,
AL,UNNAMED,1908,9,20,19081017,0,,HU,12.2N,82.1W,75,,,,,,,,,,,,,
AL,UNNAMED,1908,9,20,19081017,600,,HU,12.3N,82.4W,80,,,,,,,,,,,,,
AL,UNNAMED,1908,9,20,19081017,1200,,HU,12.5N,82.7W,85,,,,,,,,,,,,,
AL,UNNAMED,1908,9,20,19081017,1800,,HU,12.6N,83.0W,90,,,,,,,,,,,,,
AL,UNNAMED,1908,9,20,19081018,0,,HU,12.7N,83.4W,90,,,,,,,,,,,,,
AL,UNNAMED,1908,9,20,19081018,600,,HU,12.8N,83.7W,65,,,,,,,,,,,,,
AL,UNNAMED,1908,9,20,19081018,1200,,TS,13.0N,84.0W,50,,,,,,,,,,,,,
AL,UNNAMED,1908,9,20,19081018,1800,,TS,13.3N,84.3W,35,,,,,,,,,,,,,
AL,UNNAMED,1908,9,20,19081019,0,,TD,13.8N,84.8W,30,,,,,,,,,,,,,
AL,UNNAMED,1908,9,20,19081019,600,,TD,14.5N,85.5W,25,,,,,,,,,,,,,
AL,UNNAMED,1908,10,18,19081019,1200,,EX,35.0N,72.0W,35,,,,,,,,,,,,,
AL,UNNAMED,1908,10,18,19081019,1800,,EX,34.3N,71.5W,35,,,,,,,,,,,,,
AL,UNNAMED,1908,10,18,19081020,0,,EX,33.7N,71.0W,35,,,,,,,,,,,,,
AL,UNNAMED,1908,10,18,19081020,600,,EX,33.1N,70.5W,35,,,,,,,,,,,,,
AL,UNNAMED,1908,10,18,19081020,1200,,TS,32.5N,69.7W,35,,,,,,,,,,,,,
AL,UNNAMED,1908,10,18,19081020,1800,,TS,31.7N,68.6W,35,,,,,,,,,,,,,
AL,UNNAMED,1908,10,18,19081021,0,,TS,30.7N,67.3W,35,,,,,,,,,,,,,
AL,UNNAMED,1908,10,18,19081021,600,,TS,29.6N,66.3W,35,,,,,,,,,,,,,
AL,UNNAMED,1908,10,18,19081021,1200,,TS,28.5N,66.0W,35,,,,,,,,,,,,,
AL,UNNAMED,1908,10,18,19081021,1800,,TS,27.5N,67.6W,35,,,,,,,,,,,,,
AL,UNNAMED,1908,10,18,19081022,0,,TS,27.4N,69.9W,35,,,,,,,,,,,,,
AL,UNNAMED,1908,10,18,19081022,600,,TS,28.2N,72.1W,35,,,,,,,,,,,,,
AL,UNNAMED,1908,10,18,19081022,1200,,TS,29.0N,74.0W,35,,,,,,,,,,,,,
AL,UNNAMED,1908,10,18,19081022,1800,,TS,30.3N,75.4W,35,,,,,,,,,,,,,
AL,UNNAMED,1908,10,18,19081023,0,,TS,31.4N,76.6W,35,,,,,,,,,,,,,
AL,UNNAMED,1908,10,18,19081023,600,,EX,32.4N,78.2W,35,,,,,,,,,,,,,
AL,UNNAMED,1908,10,18,19081023,1200,,EX,33.4N,79.7W,35,,,,,,,,,,,,,
AL,UNNAMED,1908,10,18,19081023,1800,,EX,34.2N,81.0W,30,,,,,,,,,,,,,
AL,UNNAMED,1909,1,20,19090615,0,,TD,10.6N,82.5W,30,,,,,,,,,,,,,
AL,UNNAMED,1909,1,20,19090615,600,,TD,10.8N,82.5W,30,,,,,,,,,,,,,
AL,UNNAMED,1909,1,20,19090615,1200,,TS,11.0N,82.5W,35,,,,,,,,,,,,,
AL,UNNAMED,1909,1,20,19090615,1800,,TS,11.2N,82.5W,35,,,,,,,,,,,,,
AL,UNNAMED,1909,1,20,19090616,0,,TS,11.5N,82.5W,40,,,,,,,,,,,,,
AL,UNNAMED,1909,1,20,19090616,600,,TS,11.7N,82.5W,40,,,,,,,,,,,,,
AL,UNNAMED,1909,1,20,19090616,1200,,TS,12.0N,82.5W,40,,,,,,,,,,,,,
AL,UNNAMED,1909,1,20,19090616,1800,,TS,12.2N,82.5W,40,,,,,,,,,,,,,
AL,UNNAMED,1909,1,20,19090617,0,,TS,12.4N,82.5W,40,,,,,,,,,,,,,
AL,UNNAMED,1909,1,20,19090617,600,,TS,12.6N,82.5W,40,,,,,,,,,,,,,
AL,UNNAMED,1909,1,20,19090617,1200,,TS,12.8N,82.5W,40,,,,,,,,,,,,,
AL,UNNAMED,1909,1,20,19090617,1800,,TS,13.0N,82.5W,40,,,,,,,,,,,,,
AL,UNNAMED,1909,1,20,19090618,0,,TS,13.2N,82.6W,40,,,,,,,,,,,,,
AL,UNNAMED,1909,1,20,19090618,600,,TS,13.4N,82.7W,40,,,,,,,,,,,,,
AL,UNNAMED,1909,1,20,19090618,1200,,TS,13.5N,82.8W,40,,,,,,,,,,,,,
AL,UNNAMED,1909,1,20,19090618,1800,,TS,13.7N,83.0W,40,,,,,,,,,,,,,
AL,UNNAMED,1909,1,20,19090619,0,,TS,13.8N,83.3W,40,,,,,,,,,,,,,
AL,UNNAMED,1909,1,20,19090619,600,,TS,13.9N,83.6W,35,,,,,,,,,,,,,
AL,UNNAMED,1909,1,20,19090619,1200,,TD,14.0N,84.0W,30,,,,,,,,,,,,,
AL,UNNAMED,1909,1,20,19090619,1800,,TD,14.0N,84.5W,25,,,,,,,,,,,,,
AL,UNNAMED,1909,2,22,19090625,1200,,TS,25.0N,84.0W,35,,,,,,,,,,,,,
AL,UNNAMED,1909,2,22,19090625,1800,,TS,25.5N,84.7W,35,,,,,,,,,,,,,
AL,UNNAMED,1909,2,22,19090626,0,,TS,25.9N,85.5W,35,,,,,,,,,,,,,
AL,UNNAMED,1909,2,22,19090626,600,,TS,26.3N,86.2W,35,,,,,,,,,,,,,
AL,UNNAMED,1909,2,22,19090626,1200,,TS,26.7N,87.0W,40,,,,,,,,,,,,,
AL,UNNAMED,1909,2,22,19090626,1800,,TS,26.7N,87.7W,40,,,,,,,,,,,,,
AL,UNNAMED,1909,2,22,19090627,0,,TS,26.6N,88.5W,45,,,,,,,,,,,,,
AL,UNNAMED,1909,2,22,19090627,600,,TS,26.6N,89.3W,45,,,,,,,,,,,,,
AL,UNNAMED,1909,2,22,19090627,1200,,TS,26.5N,90.1W,50,,,,,,,,,,,,,
AL,UNNAMED,1909,2,22,19090627,1800,,TS,26.5N,90.9W,50,,,,,,,,,,,,,
AL,UNNAMED,1909,2,22,19090628,0,,TS,26.4N,91.7W,50,,,,,,,,,,,,,
AL,UNNAMED,1909,2,22,19090628,600,,TS,26.4N,92.5W,50,,,,,,,,,,,,,
AL,UNNAMED,1909,2,22,19090628,1200,,TS,26.3N,93.3W,50,,,,,,,,,,,,,
AL,UNNAMED,1909,2,22,19090628,1800,,TS,26.3N,94.1W,55,,,,,,,,,,,,,
AL,UNNAMED,1909,2,22,19090629,0,,HU,26.2N,94.9W,65,,,,,,,,,,,,,
AL,UNNAMED,1909,2,22,19090629,600,,HU,26.2N,95.7W,75,,,,,,,,,,,,,
AL,UNNAMED,1909,2,22,19090629,1200,,HU,26.1N,96.5W,85,,,,,,,,,,,,,
AL,UNNAMED,1909,2,22,19090629,1700,L,HU,26.1N,97.2W,85,972,,,,,,,,,,,,
AL,UNNAMED,1909,2,22,19090629,1800,,HU,26.1N,97.3W,85,972,,,,,,,,,,,,
AL,UNNAMED,1909,2,22,19090630,0,,TS,26.0N,98.0W,50,,,,,,,,,,,,,
AL,UNNAMED,1909,2,22,19090630,600,,TS,26.0N,98.6W,35,,,,,,,,,,,,,
AL,UNNAMED,1909,2,22,19090630,1200,,TD,26.0N,99.0W,30,,,,,,,,,,,,,
AL,UNNAMED,1909,3,36,19090626,1200,,TD,21.0N,72.0W,30,,,,,,,,,,,,,
AL,UNNAMED,1909,3,36,19090626,1800,,TD,21.2N,73.1W,30,,,,,,,,,,,,,
AL,UNNAMED,1909,3,36,19090627,0,,TD,21.4N,74.1W,30,,,,,,,,,,,,,
AL,UNNAMED,1909,3,36,19090627,600,,TD,21.7N,75.1W,30,,,,,,,,,,,,,
AL,UNNAMED,1909,3,36,19090627,1200,,TS,22.0N,76.0W,35,,,,,,,,,,,,,
AL,UNNAMED,1909,3,36,19090627,1800,,TS,22.7N,76.9W,35,,,,,,,,,,,,,
AL,UNNAMED,1909,3,36,19090628,0,,TS,23.4N,77.6W,35,,,,,,,,,,,,,
AL,UNNAMED,1909,3,36,19090628,600,,TS,24.2N,78.5W,40,,,,,,,,,,,,,
AL,UNNAMED,1909,3,36,19090628,1200,,TS,25.0N,79.3W,45,,,,,,,,,,,,,
AL,UNNAMED,1909,3,36,19090628,1800,,TS,25.8N,79.9W,45,,,,,,,,,,,,,
AL,UNNAMED,1909,3,36,19090628,2000,L,TS,26.0N,80.1W,45,,,,,,,,,,,,,
AL,UNNAMED,1909,3,36,19090629,0,,TS,26.5N,80.5W,40,,,,,,,,,,,,,
AL,UNNAMED,1909,3,36,19090629,600,,TS,27.3N,81.1W,35,,,,,,,,,,,,,
AL,UNNAMED,1909,3,36,19090629,1200,,TS,28.0N,81.7W,35,,,,,,,,,,,,,
AL,UNNAMED,1909,3,36,19090629,1800,,TS,28.4N,82.2W,35,,,,,,,,,,,,,
AL,UNNAMED,1909,3,36,19090630,0,,TS,29.0N,82.9W,35,,,,,,,,,,,,,
AL,UNNAMED,1909,3,36,19090630,600,,TS,29.5N,83.4W,35,,,,,,,,,,,,,
AL,UNNAMED,1909,3,36,19090630,1200,,TS,30.0N,84.0W,35,,,,,,,,,,,,,
AL,UNNAMED,1909,3,36,19090630,1400,L,TS,30.1N,84.1W,35,,,,,,,,,,,,,
AL,UNNAMED,1909,3,36,19090630,1800,,TD,30.2N,84.3W,30,,,,,,,,,,,,,
AL,UNNAMED,1909,3,36,19090701,0,,TD,30.4N,84.5W,30,,,,,,,,,,,,,
AL,UNNAMED,1909,3,36,19090701,600,,TD,30.6N,84.6W,30,,,,,,,,,,,,,
AL,UNNAMED,1909,3,36,19090701,1200,,TD,31.0N,84.7W,30,,,,,,,,,,,,,
AL,UNNAMED,1909,3,36,19090701,1800,,TD,31.3N,84.6W,25,,,,,,,,,,,,,
AL,UNNAMED,1909,3,36,19090702,0,,TD,31.6N,84.3W,25,,,,,,,,,,,,,
AL,UNNAMED,1909,3,36,19090702,600,,TD,31.9N,83.8W,25,,,,,,,,,,,,,
AL,UNNAMED,1909,3,36,19090702,1200,,TD,32.0N,83.5W,25,,,,,,,,,,,,,
AL,UNNAMED,1909,3,36,19090702,1800,,TD,32.2N,82.8W,25,,,,,,,,,,,,,
AL,UNNAMED,1909,3,36,19090703,0,,TD,32.4N,81.7W,25,,,,,,,,,,,,,
AL,UNNAMED,1909,3,36,19090703,600,,TD,32.4N,80.7W,30,,,,,,,,,,,,,
AL,UNNAMED,1909,3,36,19090703,1200,,TD,32.3N,79.7W,30,,,,,,,,,,,,,
AL,UNNAMED,1909,3,36,19090703,1800,,TD,32.0N,78.3W,30,,,,,,,,,,,,,
AL,UNNAMED,1909,3,36,19090704,0,,TD,31.5N,77.0W,30,,,,,,,,,,,,,
AL,UNNAMED,1909,3,36,19090704,600,,TD,31.0N,75.7W,30,,,,,,,,,,,,,
AL,UNNAMED,1909,3,36,19090704,1200,,TD,30.3N,74.5W,30,,,,,,,,,,,,,
AL,UNNAMED,1909,3,36,19090704,1800,,TD,29.6N,73.2W,30,,,,,,,,,,,,,
AL,UNNAMED,1909,4,38,19090713,1200,,TD,12.3N,60.5W,30,,,,,,,,,,,,,
AL,UNNAMED,1909,4,38,19090713,1800,,TD,12.3N,62.0W,30,,,,,,,,,,,,,
AL,UNNAMED,1909,4,38,19090714,0,,TD,12.4N,63.5W,30,,,,,,,,,,,,,
AL,UNNAMED,1909,4,38,19090714,600,,TD,12.6N,64.9W,30,,,,,,,,,,,,,
AL,UNNAMED,1909,4,38,19090714,1200,,TD,13.0N,66.2W,30,,,,,,,,,,,,,
AL,UNNAMED,1909,4,38,19090714,1800,,TD,13.5N,67.4W,30,,,,,,,,,,,,,
AL,UNNAMED,1909,4,38,19090715,0,,TD,14.0N,68.6W,30,,,,,,,,,,,,,
AL,UNNAMED,1909,4,38,19090715,600,,TD,14.5N,69.8W,30,,,,,,,,,,,,,
AL,UNNAMED,1909,4,38,19090715,1200,,TD,14.9N,71.0W,30,,,,,,,,,,,,,
AL,UNNAMED,1909,4,38,19090715,1800,,TD,15.2N,72.2W,30,,,,,,,,,,,,,
AL,UNNAMED,1909,4,38,19090716,0,,TD,15.5N,73.3W,30,,,,,,,,,,,,,
AL,UNNAMED,1909,4,38,19090716,600,,TD,15.8N,74.4W,30,,,,,,,,,,,,,
AL,UNNAMED,1909,4,38,19090716,1200,,TD,16.0N,75.5W,30,,,,,,,,,,,,,
AL,UNNAMED,1909,4,38,19090716,1800,,TD,16.2N,76.7W,30,,,,,,,,,,,,,
AL,UNNAMED,1909,4,38,19090717,0,,TS,16.4N,77.8W,35,,,,,,,,,,,,,
AL,UNNAMED,1909,4,38,19090717,600,,TS,16.7N,78.9W,40,,,,,,,,,,,,,
AL,UNNAMED,1909,4,38,19090717,1200,,TS,17.2N,80.0W,45,,,,,,,,,,,,,
AL,UNNAMED,1909,4,38,19090717,1800,,TS,18.0N,81.0W,50,,,,,,,,,,,,,
AL,UNNAMED,1909,4,38,19090718,0,,TS,19.0N,82.0W,55,,,,,,,,,,,,,
AL,UNNAMED,1909,4,38,19090718,600,,TS,20.0N,83.0W,60,,,,,,,,,,,,,
AL,UNNAMED,1909,4,38,19090718,1200,,TS,21.0N,84.0W,60,,,,,,,,,,,,,
AL,UNNAMED,1909,4,38,19090718,1800,,HU,22.0N,85.0W,65,,,,,,,,,,,,,
AL,UNNAMED,1909,4,38,19090719,0,,HU,23.0N,85.9W,70,,,,,,,,,,,,,
AL,UNNAMED,1909,4,38,19090719,600,,HU,24.0N,86.7W,70,,,,,,,,,,,,,
AL,UNNAMED,1909,4,38,19090719,1200,,HU,25.0N,87.5W,70,,,,,,,,,,,,,
AL,UNNAMED,1909,4,38,19090719,1800,,HU,25.6N,88.3W,70,,,,,,,,,,,,,
AL,UNNAMED,1909,4,38,19090720,0,,HU,26.1N,88.9W,70,,,,,,,,,,,,,
AL,UNNAMED,1909,4,38,19090720,600,,HU,26.6N,89.7W,70,,,,,,,,,,,,,
AL,UNNAMED,1909,4,38,19090720,1200,,HU,27.0N,90.6W,70,,,,,,,,,,,,,
AL,UNNAMED,1909,4,38,19090720,1800,,HU,27.4N,91.5W,70,985,,,,,,,,,,,,
AL,UNNAMED,1909,4,38,19090721,0,,HU,27.8N,92.5W,80,,,,,,,,,,,,,
AL,UNNAMED,1909,4,38,19090721,600,,HU,28.2N,93.5W,90,,,,,,,,,,,,,
AL,UNNAMED,1909,4,38,19090721,1200,,HU,28.6N,94.5W,100,,,,,,,,,,,,,
AL,UNNAMED,1909,4,38,19090721,1700,L,HU,28.9N,95.3W,100,,,,,,,,,,,,,
AL,UNNAMED,1909,4,38,19090721,1800,,HU,29.0N,95.5W,90,959,,,,,,,,,,,,
AL,UNNAMED,1909,4,38,19090722,0,,HU,29.3N,96.5W,65,,,,,,,,,,,,,
AL,UNNAMED,1909,4,38,19090722,600,,TD,29.6N,97.6W,30,,,,,,,,,,,,,
AL,UNNAMED,1909,4,38,19090722,1200,,TD,30.2N,98.8W,25,,,,,,,,,,,,,
AL,UNNAMED,1909,5,20,19090806,0,,TD,16.6N,79.5W,30,,,,,,,,,,,,,
AL,UNNAMED,1909,5,20,19090806,600,,TD,17.3N,80.0W,30,,,,,,,,,,,,,
AL,UNNAMED,1909,5,20,19090806,1200,,TD,18.0N,80.5W,30,,,,,,,,,,,,,
AL,UNNAMED,1909,5,20,19090806,1800,,TD,18.8N,81.2W,30,,,,,,,,,,,,,
AL,UNNAMED,1909,5,20,19090807,0,,TS,19.6N,82.0W,35,,,,,,,,,,,,,
AL,UNNAMED,1909,5,20,19090807,600,,TS,20.6N,83.0W,35,,,,,,,,,,,,,
AL,UNNAMED,1909,5,20,19090807,1200,,TS,21.0N,84.3W,40,1004,,,,,,,,,,,,
AL,UNNAMED,1909,5,20,19090807,1800,,TS,20.9N,85.4W,40,,,,,,,,,,,,,
AL,UNNAMED,1909,5,20,19090808,0,,TS,20.8N,86.5W,40,,,,,,,,,,,,,
AL,UNNAMED,1909,5,20,19090808,600,,TS,20.6N,87.6W,35,,,,,,,,,,,,,
AL,UNNAMED,1909,5,20,19090808,1200,,TD,20.5N,88.5W,30,,,,,,,,,,,,,
AL,UNNAMED,1909,5,20,19090808,1800,,TD,20.4N,89.3W,30,,,,,,,,,,,,,
AL,UNNAMED,1909,5,20,19090809,0,,TD,20.4N,90.4W,30,,,,,,,,,,,,,
AL,UNNAMED,1909,5,20,19090809,600,,TS,20.4N,91.4W,35,,,,,,,,,,,,,
AL,UNNAMED,1909,5,20,19090809,1200,,TS,20.5N,92.5W,35,,,,,,,,,,,,,
AL,UNNAMED,1909,5,20,19090809,1800,,TS,20.9N,93.9W,35,,,,,,,,,,,,,
AL,UNNAMED,1909,5,20,19090810,0,,TS,21.5N,95.4W,35,,,,,,,,,,,,,
AL,UNNAMED,1909,5,20,19090810,600,,TS,22.3N,97.0W,35,,,,,,,,,,,,,
AL,UNNAMED,1909,5,20,19090810,1200,,TD,23.0N,98.5W,30,,,,,,,,,,,,,
AL,UNNAMED,1909,5,20,19090810,1800,,TD,23.7N,99.8W,25,,,,,,,,,,,,,
AL,UNNAMED,1909,6,34,19090820,600,,TS,15.4N,55.3W,60,,,,,,,,,,,,,
AL,UNNAMED,1909,6,34,19090820,1200,,TS,15.5N,56.3W,60,,,,,,,,,,,,,
AL,UNNAMED,1909,6,34,19090820,1800,,HU,15.7N,57.3W,70,,,,,,,,,,,,,
AL,UNNAMED,1909,6,34,19090821,0,,HU,15.9N,58.2W,70,,,,,,,,,,,,,
AL,UNNAMED,1909,6,34,19090821,600,,HU,16.1N,59.4W,70,,,,,,,,,,,,,
AL,UNNAMED,1909,6,34,19090821,1200,,HU,16.3N,60.5W,70,,,,,,,,,,,,,
AL,UNNAMED,1909,6,34,19090821,1800,,HU,16.5N,61.9W,75,,,,,,,,,,,,,
AL,UNNAMED,1909,6,34,19090822,0,,HU,16.7N,63.0W,75,,,,,,,,,,,,,
AL,UNNAMED,1909,6,34,19090822,600,,HU,17.0N,64.2W,75,,,,,,,,,,,,,
AL,UNNAMED,1909,6,34,19090822,1200,,HU,17.3N,65.7W,80,,,,,,,,,,,,,
AL,UNNAMED,1909,6,34,19090822,1800,,HU,17.6N,67.5W,80,,,,,,,,,,,,,
AL,UNNAMED,1909,6,34,19090823,0,,HU,17.9N,69.1W,80,,,,,,,,,,,,,
AL,UNNAMED,1909,6,34,19090823,600,,HU,18.3N,70.7W,70,,,,,,,,,,,,,
AL,UNNAMED,1909,6,34,19090823,1200,,HU,18.8N,72.3W,65,,,,,,,,,,,,,
AL,UNNAMED,1909,6,34,19090823,1800,,HU,19.9N,74.0W,75,,,,,,,,,,,,,
AL,UNNAMED,1909,6,34,19090824,0,,HU,20.3N,75.8W,65,,,,,,,,,,,,,
AL,UNNAMED,1909,6,34,19090824,600,,HU,20.5N,77.6W,65,,,,,,,,,,,,,
AL,UNNAMED,1909,6,34,19090824,1200,,HU,20.6N,79.5W,75,,,,,,,,,,,,,
AL,UNNAMED,1909,6,34,19090824,1800,,HU,20.7N,81.1W,85,,,,,,,,,,,,,
AL,UNNAMED,1909,6,34,19090825,0,,HU,20.8N,82.6W,95,,,,,,,,,,,,,
AL,UNNAMED,1909,6,34,19090825,600,,HU,20.9N,84.1W,100,,,,,,,,,,,,,
AL,UNNAMED,1909,6,34,19090825,1200,,HU,21.0N,85.5W,100,,,,,,,,,,,,,
AL,UNNAMED,1909,6,34,19090825,1800,,HU,21.1N,86.9W,90,,,,,,,,,,,,,
AL,UNNAMED,1909,6,34,19090826,0,,HU,21.3N,88.4W,80,,,,,,,,,,,,,
AL,UNNAMED,1909,6,34,19090826,600,,HU,21.6N,89.7W,90,,,,,,,,,,,,,
AL,UNNAMED,1909,6,34,19090826,1200,,HU,22.0N,91.0W,100,,,,,,,,,,,,,
AL,UNNAMED,1909,6,34,19090826,1800,,HU,22.5N,92.5W,105,,,,,,,,,,,,,
AL,UNNAMED,1909,6,34,19090827,0,,HU,22.9N,94.0W,105,,,,,,,,,,,,,
AL,UNNAMED,1909,6,34,19090827,600,,HU,23.3N,95.5W,105,,,,,,,,,,,,,
AL,UNNAMED,1909,6,34,19090827,1200,,HU,23.7N,96.7W,105,,,,,,,,,,,,,
AL,UNNAMED,1909,6,34,19090827,1800,,HU,23.8N,97.3W,105,,,,,,,,,,,,,
AL,UNNAMED,1909,6,34,19090828,0,,HU,23.7N,97.9W,85,,,,,,,,,,,,,
AL,UNNAMED,1909,6,34,19090828,600,,TS,23.7N,98.3W,55,,,,,,,,,,,,,
AL,UNNAMED,1909,6,34,19090828,1200,,TS,23.7N,98.7W,35,,,,,,,,,,,,,
AL,UNNAMED,1909,7,14,19090822,0,,TD,23.0N,85.7W,25,,,,,,,,,,,,,
AL,UNNAMED,1909,7,14,19090822,600,,TD,23.5N,86.3W,25,,,,,,,,,,,,,
AL,UNNAMED,1909,7,14,19090822,1200,,TD,24.0N,87.0W,25,,,,,,,,,,,,,
AL,UNNAMED,1909,7,14,19090822,1800,,TD,24.5N,87.8W,30,,,,,,,,,,,,,
AL,UNNAMED,1909,7,14,19090823,0,,TS,25.0N,88.6W,35,,,,,,,,,,,,,
AL,UNNAMED,1909,7,14,19090823,600,,TS,25.5N,89.5W,40,,,,,,,,,,,,,
AL,UNNAMED,1909,7,14,19090823,1200,,TS,26.0N,90.5W,45,,,,,,,,,,,,,
AL,UNNAMED,1909,7,14,19090823,1800,,TS,26.2N,91.5W,45,,,,,,,,,,,,,
AL,UNNAMED,1909,7,14,19090824,0,,TS,26.3N,92.6W,40,,,,,,,,,,,,,
AL,UNNAMED,1909,7,14,19090824,600,,TS,26.2N,93.8W,35,,,,,,,,,,,,,
AL,UNNAMED,1909,7,14,19090824,1200,,TS,26.0N,95.0W,35,,,,,,,,,,,,,
AL,UNNAMED,1909,7,14,19090824,1800,,TD,25.8N,96.4W,30,,,,,,,,,,,,,
AL,UNNAMED,1909,7,14,19090825,0,,TD,25.5N,97.5W,30,,,,,,,,,,,,,
AL,UNNAMED,1909,7,14,19090825,600,,TD,25.0N,98.5W,25,,,,,,,,,,,,,
AL,UNNAMED,1909,8,17,19090828,0,,TS,23.7N,73.0W,35,,,,,,,,,,,,,
AL,UNNAMED,1909,8,17,19090828,600,,TS,24.6N,74.4W,35,,,,,,,,,,,,,
AL,UNNAMED,1909,8,17,19090828,1200,,TS,25.5N,76.0W,40,,,,,,,,,,,,,
AL,UNNAMED,1909,8,17,19090828,1800,,TS,26.0N,77.3W,40,,,,,,,,,,,,,
AL,UNNAMED,1909,8,17,19090829,0,,TS,26.3N,78.5W,45,,,,,,,,,,,,,
AL,UNNAMED,1909,8,17,19090829,600,,TS,26.4N,79.6W,45,,,,,,,,,,,,,
AL,UNNAMED,1909,8,17,19090829,900,L,TS,26.4N,80.1W,45,,,,,,,,,,,,,
AL,UNNAMED,1909,8,17,19090829,1200,,TS,26.5N,80.5W,40,,,,,,,,,,,,,
AL,UNNAMED,1909,8,17,19090829,1800,,TS,26.6N,80.9W,35,,,,,,,,,,,,,
AL,UNNAMED,1909,8,17,19090830,0,,TD,26.8N,81.2W,30,,,,,,,,,,,,,
AL,UNNAMED,1909,8,17,19090830,600,,TD,27.1N,81.5W,30,,,,,,,,,,,,,
AL,UNNAMED,1909,8,17,19090830,1200,,TD,27.7N,81.7W,30,,,,,,,,,,,,,
AL,UNNAMED,1909,8,17,19090830,1800,,TD,28.5N,81.3W,30,,,,,,,,,,,,,
AL,UNNAMED,1909,8,17,19090831,0,,TS,29.5N,80.5W,35,,,,,,,,,,,,,
AL,UNNAMED,1909,8,17,19090831,600,,TS,30.4N,79.7W,35,,,,,,,,,,,,,
AL,UNNAMED,1909,8,17,19090831,1200,,TS,31.0N,79.0W,35,,,,,,,,,,,,,
AL,UNNAMED,1909,8,17,19090831,1800,,TD,31.5N,78.4W,30,,,,,,,,,,,,,
AL,UNNAMED,1909,9,35,19090913,1200,,TD,17.5N,71.0W,30,,,,,,,,,,,,,
AL,UNNAMED,1909,9,35,19090913,1800,,TD,17.8N,72.5W,30,,,,,,,,,,,,,
AL,UNNAMED,1909,9,35,19090914,0,,TD,18.1N,73.9W,30,,,,,,,,,,,,,
AL,UNNAMED,1909,9,35,19090914,600,,TD,18.3N,75.2W,30,,,,,,,,,,,,,
AL,UNNAMED,1909,9,35,19090914,1200,,TD,18.5N,76.5W,30,,,,,,,,,,,,,
AL,UNNAMED,1909,9,35,19090914,1800,,TD,18.7N,77.5W,30,,,,,,,,,,,,,
AL,UNNAMED,1909,9,35,19090915,0,,TS,18.9N,78.4W,35,,,,,,,,,,,,,
AL,UNNAMED,1909,9,35,19090915,600,,TS,19.1N,79.3W,40,,,,,,,,,,,,,
AL,UNNAMED,1909,9,35,19090915,1200,,TS,19.3N,80.0W,45,,,,,,,,,,,,,
AL,UNNAMED,1909,9,35,19090915,1800,,TS,19.5N,80.6W,50,,,,,,,,,,,,,
AL,UNNAMED,1909,9,35,19090916,0,,TS,19.6N,81.0W,55,,,,,,,,,,,,,
AL,UNNAMED,1909,9,35,19090916,600,,TS,19.9N,81.5W,60,,,,,,,,,,,,,
AL,UNNAMED,1909,9,35,19090916,1200,,HU,20.3N,82.0W,65,,,,,,,,,,,,,
AL,UNNAMED,1909,9,35,19090916,1800,,HU,20.6N,82.4W,70,,,,,,,,,,,,,
AL,UNNAMED,1909,9,35,19090917,0,,HU,20.9N,82.9W,70,,,,,,,,,,,,,
AL,UNNAMED,1909,9,35,19090917,600,,HU,21.3N,83.3W,75,,,,,,,,,,,,,
AL,UNNAMED,1909,9,35,19090917,1200,,HU,21.7N,83.7W,80,,,,,,,,,,,,,
AL,UNNAMED,1909,9,35,19090917,1800,,HU,22.0N,84.2W,85,976,,,,,,,,,,,,
AL,UNNAMED,1909,9,35,19090918,0,,HU,22.3N,84.5W,75,,,,,,,,,,,,,
AL,UNNAMED,1909,9,35,19090918,600,,HU,22.6N,84.9W,80,,,,,,,,,,,,,
AL,UNNAMED,1909,9,35,19090918,1200,,HU,22.9N,85.4W,80,,,,,,,,,,,,,
AL,UNNAMED,1909,9,35,19090918,1800,,HU,23.2N,85.9W,85,,,,,,,,,,,,,
AL,UNNAMED,1909,9,35,19090919,0,,HU,23.5N,86.7W,95,,,,,,,,,,,,,
AL,UNNAMED,1909,9,35,19090919,600,,HU,23.9N,87.4W,105,,,,,,,,,,,,,
AL,UNNAMED,1909,9,35,19090919,1200,,HU,24.3N,88.0W,105,,,,,,,,,,,,,
AL,UNNAMED,1909,9,35,19090919,1800,,HU,24.8N,88.5W,105,,,,,,,,,,,,,
AL,UNNAMED,1909,9,35,19090920,0,,HU,25.4N,89.0W,105,,,,,,,,,,,,,
AL,UNNAMED,1909,9,35,19090920,600,,HU,26.1N,89.5W,105,,,,,,,,,,,,,
AL,UNNAMED,1909,9,35,19090920,1200,,HU,26.9N,90.1W,105,,,,,,,,,,,,,
AL,UNNAMED,1909,9,35,19090920,1800,,HU,27.7N,90.7W,100,,,,,,,,,,,,,
AL,UNNAMED,1909,9,35,19090921,0,L,HU,29.5N,91.3W,100,952,,,,,,,,,,,,
AL,UNNAMED,1909,9,35,19090921,600,,HU,31.4N,91.7W,75,,,,,,,,,,,,,
AL,UNNAMED,1909,9,35,19090921,1200,,TS,33.2N,91.5W,55,,,,,,,,,,,,,
AL,UNNAMED,1909,9,35,19090921,1800,,TS,35.0N,91.3W,40,,,,,,,,,,,,,
AL,UNNAMED,1909,9,35,19090922,0,,TD,36.8N,91.1W,30,,,,,,,,,,,,,
AL,UNNAMED,1909,10,21,19090924,0,,TD,22.0N,83.0W,30,,,,,,,,,,,,,
AL,UNNAMED,1909,10,21,19090924,600,,TD,22.5N,83.0W,30,,,,,,,,,,,,,
AL,UNNAMED,1909,10,21,19090924,1200,,TD,23.0N,83.0W,30,,,,,,,,,,,,,
AL,UNNAMED,1909,10,21,19090924,1800,,TD,23.5N,83.0W,30,,,,,,,,,,,,,
AL,UNNAMED,1909,10,21,19090925,0,,TD,24.1N,83.0W,30,,,,,,,,,,,,,
AL,UNNAMED,1909,10,21,19090925,600,,TD,24.7N,83.0W,30,,,,,,,,,,,,,
AL,UNNAMED,1909,10,21,19090925,1200,,TD,25.3N,82.8W,30,,,,,,,,,,,,,
AL,UNNAMED,1909,10,21,19090925,1800,,TD,25.8N,82.2W,30,,,,,,,,,,,,,
AL,UNNAMED,1909,10,21,19090926,0,,TD,26.3N,81.3W,30,,,,,,,,,,,,,
AL,UNNAMED,1909,10,21,19090926,600,,TD,26.9N,80.4W,30,,,,,,,,,,,,,
AL,UNNAMED,1909,10,21,19090926,1200,,TS,27.5N,79.5W,35,,,,,,,,,,,,,
AL,UNNAMED,1909,10,21,19090926,1800,,TS,28.0N,78.9W,35,,,,,,,,,,,,,
AL,UNNAMED,1909,10,21,19090927,0,,TS,28.4N,78.4W,40,,,,,,,,,,,,,
AL,UNNAMED,1909,10,21,19090927,600,,TS,29.0N,77.8W,45,,,,,,,,,,,,,
AL,UNNAMED,1909,10,21,19090927,1200,,TS,29.5N,77.0W,50,,,,,,,,,,,,,
AL,UNNAMED,1909,10,21,19090927,1800,,TS,30.1N,75.0W,50,,,,,,,,,,,,,
AL,UNNAMED,1909,10,21,19090928,0,,TS,30.6N,72.8W,50,,,,,,,,,,,,,
AL,UNNAMED,1909,10,21,19090928,600,,TS,31.1N,70.6W,45,,,,,,,,,,,,,
AL,UNNAMED,1909,10,21,19090928,1200,,TS,31.5N,68.7W,40,,,,,,,,,,,,,
AL,UNNAMED,1909,10,21,19090928,1800,,TS,31.8N,66.9W,35,,,,,,,,,,,,,
AL,UNNAMED,1909,10,21,19090929,0,,TD,32.2N,65.5W,30,,,,,,,,,,,,,
AL,UNNAMED,1909,11,30,19091006,1200,,TD,10.7N,76.0W,30,,,,,,,,,,,,,
AL,UNNAMED,1909,11,30,19091006,1800,,TD,11.2N,76.3W,30,,,,,,,,,,,,,
AL,UNNAMED,1909,11,30,19091007,0,,TS,12.0N,76.8W,35,,,,,,,,,,,,,
AL,UNNAMED,1909,11,30,19091007,600,,TS,12.8N,77.2W,40,,,,,,,,,,,,,
AL,UNNAMED,1909,11,30,19091007,1200,,TS,13.7N,77.7W,45,,,,,,,,,,,,,
AL,UNNAMED,1909,11,30,19091007,1800,,TS,14.5N,78.2W,50,,,,,,,,,,,,,
AL,UNNAMED,1909,11,30,19091008,0,,TS,15.4N,78.6W,55,,,,,,,,,,,,,
AL,UNNAMED,1909,11,30,19091008,600,,TS,16.4N,79.2W,60,,,,,,,,,,,,,
AL,UNNAMED,1909,11,30,19091008,1200,,HU,17.2N,79.8W,65,,,,,,,,,,,,,
AL,UNNAMED,1909,11,30,19091008,1800,,HU,17.7N,80.5W,70,,,,,,,,,,,,,
AL,UNNAMED,1909,11,30,19091009,0,,HU,18.2N,81.1W,80,,,,,,,,,,,,,
AL,UNNAMED,1909,11,30,19091009,600,,HU,18.6N,81.7W,90,,,,,,,,,,,,,
AL,UNNAMED,1909,11,30,19091009,1200,,HU,19.0N,82.5W,95,,,,,,,,,,,,,
AL,UNNAMED,1909,11,30,19091009,1800,,HU,19.3N,83.2W,100,,,,,,,,,,,,,
AL,UNNAMED,1909,11,30,19091010,0,,HU,19.6N,83.8W,105,,,,,,,,,,,,,
AL,UNNAMED,1909,11,30,19091010,600,,HU,20.0N,84.2W,105,,,,,,,,,,,,,
AL,UNNAMED,1909,11,30,19091010,1200,,HU,20.5N,84.4W,105,,,,,,,,,,,,,
AL,UNNAMED,1909,11,30,19091010,1800,,HU,21.1N,84.5W,105,,,,,,,,,,,,,
AL,UNNAMED,1909,11,30,19091011,0,,HU,21.8N,84.5W,105,,,,,,,,,,,,,
AL,UNNAMED,1909,11,30,19091011,600,,HU,22.6N,84.1W,105,,,,,,,,,,,,,
AL,UNNAMED,1909,11,30,19091011,1200,,HU,23.7N,83.0W,105,,,,,,,,,,,,,
AL,UNNAMED,1909,11,30,19091011,1800,L,HU,24.7N,81.0W,100,957,,,,,,,,,,,,
AL,UNNAMED,1909,11,30,19091012,0,,HU,26.0N,78.9W,90,,,,,,,,,,,,,
AL,UNNAMED,1909,11,30,19091012,600,,HU,27.5N,76.8W,80,,,,,,,,,,,,,
AL,UNNAMED,1909,11,30,19091012,1200,,HU,29.0N,74.8W,70,,,,,,,,,,,,,
AL,UNNAMED,1909,11,30,19091012,1800,,TS,30.3N,72.6W,60,,,,,,,,,,,,,
AL,UNNAMED,1909,11,30,19091013,0,,TS,31.6N,70.0W,50,,,,,,,,,,,,,
AL,UNNAMED,1909,11,30,19091013,600,,TS,32.9N,67.5W,40,,,,,,,,,,,,,
AL,UNNAMED,1909,11,30,19091013,1200,,TS,34.0N,65.0W,35,,,,,,,,,,,,,
AL,UNNAMED,1909,11,30,19091013,1800,,TD,34.9N,62.9W,30,,,,,,,,,,,,,
AL,UNNAMED,1909,12,26,19091108,1200,,TS,10.5N,81.0W,35,,,,,,,,,,,,,
AL,UNNAMED,1909,12,26,19091108,1800,,TS,10.7N,80.8W,35,,,,,,,,,,,,,
AL,UNNAMED,1909,12,26,19091109,0,,TS,10.9N,80.6W,35,,,,,,,,,,,,,
AL,UNNAMED,1909,12,26,19091109,600,,TS,11.1N,80.4W,35,,,,,,,,,,,,,
AL,UNNAMED,1909,12,26,19091109,1200,,TS,11.3N,80.2W,35,,,,,,,,,,,,,
AL,UNNAMED,1909,12,26,19091109,1800,,TS,11.6N,80.0W,35,,,,,,,,,,,,,
AL,UNNAMED,1909,12,26,19091110,0,,TS,12.1N,79.7W,35,,,,,,,,,,,,,
AL,UNNAMED,1909,12,26,19091110,600,,TS,12.7N,79.4W,40,,,,,,,,,,,,,
AL,UNNAMED,1909,12,26,19091110,1200,,TS,13.3N,79.1W,40,,,,,,,,,,,,,
AL,UNNAMED,1909,12,26,19091110,1800,,TS,13.9N,78.8W,45,,,,,,,,,,,,,
AL,UNNAMED,1909,12,26,19091111,0,,TS,14.5N,78.5W,45,,,,,,,,,,,,,
AL,UNNAMED,1909,12,26,19091111,600,,TS,15.1N,78.0W,50,,,,,,,,,,,,,
AL,UNNAMED,1909,12,26,19091111,1200,,TS,15.7N,77.4W,50,,,,,,,,,,,,,
AL,UNNAMED,1909,12,26,19091111,1800,,TS,16.5N,76.7W,55,,,,,,,,,,,,,
AL,UNNAMED,1909,12,26,19091112,0,,TS,17.4N,76.0W,60,,,,,,,,,,,,,
AL,UNNAMED,1909,12,26,19091112,600,,HU,18.2N,75.3W,65,,,,,,,,,,,,,
AL,UNNAMED,1909,12,26,19091112,1200,,HU,19.0N,74.5W,70,,,,,,,,,,,,,
AL,UNNAMED,1909,12,26,19091112,1800,,HU,19.6N,73.5W,75,,,,,,,,,,,,,
AL,UNNAMED,1909,12,26,19091113,0,,HU,20.1N,72.1W,80,,,,,,,,,,,,,
AL,UNNAMED,1909,12,26,19091113,600,,HU,20.6N,70.4W,85,,,,,,,,,,,,,
AL,UNNAMED,1909,12,26,19091113,1200,,HU,21.0N,68.5W,90,,,,,,,,,,,,,
AL,UNNAMED,1909,12,26,19091113,1800,,HU,21.3N,66.3W,90,,,,,,,,,,,,,
AL,UNNAMED,1909,12,26,19091114,0,,HU,21.4N,64.0W,90,,,,,,,,,,,,,
AL,UNNAMED,1909,12,26,19091114,600,,HU,21.5N,61.5W,85,,,,,,,,,,,,,
AL,UNNAMED,1909,12,26,19091114,1200,,HU,21.5N,59.0W,80,,,,,,,,,,,,,
AL,UNNAMED,1909,12,26,19091114,1800,,HU,21.5N,56.5W,75,,,,,,,,,,,,,
AL,UNNAMED,1910,1,27,19100823,600,,TS,15.0N,62.0W,35,,,,,,,,,,,,,
AL,UNNAMED,1910,1,27,19100823,1200,,TS,15.5N,63.7W,35,,,,,,,,,,,,,
AL,UNNAMED,1910,1,27,19100823,1800,,TS,15.9N,65.4W,35,,,,,,,,,,,,,
AL,UNNAMED,1910,1,27,19100824,0,,TS,16.5N,67.3W,35,,,,,,,,,,,,,
AL,UNNAMED,1910,1,27,19100824,600,,TS,17.2N,69.5W,35,,,,,,,,,,,,,
AL,UNNAMED,1910,1,27,19100824,1200,,TS,18.0N,71.5W,35,,,,,,,,,,,,,
AL,UNNAMED,1910,1,27,19100824,1800,,TD,18.7N,72.8W,30,,,,,,,,,,,,,
AL,UNNAMED,1910,1,27,19100825,0,,TD,19.4N,74.0W,30,,,,,,,,,,,,,
AL,UNNAMED,1910,1,27,19100825,600,,TD,20.3N,75.4W,30,,,,,,,,,,,,,
AL,UNNAMED,1910,1,27,19100825,1200,,TD,21.3N,76.7W,30,,,,,,,,,,,,,
AL,UNNAMED,1910,1,27,19100825,1800,,TD,22.5N,77.5W,30,,,,,,,,,,,,,
AL,UNNAMED,1910,1,27,19100826,0,,TD,23.9N,78.1W,30,,,,,,,,,,,,,
AL,UNNAMED,1910,1,27,19100826,600,,TD,25.6N,78.7W,30,,,,,,,,,,,,,
AL,UNNAMED,1910,1,27,19100826,1200,,TD,27.5N,79.0W,30,,,,,,,,,,,,,
AL,UNNAMED,1910,1,27,19100826,1800,,TD,28.4N,79.0W,30,,,,,,,,,,,,,
AL,UNNAMED,1910,1,27,19100827,0,,EX,29.6N,79.0W,35,,,,,,,,,,,,,
AL,UNNAMED,1910,1,27,19100827,600,,EX,30.7N,79.0W,35,,,,,,,,,,,,,
AL,UNNAMED,1910,1,27,19100827,1200,,EX,31.7N,78.7W,35,,,,,,,,,,,,,
AL,UNNAMED,1910,1,27,19100827,1800,,EX,32.3N,78.4W,35,,,,,,,,,,,,,
AL,UNNAMED,1910,1,27,19100828,0,,EX,32.9N,78.0W,40,,,,,,,,,,,,,
AL,UNNAMED,1910,1,27,19100828,600,,EX,33.5N,77.6W,40,,,,,,,,,,,,,
AL,UNNAMED,1910,1,27,19100828,1200,,EX,34.0N,77.0W,40,,,,,,,,,,,,,
AL,UNNAMED,1910,1,27,19100828,1800,,EX,34.9N,76.1W,40,,,,,,,,,,,,,
AL,UNNAMED,1910,1,27,19100829,0,,EX,35.6N,75.4W,35,,,,,,,,,,,,,
AL,UNNAMED,1910,1,27,19100829,600,,EX,36.3N,74.7W,35,,,,,,,,,,,,,
AL,UNNAMED,1910,1,27,19100829,1200,,EX,37.0N,74.0W,30,,,,,,,,,,,,,
AL,UNNAMED,1910,1,27,19100829,1800,,EX,37.6N,73.4W,30,,,,,,,,,,,,,
AL,UNNAMED,1910,2,22,19100826,1200,,TD,26.7N,91.7W,30,,,,,,,,,,,,,
AL,UNNAMED,1910,2,22,19100826,1800,,TD,26.7N,92.0W,30,,,,,,,,,,,,,
AL,UNNAMED,1910,2,22,19100827,0,,TD,26.7N,92.3W,30,,,,,,,,,,,,,
AL,UNNAMED,1910,2,22,19100827,600,,TD,26.7N,92.7W,30,,,,,,,,,,,,,
AL,UNNAMED,1910,2,22,19100827,1200,,TD,26.7N,93.0W,30,,,,,,,,,,,,,
AL,UNNAMED,1910,2,22,19100827,1800,,TD,26.7N,93.4W,30,,,,,,,,,,,,,
AL,UNNAMED,1910,2,22,19100828,0,,TD,26.6N,93.8W,30,,,,,,,,,,,,,
AL,UNNAMED,1910,2,22,19100828,600,,TD,26.6N,94.2W,30,,,,,,,,,,,,,
AL,UNNAMED,1910,2,22,19100828,1200,,TD,26.5N,94.5W,30,,,,,,,,,,,,,
AL,UNNAMED,1910,2,22,19100828,1800,,TD,26.5N,94.8W,30,,,,,,,,,,,,,
AL,UNNAMED,1910,2,22,19100829,0,,TD,26.4N,95.0W,30,,,,,,,,,,,,,
AL,UNNAMED,1910,2,22,19100829,600,,TD,26.4N,95.2W,30,,,,,,,,,,,,,
AL,UNNAMED,1910,2,22,19100829,1200,,TD,26.3N,95.5W,30,,,,,,,,,,,,,
AL,UNNAMED,1910,2,22,19100829,1800,,TD,26.2N,95.8W,30,,,,,,,,,,,,,
AL,UNNAMED,1910,2,22,19100830,0,,TS,26.2N,96.0W,35,,,,,,,,,,,,,
AL,UNNAMED,1910,2,22,19100830,600,,TS,26.1N,96.2W,35,,,,,,,,,,,,,
AL,UNNAMED,1910,2,22,19100830,1200,,TS,26.0N,96.5W,40,,,,,,,,,,,,,
AL,UNNAMED,1910,2,22,19100830,1800,,TS,25.9N,96.9W,40,,,,,,,,,,,,,
AL,UNNAMED,1910,2,22,19100831,0,,TS,25.7N,97.2W,40,,,,,,,,,,,,,
AL,UNNAMED,1910,2,22,19100831,600,,TS,25.5N,97.6W,35,,,,,,,,,,,,,
AL,UNNAMED,1910,2,22,19100831,1200,,TD,25.3N,98.0W,30,,,,,,,,,,,,,
AL,UNNAMED,1910,2,22,19100831,1800,,TD,25.1N,98.5W,25,,,,,,,,,,,,,
AL,UNNAMED,1910,3,44,19100905,600,,TS,17.0N,58.3W,60,,,,,,,,,,,,,
AL,UNNAMED,1910,3,44,19100905,1200,,HU,17.1N,59.5W,65,,,,,,,,,,,,,
AL,UNNAMED,1910,3,44,19100905,1800,,HU,17.1N,60.6W,70,,,,,,,,,,,,,
AL,UNNAMED,1910,3,44,19100906,0,,HU,17.1N,61.7W,75,,,,,,,,,,,,,
AL,UNNAMED,1910,3,44,19100906,600,,HU,17.2N,62.7W,80,,,,,,,,,,,,,
AL,UNNAMED,1910,3,44,19100906,1200,,HU,17.4N,63.8W,80,,,,,,,,,,,,,
AL,UNNAMED,1910,3,44,19100906,1800,,HU,17.5N,64.9W,85,,,,,,,,,,,,,
AL,UNNAMED,1910,3,44,19100907,0,,HU,17.5N,66.0W,85,,,,,,,,,,,,,
AL,UNNAMED,1910,3,44,19100907,600,,HU,17.6N,67.1W,85,,,,,,,,,,,,,
AL,UNNAMED,1910,3,44,19100907,1200,,HU,17.6N,68.2W,80,,,,,,,,,,,,,
AL,UNNAMED,1910,3,44,19100907,1800,,HU,17.6N,69.7W,75,,,,,,,,,,,,,
AL,UNNAMED,1910,3,44,19100908,0,,HU,17.7N,71.2W,70,,,,,,,,,,,,,
AL,UNNAMED,1910,3,44,19100908,600,,HU,17.8N,72.9W,70,,,,,,,,,,,,,
AL,UNNAMED,1910,3,44,19100908,1200,,HU,18.0N,74.7W,70,,,,,,,,,,,,,
AL,UNNAMED,1910,3,44,19100908,1800,,HU,18.3N,76.4W,70,,,,,,,,,,,,,
AL,UNNAMED,1910,3,44,19100909,0,,HU,18.6N,77.8W,70,,,,,,,,,,,,,
AL,UNNAMED,1910,3,44,19100909,600,,HU,19.0N,79.2W,70,,,,,,,,,,,,,
AL,UNNAMED,1910,3,44,19100909,1200,,HU,19.5N,80.7W,70,,,,,,,,,,,,,
AL,UNNAMED,1910,3,44,19100909,1800,,HU,20.0N,81.8W,70,,,,,,,,,,,,,
AL,UNNAMED,1910,3,44,19100910,0,,HU,20.5N,82.9W,70,,,,,,,,,,,,,
AL,UNNAMED,1910,3,44,19100910,600,,HU,20.9N,83.8W,75,,,,,,,,,,,,,
AL,UNNAMED,1910,3,44,19100910,1200,,HU,21.3N,84.7W,80,,,,,,,,,,,,,
AL,UNNAMED,1910,3,44,19100910,1800,,HU,21.7N,85.1W,80,,,,,,,,,,,,,
AL,UNNAMED,1910,3,44,19100911,0,,HU,22.1N,85.6W,85,,,,,,,,,,,,,
AL,UNNAMED,1910,3,44,19100911,600,,HU,22.5N,86.2W,85,,,,,,,,,,,,,
AL,UNNAMED,1910,3,44,19100911,1200,,HU,22.9N,87.0W,85,,,,,,,,,,,,,
AL,UNNAMED,1910,3,44,19100911,1800,,HU,23.2N,87.6W,85,,,,,,,,,,,,,
AL,UNNAMED,1910,3,44,19100912,0,,HU,23.6N,88.3W,90,,,,,,,,,,,,,
AL,UNNAMED,1910,3,44,19100912,600,,HU,24.0N,88.9W,90,,,,,,,,,,,,,
AL,UNNAMED,1910,3,44,19100912,1200,,HU,24.4N,89.5W,95,,,,,,,,,,,,,
AL,UNNAMED,1910,3,44,19100912,1800,,HU,24.9N,90.3W,95,,,,,,,,,,,,,
AL,UNNAMED,1910,3,44,19100913,0,,HU,25.3N,91.2W,95,,,,,,,,,,,,,
AL,UNNAMED,1910,3,44,19100913,600,,HU,25.7N,91.8W,95,,,,,,,,,,,,,
AL,UNNAMED,1910,3,44,19100913,1200,,HU,26.0N,92.5W,95,,,,,,,,,,,,,
AL,UNNAMED,1910,3,44,19100913,1800,,HU,26.2N,93.4W,95,,,,,,,,,,,,,
AL,UNNAMED,1910,3,44,19100914,0,,HU,26.3N,94.3W,90,,,,,,,,,,,,,
AL,UNNAMED,1910,3,44,19100914,600,,HU,26.5N,95.3W,90,,,,,,,,,,,,,
AL,UNNAMED,1910,3,44,19100914,1200,,HU,26.6N,96.3W,90,,,,,,,,,,,,,
AL,UNNAMED,1910,3,44,19100914,1800,,HU,26.8N,96.9W,90,,,,,,,,,,,,,
AL,UNNAMED,1910,3,44,19100914,2200,L,HU,26.9N,97.4W,90,,,,,,,,,,,,,
AL,UNNAMED,1910,3,44,19100915,0,,HU,26.9N,97.6W,65,,,,,,,,,,,,,
AL,UNNAMED,1910,3,44,19100915,600,,TS,27.0N,98.3W,45,,,,,,,,,,,,,
AL,UNNAMED,1910,3,44,19100915,1200,,TS,27.0N,99.0W,35,,,,,,,,,,,,,
AL,UNNAMED,1910,3,44,19100915,1800,,TD,27.0N,99.6W,30,,,,,,,,,,,,,
AL,UNNAMED,1910,4,23,19100924,600,,TS,27.8N,60.5W,35,,,,,,,,,,,,,
AL,UNNAMED,1910,4,23,19100924,1200,,TS,28.3N,61.3W,45,,,,,,,,,,,,,
AL,UNNAMED,1910,4,23,19100924,1800,,TS,28.9N,62.1W,55,,,,,,,,,,,,,
AL,UNNAMED,1910,4,23,19100925,0,,HU,29.8N,62.8W,65,,,,,,,,,,,,,
AL,UNNAMED,1910,4,23,19100925,600,,HU,30.8N,63.4W,75,,,,,,,,,,,,,
AL,UNNAMED,1910,4,23,19100925,1200,,HU,32.0N,63.7W,85,,,,,,,,,,,,,
AL,UNNAMED,1910,4,23,19100925,1800,,HU,33.6N,63.4W,85,,,,,,,,,,,,,
AL,UNNAMED,1910,4,23,19100926,0,,HU,34.8N,62.8W,85,,,,,,,,,,,,,
AL,UNNAMED,1910,4,23,19100926,600,,HU,36.0N,61.9W,85,,,,,,,,,,,,,
AL,UNNAMED,1910,4,23,19100926,1200,,HU,37.0N,61.0W,80,,,,,,,,,,,,,
AL,UNNAMED,1910,4,23,19100926,1800,,HU,38.1N,60.2W,75,,,,,,,,,,,,,
AL,UNNAMED,1910,4,23,19100927,0,,HU,39.1N,59.4W,70,,,,,,,,,,,,,
AL,UNNAMED,1910,4,23,19100927,600,,HU,40.1N,58.6W,65,,,,,,,,,,,,,
AL,UNNAMED,1910,4,23,19100927,1200,,EX,41.0N,57.5W,60,,,,,,,,,,,,,
AL,UNNAMED,1910,4,23,19100927,1800,,EX,41.3N,56.3W,60,,,,,,,,,,,,,
AL,UNNAMED,1910,4,23,19100928,0,,EX,41.1N,54.9W,60,,,,,,,,,,,,,
AL,UNNAMED,1910,4,23,19100928,600,,EX,40.9N,53.7W,60,,,,,,,,,,,,,
AL,UNNAMED,1910,4,23,19100928,1200,,EX,40.7N,52.0W,60,,,,,,,,,,,,,
AL,UNNAMED,1910,4,23,19100928,1800,,EX,40.5N,49.6W,55,,,,,,,,,,,,,
AL,UNNAMED,1910,4,23,19100929,0,,EX,40.8N,46.1W,50,,,,,,,,,,,,,
AL,UNNAMED,1910,4,23,19100929,600,,EX,41.0N,42.8W,45,,,,,,,,,,,,,
AL,UNNAMED,1910,4,23,19100929,1200,,EX,41.5N,40.0W,40,,,,,,,,,,,,,
AL,UNNAMED,1910,4,23,19100929,1800,,EX,42.1N,37.4W,35,,,,,,,,,,,,,
AL,UNNAMED,1910,5,59,19101009,600,,TD,11.2N,79.5W,30,,,,,,,,,,,,,
AL,UNNAMED,1910,5,59,19101009,1200,,TD,11.3N,79.7W,30,,,,,,,,,,,,,
AL,UNNAMED,1910,5,59,19101009,1800,,TD,11.3N,79.7W,30,,,,,,,,,,,,,
AL,UNNAMED,1910,5,59,19101010,0,,TD,11.4N,79.8W,30,,,,,,,,,,,,,
AL,UNNAMED,1910,5,59,19101010,600,,TD,11.6N,79.9W,30,,,,,,,,,,,,,
AL,UNNAMED,1910,5,59,19101010,1200,,TD,11.8N,80.0W,30,,,,,,,,,,,,,
AL,UNNAMED,1910,5,59,19101010,1800,,TD,12.1N,80.1W,30,,,,,,,,,,,,,
AL,UNNAMED,1910,5,59,19101011,0,,TS,12.4N,80.3W,35,,,,,,,,,,,,,
AL,UNNAMED,1910,5,59,19101011,600,,TS,12.8N,80.5W,35,,,,,,,,,,,,,
AL,UNNAMED,1910,5,59,19101011,1200,,TS,13.2N,80.7W,40,,,,,,,,,,,,,
AL,UNNAMED,1910,5,59,19101011,1800,,TS,13.8N,80.9W,45,,,,,,,,,,,,,
AL,UNNAMED,1910,5,59,19101012,0,,TS,14.6N,81.1W,50,,,,,,,,,,,,,
AL,UNNAMED,1910,5,59,19101012,600,,TS,15.2N,81.3W,55,,,,,,,,,,,,,
AL,UNNAMED,1910,5,59,19101012,1200,,HU,16.0N,81.5W,65,,,,,,,,,,,,,
AL,UNNAMED,1910,5,59,19101012,1800,,HU,16.9N,81.8W,75,,,,,,,,,,,,,
AL,UNNAMED,1910,5,59,19101013,0,,HU,17.7N,82.1W,85,,,,,,,,,,,,,
AL,UNNAMED,1910,5,59,19101013,600,,HU,18.6N,82.3W,90,,,,,,,,,,,,,
AL,UNNAMED,1910,5,59,19101013,1200,,HU,19.5N,82.5W,95,,,,,,,,,,,,,
AL,UNNAMED,1910,5,59,19101013,1800,,HU,20.4N,82.7W,95,,,,,,,,,,,,,
AL,UNNAMED,1910,5,59,19101014,0,,HU,21.4N,83.0W,100,,,,,,,,,,,,,
AL,UNNAMED,1910,5,59,19101014,600,,HU,22.3N,83.6W,100,960,,,,,,,,,,,,
AL,UNNAMED,1910,5,59,19101014,1200,,HU,23.0N,84.0W,90,,,,,,,,,,,,,
AL,UNNAMED,1910,5,59,19101014,1800,,HU,23.3N,84.2W,85,,,,,,,,,,,,,
AL,UNNAMED,1910,5,59,19101015,0,,HU,23.6N,84.4W,90,,,,,,,,,,,,,
AL,UNNAMED,1910,5,59,19101015,600,,HU,23.7N,84.7W,90,,,,,,,,,,,,,
AL,UNNAMED,1910,5,59,19101015,1200,,HU,23.7N,85.0W,90,,,,,,,,,,,,,
AL,UNNAMED,1910,5,59,19101015,1800,,HU,23.6N,85.2W,90,,,,,,,,,,,,,
AL,UNNAMED,1910,5,59,19101016,0,,HU,23.4N,85.3W,100,,,,,,,,,,,,,
AL,UNNAMED,1910,5,59,19101016,600,,HU,23.2N,85.4W,110,,,,,,,,,,,,,
AL,UNNAMED,1910,5,59,19101016,1200,,HU,22.9N,85.5W,120,,,,,,,,,,,,,
AL,UNNAMED,1910,5,59,19101016,1800,,HU,22.4N,85.4W,130,,,,,,,,,,,,,
AL,UNNAMED,1910,5,59,19101017,0,,HU,22.1N,84.9W,130,924,,,,,,,,,,,,
AL,UNNAMED,1910,5,59,19101017,600,,HU,22.5N,84.3W,125,,,,,,,,,,,,,
AL,UNNAMED,1910,5,59,19101017,1200,,HU,23.4N,83.5W,120,,,,,,,,,,,,,
AL,UNNAMED,1910,5,59,19101017,1800,,HU,24.4N,82.8W,115,941,,,,,,,,,,,,
AL,UNNAMED,1910,5,59,19101018,0,,HU,25.5N,82.2W,105,,,,,,,,,,,,,
AL,UNNAMED,1910,5,59,19101018,600,L,HU,26.5N,82.0W,95,955,,,,,,,,,,,,
AL,UNNAMED,1910,5,59,19101018,1200,,HU,27.5N,81.9W,70,,,,,,,,,,,,,
AL,UNNAMED,1910,5,59,19101018,1800,,TS,28.3N,81.9W,60,,,,,,,,,,,,,
AL,UNNAMED,1910,5,59,19101019,0,,TS,29.2N,81.9W,50,,,,,,,,,,,,,
AL,UNNAMED,1910,5,59,19101019,600,,TS,30.1N,81.9W,50,,,,,,,,,,,,,
AL,UNNAMED,1910,5,59,19101019,1200,,TS,31.0N,81.6W,50,,,,,,,,,,,,,
AL,UNNAMED,1910,5,59,19101019,1800,,TS,32.0N,80.6W,60,,,,,,,,,,,,,
AL,UNNAMED,1910,5,59,19101020,0,,TS,32.7N,79.8W,60,,,,,,,,,,,,,
AL,UNNAMED,1910,5,59,19101020,600,,TS,33.6N,78.5W,60,,,,,,,,,,,,,
AL,UNNAMED,1910,5,59,19101020,1200,,TS,34.4N,77.1W,55,,,,,,,,,,,,,
AL,UNNAMED,1910,5,59,19101020,1800,,TS,35.3N,75.0W,50,,,,,,,,,,,,,
AL,UNNAMED,1910,5,59,19101021,0,,TS,36.0N,72.3W,45,,,,,,,,,,,,,
AL,UNNAMED,1910,5,59,19101021,600,,EX,36.6N,69.0W,45,,,,,,,,,,,,,
AL,UNNAMED,1910,5,59,19101021,1200,,EX,37.0N,66.0W,45,,,,,,,,,,,,,
AL,UNNAMED,1910,5,59,19101021,1800,,EX,37.0N,64.4W,40,,,,,,,,,,,,,
AL,UNNAMED,1910,5,59,19101022,0,,EX,36.8N,63.2W,40,,,,,,,,,,,,,
AL,UNNAMED,1910,5,59,19101022,600,,EX,36.4N,61.8W,40,,,,,,,,,,,,,
AL,UNNAMED,1910,5,59,19101022,1200,,EX,36.0N,61.0W,40,,,,,,,,,,,,,
AL,UNNAMED,1910,5,59,19101022,1800,,EX,35.8N,60.1W,40,,,,,,,,,,,,,
AL,UNNAMED,1910,5,59,19101023,0,,EX,35.7N,58.9W,35,,,,,,,,,,,,,
AL,UNNAMED,1910,5,59,19101023,600,,EX,35.7N,58.2W,35,,,,,,,,,,,,,
AL,UNNAMED,1910,5,59,19101023,1200,,EX,35.7N,57.3W,35,,,,,,,,,,,,,
AL,UNNAMED,1910,5,59,19101023,1800,,EX,35.7N,56.4W,35,,,,,,,,,,,,,
AL,UNNAMED,1911,1,31,19110804,1200,,TD,31.0N,86.0W,20,,,,,,,,,,,,,
AL,UNNAMED,1911,1,31,19110804,1800,,TD,31.1N,84.8W,20,,,,,,,,,,,,,
AL,UNNAMED,1911,1,31,19110805,0,,TD,31.2N,83.7W,20,,,,,,,,,,,,,
AL,UNNAMED,1911,1,31,19110805,600,,TD,31.3N,82.6W,20,,,,,,,,,,,,,
AL,UNNAMED,1911,1,31,19110805,1200,,TD,31.5N,81.5W,25,,,,,,,,,,,,,
AL,UNNAMED,1911,1,31,19110805,1800,,TD,31.7N,80.5W,25,,,,,,,,,,,,,
AL,UNNAMED,1911,1,31,19110806,0,,TD,31.8N,79.5W,25,,,,,,,,,,,,,
AL,UNNAMED,1911,1,31,19110806,600,,TD,31.9N,78.5W,25,,,,,,,,,,,,,
AL,UNNAMED,1911,1,31,19110806,1200,,TD,32.0N,77.5W,25,,,,,,,,,,,,,
AL,UNNAMED,1911,1,31,19110806,1800,,TD,32.0N,76.4W,25,,,,,,,,,,,,,
AL,UNNAMED,1911,1,31,19110807,0,,TD,32.0N,75.3W,30,,,,,,,,,,,,,
AL,UNNAMED,1911,1,31,19110807,600,,TD,32.0N,74.2W,30,,,,,,,,,,,,,
AL,UNNAMED,1911,1,31,19110807,1200,,TD,32.0N,73.0W,30,,,,,,,,,,,,,
AL,UNNAMED,1911,1,31,19110807,1800,,TD,32.0N,71.9W,30,,,,,,,,,,,,,
AL,UNNAMED,1911,1,31,19110808,0,,TD,32.0N,70.8W,30,,,,,,,,,,,,,
AL,UNNAMED,1911,1,31,19110808,600,,TD,32.0N,69.7W,30,,,,,,,,,,,,,
AL,UNNAMED,1911,1,31,19110808,1200,,TD,32.0N,68.5W,30,,,,,,,,,,,,,
AL,UNNAMED,1911,1,31,19110808,1800,,TD,32.3N,67.2W,30,,,,,,,,,,,,,
AL,UNNAMED,1911,1,31,19110809,0,,TS,32.8N,66.0W,35,,,,,,,,,,,,,
AL,UNNAMED,1911,1,31,19110809,600,,TS,33.4N,64.7W,35,,,,,,,,,,,,,
AL,UNNAMED,1911,1,31,19110809,1200,,TS,34.0N,63.5W,35,,,,,,,,,,,,,
AL,UNNAMED,1911,1,31,19110809,1800,,TS,34.6N,62.3W,35,,,,,,,,,,,,,
AL,UNNAMED,1911,1,31,19110810,0,,TS,35.2N,61.1W,40,,,,,,,,,,,,,
AL,UNNAMED,1911,1,31,19110810,600,,TS,35.8N,59.9W,45,,,,,,,,,,,,,
AL,UNNAMED,1911,1,31,19110810,1200,,TS,36.5N,58.5W,50,,,,,,,,,,,,,
AL,UNNAMED,1911,1,31,19110810,1800,,TS,37.4N,56.8W,50,,,,,,,,,,,,,
AL,UNNAMED,1911,1,31,19110811,0,,TS,38.4N,54.6W,50,,,,,,,,,,,,,
AL,UNNAMED,1911,1,31,19110811,600,,TS,39.5N,52.0W,45,,,,,,,,,,,,,
AL,UNNAMED,1911,1,31,19110811,1200,,TS,41.0N,49.0W,40,,,,,,,,,,,,,
AL,UNNAMED,1911,1,31,19110811,1800,,TS,42.5N,46.0W,35,,,,,,,,,,,,,
AL,UNNAMED,1911,1,31,19110812,0,,TD,44.0N,43.0W,30,,,,,,,,,,,,,
AL,UNNAMED,1911,2,26,19110808,1200,,TD,25.5N,82.5W,30,,,,,,,,,,,,,
AL,UNNAMED,1911,2,26,19110808,1800,,TD,25.5N,82.6W,30,,,,,,,,,,,,,
AL,UNNAMED,1911,2,26,19110809,0,,TD,25.5N,82.7W,30,,,,,,,,,,,,,
AL,UNNAMED,1911,2,26,19110809,600,,TS,25.5N,82.8W,35,,,,,,,,,,,,,
AL,UNNAMED,1911,2,26,19110809,1200,,TS,25.7N,83.0W,35,,,,,,,,,,,,,
AL,UNNAMED,1911,2,26,19110809,1800,,TS,26.0N,83.3W,35,,,,,,,,,,,,,
AL,UNNAMED,1911,2,26,19110810,0,,TS,26.5N,83.6W,40,,,,,,,,,,,,,
AL,UNNAMED,1911,2,26,19110810,600,,TS,27.1N,83.9W,45,,,,,,,,,,,,,
AL,UNNAMED,1911,2,26,19110810,1200,,TS,27.6N,84.3W,50,,,,,,,,,,,,,
AL,UNNAMED,1911,2,26,19110810,1800,,TS,28.1N,84.8W,55,,,,,,,,,,,,,
AL,UNNAMED,1911,2,26,19110811,0,,TS,28.6N,85.4W,60,,,,,,,,,,,,,
AL,UNNAMED,1911,2,26,19110811,600,,HU,29.0N,85.9W,65,,,,,,,,,,,,,
AL,UNNAMED,1911,2,26,19110811,1200,,HU,29.5N,86.5W,70,,,,,,,,,,,,,
AL,UNNAMED,1911,2,26,19110811,1800,,HU,30.0N,87.1W,70,,,,,,,,,,,,,
AL,UNNAMED,1911,2,26,19110811,2200,L,HU,30.3N,87.5W,70,,,,,,,,,,,,,
AL,UNNAMED,1911,2,26,19110812,0,,HU,30.4N,87.7W,65,,,,,,,,,,,,,
AL,UNNAMED,1911,2,26,19110812,600,,TS,30.6N,88.3W,55,,,,,,,,,,,,,
AL,UNNAMED,1911,2,26,19110812,1200,,TS,30.8N,89.0W,45,,,,,,,,,,,,,
AL,UNNAMED,1911,2,26,19110812,1800,,TS,30.9N,89.8W,40,,,,,,,,,,,,,
AL,UNNAMED,1911,2,26,19110813,0,,TS,31.0N,90.7W,35,,,,,,,,,,,,,
AL,UNNAMED,1911,2,26,19110813,600,,TD,31.0N,91.6W,30,,,,,,,,,,,,,
AL,UNNAMED,1911,2,26,19110813,1200,,TD,31.0N,92.5W,30,,,,,,,,,,,,,
AL,UNNAMED,1911,2,26,19110813,1800,,TD,31.4N,93.0W,30,,,,,,,,,,,,,
AL,UNNAMED,1911,2,26,19110814,0,,TD,32.2N,93.3W,25,,,,,,,,,,,,,
AL,UNNAMED,1911,2,26,19110814,600,,TD,33.4N,93.4W,20,,,,,,,,,,,,,
AL,UNNAMED,1911,2,26,19110814,1200,,TD,35.0N,93.5W,20,,,,,,,,,,,,,
AL,UNNAMED,1911,3,35,19110823,600,,TS,25.2N,65.5W,35,,,,,,,,,,,,,
AL,UNNAMED,1911,3,35,19110823,1200,,TS,25.5N,66.5W,40,,,,,,,,,,,,,
AL,UNNAMED,1911,3,35,19110823,1800,,TS,25.8N,67.4W,40,,,,,,,,,,,,,
AL,UNNAMED,1911,3,35,19110824,0,,TS,26.1N,68.3W,45,,,,,,,,,,,,,
AL,UNNAMED,1911,3,35,19110824,600,,TS,26.3N,69.2W,50,,,,,,,,,,,,,
AL,UNNAMED,1911,3,35,19110824,1200,,TS,26.5N,70.0W,55,,,,,,,,,,,,,
AL,UNNAMED,1911,3,35,19110824,1800,,TS,26.7N,70.7W,60,,,,,,,,,,,,,
AL,UNNAMED,1911,3,35,19110825,0,,HU,26.9N,71.4W,65,,,,,,,,,,,,,
AL,UNNAMED,1911,3,35,19110825,600,,HU,27.2N,72.1W,70,,,,,,,,,,,,,
AL,UNNAMED,1911,3,35,19110825,1200,,HU,27.5N,72.8W,70,,,,,,,,,,,,,
AL,UNNAMED,1911,3,35,19110825,1800,,HU,28.0N,73.5W,75,,,,,,,,,,,,,
AL,UNNAMED,1911,3,35,19110826,0,,HU,28.7N,74.3W,80,,,,,,,,,,,,,
AL,UNNAMED,1911,3,35,19110826,600,,HU,29.6N,75.1W,80,,,,,,,,,,,,,
AL,UNNAMED,1911,3,35,19110826,1200,,HU,30.1N,75.8W,80,,,,,,,,,,,,,
AL,UNNAMED,1911,3,35,19110826,1800,,HU,30.5N,76.4W,80,,,,,,,,,,,,,
AL,UNNAMED,1911,3,35,19110827,0,,HU,30.8N,77.1W,80,,,,,,,,,,,,,
AL,UNNAMED,1911,3,35,19110827,600,,HU,31.1N,77.8W,80,,,,,,,,,,,,,
AL,UNNAMED,1911,3,35,19110827,1200,,HU,31.5N,78.7W,85,,,,,,,,,,,,,
AL,UNNAMED,1911,3,35,19110827,1800,,HU,31.8N,79.2W,85,,,,,,,,,,,,,
AL,UNNAMED,1911,3,35,19110828,0,,HU,32.0N,79.6W,85,,,,,,,,,,,,,
AL,UNNAMED,1911,3,35,19110828,600,,HU,32.1N,80.3W,85,972,,,,,,,,,,,,
AL,UNNAMED,1911,3,35,19110828,1000,L,HU,32.2N,80.7W,85,972,,,,,,,,,,,,
AL,UNNAMED,1911,3,35,19110828,1200,,HU,32.2N,81.0W,65,,,,,,,,,,,,,
AL,UNNAMED,1911,3,35,19110828,1800,,TS,32.3N,81.5W,50,,,,,,,,,,,,,
AL,UNNAMED,1911,3,35,19110829,0,,TS,32.4N,82.0W,45,,,,,,,,,,,,,
AL,UNNAMED,1911,3,35,19110829,600,,TS,32.3N,82.5W,35,,,,,,,,,,,,,
AL,UNNAMED,1911,3,35,19110829,1200,,TS,32.1N,83.0W,35,,,,,,,,,,,,,
AL,UNNAMED,1911,3,35,19110829,1800,,TD,32.0N,83.4W,30,,,,,,,,,,,,,
AL,UNNAMED,1911,3,35,19110830,0,,TD,32.2N,83.7W,30,,,,,,,,,,,,,
AL,UNNAMED,1911,3,35,19110830,600,,TD,33.0N,83.9W,30,,,,,,,,,,,,,
AL,UNNAMED,1911,3,35,19110830,1200,,EX,34.0N,84.0W,30,,,,,,,,,,,,,
AL,UNNAMED,1911,3,35,19110830,1800,,EX,34.8N,83.5W,30,,,,,,,,,,,,,
AL,UNNAMED,1911,3,35,19110831,0,,EX,35.4N,82.5W,25,,,,,,,,,,,,,
AL,UNNAMED,1911,3,35,19110831,600,,EX,35.8N,81.0W,25,,,,,,,,,,,,,
AL,UNNAMED,1911,3,35,19110831,1200,,EX,36.0N,79.5W,20,,,,,,,,,,,,,
AL,UNNAMED,1911,4,38,19110903,1200,,TD,12.0N,57.0W,30,,,,,,,,,,,,,
AL,UNNAMED,1911,4,38,19110903,1800,,TD,12.2N,58.4W,30,,,,,,,,,,,,,
AL,UNNAMED,1911,4,38,19110904,0,,TD,12.4N,59.8W,30,,,,,,,,,,,,,
AL,UNNAMED,1911,4,38,19110904,600,,TD,12.6N,61.2W,30,,,,,,,,,,,,,
AL,UNNAMED,1911,4,38,19110904,1200,,TS,12.8N,62.5W,35,,,,,,,,,,,,,
AL,UNNAMED,1911,4,38,19110904,1800,,TS,12.9N,63.7W,35,,,,,,,,,,,,,
AL,UNNAMED,1911,4,38,19110905,0,,TS,13.0N,64.8W,35,,,,,,,,,,,,,
AL,UNNAMED,1911,4,38,19110905,600,,TS,13.0N,65.9W,35,,,,,,,,,,,,,
AL,UNNAMED,1911,4,38,19110905,1200,,TS,13.0N,67.0W,35,,,,,,,,,,,,,
AL,UNNAMED,1911,4,38,19110905,1800,,TS,13.0N,68.0W,40,,,,,,,,,,,,,
AL,UNNAMED,1911,4,38,19110906,0,,TS,13.0N,69.0W,40,,,,,,,,,,,,,
AL,UNNAMED,1911,4,38,19110906,600,,TS,13.0N,70.0W,45,,,,,,,,,,,,,
AL,UNNAMED,1911,4,38,19110906,1200,,TS,13.0N,71.0W,45,,,,,,,,,,,,,
AL,UNNAMED,1911,4,38,19110906,1800,,TS,12.9N,71.8W,50,,,,,,,,,,,,,
AL,UNNAMED,1911,4,38,19110907,0,,TS,12.8N,72.4W,50,,,,,,,,,,,,,
AL,UNNAMED,1911,4,38,19110907,600,,TS,12.7N,73.0W,55,,,,,,,,,,,,,
AL,UNNAMED,1911,4,38,19110907,1200,,TS,12.5N,73.5W,55,,,,,,,,,,,,,
AL,UNNAMED,1911,4,38,19110907,1800,,TS,12.3N,74.1W,60,,,,,,,,,,,,,
AL,UNNAMED,1911,4,38,19110908,0,,TS,12.2N,74.7W,60,,,,,,,,,,,,,
AL,UNNAMED,1911,4,38,19110908,600,,HU,12.1N,75.3W,65,,,,,,,,,,,,,
AL,UNNAMED,1911,4,38,19110908,1200,,HU,12.0N,76.0W,70,,,,,,,,,,,,,
AL,UNNAMED,1911,4,38,19110908,1800,,HU,12.0N,76.8W,70,,,,,,,,,,,,,
AL,UNNAMED,1911,4,38,19110909,0,,HU,12.1N,77.7W,75,,,,,,,,,,,,,
AL,UNNAMED,1911,4,38,19110909,600,,HU,12.2N,78.7W,80,,,,,,,,,,,,,
AL,UNNAMED,1911,4,38,19110909,1200,,HU,12.3N,79.7W,85,,,,,,,,,,,,,
AL,UNNAMED,1911,4,38,19110909,1800,,HU,12.4N,80.9W,85,,,,,,,,,,,,,
AL,UNNAMED,1911,4,38,19110910,0,,HU,12.6N,82.2W,85,,,,,,,,,,,,,
AL,UNNAMED,1911,4,38,19110910,600,,HU,12.8N,83.4W,85,,,,,,,,,,,,,
AL,UNNAMED,1911,4,38,19110910,1200,,TS,13.0N,84.6W,60,,,,,,,,,,,,,
AL,UNNAMED,1911,4,38,19110910,1800,,TS,13.2N,85.7W,45,,,,,,,,,,,,,
AL,UNNAMED,1911,4,38,19110911,0,,TS,13.3N,86.8W,40,,,,,,,,,,,,,
AL,UNNAMED,1911,4,38,19110911,600,,TS,13.4N,87.9W,40,,,,,,,,,,,,,
AL,UNNAMED,1911,4,38,19110911,1200,,TS,13.4N,89.0W,35,,,,,,,,,,,,,
AL,UNNAMED,1911,4,38,19110911,1800,,TS,13.6N,90.2W,35,,,,,,,,,,,,,
AL,UNNAMED,1911,4,38,19110912,0,,TS,13.8N,91.6W,35,,,,,,,,,,,,,
AL,UNNAMED,1911,4,38,19110912,600,,TS,14.0N,93.1W,35,,,,,,,,,,,,,
AL,UNNAMED,1911,4,38,19110912,1200,,TD,14.0N,93.5W,30,,,,,,,,,,,,,
AL,UNNAMED,1911,4,38,19110912,1800,,TD,14.1N,94.0W,30,,,,,,,,,,,,,
AL,UNNAMED,1911,5,22,19110915,1200,,TS,34.0N,55.0W,45,,,,,,,,,,,,,
AL,UNNAMED,1911,5,22,19110915,1800,,TS,34.0N,55.0W,45,,,,,,,,,,,,,
AL,UNNAMED,1911,5,22,19110916,0,,TS,34.0N,55.0W,45,,,,,,,,,,,,,
AL,UNNAMED,1911,5,22,19110916,600,,TS,34.0N,55.1W,50,,,,,,,,,,,,,
AL,UNNAMED,1911,5,22,19110916,1200,,TS,34.0N,55.5W,50,,,,,,,,,,,,,
AL,UNNAMED,1911,5,22,19110916,1800,,TS,34.0N,56.3W,50,,,,,,,,,,,,,
AL,UNNAMED,1911,5,22,19110917,0,,TS,34.0N,57.3W,55,,,,,,,,,,,,,
AL,UNNAMED,1911,5,22,19110917,600,,TS,34.0N,58.7W,55,,,,,,,,,,,,,
AL,UNNAMED,1911,5,22,19110917,1200,,TS,34.0N,60.0W,55,,,,,,,,,,,,,
AL,UNNAMED,1911,5,22,19110917,1800,,TS,34.5N,61.0W,55,,,,,,,,,,,,,
AL,UNNAMED,1911,5,22,19110918,0,,TS,35.5N,61.8W,50,,,,,,,,,,,,,
AL,UNNAMED,1911,5,22,19110918,600,,TS,37.0N,62.6W,50,,,,,,,,,,,,,
AL,UNNAMED,1911,5,22,19110918,1200,,TS,38.0N,63.5W,45,,,,,,,,,,,,,
AL,UNNAMED,1911,5,22,19110918,1800,,TS,38.8N,64.5W,45,,,,,,,,,,,,,
AL,UNNAMED,1911,5,22,19110919,0,,TS,39.4N,65.7W,40,,,,,,,,,,,,,
AL,UNNAMED,1911,5,22,19110919,600,,TS,39.8N,66.7W,40,,,,,,,,,,,,,
AL,UNNAMED,1911,5,22,19110919,1200,,EX,40.0N,67.5W,40,,,,,,,,,,,,,
AL,UNNAMED,1911,5,22,19110919,1800,,EX,39.9N,67.8W,40,,,,,,,,,,,,,
AL,UNNAMED,1911,5,22,19110920,0,,EX,39.6N,67.6W,35,,,,,,,,,,,,,
AL,UNNAMED,1911,5,22,19110920,600,,EX,39.3N,67.3W,35,,,,,,,,,,,,,
AL,UNNAMED,1911,5,22,19110920,1200,,EX,39.0N,67.0W,30,,,,,,,,,,,,,
AL,UNNAMED,1911,5,22,19110920,1800,,EX,38.7N,66.7W,25,,,,,,,,,,,,,
AL,UNNAMED,1911,6,25,19111026,0,,TD,22.5N,75.5W,30,,,,,,,,,,,,,
AL,UNNAMED,1911,6,25,19111026,600,,TD,22.5N,77.0W,30,,,,,,,,,,,,,
AL,UNNAMED,1911,6,25,19111026,1200,,TD,22.5N,78.5W,30,,,,,,,,,,,,,
AL,UNNAMED,1911,6,25,19111026,1800,,TD,22.4N,79.9W,30,,,,,,,,,,,,,
AL,UNNAMED,1911,6,25,19111027,0,,TD,22.3N,81.3W,30,,,,,,,,,,,,,
AL,UNNAMED,1911,6,25,19111027,600,,TS,22.2N,82.7W,35,,,,,,,,,,,,,
AL,UNNAMED,1911,6,25,19111027,1200,,TS,22.0N,84.0W,45,,,,,,,,,,,,,
AL,UNNAMED,1911,6,25,19111027,1800,,TS,21.7N,84.8W,45,,,,,,,,,,,,,
AL,UNNAMED,1911,6,25,19111028,0,,TS,21.4N,85.3W,45,,,,,,,,,,,,,
AL,UNNAMED,1911,6,25,19111028,600,,TS,21.2N,85.7W,45,,,,,,,,,,,,,
AL,UNNAMED,1911,6,25,19111028,1200,,TS,21.0N,86.0W,45,,,,,,,,,,,,,
AL,UNNAMED,1911,6,25,19111028,1800,,TS,20.8N,86.2W,45,,,,,,,,,,,,,
AL,UNNAMED,1911,6,25,19111029,0,,TS,20.6N,86.4W,45,,,,,,,,,,,,,
AL,UNNAMED,1911,6,25,19111029,600,,TS,20.5N,86.5W,40,,,,,,,,,,,,,
AL,UNNAMED,1911,6,25,19111029,1200,,TS,20.5N,86.5W,40,,,,,,,,,,,,,
AL,UNNAMED,1911,6,25,19111029,1800,,TS,20.8N,86.4W,35,,,,,,,,,,,,,
AL,UNNAMED,1911,6,25,19111030,0,,TS,21.2N,86.3W,35,,,,,,,,,,,,,
AL,UNNAMED,1911,6,25,19111030,600,,TS,21.8N,86.1W,35,,,,,,,,,,,,,
AL,UNNAMED,1911,6,25,19111030,1200,,TS,22.5N,85.9W,35,,,,,,,,,,,,,
AL,UNNAMED,1911,6,25,19111030,1800,,TS,23.5N,86.0W,40,,,,,,,,,,,,,
AL,UNNAMED,1911,6,25,19111031,0,,TS,24.5N,86.1W,45,,,,,,,,,,,,,
AL,UNNAMED,1911,6,25,19111031,600,,TS,25.5N,86.1W,45,,,,,,,,,,,,,
AL,UNNAMED,1911,6,25,19111031,1200,,TS,26.5N,86.0W,45,,,,,,,,,,,,,
AL,UNNAMED,1911,6,25,19111031,1800,,EX,27.5N,85.0W,35,,,,,,,,,,,,,
AL,UNNAMED,1911,6,25,19111101,0,,EX,29.0N,82.5W,25,,,,,,,,,,,,,
AL,UNNAMED,1912,1,42,19120607,1200,,TS,28.0N,88.0W,35,,,,,,,,,,,,,
AL,UNNAMED,1912,1,42,19120607,1800,,TS,27.7N,87.7W,35,,,,,,,,,,,,,
AL,UNNAMED,1912,1,42,19120608,0,,TS,27.4N,87.4W,40,,,,,,,,,,,,,
AL,UNNAMED,1912,1,42,19120608,600,,TS,27.2N,87.1W,45,,,,,,,,,,,,,
AL,UNNAMED,1912,1,42,19120608,1200,,TS,27.0N,87.0W,50,,,,,,,,,,,,,
AL,UNNAMED,1912,1,42,19120608,1800,,TS,26.8N,87.3W,50,,,,,,,,,,,,,
AL,UNNAMED,1912,1,42,19120609,0,,TS,26.7N,87.8W,50,,,,,,,,,,,,,
AL,UNNAMED,1912,1,42,19120609,600,,TS,26.6N,88.4W,55,,,,,,,,,,,,,
AL,UNNAMED,1912,1,42,19120609,1200,,TS,26.5N,89.0W,60,,,,,,,,,,,,,
AL,UNNAMED,1912,1,42,19120609,1800,,TS,26.4N,89.5W,60,,,,,,,,,,,,,
AL,UNNAMED,1912,1,42,19120610,0,,TS,26.2N,90.0W,60,,,,,,,,,,,,,
AL,UNNAMED,1912,1,42,19120610,600,,TS,26.1N,90.5W,60,,,,,,,,,,,,,
AL,UNNAMED,1912,1,42,19120610,1200,,TS,26.0N,91.0W,60,,,,,,,,,,,,,
AL,UNNAMED,1912,1,42,19120610,1800,,TS,26.1N,91.2W,60,,,,,,,,,,,,,
AL,UNNAMED,1912,1,42,19120611,0,,TS,26.2N,91.3W,60,,,,,,,,,,,,,
AL,UNNAMED,1912,1,42,19120611,600,,TS,26.3N,91.4W,60,,,,,,,,,,,,,
AL,UNNAMED,1912,1,42,19120611,1200,,TS,26.5N,91.5W,60,,,,,,,,,,,,,
AL,UNNAMED,1912,1,42,19120611,1800,,TS,26.8N,91.7W,60,,,,,,,,,,,,,
AL,UNNAMED,1912,1,42,19120612,0,,TS,27.2N,92.0W,60,,,,,,,,,,,,,
AL,UNNAMED,1912,1,42,19120612,600,,TS,27.6N,92.3W,60,,,,,,,,,,,,,
AL,UNNAMED,1912,1,42,19120612,1200,,TS,28.0N,92.5W,60,,,,,,,,,,,,,
AL,UNNAMED,1912,1,42,19120612,1800,,TS,28.5N,92.4W,60,,,,,,,,,,,,,
AL,UNNAMED,1912,1,42,19120613,0,,TS,29.1N,92.0W,60,,,,,,,,,,,,,
AL,UNNAMED,1912,1,42,19120613,500,L,TS,29.6N,91.6W,60,,,,,,,,,,,,,
AL,UNNAMED,1912,1,42,19120613,600,,TS,29.8N,91.5W,55,,,,,,,,,,,,,
AL,UNNAMED,1912,1,42,19120613,1200,,TS,30.5N,90.8W,50,,,,,,,,,,,,,
AL,UNNAMED,1912,1,42,19120613,1800,,TS,31.5N,89.5W,45,,,,,,,,,,,,,
AL,UNNAMED,1912,1,42,19120614,0,,TS,32.5N,87.5W,40,,,,,,,,,,,,,
AL,UNNAMED,1912,1,42,19120614,600,,EX,33.5N,84.5W,35,,,,,,,,,,,,,
AL,UNNAMED,1912,1,42,19120614,1200,,EX,34.5N,81.0W,35,,,,,,,,,,,,,
AL,UNNAMED,1912,1,42,19120614,1800,,EX,35.0N,78.5W,35,,,,,,,,,,,,,
AL,UNNAMED,1912,1,42,19120615,0,,EX,35.3N,77.0W,35,,,,,,,,,,,,,
AL,UNNAMED,1912,1,42,19120615,600,,EX,35.4N,75.6W,40,,,,,,,,,,,,,
AL,UNNAMED,1912,1,42,19120615,1200,,EX,35.5N,74.5W,40,,,,,,,,,,,,,
AL,UNNAMED,1912,1,42,19120615,1800,,EX,35.5N,73.0W,40,,,,,,,,,,,,,
AL,UNNAMED,1912,1,42,19120616,0,,TS,35.5N,71.0W,35,,,,,,,,,,,,,
AL,UNNAMED,1912,1,42,19120616,600,,TS,35.5N,69.4W,35,,,,,,,,,,,,,
AL,UNNAMED,1912,1,42,19120616,1200,,TD,35.5N,68.0W,30,,,,,,,,,,,,,
AL,UNNAMED,1912,1,42,19120616,1800,,TD,35.3N,67.0W,30,,,,,,,,,,,,,
AL,UNNAMED,1912,1,42,19120617,0,,TD,35.1N,66.1W,30,,,,,,,,,,,,,
AL,UNNAMED,1912,1,42,19120617,600,,TD,34.8N,65.3W,30,,,,,,,,,,,,,
AL,UNNAMED,1912,1,42,19120617,1200,,TD,34.5N,64.5W,30,,,,,,,,,,,,,
AL,UNNAMED,1912,2,22,19120712,1200,,TS,25.0N,74.0W,35,,,,,,,,,,,,,
AL,UNNAMED,1912,2,22,19120712,1800,,TS,25.8N,74.5W,35,,,,,,,,,,,,,
AL,UNNAMED,1912,2,22,19120713,0,,TS,26.6N,75.0W,35,,,,,,,,,,,,,
AL,UNNAMED,1912,2,22,19120713,600,,TS,27.3N,75.5W,35,,,,,,,,,,,,,
AL,UNNAMED,1912,2,22,19120713,1200,,TS,28.0N,76.0W,35,,,,,,,,,,,,,
AL,UNNAMED,1912,2,22,19120713,1800,,TS,28.5N,76.4W,35,,,,,,,,,,,,,
AL,UNNAMED,1912,2,22,19120714,0,,TS,28.9N,76.7W,35,,,,,,,,,,,,,
AL,UNNAMED,1912,2,22,19120714,600,,TS,29.3N,77.1W,35,,,,,,,,,,,,,
AL,UNNAMED,1912,2,22,19120714,1200,,TS,29.7N,77.5W,35,,,,,,,,,,,,,
AL,UNNAMED,1912,2,22,19120714,1800,,TS,30.0N,78.1W,40,,,,,,,,,,,,,
AL,UNNAMED,1912,2,22,19120715,0,,TS,30.4N,78.8W,40,,,,,,,,,,,,,
AL,UNNAMED,1912,2,22,19120715,600,,TS,30.9N,79.7W,40,,,,,,,,,,,,,
AL,UNNAMED,1912,2,22,19120715,1200,,TS,31.3N,80.7W,45,,,,,,,,,,,,,
AL,UNNAMED,1912,2,22,19120715,1500,L,TS,31.3N,81.3W,45,,,,,,,,,,,,,
AL,UNNAMED,1912,2,22,19120715,1800,,TS,31.3N,81.9W,40,,,,,,,,,,,,,
AL,UNNAMED,1912,2,22,19120716,0,,TS,31.3N,83.1W,40,,,,,,,,,,,,,
AL,UNNAMED,1912,2,22,19120716,600,,TS,31.3N,84.3W,35,,,,,,,,,,,,,
AL,UNNAMED,1912,2,22,19120716,1200,,TD,31.3N,85.5W,30,,,,,,,,,,,,,
AL,UNNAMED,1912,2,22,19120716,1800,,TD,31.4N,86.5W,25,,,,,,,,,,,,,
AL,UNNAMED,1912,2,22,19120717,0,,TD,31.5N,87.5W,25,,,,,,,,,,,,,
AL,UNNAMED,1912,2,22,19120717,600,,TD,31.6N,88.4W,20,,,,,,,,,,,,,
AL,UNNAMED,1912,2,22,19120717,1200,,TD,31.7N,89.3W,20,,,,,,,,,,,,,
AL,UNNAMED,1912,3,20,19120902,0,,TD,38.2N,72.5W,30,,,,,,,,,,,,,
AL,UNNAMED,1912,3,20,19120902,600,,TD,38.1N,72.5W,30,,,,,,,,,,,,,
AL,UNNAMED,1912,3,20,19120902,1200,,TS,38.0N,72.5W,35,,,,,,,,,,,,,
AL,UNNAMED,1912,3,20,19120902,1800,,TS,37.8N,72.5W,40,,,,,,,,,,,,,
AL,UNNAMED,1912,3,20,19120903,0,,TS,37.6N,72.5W,45,,,,,,,,,,,,,
AL,UNNAMED,1912,3,20,19120903,600,,TS,37.3N,72.5W,45,,,,,,,,,,,,,
AL,UNNAMED,1912,3,20,19120903,1200,,TS,37.0N,72.5W,45,,,,,,,,,,,,,
AL,UNNAMED,1912,3,20,19120903,1800,,TS,36.5N,72.8W,45,,,,,,,,,,,,,
AL,UNNAMED,1912,3,20,19120904,0,,TS,36.0N,73.2W,40,,,,,,,,,,,,,
AL,UNNAMED,1912,3,20,19120904,600,,TS,35.5N,73.5W,40,,,,,,,,,,,,,
AL,UNNAMED,1912,3,20,19120904,1200,,TS,35.0N,74.0W,40,,,,,,,,,,,,,
AL,UNNAMED,1912,3,20,19120904,1800,,TS,34.5N,74.7W,40,,,,,,,,,,,,,
AL,UNNAMED,1912,3,20,19120905,0,,TS,34.0N,75.4W,35,,,,,,,,,,,,,
AL,UNNAMED,1912,3,20,19120905,600,,TS,33.5N,76.2W,35,,,,,,,,,,,,,
AL,UNNAMED,1912,3,20,19120905,1200,,TS,33.0N,77.0W,35,,,,,,,,,,,,,
AL,UNNAMED,1912,3,20,19120905,1800,,TD,32.6N,78.0W,30,,,,,,,,,,,,,
AL,UNNAMED,1912,3,20,19120906,0,,TD,32.2N,79.2W,30,,,,,,,,,,,,,
AL,UNNAMED,1912,3,20,19120906,600,,TD,31.8N,80.7W,30,,,,,,,,,,,,,
AL,UNNAMED,1912,3,20,19120906,1200,,TD,31.5N,82.5W,25,,,,,,,,,,,,,
AL,UNNAMED,1912,3,20,19120906,1800,,TD,31.3N,84.5W,20,,,,,,,,,,,,,
AL,UNNAMED,1912,4,21,19120910,1200,,TD,29.0N,84.0W,30,,,,,,,,,,,,,
AL,UNNAMED,1912,4,21,19120910,1800,,TS,29.0N,84.3W,35,,,,,,,,,,,,,
AL,UNNAMED,1912,4,21,19120911,0,,TS,29.0N,84.5W,40,,,,,,,,,,,,,
AL,UNNAMED,1912,4,21,19120911,600,,TS,29.0N,84.8W,45,,,,,,,,,,,,,
AL,UNNAMED,1912,4,21,19120911,1200,,TS,29.0N,85.0W,50,,,,,,,,,,,,,
AL,UNNAMED,1912,4,21,19120911,1800,,TS,28.9N,85.2W,55,,,,,,,,,,,,,
AL,UNNAMED,1912,4,21,19120912,0,,TS,28.7N,85.4W,60,,,,,,,,,,,,,
AL,UNNAMED,1912,4,21,19120912,600,,HU,28.6N,85.7W,65,,,,,,,,,,,,,
AL,UNNAMED,1912,4,21,19120912,1200,,HU,28.5N,86.0W,70,,,,,,,,,,,,,
AL,UNNAMED,1912,4,21,19120912,1800,,HU,28.5N,86.3W,75,,,,,,,,,,,,,
AL,UNNAMED,1912,4,21,19120913,0,,HU,28.6N,86.7W,80,,,,,,,,,,,,,
AL,UNNAMED,1912,4,21,19120913,600,,HU,28.8N,87.1W,80,,,,,,,,,,,,,
AL,UNNAMED,1912,4,21,19120913,1200,,HU,29.0N,87.5W,80,,,,,,,,,,,,,
AL,UNNAMED,1912,4,21,19120913,1800,,HU,29.3N,87.8W,75,,,,,,,,,,,,,
AL,UNNAMED,1912,4,21,19120914,0,,HU,29.7N,88.1W,70,,,,,,,,,,,,,
AL,UNNAMED,1912,4,21,19120914,600,,HU,30.1N,88.3W,65,,,,,,,,,,,,,
AL,UNNAMED,1912,4,21,19120914,800,L,HU,30.3N,88.4W,65,,,,,,,,,,,,,
AL,UNNAMED,1912,4,21,19120914,1200,,TS,30.8N,88.5W,50,,,,,,,,,,,,,
AL,UNNAMED,1912,4,21,19120914,1800,,TS,31.8N,88.5W,40,,,,,,,,,,,,,
AL,UNNAMED,1912,4,21,19120915,0,,TS,33.0N,88.5W,35,,,,,,,,,,,,,
AL,UNNAMED,1912,4,21,19120915,600,,TD,35.0N,88.5W,30,,,,,,,,,,,,,
AL,UNNAMED,1912,5,30,19121003,1200,,EX,28.5N,88.5W,30,,,,,,,,,,,,,
AL,UNNAMED,1912,5,30,19121003,1800,,EX,28.6N,87.2W,30,,,,,,,,,,,,,
AL,UNNAMED,1912,5,30,19121004,0,,EX,28.7N,85.8W,30,,,,,,,,,,,,,
AL,UNNAMED,1912,5,30,19121004,600,,EX,28.8N,84.4W,30,,,,,,,,,,,,,
AL,UNNAMED,1912,5,30,19121004,1200,,EX,29.0N,83.0W,30,,,,,,,,,,,,,
AL,UNNAMED,1912,5,30,19121004,1800,,EX,29.2N,81.4W,30,,,,,,,,,,,,,
AL,UNNAMED,1912,5,30,19121005,0,,EX,29.4N,79.6W,35,,,,,,,,,,,,,
AL,UNNAMED,1912,5,30,19121005,600,,EX,29.7N,77.8W,40,,,,,,,,,,,,,
AL,UNNAMED,1912,5,30,19121005,1200,,EX,31.0N,76.0W,45,,,,,,,,,,,,,
AL,UNNAMED,1912,5,30,19121005,1800,,EX,31.3N,75.0W,50,,,,,,,,,,,,,
AL,UNNAMED,1912,5,30,19121006,0,,TS,31.6N,74.4W,55,,,,,,,,,,,,,
AL,UNNAMED,1912,5,30,19121006,600,,HU,31.8N,74.1W,65,,,,,,,,,,,,,
AL,UNNAMED,1912,5,30,19121006,1200,,HU,32.0N,74.0W,75,,,,,,,,,,,,,
AL,UNNAMED,1912,5,30,19121006,1800,,HU,32.2N,74.3W,80,,,,,,,,,,,,,
AL,UNNAMED,1912,5,30,19121007,0,,HU,32.4N,74.9W,80,,,,,,,,,,,,,
AL,UNNAMED,1912,5,30,19121007,600,,HU,32.3N,75.5W,80,,,,,,,,,,,,,
AL,UNNAMED,1912,5,30,19121007,1200,,HU,32.1N,75.8W,80,,,,,,,,,,,,,
AL,UNNAMED,1912,5,30,19121007,1800,,HU,32.0N,75.5W,80,,,,,,,,,,,,,
AL,UNNAMED,1912,5,30,19121008,0,,HU,31.9N,74.9W,75,,,,,,,,,,,,,
AL,UNNAMED,1912,5,30,19121008,600,,HU,32.1N,74.2W,75,,,,,,,,,,,,,
AL,UNNAMED,1912,5,30,19121008,1200,,HU,32.4N,73.5W,75,,,,,,,,,,,,,
AL,UNNAMED,1912,5,30,19121008,1800,,HU,32.6N,72.6W,70,,,,,,,,,,,,,
AL,UNNAMED,1912,5,30,19121009,0,,TS,32.7N,71.7W,60,,,,,,,,,,,,,
AL,UNNAMED,1912,5,30,19121009,600,,TS,32.7N,70.8W,50,,,,,,,,,,,,,
AL,UNNAMED,1912,5,30,19121009,1200,,TS,32.9N,70.0W,40,,,,,,,,,,,,,
AL,UNNAMED,1912,5,30,19121009,1800,,TS,33.1N,69.5W,35,,,,,,,,,,,,,
AL,UNNAMED,1912,5,30,19121010,0,,TD,33.4N,69.2W,30,,,,,,,,,,,,,
AL,UNNAMED,1912,5,30,19121010,600,,TD,33.7N,69.1W,30,,,,,,,,,,,,,
AL,UNNAMED,1912,5,30,19121010,1200,,TD,34.0N,69.0W,30,,,,,,,,,,,,,
AL,UNNAMED,1912,5,30,19121010,1800,,TD,34.5N,69.0W,25,,,,,,,,,,,,,
AL,UNNAMED,1912,6,27,19121011,1200,,TS,18.5N,80.7W,35,,,,,,,,,,,,,
AL,UNNAMED,1912,6,27,19121011,1800,,TS,18.9N,81.5W,35,,,,,,,,,,,,,
AL,UNNAMED,1912,6,27,19121012,0,,TS,19.3N,82.3W,40,,,,,,,,,,,,,
AL,UNNAMED,1912,6,27,19121012,600,,TS,19.7N,83.1W,45,,,,,,,,,,,,,
AL,UNNAMED,1912,6,27,19121012,1200,,TS,20.1N,84.0W,50,,,,,,,,,,,,,
AL,UNNAMED,1912,6,27,19121012,1800,,TS,20.5N,85.0W,55,,,,,,,,,,,,,
AL,UNNAMED,1912,6,27,19121013,0,,TS,20.9N,86.1W,60,,,,,,,,,,,,,
AL,UNNAMED,1912,6,27,19121013,600,,TS,21.2N,87.2W,50,,,,,,,,,,,,,
AL,UNNAMED,1912,6,27,19121013,1200,,TS,21.5N,88.2W,45,,,,,,,,,,,,,
AL,UNNAMED,1912,6,27,19121013,1800,,TS,21.7N,89.0W,50,,,,,,,,,,,,,
AL,UNNAMED,1912,6,27,19121014,0,,TS,21.8N,89.7W,55,,,,,,,,,,,,,
AL,UNNAMED,1912,6,27,19121014,600,,TS,21.9N,90.3W,60,,,,,,,,,,,,,
AL,UNNAMED,1912,6,27,19121014,1200,,HU,22.1N,91.0W,65,,,,,,,,,,,,,
AL,UNNAMED,1912,6,27,19121014,1800,,HU,22.4N,91.8W,70,,,,,,,,,,,,,
AL,UNNAMED,1912,6,27,19121015,0,,HU,22.8N,92.6W,75,,,,,,,,,,,,,
AL,UNNAMED,1912,6,27,19121015,600,,HU,23.2N,93.3W,80,,,,,,,,,,,,,
AL,UNNAMED,1912,6,27,19121015,1200,,HU,23.8N,94.1W,85,,,,,,,,,,,,,
AL,UNNAMED,1912,6,27,19121015,1800,,HU,24.4N,94.9W,85,,,,,,,,,,,,,
AL,UNNAMED,1912,6,27,19121016,0,,HU,25.1N,95.7W,85,,,,,,,,,,,,,
AL,UNNAMED,1912,6,27,19121016,600,,HU,25.8N,96.4W,85,,,,,,,,,,,,,
AL,UNNAMED,1912,6,27,19121016,1200,,HU,26.5N,97.0W,85,,,,,,,,,,,,,
AL,UNNAMED,1912,6,27,19121016,1800,L,HU,27.1N,97.4W,85,,,,,,,,,,,,,
AL,UNNAMED,1912,6,27,19121017,0,,TS,27.7N,97.6W,50,,,,,,,,,,,,,
AL,UNNAMED,1912,6,27,19121017,600,,TS,28.3N,97.7W,40,,,,,,,,,,,,,
AL,UNNAMED,1912,6,27,19121017,1200,,TD,28.8N,97.8W,30,,,,,,,,,,,,,
AL,UNNAMED,1912,6,27,19121017,1800,,TD,29.2N,97.7W,25,,,,,,,,,,,,,
AL,UNNAMED,1912,6,27,19121018,0,,TD,29.5N,97.5W,25,,,,,,,,,,,,,
AL,UNNAMED,1912,7,43,19121111,600,,TS,11.2N,79.7W,35,,,,,,,,,,,,,
AL,UNNAMED,1912,7,43,19121111,1200,,TS,11.4N,80.0W,35,,,,,,,,,,,,,
AL,UNNAMED,1912,7,43,19121111,1800,,TS,11.7N,80.3W,35,,,,,,,,,,,,,
AL,UNNAMED,1912,7,43,19121112,0,,TS,11.9N,80.5W,35,,,,,,,,,,,,,
AL,UNNAMED,1912,7,43,19121112,600,,TS,12.2N,80.7W,35,,,,,,,,,,,,,
AL,UNNAMED,1912,7,43,19121112,1200,,TS,12.4N,80.7W,40,,,,,,,,,,,,,
AL,UNNAMED,1912,7,43,19121112,1800,,TS,12.6N,80.6W,45,,,,,,,,,,,,,
AL,UNNAMED,1912,7,43,19121113,0,,TS,12.8N,80.5W,50,,,,,,,,,,,,,
AL,UNNAMED,1912,7,43,19121113,600,,TS,13.0N,80.4W,55,,,,,,,,,,,,,
AL,UNNAMED,1912,7,43,19121113,1200,,TS,13.1N,80.3W,60,,,,,,,,,,,,,
AL,UNNAMED,1912,7,43,19121113,1800,,HU,13.2N,80.2W,65,,,,,,,,,,,,,
AL,UNNAMED,1912,7,43,19121114,0,,HU,13.2N,80.1W,70,,,,,,,,,,,,,
AL,UNNAMED,1912,7,43,19121114,600,,HU,13.2N,80.1W,70,,,,,,,,,,,,,
AL,UNNAMED,1912,7,43,19121114,1200,,HU,13.3N,80.0W,70,,,,,,,,,,,,,
AL,UNNAMED,1912,7,43,19121114,1800,,HU,13.4N,79.9W,70,,,,,,,,,,,,,
AL,UNNAMED,1912,7,43,19121115,0,,HU,13.5N,79.8W,70,,,,,,,,,,,,,
AL,UNNAMED,1912,7,43,19121115,600,,HU,13.7N,79.7W,70,,,,,,,,,,,,,
AL,UNNAMED,1912,7,43,19121115,1200,,HU,14.0N,79.6W,70,,,,,,,,,,,,,
AL,UNNAMED,1912,7,43,19121115,1800,,HU,14.5N,79.6W,75,,,,,,,,,,,,,
AL,UNNAMED,1912,7,43,19121116,0,,HU,15.0N,79.8W,80,,,,,,,,,,,,,
AL,UNNAMED,1912,7,43,19121116,600,,HU,15.5N,79.9W,85,,,,,,,,,,,,,
AL,UNNAMED,1912,7,43,19121116,1200,,HU,16.0N,80.0W,90,,,,,,,,,,,,,
AL,UNNAMED,1912,7,43,19121116,1800,,HU,16.3N,80.0W,95,,,,,,,,,,,,,
AL,UNNAMED,1912,7,43,19121117,0,,HU,16.5N,79.8W,100,,,,,,,,,,,,,
AL,UNNAMED,1912,7,43,19121117,600,,HU,16.8N,79.7W,100,,,,,,,,,,,,,
AL,UNNAMED,1912,7,43,19121117,1200,,HU,17.1N,79.5W,100,,,,,,,,,,,,,
AL,UNNAMED,1912,7,43,19121117,1800,,HU,17.4N,79.2W,100,,,,,,,,,,,,,
AL,UNNAMED,1912,7,43,19121118,0,,HU,17.7N,78.9W,100,,,,,,,,,,,,,
AL,UNNAMED,1912,7,43,19121118,600,,HU,18.0N,78.6W,100,,,,,,,,,,,,,
AL,UNNAMED,1912,7,43,19121118,1200,,HU,18.3N,78.4W,100,965,,,,,,,,,,,,
AL,UNNAMED,1912,7,43,19121118,1800,,HU,18.4N,78.1W,85,,,,,,,,,,,,,
AL,UNNAMED,1912,7,43,19121119,0,,HU,18.5N,77.5W,80,,,,,,,,,,,,,
AL,UNNAMED,1912,7,43,19121119,600,,HU,18.7N,76.5W,75,,,,,,,,,,,,,
AL,UNNAMED,1912,7,43,19121119,1200,,HU,19.0N,75.7W,70,,,,,,,,,,,,,
AL,UNNAMED,1912,7,43,19121119,1800,,HU,18.9N,76.0W,65,,,,,,,,,,,,,
AL,UNNAMED,1912,7,43,19121120,0,,TS,18.7N,76.7W,60,,,,,,,,,,,,,
AL,UNNAMED,1912,7,43,19121120,600,,TS,18.5N,78.0W,55,,,,,,,,,,,,,
AL,UNNAMED,1912,7,43,19121120,1200,,TS,18.3N,79.3W,50,,,,,,,,,,,,,
AL,UNNAMED,1912,7,43,19121120,1800,,TS,18.2N,80.3W,45,,,,,,,,,,,,,
AL,UNNAMED,1912,7,43,19121121,0,,TS,18.1N,81.0W,40,,,,,,,,,,,,,
AL,UNNAMED,1912,7,43,19121121,600,,TS,18.0N,81.5W,35,,,,,,,,,,,,,
AL,UNNAMED,1912,7,43,19121121,1200,,TD,18.0N,82.0W,30,,,,,,,,,,,,,
AL,UNNAMED,1912,7,43,19121121,1800,,TD,18.0N,82.5W,25,,,,,,,,,,,,,
AL,UNNAMED,1913,1,33,19130621,600,,TD,11.0N,80.0W,30,,,,,,,,,,,,,
AL,UNNAMED,1913,1,33,19130621,1200,,TD,11.0N,80.5W,30,,,,,,,,,,,,,
AL,UNNAMED,1913,1,33,19130621,1800,,TD,11.1N,80.6W,30,,,,,,,,,,,,,
AL,UNNAMED,1913,1,33,19130622,0,,TD,11.2N,80.7W,30,,,,,,,,,,,,,
AL,UNNAMED,1913,1,33,19130622,600,,TD,11.3N,80.8W,30,,,,,,,,,,,,,
AL,UNNAMED,1913,1,33,19130622,1200,,TS,11.5N,81.0W,40,,,,,,,,,,,,,
AL,UNNAMED,1913,1,33,19130622,1800,,TS,12.1N,81.3W,45,,,,,,,,,,,,,
AL,UNNAMED,1913,1,33,19130623,0,,TS,12.7N,81.6W,45,,,,,,,,,,,,,
AL,UNNAMED,1913,1,33,19130623,600,,TS,13.4N,82.0W,45,,,,,,,,,,,,,
AL,UNNAMED,1913,1,33,19130623,1200,,TS,14.0N,82.5W,45,,,,,,,,,,,,,
AL,UNNAMED,1913,1,33,19130623,1800,,TS,14.6N,83.0W,40,,,,,,,,,,,,,
AL,UNNAMED,1913,1,33,19130624,0,,TS,15.2N,83.5W,35,,,,,,,,,,,,,
AL,UNNAMED,1913,1,33,19130624,600,,TS,15.8N,84.0W,35,,,,,,,,,,,,,
AL,UNNAMED,1913,1,33,19130624,1200,,TS,16.5N,84.5W,40,,,,,,,,,,,,,
AL,UNNAMED,1913,1,33,19130624,1800,,TS,17.5N,85.0W,45,,,,,,,,,,,,,
AL,UNNAMED,1913,1,33,19130625,0,,TS,18.5N,85.5W,50,,,,,,,,,,,,,
AL,UNNAMED,1913,1,33,19130625,600,,TS,19.5N,86.0W,50,,,,,,,,,,,,,
AL,UNNAMED,1913,1,33,19130625,1200,,TS,20.5N,86.5W,50,,,,,,,,,,,,,
AL,UNNAMED,1913,1,33,19130625,1800,,TS,21.4N,87.1W,40,,,,,,,,,,,,,
AL,UNNAMED,1913,1,33,19130626,0,,TS,22.3N,87.8W,40,,,,,,,,,,,,,
AL,UNNAMED,1913,1,33,19130626,600,,TS,23.2N,88.5W,45,,,,,,,,,,,,,
AL,UNNAMED,1913,1,33,19130626,1200,,TS,24.0N,89.2W,50,,,,,,,,,,,,,
AL,UNNAMED,1913,1,33,19130626,1800,,TS,24.5N,90.2W,55,,,,,,,,,,,,,
AL,UNNAMED,1913,1,33,19130627,0,,TS,24.9N,91.7W,60,,,,,,,,,,,,,
AL,UNNAMED,1913,1,33,19130627,600,,HU,25.2N,93.3W,65,,,,,,,,,,,,,
AL,UNNAMED,1913,1,33,19130627,1200,,HU,25.7N,94.7W,65,,,,,,,,,,,,,
AL,UNNAMED,1913,1,33,19130627,1800,,HU,26.3N,95.9W,65,,,,,,,,,,,,,
AL,UNNAMED,1913,1,33,19130628,0,,HU,27.0N,97.2W,65,,,,,,,,,,,,,
AL,UNNAMED,1913,1,33,19130628,100,L,HU,27.1N,97.4W,65,,,,,,,,,,,,,
AL,UNNAMED,1913,1,33,19130628,600,,TS,27.7N,98.4W,45,,,,,,,,,,,,,
AL,UNNAMED,1913,1,33,19130628,1200,,TS,28.5N,99.5W,35,,,,,,,,,,,,,
AL,UNNAMED,1913,1,33,19130628,1800,,TD,29.3N,100.3W,30,,,,,,,,,,,,,
AL,UNNAMED,1913,1,33,19130629,0,,TD,30.0N,100.8W,25,,,,,,,,,,,,,
AL,UNNAMED,1913,2,10,19130814,1200,,TD,32.0N,68.0W,30,,,,,,,,,,,,,
AL,UNNAMED,1913,2,10,19130814,1800,,TD,33.0N,65.5W,30,,,,,,,,,,,,,
AL,UNNAMED,1913,2,10,19130815,0,,TS,34.0N,63.2W,35,,,,,,,,,,,,,
AL,UNNAMED,1913,2,10,19130815,600,,TS,35.0N,61.0W,35,,,,,,,,,,,,,
AL,UNNAMED,1913,2,10,19130815,1200,,TS,36.0N,59.0W,40,,,,,,,,,,,,,
AL,UNNAMED,1913,2,10,19130815,1800,,TS,37.0N,57.5W,40,,,,,,,,,,,,,
AL,UNNAMED,1913,2,10,19130816,0,,TS,38.2N,56.5W,40,,,,,,,,,,,,,
AL,UNNAMED,1913,2,10,19130816,600,,TS,39.5N,56.2W,40,,,,,,,,,,,,,
AL,UNNAMED,1913,2,10,19130816,1200,,EX,41.0N,56.0W,35,,,,,,,,,,,,,
AL,UNNAMED,1913,2,10,19130816,1800,,EX,42.5N,56.0W,30,,,,,,,,,,,,,
AL,UNNAMED,1913,3,70,19130826,1200,,TD,12.5N,21.0W,30,,,,,,,,,,,,,
AL,UNNAMED,1913,3,70,19130826,1800,,TD,12.6N,22.2W,30,,,,,,,,,,,,,
AL,UNNAMED,1913,3,70,19130827,0,,TS,12.7N,23.5W,35,,,,,,,,,,,,,
AL,UNNAMED,1913,3,70,19130827,600,,TS,12.7N,24.7W,35,,,,,,,,,,,,,
AL,UNNAMED,1913,3,70,19130827,1200,,TS,12.7N,26.0W,40,,,,,,,,,,,,,
AL,UNNAMED,1913,3,70,19130827,1800,,TS,12.7N,27.3W,45,,,,,,,,,,,,,
AL,UNNAMED,1913,3,70,19130828,0,,TS,12.7N,28.5W,45,,,,,,,,,,,,,
AL,UNNAMED,1913,3,70,19130828,600,,TS,12.7N,29.8W,45,,,,,,,,,,,,,
AL,UNNAMED,1913,3,70,19130828,1200,,TS,12.7N,31.0W,45,,,,,,,,,,,,,
AL,UNNAMED,1913,3,70,19130828,1800,,TS,12.7N,32.2W,45,,,,,,,,,,,,,
AL,UNNAMED,1913,3,70,19130829,0,,TS,12.8N,33.5W,45,,,,,,,,,,,,,
AL,UNNAMED,1913,3,70,19130829,600,,TS,12.9N,34.7W,45,,,,,,,,,,,,,
AL,UNNAMED,1913,3,70,19130829,1200,,TS,13.0N,36.0W,45,,,,,,,,,,,,,
AL,UNNAMED,1913,3,70,19130829,1800,,TS,13.0N,37.3W,45,,,,,,,,,,,,,
AL,UNNAMED,1913,3,70,19130830,0,,TS,13.0N,38.5W,45,,,,,,,,,,,,,
AL,UNNAMED,1913,3,70,19130830,600,,TS,13.1N,39.8W,45,,,,,,,,,,,,,
AL,UNNAMED,1913,3,70,19130830,1200,,TS,13.2N,41.0W,45,,,,,,,,,,,,,
AL,UNNAMED,1913,3,70,19130830,1800,,TS,13.2N,42.2W,45,,,,,,,,,,,,,
AL,UNNAMED,1913,3,70,19130831,0,,TS,13.3N,43.5W,45,,,,,,,,,,,,,
AL,UNNAMED,1913,3,70,19130831,600,,TS,13.4N,44.7W,45,,,,,,,,,,,,,
AL,UNNAMED,1913,3,70,19130831,1200,,TS,13.5N,46.0W,45,,,,,,,,,,,,,
AL,UNNAMED,1913,3,70,19130831,1800,,TS,13.6N,47.2W,45,,,,,,,,,,,,,
AL,UNNAMED,1913,3,70,19130901,0,,TS,13.7N,48.3W,45,,,,,,,,,,,,,
AL,UNNAMED,1913,3,70,19130901,600,,TS,13.8N,49.4W,45,,,,,,,,,,,,,
AL,UNNAMED,1913,3,70,19130901,1200,,TS,14.0N,50.5W,45,,,,,,,,,,,,,
AL,UNNAMED,1913,3,70,19130901,1800,,TS,14.2N,51.6W,45,,,,,,,,,,,,,
AL,UNNAMED,1913,3,70,19130902,0,,TS,14.4N,52.7W,45,,,,,,,,,,,,,
AL,UNNAMED,1913,3,70,19130902,600,,TS,14.7N,53.8W,45,,,,,,,,,,,,,
AL,UNNAMED,1913,3,70,19130902,1200,,TS,15.0N,55.0W,45,,,,,,,,,,,,,
AL,UNNAMED,1913,3,70,19130902,1800,,TS,15.5N,56.2W,45,,,,,,,,,,,,,
AL,UNNAMED,1913,3,70,19130903,0,,TS,16.0N,57.4W,45,,,,,,,,,,,,,
AL,UNNAMED,1913,3,70,19130903,600,,TS,16.5N,58.4W,45,,,,,,,,,,,,,
AL,UNNAMED,1913,3,70,19130903,1200,,TS,17.0N,59.6W,45,,,,,,,,,,,,,
AL,UNNAMED,1913,3,70,19130903,1800,,TS,17.7N,60.2W,45,,,,,,,,,,,,,
AL,UNNAMED,1913,3,70,19130904,0,,TS,18.4N,60.7W,45,,,,,,,,,,,,,
AL,UNNAMED,1913,3,70,19130904,600,,TS,19.1N,61.1W,45,,,,,,,,,,,,,
AL,UNNAMED,1913,3,70,19130904,1200,,TS,19.8N,61.4W,45,,,,,,,,,,,,,
AL,UNNAMED,1913,3,70,19130904,1800,,TS,20.6N,61.6W,45,,,,,,,,,,,,,
AL,UNNAMED,1913,3,70,19130905,0,,TS,21.4N,61.8W,45,,,,,,,,,,,,,
AL,UNNAMED,1913,3,70,19130905,600,,TS,22.2N,61.9W,45,,,,,,,,,,,,,
AL,UNNAMED,1913,3,70,19130905,1200,,TS,23.0N,62.3W,45,,,,,,,,,,,,,
AL,UNNAMED,1913,3,70,19130905,1800,,TS,23.9N,62.4W,45,,,,,,,,,,,,,
AL,UNNAMED,1913,3,70,19130906,0,,TS,24.9N,62.7W,45,,,,,,,,,,,,,
AL,UNNAMED,1913,3,70,19130906,600,,TS,26.0N,62.7W,45,,,,,,,,,,,,,
AL,UNNAMED,1913,3,70,19130906,1200,,TS,27.1N,62.1W,50,,,,,,,,,,,,,
AL,UNNAMED,1913,3,70,19130906,1800,,TS,28.2N,60.5W,50,,,,,,,,,,,,,
AL,UNNAMED,1913,3,70,19130907,0,,TS,29.2N,58.5W,50,,,,,,,,,,,,,
AL,UNNAMED,1913,3,70,19130907,600,,TS,30.0N,56.2W,50,,,,,,,,,,,,,
AL,UNNAMED,1913,3,70,19130907,1200,,TS,30.6N,54.0W,55,,,,,,,,,,,,,
AL,UNNAMED,1913,3,70,19130907,1800,,TS,30.8N,51.8W,55,,,,,,,,,,,,,
AL,UNNAMED,1913,3,70,19130908,0,,TS,31.0N,49.6W,55,,,,,,,,,,,,,
AL,UNNAMED,1913,3,70,19130908,600,,TS,31.0N,47.4W,60,,,,,,,,,,,,,
AL,UNNAMED,1913,3,70,19130908,1200,,TS,31.1N,46.0W,60,,,,,,,,,,,,,
AL,UNNAMED,1913,3,70,19130908,1800,,TS,31.5N,45.4W,60,,,,,,,,,,,,,
AL,UNNAMED,1913,3,70,19130909,0,,TS,32.3N,45.3W,60,,,,,,,,,,,,,
AL,UNNAMED,1913,3,70,19130909,600,,TS,33.1N,45.4W,60,,,,,,,,,,,,,
AL,UNNAMED,1913,3,70,19130909,1200,,TS,33.9N,45.9W,60,,,,,,,,,,,,,
AL,UNNAMED,1913,3,70,19130909,1800,,TS,34.4N,46.4W,60,,,,,,,,,,,,,
AL,UNNAMED,1913,3,70,19130910,0,,TS,34.9N,46.9W,60,,,,,,,,,,,,,
AL,UNNAMED,1913,3,70,19130910,600,,TS,35.3N,47.5W,60,,,,,,,,,,,,,
AL,UNNAMED,1913,3,70,19130910,1200,,TS,35.8N,48.2W,60,,,,,,,,,,,,,
AL,UNNAMED,1913,3,70,19130910,1800,,TS,36.4N,48.8W,55,,,,,,,,,,,,,
AL,UNNAMED,1913,3,70,19130911,0,,TS,37.1N,49.3W,55,,,,,,,,,,,,,
AL,UNNAMED,1913,3,70,19130911,600,,TS,37.8N,49.8W,55,,,,,,,,,,,,,
AL,UNNAMED,1913,3,70,19130911,1200,,TS,38.5N,50.0W,55,,,,,,,,,,,,,
AL,UNNAMED,1913,3,70,19130911,1800,,TS,39.4N,50.0W,50,,,,,,,,,,,,,
AL,UNNAMED,1913,3,70,19130912,0,,TS,40.4N,50.0W,45,,,,,,,,,,,,,
AL,UNNAMED,1913,3,70,19130912,600,,TS,41.6N,50.0W,40,,,,,,,,,,,,,
AL,UNNAMED,1913,3,70,19130912,1200,,EX,43.0N,50.0W,35,,,,,,,,,,,,,
AL,UNNAMED,1913,3,70,19130912,1800,,EX,44.5N,50.0W,30,,,,,,,,,,,,,
AL,UNNAMED,1913,4,22,19130830,1200,,TS,28.5N,72.5W,40,,,,,,,,,,,,,
AL,UNNAMED,1913,4,22,19130830,1800,,TS,29.5N,72.6W,40,,,,,,,,,,,,,
AL,UNNAMED,1913,4,22,19130831,0,,TS,30.2N,72.7W,45,,,,,,,,,,,,,
AL,UNNAMED,1913,4,22,19130831,600,,TS,30.8N,72.8W,45,,,,,,,,,,,,,
AL,UNNAMED,1913,4,22,19130831,1200,,TS,31.3N,73.0W,50,,,,,,,,,,,,,
AL,UNNAMED,1913,4,22,19130831,1800,,TS,31.7N,73.2W,50,,,,,,,,,,,,,
AL,UNNAMED,1913,4,22,19130901,0,,TS,32.0N,73.4W,55,,,,,,,,,,,,,
AL,UNNAMED,1913,4,22,19130901,600,,TS,32.2N,73.7W,60,,,,,,,,,,,,,
AL,UNNAMED,1913,4,22,19130901,1200,,HU,32.4N,74.0W,65,,,,,,,,,,,,,
AL,UNNAMED,1913,4,22,19130901,1800,,HU,32.6N,74.2W,70,,,,,,,,,,,,,
AL,UNNAMED,1913,4,22,19130902,0,,HU,32.9N,74.3W,75,,,,,,,,,,,,,
AL,UNNAMED,1913,4,22,19130902,600,,HU,33.2N,74.5W,75,,,,,,,,,,,,,
AL,UNNAMED,1913,4,22,19130902,1200,,HU,33.5N,74.8W,75,,,,,,,,,,,,,
AL,UNNAMED,1913,4,22,19130902,1800,,HU,33.9N,75.2W,75,,,,,,,,,,,,,
AL,UNNAMED,1913,4,22,19130903,0,,HU,34.3N,75.7W,75,,,,,,,,,,,,,
AL,UNNAMED,1913,4,22,19130903,600,,HU,34.6N,76.3W,75,976,,,,,,,,,,,,
AL,UNNAMED,1913,4,22,19130903,800,L,HU,34.7N,76.6W,75,976,,,,,,,,,,,,
AL,UNNAMED,1913,4,22,19130903,1200,,TS,34.9N,77.2W,55,,,,,,,,,,,,,
AL,UNNAMED,1913,4,22,19130903,1800,,TS,35.2N,78.4W,40,,,,,,,,,,,,,
AL,UNNAMED,1913,4,22,19130904,0,,TD,35.1N,79.8W,30,,,,,,,,,,,,,
AL,UNNAMED,1913,4,22,19130904,600,,TD,35.0N,81.5W,25,,,,,,,,,,,,,
AL,UNNAMED,1913,4,22,19130904,1200,,TD,34.5N,83.5W,20,,,,,,,,,,,,,
AL,UNNAMED,1913,5,36,19131002,1200,,EX,41.0N,71.0W,50,,,,,,,,,,,,,
AL,UNNAMED,1913,5,36,19131002,1800,,EX,40.5N,70.5W,50,,,,,,,,,,,,,
AL,UNNAMED,1913,5,36,19131003,0,,EX,40.0N,70.0W,50,,,,,,,,,,,,,
AL,UNNAMED,1913,5,36,19131003,600,,EX,39.5N,69.5W,50,,,,,,,,,,,,,
AL,UNNAMED,1913,5,36,19131003,1200,,EX,39.0N,69.0W,50,,,,,,,,,,,,,
AL,UNNAMED,1913,5,36,19131003,1800,,EX,38.7N,68.2W,55,,,,,,,,,,,,,
AL,UNNAMED,1913,5,36,19131004,0,,EX,38.4N,67.2W,55,,,,,,,,,,,,,
AL,UNNAMED,1913,5,36,19131004,600,,EX,38.2N,66.5W,55,,,,,,,,,,,,,
AL,UNNAMED,1913,5,36,19131004,1200,,EX,38.0N,66.0W,55,,,,,,,,,,,,,
AL,UNNAMED,1913,5,36,19131004,1800,,EX,37.8N,65.9W,55,,,,,,,,,,,,,
AL,UNNAMED,1913,5,36,19131005,0,,EX,37.6N,66.1W,55,,,,,,,,,,,,,
AL,UNNAMED,1913,5,36,19131005,600,,EX,37.3N,66.5W,55,,,,,,,,,,,,,
AL,UNNAMED,1913,5,36,19131005,1200,,EX,37.0N,67.0W,55,,,,,,,,,,,,,
AL,UNNAMED,1913,5,36,19131005,1800,,EX,36.5N,67.6W,55,,,,,,,,,,,,,
AL,UNNAMED,1913,5,36,19131006,0,,TS,36.0N,68.4W,50,,,,,,,,,,,,,
AL,UNNAMED,1913,5,36,19131006,600,,TS,35.5N,69.4W,50,,,,,,,,,,,,,
AL,UNNAMED,1913,5,36,19131006,1200,,TS,35.0N,70.5W,50,,,,,,,,,,,,,
AL,UNNAMED,1913,5,36,19131006,1800,,TS,34.3N,71.7W,50,,,,,,,,,,,,,
AL,UNNAMED,1913,5,36,19131007,0,,TS,33.6N,72.8W,50,,,,,,,,,,,,,
AL,UNNAMED,1913,5,36,19131007,600,,TS,33.0N,73.9W,50,,,,,,,,,,,,,
AL,UNNAMED,1913,5,36,19131007,1200,,TS,32.6N,75.0W,55,,,,,,,,,,,,,
AL,UNNAMED,1913,5,36,19131007,1800,,TS,32.6N,76.0W,55,,,,,,,,,,,,,
AL,UNNAMED,1913,5,36,19131008,0,,TS,32.6N,77.1W,60,,,,,,,,,,,,,
AL,UNNAMED,1913,5,36,19131008,600,,HU,32.8N,78.2W,65,,,,,,,,,,,,,
AL,UNNAMED,1913,5,36,19131008,1200,,HU,33.0N,79.1W,65,,,,,,,,,,,,,
AL,UNNAMED,1913,5,36,19131008,1400,L,HU,33.1N,79.4W,65,,,,,,,,,,,,,
AL,UNNAMED,1913,5,36,19131008,1800,,TS,33.2N,79.8W,45,,,,,,,,,,,,,
AL,UNNAMED,1913,5,36,19131009,0,,TS,33.4N,80.2W,40,,,,,,,,,,,,,
AL,UNNAMED,1913,5,36,19131009,600,,TS,33.6N,80.4W,35,,,,,,,,,,,,,
AL,UNNAMED,1913,5,36,19131009,1200,,TS,33.8N,80.4W,35,,,,,,,,,,,,,
AL,UNNAMED,1913,5,36,19131009,1800,,TS,34.0N,80.3W,35,,,,,,,,,,,,,
AL,UNNAMED,1913,5,36,19131010,0,,TS,34.3N,80.1W,35,,,,,,,,,,,,,
AL,UNNAMED,1913,5,36,19131010,600,,TS,34.4N,79.9W,35,,,,,,,,,,,,,
AL,UNNAMED,1913,5,36,19131010,1200,,TD,34.5N,79.6W,30,,,,,,,,,,,,,
AL,UNNAMED,1913,5,36,19131010,1800,,TD,34.5N,79.2W,30,,,,,,,,,,,,,
AL,UNNAMED,1913,5,36,19131011,0,,EX,34.5N,78.8W,25,,,,,,,,,,,,,
AL,UNNAMED,1913,6,10,19131028,0,,TS,18.0N,86.5W,35,,,,,,,,,,,,,
AL,UNNAMED,1913,6,10,19131028,600,,TS,19.0N,86.3W,40,,,,,,,,,,,,,
AL,UNNAMED,1913,6,10,19131028,1200,,TS,20.0N,86.0W,45,,,,,,,,,,,,,
AL,UNNAMED,1913,6,10,19131028,1800,,TS,21.0N,85.5W,55,,,,,,,,,,,,,
AL,UNNAMED,1913,6,10,19131029,0,,HU,21.5N,85.1W,65,,,,,,,,,,,,,
AL,UNNAMED,1913,6,10,19131029,600,,HU,21.8N,84.8W,65,,,,,,,,,,,,,
AL,UNNAMED,1913,6,10,19131029,1200,,TS,22.0N,84.4W,55,,,,,,,,,,,,,
AL,UNNAMED,1913,6,10,19131029,1800,,TS,22.2N,84.0W,40,1003,,,,,,,,,,,,
AL,UNNAMED,1913,6,10,19131030,0,,TS,22.5N,83.3W,35,,,,,,,,,,,,,
AL,UNNAMED,1913,6,10,19131030,600,,EX,22.8N,82.3W,30,,,,,,,,,,,,,
AL,UNNAMED,1914,1,19,19140915,0,,TD,25.2N,76.4W,30,,,,,,,,,,,,,
AL,UNNAMED,1914,1,19,19140915,600,,TD,25.9N,76.7W,30,,,,,,,,,,,,,
AL,UNNAMED,1914,1,19,19140915,1200,,TS,26.5N,77.0W,35,,,,,,,,,,,,,
AL,UNNAMED,1914,1,19,19140915,1800,,TS,27.0N,77.3W,35,,,,,,,,,,,,,
AL,UNNAMED,1914,1,19,19140916,0,,TS,27.5N,77.7W,40,,,,,,,,,,,,,
AL,UNNAMED,1914,1,19,19140916,600,,TS,28.0N,78.1W,45,,,,,,,,,,,,,
AL,UNNAMED,1914,1,19,19140916,1200,,TS,28.5N,78.5W,50,,,,,,,,,,,,,
AL,UNNAMED,1914,1,19,19140916,1800,,TS,29.1N,79.2W,55,,,,,,,,,,,,,
AL,UNNAMED,1914,1,19,19140917,0,,TS,29.8N,80.1W,60,,,,,,,,,,,,,
AL,UNNAMED,1914,1,19,19140917,600,,TS,30.5N,81.2W,60,,,,,,,,,,,,,
AL,UNNAMED,1914,1,19,19140917,700,L,TS,30.6N,81.4W,60,,,,,,,,,,,,,
AL,UNNAMED,1914,1,19,19140917,1200,,TS,31.0N,82.5W,40,,,,,,,,,,,,,
AL,UNNAMED,1914,1,19,19140917,1800,,TS,31.2N,83.9W,35,,,,,,,,,,,,,
AL,UNNAMED,1914,1,19,19140918,0,,TS,31.1N,85.4W,35,,,,,,,,,,,,,
AL,UNNAMED,1914,1,19,19140918,600,,TS,30.5N,87.0W,35,,,,,,,,,,,,,
AL,UNNAMED,1914,1,19,19140918,1200,,TS,30.2N,88.8W,35,,,,,,,,,,,,,
AL,UNNAMED,1914,1,19,19140918,1800,,TD,30.1N,90.6W,30,,,,,,,,,,,,,
AL,UNNAMED,1914,1,19,19140919,0,,TD,30.0N,92.2W,30,,,,,,,,,,,,,
AL,UNNAMED,1914,1,19,19140919,600,,TD,30.0N,93.7W,25,,,,,,,,,,,,,
AL,UNNAMED,1915,1,22,19150731,600,,TS,27.4N,76.5W,35,,,,,,,,,,,,,
AL,UNNAMED,1915,1,22,19150731,1200,,TS,27.5N,77.5W,40,,,,,,,,,,,,,
AL,UNNAMED,1915,1,22,19150731,1800,,TS,27.7N,78.4W,50,,,,,,,,,,,,,
AL,UNNAMED,1915,1,22,19150801,0,,TS,27.9N,79.2W,55,,,,,,,,,,,,,
AL,UNNAMED,1915,1,22,19150801,600,,TS,28.1N,79.8W,60,,,,,,,,,,,,,
AL,UNNAMED,1915,1,22,19150801,1200,,HU,28.4N,80.3W,65,,,,,,,,,,,,,
AL,UNNAMED,1915,1,22,19150801,1800,L,HU,28.7N,80.8W,65,990,,,,,,,,,,,,
AL,UNNAMED,1915,1,22,19150802,0,,TS,29.1N,81.2W,50,,,,,,,,,,,,,
AL,UNNAMED,1915,1,22,19150802,600,,TS,29.6N,81.5W,45,,,,,,,,,,,,,
AL,UNNAMED,1915,1,22,19150802,1200,,TS,30.2N,81.8W,40,1003,,,,,,,,,,,,
AL,UNNAMED,1915,1,22,19150802,1800,,TS,30.9N,82.1W,40,,,,,,,,,,,,,
AL,UNNAMED,1915,1,22,19150803,0,,TS,31.8N,82.3W,40,,,,,,,,,,,,,
AL,UNNAMED,1915,1,22,19150803,600,,TS,32.9N,82.1W,40,,,,,,,,,,,,,
AL,UNNAMED,1915,1,22,19150803,1200,,TS,34.0N,81.6W,35,,,,,,,,,,,,,
AL,UNNAMED,1915,1,22,19150803,1800,,TS,35.4N,81.0W,35,,,,,,,,,,,,,
AL,UNNAMED,1915,1,22,19150804,0,,TS,37.0N,79.5W,40,,,,,,,,,,,,,
AL,UNNAMED,1915,1,22,19150804,600,,TS,38.7N,77.7W,40,,,,,,,,,,,,,
AL,UNNAMED,1915,1,22,19150804,1200,,TS,40.1N,75.8W,45,,,,,,,,,,,,,
AL,UNNAMED,1915,1,22,19150804,1800,,EX,40.9N,74.3W,50,,,,,,,,,,,,,
AL,UNNAMED,1915,1,22,19150805,0,,EX,41.6N,73.1W,45,,,,,,,,,,,,,
AL,UNNAMED,1915,1,22,19150805,600,,EX,42.0N,71.8W,35,,,,,,,,,,,,,
AL,UNNAMED,1915,1,22,19150805,1200,,EX,42.4N,70.5W,30,,,,,,,,,,,,,
AL,UNNAMED,1915,2,75,19150805,1200,,TD,14.0N,26.0W,30,,,,,,,,,,,,,
AL,UNNAMED,1915,2,75,19150805,1800,,TD,14.0N,27.8W,30,,,,,,,,,,,,,
AL,UNNAMED,1915,2,75,19150806,0,,TS,14.1N,29.6W,35,,,,,,,,,,,,,
AL,UNNAMED,1915,2,75,19150806,600,,TS,14.1N,31.3W,35,,,,,,,,,,,,,
AL,UNNAMED,1915,2,75,19150806,1200,,TS,14.2N,33.0W,35,,,,,,,,,,,,,
AL,UNNAMED,1915,2,75,19150806,1800,,TS,14.2N,34.5W,35,,,,,,,,,,,,,
AL,UNNAMED,1915,2,75,19150807,0,,TS,14.3N,36.0W,35,,,,,,,,,,,,,
AL,UNNAMED,1915,2,75,19150807,600,,TS,14.4N,37.5W,35,,,,,,,,,,,,,
AL,UNNAMED,1915,2,75,19150807,1200,,TS,14.5N,39.0W,40,,,,,,,,,,,,,
AL,UNNAMED,1915,2,75,19150807,1800,,TS,14.6N,40.5W,40,,,,,,,,,,,,,
AL,UNNAMED,1915,2,75,19150808,0,,TS,14.6N,42.0W,45,,,,,,,,,,,,,
AL,UNNAMED,1915,2,75,19150808,600,,TS,14.7N,43.5W,50,,,,,,,,,,,,,
AL,UNNAMED,1915,2,75,19150808,1200,,TS,14.8N,45.0W,55,,,,,,,,,,,,,
AL,UNNAMED,1915,2,75,19150808,1800,,TS,14.8N,46.8W,60,,,,,,,,,,,,,
AL,UNNAMED,1915,2,75,19150809,0,,HU,14.9N,48.8W,65,,,,,,,,,,,,,
AL,UNNAMED,1915,2,75,19150809,600,,HU,15.0N,50.8W,70,,,,,,,,,,,,,
AL,UNNAMED,1915,2,75,19150809,1200,,HU,15.1N,52.5W,70,,,,,,,,,,,,,
AL,UNNAMED,1915,2,75,19150809,1800,,HU,15.1N,54.0W,70,,,,,,,,,,,,,
AL,UNNAMED,1915,2,75,19150810,0,,HU,15.2N,55.5W,75,,,,,,,,,,,,,
AL,UNNAMED,1915,2,75,19150810,600,,HU,15.2N,57.0W,75,,,,,,,,,,,,,
AL,UNNAMED,1915,2,75,19150810,1200,,HU,15.3N,58.5W,75,,,,,,,,,,,,,
AL,UNNAMED,1915,2,75,19150810,1800,,HU,15.3N,59.7W,80,,,,,,,,,,,,,
AL,UNNAMED,1915,2,75,19150811,0,,HU,15.4N,60.6W,80,,,,,,,,,,,,,
AL,UNNAMED,1915,2,75,19150811,600,,HU,15.5N,61.5W,80,,,,,,,,,,,,,
AL,UNNAMED,1915,2,75,19150811,1200,,HU,15.7N,62.7W,85,,,,,,,,,,,,,
AL,UNNAMED,1915,2,75,19150811,1800,,HU,16.0N,64.4W,85,,,,,,,,,,,,,
AL,UNNAMED,1915,2,75,19150812,0,,HU,16.3N,66.4W,85,,,,,,,,,,,,,
AL,UNNAMED,1915,2,75,19150812,600,,HU,16.6N,68.4W,90,,,,,,,,,,,,,
AL,UNNAMED,1915,2,75,19150812,1200,,HU,17.0N,70.4W,90,,,,,,,,,,,,,
AL,UNNAMED,1915,2,75,19150812,1800,,HU,17.4N,72.4W,90,,,,,,,,,,,,,
AL,UNNAMED,1915,2,75,19150813,0,,HU,17.8N,74.4W,95,,,,,,,,,,,,,
AL,UNNAMED,1915,2,75,19150813,600,,HU,18.3N,76.4W,95,,,,,,,,,,,,,
AL,UNNAMED,1915,2,75,19150813,1200,,HU,18.8N,78.2W,100,,,,,,,,,,,,,
AL,UNNAMED,1915,2,75,19150813,1800,,HU,19.3N,79.4W,100,,,,,,,,,,,,,
AL,UNNAMED,1915,2,75,19150814,0,,HU,19.8N,80.6W,105,,,,,,,,,,,,,
AL,UNNAMED,1915,2,75,19150814,600,,HU,20.4N,82.1W,115,,,,,,,,,,,,,
AL,UNNAMED,1915,2,75,19150814,1200,,HU,21.0N,83.4W,125,,,,,,,,,,,,,
AL,UNNAMED,1915,2,75,19150814,1800,,HU,21.7N,84.7W,125,,,,,,,,,,,,,
AL,UNNAMED,1915,2,75,19150815,0,,HU,22.3N,85.8W,125,,,,,,,,,,,,,
AL,UNNAMED,1915,2,75,19150815,600,,HU,22.9N,86.6W,125,,,,,,,,,,,,,
AL,UNNAMED,1915,2,75,19150815,1200,,HU,23.5N,87.5W,120,,,,,,,,,,,,,
AL,UNNAMED,1915,2,75,19150815,1800,,HU,24.1N,88.4W,120,,,,,,,,,,,,,
AL,UNNAMED,1915,2,75,19150816,0,,HU,24.7N,89.2W,115,,,,,,,,,,,,,
AL,UNNAMED,1915,2,75,19150816,600,,HU,25.4N,90.1W,115,,,,,,,,,,,,,
AL,UNNAMED,1915,2,75,19150816,1200,,HU,26.2N,91.1W,115,,,,,,,,,,,,,
AL,UNNAMED,1915,2,75,19150816,1800,,HU,27.1N,92.4W,115,,,,,,,,,,,,,
AL,UNNAMED,1915,2,75,19150817,0,,HU,28.0N,93.7W,115,,,,,,,,,,,,,
AL,UNNAMED,1915,2,75,19150817,600,,HU,28.9N,95.0W,115,940,,,,,,,,,,,,
AL,UNNAMED,1915,2,75,19150817,700,L,HU,29.2N,95.1W,115,940,,,,,,,,,,,,
AL,UNNAMED,1915,2,75,19150817,1200,,HU,29.6N,95.9W,75,,,,,,,,,,,,,
AL,UNNAMED,1915,2,75,19150817,1800,,TS,30.2N,96.5W,50,,,,,,,,,,,,,
AL,UNNAMED,1915,2,75,19150818,0,,TS,30.6N,96.7W,40,,,,,,,,,,,,,
AL,UNNAMED,1915,2,75,19150818,600,,TS,31.0N,96.6W,40,,,,,,,,,,,,,
AL,UNNAMED,1915,2,75,19150818,1200,,TS,31.3N,96.4W,35,,,,,,,,,,,,,
AL,UNNAMED,1915,2,75,19150818,1800,,TS,31.7N,96.1W,35,,,,,,,,,,,,,
AL,UNNAMED,1915,2,75,19150819,0,,TD,32.3N,95.8W,30,,,,,,,,,,,,,
AL,UNNAMED,1915,2,75,19150819,600,,TD,32.9N,95.3W,30,,,,,,,,,,,,,
AL,UNNAMED,1915,2,75,19150819,1200,,TD,33.6N,94.6W,30,,,,,,,,,,,,,
AL,UNNAMED,1915,2,75,19150819,1800,,TD,34.3N,93.5W,30,,,,,,,,,,,,,
AL,UNNAMED,1915,2,75,19150820,0,,EX,35.2N,92.4W,35,,,,,,,,,,,,,
AL,UNNAMED,1915,2,75,19150820,600,,EX,36.2N,91.2W,35,,,,,,,,,,,,,
AL,UNNAMED,1915,2,75,19150820,1200,,EX,37.0N,90.1W,35,,,,,,,,,,,,,
AL,UNNAMED,1915,2,75,19150820,1800,,EX,37.7N,89.1W,35,,,,,,,,,,,,,
AL,UNNAMED,1915,2,75,19150821,0,,EX,38.2N,88.1W,35,,,,,,,,,,,,,
AL,UNNAMED,1915,2,75,19150821,600,,EX,38.8N,87.1W,35,,,,,,,,,,,,,
AL,UNNAMED,1915,2,75,19150821,1200,,EX,39.5N,86.0W,35,,,,,,,,,,,,,
AL,UNNAMED,1915,2,75,19150821,1800,,EX,40.4N,84.5W,35,,,,,,,,,,,,,
AL,UNNAMED,1915,2,75,19150822,0,,EX,41.5N,82.7W,35,,,,,,,,,,,,,
AL,UNNAMED,1915,2,75,19150822,600,,EX,42.6N,80.7W,30,,,,,,,,,,,,,
AL,UNNAMED,1915,2,75,19150822,1200,,EX,43.5N,79.0W,25,,,,,,,,,,,,,
AL,UNNAMED,1915,2,75,19150822,1800,,EX,44.3N,77.5W,25,,,,,,,,,,,,,
AL,UNNAMED,1915,2,75,19150823,0,,EX,45.0N,76.1W,25,,,,,,,,,,,,,
AL,UNNAMED,1915,2,75,19150823,600,,EX,45.6N,74.7W,25,,,,,,,,,,,,,
AL,UNNAMED,1915,2,75,19150823,1200,,EX,46.2N,73.4W,25,,,,,,,,,,,,,
AL,UNNAMED,1915,2,75,19150823,1800,,EX,47.0N,72.4W,25,,,,,,,,,,,,,
AL,UNNAMED,1915,3,59,19150827,1200,,TS,18.0N,44.5W,40,,,,,,,,,,,,,
AL,UNNAMED,1915,3,59,19150827,1800,,TS,19.0N,45.8W,40,,,,,,,,,,,,,
AL,UNNAMED,1915,3,59,19150828,0,,TS,20.0N,47.1W,45,,,,,,,,,,,,,
AL,UNNAMED,1915,3,59,19150828,600,,TS,21.0N,48.3W,45,,,,,,,,,,,,,
AL,UNNAMED,1915,3,59,19150828,1200,,TS,22.0N,49.5W,50,,,,,,,,,,,,,
AL,UNNAMED,1915,3,59,19150828,1800,,TS,23.0N,50.4W,50,,,,,,,,,,,,,
AL,UNNAMED,1915,3,59,19150829,0,,TS,24.0N,51.2W,55,,,,,,,,,,,,,
AL,UNNAMED,1915,3,59,19150829,600,,TS,25.0N,52.0W,55,,,,,,,,,,,,,
AL,UNNAMED,1915,3,59,19150829,1200,,TS,25.9N,52.9W,60,,,,,,,,,,,,,
AL,UNNAMED,1915,3,59,19150829,1800,,TS,26.7N,53.7W,60,,,,,,,,,,,,,
AL,UNNAMED,1915,3,59,19150830,0,,HU,27.4N,54.6W,65,,,,,,,,,,,,,
AL,UNNAMED,1915,3,59,19150830,600,,HU,28.1N,55.5W,65,,,,,,,,,,,,,
AL,UNNAMED,1915,3,59,19150830,1200,,HU,28.7N,56.3W,70,,,,,,,,,,,,,
AL,UNNAMED,1915,3,59,19150830,1800,,HU,29.3N,57.1W,70,,,,,,,,,,,,,
AL,UNNAMED,1915,3,59,19150831,0,,HU,29.9N,57.8W,75,,,,,,,,,,,,,
AL,UNNAMED,1915,3,59,19150831,600,,HU,30.5N,58.5W,75,,,,,,,,,,,,,
AL,UNNAMED,1915,3,59,19150831,1200,,HU,31.0N,59.0W,80,,,,,,,,,,,,,
AL,UNNAMED,1915,3,59,19150831,1800,,HU,31.3N,59.4W,80,,,,,,,,,,,,,
AL,UNNAMED,1915,3,59,19150901,0,,HU,31.4N,59.8W,85,,,,,,,,,,,,,
AL,UNNAMED,1915,3,59,19150901,600,,HU,31.5N,60.2W,85,,,,,,,,,,,,,
AL,UNNAMED,1915,3,59,19150901,1200,,HU,31.5N,60.6W,90,,,,,,,,,,,,,
AL,UNNAMED,1915,3,59,19150901,1800,,HU,31.5N,61.0W,95,,,,,,,,,,,,,
AL,UNNAMED,1915,3,59,19150902,0,,HU,31.6N,61.5W,100,,,,,,,,,,,,,
AL,UNNAMED,1915,3,59,19150902,600,,HU,31.8N,62.0W,105,,,,,,,,,,,,,
AL,UNNAMED,1915,3,59,19150902,1200,,HU,32.0N,62.5W,105,,,,,,,,,,,,,
AL,UNNAMED,1915,3,59,19150902,1800,,HU,32.3N,63.2W,105,,,,,,,,,,,,,
AL,UNNAMED,1915,3,59,19150903,0,,HU,32.5N,64.2W,105,,,,,,,,,,,,,
AL,UNNAMED,1915,3,59,19150903,600,,HU,32.7N,64.9W,105,,,,,,,,,,,,,
AL,UNNAMED,1915,3,59,19150903,1200,,HU,32.7N,65.3W,105,,,,,,,,,,,,,
AL,UNNAMED,1915,3,59,19150903,1800,,HU,32.5N,65.4W,105,,,,,,,,,,,,,
AL,UNNAMED,1915,3,59,19150904,0,,HU,32.2N,65.3W,105,,,,,,,,,,,,,
AL,UNNAMED,1915,3,59,19150904,600,,HU,31.8N,65.2W,105,,,,,,,,,,,,,
AL,UNNAMED,1915,3,59,19150904,1200,,HU,31.5N,64.8W,105,,,,,,,,,,,,,
AL,UNNAMED,1915,3,59,19150904,1800,,HU,31.3N,64.5W,105,,,,,,,,,,,,,
AL,UNNAMED,1915,3,59,19150905,0,,HU,31.2N,64.3W,105,,,,,,,,,,,,,
AL,UNNAMED,1915,3,59,19150905,600,,HU,30.9N,64.1W,105,,,,,,,,,,,,,
AL,UNNAMED,1915,3,59,19150905,1200,,HU,30.7N,64.0W,105,,,,,,,,,,,,,
AL,UNNAMED,1915,3,59,19150905,1800,,HU,30.5N,64.0W,105,,,,,,,,,,,,,
AL,UNNAMED,1915,3,59,19150906,0,,HU,30.4N,64.0W,100,,,,,,,,,,,,,
AL,UNNAMED,1915,3,59,19150906,600,,HU,30.3N,64.0W,100,,,,,,,,,,,,,
AL,UNNAMED,1915,3,59,19150906,1200,,HU,30.2N,64.0W,95,,,,,,,,,,,,,
AL,UNNAMED,1915,3,59,19150906,1800,,HU,30.2N,64.3W,95,,,,,,,,,,,,,
AL,UNNAMED,1915,3,59,19150907,0,,HU,30.2N,64.9W,90,,,,,,,,,,,,,
AL,UNNAMED,1915,3,59,19150907,600,,HU,30.3N,65.9W,90,,,,,,,,,,,,,
AL,UNNAMED,1915,3,59,19150907,1200,,HU,30.5N,66.5W,90,,,,,,,,,,,,,
AL,UNNAMED,1915,3,59,19150907,1800,,HU,31.0N,66.7W,90,,,,,,,,,,,,,
AL,UNNAMED,1915,3,59,19150908,0,,HU,31.5N,66.6W,90,,,,,,,,,,,,,
AL,UNNAMED,1915,3,59,19150908,600,,HU,32.0N,66.5W,85,,,,,,,,,,,,,
AL,UNNAMED,1915,3,59,19150908,1200,,HU,32.5N,66.4W,85,,,,,,,,,,,,,
AL,UNNAMED,1915,3,59,19150908,1800,,HU,33.0N,66.3W,85,,,,,,,,,,,,,
AL,UNNAMED,1915,3,59,19150909,0,,HU,33.6N,66.2W,85,,,,,,,,,,,,,
AL,UNNAMED,1915,3,59,19150909,600,,HU,34.2N,66.0W,80,,,,,,,,,,,,,
AL,UNNAMED,1915,3,59,19150909,1200,,HU,34.8N,65.7W,80,,,,,,,,,,,,,
AL,UNNAMED,1915,3,59,19150909,1800,,HU,35.5N,65.1W,75,,,,,,,,,,,,,
AL,UNNAMED,1915,3,59,19150910,0,,HU,36.3N,64.2W,70,,,,,,,,,,,,,
AL,UNNAMED,1915,3,59,19150910,600,,HU,37.1N,63.1W,65,,,,,,,,,,,,,
AL,UNNAMED,1915,3,59,19150910,1200,,TS,38.0N,61.9W,60,,,,,,,,,,,,,
AL,UNNAMED,1915,3,59,19150910,1800,,EX,39.0N,59.0W,55,,,,,,,,,,,,,
AL,UNNAMED,1915,3,59,19150911,0,,EX,40.0N,56.0W,55,,,,,,,,,,,,,
AL,UNNAMED,1915,4,27,19150831,1200,,TD,15.0N,79.5W,30,,,,,,,,,,,,,
AL,UNNAMED,1915,4,27,19150831,1800,,TS,16.0N,80.0W,35,,,,,,,,,,,,,
AL,UNNAMED,1915,4,27,19150901,0,,TS,17.0N,80.4W,40,,,,,,,,,,,,,
AL,UNNAMED,1915,4,27,19150901,600,,TS,18.0N,80.8W,45,,,,,,,,,,,,,
AL,UNNAMED,1915,4,27,19150901,1200,,TS,19.0N,81.0W,50,,,,,,,,,,,,,
AL,UNNAMED,1915,4,27,19150901,1800,,TS,19.3N,81.1W,55,,,,,,,,,,,,,
AL,UNNAMED,1915,4,27,19150902,0,,TS,19.6N,81.2W,60,,,,,,,,,,,,,
AL,UNNAMED,1915,4,27,19150902,600,,HU,20.0N,81.3W,65,,,,,,,,,,,,,
AL,UNNAMED,1915,4,27,19150902,1200,,HU,20.5N,81.5W,75,,,,,,,,,,,,,
AL,UNNAMED,1915,4,27,19150902,1800,,HU,21.1N,82.1W,85,,,,,,,,,,,,,
AL,UNNAMED,1915,4,27,19150903,0,,HU,21.7N,82.8W,85,,,,,,,,,,,,,
AL,UNNAMED,1915,4,27,19150903,600,,HU,22.6N,83.6W,80,,,,,,,,,,,,,
AL,UNNAMED,1915,4,27,19150903,1200,,HU,24.0N,84.0W,80,,,,,,,,,,,,,
AL,UNNAMED,1915,4,27,19150903,1800,,HU,25.6N,84.4W,80,,,,,,,,,,,,,
AL,UNNAMED,1915,4,27,19150904,0,,HU,27.2N,84.8W,80,,,,,,,,,,,,,
AL,UNNAMED,1915,4,27,19150904,600,,HU,28.7N,85.2W,80,,,,,,,,,,,,,
AL,UNNAMED,1915,4,27,19150904,1100,L,HU,30.0N,85.4W,80,,,,,,,,,,,,,
AL,UNNAMED,1915,4,27,19150904,1200,,HU,30.2N,85.4W,70,982,,,,,,,,,,,,
AL,UNNAMED,1915,4,27,19150904,1800,,TS,31.8N,85.3W,50,1003,,,,,,,,,,,,
AL,UNNAMED,1915,4,27,19150905,0,,TS,33.5N,85.0W,35,,,,,,,,,,,,,
AL,UNNAMED,1915,4,27,19150905,600,,TD,35.3N,84.7W,30,,,,,,,,,,,,,
AL,UNNAMED,1915,4,27,19150905,1200,,TD,36.9N,84.6W,30,,,,,,,,,,,,,
AL,UNNAMED,1915,4,27,19150905,1800,,TD,38.4N,84.6W,25,,,,,,,,,,,,,
AL,UNNAMED,1915,4,27,19150906,0,,TD,39.8N,84.6W,25,,,,,,,,,,,,,
AL,UNNAMED,1915,4,27,19150906,600,,TD,41.1N,84.7W,25,,,,,,,,,,,,,
AL,UNNAMED,1915,4,27,19150906,1200,,TD,42.4N,84.9W,25,,,,,,,,,,,,,
AL,UNNAMED,1915,4,27,19150906,1800,,TD,43.5N,85.2W,20,,,,,,,,,,,,,
AL,UNNAMED,1915,5,16,19150919,1200,,TD,25.5N,63.5W,30,,,,,,,,,,,,,
AL,UNNAMED,1915,5,16,19150919,1800,,TD,26.7N,63.4W,30,,,,,,,,,,,,,
AL,UNNAMED,1915,5,16,19150920,0,,TS,27.9N,63.3W,35,,,,,,,,,,,,,
AL,UNNAMED,1915,5,16,19150920,600,,TS,29.2N,63.0W,35,,,,,,,,,,,,,
AL,UNNAMED,1915,5,16,19150920,1200,,TS,30.5N,62.5W,40,,,,,,,,,,,,,
AL,UNNAMED,1915,5,16,19150920,1800,,TS,31.9N,61.5W,40,,,,,,,,,,,,,
AL,UNNAMED,1915,5,16,19150921,0,,TS,33.4N,59.5W,45,,,,,,,,,,,,,
AL,UNNAMED,1915,5,16,19150921,600,,TS,34.8N,56.0W,45,,,,,,,,,,,,,
AL,UNNAMED,1915,5,16,19150921,1200,,TS,36.0N,53.0W,45,,,,,,,,,,,,,
AL,UNNAMED,1915,5,16,19150921,1800,,TS,37.0N,51.0W,45,,,,,,,,,,,,,
AL,UNNAMED,1915,5,16,19150922,0,,TS,37.3N,49.5W,45,,,,,,,,,,,,,
AL,UNNAMED,1915,5,16,19150922,600,,TS,37.4N,48.5W,50,,,,,,,,,,,,,
AL,UNNAMED,1915,5,16,19150922,1200,,TS,37.5N,48.0W,50,,,,,,,,,,,,,
AL,UNNAMED,1915,5,16,19150922,1800,,TS,37.6N,47.5W,50,,,,,,,,,,,,,
AL,UNNAMED,1915,5,16,19150923,0,,EX,37.7N,46.8W,40,,,,,,,,,,,,,
AL,UNNAMED,1915,5,16,19150923,600,,EX,37.8N,46.0W,35,,,,,,,,,,,,,
AL,UNNAMED,1915,6,42,19150921,1200,,TS,12.3N,61.0W,35,,,,,,,,,,,,,
AL,UNNAMED,1915,6,42,19150921,1800,,TS,12.8N,61.5W,40,,,,,,,,,,,,,
AL,UNNAMED,1915,6,42,19150922,0,,TS,13.2N,62.1W,45,,,,,,,,,,,,,
AL,UNNAMED,1915,6,42,19150922,600,,TS,13.5N,62.8W,50,,,,,,,,,,,,,
AL,UNNAMED,1915,6,42,19150922,1200,,TS,13.8N,63.6W,55,,,,,,,,,,,,,
AL,UNNAMED,1915,6,42,19150922,1800,,TS,14.0N,64.6W,60,,,,,,,,,,,,,
AL,UNNAMED,1915,6,42,19150923,0,,HU,14.1N,65.8W,65,,,,,,,,,,,,,
AL,UNNAMED,1915,6,42,19150923,600,,HU,14.2N,66.9W,70,,,,,,,,,,,,,
AL,UNNAMED,1915,6,42,19150923,1200,,HU,14.3N,68.0W,75,,,,,,,,,,,,,
AL,UNNAMED,1915,6,42,19150923,1800,,HU,14.3N,69.0W,75,,,,,,,,,,,,,
AL,UNNAMED,1915,6,42,19150924,0,,HU,14.4N,70.0W,80,,,,,,,,,,,,,
AL,UNNAMED,1915,6,42,19150924,600,,HU,14.5N,71.0W,85,,,,,,,,,,,,,
AL,UNNAMED,1915,6,42,19150924,1200,,HU,14.5N,72.0W,95,,,,,,,,,,,,,
AL,UNNAMED,1915,6,42,19150924,1800,,HU,14.6N,73.1W,105,,,,,,,,,,,,,
AL,UNNAMED,1915,6,42,19150925,0,,HU,14.8N,74.2W,115,,,,,,,,,,,,,
AL,UNNAMED,1915,6,42,19150925,600,,HU,15.0N,75.3W,120,,,,,,,,,,,,,
AL,UNNAMED,1915,6,42,19150925,1200,,HU,15.3N,76.5W,125,,,,,,,,,,,,,
AL,UNNAMED,1915,6,42,19150925,1800,,HU,15.6N,77.7W,125,931,,,,,,,,,,,,
AL,UNNAMED,1915,6,42,19150926,0,,HU,15.9N,78.8W,125,,,,,,,,,,,,,
AL,UNNAMED,1915,6,42,19150926,600,,HU,16.2N,79.9W,125,,,,,,,,,,,,,
AL,UNNAMED,1915,6,42,19150926,1200,,HU,16.6N,81.0W,125,,,,,,,,,,,,,
AL,UNNAMED,1915,6,42,19150926,1800,,HU,17.3N,81.9W,125,,,,,,,,,,,,,
AL,UNNAMED,1915,6,42,19150927,0,,HU,18.4N,82.8W,125,,,,,,,,,,,,,
AL,UNNAMED,1915,6,42,19150927,600,,HU,19.6N,83.7W,125,,,,,,,,,,,,,
AL,UNNAMED,1915,6,42,19150927,1200,,HU,20.7N,84.6W,125,,,,,,,,,,,,,
AL,UNNAMED,1915,6,42,19150927,1800,,HU,21.5N,85.3W,125,,,,,,,,,,,,,
AL,UNNAMED,1915,6,42,19150928,0,,HU,22.3N,85.9W,125,,,,,,,,,,,,,
AL,UNNAMED,1915,6,42,19150928,600,,HU,23.1N,86.6W,125,,,,,,,,,,,,,
AL,UNNAMED,1915,6,42,19150928,1200,,HU,23.8N,87.2W,125,,,,,,,,,,,,,
AL,UNNAMED,1915,6,42,19150928,1800,,HU,24.7N,87.8W,125,,,,,,,,,,,,,
AL,UNNAMED,1915,6,42,19150929,0,,HU,25.7N,88.5W,120,,,,,,,,,,,,,
AL,UNNAMED,1915,6,42,19150929,600,,HU,26.8N,89.2W,120,935,,,,,,,,,,,,
AL,UNNAMED,1915,6,42,19150929,1200,,HU,27.9N,89.8W,115,,,,,,,,,,,,,
AL,UNNAMED,1915,6,42,19150929,1800,L,HU,29.0N,90.3W,110,944,,,,,,,,,,,,
AL,UNNAMED,1915,6,42,19150930,0,,HU,30.1N,90.2W,70,949,,,,,,,,,,,,
AL,UNNAMED,1915,6,42,19150930,600,,TS,31.2N,90.0W,60,,,,,,,,,,,,,
AL,UNNAMED,1915,6,42,19150930,1200,,EX,32.3N,89.3W,50,,,,,,,,,,,,,
AL,UNNAMED,1915,6,42,19150930,1800,,EX,33.6N,88.4W,40,,,,,,,,,,,,,
AL,UNNAMED,1915,6,42,19151001,0,,EX,35.0N,86.8W,35,,,,,,,,,,,,,
AL,UNNAMED,1915,6,42,19151001,600,,EX,36.5N,84.8W,35,,,,,,,,,,,,,
AL,UNNAMED,1915,6,42,19151001,1200,,EX,38.2N,82.4W,35,,,,,,,,,,,,,
AL,UNNAMED,1915,6,42,19151001,1800,,EX,40.2N,79.8W,35,,,,,,,,,,,,,
AL,UNNAMED,1916,1,19,19160513,1200,,TD,21.0N,80.0W,25,,,,,,,,,,,,,
AL,UNNAMED,1916,1,19,19160513,1800,,TD,22.4N,80.4W,30,,,,,,,,,,,,,
AL,UNNAMED,1916,1,19,19160514,0,,TD,23.8N,80.7W,30,,,,,,,,,,,,,
AL,UNNAMED,1916,1,19,19160514,600,L,TS,25.1N,81.0W,35,1006,,,,,,,,,,,,
AL,UNNAMED,1916,1,19,19160514,1200,,TS,26.2N,81.3W,40,,,,,,,,,,,,,
AL,UNNAMED,1916,1,19,19160514,1800,,TS,27.2N,81.6W,40,1004,,,,,,,,,,,,
AL,UNNAMED,1916,1,19,19160515,0,,TS,27.8N,81.9W,40,,,,,,,,,,,,,
AL,UNNAMED,1916,1,19,19160515,600,,TS,28.3N,82.1W,35,,,,,,,,,,,,,
AL,UNNAMED,1916,1,19,19160515,1200,,TS,29.0N,82.2W,35,,,,,,,,,,,,,
AL,UNNAMED,1916,1,19,19160515,1800,,TS,29.9N,81.9W,35,,,,,,,,,,,,,
AL,UNNAMED,1916,1,19,19160516,0,,TS,31.0N,81.4W,35,,,,,,,,,,,,,
AL,UNNAMED,1916,1,19,19160516,600,,TS,32.2N,80.6W,35,,,,,,,,,,,,,
AL,UNNAMED,1916,1,19,19160516,1200,,TS,33.5N,79.5W,35,,,,,,,,,,,,,
AL,UNNAMED,1916,1,19,19160516,1800,,TS,35.2N,78.1W,35,,,,,,,,,,,,,
AL,UNNAMED,1916,1,19,19160517,0,,EX,37.1N,76.4W,40,,,,,,,,,,,,,
AL,UNNAMED,1916,1,19,19160517,600,,EX,39.0N,74.5W,45,,,,,,,,,,,,,
AL,UNNAMED,1916,1,19,19160517,1200,,EX,41.0N,72.5W,50,990,,,,,,,,,,,,
AL,UNNAMED,1916,1,19,19160517,1800,,EX,43.0N,71.0W,50,,,,,,,,,,,,,
AL,UNNAMED,1916,1,19,19160518,0,,EX,45.0N,70.5W,40,,,,,,,,,,,,,
AL,UNNAMED,1916,2,51,19160628,1200,,TD,12.5N,79.5W,25,,,,,,,,,,,,,
AL,UNNAMED,1916,2,51,19160628,1800,,TD,12.5N,79.8W,25,,,,,,,,,,,,,
AL,UNNAMED,1916,2,51,19160629,0,,TD,12.5N,80.1W,25,,,,,,,,,,,,,
AL,UNNAMED,1916,2,51,19160629,600,,TD,12.5N,80.5W,25,,,,,,,,,,,,,
AL,UNNAMED,1916,2,51,19160629,1200,,TD,12.7N,80.9W,25,,,,,,,,,,,,,
AL,UNNAMED,1916,2,51,19160629,1800,,TD,13.0N,81.3W,25,,,,,,,,,,,,,
AL,UNNAMED,1916,2,51,19160630,0,,TD,13.5N,81.7W,30,,,,,,,,,,,,,
AL,UNNAMED,1916,2,51,19160630,600,,TD,14.0N,82.1W,30,,,,,,,,,,,,,
AL,UNNAMED,1916,2,51,19160630,1200,,TD,14.5N,82.5W,30,,,,,,,,,,,,,
AL,UNNAMED,1916,2,51,19160630,1800,,TD,15.0N,82.8W,30,,,,,,,,,,,,,
AL,UNNAMED,1916,2,51,19160701,0,,TD,15.5N,83.0W,30,,,,,,,,,,,,,
AL,UNNAMED,1916,2,51,19160701,600,,TD,16.0N,83.1W,30,,,,,,,,,,,,,
AL,UNNAMED,1916,2,51,19160701,1200,,TD,16.5N,83.3W,30,,,,,,,,,,,,,
AL,UNNAMED,1916,2,51,19160701,1800,,TD,16.9N,83.7W,30,,,,,,,,,,,,,
AL,UNNAMED,1916,2,51,19160702,0,,TS,17.2N,84.1W,35,,,,,,,,,,,,,
AL,UNNAMED,1916,2,51,19160702,600,,TS,17.6N,84.6W,35,,,,,,,,,,,,,
AL,UNNAMED,1916,2,51,19160702,1200,,TS,18.0N,85.0W,40,,,,,,,,,,,,,
AL,UNNAMED,1916,2,51,19160702,1800,,TS,18.5N,85.2W,45,,,,,,,,,,,,,
AL,UNNAMED,1916,2,51,19160703,0,,TS,18.9N,85.3W,50,,,,,,,,,,,,,
AL,UNNAMED,1916,2,51,19160703,600,,TS,19.4N,85.5W,55,,,,,,,,,,,,,
AL,UNNAMED,1916,2,51,19160703,1200,,TS,20.0N,85.7W,60,,,,,,,,,,,,,
AL,UNNAMED,1916,2,51,19160703,1800,,HU,20.7N,86.0W,65,,,,,,,,,,,,,
AL,UNNAMED,1916,2,51,19160704,0,,HU,21.5N,86.4W,70,,,,,,,,,,,,,
AL,UNNAMED,1916,2,51,19160704,600,,HU,22.4N,86.7W,75,,,,,,,,,,,,,
AL,UNNAMED,1916,2,51,19160704,1200,,HU,23.5N,87.0W,80,,,,,,,,,,,,,
AL,UNNAMED,1916,2,51,19160704,1800,,HU,24.8N,87.2W,85,,,,,,,,,,,,,
AL,UNNAMED,1916,2,51,19160705,0,,HU,26.3N,87.3W,90,,,,,,,,,,,,,
AL,UNNAMED,1916,2,51,19160705,600,,HU,27.6N,87.5W,95,,,,,,,,,,,,,
AL,UNNAMED,1916,2,51,19160705,1200,,HU,28.8N,87.7W,100,,,,,,,,,,,,,
AL,UNNAMED,1916,2,51,19160705,1800,,HU,29.9N,88.0W,105,950,,,,,,,,,,,,
AL,UNNAMED,1916,2,51,19160705,2100,L,HU,30.4N,88.4W,105,950,,,,,,,,,,,,
AL,UNNAMED,1916,2,51,19160706,0,,HU,30.8N,88.6W,80,,,,,,,,,,,,,
AL,UNNAMED,1916,2,51,19160706,600,,TS,31.7N,89.4W,55,,,,,,,,,,,,,
AL,UNNAMED,1916,2,51,19160706,1200,,TS,32.4N,90.0W,45,994,,,,,,,,,,,,
AL,UNNAMED,1916,2,51,19160706,1800,,TS,32.8N,90.1W,40,,,,,,,,,,,,,
AL,UNNAMED,1916,2,51,19160707,0,,TS,33.1N,90.2W,40,,,,,,,,,,,,,
AL,UNNAMED,1916,2,51,19160707,600,,TS,33.4N,90.2W,40,,,,,,,,,,,,,
AL,UNNAMED,1916,2,51,19160707,1200,,TS,33.7N,90.1W,40,,,,,,,,,,,,,
AL,UNNAMED,1916,2,51,19160707,1800,,TS,33.8N,89.4W,40,,,,,,,,,,,,,
AL,UNNAMED,1916,2,51,19160708,0,,TS,33.7N,88.5W,40,,,,,,,,,,,,,
AL,UNNAMED,1916,2,51,19160708,600,,TS,33.5N,87.6W,40,,,,,,,,,,,,,
AL,UNNAMED,1916,2,51,19160708,1200,,TS,33.2N,86.9W,35,,,,,,,,,,,,,
AL,UNNAMED,1916,2,51,19160708,1800,,TS,33.2N,86.6W,35,,,,,,,,,,,,,
AL,UNNAMED,1916,2,51,19160709,0,,TD,33.4N,86.4W,30,,,,,,,,,,,,,
AL,UNNAMED,1916,2,51,19160709,600,,TD,33.7N,86.2W,30,,,,,,,,,,,,,
AL,UNNAMED,1916,2,51,19160709,1200,,TD,34.0N,86.0W,25,,,,,,,,,,,,,
AL,UNNAMED,1916,2,51,19160709,1800,,TD,34.3N,85.9W,25,,,,,,,,,,,,,
AL,UNNAMED,1916,2,51,19160710,0,,TD,34.6N,85.8W,20,,,,,,,,,,,,,
AL,UNNAMED,1916,2,51,19160710,600,,TD,34.8N,85.7W,20,,,,,,,,,,,,,
AL,UNNAMED,1916,2,51,19160710,1200,,TD,35.0N,85.6W,20,,,,,,,,,,,,,
AL,UNNAMED,1916,2,51,19160710,1800,,TD,35.2N,85.5W,20,,,,,,,,,,,,,
AL,UNNAMED,1916,3,52,19160710,600,,TD,11.5N,52.1W,30,,,,,,,,,,,,,
AL,UNNAMED,1916,3,52,19160710,1200,,TD,11.5N,53.2W,30,,,,,,,,,,,,,
AL,UNNAMED,1916,3,52,19160710,1800,,TD,11.6N,54.4W,30,,,,,,,,,,,,,
AL,UNNAMED,1916,3,52,19160711,0,,TD,11.7N,55.6W,30,,,,,,,,,,,,,
AL,UNNAMED,1916,3,52,19160711,600,,TD,11.8N,56.7W,30,,,,,,,,,,,,,
AL,UNNAMED,1916,3,52,19160711,1200,,TD,12.0N,57.8W,30,,,,,,,,,,,,,
AL,UNNAMED,1916,3,52,19160711,1800,,TD,12.4N,58.8W,30,,,,,,,,,,,,,
AL,UNNAMED,1916,3,52,19160712,0,,TS,13.0N,59.8W,35,,,,,,,,,,,,,
AL,UNNAMED,1916,3,52,19160712,600,,TS,13.7N,60.8W,35,,,,,,,,,,,,,
AL,UNNAMED,1916,3,52,19160712,1200,,TS,14.5N,61.7W,35,,,,,,,,,,,,,
AL,UNNAMED,1916,3,52,19160712,1800,,TS,15.4N,62.7W,35,,,,,,,,,,,,,
AL,UNNAMED,1916,3,52,19160713,0,,TS,16.4N,63.8W,35,,,,,,,,,,,,,
AL,UNNAMED,1916,3,52,19160713,600,,TS,17.5N,65.0W,40,,,,,,,,,,,,,
AL,UNNAMED,1916,3,52,19160713,1200,,TS,18.4N,66.0W,45,,,,,,,,,,,,,
AL,UNNAMED,1916,3,52,19160713,1800,,TS,19.1N,66.7W,45,,,,,,,,,,,,,
AL,UNNAMED,1916,3,52,19160714,0,,TS,19.7N,67.2W,50,,,,,,,,,,,,,
AL,UNNAMED,1916,3,52,19160714,600,,TS,20.3N,67.6W,50,,,,,,,,,,,,,
AL,UNNAMED,1916,3,52,19160714,1200,,TS,20.8N,68.0W,55,,,,,,,,,,,,,
AL,UNNAMED,1916,3,52,19160714,1800,,TS,21.3N,68.3W,60,,,,,,,,,,,,,
AL,UNNAMED,1916,3,52,19160715,0,,HU,21.7N,68.5W,65,,,,,,,,,,,,,
AL,UNNAMED,1916,3,52,19160715,600,,HU,22.1N,68.6W,70,,,,,,,,,,,,,
AL,UNNAMED,1916,3,52,19160715,1200,,HU,22.5N,68.7W,75,,,,,,,,,,,,,
AL,UNNAMED,1916,3,52,19160715,1800,,HU,22.9N,68.8W,75,,,,,,,,,,,,,
AL,UNNAMED,1916,3,52,19160716,0,,HU,23.2N,69.0W,80,,,,,,,,,,,,,
AL,UNNAMED,1916,3,52,19160716,600,,HU,23.5N,69.2W,85,,,,,,,,,,,,,
AL,UNNAMED,1916,3,52,19160716,1200,,HU,23.8N,69.5W,90,,,,,,,,,,,,,
AL,UNNAMED,1916,3,52,19160716,1800,,HU,24.0N,70.0W,90,,,,,,,,,,,,,
AL,UNNAMED,1916,3,52,19160717,0,,HU,24.2N,70.5W,90,,,,,,,,,,,,,
AL,UNNAMED,1916,3,52,19160717,600,,HU,24.6N,71.0W,90,,,,,,,,,,,,,
AL,UNNAMED,1916,3,52,19160717,1200,,HU,25.3N,71.5W,90,,,,,,,,,,,,,
AL,UNNAMED,1916,3,52,19160717,1800,,HU,26.1N,71.9W,90,,,,,,,,,,,,,
AL,UNNAMED,1916,3,52,19160718,0,,HU,27.0N,72.2W,90,,,,,,,,,,,,,
AL,UNNAMED,1916,3,52,19160718,600,,HU,28.0N,72.5W,85,,,,,,,,,,,,,
AL,UNNAMED,1916,3,52,19160718,1200,,HU,29.1N,72.8W,85,,,,,,,,,,,,,
AL,UNNAMED,1916,3,52,19160718,1800,,HU,30.2N,73.0W,80,,,,,,,,,,,,,
AL,UNNAMED,1916,3,52,19160719,0,,HU,31.2N,73.2W,80,,,,,,,,,,,,,
AL,UNNAMED,1916,3,52,19160719,600,,HU,32.2N,73.3W,75,980,,,,,,,,,,,,
AL,UNNAMED,1916,3,52,19160719,1200,,HU,33.2N,73.3W,75,,,,,,,,,,,,,
AL,UNNAMED,1916,3,52,19160719,1800,,HU,34.1N,73.1W,75,,,,,,,,,,,,,
AL,UNNAMED,1916,3,52,19160720,0,,HU,34.9N,72.9W,75,,,,,,,,,,,,,
AL,UNNAMED,1916,3,52,19160720,600,,HU,35.7N,72.7W,75,,,,,,,,,,,,,
AL,UNNAMED,1916,3,52,19160720,1200,,HU,36.6N,72.5W,75,,,,,,,,,,,,,
AL,UNNAMED,1916,3,52,19160720,1800,,HU,37.6N,72.3W,75,,,,,,,,,,,,,
AL,UNNAMED,1916,3,52,19160721,0,,HU,38.8N,72.1W,70,,,,,,,,,,,,,
AL,UNNAMED,1916,3,52,19160721,600,,HU,39.9N,71.8W,65,,,,,,,,,,,,,
AL,UNNAMED,1916,3,52,19160721,1200,,TS,41.1N,71.4W,60,993,,,,,,,,,,,,
AL,UNNAMED,1916,3,52,19160721,1300,L,TS,41.4N,71.2W,60,993,,,,,,,,,,,,
AL,UNNAMED,1916,3,52,19160721,1800,,TS,43.0N,70.4W,45,1001,,,,,,,,,,,,
AL,UNNAMED,1916,3,52,19160722,0,,TS,44.7N,68.4W,40,,,,,,,,,,,,,
AL,UNNAMED,1916,3,52,19160722,600,,TS,46.9N,65.5W,35,,,,,,,,,,,,,
AL,UNNAMED,1916,3,52,19160722,1200,,EX,48.5N,61.7W,30,,,,,,,,,,,,,
AL,UNNAMED,1916,3,52,19160722,1800,,EX,51.0N,56.5W,30,,,,,,,,,,,,,
AL,UNNAMED,1916,4,20,19160711,600,,TS,25.9N,71.2W,40,,,,,,,,,,,,,
AL,UNNAMED,1916,4,20,19160711,1200,,TS,26.5N,72.0W,40,,,,,,,,,,,,,
AL,UNNAMED,1916,4,20,19160711,1800,,TS,27.1N,72.8W,45,,,,,,,,,,,,,
AL,UNNAMED,1916,4,20,19160712,0,,TS,27.7N,73.6W,50,,,,,,,,,,,,,
AL,UNNAMED,1916,4,20,19160712,600,,TS,28.2N,74.4W,60,,,,,,,,,,,,,
AL,UNNAMED,1916,4,20,19160712,1200,,TS,28.7N,75.2W,60,,,,,,,,,,,,,
AL,UNNAMED,1916,4,20,19160712,1800,,HU,29.2N,76.0W,70,,,,,,,,,,,,,
AL,UNNAMED,1916,4,20,19160713,0,,HU,29.7N,76.9W,75,,,,,,,,,,,,,
AL,UNNAMED,1916,4,20,19160713,600,,HU,30.2N,77.7W,80,,,,,,,,,,,,,
AL,UNNAMED,1916,4,20,19160713,1200,,HU,30.7N,78.4W,90,,,,,,,,,,,,,
AL,UNNAMED,1916,4,20,19160713,1800,,HU,31.3N,78.9W,100,,,,,,,,,,,,,
AL,UNNAMED,1916,4,20,19160714,0,,HU,32.0N,79.2W,100,,,,,,,,,,,,,
AL,UNNAMED,1916,4,20,19160714,600,,HU,32.6N,79.4W,95,960,,,,,,,,,,,,
AL,UNNAMED,1916,4,20,19160714,800,L,HU,32.9N,79.5W,95,960,,,,,,,,,,,,
AL,UNNAMED,1916,4,20,19160714,1200,,HU,33.2N,79.7W,70,,,,,,,,,,,,,
AL,UNNAMED,1916,4,20,19160714,1800,,TS,33.7N,80.2W,55,,,,,,,,,,,,,
AL,UNNAMED,1916,4,20,19160715,0,,TS,34.2N,80.9W,50,,,,,,,,,,,,,
AL,UNNAMED,1916,4,20,19160715,600,,TS,34.6N,81.8W,45,,,,,,,,,,,,,
AL,UNNAMED,1916,4,20,19160715,1200,,TS,35.0N,82.7W,35,,,,,,,,,,,,,
AL,UNNAMED,1916,4,20,19160715,1800,,TD,35.4N,83.6W,30,,,,,,,,,,,,,
AL,UNNAMED,1916,5,10,19160804,1200,,TS,24.0N,94.0W,35,,,,,,,,,,,,,
AL,UNNAMED,1916,5,10,19160804,1800,,TS,24.0N,94.5W,35,,,,,,,,,,,,,
AL,UNNAMED,1916,5,10,19160805,0,,TS,24.1N,95.0W,40,,,,,,,,,,,,,
AL,UNNAMED,1916,5,10,19160805,600,,TS,24.2N,95.5W,40,,,,,,,,,,,,,
AL,UNNAMED,1916,5,10,19160805,1200,,TS,24.3N,96.0W,45,,,,,,,,,,,,,
AL,UNNAMED,1916,5,10,19160805,1800,,TS,24.4N,96.5W,45,,,,,,,,,,,,,
AL,UNNAMED,1916,5,10,19160806,0,,TS,24.6N,97.1W,50,,,,,,,,,,,,,
AL,UNNAMED,1916,5,10,19160806,600,,TS,24.8N,97.7W,50,,,,,,,,,,,,,
AL,UNNAMED,1916,5,10,19160806,1200,,TS,25.0N,98.5W,35,,,,,,,,,,,,,
AL,UNNAMED,1916,5,10,19160806,1800,,TD,25.2N,99.5W,25,,,,,,,,,,,,,
AL,UNNAMED,1916,6,33,19160812,600,,TS,13.4N,55.0W,35,,,,,,,,,,,,,
AL,UNNAMED,1916,6,33,19160812,1200,,TS,13.5N,56.4W,40,,,,,,,,,,,,,
AL,UNNAMED,1916,6,33,19160812,1800,,TS,13.6N,57.8W,40,,,,,,,,,,,,,
AL,UNNAMED,1916,6,33,19160813,0,,TS,13.8N,59.2W,45,,,,,,,,,,,,,
AL,UNNAMED,1916,6,33,19160813,600,,TS,13.9N,60.6W,45,,,,,,,,,,,,,
AL,UNNAMED,1916,6,33,19160813,1200,,TS,14.0N,62.0W,50,,,,,,,,,,,,,
AL,UNNAMED,1916,6,33,19160813,1800,,TS,14.1N,63.6W,50,,,,,,,,,,,,,
AL,UNNAMED,1916,6,33,19160814,0,,TS,14.2N,65.3W,55,,,,,,,,,,,,,
AL,UNNAMED,1916,6,33,19160814,600,,TS,14.3N,66.9W,60,,,,,,,,,,,,,
AL,UNNAMED,1916,6,33,19160814,1200,,TS,14.5N,68.5W,60,,,,,,,,,,,,,
AL,UNNAMED,1916,6,33,19160814,1800,,TS,14.7N,70.0W,60,,,,,,,,,,,,,
AL,UNNAMED,1916,6,33,19160815,0,,HU,15.0N,71.3W,65,,,,,,,,,,,,,
AL,UNNAMED,1916,6,33,19160815,600,,HU,15.4N,72.6W,65,,,,,,,,,,,,,
AL,UNNAMED,1916,6,33,19160815,1200,,HU,16.0N,74.0W,70,,,,,,,,,,,,,
AL,UNNAMED,1916,6,33,19160815,1800,,HU,16.8N,75.6W,70,,,,,,,,,,,,,
AL,UNNAMED,1916,6,33,19160816,0,,HU,17.8N,77.3W,75,,,,,,,,,,,,,
AL,UNNAMED,1916,6,33,19160816,600,,HU,18.9N,79.0W,75,,,,,,,,,,,,,
AL,UNNAMED,1916,6,33,19160816,1200,,HU,19.8N,80.7W,80,,,,,,,,,,,,,
AL,UNNAMED,1916,6,33,19160816,1800,,HU,20.5N,82.4W,85,,,,,,,,,,,,,
AL,UNNAMED,1916,6,33,19160817,0,,HU,21.0N,84.1W,90,,,,,,,,,,,,,
AL,UNNAMED,1916,6,33,19160817,600,,HU,21.5N,85.8W,95,,,,,,,,,,,,,
AL,UNNAMED,1916,6,33,19160817,1200,,HU,22.0N,87.6W,105,,,,,,,,,,,,,
AL,UNNAMED,1916,6,33,19160817,1800,,HU,22.8N,89.4W,110,,,,,,,,,,,,,
AL,UNNAMED,1916,6,33,19160818,0,,HU,23.7N,91.2W,115,,,,,,,,,,,,,
AL,UNNAMED,1916,6,33,19160818,600,,HU,24.6N,93.0W,115,,,,,,,,,,,,,
AL,UNNAMED,1916,6,33,19160818,1200,,HU,25.5N,94.7W,115,,,,,,,,,,,,,
AL,UNNAMED,1916,6,33,19160818,1800,,HU,26.4N,96.3W,115,932,,,,,,,,,,,,
AL,UNNAMED,1916,6,33,19160818,2200,L,HU,27.0N,97.4W,115,932,,,,,,,,,,,,
AL,UNNAMED,1916,6,33,19160819,0,,HU,27.2N,97.8W,90,940,,,,,,,,,,,,
AL,UNNAMED,1916,6,33,19160819,600,,TS,28.1N,99.3W,60,,,,,,,,,,,,,
AL,UNNAMED,1916,6,33,19160819,1200,,TS,29.1N,100.7W,40,,,,,,,,,,,,,
AL,UNNAMED,1916,6,33,19160819,1800,,TD,30.1N,101.7W,30,,,,,,,,,,,,,
AL,UNNAMED,1916,6,33,19160820,0,,TD,31.2N,102.5W,25,,,,,,,,,,,,,
AL,UNNAMED,1916,7,22,19160821,600,,TS,16.0N,60.3W,55,,,,,,,,,,,,,
AL,UNNAMED,1916,7,22,19160821,1200,,HU,16.5N,61.5W,65,,,,,,,,,,,,,
AL,UNNAMED,1916,7,22,19160821,1800,,HU,17.0N,62.7W,75,,,,,,,,,,,,,
AL,UNNAMED,1916,7,22,19160822,0,,HU,17.4N,63.9W,85,,,,,,,,,,,,,
AL,UNNAMED,1916,7,22,19160822,600,,HU,17.8N,65.2W,95,,,,,,,,,,,,,
AL,UNNAMED,1916,7,22,19160822,1200,,HU,18.2N,66.5W,75,,,,,,,,,,,,,
AL,UNNAMED,1916,7,22,19160822,1800,,HU,18.6N,68.0W,65,,,,,,,,,,,,,
AL,UNNAMED,1916,7,22,19160823,0,,TS,19.0N,69.7W,60,,,,,,,,,,,,,
AL,UNNAMED,1916,7,22,19160823,600,,TS,19.5N,71.4W,55,,,,,,,,,,,,,
AL,UNNAMED,1916,7,22,19160823,1200,,TS,20.0N,72.9W,45,,,,,,,,,,,,,
AL,UNNAMED,1916,7,22,19160823,1800,,TS,20.7N,74.1W,45,,,,,,,,,,,,,
AL,UNNAMED,1916,7,22,19160824,0,,TS,21.5N,75.2W,40,,,,,,,,,,,,,
AL,UNNAMED,1916,7,22,19160824,600,,TS,22.2N,76.2W,40,,,,,,,,,,,,,
AL,UNNAMED,1916,7,22,19160824,1200,,TS,23.0N,77.2W,35,,,,,,,,,,,,,
AL,UNNAMED,1916,7,22,19160824,1800,,TS,23.7N,78.2W,35,,,,,,,,,,,,,
AL,UNNAMED,1916,7,22,19160825,0,,TS,24.4N,79.2W,40,,,,,,,,,,,,,
AL,UNNAMED,1916,7,22,19160825,600,,TS,25.2N,80.1W,40,,,,,,,,,,,,,
AL,UNNAMED,1916,7,22,19160825,800,L,TS,25.6N,80.3W,40,,,,,,,,,,,,,
AL,UNNAMED,1916,7,22,19160825,1200,,TS,26.0N,80.5W,40,,,,,,,,,,,,,
AL,UNNAMED,1916,7,22,19160825,1800,,TS,26.9N,80.7W,35,,,,,,,,,,,,,
AL,UNNAMED,1916,7,22,19160826,0,,TD,27.9N,80.8W,30,,,,,,,,,,,,,
AL,UNNAMED,1916,7,22,19160826,600,,TD,29.0N,80.8W,30,,,,,,,,,,,,,
AL,UNNAMED,1916,8,26,19160827,600,,TS,14.0N,47.6W,60,,,,,,,,,,,,,
AL,UNNAMED,1916,8,26,19160827,1200,,TS,14.0N,49.3W,60,,,,,,,,,,,,,
AL,UNNAMED,1916,8,26,19160827,1800,,HU,14.3N,51.2W,65,,,,,,,,,,,,,
AL,UNNAMED,1916,8,26,19160828,0,,HU,14.7N,53.2W,65,,,,,,,,,,,,,
AL,UNNAMED,1916,8,26,19160828,600,,HU,15.1N,55.2W,70,,,,,,,,,,,,,
AL,UNNAMED,1916,8,26,19160828,1200,,HU,15.3N,57.2W,70,,,,,,,,,,,,,
AL,UNNAMED,1916,8,26,19160828,1800,,HU,15.4N,59.4W,70,,,,,,,,,,,,,
AL,UNNAMED,1916,8,26,19160829,0,,HU,15.5N,61.6W,70,986,,,,,,,,,,,,
AL,UNNAMED,1916,8,26,19160829,600,,HU,15.6N,63.8W,70,,,,,,,,,,,,,
AL,UNNAMED,1916,8,26,19160829,1200,,HU,15.6N,66.0W,70,,,,,,,,,,,,,
AL,UNNAMED,1916,8,26,19160829,1800,,HU,15.7N,68.1W,70,,,,,,,,,,,,,
AL,UNNAMED,1916,8,26,19160830,0,,HU,15.9N,70.2W,70,,,,,,,,,,,,,
AL,UNNAMED,1916,8,26,19160830,600,,HU,16.0N,72.2W,65,,,,,,,,,,,,,
AL,UNNAMED,1916,8,26,19160830,1200,,TS,16.2N,74.2W,60,,,,,,,,,,,,,
AL,UNNAMED,1916,8,26,19160830,1800,,TS,16.6N,76.2W,55,,,,,,,,,,,,,
AL,UNNAMED,1916,8,26,19160831,0,,TS,16.8N,78.2W,50,,,,,,,,,,,,,
AL,UNNAMED,1916,8,26,19160831,600,,TS,17.0N,80.1W,45,,,,,,,,,,,,,
AL,UNNAMED,1916,8,26,19160831,1200,,TS,17.4N,82.0W,40,,,,,,,,,,,,,
AL,UNNAMED,1916,8,26,19160831,1800,,TS,17.7N,83.2W,40,,,,,,,,,,,,,
AL,UNNAMED,1916,8,26,19160901,0,,TS,18.0N,84.3W,40,,,,,,,,,,,,,
AL,UNNAMED,1916,8,26,19160901,600,,TS,18.1N,85.4W,45,,,,,,,,,,,,,
AL,UNNAMED,1916,8,26,19160901,1200,,TS,18.2N,86.5W,50,,,,,,,,,,,,,
AL,UNNAMED,1916,8,26,19160901,1800,,TS,18.1N,87.6W,50,,,,,,,,,,,,,
AL,UNNAMED,1916,8,26,19160902,0,,TS,17.9N,88.7W,40,,,,,,,,,,,,,
AL,UNNAMED,1916,8,26,19160902,600,,TS,17.5N,89.8W,35,,,,,,,,,,,,,
AL,UNNAMED,1916,8,26,19160902,1200,,TD,17.0N,91.0W,30,,,,,,,,,,,,,
AL,UNNAMED,1916,9,11,19160904,1200,,TS,24.2N,75.5W,35,,,,,,,,,,,,,
AL,UNNAMED,1916,9,11,19160904,1800,,TS,25.9N,76.5W,35,,,,,,,,,,,,,
AL,UNNAMED,1916,9,11,19160905,0,,TS,27.5N,77.4W,40,,,,,,,,,,,,,
AL,UNNAMED,1916,9,11,19160905,600,,TS,29.0N,78.1W,40,,,,,,,,,,,,,
AL,UNNAMED,1916,9,11,19160905,1200,,TS,30.5N,78.5W,45,,,,,,,,,,,,,
AL,UNNAMED,1916,9,11,19160905,1800,,TS,31.7N,78.6W,45,,,,,,,,,,,,,
AL,UNNAMED,1916,9,11,19160906,0,,TS,32.8N,78.5W,45,,,,,,,,,,,,,
AL,UNNAMED,1916,9,11,19160906,600,L,TS,33.9N,78.3W,45,,,,,,,,,,,,,
AL,UNNAMED,1916,9,11,19160906,1200,,TS,35.0N,78.1W,35,,,,,,,,,,,,,
AL,UNNAMED,1916,9,11,19160906,1800,,TD,35.9N,77.7W,30,,,,,,,,,,,,,
AL,UNNAMED,1916,9,11,19160907,0,,TD,36.5N,77.0W,25,,,,,,,,,,,,,
AL,UNNAMED,1916,10,35,19160913,1200,,TD,20.5N,56.0W,30,,,,,,,,,,,,,
AL,UNNAMED,1916,10,35,19160913,1800,,TD,20.7N,57.2W,30,,,,,,,,,,,,,
AL,UNNAMED,1916,10,35,19160914,0,,TD,20.8N,58.4W,30,,,,,,,,,,,,,
AL,UNNAMED,1916,10,35,19160914,600,,TS,20.9N,59.6W,35,,,,,,,,,,,,,
AL,UNNAMED,1916,10,35,19160914,1200,,TS,21.0N,60.7W,35,,,,,,,,,,,,,
AL,UNNAMED,1916,10,35,19160914,1800,,TS,21.1N,61.6W,35,,,,,,,,,,,,,
AL,UNNAMED,1916,10,35,19160915,0,,TS,21.2N,62.5W,35,,,,,,,,,,,,,
AL,UNNAMED,1916,10,35,19160915,600,,TS,21.3N,63.4W,40,,,,,,,,,,,,,
AL,UNNAMED,1916,10,35,19160915,1200,,TS,21.5N,64.0W,40,,,,,,,,,,,,,
AL,UNNAMED,1916,10,35,19160915,1800,,TS,22.0N,64.1W,40,,,,,,,,,,,,,
AL,UNNAMED,1916,10,35,19160916,0,,TS,22.7N,63.9W,40,,,,,,,,,,,,,
AL,UNNAMED,1916,10,35,19160916,600,,TS,23.7N,63.5W,40,,,,,,,,,,,,,
AL,UNNAMED,1916,10,35,19160916,1200,,TS,24.8N,63.0W,40,,,,,,,,,,,,,
AL,UNNAMED,1916,10,35,19160916,1800,,TS,26.0N,62.5W,40,,,,,,,,,,,,,
AL,UNNAMED,1916,10,35,19160917,0,,TS,27.2N,62.0W,45,,,,,,,,,,,,,
AL,UNNAMED,1916,10,35,19160917,600,,TS,28.5N,61.5W,50,,,,,,,,,,,,,
AL,UNNAMED,1916,10,35,19160917,1200,,TS,29.7N,61.0W,55,,,,,,,,,,,,,
AL,UNNAMED,1916,10,35,19160917,1800,,TS,30.7N,60.1W,60,,,,,,,,,,,,,
AL,UNNAMED,1916,10,35,19160918,0,,HU,31.7N,58.9W,65,,,,,,,,,,,,,
AL,UNNAMED,1916,10,35,19160918,600,,HU,32.7N,57.4W,70,,,,,,,,,,,,,
AL,UNNAMED,1916,10,35,19160918,1200,,HU,33.7N,55.9W,75,,,,,,,,,,,,,
AL,UNNAMED,1916,10,35,19160918,1800,,HU,34.6N,54.6W,75,,,,,,,,,,,,,
AL,UNNAMED,1916,10,35,19160919,0,,HU,35.4N,53.2W,75,,,,,,,,,,,,,
AL,UNNAMED,1916,10,35,19160919,600,,HU,36.2N,51.9W,75,,,,,,,,,,,,,
AL,UNNAMED,1916,10,35,19160919,1200,,HU,37.0N,50.5W,70,,,,,,,,,,,,,
AL,UNNAMED,1916,10,35,19160919,1800,,HU,37.6N,49.0W,70,,,,,,,,,,,,,
AL,UNNAMED,1916,10,35,19160920,0,,HU,38.0N,47.5W,70,,,,,,,,,,,,,
AL,UNNAMED,1916,10,35,19160920,600,,HU,38.3N,46.0W,65,,,,,,,,,,,,,
AL,UNNAMED,1916,10,35,19160920,1200,,HU,38.6N,44.5W,65,,,,,,,,,,,,,
AL,UNNAMED,1916,10,35,19160920,1800,,TS,38.7N,43.1W,60,,,,,,,,,,,,,
AL,UNNAMED,1916,10,35,19160921,0,,TS,38.7N,41.8W,50,,,,,,,,,,,,,
AL,UNNAMED,1916,10,35,19160921,600,,TS,38.7N,40.6W,40,,,,,,,,,,,,,
AL,UNNAMED,1916,10,35,19160921,1200,,TS,38.7N,39.5W,35,,,,,,,,,,,,,
AL,UNNAMED,1916,10,35,19160921,1800,,TD,38.7N,38.5W,30,,,,,,,,,,,,,
AL,UNNAMED,1916,10,35,19160922,0,,EX,38.7N,37.5W,25,,,,,,,,,,,,,
AL,UNNAMED,1916,11,31,19160917,1200,,TS,13.0N,45.5W,35,,,,,,,,,,,,,
AL,UNNAMED,1916,11,31,19160917,1800,,TS,13.5N,46.7W,35,,,,,,,,,,,,,
AL,UNNAMED,1916,11,31,19160918,0,,TS,14.0N,47.7W,40,,,,,,,,,,,,,
AL,UNNAMED,1916,11,31,19160918,600,,TS,14.5N,48.8W,45,,,,,,,,,,,,,
AL,UNNAMED,1916,11,31,19160918,1200,,TS,15.0N,50.0W,50,,,,,,,,,,,,,
AL,UNNAMED,1916,11,31,19160918,1800,,TS,15.5N,51.3W,50,,,,,,,,,,,,,
AL,UNNAMED,1916,11,31,19160919,0,,TS,16.1N,52.5W,55,,,,,,,,,,,,,
AL,UNNAMED,1916,11,31,19160919,600,,TS,16.8N,53.8W,55,,,,,,,,,,,,,
AL,UNNAMED,1916,11,31,19160919,1200,,TS,17.5N,55.0W,60,,,,,,,,,,,,,
AL,UNNAMED,1916,11,31,19160919,1800,,HU,18.1N,56.3W,65,,,,,,,,,,,,,
AL,UNNAMED,1916,11,31,19160920,0,,HU,18.7N,57.7W,70,,,,,,,,,,,,,
AL,UNNAMED,1916,11,31,19160920,600,,HU,19.3N,59.2W,75,,,,,,,,,,,,,
AL,UNNAMED,1916,11,31,19160920,1200,,HU,20.0N,60.7W,80,,,,,,,,,,,,,
AL,UNNAMED,1916,11,31,19160920,1800,,HU,20.7N,62.1W,80,,,,,,,,,,,,,
AL,UNNAMED,1916,11,31,19160921,0,,HU,21.3N,63.4W,85,,,,,,,,,,,,,
AL,UNNAMED,1916,11,31,19160921,600,,HU,21.9N,64.6W,85,,,,,,,,,,,,,
AL,UNNAMED,1916,11,31,19160921,1200,,HU,22.5N,65.5W,90,,,,,,,,,,,,,
AL,UNNAMED,1916,11,31,19160921,1800,,HU,23.2N,66.2W,90,,,,,,,,,,,,,
AL,UNNAMED,1916,11,31,19160922,0,,HU,24.0N,66.7W,95,,,,,,,,,,,,,
AL,UNNAMED,1916,11,31,19160922,600,,HU,24.9N,67.1W,100,,,,,,,,,,,,,
AL,UNNAMED,1916,11,31,19160922,1200,,HU,25.8N,67.5W,105,,,,,,,,,,,,,
AL,UNNAMED,1916,11,31,19160922,1800,,HU,26.8N,67.7W,105,,,,,,,,,,,,,
AL,UNNAMED,1916,11,31,19160923,0,,HU,27.9N,67.8W,105,,,,,,,,,,,,,
AL,UNNAMED,1916,11,31,19160923,600,,HU,29.1N,67.8W,105,,,,,,,,,,,,,
AL,UNNAMED,1916,11,31,19160923,1200,,HU,30.5N,67.5W,105,,,,,,,,,,,,,
AL,UNNAMED,1916,11,31,19160923,1800,,HU,32.0N,67.0W,105,,,,,,,,,,,,,
AL,UNNAMED,1916,11,31,19160924,0,,HU,33.7N,65.5W,100,,,,,,,,,,,,,
AL,UNNAMED,1916,11,31,19160924,600,,HU,35.5N,63.8W,95,,,,,,,,,,,,,
AL,UNNAMED,1916,11,31,19160924,1200,,HU,37.5N,61.7W,85,,,,,,,,,,,,,
AL,UNNAMED,1916,11,31,19160924,1800,,HU,39.5N,59.5W,75,,,,,,,,,,,,,
AL,UNNAMED,1916,11,31,19160925,0,,EX,42.0N,57.0W,60,,,,,,,,,,,,,
AL,UNNAMED,1916,12,13,19161002,600,,TS,26.5N,74.6W,40,,,,,,,,,,,,,
AL,UNNAMED,1916,12,13,19161002,1200,,TS,27.1N,75.0W,40,,,,,,,,,,,,,
AL,UNNAMED,1916,12,13,19161002,1800,,TS,27.8N,75.4W,40,,,,,,,,,,,,,
AL,UNNAMED,1916,12,13,19161003,0,,TS,28.6N,75.8W,45,,,,,,,,,,,,,
AL,UNNAMED,1916,12,13,19161003,600,,TS,29.4N,76.2W,45,,,,,,,,,,,,,
AL,UNNAMED,1916,12,13,19161003,1200,,TS,30.0N,76.5W,50,,,,,,,,,,,,,
AL,UNNAMED,1916,12,13,19161003,1800,,TS,30.5N,76.8W,50,,,,,,,,,,,,,
AL,UNNAMED,1916,12,13,19161004,0,,TS,31.0N,77.2W,50,,,,,,,,,,,,,
AL,UNNAMED,1916,12,13,19161004,600,,TS,31.4N,77.7W,50,,,,,,,,,,,,,
AL,UNNAMED,1916,12,13,19161004,1200,,TS,31.7N,78.4W,50,1000,,,,,,,,,,,,
AL,UNNAMED,1916,12,13,19161004,1800,,TS,31.6N,80.1W,50,,,,,,,,,,,,,
AL,UNNAMED,1916,12,13,19161004,2100,L,TS,31.5N,81.4W,50,,,,,,,,,,,,,
AL,UNNAMED,1916,12,13,19161005,0,,TD,31.4N,83.0W,30,,,,,,,,,,,,,
AL,UNNAMED,1916,13,36,19161006,600,,TD,11.7N,59.2W,30,,,,,,,,,,,,,
AL,UNNAMED,1916,13,36,19161006,1200,,TD,12.1N,59.5W,30,,,,,,,,,,,,,
AL,UNNAMED,1916,13,36,19161006,1800,,TD,12.5N,59.8W,30,,,,,,,,,,,,,
AL,UNNAMED,1916,13,36,19161007,0,,TD,12.9N,60.2W,30,,,,,,,,,,,,,
AL,UNNAMED,1916,13,36,19161007,600,,TD,13.2N,60.6W,30,,,,,,,,,,,,,
AL,UNNAMED,1916,13,36,19161007,1200,,TS,13.5N,61.0W,35,,,,,,,,,,,,,
AL,UNNAMED,1916,13,36,19161007,1800,,TS,13.7N,61.5W,40,,,,,,,,,,,,,
AL,UNNAMED,1916,13,36,19161008,0,,TS,13.9N,62.0W,45,,,,,,,,,,,,,
AL,UNNAMED,1916,13,36,19161008,600,,TS,14.2N,62.5W,50,,,,,,,,,,,,,
AL,UNNAMED,1916,13,36,19161008,1200,,TS,14.5N,63.0W,55,,,,,,,,,,,,,
AL,UNNAMED,1916,13,36,19161008,1800,,TS,15.0N,63.3W,60,,,,,,,,,,,,,
AL,UNNAMED,1916,13,36,19161009,0,,HU,15.5N,63.6W,65,,,,,,,,,,,,,
AL,UNNAMED,1916,13,36,19161009,600,,HU,16.0N,63.9W,75,,,,,,,,,,,,,
AL,UNNAMED,1916,13,36,19161009,1200,,HU,16.5N,64.2W,85,,,,,,,,,,,,,
AL,UNNAMED,1916,13,36,19161009,1800,,HU,17.3N,64.4W,95,963,,,,,,,,,,,,
AL,UNNAMED,1916,13,36,19161010,0,,HU,18.4N,64.5W,95,,,,,,,,,,,,,
AL,UNNAMED,1916,13,36,19161010,600,,HU,19.7N,64.6W,95,,,,,,,,,,,,,
AL,UNNAMED,1916,13,36,19161010,1200,,HU,20.9N,64.7W,95,,,,,,,,,,,,,
AL,UNNAMED,1916,13,36,19161010,1800,,HU,21.9N,64.7W,95,,,,,,,,,,,,,
AL,UNNAMED,1916,13,36,19161011,0,,HU,22.9N,64.7W,95,,,,,,,,,,,,,
AL,UNNAMED,1916,13,36,19161011,600,,HU,23.9N,64.6W,95,,,,,,,,,,,,,
AL,UNNAMED,1916,13,36,19161011,1200,,HU,24.8N,64.5W,100,,,,,,,,,,,,,
AL,UNNAMED,1916,13,36,19161011,1800,,HU,25.6N,64.2W,100,,,,,,,,,,,,,
AL,UNNAMED,1916,13,36,19161012,0,,HU,26.3N,63.8W,100,,,,,,,,,,,,,
AL,UNNAMED,1916,13,36,19161012,600,,HU,27.1N,63.3W,100,,,,,,,,,,,,,
AL,UNNAMED,1916,13,36,19161012,1200,,HU,27.9N,62.5W,105,,,,,,,,,,,,,
AL,UNNAMED,1916,13,36,19161012,1800,,HU,28.9N,61.2W,105,,,,,,,,,,,,,
AL,UNNAMED,1916,13,36,19161013,0,,HU,30.0N,59.2W,100,,,,,,,,,,,,,
AL,UNNAMED,1916,13,36,19161013,600,,HU,31.2N,57.1W,90,,,,,,,,,,,,,
AL,UNNAMED,1916,13,36,19161013,1200,,HU,32.5N,55.0W,80,,,,,,,,,,,,,
AL,UNNAMED,1916,13,36,19161013,1800,,HU,34.3N,52.8W,75,,,,,,,,,,,,,
AL,UNNAMED,1916,13,36,19161014,0,,EX,36.8N,50.6W,65,,,,,,,,,,,,,
AL,UNNAMED,1916,13,36,19161014,600,,EX,39.6N,48.3W,60,,,,,,,,,,,,,
AL,UNNAMED,1916,13,36,19161014,1200,,EX,42.5N,46.0W,55,,,,,,,,,,,,,
AL,UNNAMED,1916,13,36,19161014,1800,,EX,45.5N,43.5W,50,,,,,,,,,,,,,
AL,UNNAMED,1916,13,36,19161015,0,,EX,48.5N,41.1W,45,,,,,,,,,,,,,
AL,UNNAMED,1916,14,43,19161009,600,,TD,18.5N,75.6W,25,,,,,,,,,,,,,
AL,UNNAMED,1916,14,43,19161009,1200,,TD,18.0N,76.0W,25,,,,,,,,,,,,,
AL,UNNAMED,1916,14,43,19161009,1800,,TD,17.6N,76.4W,25,,,,,,,,,,,,,
AL,UNNAMED,1916,14,43,19161010,0,,TD,17.2N,76.8W,30,,,,,,,,,,,,,
AL,UNNAMED,1916,14,43,19161010,600,,TD,16.8N,77.2W,30,,,,,,,,,,,,,
AL,UNNAMED,1916,14,43,19161010,1200,,TD,16.5N,77.5W,30,,,,,,,,,,,,,
AL,UNNAMED,1916,14,43,19161010,1800,,TD,16.3N,77.8W,30,,,,,,,,,,,,,
AL,UNNAMED,1916,14,43,19161011,0,,TD,16.1N,78.0W,30,,,,,,,,,,,,,
AL,UNNAMED,1916,14,43,19161011,600,,TD,16.0N,78.2W,30,,,,,,,,,,,,,
AL,UNNAMED,1916,14,43,19161011,1200,,TD,16.0N,78.5W,30,,,,,,,,,,,,,
AL,UNNAMED,1916,14,43,19161011,1800,,TD,16.1N,78.8W,30,,,,,,,,,,,,,
AL,UNNAMED,1916,14,43,19161012,0,,TS,16.3N,79.0W,35,,,,,,,,,,,,,
AL,UNNAMED,1916,14,43,19161012,600,,TS,16.4N,79.2W,40,,,,,,,,,,,,,
AL,UNNAMED,1916,14,43,19161012,1200,,TS,16.5N,79.5W,45,,,,,,,,,,,,,
AL,UNNAMED,1916,14,43,19161012,1800,,TS,16.5N,79.7W,50,,,,,,,,,,,,,
AL,UNNAMED,1916,14,43,19161013,0,,TS,16.5N,79.9W,55,,,,,,,,,,,,,
AL,UNNAMED,1916,14,43,19161013,600,,TS,16.5N,80.1W,60,,,,,,,,,,,,,
AL,UNNAMED,1916,14,43,19161013,1200,,HU,16.5N,80.5W,65,,,,,,,,,,,,,
AL,UNNAMED,1916,14,43,19161013,1800,,HU,16.5N,81.1W,75,,,,,,,,,,,,,
AL,UNNAMED,1916,14,43,19161014,0,,HU,16.5N,81.8W,85,,,,,,,,,,,,,
AL,UNNAMED,1916,14,43,19161014,600,,HU,16.7N,82.7W,95,,,,,,,,,,,,,
AL,UNNAMED,1916,14,43,19161014,1200,,HU,17.0N,83.6W,95,,,,,,,,,,,,,
AL,UNNAMED,1916,14,43,19161014,1800,,HU,17.3N,84.5W,95,,,,,,,,,,,,,
AL,UNNAMED,1916,14,43,19161015,0,,HU,17.7N,85.4W,95,,,,,,,,,,,,,
AL,UNNAMED,1916,14,43,19161015,600,,HU,18.1N,86.3W,95,,,,,,,,,,,,,
AL,UNNAMED,1916,14,43,19161015,1200,,HU,18.6N,87.2W,95,,,,,,,,,,,,,
AL,UNNAMED,1916,14,43,19161015,1800,,HU,19.1N,88.2W,65,,,,,,,,,,,,,
AL,UNNAMED,1916,14,43,19161016,0,,TS,19.7N,89.0W,50,,,,,,,,,,,,,
AL,UNNAMED,1916,14,43,19161016,600,,TS,20.3N,89.9W,40,,,,,,,,,,,,,
AL,UNNAMED,1916,14,43,19161016,1200,,TS,21.0N,90.5W,40,,,,,,,,,,,,,
AL,UNNAMED,1916,14,43,19161016,1800,,TS,21.7N,90.7W,50,,,,,,,,,,,,,
AL,UNNAMED,1916,14,43,19161017,0,,TS,22.4N,90.8W,60,,,,,,,,,,,,,
AL,UNNAMED,1916,14,43,19161017,600,,HU,23.2N,90.6W,70,,,,,,,,,,,,,
AL,UNNAMED,1916,14,43,19161017,1200,,HU,24.0N,90.3W,80,,,,,,,,,,,,,
AL,UNNAMED,1916,14,43,19161017,1800,,HU,25.2N,89.7W,85,,,,,,,,,,,,,
AL,UNNAMED,1916,14,43,19161018,0,,HU,26.5N,89.0W,90,,,,,,,,,,,,,
AL,UNNAMED,1916,14,43,19161018,600,,HU,27.9N,88.2W,95,,,,,,,,,,,,,
AL,UNNAMED,1916,14,43,19161018,1200,,HU,29.6N,87.5W,95,970,,,,,,,,,,,,
AL,UNNAMED,1916,14,43,19161018,1400,L,HU,30.4N,87.4W,95,970,,,,,,,,,,,,
AL,UNNAMED,1916,14,43,19161018,1800,,HU,31.6N,87.2W,65,,,,,,,,,,,,,
AL,UNNAMED,1916,14,43,19161019,0,,TS,33.9N,87.6W,45,,,,,,,,,,,,,
AL,UNNAMED,1916,14,43,19161019,600,,TD,36.2N,88.2W,30,,,,,,,,,,,,,
AL,UNNAMED,1916,14,43,19161019,1200,,EX,38.5N,89.0W,25,,,,,,,,,,,,,
AL,UNNAMED,1916,15,22,19161111,0,,TD,12.3N,75.5W,30,,,,,,,,,,,,,
AL,UNNAMED,1916,15,22,19161111,600,,TD,12.4N,76.5W,30,,,,,,,,,,,,,
AL,UNNAMED,1916,15,22,19161111,1200,,TD,12.5N,77.5W,30,,,,,,,,,,,,,
AL,UNNAMED,1916,15,22,19161111,1800,,TD,12.6N,78.5W,30,,,,,,,,,,,,,
AL,UNNAMED,1916,15,22,19161112,0,,TS,12.7N,79.5W,35,,,,,,,,,,,,,
AL,UNNAMED,1916,15,22,19161112,600,,TS,12.8N,80.5W,35,,,,,,,,,,,,,
AL,UNNAMED,1916,15,22,19161112,1200,,TS,13.0N,81.5W,40,,,,,,,,,,,,,
AL,UNNAMED,1916,15,22,19161112,1800,,TS,13.6N,82.5W,45,,,,,,,,,,,,,
AL,UNNAMED,1916,15,22,19161113,0,,TS,14.6N,83.4W,40,,,,,,,,,,,,,
AL,UNNAMED,1916,15,22,19161113,600,,TS,15.7N,84.1W,35,,,,,,,,,,,,,
AL,UNNAMED,1916,15,22,19161113,1200,,TS,16.8N,84.7W,45,1002,,,,,,,,,,,,
AL,UNNAMED,1916,15,22,19161113,1800,,TS,17.7N,85.2W,50,,,,,,,,,,,,,
AL,UNNAMED,1916,15,22,19161114,0,,TS,18.6N,85.6W,55,,,,,,,,,,,,,
AL,UNNAMED,1916,15,22,19161114,600,,TS,19.3N,85.9W,60,,,,,,,,,,,,,
AL,UNNAMED,1916,15,22,19161114,1200,,TS,20.0N,86.0W,60,,,,,,,,,,,,,
AL,UNNAMED,1916,15,22,19161114,1800,,TS,20.8N,86.0W,60,,,,,,,,,,,,,
AL,UNNAMED,1916,15,22,19161115,0,,TS,21.6N,86.0W,60,,,,,,,,,,,,,
AL,UNNAMED,1916,15,22,19161115,600,,TS,22.3N,85.9W,60,,,,,,,,,,,,,
AL,UNNAMED,1916,15,22,19161115,1200,,EX,23.1N,85.7W,55,,,,,,,,,,,,,
AL,UNNAMED,1916,15,22,19161115,1800,,EX,24.2N,83.2W,55,1006,,,,,,,,,,,,
AL,UNNAMED,1916,15,22,19161116,0,,EX,25.5N,80.2W,50,,,,,,,,,,,,,
AL,UNNAMED,1916,15,22,19161116,600,,EX,27.0N,77.0W,45,,,,,,,,,,,,,
AL,UNNAMED,1917,1,33,19170706,1200,,TD,12.0N,59.0W,25,,,,,,,,,,,,,
AL,UNNAMED,1917,1,33,19170706,1800,,TD,12.2N,60.5W,25,,,,,,,,,,,,,
AL,UNNAMED,1917,1,33,19170707,0,,TD,12.5N,62.0W,30,,,,,,,,,,,,,
AL,UNNAMED,1917,1,33,19170707,600,,TD,12.7N,63.5W,30,,,,,,,,,,,,,
AL,UNNAMED,1917,1,33,19170707,1200,,TS,13.0N,65.0W,35,,,,,,,,,,,,,
AL,UNNAMED,1917,1,33,19170707,1800,,TS,13.2N,66.3W,35,,,,,,,,,,,,,
AL,UNNAMED,1917,1,33,19170708,0,,TS,13.5N,67.6W,40,,,,,,,,,,,,,
AL,UNNAMED,1917,1,33,19170708,600,,TS,13.7N,68.8W,40,,,,,,,,,,,,,
AL,UNNAMED,1917,1,33,19170708,1200,,TS,14.0N,70.0W,45,,,,,,,,,,,,,
AL,UNNAMED,1917,1,33,19170708,1800,,TS,14.2N,71.2W,45,,,,,,,,,,,,,
AL,UNNAMED,1917,1,33,19170709,0,,TS,14.5N,72.4W,40,,,,,,,,,,,,,
AL,UNNAMED,1917,1,33,19170709,600,,TS,14.7N,73.7W,40,,,,,,,,,,,,,
AL,UNNAMED,1917,1,33,19170709,1200,,TS,15.0N,75.0W,35,,,,,,,,,,,,,
AL,UNNAMED,1917,1,33,19170709,1800,,TS,15.2N,76.5W,35,,,,,,,,,,,,,
AL,UNNAMED,1917,1,33,19170710,0,,TD,15.3N,78.0W,30,,,,,,,,,,,,,
AL,UNNAMED,1917,1,33,19170710,600,,TD,15.4N,79.5W,30,,,,,,,,,,,,,
AL,UNNAMED,1917,1,33,19170710,1200,,TD,15.5N,81.0W,30,,,,,,,,,,,,,
AL,UNNAMED,1917,1,33,19170710,1800,,TD,15.6N,82.5W,30,,,,,,,,,,,,,
AL,UNNAMED,1917,1,33,19170711,0,,TD,15.7N,84.0W,30,,,,,,,,,,,,,
AL,UNNAMED,1917,1,33,19170711,600,,TD,15.8N,85.3W,30,,,,,,,,,,,,,
AL,UNNAMED,1917,1,33,19170711,1200,,TD,16.0N,86.5W,30,,,,,,,,,,,,,
AL,UNNAMED,1917,1,33,19170711,1800,,TD,16.5N,87.5W,30,,,,,,,,,,,,,
AL,UNNAMED,1917,1,33,19170712,0,,TD,17.0N,88.2W,30,,,,,,,,,,,,,
AL,UNNAMED,1917,1,33,19170712,600,,TD,17.5N,88.5W,30,,,,,,,,,,,,,
AL,UNNAMED,1917,1,33,19170712,1200,,TD,18.0N,89.0W,30,,,,,,,,,,,,,
AL,UNNAMED,1917,1,33,19170712,1800,,TD,18.5N,89.8W,25,,,,,,,,,,,,,
AL,UNNAMED,1917,1,33,19170713,0,,TD,19.0N,90.8W,25,,,,,,,,,,,,,
AL,UNNAMED,1917,1,33,19170713,600,,TD,19.5N,91.9W,30,,,,,,,,,,,,,
AL,UNNAMED,1917,1,33,19170713,1200,,TD,20.0N,93.0W,30,,,,,,,,,,,,,
AL,UNNAMED,1917,1,33,19170713,1800,,TD,20.5N,94.2W,30,,,,,,,,,,,,,
AL,UNNAMED,1917,1,33,19170714,0,,TD,21.0N,95.4W,30,,,,,,,,,,,,,
AL,UNNAMED,1917,1,33,19170714,600,,TD,21.5N,96.7W,30,,,,,,,,,,,,,
AL,UNNAMED,1917,1,33,19170714,1200,,TD,22.0N,98.0W,25,,,,,,,,,,,,,
AL,UNNAMED,1917,2,24,19170806,0,,TS,32.0N,67.5W,35,,,,,,,,,,,,,
AL,UNNAMED,1917,2,24,19170806,600,,TS,32.0N,68.0W,35,,,,,,,,,,,,,
AL,UNNAMED,1917,2,24,19170806,1200,,TS,32.0N,68.5W,35,,,,,,,,,,,,,
AL,UNNAMED,1917,2,24,19170806,1800,,TS,32.0N,69.0W,35,,,,,,,,,,,,,
AL,UNNAMED,1917,2,24,19170807,0,,TS,32.0N,69.4W,35,,,,,,,,,,,,,
AL,UNNAMED,1917,2,24,19170807,600,,TS,32.0N,69.9W,35,,,,,,,,,,,,,
AL,UNNAMED,1917,2,24,19170807,1200,,TS,32.0N,70.3W,35,,,,,,,,,,,,,
AL,UNNAMED,1917,2,24,19170807,1800,,TS,32.0N,70.7W,35,,,,,,,,,,,,,
AL,UNNAMED,1917,2,24,19170808,0,,TS,32.0N,71.2W,40,,,,,,,,,,,,,
AL,UNNAMED,1917,2,24,19170808,600,,TS,32.1N,71.6W,40,,,,,,,,,,,,,
AL,UNNAMED,1917,2,24,19170808,1200,,TS,32.1N,72.0W,40,,,,,,,,,,,,,
AL,UNNAMED,1917,2,24,19170808,1800,,TS,32.3N,72.4W,40,,,,,,,,,,,,,
AL,UNNAMED,1917,2,24,19170809,0,,TS,32.5N,72.8W,45,,,,,,,,,,,,,
AL,UNNAMED,1917,2,24,19170809,600,,TS,32.8N,73.2W,45,,,,,,,,,,,,,
AL,UNNAMED,1917,2,24,19170809,1200,,TS,33.2N,73.5W,45,,,,,,,,,,,,,
AL,UNNAMED,1917,2,24,19170809,1800,,TS,34.1N,73.6W,50,,,,,,,,,,,,,
AL,UNNAMED,1917,2,24,19170810,0,,TS,35.8N,73.3W,55,,,,,,,,,,,,,
AL,UNNAMED,1917,2,24,19170810,600,,TS,38.0N,71.8W,60,,,,,,,,,,,,,
AL,UNNAMED,1917,2,24,19170810,1200,,TS,40.5N,70.2W,60,,,,,,,,,,,,,
AL,UNNAMED,1917,2,24,19170810,1800,,TS,43.0N,68.0W,50,,,,,,,,,,,,,
AL,UNNAMED,1917,2,24,19170811,0,,EX,45.7N,65.0W,50,,,,,,,,,,,,,
AL,UNNAMED,1917,2,24,19170811,600,,EX,48.7N,61.0W,45,,,,,,,,,,,,,
AL,UNNAMED,1917,2,24,19170811,1200,,EX,52.0N,57.0W,35,,,,,,,,,,,,,
AL,UNNAMED,1917,2,24,19170811,1800,,EX,56.0N,53.0W,30,,,,,,,,,,,,,
AL,UNNAMED,1917,3,35,19170830,600,,TS,15.5N,44.5W,60,,,,,,,,,,,,,
AL,UNNAMED,1917,3,35,19170830,1200,,TS,16.0N,46.0W,60,,,,,,,,,,,,,
AL,UNNAMED,1917,3,35,19170830,1800,,TS,16.5N,47.6W,60,,,,,,,,,,,,,
AL,UNNAMED,1917,3,35,19170831,0,,TS,17.0N,49.2W,60,,,,,,,,,,,,,
AL,UNNAMED,1917,3,35,19170831,600,,HU,17.5N,50.7W,65,,,,,,,,,,,,,
AL,UNNAMED,1917,3,35,19170831,1200,,HU,18.0N,52.0W,70,,,,,,,,,,,,,
AL,UNNAMED,1917,3,35,19170831,1800,,HU,18.5N,53.0W,70,,,,,,,,,,,,,
AL,UNNAMED,1917,3,35,19170901,0,,HU,19.0N,54.0W,75,,,,,,,,,,,,,
AL,UNNAMED,1917,3,35,19170901,600,,HU,19.6N,55.0W,80,,,,,,,,,,,,,
AL,UNNAMED,1917,3,35,19170901,1200,,HU,20.2N,56.0W,80,,,,,,,,,,,,,
AL,UNNAMED,1917,3,35,19170901,1800,,HU,20.7N,57.0W,85,,,,,,,,,,,,,
AL,UNNAMED,1917,3,35,19170902,0,,HU,21.3N,58.0W,85,,,,,,,,,,,,,
AL,UNNAMED,1917,3,35,19170902,600,,HU,21.9N,59.0W,90,,,,,,,,,,,,,
AL,UNNAMED,1917,3,35,19170902,1200,,HU,22.5N,60.0W,90,,,,,,,,,,,,,
AL,UNNAMED,1917,3,35,19170902,1800,,HU,23.1N,60.9W,90,,,,,,,,,,,,,
AL,UNNAMED,1917,3,35,19170903,0,,HU,23.8N,61.8W,95,,,,,,,,,,,,,
AL,UNNAMED,1917,3,35,19170903,600,,HU,24.6N,62.6W,95,,,,,,,,,,,,,
AL,UNNAMED,1917,3,35,19170903,1200,,HU,25.5N,63.2W,95,,,,,,,,,,,,,
AL,UNNAMED,1917,3,35,19170903,1800,,HU,26.6N,63.6W,100,,,,,,,,,,,,,
AL,UNNAMED,1917,3,35,19170904,0,,HU,28.0N,63.8W,100,,,,,,,,,,,,,
AL,UNNAMED,1917,3,35,19170904,600,,HU,29.6N,63.6W,105,,,,,,,,,,,,,
AL,UNNAMED,1917,3,35,19170904,1200,,HU,31.3N,63.1W,105,,,,,,,,,,,,,
AL,UNNAMED,1917,3,35,19170904,1800,,HU,32.9N,62.2W,105,,,,,,,,,,,,,
AL,UNNAMED,1917,3,35,19170905,0,,HU,34.5N,60.7W,105,,,,,,,,,,,,,
AL,UNNAMED,1917,3,35,19170905,600,,HU,36.2N,58.5W,100,,,,,,,,,,,,,
AL,UNNAMED,1917,3,35,19170905,1200,,HU,37.9N,56.1W,95,,,,,,,,,,,,,
AL,UNNAMED,1917,3,35,19170905,1800,,HU,40.2N,53.0W,90,,,,,,,,,,,,,
AL,UNNAMED,1917,3,35,19170906,0,,EX,43.0N,50.1W,80,,,,,,,,,,,,,
AL,UNNAMED,1917,3,35,19170906,600,,EX,46.3N,47.6W,70,,,,,,,,,,,,,
AL,UNNAMED,1917,3,35,19170906,1200,,EX,49.8N,44.5W,55,,,,,,,,,,,,,
AL,UNNAMED,1917,3,35,19170906,1800,,EX,53.0N,41.0W,50,,,,,,,,,,,,,
AL,UNNAMED,1917,3,35,19170907,0,,EX,55.8N,37.0W,50,,,,,,,,,,,,,
AL,UNNAMED,1917,3,35,19170907,600,,EX,58.5N,32.5W,50,,,,,,,,,,,,,
AL,UNNAMED,1917,3,35,19170907,1200,,EX,61.0N,28.0W,45,,,,,,,,,,,,,
AL,UNNAMED,1917,3,35,19170907,1800,,EX,63.0N,23.0W,40,,,,,,,,,,,,,
AL,UNNAMED,1917,4,43,19170920,0,,TS,13.4N,57.1W,40,,,,,,,,,,,,,
AL,UNNAMED,1917,4,43,19170920,600,,TS,13.7N,58.3W,40,,,,,,,,,,,,,
AL,UNNAMED,1917,4,43,19170920,1200,,TS,14.0N,59.5W,40,,,,,,,,,,,,,
AL,UNNAMED,1917,4,43,19170920,1800,,TS,14.3N,60.7W,45,,,,,,,,,,,,,
AL,UNNAMED,1917,4,43,19170921,0,,TS,14.7N,61.9W,50,,,,,,,,,,,,,
AL,UNNAMED,1917,4,43,19170921,600,,TS,15.1N,63.1W,55,,,,,,,,,,,,,
AL,UNNAMED,1917,4,43,19170921,1200,,TS,15.5N,64.4W,60,,,,,,,,,,,,,
AL,UNNAMED,1917,4,43,19170921,1800,,HU,15.8N,66.1W,65,,,,,,,,,,,,,
AL,UNNAMED,1917,4,43,19170922,0,,HU,16.2N,67.9W,70,,,,,,,,,,,,,
AL,UNNAMED,1917,4,43,19170922,600,,HU,16.5N,69.9W,75,,,,,,,,,,,,,
AL,UNNAMED,1917,4,43,19170922,1200,,HU,16.9N,71.6W,80,,,,,,,,,,,,,
AL,UNNAMED,1917,4,43,19170922,1800,,HU,17.3N,73.1W,85,,,,,,,,,,,,,
AL,UNNAMED,1917,4,43,19170923,0,,HU,17.7N,74.5W,85,,,,,,,,,,,,,
AL,UNNAMED,1917,4,43,19170923,600,,HU,18.1N,75.9W,90,,,,,,,,,,,,,
AL,UNNAMED,1917,4,43,19170923,1200,,HU,18.4N,77.2W,90,,,,,,,,,,,,,
AL,UNNAMED,1917,4,43,19170923,1800,,HU,18.8N,78.2W,95,,,,,,,,,,,,,
AL,UNNAMED,1917,4,43,19170924,0,,HU,19.2N,79.0W,95,,,,,,,,,,,,,
AL,UNNAMED,1917,4,43,19170924,600,,HU,19.6N,79.6W,100,,,,,,,,,,,,,
AL,UNNAMED,1917,4,43,19170924,1200,,HU,20.1N,80.2W,100,,,,,,,,,,,,,
AL,UNNAMED,1917,4,43,19170924,1800,,HU,20.6N,80.8W,105,,,,,,,,,,,,,
AL,UNNAMED,1917,4,43,19170925,0,,HU,21.0N,81.3W,110,,,,,,,,,,,,,
AL,UNNAMED,1917,4,43,19170925,600,,HU,21.4N,81.9W,120,,,,,,,,,,,,,
AL,UNNAMED,1917,4,43,19170925,1200,,HU,21.8N,82.5W,130,928,,,,,,,,,,,,
AL,UNNAMED,1917,4,43,19170925,1800,,HU,22.3N,83.2W,130,,,,,,,,,,,,,
AL,UNNAMED,1917,4,43,19170926,0,,HU,22.8N,83.9W,120,,,,,,,,,,,,,
AL,UNNAMED,1917,4,43,19170926,600,,HU,23.3N,84.6W,120,,,,,,,,,,,,,
AL,UNNAMED,1917,4,43,19170926,1200,,HU,23.9N,85.2W,120,,,,,,,,,,,,,
AL,UNNAMED,1917,4,43,19170926,1800,,HU,24.4N,86.0W,120,,,,,,,,,,,,,
AL,UNNAMED,1917,4,43,19170927,0,,HU,24.7N,87.0W,115,,,,,,,,,,,,,
AL,UNNAMED,1917,4,43,19170927,600,,HU,25.1N,88.1W,115,,,,,,,,,,,,,
AL,UNNAMED,1917,4,43,19170927,1200,,HU,25.7N,88.9W,110,,,,,,,,,,,,,
AL,UNNAMED,1917,4,43,19170927,1800,,HU,26.3N,89.2W,110,,,,,,,,,,,,,
AL,UNNAMED,1917,4,43,19170928,0,,HU,27.1N,89.4W,105,,,,,,,,,,,,,
AL,UNNAMED,1917,4,43,19170928,600,,HU,28.0N,89.2W,105,,,,,,,,,,,,,
AL,UNNAMED,1917,4,43,19170928,1200,,HU,28.8N,88.8W,105,,,,,,,,,,,,,
AL,UNNAMED,1917,4,43,19170928,1800,,HU,29.5N,87.9W,100,,,,,,,,,,,,,
AL,UNNAMED,1917,4,43,19170929,0,,HU,30.2N,86.9W,100,949,,,,,,,,,,,,
AL,UNNAMED,1917,4,43,19170929,200,L,HU,30.4N,86.6W,100,949,,,,,,,,,,,,
AL,UNNAMED,1917,4,43,19170929,600,,HU,30.9N,86.0W,75,,,,,,,,,,,,,
AL,UNNAMED,1917,4,43,19170929,1200,,TS,31.5N,85.2W,55,,,,,,,,,,,,,
AL,UNNAMED,1917,4,43,19170929,1800,,TS,31.9N,84.4W,40,,,,,,,,,,,,,
AL,UNNAMED,1917,4,43,19170930,0,,TS,32.0N,83.2W,35,,,,,,,,,,,,,
AL,UNNAMED,1917,4,43,19170930,600,,EX,32.0N,82.5W,30,,,,,,,,,,,,,
AL,UNNAMED,1918,1,28,19180801,0,,TS,12.6N,58.5W,35,,,,,,,,,,,,,
AL,UNNAMED,1918,1,28,19180801,600,,TS,12.8N,60.3W,35,,,,,,,,,,,,,
AL,UNNAMED,1918,1,28,19180801,1200,,TS,13.0N,62.0W,35,,,,,,,,,,,,,
AL,UNNAMED,1918,1,28,19180801,1800,,TS,13.2N,63.8W,35,,,,,,,,,,,,,
AL,UNNAMED,1918,1,28,19180802,0,,TS,13.4N,65.5W,35,,,,,,,,,,,,,
AL,UNNAMED,1918,1,28,19180802,600,,TS,13.7N,67.3W,40,,,,,,,,,,,,,
AL,UNNAMED,1918,1,28,19180802,1200,,TS,14.0N,69.0W,40,,,,,,,,,,,,,
AL,UNNAMED,1918,1,28,19180802,1800,,TS,14.4N,70.8W,40,,,,,,,,,,,,,
AL,UNNAMED,1918,1,28,19180803,0,,TS,14.9N,72.5W,45,,,,,,,,,,,,,
AL,UNNAMED,1918,1,28,19180803,600,,TS,15.4N,74.3W,45,,,,,,,,,,,,,
AL,UNNAMED,1918,1,28,19180803,1200,,TS,16.0N,76.0W,45,,,,,,,,,,,,,
AL,UNNAMED,1918,1,28,19180803,1800,,TS,16.8N,77.6W,50,,,,,,,,,,,,,
AL,UNNAMED,1918,1,28,19180804,0,,TS,17.7N,79.3W,50,,,,,,,,,,,,,
AL,UNNAMED,1918,1,28,19180804,600,,TS,18.6N,80.9W,50,,,,,,,,,,,,,
AL,UNNAMED,1918,1,28,19180804,1200,,TS,19.5N,82.5W,55,,,,,,,,,,,,,
AL,UNNAMED,1918,1,28,19180804,1800,,TS,20.5N,84.0W,55,,,,,,,,,,,,,
AL,UNNAMED,1918,1,28,19180805,0,,TS,21.5N,85.5W,55,,,,,,,,,,,,,
AL,UNNAMED,1918,1,28,19180805,600,,TS,22.5N,86.9W,60,,,,,,,,,,,,,
AL,UNNAMED,1918,1,28,19180805,1200,,HU,23.5N,88.3W,70,,,,,,,,,,,,,
AL,UNNAMED,1918,1,28,19180805,1800,,HU,24.6N,89.4W,80,,,,,,,,,,,,,
AL,UNNAMED,1918,1,28,19180806,0,,HU,25.8N,90.4W,90,,,,,,,,,,,,,
AL,UNNAMED,1918,1,28,19180806,600,,HU,27.1N,91.4W,100,,,,,,,,,,,,,
AL,UNNAMED,1918,1,28,19180806,1200,,HU,28.5N,92.3W,105,,,,,,,,,,,,,
AL,UNNAMED,1918,1,28,19180806,1800,L,HU,29.8N,93.2W,105,955,,,,,,,,,,,,
AL,UNNAMED,1918,1,28,19180807,0,,TS,31.0N,94.0W,60,,,,,,,,,,,,,
AL,UNNAMED,1918,1,28,19180807,600,,TS,32.2N,94.6W,45,,,,,,,,,,,,,
AL,UNNAMED,1918,1,28,19180807,1200,,TS,33.7N,95.0W,35,,,,,,,,,,,,,
AL,UNNAMED,1918,1,28,19180807,1800,,TD,35.5N,95.2W,30,,,,,,,,,,,,,
AL,UNNAMED,1918,2,18,19180822,600,,TS,12.0N,57.5W,60,,,,,,,,,,,,,
AL,UNNAMED,1918,2,18,19180822,1200,,TS,12.1N,59.0W,60,,,,,,,,,,,,,
AL,UNNAMED,1918,2,18,19180822,1800,,TS,12.3N,60.6W,60,,,,,,,,,,,,,
AL,UNNAMED,1918,2,18,19180823,0,,TS,12.7N,62.4W,60,,,,,,,,,,,,,
AL,UNNAMED,1918,2,18,19180823,600,,TS,13.2N,64.4W,60,,,,,,,,,,,,,
AL,UNNAMED,1918,2,18,19180823,1200,,TS,13.7N,66.5W,60,,,,,,,,,,,,,
AL,UNNAMED,1918,2,18,19180823,1800,,TS,14.1N,68.4W,60,,,,,,,,,,,,,
AL,UNNAMED,1918,2,18,19180824,0,,TS,14.5N,70.4W,60,,,,,,,,,,,,,
AL,UNNAMED,1918,2,18,19180824,600,,HU,14.9N,72.3W,65,,,,,,,,,,,,,
AL,UNNAMED,1918,2,18,19180824,1200,,HU,15.2N,74.4W,70,,,,,,,,,,,,,
AL,UNNAMED,1918,2,18,19180824,1800,,HU,15.3N,76.4W,75,,,,,,,,,,,,,
AL,UNNAMED,1918,2,18,19180825,0,,HU,15.4N,78.8W,80,,,,,,,,,,,,,
AL,UNNAMED,1918,2,18,19180825,600,,HU,15.5N,80.9W,85,,,,,,,,,,,,,
AL,UNNAMED,1918,2,18,19180825,1200,,HU,15.6N,83.0W,90,968,,,,,,,,,,,,
AL,UNNAMED,1918,2,18,19180825,1800,,HU,15.8N,85.2W,80,,,,,,,,,,,,,
AL,UNNAMED,1918,2,18,19180826,0,,HU,16.1N,87.6W,70,,,,,,,,,,,,,
AL,UNNAMED,1918,2,18,19180826,600,,TS,16.5N,89.4W,45,,,,,,,,,,,,,
AL,UNNAMED,1918,2,18,19180826,1200,,TD,17.0N,91.0W,30,,,,,,,,,,,,,
AL,UNNAMED,1918,3,15,19180823,600,,TS,27.7N,73.3W,35,,,,,,,,,,,,,
AL,UNNAMED,1918,3,15,19180823,1200,,TS,28.8N,74.5W,35,,,,,,,,,,,,,
AL,UNNAMED,1918,3,15,19180823,1800,,TS,30.0N,75.7W,40,,,,,,,,,,,,,
AL,UNNAMED,1918,3,15,19180824,0,,TS,31.2N,76.6W,40,,,,,,,,,,,,,
AL,UNNAMED,1918,3,15,19180824,600,,TS,32.4N,77.1W,50,,,,,,,,,,,,,
AL,UNNAMED,1918,3,15,19180824,1200,,TS,33.5N,77.3W,60,,,,,,,,,,,,,
AL,UNNAMED,1918,3,15,19180824,1800,,HU,34.4N,77.0W,65,,,,,,,,,,,,,
AL,UNNAMED,1918,3,15,19180824,2100,L,HU,34.8N,76.8W,65,,,,,,,,,,,,,
AL,UNNAMED,1918,3,15,19180825,0,,TS,35.1N,76.5W,60,,,,,,,,,,,,,
AL,UNNAMED,1918,3,15,19180825,600,,TS,35.7N,75.9W,60,,,,,,,,,,,,,
AL,UNNAMED,1918,3,15,19180825,1200,,TS,36.2N,75.3W,60,,,,,,,,,,,,,
AL,UNNAMED,1918,3,15,19180825,1800,,TS,36.8N,74.6W,55,,,,,,,,,,,,,
AL,UNNAMED,1918,3,15,19180826,0,,TS,37.5N,73.8W,45,,,,,,,,,,,,,
AL,UNNAMED,1918,3,15,19180826,600,,TS,38.2N,72.9W,35,,,,,,,,,,,,,
AL,UNNAMED,1918,3,15,19180826,1200,,EX,39.0N,72.0W,30,,,,,,,,,,,,,
AL,UNNAMED,1918,4,23,19180831,1200,,TS,35.0N,51.0W,35,,,,,,,,,,,,,
AL,UNNAMED,1918,4,23,19180831,1800,,TS,35.2N,51.3W,35,,,,,,,,,,,,,
AL,UNNAMED,1918,4,23,19180901,0,,TS,35.5N,51.6W,35,,,,,,,,,,,,,
AL,UNNAMED,1918,4,23,19180901,600,,TS,35.8N,51.9W,35,,,,,,,,,,,,,
AL,UNNAMED,1918,4,23,19180901,1200,,TS,36.0N,52.0W,35,,,,,,,,,,,,,
AL,UNNAMED,1918,4,23,19180901,1800,,TS,36.2N,52.0W,35,,,,,,,,,,,,,
AL,UNNAMED,1918,4,23,19180902,0,,TS,36.5N,51.9W,40,,,,,,,,,,,,,
AL,UNNAMED,1918,4,23,19180902,600,,TS,36.7N,51.8W,40,,,,,,,,,,,,,
AL,UNNAMED,1918,4,23,19180902,1200,,TS,37.0N,51.5W,45,,,,,,,,,,,,,
AL,UNNAMED,1918,4,23,19180902,1800,,TS,37.3N,51.0W,45,,,,,,,,,,,,,
AL,UNNAMED,1918,4,23,19180903,0,,TS,37.6N,50.5W,50,,,,,,,,,,,,,
AL,UNNAMED,1918,4,23,19180903,600,,TS,37.8N,50.0W,50,,,,,,,,,,,,,
AL,UNNAMED,1918,4,23,19180903,1200,,TS,38.0N,49.5W,55,,,,,,,,,,,,,
AL,UNNAMED,1918,4,23,19180903,1800,,TS,38.2N,49.2W,55,,,,,,,,,,,,,
AL,UNNAMED,1918,4,23,19180904,0,,TS,38.3N,49.0W,60,,,,,,,,,,,,,
AL,UNNAMED,1918,4,23,19180904,600,,TS,38.4N,48.8W,60,,,,,,,,,,,,,
AL,UNNAMED,1918,4,23,19180904,1200,,TS,38.5N,48.5W,60,,,,,,,,,,,,,
AL,UNNAMED,1918,4,23,19180904,1800,,TS,38.6N,48.2W,60,,,,,,,,,,,,,
AL,UNNAMED,1918,4,23,19180905,0,,TS,38.7N,47.9W,55,,,,,,,,,,,,,
AL,UNNAMED,1918,4,23,19180905,600,,TS,38.8N,47.5W,50,,,,,,,,,,,,,
AL,UNNAMED,1918,4,23,19180905,1200,,TS,39.0N,47.0W,45,,,,,,,,,,,,,
AL,UNNAMED,1918,4,23,19180905,1800,,TS,39.2N,46.2W,40,,,,,,,,,,,,,
AL,UNNAMED,1918,4,23,19180906,0,,TS,39.5N,45.2W,35,,,,,,,,,,,,,
AL,UNNAMED,1918,5,27,19180902,0,,TS,24.6N,57.0W,40,,,,,,,,,,,,,
AL,UNNAMED,1918,5,27,19180902,600,,TS,24.8N,57.8W,45,,,,,,,,,,,,,
AL,UNNAMED,1918,5,27,19180902,1200,,TS,25.0N,58.5W,50,,,,,,,,,,,,,
AL,UNNAMED,1918,5,27,19180902,1800,,TS,25.2N,59.0W,60,,,,,,,,,,,,,
AL,UNNAMED,1918,5,27,19180903,0,,HU,25.4N,59.5W,65,,,,,,,,,,,,,
AL,UNNAMED,1918,5,27,19180903,600,,HU,25.7N,60.0W,70,,,,,,,,,,,,,
AL,UNNAMED,1918,5,27,19180903,1200,,HU,26.0N,60.5W,70,,,,,,,,,,,,,
AL,UNNAMED,1918,5,27,19180903,1800,,HU,26.6N,61.2W,75,,,,,,,,,,,,,
AL,UNNAMED,1918,5,27,19180904,0,,HU,27.7N,62.0W,75,,,,,,,,,,,,,
AL,UNNAMED,1918,5,27,19180904,600,,HU,28.8N,62.9W,80,,,,,,,,,,,,,
AL,UNNAMED,1918,5,27,19180904,1200,,HU,29.8N,63.8W,80,,,,,,,,,,,,,
AL,UNNAMED,1918,5,27,19180904,1800,,HU,30.8N,64.6W,85,,,,,,,,,,,,,
AL,UNNAMED,1918,5,27,19180905,0,,HU,31.8N,65.3W,90,,,,,,,,,,,,,
AL,UNNAMED,1918,5,27,19180905,600,,HU,32.8N,65.8W,95,,,,,,,,,,,,,
AL,UNNAMED,1918,5,27,19180905,1200,,HU,33.8N,66.3W,95,,,,,,,,,,,,,
AL,UNNAMED,1918,5,27,19180905,1800,,HU,34.8N,66.8W,95,,,,,,,,,,,,,
AL,UNNAMED,1918,5,27,19180906,0,,HU,35.8N,67.2W,90,,,,,,,,,,,,,
AL,UNNAMED,1918,5,27,19180906,600,,HU,36.8N,67.3W,80,,,,,,,,,,,,,
AL,UNNAMED,1918,5,27,19180906,1200,,HU,38.0N,67.2W,70,,,,,,,,,,,,,
AL,UNNAMED,1918,5,27,19180906,1800,,TS,39.7N,66.5W,60,,,,,,,,,,,,,
AL,UNNAMED,1918,5,27,19180907,0,,EX,42.5N,65.0W,50,,,,,,,,,,,,,
AL,UNNAMED,1918,5,27,19180907,600,,EX,45.5N,63.0W,45,,,,,,,,,,,,,
AL,UNNAMED,1918,5,27,19180907,1200,,EX,47.5N,60.5W,40,,,,,,,,,,,,,
AL,UNNAMED,1918,5,27,19180907,1800,,EX,48.5N,58.0W,40,,,,,,,,,,,,,
AL,UNNAMED,1918,5,27,19180908,0,,EX,48.9N,56.5W,40,,,,,,,,,,,,,
AL,UNNAMED,1918,5,27,19180908,600,,EX,49.0N,55.5W,35,,,,,,,,,,,,,
AL,UNNAMED,1918,5,27,19180908,1200,,EX,49.0N,55.0W,30,,,,,,,,,,,,,
AL,UNNAMED,1918,6,23,19180909,0,,TS,13.9N,59.8W,35,,,,,,,,,,,,,
AL,UNNAMED,1918,6,23,19180909,600,,TS,14.3N,60.7W,35,,,,,,,,,,,,,
AL,UNNAMED,1918,6,23,19180909,1200,,TS,14.7N,61.6W,35,,,,,,,,,,,,,
AL,UNNAMED,1918,6,23,19180909,1800,,TS,15.1N,62.5W,35,,,,,,,,,,,,,
AL,UNNAMED,1918,6,23,19180910,0,,TS,15.4N,63.3W,35,,,,,,,,,,,,,
AL,UNNAMED,1918,6,23,19180910,600,,TS,15.7N,64.1W,35,,,,,,,,,,,,,
AL,UNNAMED,1918,6,23,19180910,1200,,TS,16.0N,65.0W,35,,,,,,,,,,,,,
AL,UNNAMED,1918,6,23,19180910,1800,,TS,16.2N,66.2W,35,,,,,,,,,,,,,
AL,UNNAMED,1918,6,23,19180911,0,,TS,16.4N,67.5W,35,,,,,,,,,,,,,
AL,UNNAMED,1918,6,23,19180911,600,,TS,16.6N,68.7W,40,,,,,,,,,,,,,
AL,UNNAMED,1918,6,23,19180911,1200,,TS,16.8N,70.0W,40,,,,,,,,,,,,,
AL,UNNAMED,1918,6,23,19180911,1800,,TS,16.9N,71.2W,40,,,,,,,,,,,,,
AL,UNNAMED,1918,6,23,19180912,0,,TS,17.0N,72.5W,40,,,,,,,,,,,,,
AL,UNNAMED,1918,6,23,19180912,600,,TS,17.1N,73.7W,40,,,,,,,,,,,,,
AL,UNNAMED,1918,6,23,19180912,1200,,TS,17.2N,75.0W,40,,,,,,,,,,,,,
AL,UNNAMED,1918,6,23,19180912,1800,,TS,17.2N,76.2W,35,,,,,,,,,,,,,
AL,UNNAMED,1918,6,23,19180913,0,,TS,17.2N,77.5W,35,,,,,,,,,,,,,
AL,UNNAMED,1918,6,23,19180913,600,,TS,17.3N,78.7W,35,,,,,,,,,,,,,
AL,UNNAMED,1918,6,23,19180913,1200,,TS,17.5N,80.0W,35,,,,,,,,,,,,,
AL,UNNAMED,1918,6,23,19180913,1800,,TS,17.8N,81.2W,35,,,,,,,,,,,,,
AL,UNNAMED,1918,6,23,19180914,0,,TS,18.4N,82.3W,35,,,,,,,,,,,,,
AL,UNNAMED,1918,6,23,19180914,600,,TD,18.9N,83.3W,30,,,,,,,,,,,,,
AL,UNNAMED,1918,6,23,19180914,1200,,TD,19.5N,84.0W,25,,,,,,,,,,,,,
AL,UNNAMED,1919,1,16,19190702,600,,TD,24.6N,84.3W,25,,,,,,,,,,,,,
AL,UNNAMED,1919,1,16,19190702,1200,,TD,25.0N,84.7W,30,,,,,,,,,,,,,
AL,UNNAMED,1919,1,16,19190702,1800,,TS,25.4N,85.1W,35,,,,,,,,,,,,,
AL,UNNAMED,1919,1,16,19190703,0,,TS,26.0N,85.5W,40,,,,,,,,,,,,,
AL,UNNAMED,1919,1,16,19190703,600,,TS,26.7N,85.9W,45,,,,,,,,,,,,,
AL,UNNAMED,1919,1,16,19190703,1200,,TS,27.5N,86.3W,50,,,,,,,,,,,,,
AL,UNNAMED,1919,1,16,19190703,1800,,TS,28.3N,86.6W,55,,,,,,,,,,,,,
AL,UNNAMED,1919,1,16,19190704,0,,TS,29.1N,86.8W,55,,,,,,,,,,,,,
AL,UNNAMED,1919,1,16,19190704,600,,TS,29.9N,86.9W,55,995,,,,,,,,,,,,
AL,UNNAMED,1919,1,16,19190704,1100,L,TS,30.4N,87.0W,55,995,,,,,,,,,,,,
AL,UNNAMED,1919,1,16,19190704,1200,,TS,30.6N,87.1W,45,,,,,,,,,,,,,
AL,UNNAMED,1919,1,16,19190704,1800,,TS,31.2N,87.3W,35,,,,,,,,,,,,,
AL,UNNAMED,1919,1,16,19190705,0,,TD,31.7N,87.6W,30,,,,,,,,,,,,,
AL,UNNAMED,1919,1,16,19190705,600,,TD,32.2N,87.9W,25,,,,,,,,,,,,,
AL,UNNAMED,1919,1,16,19190705,1200,,TD,32.7N,88.2W,20,,,,,,,,,,,,,
AL,UNNAMED,1919,1,16,19190705,1800,,TD,33.2N,88.5W,20,,,,,,,,,,,,,
AL,UNNAMED,1919,3,13,19190902,0,,TD,33.0N,72.7W,30,,,,,,,,,,,,,
AL,UNNAMED,1919,3,13,19190902,600,,TS,34.0N,72.0W,35,,,,,,,,,,,,,
AL,UNNAMED,1919,3,13,19190902,1200,,TS,35.0N,71.0W,45,,,,,,,,,,,,,
AL,UNNAMED,1919,3,13,19190902,1800,,TS,36.0N,69.7W,55,,,,,,,,,,,,,
AL,UNNAMED,1919,3,13,19190903,0,,HU,37.0N,68.4W,65,,,,,,,,,,,,,
AL,UNNAMED,1919,3,13,19190903,600,,HU,38.0N,67.2W,75,,,,,,,,,,,,,
AL,UNNAMED,1919,3,13,19190903,1200,,HU,39.0N,66.0W,85,,,,,,,,,,,,,
AL,UNNAMED,1919,3,13,19190903,1800,,HU,40.0N,65.0W,85,,,,,,,,,,,,,
AL,UNNAMED,1919,3,13,19190904,0,,HU,41.0N,64.0W,70,,,,,,,,,,,,,
AL,UNNAMED,1919,3,13,19190904,600,,TS,42.0N,63.0W,55,,,,,,,,,,,,,
AL,UNNAMED,1919,3,13,19190904,1200,,TS,43.0N,62.0W,45,,,,,,,,,,,,,
AL,UNNAMED,1919,3,13,19190904,1800,,TS,44.2N,61.0W,35,,,,,,,,,,,,,
AL,UNNAMED,1919,3,13,19190905,0,,EX,45.5N,60.0W,30,,,,,,,,,,,,,
AL,UNNAMED,1919,2,59,19190902,1200,,TD,16.0N,61.0W,25,,,,,,,,,,,,,
AL,UNNAMED,1919,2,59,19190902,1800,,TD,16.3N,62.3W,30,,,,,,,,,,,,,
AL,UNNAMED,1919,2,59,19190903,0,,TD,16.7N,63.6W,30,,,,,,,,,,,,,
AL,UNNAMED,1919,2,59,19190903,600,,TS,17.1N,64.8W,35,,,,,,,,,,,,,
AL,UNNAMED,1919,2,59,19190903,1200,,TS,17.5N,66.0W,40,,,,,,,,,,,,,
AL,UNNAMED,1919,2,59,19190903,1800,,TS,18.0N,67.0W,45,,,,,,,,,,,,,
AL,UNNAMED,1919,2,59,19190904,0,,TS,18.6N,68.0W,45,,,,,,,,,,,,,
AL,UNNAMED,1919,2,59,19190904,600,,TS,19.1N,69.0W,40,,,,,,,,,,,,,
AL,UNNAMED,1919,2,59,19190904,1200,,TS,19.5N,70.0W,35,,,,,,,,,,,,,
AL,UNNAMED,1919,2,59,19190904,1800,,TS,19.8N,70.8W,35,,,,,,,,,,,,,
AL,UNNAMED,1919,2,59,19190905,0,,TS,20.0N,71.6W,35,,,,,,,,,,,,,
AL,UNNAMED,1919,2,59,19190905,600,,TS,20.2N,72.2W,35,,,,,,,,,,,,,
AL,UNNAMED,1919,2,59,19190905,1200,,TS,20.5N,72.5W,35,,,,,,,,,,,,,
AL,UNNAMED,1919,2,59,19190905,1800,,TS,20.9N,72.6W,35,,,,,,,,,,,,,
AL,UNNAMED,1919,2,59,19190906,0,,TS,21.4N,72.6W,40,,,,,,,,,,,,,
AL,UNNAMED,1919,2,59,19190906,600,,TS,21.8N,72.7W,45,,,,,,,,,,,,,
AL,UNNAMED,1919,2,59,19190906,1200,,TS,22.2N,72.8W,50,,,,,,,,,,,,,
AL,UNNAMED,1919,2,59,19190906,1800,,TS,22.5N,73.1W,55,,,,,,,,,,,,,
AL,UNNAMED,1919,2,59,19190907,0,,TS,22.8N,73.5W,60,,,,,,,,,,,,,
AL,UNNAMED,1919,2,59,19190907,600,,HU,23.0N,74.0W,65,,,,,,,,,,,,,
AL,UNNAMED,1919,2,59,19190907,1200,,HU,23.2N,74.5W,75,,,,,,,,,,,,,
AL,UNNAMED,1919,2,59,19190907,1800,,HU,23.4N,75.1W,85,,,,,,,,,,,,,
AL,UNNAMED,1919,2,59,19190908,0,,HU,23.5N,75.8W,95,,,,,,,,,,,,,
AL,UNNAMED,1919,2,59,19190908,600,,HU,23.6N,76.5W,95,,,,,,,,,,,,,
AL,UNNAMED,1919,2,59,19190908,1200,,HU,23.7N,77.3W,100,,,,,,,,,,,,,
AL,UNNAMED,1919,2,59,19190908,1800,,HU,23.8N,78.1W,105,,,,,,,,,,,,,
AL,UNNAMED,1919,2,59,19190909,0,,HU,23.9N,78.9W,110,,,,,,,,,,,,,
AL,UNNAMED,1919,2,59,19190909,600,,HU,24.0N,79.7W,115,,,,,,,,,,,,,
AL,UNNAMED,1919,2,59,19190909,1200,,HU,24.0N,80.5W,120,,,,,,,,,,,,,
AL,UNNAMED,1919,2,59,19190909,1800,,HU,24.1N,81.3W,125,,,,,,,,,,,,,
AL,UNNAMED,1919,2,59,19190910,0,,HU,24.3N,82.1W,130,,,,,,,,,,,,,
AL,UNNAMED,1919,2,59,19190910,600,,HU,24.6N,82.8W,130,927,,,,,,,,,,,,
AL,UNNAMED,1919,2,59,19190910,700,L,HU,24.6N,82.9W,130,927,,,,,,,,,,,,
AL,UNNAMED,1919,2,59,19190910,1200,,HU,24.8N,83.4W,130,,,,,,,,,,,,,
AL,UNNAMED,1919,2,59,19190910,1800,,HU,24.9N,84.0W,130,,,,,,,,,,,,,
AL,UNNAMED,1919,2,59,19190911,0,,HU,25.0N,84.5W,130,,,,,,,,,,,,,
AL,UNNAMED,1919,2,59,19190911,600,,HU,25.0N,85.0W,130,,,,,,,,,,,,,
AL,UNNAMED,1919,2,59,19190911,1200,,HU,25.1N,85.5W,130,,,,,,,,,,,,,
AL,UNNAMED,1919,2,59,19190911,1800,,HU,25.3N,86.1W,125,,,,,,,,,,,,,
AL,UNNAMED,1919,2,59,19190912,0,,HU,25.6N,86.7W,120,,,,,,,,,,,,,
AL,UNNAMED,1919,2,59,19190912,600,,HU,25.9N,87.3W,115,,,,,,,,,,,,,
AL,UNNAMED,1919,2,59,19190912,1200,,HU,26.2N,88.0W,110,944,,,,,,,,,,,,
AL,UNNAMED,1919,2,59,19190912,1800,,HU,26.4N,89.0W,110,,,,,,,,,,,,,
AL,UNNAMED,1919,2,59,19190913,0,,HU,26.5N,90.0W,115,942,,,,,,,,,,,,
AL,UNNAMED,1919,2,59,19190913,600,,HU,26.5N,91.0W,125,931,,,,,,,,,,,,
AL,UNNAMED,1919,2,59,19190913,1200,,HU,26.5N,92.0W,125,,,,,,,,,,,,,
AL,UNNAMED,1919,2,59,19190913,1800,,HU,26.6N,92.9W,120,,,,,,,,,,,,,
AL,UNNAMED,1919,2,59,19190914,0,,HU,26.7N,93.8W,115,,,,,,,,,,,,,
AL,UNNAMED,1919,2,59,19190914,600,,HU,26.8N,94.6W,110,,,,,,,,,,,,,
AL,UNNAMED,1919,2,59,19190914,1200,,HU,27.0N,95.5W,105,,,,,,,,,,,,,
AL,UNNAMED,1919,2,59,19190914,1800,,HU,27.2N,96.6W,100,950,,,,,,,,,,,,
AL,UNNAMED,1919,2,59,19190914,2100,L,HU,27.2N,97.3W,100,950,,,,,,,,,,,,
AL,UNNAMED,1919,2,59,19190915,0,,HU,27.4N,98.0W,75,,,,,,,,,,,,,
AL,UNNAMED,1919,2,59,19190915,600,,TS,27.8N,99.5W,55,,,,,,,,,,,,,
AL,UNNAMED,1919,2,59,19190915,1200,,TS,28.2N,101.0W,40,,,,,,,,,,,,,
AL,UNNAMED,1919,2,59,19190915,1800,,TS,28.9N,102.4W,35,,,,,,,,,,,,,
AL,UNNAMED,1919,2,59,19190916,0,,TD,29.7N,103.8W,30,,,,,,,,,,,,,
AL,UNNAMED,1919,2,59,19190916,600,,TD,30.6N,105.0W,25,,,,,,,,,,,,,
AL,UNNAMED,1919,2,59,19190916,1200,,TD,31.5N,106.0W,20,,,,,,,,,,,,,
AL,UNNAMED,1919,4,14,19190929,0,,TD,27.5N,75.5W,30,,,,,,,,,,,,,
AL,UNNAMED,1919,4,14,19190929,600,,TD,28.0N,76.0W,30,,,,,,,,,,,,,
AL,UNNAMED,1919,4,14,19190929,1200,,TS,28.5N,76.5W,35,,,,,,,,,,,,,
AL,UNNAMED,1919,4,14,19190929,1800,,TS,29.0N,77.0W,35,,,,,,,,,,,,,
AL,UNNAMED,1919,4,14,19190930,0,,TS,29.5N,77.6W,35,,,,,,,,,,,,,
AL,UNNAMED,1919,4,14,19190930,600,,TS,30.0N,78.2W,40,,,,,,,,,,,,,
AL,UNNAMED,1919,4,14,19190930,1200,,TS,30.5N,79.0W,40,,,,,,,,,,,,,
AL,UNNAMED,1919,4,14,19190930,1800,,TS,30.9N,80.0W,40,,,,,,,,,,,,,
AL,UNNAMED,1919,4,14,19191001,0,,TS,31.2N,81.1W,40,,,,,,,,,,,,,
AL,UNNAMED,1919,4,14,19191001,100,L,TS,31.2N,81.3W,40,,,,,,,,,,,,,
AL,UNNAMED,1919,4,14,19191001,600,,TS,31.4N,82.3W,35,,,,,,,,,,,,,
AL,UNNAMED,1919,4,14,19191001,1200,,TD,31.5N,83.5W,30,,,,,,,,,,,,,
AL,UNNAMED,1919,4,14,19191001,1800,,TD,31.5N,84.7W,25,,,,,,,,,,,,,
AL,UNNAMED,1919,4,14,19191002,0,,TD,31.5N,86.0W,20,,,,,,,,,,,,,
AL,UNNAMED,1919,5,24,19191110,0,,EX,32.0N,58.5W,30,,,,,,,,,,,,,
AL,UNNAMED,1919,5,24,19191110,600,,EX,31.0N,59.3W,30,,,,,,,,,,,,,
AL,UNNAMED,1919,5,24,19191110,1200,,EX,30.0N,60.0W,35,,,,,,,,,,,,,
AL,UNNAMED,1919,5,24,19191110,1800,,EX,29.1N,60.7W,35,,,,,,,,,,,,,
AL,UNNAMED,1919,5,24,19191111,0,,EX,28.3N,61.3W,40,,,,,,,,,,,,,
AL,UNNAMED,1919,5,24,19191111,600,,EX,27.6N,61.9W,45,,,,,,,,,,,,,
AL,UNNAMED,1919,5,24,19191111,1200,,EX,27.0N,62.5W,50,,,,,,,,,,,,,
AL,UNNAMED,1919,5,24,19191111,1800,,EX,26.6N,63.1W,55,,,,,,,,,,,,,
AL,UNNAMED,1919,5,24,19191112,0,,TS,26.3N,63.8W,60,,,,,,,,,,,,,
AL,UNNAMED,1919,5,24,19191112,600,,TS,26.1N,64.4W,60,,,,,,,,,,,,,
AL,UNNAMED,1919,5,24,19191112,1200,,TS,26.0N,65.0W,60,,,,,,,,,,,,,
AL,UNNAMED,1919,5,24,19191112,1800,,TS,26.3N,65.6W,60,,,,,,,,,,,,,
AL,UNNAMED,1919,5,24,19191113,0,,TS,27.0N,66.2W,55,,,,,,,,,,,,,
AL,UNNAMED,1919,5,24,19191113,600,,TS,27.7N,66.5W,55,,,,,,,,,,,,,
AL,UNNAMED,1919,5,24,19191113,1200,,TS,28.0N,66.4W,50,,,,,,,,,,,,,
AL,UNNAMED,1919,5,24,19191113,1800,,TS,28.0N,65.8W,50,,,,,,,,,,,,,
AL,UNNAMED,1919,5,24,19191114,0,,TS,27.8N,64.8W,45,,,,,,,,,,,,,
AL,UNNAMED,1919,5,24,19191114,600,,TS,27.6N,63.4W,45,,,,,,,,,,,,,
AL,UNNAMED,1919,5,24,19191114,1200,,TS,27.5N,62.0W,40,,,,,,,,,,,,,
AL,UNNAMED,1919,5,24,19191114,1800,,TS,28.3N,60.7W,40,,,,,,,,,,,,,
AL,UNNAMED,1919,5,24,19191115,0,,TS,29.0N,59.5W,35,,,,,,,,,,,,,
AL,UNNAMED,1919,5,24,19191115,600,,TS,29.5N,58.5W,35,,,,,,,,,,,,,
AL,UNNAMED,1919,5,24,19191115,1200,,EX,30.0N,57.5W,30,,,,,,,,,,,,,
AL,UNNAMED,1919,5,24,19191115,1800,,EX,30.7N,56.5W,30,,,,,,,,,,,,,
AL,UNNAMED,1920,1,38,19200907,0,,TS,11.1N,36.6W,35,,,,,,,,,,,,,
AL,UNNAMED,1920,1,38,19200907,600,,TS,11.5N,37.8W,35,,,,,,,,,,,,,
AL,UNNAMED,1920,1,38,19200907,1200,,TS,12.0N,39.0W,35,,,,,,,,,,,,,
AL,UNNAMED,1920,1,38,19200907,1800,,TS,12.7N,40.1W,35,,,,,,,,,,,,,
AL,UNNAMED,1920,1,38,19200908,0,,TS,13.4N,41.1W,35,,,,,,,,,,,,,
AL,UNNAMED,1920,1,38,19200908,600,,TS,14.1N,42.1W,40,,,,,,,,,,,,,
AL,UNNAMED,1920,1,38,19200908,1200,,TS,14.8N,43.0W,40,,,,,,,,,,,,,
AL,UNNAMED,1920,1,38,19200908,1800,,TS,15.4N,44.0W,45,,,,,,,,,,,,,
AL,UNNAMED,1920,1,38,19200909,0,,TS,16.1N,45.0W,50,,,,,,,,,,,,,
AL,UNNAMED,1920,1,38,19200909,600,,TS,16.8N,46.0W,55,,,,,,,,,,,,,
AL,UNNAMED,1920,1,38,19200909,1200,,TS,17.5N,47.0W,60,,,,,,,,,,,,,
AL,UNNAMED,1920,1,38,19200909,1800,,HU,18.3N,48.0W,65,,,,,,,,,,,,,
AL,UNNAMED,1920,1,38,19200910,0,,HU,19.2N,49.0W,70,,,,,,,,,,,,,
AL,UNNAMED,1920,1,38,19200910,600,,HU,20.1N,50.0W,75,,,,,,,,,,,,,
AL,UNNAMED,1920,1,38,19200910,1200,,HU,21.0N,50.8W,75,,,,,,,,,,,,,
AL,UNNAMED,1920,1,38,19200910,1800,,HU,21.9N,51.5W,80,,,,,,,,,,,,,
AL,UNNAMED,1920,1,38,19200911,0,,HU,22.8N,51.8W,80,,,,,,,,,,,,,
AL,UNNAMED,1920,1,38,19200911,600,,HU,23.7N,51.9W,85,,,,,,,,,,,,,
AL,UNNAMED,1920,1,38,19200911,1200,,HU,24.6N,52.0W,85,,,,,,,,,,,,,
AL,UNNAMED,1920,1,38,19200911,1800,,HU,25.6N,52.1W,85,,,,,,,,,,,,,
AL,UNNAMED,1920,1,38,19200912,0,,HU,26.7N,52.2W,90,,,,,,,,,,,,,
AL,UNNAMED,1920,1,38,19200912,600,,HU,27.8N,52.3W,95,,,,,,,,,,,,,
AL,UNNAMED,1920,1,38,19200912,1200,,HU,29.0N,52.2W,95,,,,,,,,,,,,,
AL,UNNAMED,1920,1,38,19200912,1800,,HU,30.2N,51.9W,95,,,,,,,,,,,,,
AL,UNNAMED,1920,1,38,19200913,0,,HU,31.3N,51.4W,90,,,,,,,,,,,,,
AL,UNNAMED,1920,1,38,19200913,600,,HU,32.4N,50.8W,90,,,,,,,,,,,,,
AL,UNNAMED,1920,1,38,19200913,1200,,HU,33.5N,50.0W,85,,,,,,,,,,,,,
AL,UNNAMED,1920,1,38,19200913,1800,,HU,34.6N,49.1W,85,,,,,,,,,,,,,
AL,UNNAMED,1920,1,38,19200914,0,,HU,35.8N,48.1W,80,,,,,,,,,,,,,
AL,UNNAMED,1920,1,38,19200914,600,,HU,36.9N,47.0W,80,,,,,,,,,,,,,
AL,UNNAMED,1920,1,38,19200914,1200,,HU,38.0N,45.5W,75,,,,,,,,,,,,,
AL,UNNAMED,1920,1,38,19200914,1800,,HU,39.0N,43.5W,70,,,,,,,,,,,,,
AL,UNNAMED,1920,1,38,19200915,0,,EX,39.9N,41.0W,60,,,,,,,,,,,,,
AL,UNNAMED,1920,1,38,19200915,600,,EX,40.7N,38.2W,50,,,,,,,,,,,,,
AL,UNNAMED,1920,1,38,19200915,1200,,EX,41.4N,35.0W,45,,,,,,,,,,,,,
AL,UNNAMED,1920,1,38,19200915,1800,,EX,41.8N,31.9W,40,,,,,,,,,,,,,
AL,UNNAMED,1920,1,38,19200916,0,,EX,42.0N,28.5W,35,,,,,,,,,,,,,
AL,UNNAMED,1920,1,38,19200916,600,,EX,42.1N,24.9W,30,,,,,,,,,,,,,
AL,UNNAMED,1920,2,30,19200916,600,,TD,11.7N,76.5W,30,,,,,,,,,,,,,
AL,UNNAMED,1920,2,30,19200916,1200,,TD,12.0N,77.5W,30,,,,,,,,,,,,,
AL,UNNAMED,1920,2,30,19200916,1800,,TD,12.4N,78.6W,30,,,,,,,,,,,,,
AL,UNNAMED,1920,2,30,19200917,0,,TD,12.9N,79.7W,30,,,,,,,,,,,,,
AL,UNNAMED,1920,2,30,19200917,600,,TD,13.3N,80.7W,30,,,,,,,,,,,,,
AL,UNNAMED,1920,2,30,19200917,1200,,TD,13.7N,81.5W,30,,,,,,,,,,,,,
AL,UNNAMED,1920,2,30,19200917,1800,,TD,14.1N,82.3W,30,,,,,,,,,,,,,
AL,UNNAMED,1920,2,30,19200918,0,,TD,14.5N,83.1W,30,,,,,,,,,,,,,
AL,UNNAMED,1920,2,30,19200918,600,,TD,14.9N,83.8W,30,,,,,,,,,,,,,
AL,UNNAMED,1920,2,30,19200918,1200,,TD,15.2N,84.5W,30,,,,,,,,,,,,,
AL,UNNAMED,1920,2,30,19200918,1800,,TD,15.5N,85.2W,30,,,,,,,,,,,,,
AL,UNNAMED,1920,2,30,19200919,0,,TS,15.9N,85.9W,35,,,,,,,,,,,,,
AL,UNNAMED,1920,2,30,19200919,600,,TS,16.4N,86.5W,35,,,,,,,,,,,,,
AL,UNNAMED,1920,2,30,19200919,1200,,TS,17.0N,87.0W,40,,,,,,,,,,,,,
AL,UNNAMED,1920,2,30,19200919,1800,,TS,17.8N,87.3W,40,,,,,,,,,,,,,
AL,UNNAMED,1920,2,30,19200920,0,,TS,18.8N,87.6W,45,,,,,,,,,,,,,
AL,UNNAMED,1920,2,30,19200920,600,,TS,20.0N,87.9W,40,,,,,,,,,,,,,
AL,UNNAMED,1920,2,30,19200920,1200,,TS,21.2N,88.2W,35,,,,,,,,,,,,,
AL,UNNAMED,1920,2,30,19200920,1800,,TS,22.4N,88.5W,45,,,,,,,,,,,,,
AL,UNNAMED,1920,2,30,19200921,0,,TS,23.6N,88.8W,55,999,,,,,,,,,,,,
AL,UNNAMED,1920,2,30,19200921,600,,HU,24.8N,89.1W,65,,,,,,,,,,,,,
AL,UNNAMED,1920,2,30,19200921,1200,,HU,26.0N,89.5W,70,,,,,,,,,,,,,
AL,UNNAMED,1920,2,30,19200921,1800,,HU,27.4N,90.1W,75,,,,,,,,,,,,,
AL,UNNAMED,1920,2,30,19200922,0,,HU,28.9N,90.7W,85,975,,,,,,,,,,,,
AL,UNNAMED,1920,2,30,19200922,100,L,HU,29.1N,90.8W,85,975,,,,,,,,,,,,
AL,UNNAMED,1920,2,30,19200922,600,,TS,30.5N,91.6W,60,986,,,,,,,,,,,,
AL,UNNAMED,1920,2,30,19200922,1200,,TS,32.2N,92.6W,40,,,,,,,,,,,,,
AL,UNNAMED,1920,2,30,19200922,1800,,TD,34.0N,93.4W,30,,,,,,,,,,,,,
AL,UNNAMED,1920,2,30,19200923,0,,TD,36.0N,94.1W,30,,,,,,,,,,,,,
AL,UNNAMED,1920,2,30,19200923,600,,TD,38.2N,94.8W,25,,,,,,,,,,,,,
AL,UNNAMED,1920,3,20,19200919,600,,TD,30.4N,76.8W,25,,,,,,,,,,,,,
AL,UNNAMED,1920,3,20,19200919,1200,,TD,30.5N,76.5W,30,,,,,,,,,,,,,
AL,UNNAMED,1920,3,20,19200919,1800,,TD,30.6N,76.2W,30,,,,,,,,,,,,,
AL,UNNAMED,1920,3,20,19200920,0,,TD,30.7N,75.9W,30,,,,,,,,,,,,,
AL,UNNAMED,1920,3,20,19200920,600,,TD,30.8N,75.7W,30,,,,,,,,,,,,,
AL,UNNAMED,1920,3,20,19200920,1200,,TS,30.7N,75.5W,35,,,,,,,,,,,,,
AL,UNNAMED,1920,3,20,19200920,1800,,TS,30.5N,75.4W,35,,,,,,,,,,,,,
AL,UNNAMED,1920,3,20,19200921,0,,TS,30.0N,75.3W,35,,,,,,,,,,,,,
AL,UNNAMED,1920,3,20,19200921,600,,TS,29.6N,75.4W,40,,,,,,,,,,,,,
AL,UNNAMED,1920,3,20,19200921,1200,,TS,29.5N,75.5W,45,,,,,,,,,,,,,
AL,UNNAMED,1920,3,20,19200921,1800,,TS,29.6N,75.7W,50,,,,,,,,,,,,,
AL,UNNAMED,1920,3,20,19200922,0,,TS,29.9N,75.9W,55,,,,,,,,,,,,,
AL,UNNAMED,1920,3,20,19200922,600,,TS,30.4N,76.1W,60,,,,,,,,,,,,,
AL,UNNAMED,1920,3,20,19200922,1200,,HU,31.0N,76.4W,70,,,,,,,,,,,,,
AL,UNNAMED,1920,3,20,19200922,1800,,HU,31.8N,76.9W,75,,,,,,,,,,,,,
AL,UNNAMED,1920,3,20,19200923,0,,HU,32.7N,77.5W,65,,,,,,,,,,,,,
AL,UNNAMED,1920,3,20,19200923,600,L,TS,33.7N,78.2W,55,,,,,,,,,,,,,
AL,UNNAMED,1920,3,20,19200923,1200,,TS,34.8N,79.0W,35,,,,,,,,,,,,,
AL,UNNAMED,1920,3,20,19200923,1800,,TD,35.9N,79.9W,30,,,,,,,,,,,,,
AL,UNNAMED,1920,3,20,19200924,0,,TD,37.0N,81.0W,25,,,,,,,,,,,,,
AL,UNNAMED,1920,4,18,19200923,1200,,TD,32.5N,57.0W,30,,,,,,,,,,,,,
AL,UNNAMED,1920,4,18,19200923,1800,,TD,32.8N,56.9W,30,,,,,,,,,,,,,
AL,UNNAMED,1920,4,18,19200924,0,,TS,33.1N,56.8W,35,,,,,,,,,,,,,
AL,UNNAMED,1920,4,18,19200924,600,,TS,33.4N,56.7W,35,,,,,,,,,,,,,
AL,UNNAMED,1920,4,18,19200924,1200,,TS,33.5N,56.5W,40,,,,,,,,,,,,,
AL,UNNAMED,1920,4,18,19200924,1800,,TS,33.5N,56.3W,40,,,,,,,,,,,,,
AL,UNNAMED,1920,4,18,19200925,0,,TS,33.5N,56.1W,40,,,,,,,,,,,,,
AL,UNNAMED,1920,4,18,19200925,600,,TS,33.5N,55.8W,40,,,,,,,,,,,,,
AL,UNNAMED,1920,4,18,19200925,1200,,TS,33.5N,55.5W,40,,,,,,,,,,,,,
AL,UNNAMED,1920,4,18,19200925,1800,,TS,33.3N,55.2W,40,,,,,,,,,,,,,
AL,UNNAMED,1920,4,18,19200926,0,,TS,33.0N,54.9W,40,,,,,,,,,,,,,
AL,UNNAMED,1920,4,18,19200926,600,,TS,32.7N,54.5W,40,,,,,,,,,,,,,
AL,UNNAMED,1920,4,18,19200926,1200,,TS,32.5N,54.0W,40,,,,,,,,,,,,,
AL,UNNAMED,1920,4,18,19200926,1800,,TS,32.5N,53.2W,40,,,,,,,,,,,,,
AL,UNNAMED,1920,4,18,19200927,0,,TS,32.6N,52.2W,35,,,,,,,,,,,,,
AL,UNNAMED,1920,4,18,19200927,600,,TS,32.8N,51.1W,35,,,,,,,,,,,,,
AL,UNNAMED,1920,4,18,19200927,1200,,TD,33.0N,50.0W,30,,,,,,,,,,,,,
AL,UNNAMED,1920,4,18,19200927,1800,,EX,33.4N,48.8W,25,,,,,,,,,,,,,
AL,UNNAMED,1920,5,24,19200925,600,,TD,25.0N,83.0W,25,,,,,,,,,,,,,
AL,UNNAMED,1920,5,24,19200925,1200,,TD,25.0N,83.7W,25,,,,,,,,,,,,,
AL,UNNAMED,1920,5,24,19200925,1800,,TD,25.1N,84.4W,25,,,,,,,,,,,,,
AL,UNNAMED,1920,5,24,19200926,0,,TD,25.3N,85.2W,25,,,,,,,,,,,,,
AL,UNNAMED,1920,5,24,19200926,600,,TD,25.4N,85.9W,25,,,,,,,,,,,,,
AL,UNNAMED,1920,5,24,19200926,1200,,TD,25.5N,86.5W,30,,,,,,,,,,,,,
AL,UNNAMED,1920,5,24,19200926,1800,,TD,25.5N,87.0W,30,,,,,,,,,,,,,
AL,UNNAMED,1920,5,24,19200927,0,,TD,25.4N,87.4W,30,,,,,,,,,,,,,
AL,UNNAMED,1920,5,24,19200927,600,,TD,25.3N,87.7W,30,,,,,,,,,,,,,
AL,UNNAMED,1920,5,24,19200927,1200,,TS,25.2N,88.0W,35,,,,,,,,,,,,,
AL,UNNAMED,1920,5,24,19200927,1800,,TS,25.1N,88.3W,35,,,,,,,,,,,,,
AL,UNNAMED,1920,5,24,19200928,0,,TS,25.0N,88.5W,40,,,,,,,,,,,,,
AL,UNNAMED,1920,5,24,19200928,600,,TS,24.9N,88.6W,40,,,,,,,,,,,,,
AL,UNNAMED,1920,5,24,19200928,1200,,TS,24.8N,88.7W,45,,,,,,,,,,,,,
AL,UNNAMED,1920,5,24,19200928,1800,,TS,24.9N,88.8W,50,,,,,,,,,,,,,
AL,UNNAMED,1920,5,24,19200929,0,,TS,25.1N,88.9W,55,,,,,,,,,,,,,
AL,UNNAMED,1920,5,24,19200929,600,,TS,25.4N,89.0W,60,,,,,,,,,,,,,
AL,UNNAMED,1920,5,24,19200929,1200,,HU,25.8N,88.9W,70,,,,,,,,,,,,,
AL,UNNAMED,1920,5,24,19200929,1800,,HU,26.4N,88.3W,75,,,,,,,,,,,,,
AL,UNNAMED,1920,5,24,19200930,0,,HU,27.2N,86.8W,65,,,,,,,,,,,,,
AL,UNNAMED,1920,5,24,19200930,600,,TS,28.2N,84.4W,55,,,,,,,,,,,,,
AL,UNNAMED,1920,5,24,19200930,900,L,TS,28.9N,82.9W,55,,,,,,,,,,,,,
AL,UNNAMED,1920,5,24,19200930,1200,,EX,29.5N,81.5W,45,,,,,,,,,,,,,
AL,UNNAMED,1920,5,24,19200930,1800,,EX,31.1N,78.0W,45,,,,,,,,,,,,,
AL,UNNAMED,1921,1,43,19210616,0,,TD,16.5N,82.4W,30,,,,,,,,,,,,,
AL,UNNAMED,1921,1,43,19210616,600,,TD,16.5N,83.2W,30,,,,,,,,,,,,,
AL,UNNAMED,1921,1,43,19210616,1200,,TD,16.5N,84.0W,30,,,,,,,,,,,,,
AL,UNNAMED,1921,1,43,19210616,1800,,TD,16.5N,84.7W,30,,,,,,,,,,,,,
AL,UNNAMED,1921,1,43,19210617,0,,TS,16.5N,85.3W,35,,,,,,,,,,,,,
AL,UNNAMED,1921,1,43,19210617,600,,TS,16.7N,86.0W,40,,,,,,,,,,,,,
AL,UNNAMED,1921,1,43,19210617,1200,,TS,17.1N,86.7W,45,,,,,,,,,,,,,
AL,UNNAMED,1921,1,43,19210617,1800,,TS,17.7N,87.7W,45,,,,,,,,,,,,,
AL,UNNAMED,1921,1,43,19210618,0,,TS,18.7N,89.1W,40,,,,,,,,,,,,,
AL,UNNAMED,1921,1,43,19210618,600,,TS,19.6N,90.6W,35,,,,,,,,,,,,,
AL,UNNAMED,1921,1,43,19210618,1200,,TS,20.3N,92.0W,45,,,,,,,,,,,,,
AL,UNNAMED,1921,1,43,19210618,1800,,TS,20.8N,93.0W,45,,,,,,,,,,,,,
AL,UNNAMED,1921,1,43,19210619,0,,TS,21.2N,93.5W,50,,,,,,,,,,,,,
AL,UNNAMED,1921,1,43,19210619,600,,TS,21.6N,93.8W,50,,,,,,,,,,,,,
AL,UNNAMED,1921,1,43,19210619,1200,,TS,22.0N,94.0W,50,,,,,,,,,,,,,
AL,UNNAMED,1921,1,43,19210619,1800,,TS,22.4N,94.2W,55,,,,,,,,,,,,,
AL,UNNAMED,1921,1,43,19210620,0,,TS,22.8N,94.5W,60,,,,,,,,,,,,,
AL,UNNAMED,1921,1,43,19210620,600,,TS,23.2N,94.7W,60,,,,,,,,,,,,,
AL,UNNAMED,1921,1,43,19210620,1200,,HU,23.7N,95.0W,65,,,,,,,,,,,,,
AL,UNNAMED,1921,1,43,19210620,1800,,HU,24.2N,95.2W,65,,,,,,,,,,,,,
AL,UNNAMED,1921,1,43,19210621,0,,HU,24.7N,95.3W,65,,,,,,,,,,,,,
AL,UNNAMED,1921,1,43,19210621,600,,HU,25.1N,95.4W,65,,,,,,,,,,,,,
AL,UNNAMED,1921,1,43,19210621,1200,,HU,25.5N,95.5W,70,,,,,,,,,,,,,
AL,UNNAMED,1921,1,43,19210621,1800,,HU,26.0N,95.6W,70,,,,,,,,,,,,,
AL,UNNAMED,1921,1,43,19210622,0,,HU,26.5N,95.6W,75,,,,,,,,,,,,,
AL,UNNAMED,1921,1,43,19210622,600,,HU,27.0N,95.7W,80,,,,,,,,,,,,,
AL,UNNAMED,1921,1,43,19210622,1200,,HU,27.6N,95.8W,80,,,,,,,,,,,,,
AL,UNNAMED,1921,1,43,19210622,1800,L,HU,28.5N,95.9W,80,980,,,,,,,,,,,,
AL,UNNAMED,1921,1,43,19210623,0,,TS,29.6N,96.0W,50,,,,,,,,,,,,,
AL,UNNAMED,1921,1,43,19210623,600,,TS,30.9N,96.1W,40,,,,,,,,,,,,,
AL,UNNAMED,1921,1,43,19210623,1200,,TD,32.1N,96.2W,30,,,,,,,,,,,,,
AL,UNNAMED,1921,1,43,19210623,1800,,TD,33.2N,96.1W,30,,,,,,,,,,,,,
AL,UNNAMED,1921,1,43,19210624,0,,TD,34.3N,95.7W,30,,,,,,,,,,,,,
AL,UNNAMED,1921,1,43,19210624,600,,TD,35.3N,95.3W,30,,,,,,,,,,,,,
AL,UNNAMED,1921,1,43,19210624,1200,,TD,36.3N,95.0W,30,,,,,,,,,,,,,
AL,UNNAMED,1921,1,43,19210624,1800,,TD,36.9N,94.9W,30,,,,,,,,,,,,,
AL,UNNAMED,1921,1,43,19210625,0,,TD,37.3N,94.8W,30,,,,,,,,,,,,,
AL,UNNAMED,1921,1,43,19210625,600,,TD,37.6N,94.8W,30,,,,,,,,,,,,,
AL,UNNAMED,1921,1,43,19210625,1200,,TD,37.9N,94.8W,25,,,,,,,,,,,,,
AL,UNNAMED,1921,1,43,19210625,1800,,TD,38.3N,94.8W,20,,,,,,,,,,,,,
AL,UNNAMED,1921,1,43,19210626,0,,TD,38.8N,94.9W,20,,,,,,,,,,,,,
AL,UNNAMED,1921,1,43,19210626,600,,TD,39.4N,95.0W,15,,,,,,,,,,,,,
AL,UNNAMED,1921,1,43,19210626,1200,,TD,40.0N,95.2W,15,,,,,,,,,,,,,
AL,UNNAMED,1921,2,16,19210904,1200,,TD,21.0N,95.0W,30,,,,,,,,,,,,,
AL,UNNAMED,1921,2,16,19210904,1800,,TD,21.1N,95.2W,30,,,,,,,,,,,,,
AL,UNNAMED,1921,2,16,19210905,0,,TD,21.3N,95.3W,30,,,,,,,,,,,,,
AL,UNNAMED,1921,2,16,19210905,600,,TD,21.4N,95.4W,30,,,,,,,,,,,,,
AL,UNNAMED,1921,2,16,19210905,1200,,TD,21.5N,95.5W,30,,,,,,,,,,,,,
AL,UNNAMED,1921,2,16,19210905,1800,,TD,21.7N,95.7W,30,,,,,,,,,,,,,
AL,UNNAMED,1921,2,16,19210906,0,,TS,21.8N,95.9W,35,,,,,,,,,,,,,
AL,UNNAMED,1921,2,16,19210906,600,,TS,21.9N,96.1W,40,,,,,,,,,,,,,
AL,UNNAMED,1921,2,16,19210906,1200,,TS,22.0N,96.5W,50,,,,,,,,,,,,,
AL,UNNAMED,1921,2,16,19210906,1800,,TS,22.2N,97.0W,60,,,,,,,,,,,,,
AL,UNNAMED,1921,2,16,19210907,0,,HU,22.4N,97.6W,70,,,,,,,,,,,,,
AL,UNNAMED,1921,2,16,19210907,600,,TS,22.6N,98.1W,55,,,,,,,,,,,,,
AL,UNNAMED,1921,2,16,19210907,1200,,TS,22.8N,98.6W,45,,,,,,,,,,,,,
AL,UNNAMED,1921,2,16,19210907,1800,,TS,23.2N,98.9W,40,,,,,,,,,,,,,
AL,UNNAMED,1921,2,16,19210908,0,,TS,23.8N,98.8W,35,,,,,,,,,,,,,
AL,UNNAMED,1921,2,16,19210908,600,,TD,24.8N,98.7W,30,,,,,,,,,,,,,
AL,UNNAMED,1921,3,48,19210906,0,,TS,10.0N,40.0W,40,,,,,,,,,,,,,
AL,UNNAMED,1921,3,48,19210906,600,,TS,10.0N,42.0W,40,,,,,,,,,,,,,
AL,UNNAMED,1921,3,48,19210906,1200,,TS,10.0N,44.0W,45,,,,,,,,,,,,,
AL,UNNAMED,1921,3,48,19210906,1800,,TS,10.1N,46.0W,45,,,,,,,,,,,,,
AL,UNNAMED,1921,3,48,19210907,0,,TS,10.2N,48.1W,50,,,,,,,,,,,,,
AL,UNNAMED,1921,3,48,19210907,600,,TS,10.3N,50.3W,50,,,,,,,,,,,,,
AL,UNNAMED,1921,3,48,19210907,1200,,TS,10.4N,52.5W,50,,,,,,,,,,,,,
AL,UNNAMED,1921,3,48,19210907,1800,,TS,10.5N,54.3W,50,,,,,,,,,,,,,
AL,UNNAMED,1921,3,48,19210908,0,,TS,10.6N,55.9W,60,,,,,,,,,,,,,
AL,UNNAMED,1921,3,48,19210908,600,,HU,10.7N,57.5W,65,,,,,,,,,,,,,
AL,UNNAMED,1921,3,48,19210908,1200,,HU,11.0N,59.0W,70,,,,,,,,,,,,,
AL,UNNAMED,1921,3,48,19210908,1800,,HU,11.6N,60.4W,80,,,,,,,,,,,,,
AL,UNNAMED,1921,3,48,19210909,0,,HU,12.4N,61.8W,90,,,,,,,,,,,,,
AL,UNNAMED,1921,3,48,19210909,600,,HU,13.2N,63.2W,95,,,,,,,,,,,,,
AL,UNNAMED,1921,3,48,19210909,1200,,HU,14.0N,64.5W,100,,,,,,,,,,,,,
AL,UNNAMED,1921,3,48,19210909,1800,,HU,14.6N,65.5W,100,,,,,,,,,,,,,
AL,UNNAMED,1921,3,48,19210910,0,,HU,15.1N,66.3W,100,,,,,,,,,,,,,
AL,UNNAMED,1921,3,48,19210910,600,,HU,15.7N,67.0W,100,,,,,,,,,,,,,
AL,UNNAMED,1921,3,48,19210910,1200,,HU,16.3N,67.6W,100,,,,,,,,,,,,,
AL,UNNAMED,1921,3,48,19210910,1800,,HU,16.9N,68.0W,100,961,,,,,,,,,,,,
AL,UNNAMED,1921,3,48,19210911,0,,HU,17.6N,68.3W,110,,,,,,,,,,,,,
AL,UNNAMED,1921,3,48,19210911,600,,HU,18.3N,68.5W,110,,,,,,,,,,,,,
AL,UNNAMED,1921,3,48,19210911,1200,,HU,19.0N,68.6W,90,,,,,,,,,,,,,
AL,UNNAMED,1921,3,48,19210911,1800,,HU,19.8N,68.7W,90,,,,,,,,,,,,,
AL,UNNAMED,1921,3,48,19210912,0,,HU,20.7N,68.8W,95,,,,,,,,,,,,,
AL,UNNAMED,1921,3,48,19210912,600,,HU,21.6N,69.0W,95,,,,,,,,,,,,,
AL,UNNAMED,1921,3,48,19210912,1200,,HU,22.5N,69.2W,95,,,,,,,,,,,,,
AL,UNNAMED,1921,3,48,19210912,1800,,HU,23.5N,69.2W,95,,,,,,,,,,,,,
AL,UNNAMED,1921,3,48,19210913,0,,HU,24.7N,69.3W,100,,,,,,,,,,,,,
AL,UNNAMED,1921,3,48,19210913,600,,HU,25.9N,69.4W,100,,,,,,,,,,,,,
AL,UNNAMED,1921,3,48,19210913,1200,,HU,27.0N,69.5W,105,,,,,,,,,,,,,
AL,UNNAMED,1921,3,48,19210913,1800,,HU,27.7N,69.5W,105,,,,,,,,,,,,,
AL,UNNAMED,1921,3,48,19210914,0,,HU,28.3N,69.5W,105,,,,,,,,,,,,,
AL,UNNAMED,1921,3,48,19210914,600,,HU,28.9N,69.5W,105,,,,,,,,,,,,,
AL,UNNAMED,1921,3,48,19210914,1200,,HU,29.5N,69.2W,105,,,,,,,,,,,,,
AL,UNNAMED,1921,3,48,19210914,1800,,HU,30.2N,68.7W,105,,,,,,,,,,,,,
AL,UNNAMED,1921,3,48,19210915,0,,HU,30.9N,67.8W,100,,,,,,,,,,,,,
AL,UNNAMED,1921,3,48,19210915,600,,HU,31.6N,66.6W,100,,,,,,,,,,,,,
AL,UNNAMED,1921,3,48,19210915,1200,,HU,32.3N,65.1W,95,,,,,,,,,,,,,
AL,UNNAMED,1921,3,48,19210915,1800,,HU,33.3N,63.3W,95,,,,,,,,,,,,,
AL,UNNAMED,1921,3,48,19210916,0,,HU,34.6N,61.2W,90,,,,,,,,,,,,,
AL,UNNAMED,1921,3,48,19210916,600,,HU,36.3N,58.7W,90,,,,,,,,,,,,,
AL,UNNAMED,1921,3,48,19210916,1200,,HU,38.5N,55.5W,90,,,,,,,,,,,,,
AL,UNNAMED,1921,3,48,19210916,1800,,HU,41.2N,52.3W,85,964,,,,,,,,,,,,
AL,UNNAMED,1921,3,48,19210917,0,,HU,44.5N,49.2W,80,,,,,,,,,,,,,
AL,UNNAMED,1921,3,48,19210917,600,,EX,48.0N,46.1W,75,959,,,,,,,,,,,,
AL,UNNAMED,1921,3,48,19210917,1200,,EX,52.0N,43.0W,70,,,,,,,,,,,,,
AL,UNNAMED,1921,3,48,19210917,1800,,EX,56.5N,40.0W,65,,,,,,,,,,,,,
AL,UNNAMED,1921,4,28,19210908,0,,TS,23.0N,63.4W,35,,,,,,,,,,,,,
AL,UNNAMED,1921,4,28,19210908,600,,TS,23.3N,63.9W,35,,,,,,,,,,,,,
AL,UNNAMED,1921,4,28,19210908,1200,,TS,23.5N,64.3W,35,,,,,,,,,,,,,
AL,UNNAMED,1921,4,28,19210908,1800,,TS,23.6N,64.6W,35,,,,,,,,,,,,,
AL,UNNAMED,1921,4,28,19210909,0,,TS,23.8N,64.9W,35,,,,,,,,,,,,,
AL,UNNAMED,1921,4,28,19210909,600,,TS,24.0N,65.2W,35,,,,,,,,,,,,,
AL,UNNAMED,1921,4,28,19210909,1200,,TS,24.2N,65.5W,35,,,,,,,,,,,,,
AL,UNNAMED,1921,4,28,19210909,1800,,TS,24.4N,65.8W,35,,,,,,,,,,,,,
AL,UNNAMED,1921,4,28,19210910,0,,TS,24.6N,66.1W,35,,,,,,,,,,,,,
AL,UNNAMED,1921,4,28,19210910,600,,TS,24.8N,66.3W,35,,,,,,,,,,,,,
AL,UNNAMED,1921,4,28,19210910,1200,,TS,25.0N,66.5W,35,,,,,,,,,,,,,
AL,UNNAMED,1921,4,28,19210910,1800,,TS,25.4N,66.5W,35,,,,,,,,,,,,,
AL,UNNAMED,1921,4,28,19210911,0,,TS,25.9N,66.3W,35,,,,,,,,,,,,,
AL,UNNAMED,1921,4,28,19210911,600,,TS,26.6N,66.0W,45,,,,,,,,,,,,,
AL,UNNAMED,1921,4,28,19210911,1200,,TS,27.5N,65.5W,55,,,,,,,,,,,,,
AL,UNNAMED,1921,4,28,19210911,1800,,HU,28.5N,65.0W,65,,,,,,,,,,,,,
AL,UNNAMED,1921,4,28,19210912,0,,HU,29.5N,64.4W,75,,,,,,,,,,,,,
AL,UNNAMED,1921,4,28,19210912,600,,HU,30.5N,63.8W,80,,,,,,,,,,,,,
AL,UNNAMED,1921,4,28,19210912,1200,,HU,31.5N,63.0W,80,,,,,,,,,,,,,
AL,UNNAMED,1921,4,28,19210912,1800,,HU,32.6N,62.1W,80,,,,,,,,,,,,,
AL,UNNAMED,1921,4,28,19210913,0,,HU,33.7N,61.1W,80,,,,,,,,,,,,,
AL,UNNAMED,1921,4,28,19210913,600,,HU,34.8N,60.1W,80,,,,,,,,,,,,,
AL,UNNAMED,1921,4,28,19210913,1200,,HU,36.0N,59.0W,80,,,,,,,,,,,,,
AL,UNNAMED,1921,4,28,19210913,1800,,HU,37.3N,57.5W,80,,,,,,,,,,,,,
AL,UNNAMED,1921,4,28,19210914,0,,HU,38.7N,55.5W,80,,,,,,,,,,,,,
AL,UNNAMED,1921,4,28,19210914,600,,HU,40.1N,53.0W,80,979,,,,,,,,,,,,
AL,UNNAMED,1921,4,28,19210914,1200,,EX,41.5N,49.5W,75,,,,,,,,,,,,,
AL,UNNAMED,1921,4,28,19210914,1800,,EX,43.0N,45.5W,70,,,,,,,,,,,,,
AL,UNNAMED,1921,5,36,19211015,1200,,TD,24.0N,84.0W,30,,,,,,,,,,,,,
AL,UNNAMED,1921,5,36,19211015,1800,,TD,25.5N,83.0W,30,,,,,,,,,,,,,
AL,UNNAMED,1921,5,36,19211016,0,,TD,27.0N,81.8W,30,,,,,,,,,,,,,
AL,UNNAMED,1921,5,36,19211016,600,,TS,28.5N,80.3W,35,,,,,,,,,,,,,
AL,UNNAMED,1921,5,36,19211016,1200,,TS,30.0N,78.5W,45,,,,,,,,,,,,,
AL,UNNAMED,1921,5,36,19211016,1800,,TS,31.7N,76.0W,50,,,,,,,,,,,,,
AL,UNNAMED,1921,5,36,19211017,0,,TS,33.5N,73.0W,55,,,,,,,,,,,,,
AL,UNNAMED,1921,5,36,19211017,600,,TS,35.3N,69.5W,60,,,,,,,,,,,,,
AL,UNNAMED,1921,5,36,19211017,1200,,TS,37.0N,66.0W,60,,,,,,,,,,,,,
AL,UNNAMED,1921,5,36,19211017,1800,,TS,38.2N,63.0W,60,,,,,,,,,,,,,
AL,UNNAMED,1921,5,36,19211018,0,,EX,39.4N,60.2W,60,,,,,,,,,,,,,
AL,UNNAMED,1921,5,36,19211018,600,,EX,40.4N,57.4W,60,,,,,,,,,,,,,
AL,UNNAMED,1921,5,36,19211018,1200,,EX,41.1N,54.5W,60,,,,,,,,,,,,,
AL,UNNAMED,1921,5,36,19211018,1800,,EX,41.5N,51.3W,60,,,,,,,,,,,,,
AL,UNNAMED,1921,5,36,19211019,0,,EX,41.8N,48.5W,60,,,,,,,,,,,,,
AL,UNNAMED,1921,5,36,19211019,600,,EX,42.0N,45.7W,60,,,,,,,,,,,,,
AL,UNNAMED,1921,5,36,19211019,1200,,EX,42.2N,43.0W,60,,,,,,,,,,,,,
AL,UNNAMED,1921,5,36,19211019,1800,,EX,42.2N,40.5W,60,,,,,,,,,,,,,
AL,UNNAMED,1921,5,36,19211020,0,,EX,42.3N,38.5W,60,,,,,,,,,,,,,
AL,UNNAMED,1921,5,36,19211020,600,,EX,42.3N,37.3W,60,,,,,,,,,,,,,
AL,UNNAMED,1921,5,36,19211020,1200,,EX,42.2N,36.0W,60,,,,,,,,,,,,,
AL,UNNAMED,1921,5,36,19211020,1800,,EX,41.8N,34.5W,65,,,,,,,,,,,,,
AL,UNNAMED,1921,5,36,19211021,0,,EX,41.2N,33.0W,70,,,,,,,,,,,,,
AL,UNNAMED,1921,5,36,19211021,600,,EX,40.7N,31.5W,70,,,,,,,,,,,,,
AL,UNNAMED,1921,5,36,19211021,1200,,EX,40.0N,30.5W,65,,,,,,,,,,,,,
AL,UNNAMED,1921,5,36,19211021,1800,,EX,39.2N,30.0W,60,,,,,,,,,,,,,
AL,UNNAMED,1921,5,36,19211022,0,,EX,38.4N,29.8W,55,,,,,,,,,,,,,
AL,UNNAMED,1921,5,36,19211022,600,,EX,37.7N,29.8W,50,,,,,,,,,,,,,
AL,UNNAMED,1921,5,36,19211022,1200,,EX,37.0N,30.0W,45,,,,,,,,,,,,,
AL,UNNAMED,1921,5,36,19211022,1800,,EX,36.5N,30.5W,40,,,,,,,,,,,,,
AL,UNNAMED,1921,5,36,19211023,0,,EX,36.0N,31.1W,35,,,,,,,,,,,,,
AL,UNNAMED,1921,5,36,19211023,600,,EX,35.8N,31.8W,35,,,,,,,,,,,,,
AL,UNNAMED,1921,5,36,19211023,1200,,EX,35.6N,32.5W,30,,,,,,,,,,,,,
AL,UNNAMED,1921,5,36,19211023,1800,,EX,35.6N,33.0W,30,,,,,,,,,,,,,
AL,UNNAMED,1921,5,36,19211024,0,,EX,35.5N,33.2W,35,,,,,,,,,,,,,
AL,UNNAMED,1921,5,36,19211024,600,,EX,35.5N,34.0W,30,,,,,,,,,,,,,
AL,UNNAMED,1921,6,43,19211020,0,,TS,12.7N,80.1W,35,,,,,,,,,,,,,
AL,UNNAMED,1921,6,43,19211020,600,,TS,13.1N,80.4W,35,,,,,,,,,,,,,
AL,UNNAMED,1921,6,43,19211020,1200,,TS,13.5N,80.6W,35,,,,,,,,,,,,,
AL,UNNAMED,1921,6,43,19211020,1800,,TS,13.8N,80.9W,40,,,,,,,,,,,,,
AL,UNNAMED,1921,6,43,19211021,0,,TS,14.2N,81.2W,45,,,,,,,,,,,,,
AL,UNNAMED,1921,6,43,19211021,600,,TS,14.6N,81.5W,50,,,,,,,,,,,,,
AL,UNNAMED,1921,6,43,19211021,1200,,TS,15.0N,81.8W,50,,,,,,,,,,,,,
AL,UNNAMED,1921,6,43,19211021,1800,,TS,15.5N,82.2W,55,,,,,,,,,,,,,
AL,UNNAMED,1921,6,43,19211022,0,,HU,16.0N,82.6W,65,,,,,,,,,,,,,
AL,UNNAMED,1921,6,43,19211022,600,,HU,16.5N,83.0W,70,,,,,,,,,,,,,
AL,UNNAMED,1921,6,43,19211022,1200,,HU,17.0N,83.5W,75,,,,,,,,,,,,,
AL,UNNAMED,1921,6,43,19211022,1800,,HU,17.6N,84.0W,80,,,,,,,,,,,,,
AL,UNNAMED,1921,6,43,19211023,0,,HU,18.3N,84.5W,90,,,,,,,,,,,,,
AL,UNNAMED,1921,6,43,19211023,600,,HU,19.1N,85.0W,100,,,,,,,,,,,,,
AL,UNNAMED,1921,6,43,19211023,1200,,HU,20.0N,85.3W,110,,,,,,,,,,,,,
AL,UNNAMED,1921,6,43,19211023,1800,,HU,20.9N,85.4W,120,941,,,,,,,,,,,,
AL,UNNAMED,1921,6,43,19211024,0,,HU,21.8N,85.5W,120,,,,,,,,,,,,,
AL,UNNAMED,1921,6,43,19211024,600,,HU,22.8N,85.5W,120,,,,,,,,,,,,,
AL,UNNAMED,1921,6,43,19211024,1200,,HU,23.8N,85.5W,120,,,,,,,,,,,,,
AL,UNNAMED,1921,6,43,19211024,1800,,HU,24.7N,85.2W,120,,,,,,,,,,,,,
AL,UNNAMED,1921,6,43,19211025,0,,HU,25.6N,84.8W,120,943,,,,,,,,,,,,
AL,UNNAMED,1921,6,43,19211025,600,,HU,26.4N,84.4W,115,,,,,,,,,,,,,
AL,UNNAMED,1921,6,43,19211025,1200,,HU,27.1N,83.9W,105,,,,,,,,,,,,,
AL,UNNAMED,1921,6,43,19211025,1800,,HU,27.8N,83.1W,100,958,,,,,,,,,,,,
AL,UNNAMED,1921,6,43,19211025,2000,L,HU,28.1N,82.8W,100,958,,,,,,,,,,,,
AL,UNNAMED,1921,6,43,19211026,0,,HU,28.5N,82.2W,80,,,,,,,,,,,,,
AL,UNNAMED,1921,6,43,19211026,600,,HU,29.0N,81.0W,70,,,,,,,,,,,,,
AL,UNNAMED,1921,6,43,19211026,1200,,HU,29.5N,79.6W,75,,,,,,,,,,,,,
AL,UNNAMED,1921,6,43,19211026,1800,,HU,29.5N,78.0W,75,,,,,,,,,,,,,
AL,UNNAMED,1921,6,43,19211027,0,,HU,29.4N,76.3W,80,,,,,,,,,,,,,
AL,UNNAMED,1921,6,43,19211027,600,,HU,29.2N,74.6W,80,,,,,,,,,,,,,
AL,UNNAMED,1921,6,43,19211027,1200,,HU,29.0N,73.1W,75,,,,,,,,,,,,,
AL,UNNAMED,1921,6,43,19211027,1800,,HU,28.7N,71.8W,75,,,,,,,,,,,,,
AL,UNNAMED,1921,6,43,19211028,0,,HU,28.4N,70.7W,75,,,,,,,,,,,,,
AL,UNNAMED,1921,6,43,19211028,600,,HU,28.1N,69.7W,75,,,,,,,,,,,,,
AL,UNNAMED,1921,6,43,19211028,1200,,HU,27.8N,68.8W,75,,,,,,,,,,,,,
AL,UNNAMED,1921,6,43,19211028,1800,,HU,27.3N,67.8W,70,,,,,,,,,,,,,
AL,UNNAMED,1921,6,43,19211029,0,,HU,26.8N,66.7W,70,,,,,,,,,,,,,
AL,UNNAMED,1921,6,43,19211029,600,,HU,26.6N,65.5W,70,,,,,,,,,,,,,
AL,UNNAMED,1921,6,43,19211029,1200,,HU,26.5N,64.0W,70,,,,,,,,,,,,,
AL,UNNAMED,1921,6,43,19211029,1800,,TS,27.0N,62.0W,60,,,,,,,,,,,,,
AL,UNNAMED,1921,6,43,19211030,0,,EX,28.5N,59.0W,50,,,,,,,,,,,,,
AL,UNNAMED,1921,6,43,19211030,600,,EX,30.5N,55.0W,40,,,,,,,,,,,,,
AL,UNNAMED,1921,7,28,19211119,0,,TD,20.9N,65.0W,25,,,,,,,,,,,,,
AL,UNNAMED,1921,7,28,19211119,600,,TD,21.2N,66.0W,25,,,,,,,,,,,,,
AL,UNNAMED,1921,7,28,19211119,1200,,TD,21.5N,67.0W,30,,,,,,,,,,,,,
AL,UNNAMED,1921,7,28,19211119,1800,,TD,21.8N,68.0W,30,,,,,,,,,,,,,
AL,UNNAMED,1921,7,28,19211120,0,,TD,22.1N,69.0W,30,,,,,,,,,,,,,
AL,UNNAMED,1921,7,28,19211120,600,,TS,22.3N,70.0W,35,,,,,,,,,,,,,
AL,UNNAMED,1921,7,28,19211120,1200,,TS,22.5N,71.0W,35,,,,,,,,,,,,,
AL,UNNAMED,1921,7,28,19211120,1800,,TS,22.7N,72.0W,40,,,,,,,,,,,,,
AL,UNNAMED,1921,7,28,19211121,0,,TS,22.8N,72.9W,40,,,,,,,,,,,,,
AL,UNNAMED,1921,7,28,19211121,600,,TS,22.9N,73.7W,45,,,,,,,,,,,,,
AL,UNNAMED,1921,7,28,19211121,1200,,TS,23.0N,74.5W,50,,,,,,,,,,,,,
AL,UNNAMED,1921,7,28,19211121,1800,,TS,22.9N,75.2W,50,,,,,,,,,,,,,
AL,UNNAMED,1921,7,28,19211122,0,,TS,22.8N,75.8W,45,,,,,,,,,,,,,
AL,UNNAMED,1921,7,28,19211122,600,,TS,22.7N,76.5W,45,,,,,,,,,,,,,
AL,UNNAMED,1921,7,28,19211122,1200,,TS,22.5N,77.5W,40,,,,,,,,,,,,,
AL,UNNAMED,1921,7,28,19211122,1800,,TS,22.3N,78.8W,40,,,,,,,,,,,,,
AL,UNNAMED,1921,7,28,19211123,0,,TS,22.2N,80.3W,35,,,,,,,,,,,,,
AL,UNNAMED,1921,7,28,19211123,600,,TS,22.1N,81.5W,35,,,,,,,,,,,,,
AL,UNNAMED,1921,7,28,19211123,1200,,TD,22.0N,82.5W,30,,,,,,,,,,,,,
AL,UNNAMED,1921,7,28,19211123,1800,,TD,22.0N,83.4W,30,,,,,,,,,,,,,
AL,UNNAMED,1921,7,28,19211124,0,,TD,22.1N,84.3W,30,,,,,,,,,,,,,
AL,UNNAMED,1921,7,28,19211124,600,,TD,22.3N,85.2W,30,,,,,,,,,,,,,
AL,UNNAMED,1921,7,28,19211124,1200,,TD,22.5N,86.0W,25,,,,,,,,,,,,,
AL,UNNAMED,1921,7,28,19211124,1800,,TD,22.7N,86.4W,25,,,,,,,,,,,,,
AL,UNNAMED,1921,7,28,19211125,0,,TD,22.9N,86.5W,25,,,,,,,,,,,,,
AL,UNNAMED,1921,7,28,19211125,600,,TD,23.2N,86.5W,25,,,,,,,,,,,,,
AL,UNNAMED,1921,7,28,19211125,1200,,TD,23.5N,86.5W,25,,,,,,,,,,,,,
AL,UNNAMED,1921,7,28,19211125,1800,,TD,24.0N,86.5W,25,,,,,,,,,,,,,
AL,UNNAMED,1922,1,18,19220612,1200,,TD,15.5N,82.3W,25,,,,,,,,,,,,,
AL,UNNAMED,1922,1,18,19220612,1800,,TD,16.3N,83.4W,25,,,,,,,,,,,,,
AL,UNNAMED,1922,1,18,19220613,0,,TD,17.1N,84.5W,25,,,,,,,,,,,,,
AL,UNNAMED,1922,1,18,19220613,600,,TD,17.8N,85.6W,25,,,,,,,,,,,,,
AL,UNNAMED,1922,1,18,19220613,1200,,TD,18.3N,86.5W,30,,,,,,,,,,,,,
AL,UNNAMED,1922,1,18,19220613,1800,,TD,18.5N,87.0W,30,,,,,,,,,,,,,
AL,UNNAMED,1922,1,18,19220614,0,,TD,18.7N,87.6W,30,,,,,,,,,,,,,
AL,UNNAMED,1922,1,18,19220614,600,,TD,19.0N,88.5W,30,,,,,,,,,,,,,
AL,UNNAMED,1922,1,18,19220614,1200,,TD,19.5N,89.5W,25,,,,,,,,,,,,,
AL,UNNAMED,1922,1,18,19220614,1800,,TD,20.1N,90.8W,25,,,,,,,,,,,,,
AL,UNNAMED,1922,1,18,19220615,0,,TD,20.7N,92.3W,30,,,,,,,,,,,,,
AL,UNNAMED,1922,1,18,19220615,600,,TS,21.3N,94.0W,35,,,,,,,,,,,,,
AL,UNNAMED,1922,1,18,19220615,1200,,TS,22.0N,95.5W,40,,,,,,,,,,,,,
AL,UNNAMED,1922,1,18,19220615,1800,,TS,23.0N,96.7W,45,,,,,,,,,,,,,
AL,UNNAMED,1922,1,18,19220616,0,,TS,24.0N,97.7W,45,,,,,,,,,,,,,
AL,UNNAMED,1922,1,18,19220616,600,,TS,25.0N,98.6W,35,,,,,,,,,,,,,
AL,UNNAMED,1922,1,18,19220616,1200,,TD,26.0N,99.5W,30,1006,,,,,,,,,,,,
AL,UNNAMED,1922,1,18,19220616,1800,,TD,27.0N,100.2W,25,,,,,,,,,,,,,
AL,UNNAMED,1922,2,62,19220913,0,,TD,10.4N,46.8W,30,,,,,,,,,,,,,
AL,UNNAMED,1922,2,62,19220913,600,,TD,10.7N,48.1W,30,,,,,,,,,,,,,
AL,UNNAMED,1922,2,62,19220913,1200,,TD,11.0N,49.3W,30,,,,,,,,,,,,,
AL,UNNAMED,1922,2,62,19220913,1800,,TS,11.2N,50.5W,35,,,,,,,,,,,,,
AL,UNNAMED,1922,2,62,19220914,0,,TS,11.6N,51.7W,40,,,,,,,,,,,,,
AL,UNNAMED,1922,2,62,19220914,600,,TS,12.0N,52.9W,45,,,,,,,,,,,,,
AL,UNNAMED,1922,2,62,19220914,1200,,TS,12.6N,54.0W,50,,,,,,,,,,,,,
AL,UNNAMED,1922,2,62,19220914,1800,,TS,13.4N,55.2W,55,,,,,,,,,,,,,
AL,UNNAMED,1922,2,62,19220915,0,,TS,14.2N,56.4W,60,,,,,,,,,,,,,
AL,UNNAMED,1922,2,62,19220915,600,,TS,15.1N,57.7W,60,,,,,,,,,,,,,
AL,UNNAMED,1922,2,62,19220915,1200,,HU,15.8N,58.8W,70,,,,,,,,,,,,,
AL,UNNAMED,1922,2,62,19220915,1800,,HU,16.4N,59.8W,80,,,,,,,,,,,,,
AL,UNNAMED,1922,2,62,19220916,0,,HU,17.0N,60.9W,90,,,,,,,,,,,,,
AL,UNNAMED,1922,2,62,19220916,600,,HU,17.6N,61.9W,100,,,,,,,,,,,,,
AL,UNNAMED,1922,2,62,19220916,1200,,HU,18.1N,62.9W,100,,,,,,,,,,,,,
AL,UNNAMED,1922,2,62,19220916,1800,,HU,18.7N,63.9W,100,,,,,,,,,,,,,
AL,UNNAMED,1922,2,62,19220917,0,,HU,19.3N,64.9W,100,,,,,,,,,,,,,
AL,UNNAMED,1922,2,62,19220917,600,,HU,20.0N,65.9W,100,,,,,,,,,,,,,
AL,UNNAMED,1922,2,62,19220917,1200,,HU,20.6N,66.8W,105,,,,,,,,,,,,,
AL,UNNAMED,1922,2,62,19220917,1800,,HU,21.2N,67.2W,105,,,,,,,,,,,,,
AL,UNNAMED,1922,2,62,19220918,0,,HU,21.9N,67.3W,105,,,,,,,,,,,,,
AL,UNNAMED,1922,2,62,19220918,600,,HU,22.5N,67.4W,105,,,,,,,,,,,,,
AL,UNNAMED,1922,2,62,19220918,1200,,HU,23.2N,67.5W,105,,,,,,,,,,,,,
AL,UNNAMED,1922,2,62,19220918,1800,,HU,24.0N,67.6W,105,,,,,,,,,,,,,
AL,UNNAMED,1922,2,62,19220919,0,,HU,24.9N,67.7W,105,,,,,,,,,,,,,
AL,UNNAMED,1922,2,62,19220919,600,,HU,25.8N,67.8W,105,,,,,,,,,,,,,
AL,UNNAMED,1922,2,62,19220919,1200,,HU,26.5N,67.8W,105,,,,,,,,,,,,,
AL,UNNAMED,1922,2,62,19220919,1800,,HU,27.3N,67.6W,105,,,,,,,,,,,,,
AL,UNNAMED,1922,2,62,19220920,0,,HU,27.9N,67.3W,105,,,,,,,,,,,,,
AL,UNNAMED,1922,2,62,19220920,600,,HU,28.6N,66.9W,105,,,,,,,,,,,,,
AL,UNNAMED,1922,2,62,19220920,1200,,HU,29.2N,66.5W,105,,,,,,,,,,,,,
AL,UNNAMED,1922,2,62,19220920,1800,,HU,29.9N,66.1W,105,,,,,,,,,,,,,
AL,UNNAMED,1922,2,62,19220921,0,,HU,30.6N,65.7W,100,,,,,,,,,,,,,
AL,UNNAMED,1922,2,62,19220921,600,,HU,31.3N,65.3W,100,,,,,,,,,,,,,
AL,UNNAMED,1922,2,62,19220921,1200,,HU,32.3N,64.8W,100,960,,,,,,,,,,,,
AL,UNNAMED,1922,2,62,19220921,1800,,HU,33.6N,63.8W,100,,,,,,,,,,,,,
AL,UNNAMED,1922,2,62,19220922,0,,HU,35.1N,62.0W,100,,,,,,,,,,,,,
AL,UNNAMED,1922,2,62,19220922,600,,HU,36.7N,60.0W,95,,,,,,,,,,,,,
AL,UNNAMED,1922,2,62,19220922,1200,,HU,38.0N,57.5W,90,,,,,,,,,,,,,
AL,UNNAMED,1922,2,62,19220922,1800,,HU,39.0N,55.0W,85,,,,,,,,,,,,,
AL,UNNAMED,1922,2,62,19220923,0,,EX,40.0N,52.5W,80,,,,,,,,,,,,,
AL,UNNAMED,1922,2,62,19220923,600,,EX,41.0N,50.0W,75,,,,,,,,,,,,,
AL,UNNAMED,1922,2,62,19220923,1200,,EX,42.0N,47.5W,75,,,,,,,,,,,,,
AL,UNNAMED,1922,2,62,19220923,1800,,EX,43.5N,44.5W,75,971,,,,,,,,,,,,
AL,UNNAMED,1922,2,62,19220924,0,,EX,45.5N,40.0W,75,,,,,,,,,,,,,
AL,UNNAMED,1922,2,62,19220924,600,,EX,47.5N,34.4W,75,,,,,,,,,,,,,
AL,UNNAMED,1922,2,62,19220924,1200,,EX,49.0N,29.5W,75,,,,,,,,,,,,,
AL,UNNAMED,1922,2,62,19220924,1800,,EX,50.0N,26.0W,75,952,,,,,,,,,,,,
AL,UNNAMED,1922,2,62,19220925,0,,EX,50.5N,23.0W,75,,,,,,,,,,,,,
AL,UNNAMED,1922,2,62,19220925,600,,EX,50.8N,20.0W,75,939,,,,,,,,,,,,
AL,UNNAMED,1922,2,62,19220925,1200,,EX,51.0N,17.5W,75,,,,,,,,,,,,,
AL,UNNAMED,1922,2,62,19220925,1800,,EX,51.0N,15.8W,75,,,,,,,,,,,,,
AL,UNNAMED,1922,2,62,19220926,0,,EX,50.8N,14.3W,70,,,,,,,,,,,,,
AL,UNNAMED,1922,2,62,19220926,600,,EX,50.5N,13.0W,65,,,,,,,,,,,,,
AL,UNNAMED,1922,2,62,19220926,1200,,EX,50.0N,12.0W,60,,,,,,,,,,,,,
AL,UNNAMED,1922,2,62,19220926,1800,,EX,49.5N,11.0W,50,,,,,,,,,,,,,
AL,UNNAMED,1922,2,62,19220927,0,,EX,49.5N,10.0W,50,,,,,,,,,,,,,
AL,UNNAMED,1922,2,62,19220927,600,,EX,49.5N,9.0W,45,,,,,,,,,,,,,
AL,UNNAMED,1922,2,62,19220927,1200,,EX,49.5N,8.0W,40,,,,,,,,,,,,,
AL,UNNAMED,1922,2,62,19220927,1800,,EX,49.5N,7.0W,40,,,,,,,,,,,,,
AL,UNNAMED,1922,2,62,19220928,0,,EX,49.5N,5.2W,35,,,,,,,,,,,,,
AL,UNNAMED,1922,2,62,19220928,600,,EX,49.5N,3.0W,30,,,,,,,,,,,,,
AL,UNNAMED,1922,3,29,19220918,0,,TD,28.8N,79.4W,30,,,,,,,,,,,,,
AL,UNNAMED,1922,3,29,19220918,600,,TD,28.9N,79.2W,30,,,,,,,,,,,,,
AL,UNNAMED,1922,3,29,19220918,1200,,TS,29.0N,79.0W,35,,,,,,,,,,,,,
AL,UNNAMED,1922,3,29,19220918,1800,,TS,29.1N,78.7W,35,,,,,,,,,,,,,
AL,UNNAMED,1922,3,29,19220919,0,,TS,29.2N,78.5W,40,,,,,,,,,,,,,
AL,UNNAMED,1922,3,29,19220919,600,,TS,29.3N,78.2W,40,,,,,,,,,,,,,
AL,UNNAMED,1922,3,29,19220919,1200,,TS,29.5N,78.0W,45,,,,,,,,,,,,,
AL,UNNAMED,1922,3,29,19220919,1800,,TS,29.7N,77.8W,50,,,,,,,,,,,,,
AL,UNNAMED,1922,3,29,19220920,0,,TS,29.9N,77.6W,55,,,,,,,,,,,,,
AL,UNNAMED,1922,3,29,19220920,600,,TS,30.2N,77.3W,60,,,,,,,,,,,,,
AL,UNNAMED,1922,3,29,19220920,1200,,HU,30.5N,77.0W,65,,,,,,,,,,,,,
AL,UNNAMED,1922,3,29,19220920,1800,,HU,30.8N,76.5W,70,,,,,,,,,,,,,
AL,UNNAMED,1922,3,29,19220921,0,,HU,31.2N,76.0W,70,,,,,,,,,,,,,
AL,UNNAMED,1922,3,29,19220921,600,,HU,31.6N,75.5W,70,,,,,,,,,,,,,
AL,UNNAMED,1922,3,29,19220921,1200,,HU,32.0N,75.0W,70,,,,,,,,,,,,,
AL,UNNAMED,1922,3,29,19220921,1800,,HU,32.3N,74.5W,70,,,,,,,,,,,,,
AL,UNNAMED,1922,3,29,19220922,0,,HU,32.6N,74.0W,70,,,,,,,,,,,,,
AL,UNNAMED,1922,3,29,19220922,600,,HU,33.0N,73.5W,70,,,,,,,,,,,,,
AL,UNNAMED,1922,3,29,19220922,1200,,HU,33.5N,73.0W,70,,,,,,,,,,,,,
AL,UNNAMED,1922,3,29,19220922,1800,,HU,34.3N,72.2W,65,,,,,,,,,,,,,
AL,UNNAMED,1922,3,29,19220923,0,,TS,35.5N,71.2W,60,,,,,,,,,,,,,
AL,UNNAMED,1922,3,29,19220923,600,,TS,36.6N,70.0W,55,,,,,,,,,,,,,
AL,UNNAMED,1922,3,29,19220923,1200,,TS,37.5N,69.0W,50,,,,,,,,,,,,,
AL,UNNAMED,1922,3,29,19220923,1800,,TS,38.1N,68.4W,45,,,,,,,,,,,,,
AL,UNNAMED,1922,3,29,19220924,0,,TS,38.5N,68.2W,40,,,,,,,,,,,,,
AL,UNNAMED,1922,3,29,19220924,600,,TS,38.3N,68.1W,35,,,,,,,,,,,,,
AL,UNNAMED,1922,3,29,19220924,1200,,TS,39.0N,68.0W,35,,,,,,,,,,,,,
AL,UNNAMED,1922,3,29,19220924,1800,,TS,39.2N,68.0W,35,,,,,,,,,,,,,
AL,UNNAMED,1922,3,29,19220925,0,,EX,39.4N,68.0W,30,,,,,,,,,,,,,
AL,UNNAMED,1922,4,46,19221011,0,,TD,12.0N,75.5W,25,,,,,,,,,,,,,
AL,UNNAMED,1922,4,46,19221011,600,,TD,12.0N,75.8W,25,,,,,,,,,,,,,
AL,UNNAMED,1922,4,46,19221011,1200,,TD,12.0N,76.0W,25,,,,,,,,,,,,,
AL,UNNAMED,1922,4,46,19221011,1800,,TD,12.0N,76.3W,25,,,,,,,,,,,,,
AL,UNNAMED,1922,4,46,19221012,0,,TD,12.0N,76.5W,25,,,,,,,,,,,,,
AL,UNNAMED,1922,4,46,19221012,600,,TD,12.0N,76.7W,25,,,,,,,,,,,,,
AL,UNNAMED,1922,4,46,19221012,1200,,TD,12.0N,77.0W,25,,,,,,,,,,,,,
AL,UNNAMED,1922,4,46,19221012,1800,,TD,12.2N,77.2W,25,,,,,,,,,,,,,
AL,UNNAMED,1922,4,46,19221013,0,,TD,12.5N,77.4W,25,,,,,,,,,,,,,
AL,UNNAMED,1922,4,46,19221013,600,,TD,12.9N,77.6W,25,,,,,,,,,,,,,
AL,UNNAMED,1922,4,46,19221013,1200,,TD,13.5N,78.0W,25,,,,,,,,,,,,,
AL,UNNAMED,1922,4,46,19221013,1800,,TD,14.3N,78.5W,25,,,,,,,,,,,,,
AL,UNNAMED,1922,4,46,19221014,0,,TD,15.2N,79.0W,30,,,,,,,,,,,,,
AL,UNNAMED,1922,4,46,19221014,600,,TD,16.2N,79.5W,30,,,,,,,,,,,,,
AL,UNNAMED,1922,4,46,19221014,1200,,TD,17.0N,80.0W,30,,,,,,,,,,,,,
AL,UNNAMED,1922,4,46,19221014,1800,,TD,17.6N,80.5W,30,,,,,,,,,,,,,
AL,UNNAMED,1922,4,46,19221015,0,,TD,17.9N,81.0W,30,,,,,,,,,,,,,
AL,UNNAMED,1922,4,46,19221015,600,,TD,18.1N,81.5W,30,,,,,,,,,,,,,
AL,UNNAMED,1922,4,46,19221015,1200,,TS,18.2N,82.0W,35,,,,,,,,,,,,,
AL,UNNAMED,1922,4,46,19221015,1800,,TS,18.4N,82.3W,40,,,,,,,,,,,,,
AL,UNNAMED,1922,4,46,19221016,0,,TS,18.6N,82.5W,45,,,,,,,,,,,,,
AL,UNNAMED,1922,4,46,19221016,600,,TS,18.8N,82.7W,50,,,,,,,,,,,,,
AL,UNNAMED,1922,4,46,19221016,1200,,TS,19.1N,83.0W,60,,,,,,,,,,,,,
AL,UNNAMED,1922,4,46,19221016,1800,,HU,19.3N,83.3W,65,,,,,,,,,,,,,
AL,UNNAMED,1922,4,46,19221017,0,,HU,19.5N,83.7W,70,,,,,,,,,,,,,
AL,UNNAMED,1922,4,46,19221017,600,,HU,19.9N,84.1W,75,,,,,,,,,,,,,
AL,UNNAMED,1922,4,46,19221017,1200,,HU,20.4N,84.5W,80,,,,,,,,,,,,,
AL,UNNAMED,1922,4,46,19221017,1800,,HU,20.7N,85.2W,85,,,,,,,,,,,,,
AL,UNNAMED,1922,4,46,19221018,0,,HU,20.7N,85.9W,95,,,,,,,,,,,,,
AL,UNNAMED,1922,4,46,19221018,600,,HU,20.6N,86.6W,95,,,,,,,,,,,,,
AL,UNNAMED,1922,4,46,19221018,1200,,HU,20.5N,87.3W,85,,,,,,,,,,,,,
AL,UNNAMED,1922,4,46,19221018,1800,,HU,20.5N,87.9W,65,,,,,,,,,,,,,
AL,UNNAMED,1922,4,46,19221019,0,,TS,20.4N,88.4W,55,,,,,,,,,,,,,
AL,UNNAMED,1922,4,46,19221019,600,,TS,20.4N,88.9W,50,,,,,,,,,,,,,
AL,UNNAMED,1922,4,46,19221019,1200,,TS,20.3N,89.5W,50,,,,,,,,,,,,,
AL,UNNAMED,1922,4,46,19221019,1800,,TS,20.2N,90.0W,50,,,,,,,,,,,,,
AL,UNNAMED,1922,4,46,19221020,0,,TS,20.1N,90.6W,60,,,,,,,,,,,,,
AL,UNNAMED,1922,4,46,19221020,600,,HU,20.0N,91.3W,65,,,,,,,,,,,,,
AL,UNNAMED,1922,4,46,19221020,1200,,HU,19.8N,91.8W,70,,,,,,,,,,,,,
AL,UNNAMED,1922,4,46,19221020,1800,,HU,19.6N,92.1W,70,,,,,,,,,,,,,
AL,UNNAMED,1922,4,46,19221021,0,,HU,19.4N,92.4W,70,,,,,,,,,,,,,
AL,UNNAMED,1922,4,46,19221021,600,,HU,19.1N,92.6W,70,,,,,,,,,,,,,
AL,UNNAMED,1922,4,46,19221021,1200,,HU,18.8N,92.8W,70,,,,,,,,,,,,,
AL,UNNAMED,1922,4,46,19221021,1800,,HU,18.5N,93.0W,70,,,,,,,,,,,,,
AL,UNNAMED,1922,4,46,19221022,0,,TS,18.3N,93.2W,45,,,,,,,,,,,,,
AL,UNNAMED,1922,4,46,19221022,600,,TS,18.1N,93.4W,35,,,,,,,,,,,,,
AL,UNNAMED,1922,5,24,19221012,0,,TD,16.5N,84.5W,25,,,,,,,,,,,,,
AL,UNNAMED,1922,5,24,19221012,600,,TD,16.5N,84.2W,25,,,,,,,,,,,,,
AL,UNNAMED,1922,5,24,19221012,1200,,TD,16.5N,84.0W,25,,,,,,,,,,,,,
AL,UNNAMED,1922,5,24,19221012,1800,,TD,16.7N,83.7W,25,,,,,,,,,,,,,
AL,UNNAMED,1922,5,24,19221013,0,,TD,17.0N,83.4W,30,,,,,,,,,,,,,
AL,UNNAMED,1922,5,24,19221013,600,,TD,17.4N,83.1W,30,,,,,,,,,,,,,
AL,UNNAMED,1922,5,24,19221013,1200,,TS,18.0N,83.0W,35,,,,,,,,,,,,,
AL,UNNAMED,1922,5,24,19221013,1800,,TS,19.0N,83.0W,35,,,,,,,,,,,,,
AL,UNNAMED,1922,5,24,19221014,0,,TS,20.2N,83.0W,35,,,,,,,,,,,,,
AL,UNNAMED,1922,5,24,19221014,600,,TS,21.5N,83.0W,35,,,,,,,,,,,,,
AL,UNNAMED,1922,5,24,19221014,1200,,TS,22.8N,83.0W,35,,,,,,,,,,,,,
AL,UNNAMED,1922,5,24,19221014,1800,,TS,24.2N,83.4W,40,,,,,,,,,,,,,
AL,UNNAMED,1922,5,24,19221015,0,,TS,25.3N,84.0W,45,,,,,,,,,,,,,
AL,UNNAMED,1922,5,24,19221015,600,,TS,26.1N,84.7W,45,,,,,,,,,,,,,
AL,UNNAMED,1922,5,24,19221015,1200,,TS,26.6N,85.3W,45,,,,,,,,,,,,,
AL,UNNAMED,1922,5,24,19221015,1800,,TS,27.0N,85.8W,45,,,,,,,,,,,,,
AL,UNNAMED,1922,5,24,19221016,0,,TS,27.3N,86.3W,45,,,,,,,,,,,,,
AL,UNNAMED,1922,5,24,19221016,600,,TS,27.6N,86.8W,40,,,,,,,,,,,,,
AL,UNNAMED,1922,5,24,19221016,1200,,TS,28.0N,87.2W,35,,,,,,,,,,,,,
AL,UNNAMED,1922,5,24,19221016,1800,,TD,28.6N,87.5W,30,,,,,,,,,,,,,
AL,UNNAMED,1922,5,24,19221017,0,,TD,29.3N,87.7W,30,,,,,,,,,,,,,
AL,UNNAMED,1922,5,24,19221017,600,,TD,30.0N,87.8W,25,,,,,,,,,,,,,
AL,UNNAMED,1922,5,24,19221017,1200,,EX,30.8N,87.9W,25,,,,,,,,,,,,,
AL,UNNAMED,1922,5,24,19221017,1800,,EX,31.6N,88.0W,25,,,,,,,,,,,,,
AL,UNNAMED,1923,1,28,19230622,1200,,TD,20.0N,95.0W,25,,,,,,,,,,,,,
AL,UNNAMED,1923,1,28,19230622,1800,,TD,20.0N,94.8W,25,,,,,,,,,,,,,
AL,UNNAMED,1923,1,28,19230623,0,,TD,20.0N,94.5W,25,,,,,,,,,,,,,
AL,UNNAMED,1923,1,28,19230623,600,,TD,20.1N,94.3W,25,,,,,,,,,,,,,
AL,UNNAMED,1923,1,28,19230623,1200,,TD,20.2N,94.0W,25,,,,,,,,,,,,,
AL,UNNAMED,1923,1,28,19230623,1800,,TD,20.3N,93.7W,25,,,,,,,,,,,,,
AL,UNNAMED,1923,1,28,19230624,0,,TD,20.5N,93.4W,25,,,,,,,,,,,,,
AL,UNNAMED,1923,1,28,19230624,600,,TD,20.7N,93.2W,25,,,,,,,,,,,,,
AL,UNNAMED,1923,1,28,19230624,1200,,TD,21.0N,93.0W,25,,,,,,,,,,,,,
AL,UNNAMED,1923,1,28,19230624,1800,,TD,21.5N,92.9W,25,,,,,,,,,,,,,
AL,UNNAMED,1923,1,28,19230625,0,,TD,22.2N,92.9W,25,,,,,,,,,,,,,
AL,UNNAMED,1923,1,28,19230625,600,,TD,23.0N,92.8W,30,,,,,,,,,,,,,
AL,UNNAMED,1923,1,28,19230625,1200,,TD,24.0N,92.5W,30,,,,,,,,,,,,,
AL,UNNAMED,1923,1,28,19230625,1800,,TS,25.5N,91.9W,35,,,,,,,,,,,,,
AL,UNNAMED,1923,1,28,19230626,0,,TS,27.5N,91.0W,40,,,,,,,,,,,,,
AL,UNNAMED,1923,1,28,19230626,500,L,TS,29.1N,90.1W,40,,,,,,,,,,,,,
AL,UNNAMED,1923,1,28,19230626,600,,TS,29.5N,89.8W,40,,,,,,,,,,,,,
AL,UNNAMED,1923,1,28,19230626,1200,,TS,31.0N,88.0W,35,,,,,,,,,,,,,
AL,UNNAMED,1923,1,28,19230626,1800,,TD,31.7N,86.0W,30,1006,,,,,,,,,,,,
AL,UNNAMED,1923,1,28,19230627,0,,TD,31.9N,84.0W,30,,,,,,,,,,,,,
AL,UNNAMED,1923,1,28,19230627,600,,TD,32.0N,82.0W,30,,,,,,,,,,,,,
AL,UNNAMED,1923,1,28,19230627,1200,,TS,32.0N,80.0W,40,,,,,,,,,,,,,
AL,UNNAMED,1923,1,28,19230627,1800,,TS,32.0N,78.2W,40,,,,,,,,,,,,,
AL,UNNAMED,1923,1,28,19230628,0,,TS,32.0N,76.5W,45,,,,,,,,,,,,,
AL,UNNAMED,1923,1,28,19230628,600,,TS,32.2N,75.0W,50,,,,,,,,,,,,,
AL,UNNAMED,1923,1,28,19230628,1200,,TS,32.5N,73.5W,50,,,,,,,,,,,,,
AL,UNNAMED,1923,1,28,19230628,1800,,TS,33.0N,72.0W,45,,,,,,,,,,,,,
AL,UNNAMED,1923,1,28,19230629,0,,EX,34.0N,70.5W,40,,,,,,,,,,,,,
AL,UNNAMED,1923,2,39,19230901,0,,TD,29.4N,73.0W,25,,,,,,,,,,,,,
AL,UNNAMED,1923,2,39,19230901,600,,TD,29.7N,72.2W,25,,,,,,,,,,,,,
AL,UNNAMED,1923,2,39,19230901,1200,,TD,30.0N,71.5W,25,,,,,,,,,,,,,
AL,UNNAMED,1923,2,39,19230901,1800,,TD,30.3N,70.8W,25,,,,,,,,,,,,,
AL,UNNAMED,1923,2,39,19230902,0,,TD,30.6N,70.2W,30,,,,,,,,,,,,,
AL,UNNAMED,1923,2,39,19230902,600,,TD,30.8N,69.8W,30,,,,,,,,,,,,,
AL,UNNAMED,1923,2,39,19230902,1200,,TD,31.0N,69.5W,30,,,,,,,,,,,,,
AL,UNNAMED,1923,2,39,19230902,1800,,TD,31.2N,69.4W,30,,,,,,,,,,,,,
AL,UNNAMED,1923,2,39,19230903,0,,TD,31.3N,69.4W,30,,,,,,,,,,,,,
AL,UNNAMED,1923,2,39,19230903,600,,TD,31.3N,69.3W,30,,,,,,,,,,,,,
AL,UNNAMED,1923,2,39,19230903,1200,,TD,31.5N,69.0W,30,,,,,,,,,,,,,
AL,UNNAMED,1923,2,39,19230903,1800,,TS,31.9N,68.2W,35,,,,,,,,,,,,,
AL,UNNAMED,1923,2,39,19230904,0,,TS,32.4N,67.2W,40,,,,,,,,,,,,,
AL,UNNAMED,1923,2,39,19230904,600,,TS,33.0N,66.1W,45,,,,,,,,,,,,,
AL,UNNAMED,1923,2,39,19230904,1200,,TS,33.5N,65.0W,50,,,,,,,,,,,,,
AL,UNNAMED,1923,2,39,19230904,1800,,TS,34.0N,63.8W,55,,,,,,,,,,,,,
AL,UNNAMED,1923,2,39,19230905,0,,TS,34.4N,62.3W,60,,,,,,,,,,,,,
AL,UNNAMED,1923,2,39,19230905,600,,HU,34.8N,61.0W,65,,,,,,,,,,,,,
AL,UNNAMED,1923,2,39,19230905,1200,,HU,35.2N,60.0W,70,,,,,,,,,,,,,
AL,UNNAMED,1923,2,39,19230905,1800,,HU,35.6N,59.2W,75,,,,,,,,,,,,,
AL,UNNAMED,1923,2,39,19230906,0,,HU,35.9N,58.6W,80,,,,,,,,,,,,,
AL,UNNAMED,1923,2,39,19230906,600,,HU,36.2N,58.2W,80,,,,,,,,,,,,,
AL,UNNAMED,1923,2,39,19230906,1200,,HU,36.5N,58.0W,85,,,,,,,,,,,,,
AL,UNNAMED,1923,2,39,19230906,1800,,HU,36.7N,57.9W,85,,,,,,,,,,,,,
AL,UNNAMED,1923,2,39,19230907,0,,HU,36.9N,57.9W,85,,,,,,,,,,,,,
AL,UNNAMED,1923,2,39,19230907,600,,HU,37.0N,58.0W,90,,,,,,,,,,,,,
AL,UNNAMED,1923,2,39,19230907,1200,,HU,37.1N,58.0W,90,,,,,,,,,,,,,
AL,UNNAMED,1923,2,39,19230907,1800,,HU,37.1N,58.0W,85,,,,,,,,,,,,,
AL,UNNAMED,1923,2,39,19230908,0,,HU,37.1N,58.1W,85,,,,,,,,,,,,,
AL,UNNAMED,1923,2,39,19230908,600,,HU,37.2N,58.3W,80,,,,,,,,,,,,,
AL,UNNAMED,1923,2,39,19230908,1200,,HU,37.5N,58.5W,80,,,,,,,,,,,,,
AL,UNNAMED,1923,2,39,19230908,1800,,HU,38.0N,58.7W,75,,,,,,,,,,,,,
AL,UNNAMED,1923,2,39,19230909,0,,HU,38.7N,58.9W,75,,,,,,,,,,,,,
AL,UNNAMED,1923,2,39,19230909,600,,HU,39.5N,59.0W,70,,,,,,,,,,,,,
AL,UNNAMED,1923,2,39,19230909,1200,,HU,40.5N,58.8W,70,,,,,,,,,,,,,
AL,UNNAMED,1923,2,39,19230909,1800,,HU,41.8N,58.2W,65,,,,,,,,,,,,,
AL,UNNAMED,1923,2,39,19230910,0,,EX,43.5N,57.5W,55,,,,,,,,,,,,,
AL,UNNAMED,1923,2,39,19230910,600,,EX,45.4N,56.5W,45,,,,,,,,,,,,,
AL,UNNAMED,1923,2,39,19230910,1200,,EX,47.5N,55.0W,40,,,,,,,,,,,,,
AL,UNNAMED,1923,3,17,19230907,0,,TD,11.7N,19.4W,30,,,,,,,,,,,,,
AL,UNNAMED,1923,3,17,19230907,600,,TD,12.3N,19.7W,30,,,,,,,,,,,,,
AL,UNNAMED,1923,3,17,19230907,1200,,TS,13.0N,20.0W,35,,,,,,,,,,,,,
AL,UNNAMED,1923,3,17,19230907,1800,,TS,13.7N,20.3W,35,,,,,,,,,,,,,
AL,UNNAMED,1923,3,17,19230908,0,,TS,14.5N,20.7W,40,,,,,,,,,,,,,
AL,UNNAMED,1923,3,17,19230908,600,,TS,15.2N,21.1W,40,,,,,,,,,,,,,
AL,UNNAMED,1923,3,17,19230908,1200,,TS,16.0N,21.5W,45,,,,,,,,,,,,,
AL,UNNAMED,1923,3,17,19230908,1800,,TS,16.7N,22.0W,45,,,,,,,,,,,,,
AL,UNNAMED,1923,3,17,19230909,0,,TS,17.5N,22.6W,45,,,,,,,,,,,,,
AL,UNNAMED,1923,3,17,19230909,600,,TS,18.3N,23.3W,45,,,,,,,,,,,,,
AL,UNNAMED,1923,3,17,19230909,1200,,TS,19.0N,24.0W,40,,,,,,,,,,,,,
AL,UNNAMED,1923,3,17,19230909,1800,,TS,19.5N,24.7W,40,,,,,,,,,,,,,
AL,UNNAMED,1923,3,17,19230910,0,,TS,20.0N,25.4W,35,,,,,,,,,,,,,
AL,UNNAMED,1923,3,17,19230910,600,,TS,20.5N,26.2W,35,,,,,,,,,,,,,
AL,UNNAMED,1923,3,17,19230910,1200,,TS,21.0N,27.0W,35,,,,,,,,,,,,,
AL,UNNAMED,1923,3,17,19230910,1800,,TD,21.5N,27.8W,30,,,,,,,,,,,,,
AL,UNNAMED,1923,3,17,19230911,0,,TD,22.0N,28.6W,30,,,,,,,,,,,,,
AL,UNNAMED,1923,4,21,19230910,0,,TD,27.0N,73.0W,25,,,,,,,,,,,,,
AL,UNNAMED,1923,4,21,19230910,600,,TD,28.0N,72.5W,25,,,,,,,,,,,,,
AL,UNNAMED,1923,4,21,19230910,1200,,TD,29.0N,72.0W,30,,,,,,,,,,,,,
AL,UNNAMED,1923,4,21,19230910,1800,,TD,30.0N,71.4W,30,,,,,,,,,,,,,
AL,UNNAMED,1923,4,21,19230911,0,,TS,31.0N,70.7W,35,,,,,,,,,,,,,
AL,UNNAMED,1923,4,21,19230911,600,,TS,32.0N,69.9W,35,,,,,,,,,,,,,
AL,UNNAMED,1923,4,21,19230911,1200,,TS,33.0N,69.0W,40,,,,,,,,,,,,,
AL,UNNAMED,1923,4,21,19230911,1800,,TS,34.0N,68.0W,45,,,,,,,,,,,,,
AL,UNNAMED,1923,4,21,19230912,0,,TS,35.0N,67.0W,50,,,,,,,,,,,,,
AL,UNNAMED,1923,4,21,19230912,600,,TS,36.0N,65.8W,60,,,,,,,,,,,,,
AL,UNNAMED,1923,4,21,19230912,1200,,HU,37.0N,64.5W,70,,,,,,,,,,,,,
AL,UNNAMED,1923,4,21,19230912,1800,,HU,39.0N,62.8W,70,,,,,,,,,,,,,
AL,UNNAMED,1923,4,21,19230913,0,,HU,42.0N,61.0W,70,,,,,,,,,,,,,
AL,UNNAMED,1923,4,21,19230913,600,,EX,45.0N,58.8W,60,,,,,,,,,,,,,
AL,UNNAMED,1923,4,21,19230913,1200,,EX,47.5N,56.0W,50,,,,,,,,,,,,,
AL,UNNAMED,1923,4,21,19230913,1800,,EX,48.5N,52.5W,45,,,,,,,,,,,,,
AL,UNNAMED,1923,4,21,19230914,0,,EX,49.0N,48.0W,40,,,,,,,,,,,,,
AL,UNNAMED,1923,4,21,19230914,600,,EX,48.8N,42.5W,35,,,,,,,,,,,,,
AL,UNNAMED,1923,4,21,19230914,1200,,EX,48.5N,38.0W,30,,,,,,,,,,,,,
AL,UNNAMED,1923,4,21,19230914,1800,,EX,48.0N,36.0W,30,,,,,,,,,,,,,
AL,UNNAMED,1923,4,21,19230915,0,,EX,47.5N,35.0W,30,,,,,,,,,,,,,
AL,UNNAMED,1923,5,41,19230924,1800,,TS,21.0N,73.0W,40,,,,,,,,,,,,,
AL,UNNAMED,1923,5,41,19230925,0,,TS,21.5N,73.3W,45,,,,,,,,,,,,,
AL,UNNAMED,1923,5,41,19230925,600,,TS,22.0N,73.6W,50,,,,,,,,,,,,,
AL,UNNAMED,1923,5,41,19230925,1200,,TS,22.5N,74.0W,55,,,,,,,,,,,,,
AL,UNNAMED,1923,5,41,19230925,1800,,TS,23.1N,74.5W,60,,,,,,,,,,,,,
AL,UNNAMED,1923,5,41,19230926,0,,HU,23.7N,75.1W,65,,,,,,,,,,,,,
AL,UNNAMED,1923,5,41,19230926,600,,HU,24.3N,75.7W,65,,,,,,,,,,,,,
AL,UNNAMED,1923,5,41,19230926,1200,,HU,25.0N,76.1W,65,,,,,,,,,,,,,
AL,UNNAMED,1923,5,41,19230926,1800,,HU,25.8N,76.3W,65,,,,,,,,,,,,,
AL,UNNAMED,1923,5,41,19230927,0,,HU,26.7N,76.4W,65,,,,,,,,,,,,,
AL,UNNAMED,1923,5,41,19230927,600,,HU,27.5N,76.4W,65,,,,,,,,,,,,,
AL,UNNAMED,1923,5,41,19230927,1200,,HU,28.3N,76.3W,70,,,,,,,,,,,,,
AL,UNNAMED,1923,5,41,19230927,1800,,HU,28.9N,76.1W,75,,,,,,,,,,,,,
AL,UNNAMED,1923,5,41,19230928,0,,HU,29.4N,75.8W,80,,,,,,,,,,,,,
AL,UNNAMED,1923,5,41,19230928,600,,HU,29.8N,75.3W,85,,,,,,,,,,,,,
AL,UNNAMED,1923,5,41,19230928,1200,,HU,30.2N,74.8W,90,,,,,,,,,,,,,
AL,UNNAMED,1923,5,41,19230928,1800,,HU,30.6N,74.3W,95,,,,,,,,,,,,,
AL,UNNAMED,1923,5,41,19230929,0,,HU,30.9N,73.8W,100,,,,,,,,,,,,,
AL,UNNAMED,1923,5,41,19230929,600,,HU,31.2N,73.3W,105,,,,,,,,,,,,,
AL,UNNAMED,1923,5,41,19230929,1200,,HU,31.5N,72.7W,105,,,,,,,,,,,,,
AL,UNNAMED,1923,5,41,19230929,1800,,HU,31.8N,72.0W,105,,,,,,,,,,,,,
AL,UNNAMED,1923,5,41,19230930,0,,HU,32.1N,71.1W,105,,,,,,,,,,,,,
AL,UNNAMED,1923,5,41,19230930,600,,HU,32.4N,70.0W,100,,,,,,,,,,,,,
AL,UNNAMED,1923,5,41,19230930,1200,,HU,33.0N,68.7W,95,,,,,,,,,,,,,
AL,UNNAMED,1923,5,41,19230930,1800,,HU,34.2N,67.0W,95,,,,,,,,,,,,,
AL,UNNAMED,1923,5,41,19231001,0,,HU,36.0N,64.5W,90,,,,,,,,,,,,,
AL,UNNAMED,1923,5,41,19231001,600,,HU,38.5N,61.5W,85,,,,,,,,,,,,,
AL,UNNAMED,1923,5,41,19231001,1200,,EX,41.7N,59.0W,80,,,,,,,,,,,,,
AL,UNNAMED,1923,5,41,19231001,1800,,EX,44.2N,58.0W,75,,,,,,,,,,,,,
AL,UNNAMED,1923,5,41,19231002,0,,EX,45.7N,57.6W,70,,,,,,,,,,,,,
AL,UNNAMED,1923,5,41,19231002,600,,EX,46.4N,57.5W,65,,,,,,,,,,,,,
AL,UNNAMED,1923,5,41,19231002,1200,,EX,47.0N,57.5W,60,,,,,,,,,,,,,
AL,UNNAMED,1923,5,41,19231002,1800,,EX,48.0N,57.0W,55,,,,,,,,,,,,,
AL,UNNAMED,1923,5,41,19231003,0,,EX,50.0N,55.3W,50,,,,,,,,,,,,,
AL,UNNAMED,1923,5,41,19231003,600,,EX,52.5N,52.3W,50,,,,,,,,,,,,,
AL,UNNAMED,1923,5,41,19231003,1200,,EX,55.0N,49.0W,45,,,,,,,,,,,,,
AL,UNNAMED,1923,5,41,19231003,1800,,EX,57.0N,46.0W,45,,,,,,,,,,,,,
AL,UNNAMED,1923,5,41,19231004,0,,EX,58.5N,43.0W,45,,,,,,,,,,,,,
AL,UNNAMED,1923,5,41,19231004,600,,EX,59.5N,40.0W,45,,,,,,,,,,,,,
AL,UNNAMED,1923,5,41,19231004,1200,,EX,60.0N,37.0W,45,,,,,,,,,,,,,
AL,UNNAMED,1923,5,41,19231004,1800,,EX,60.3N,34.0W,45,,,,,,,,,,,,,
AL,UNNAMED,1923,6,22,19231012,600,,TS,10.4N,93.0W,35,,,,,,,,,,,,,
AL,UNNAMED,1923,6,22,19231012,1200,,TS,11.9N,93.8W,40,,,,,,,,,,,,,
AL,UNNAMED,1923,6,22,19231012,1800,,TS,13.4N,94.5W,40,,,,,,,,,,,,,
AL,UNNAMED,1923,6,22,19231013,0,,TS,14.8N,95.1W,40,,,,,,,,,,,,,
AL,UNNAMED,1923,6,22,19231013,600,,TS,16.0N,95.6W,40,,,,,,,,,,,,,
AL,UNNAMED,1923,6,22,19231013,1200,,TS,17.1N,96.0W,35,,,,,,,,,,,,,
AL,UNNAMED,1923,6,22,19231013,1800,,TD,18.2N,96.1W,30,,,,,,,,,,,,,
AL,UNNAMED,1923,6,22,19231014,0,,TD,19.4N,95.7W,30,,,,,,,,,,,,,
AL,UNNAMED,1923,6,22,19231014,600,,TS,20.5N,95.2W,35,,,,,,,,,,,,,
AL,UNNAMED,1923,6,22,19231014,1200,,TS,21.5N,94.7W,40,,,,,,,,,,,,,
AL,UNNAMED,1923,6,22,19231014,1800,,TS,22.4N,94.2W,45,,,,,,,,,,,,,
AL,UNNAMED,1923,6,22,19231015,0,,TS,23.1N,93.7W,50,,,,,,,,,,,,,
AL,UNNAMED,1923,6,22,19231015,600,,TS,23.6N,93.1W,55,,,,,,,,,,,,,
AL,UNNAMED,1923,6,22,19231015,1200,,TS,24.2N,92.4W,60,,,,,,,,,,,,,
AL,UNNAMED,1923,6,22,19231015,1800,,HU,25.4N,91.6W,65,,,,,,,,,,,,,
AL,UNNAMED,1923,6,22,19231016,0,,HU,27.2N,91.0W,70,,,,,,,,,,,,,
AL,UNNAMED,1923,6,22,19231016,600,L,HU,29.2N,91.0W,70,983,,,,,,,,,,,,
AL,UNNAMED,1923,6,22,19231016,1200,,TS,31.5N,91.0W,50,991,,,,,,,,,,,,
AL,UNNAMED,1923,6,22,19231016,1800,,TS,33.7N,91.2W,45,,,,,,,,,,,,,
AL,UNNAMED,1923,6,22,19231017,0,,TS,35.7N,91.4W,45,,,,,,,,,,,,,
AL,UNNAMED,1923,6,22,19231017,600,,TS,37.5N,91.7W,35,,,,,,,,,,,,,
AL,UNNAMED,1923,6,22,19231017,1200,,TD,39.0N,92.0W,30,,,,,,,,,,,,,
AL,UNNAMED,1923,7,21,19231015,0,,TS,21.6N,63.8W,35,,,,,,,,,,,,,
AL,UNNAMED,1923,7,21,19231015,600,,TS,22.6N,63.0W,35,,,,,,,,,,,,,
AL,UNNAMED,1923,7,21,19231015,1200,,TS,23.6N,62.3W,35,,,,,,,,,,,,,
AL,UNNAMED,1923,7,21,19231015,1800,,TS,24.6N,61.8W,35,,,,,,,,,,,,,
AL,UNNAMED,1923,7,21,19231016,0,,TS,25.6N,61.4W,40,,,,,,,,,,,,,
AL,UNNAMED,1923,7,21,19231016,600,,TS,26.7N,61.2W,45,,,,,,,,,,,,,
AL,UNNAMED,1923,7,21,19231016,1200,,TS,28.0N,61.0W,50,,,,,,,,,,,,,
AL,UNNAMED,1923,7,21,19231016,1800,,TS,29.3N,61.0W,55,,,,,,,,,,,,,
AL,UNNAMED,1923,7,21,19231017,0,,TS,30.7N,61.1W,55,,,,,,,,,,,,,
AL,UNNAMED,1923,7,21,19231017,600,,TS,32.1N,61.3W,55,,,,,,,,,,,,,
AL,UNNAMED,1923,7,21,19231017,1200,,TS,33.5N,62.0W,55,,,,,,,,,,,,,
AL,UNNAMED,1923,7,21,19231017,1800,,TS,34.6N,63.1W,55,,,,,,,,,,,,,
AL,UNNAMED,1923,7,21,19231018,0,,TS,35.5N,64.4W,55,,,,,,,,,,,,,
AL,UNNAMED,1923,7,21,19231018,600,,TS,36.2N,65.8W,55,,,,,,,,,,,,,
AL,UNNAMED,1923,7,21,19231018,1200,,TS,37.0N,67.0W,55,,,,,,,,,,,,,
AL,UNNAMED,1923,7,21,19231018,1800,,TS,38.1N,68.0W,55,,,,,,,,,,,,,
AL,UNNAMED,1923,7,21,19231019,0,,TS,39.5N,69.0W,55,,,,,,,,,,,,,
AL,UNNAMED,1923,7,21,19231019,600,,TS,40.5N,70.0W,50,,,,,,,,,,,,,
AL,UNNAMED,1923,7,21,19231019,900,L,TS,41.3N,70.6W,50,,,,,,,,,,,,,
AL,UNNAMED,1923,7,21,19231019,1200,,TS,42.5N,71.0W,45,994,,,,,,,,,,,,
AL,UNNAMED,1923,7,21,19231019,1800,,EX,44.5N,71.8W,35,,,,,,,,,,,,,
AL,UNNAMED,1923,8,23,19231016,1200,,TS,20.5N,95.0W,35,,,,,,,,,,,,,
AL,UNNAMED,1923,8,23,19231016,1800,,TS,21.0N,94.0W,35,,,,,,,,,,,,,
AL,UNNAMED,1923,8,23,19231017,0,,TS,21.8N,93.0W,35,,,,,,,,,,,,,
AL,UNNAMED,1923,8,23,19231017,600,,TS,22.8N,91.6W,40,,,,,,,,,,,,,
AL,UNNAMED,1923,8,23,19231017,1200,,TS,24.0N,90.0W,45,,,,,,,,,,,,,
AL,UNNAMED,1923,8,23,19231017,1800,,TS,26.5N,88.9W,50,,,,,,,,,,,,,
AL,UNNAMED,1923,8,23,19231018,0,,TS,30.0N,89.0W,50,992,,,,,,,,,,,,
AL,UNNAMED,1923,8,23,19231018,100,L,TS,30.3N,89.0W,50,992,,,,,,,,,,,,
AL,UNNAMED,1923,8,23,19231018,600,,TS,32.9N,89.1W,40,997,,,,,,,,,,,,
AL,UNNAMED,1923,8,23,19231018,1200,,EX,35.5N,89.2W,35,,,,,,,,,,,,,
AL,UNNAMED,1923,8,23,19231018,1800,,EX,37.5N,88.7W,30,,,,,,,,,,,,,
AL,UNNAMED,1923,8,23,19231019,0,,EX,39.5N,87.5W,30,,,,,,,,,,,,,
AL,UNNAMED,1923,8,23,19231019,600,,EX,41.5N,85.9W,35,,,,,,,,,,,,,
AL,UNNAMED,1923,8,23,19231019,1200,,EX,43.5N,84.0W,35,,,,,,,,,,,,,
AL,UNNAMED,1923,8,23,19231019,1800,,EX,45.4N,82.2W,35,,,,,,,,,,,,,
AL,UNNAMED,1923,8,23,19231020,0,,EX,47.2N,80.6W,35,,,,,,,,,,,,,
AL,UNNAMED,1923,8,23,19231020,600,,EX,49.1N,79.0W,35,,,,,,,,,,,,,
AL,UNNAMED,1923,8,23,19231020,1200,,EX,51.0N,77.0W,35,,,,,,,,,,,,,
AL,UNNAMED,1923,8,23,19231020,1800,,EX,53.0N,74.5W,35,,,,,,,,,,,,,
AL,UNNAMED,1923,8,23,19231021,0,,EX,55.5N,71.5W,30,,,,,,,,,,,,,
AL,UNNAMED,1923,8,23,19231021,600,,EX,58.5N,68.0W,30,,,,,,,,,,,,,
AL,UNNAMED,1923,8,23,19231021,1200,,EX,62.5N,64.0W,30,,,,,,,,,,,,,
AL,UNNAMED,1923,8,23,19231021,1800,,EX,67.0N,60.0W,30,,,,,,,,,,,,,
AL,UNNAMED,1923,9,12,19231024,600,,TS,19.3N,59.8W,35,,,,,,,,,,,,,
AL,UNNAMED,1923,9,12,19231024,1200,,TS,20.0N,60.0W,35,,,,,,,,,,,,,
AL,UNNAMED,1923,9,12,19231024,1800,,TS,20.7N,60.2W,35,,,,,,,,,,,,,
AL,UNNAMED,1923,9,12,19231025,0,,TS,21.4N,60.4W,35,,,,,,,,,,,,,
AL,UNNAMED,1923,9,12,19231025,600,,TS,22.2N,60.6W,35,,,,,,,,,,,,,
AL,UNNAMED,1923,9,12,19231025,1200,,TS,23.0N,61.0W,35,,,,,,,,,,,,,
AL,UNNAMED,1923,9,12,19231025,1800,,TS,23.8N,61.8W,35,,,,,,,,,,,,,
AL,UNNAMED,1923,9,12,19231026,0,,TS,24.7N,63.0W,40,,,,,,,,,,,,,
AL,UNNAMED,1923,9,12,19231026,600,,TS,25.6N,64.2W,40,,,,,,,,,,,,,
AL,UNNAMED,1923,9,12,19231026,1200,,TS,26.5N,65.0W,40,,,,,,,,,,,,,
AL,UNNAMED,1923,9,12,19231026,1800,,TS,27.7N,65.2W,35,,,,,,,,,,,,,
AL,UNNAMED,1923,9,12,19231027,0,,EX,29.0N,65.0W,35,,,,,,,,,,,,,
AL,UNNAMED,1924,1,14,19240618,0,,TS,17.6N,85.2W,35,,,,,,,,,,,,,
AL,UNNAMED,1924,1,14,19240618,600,,TS,17.8N,86.6W,40,,,,,,,,,,,,,
AL,UNNAMED,1924,1,14,19240618,1200,,TS,18.0N,88.0W,40,,,,,,,,,,,,,
AL,UNNAMED,1924,1,14,19240618,1800,,TS,18.2N,89.4W,35,,,,,,,,,,,,,
AL,UNNAMED,1924,1,14,19240619,0,,TD,18.4N,90.7W,30,,,,,,,,,,,,,
AL,UNNAMED,1924,1,14,19240619,600,,TD,18.7N,91.9W,30,,,,,,,,,,,,,
AL,UNNAMED,1924,1,14,19240619,1200,,TS,19.0N,93.0W,35,,,,,,,,,,,,,
AL,UNNAMED,1924,1,14,19240619,1800,,TS,19.4N,94.0W,40,,,,,,,,,,,,,
AL,UNNAMED,1924,1,14,19240620,0,,TS,19.9N,94.9W,40,,,,,,,,,,,,,
AL,UNNAMED,1924,1,14,19240620,600,,TS,20.4N,95.7W,40,,,,,,,,,,,,,
AL,UNNAMED,1924,1,14,19240620,1200,,TS,21.0N,96.5W,40,,,,,,,,,,,,,
AL,UNNAMED,1924,1,14,19240620,1800,,TS,21.7N,97.2W,40,,,,,,,,,,,,,
AL,UNNAMED,1924,1,14,19240621,0,,TS,22.5N,97.8W,35,,,,,,,,,,,,,
AL,UNNAMED,1924,1,14,19240621,600,,TD,23.5N,98.3W,30,,,,,,,,,,,,,
AL,UNNAMED,1924,2,11,19240728,600,,TD,28.5N,78.5W,30,,,,,,,,,,,,,
AL,UNNAMED,1924,2,11,19240728,1200,,TS,30.0N,77.5W,35,,,,,,,,,,,,,
AL,UNNAMED,1924,2,11,19240728,1800,,TS,31.5N,76.5W,40,,,,,,,,,,,,,
AL,UNNAMED,1924,2,11,19240729,0,,TS,33.0N,75.5W,40,,,,,,,,,,,,,
AL,UNNAMED,1924,2,11,19240729,600,,TS,34.5N,74.4W,45,,,,,,,,,,,,,
AL,UNNAMED,1924,2,11,19240729,1200,,TS,36.0N,73.0W,50,,,,,,,,,,,,,
AL,UNNAMED,1924,2,11,19240729,1800,,TS,37.2N,71.4W,55,,,,,,,,,,,,,
AL,UNNAMED,1924,2,11,19240730,0,,TS,38.2N,69.7W,55,,,,,,,,,,,,,
AL,UNNAMED,1924,2,11,19240730,600,,TS,39.0N,67.9W,50,,,,,,,,,,,,,
AL,UNNAMED,1924,2,11,19240730,1200,,TS,39.5N,66.0W,45,,,,,,,,,,,,,
AL,UNNAMED,1924,2,11,19240730,1800,,EX,40.0N,64.0W,40,,,,,,,,,,,,,
AL,UNNAMED,1924,3,50,19240816,600,,TD,10.5N,54.6W,25,,,,,,,,,,,,,
AL,UNNAMED,1924,3,50,19240816,1200,,TD,11.0N,56.0W,25,,,,,,,,,,,,,
AL,UNNAMED,1924,3,50,19240816,1800,,TD,11.6N,57.5W,25,,,,,,,,,,,,,
AL,UNNAMED,1924,3,50,19240817,0,,TD,12.3N,59.0W,30,,,,,,,,,,,,,
AL,UNNAMED,1924,3,50,19240817,600,,TD,13.0N,60.4W,30,,,,,,,,,,,,,
AL,UNNAMED,1924,3,50,19240817,1200,,TD,13.8N,61.5W,30,,,,,,,,,,,,,
AL,UNNAMED,1924,3,50,19240817,1800,,TD,14.5N,62.3W,30,,,,,,,,,,,,,
AL,UNNAMED,1924,3,50,19240818,0,,TD,15.2N,62.9W,30,,,,,,,,,,,,,
AL,UNNAMED,1924,3,50,19240818,600,,TD,16.0N,63.5W,30,,,,,,,,,,,,,
AL,UNNAMED,1924,3,50,19240818,1200,,TD,16.8N,64.0W,30,,,,,,,,,,,,,
AL,UNNAMED,1924,3,50,19240818,1800,,TS,17.6N,64.6W,35,,,,,,,,,,,,,
AL,UNNAMED,1924,3,50,19240819,0,,TS,18.5N,65.3W,40,,,,,,,,,,,,,
AL,UNNAMED,1924,3,50,19240819,600,,TS,19.4N,66.0W,40,,,,,,,,,,,,,
AL,UNNAMED,1924,3,50,19240819,1200,,TS,20.2N,66.7W,45,,,,,,,,,,,,,
AL,UNNAMED,1924,3,50,19240819,1800,,TS,21.0N,67.3W,50,,,,,,,,,,,,,
AL,UNNAMED,1924,3,50,19240820,0,,TS,21.7N,67.9W,55,,,,,,,,,,,,,
AL,UNNAMED,1924,3,50,19240820,600,,TS,22.5N,68.5W,60,,,,,,,,,,,,,
AL,UNNAMED,1924,3,50,19240820,1200,,TS,23.2N,69.2W,60,,,,,,,,,,,,,
AL,UNNAMED,1924,3,50,19240820,1800,,TS,24.0N,70.1W,60,,,,,,,,,,,,,
AL,UNNAMED,1924,3,50,19240821,0,,HU,25.0N,71.2W,65,,,,,,,,,,,,,
AL,UNNAMED,1924,3,50,19240821,600,,HU,25.9N,72.2W,70,,,,,,,,,,,,,
AL,UNNAMED,1924,3,50,19240821,1200,,HU,26.7N,73.1W,75,,,,,,,,,,,,,
AL,UNNAMED,1924,3,50,19240821,1800,,HU,27.3N,73.7W,80,,,,,,,,,,,,,
AL,UNNAMED,1924,3,50,19240822,0,,HU,27.6N,74.2W,85,,,,,,,,,,,,,
AL,UNNAMED,1924,3,50,19240822,600,,HU,27.9N,74.5W,90,,,,,,,,,,,,,
AL,UNNAMED,1924,3,50,19240822,1200,,HU,28.0N,74.8W,95,,,,,,,,,,,,,
AL,UNNAMED,1924,3,50,19240822,1800,,HU,28.1N,75.0W,100,,,,,,,,,,,,,
AL,UNNAMED,1924,3,50,19240823,0,,HU,28.2N,75.3W,100,,,,,,,,,,,,,
AL,UNNAMED,1924,3,50,19240823,600,,HU,28.2N,75.7W,105,,,,,,,,,,,,,
AL,UNNAMED,1924,3,50,19240823,1200,,HU,28.3N,76.2W,105,,,,,,,,,,,,,
AL,UNNAMED,1924,3,50,19240823,1800,,HU,28.3N,76.6W,105,,,,,,,,,,,,,
AL,UNNAMED,1924,3,50,19240824,0,,HU,28.2N,77.0W,105,,,,,,,,,,,,,
AL,UNNAMED,1924,3,50,19240824,600,,HU,28.2N,77.3W,105,,,,,,,,,,,,,
AL,UNNAMED,1924,3,50,19240824,1200,,HU,28.2N,77.5W,100,,,,,,,,,,,,,
AL,UNNAMED,1924,3,50,19240824,1800,,HU,28.6N,77.7W,95,,,,,,,,,,,,,
AL,UNNAMED,1924,3,50,19240825,0,,HU,29.4N,77.9W,90,,,,,,,,,,,,,
AL,UNNAMED,1924,3,50,19240825,600,,HU,30.2N,77.7W,85,,,,,,,,,,,,,
AL,UNNAMED,1924,3,50,19240825,1200,,HU,31.2N,77.0W,85,969,,,,,,,,,,,,
AL,UNNAMED,1924,3,50,19240825,1800,,HU,32.7N,76.3W,90,,,,,,,,,,,,,
AL,UNNAMED,1924,3,50,19240826,0,,HU,34.4N,75.5W,90,,,,,,,,,,,,,
AL,UNNAMED,1924,3,50,19240826,600,,HU,36.3N,74.3W,90,963,,,,,,,,,,,,
AL,UNNAMED,1924,3,50,19240826,1200,,HU,38.5N,72.9W,85,,,,,,,,,,,,,
AL,UNNAMED,1924,3,50,19240826,1800,,HU,40.9N,70.3W,80,968,,,,,,,,,,,,
AL,UNNAMED,1924,3,50,19240827,0,,EX,43.5N,67.2W,75,,,,,,,,,,,,,
AL,UNNAMED,1924,3,50,19240827,600,,EX,46.3N,63.1W,65,,,,,,,,,,,,,
AL,UNNAMED,1924,3,50,19240827,1200,,EX,49.0N,59.8W,60,,,,,,,,,,,,,
AL,UNNAMED,1924,3,50,19240827,1800,,EX,51.0N,56.0W,55,,,,,,,,,,,,,
AL,UNNAMED,1924,3,50,19240828,0,,EX,52.5N,52.6W,50,,,,,,,,,,,,,
AL,UNNAMED,1924,3,50,19240828,600,,EX,54.0N,48.8W,45,,,,,,,,,,,,,
AL,UNNAMED,1924,3,50,19240828,1200,,EX,55.3N,45.2W,45,,,,,,,,,,,,,
AL,UNNAMED,1924,4,48,19240826,0,,TS,13.7N,48.0W,35,,,,,,,,,,,,,
AL,UNNAMED,1924,4,48,19240826,600,,TS,13.7N,49.5W,35,,,,,,,,,,,,,
AL,UNNAMED,1924,4,48,19240826,1200,,TS,13.8N,51.0W,35,,,,,,,,,,,,,
AL,UNNAMED,1924,4,48,19240826,1800,,TS,14.0N,52.5W,40,,,,,,,,,,,,,
AL,UNNAMED,1924,4,48,19240827,0,,TS,14.4N,54.0W,45,,,,,,,,,,,,,
AL,UNNAMED,1924,4,48,19240827,600,,TS,14.9N,55.5W,55,,,,,,,,,,,,,
AL,UNNAMED,1924,4,48,19240827,1200,,HU,15.3N,57.0W,65,,,,,,,,,,,,,
AL,UNNAMED,1924,4,48,19240827,1800,,HU,15.6N,58.6W,75,,,,,,,,,,,,,
AL,UNNAMED,1924,4,48,19240828,0,,HU,16.1N,60.2W,85,,,,,,,,,,,,,
AL,UNNAMED,1924,4,48,19240828,600,,HU,16.6N,61.8W,95,965,,,,,,,,,,,,
AL,UNNAMED,1924,4,48,19240828,1200,,HU,17.1N,63.0W,95,,,,,,,,,,,,,
AL,UNNAMED,1924,4,48,19240828,1800,,HU,17.6N,63.8W,95,,,,,,,,,,,,,
AL,UNNAMED,1924,4,48,19240829,0,,HU,18.1N,64.4W,95,,,,,,,,,,,,,
AL,UNNAMED,1924,4,48,19240829,600,,HU,18.5N,64.9W,95,967,,,,,,,,,,,,
AL,UNNAMED,1924,4,48,19240829,1200,,HU,19.0N,65.4W,95,,,,,,,,,,,,,
AL,UNNAMED,1924,4,48,19240829,1800,,HU,19.5N,65.9W,95,,,,,,,,,,,,,
AL,UNNAMED,1924,4,48,19240830,0,,HU,20.0N,66.3W,90,,,,,,,,,,,,,
AL,UNNAMED,1924,4,48,19240830,600,,HU,20.5N,66.7W,90,,,,,,,,,,,,,
AL,UNNAMED,1924,4,48,19240830,1200,,HU,21.0N,67.0W,90,,,,,,,,,,,,,
AL,UNNAMED,1924,4,48,19240830,1800,,HU,21.3N,67.2W,90,,,,,,,,,,,,,
AL,UNNAMED,1924,4,48,19240831,0,,HU,21.5N,67.4W,90,,,,,,,,,,,,,
AL,UNNAMED,1924,4,48,19240831,600,,HU,21.6N,67.6W,90,,,,,,,,,,,,,
AL,UNNAMED,1924,4,48,19240831,1200,,HU,21.8N,67.8W,90,,,,,,,,,,,,,
AL,UNNAMED,1924,4,48,19240831,1800,,HU,22.0N,68.0W,90,,,,,,,,,,,,,
AL,UNNAMED,1924,4,48,19240901,0,,HU,22.3N,68.1W,90,,,,,,,,,,,,,
AL,UNNAMED,1924,4,48,19240901,600,,HU,22.6N,68.2W,90,,,,,,,,,,,,,
AL,UNNAMED,1924,4,48,19240901,1200,,HU,23.0N,68.3W,90,,,,,,,,,,,,,
AL,UNNAMED,1924,4,48,19240901,1800,,HU,23.6N,68.4W,90,,,,,,,,,,,,,
AL,UNNAMED,1924,4,48,19240902,0,,HU,24.3N,68.5W,90,,,,,,,,,,,,,
AL,UNNAMED,1924,4,48,19240902,600,,HU,25.2N,68.6W,90,,,,,,,,,,,,,
AL,UNNAMED,1924,4,48,19240902,1200,,HU,26.3N,68.7W,85,,,,,,,,,,,,,
AL,UNNAMED,1924,4,48,19240902,1800,,HU,27.5N,68.8W,85,,,,,,,,,,,,,
AL,UNNAMED,1924,4,48,19240903,0,,HU,28.9N,68.9W,85,,,,,,,,,,,,,
AL,UNNAMED,1924,4,48,19240903,600,,HU,30.5N,68.8W,80,,,,,,,,,,,,,
AL,UNNAMED,1924,4,48,19240903,1200,,HU,32.2N,68.5W,80,,,,,,,,,,,,,
AL,UNNAMED,1924,4,48,19240903,1800,,HU,34.1N,68.0W,80,,,,,,,,,,,,,
AL,UNNAMED,1924,4,48,19240904,0,,EX,36.3N,67.0W,75,,,,,,,,,,,,,
AL,UNNAMED,1924,4,48,19240904,600,,EX,38.6N,66.0W,75,,,,,,,,,,,,,
AL,UNNAMED,1924,4,48,19240904,1200,,EX,40.8N,64.8W,70,,,,,,,,,,,,,
AL,UNNAMED,1924,4,48,19240904,1800,,EX,43.0N,63.1W,70,,,,,,,,,,,,,
AL,UNNAMED,1924,4,48,19240905,0,,EX,45.1N,61.1W,65,,,,,,,,,,,,,
AL,UNNAMED,1924,4,48,19240905,600,,EX,47.2N,58.7W,55,,,,,,,,,,,,,
AL,UNNAMED,1924,4,48,19240905,1200,,EX,49.2N,56.0W,50,,,,,,,,,,,,,
AL,UNNAMED,1924,4,48,19240905,1800,,EX,50.6N,52.4W,45,,,,,,,,,,,,,
AL,UNNAMED,1924,4,48,19240906,0,,EX,51.3N,49.2W,40,,,,,,,,,,,,,
AL,UNNAMED,1924,4,48,19240906,600,,EX,52.0N,46.0W,35,,,,,,,,,,,,,
AL,UNNAMED,1924,4,48,19240906,1200,,EX,52.1N,42.6W,35,,,,,,,,,,,,,
AL,UNNAMED,1924,4,48,19240906,1800,,EX,51.8N,38.6W,35,,,,,,,,,,,,,
AL,UNNAMED,1924,5,29,19240913,0,,TS,24.0N,84.5W,35,,,,,,,,,,,,,
AL,UNNAMED,1924,5,29,19240913,600,,TS,24.8N,85.5W,40,,,,,,,,,,,,,
AL,UNNAMED,1924,5,29,19240913,1200,,TS,25.5N,86.5W,45,,,,,,,,,,,,,
AL,UNNAMED,1924,5,29,19240913,1800,,TS,26.2N,87.2W,45,,,,,,,,,,,,,
AL,UNNAMED,1924,5,29,19240914,0,,TS,26.9N,87.7W,50,,,,,,,,,,,,,
AL,UNNAMED,1924,5,29,19240914,600,,TS,27.6N,87.9W,50,,,,,,,,,,,,,
AL,UNNAMED,1924,5,29,19240914,1200,,TS,28.2N,88.0W,55,,,,,,,,,,,,,
AL,UNNAMED,1924,5,29,19240914,1800,,TS,28.6N,87.6W,60,,,,,,,,,,,,,
AL,UNNAMED,1924,5,29,19240915,0,,HU,29.0N,87.0W,65,,,,,,,,,,,,,
AL,UNNAMED,1924,5,29,19240915,600,,HU,29.3N,86.2W,70,,,,,,,,,,,,,
AL,UNNAMED,1924,5,29,19240915,1200,,HU,29.6N,85.5W,75,980,,,,,,,,,,,,
AL,UNNAMED,1924,5,29,19240915,1400,L,HU,29.7N,85.3W,75,980,,,,,,,,,,,,
AL,UNNAMED,1924,5,29,19240915,1800,,TS,29.9N,84.9W,55,,,,,,,,,,,,,
AL,UNNAMED,1924,5,29,19240916,0,,TS,30.2N,84.3W,50,,,,,,,,,,,,,
AL,UNNAMED,1924,5,29,19240916,600,,TS,30.5N,83.6W,45,,,,,,,,,,,,,
AL,UNNAMED,1924,5,29,19240916,1200,,TS,31.0N,82.8W,40,,,,,,,,,,,,,
AL,UNNAMED,1924,5,29,19240916,1800,,TS,31.8N,81.7W,35,,,,,,,,,,,,,
AL,UNNAMED,1924,5,29,19240917,0,,TS,32.9N,80.2W,35,,,,,,,,,,,,,
AL,UNNAMED,1924,5,29,19240917,600,,EX,34.1N,78.2W,40,,,,,,,,,,,,,
AL,UNNAMED,1924,5,29,19240917,1200,,EX,35.3N,75.8W,45,,,,,,,,,,,,,
AL,UNNAMED,1924,5,29,19240917,1800,,EX,36.7N,72.3W,45,,,,,,,,,,,,,
AL,UNNAMED,1924,5,29,19240918,0,,EX,38.3N,69.7W,45,,,,,,,,,,,,,
AL,UNNAMED,1924,5,29,19240918,600,,EX,40.0N,67.0W,45,,,,,,,,,,,,,
AL,UNNAMED,1924,5,29,19240918,1200,,EX,41.5N,64.5W,50,,,,,,,,,,,,,
AL,UNNAMED,1924,5,29,19240918,1800,,EX,42.8N,62.0W,50,,,,,,,,,,,,,
AL,UNNAMED,1924,5,29,19240919,0,,EX,43.9N,59.5W,50,,,,,,,,,,,,,
AL,UNNAMED,1924,5,29,19240919,600,,EX,44.8N,57.0W,50,,,,,,,,,,,,,
AL,UNNAMED,1924,5,29,19240919,1200,,EX,45.5N,54.5W,50,,,,,,,,,,,,,
AL,UNNAMED,1924,5,29,19240919,1800,,EX,46.0N,52.0W,50,,,,,,,,,,,,,
AL,UNNAMED,1924,6,12,19240920,0,,TD,15.8N,22.6W,25,,,,,,,,,,,,,
AL,UNNAMED,1924,6,12,19240920,600,,TD,15.9N,22.8W,30,,,,,,,,,,,,,
AL,UNNAMED,1924,6,12,19240920,1200,,TS,16.0N,23.0W,35,,,,,,,,,,,,,
AL,UNNAMED,1924,6,12,19240920,1800,,TS,16.1N,23.2W,40,,,,,,,,,,,,,
AL,UNNAMED,1924,6,12,19240921,0,,TS,16.2N,23.4W,40,,,,,,,,,,,,,
AL,UNNAMED,1924,6,12,19240921,600,,TS,16.3N,23.7W,40,,,,,,,,,,,,,
AL,UNNAMED,1924,6,12,19240921,1200,,TS,16.5N,24.0W,40,,,,,,,,,,,,,
AL,UNNAMED,1924,6,12,19240921,1800,,TS,16.8N,24.5W,40,,,,,,,,,,,,,
AL,UNNAMED,1924,6,12,19240922,0,,TS,17.2N,25.2W,35,1005,,,,,,,,,,,,
AL,UNNAMED,1924,6,12,19240922,600,,TS,17.6N,26.1W,35,,,,,,,,,,,,,
AL,UNNAMED,1924,6,12,19240922,1200,,TS,18.0N,27.0W,35,,,,,,,,,,,,,
AL,UNNAMED,1924,6,12,19240922,1800,,TS,18.5N,28.0W,35,,,,,,,,,,,,,
AL,UNNAMED,1924,7,48,19240924,0,,TD,11.3N,22.2W,25,,,,,,,,,,,,,
AL,UNNAMED,1924,7,48,19240924,600,,TD,11.4N,23.6W,25,,,,,,,,,,,,,
AL,UNNAMED,1924,7,48,19240924,1200,,TD,11.5N,25.0W,25,,,,,,,,,,,,,
AL,UNNAMED,1924,7,48,19240924,1800,,TD,11.7N,26.4W,25,,,,,,,,,,,,,
AL,UNNAMED,1924,7,48,19240925,0,,TD,11.8N,27.8W,30,,,,,,,,,,,,,
AL,UNNAMED,1924,7,48,19240925,600,,TD,11.9N,29.2W,30,,,,,,,,,,,,,
AL,UNNAMED,1924,7,48,19240925,1200,,TD,12.0N,30.5W,30,,,,,,,,,,,,,
AL,UNNAMED,1924,7,48,19240925,1800,,TD,12.1N,31.8W,30,,,,,,,,,,,,,
AL,UNNAMED,1924,7,48,19240926,0,,TS,12.2N,33.2W,35,,,,,,,,,,,,,
AL,UNNAMED,1924,7,48,19240926,600,,TS,12.3N,34.6W,35,,,,,,,,,,,,,
AL,UNNAMED,1924,7,48,19240926,1200,,TS,12.5N,36.0W,35,,,,,,,,,,,,,
AL,UNNAMED,1924,7,48,19240926,1800,,TS,12.7N,37.5W,35,,,,,,,,,,,,,
AL,UNNAMED,1924,7,48,19240927,0,,TS,12.9N,39.0W,40,,,,,,,,,,,,,
AL,UNNAMED,1924,7,48,19240927,600,,TS,13.2N,40.5W,40,,,,,,,,,,,,,
AL,UNNAMED,1924,7,48,19240927,1200,,TS,13.5N,42.0W,40,,,,,,,,,,,,,
AL,UNNAMED,1924,7,48,19240927,1800,,TS,13.8N,43.4W,40,,,,,,,,,,,,,
AL,UNNAMED,1924,7,48,19240928,0,,TS,14.1N,44.8W,40,,,,,,,,,,,,,
AL,UNNAMED,1924,7,48,19240928,600,,TS,14.5N,46.2W,40,,,,,,,,,,,,,
AL,UNNAMED,1924,7,48,19240928,1200,,TS,15.0N,47.5W,45,,,,,,,,,,,,,
AL,UNNAMED,1924,7,48,19240928,1800,,TS,15.8N,48.7W,45,,,,,,,,,,,,,
AL,UNNAMED,1924,7,48,19240929,0,,TS,16.7N,49.9W,45,,,,,,,,,,,,,
AL,UNNAMED,1924,7,48,19240929,600,,TS,17.6N,51.1W,45,,,,,,,,,,,,,
AL,UNNAMED,1924,7,48,19240929,1200,,TS,18.5N,52.0W,40,,,,,,,,,,,,,
AL,UNNAMED,1924,7,48,19240929,1800,,TS,19.3N,52.6W,40,,,,,,,,,,,,,
AL,UNNAMED,1924,7,48,19240930,0,,TS,19.9N,53.1W,35,,,,,,,,,,,,,
AL,UNNAMED,1924,7,48,19240930,600,,TS,20.4N,53.6W,35,,,,,,,,,,,,,
AL,UNNAMED,1924,7,48,19240930,1200,,TS,21.0N,54.0W,35,,,,,,,,,,,,,
AL,UNNAMED,1924,7,48,19240930,1800,,TS,21.9N,54.4W,35,,,,,,,,,,,,,
AL,UNNAMED,1924,7,48,19241001,0,,TS,23.1N,54.7W,35,,,,,,,,,,,,,
AL,UNNAMED,1924,7,48,19241001,600,,TS,24.6N,54.9W,35,,,,,,,,,,,,,
AL,UNNAMED,1924,7,48,19241001,1200,,TS,26.0N,55.0W,35,,,,,,,,,,,,,
AL,UNNAMED,1924,7,48,19241001,1800,,TS,27.2N,55.0W,35,,,,,,,,,,,,,
AL,UNNAMED,1924,7,48,19241002,0,,TS,28.2N,55.0W,40,,,,,,,,,,,,,
AL,UNNAMED,1924,7,48,19241002,600,,TS,29.0N,55.0W,40,,,,,,,,,,,,,
AL,UNNAMED,1924,7,48,19241002,1200,,TS,30.0N,55.0W,45,,,,,,,,,,,,,
AL,UNNAMED,1924,7,48,19241002,1800,,TS,31.3N,55.0W,45,,,,,,,,,,,,,
AL,UNNAMED,1924,7,48,19241003,0,,TS,32.8N,55.0W,45,,,,,,,,,,,,,
AL,UNNAMED,1924,7,48,19241003,600,,TS,34.5N,54.9W,45,,,,,,,,,,,,,
AL,UNNAMED,1924,7,48,19241003,1200,,EX,36.0N,54.5W,45,,,,,,,,,,,,,
AL,UNNAMED,1924,7,48,19241003,1800,,EX,37.4N,53.7W,45,,,,,,,,,,,,,
AL,UNNAMED,1924,7,48,19241004,0,,EX,38.8N,52.5W,45,,,,,,,,,,,,,
AL,UNNAMED,1924,7,48,19241004,600,,EX,40.2N,51.0W,45,,,,,,,,,,,,,
AL,UNNAMED,1924,7,48,19241004,1200,,EX,41.5N,49.0W,45,,,,,,,,,,,,,
AL,UNNAMED,1924,7,48,19241004,1800,,EX,42.8N,46.9W,45,,,,,,,,,,,,,
AL,UNNAMED,1924,7,48,19241005,0,,EX,44.2N,44.7W,50,,,,,,,,,,,,,
AL,UNNAMED,1924,7,48,19241005,600,,EX,45.6N,42.4W,50,,,,,,,,,,,,,
AL,UNNAMED,1924,7,48,19241005,1200,,EX,47.0N,40.0W,50,,,,,,,,,,,,,
AL,UNNAMED,1924,7,48,19241005,1800,,EX,48.5N,37.5W,50,,,,,,,,,,,,,
AL,UNNAMED,1924,8,18,19240927,0,,TD,16.5N,86.0W,25,,,,,,,,,,,,,
AL,UNNAMED,1924,8,18,19240927,600,,TD,17.0N,86.0W,25,,,,,,,,,,,,,
AL,UNNAMED,1924,8,18,19240927,1200,,TD,17.5N,86.1W,30,,,,,,,,,,,,,
AL,UNNAMED,1924,8,18,19240927,1800,,TD,18.0N,86.1W,30,,,,,,,,,,,,,
AL,UNNAMED,1924,8,18,19240928,0,,TD,18.6N,86.1W,30,,,,,,,,,,,,,
AL,UNNAMED,1924,8,18,19240928,600,,TD,19.2N,86.2W,30,,,,,,,,,,,,,
AL,UNNAMED,1924,8,18,19240928,1200,,TD,20.0N,86.2W,30,,,,,,,,,,,,,
AL,UNNAMED,1924,8,18,19240928,1800,,TS,21.3N,86.2W,35,,,,,,,,,,,,,
AL,UNNAMED,1924,8,18,19240929,0,,TS,23.0N,86.2W,40,,,,,,,,,,,,,
AL,UNNAMED,1924,8,18,19240929,600,,TS,25.0N,86.5W,45,,,,,,,,,,,,,
AL,UNNAMED,1924,8,18,19240929,1200,,TS,27.0N,86.6W,50,999,,,,,,,,,,,,
AL,UNNAMED,1924,8,18,19240929,1800,,TS,29.0N,85.0W,55,,,,,,,,,,,,,
AL,UNNAMED,1924,8,18,19240929,2100,L,TS,30.0N,84.0W,55,,,,,,,,,,,,,
AL,UNNAMED,1924,8,18,19240930,0,,EX,31.0N,83.0W,55,,,,,,,,,,,,,
AL,UNNAMED,1924,8,18,19240930,600,,EX,33.0N,80.7W,55,1001,,,,,,,,,,,,
AL,UNNAMED,1924,8,18,19240930,1200,,EX,35.0N,78.0W,60,,,,,,,,,,,,,
AL,UNNAMED,1924,8,18,19240930,1800,,EX,38.0N,75.5W,65,,,,,,,,,,,,,
AL,UNNAMED,1924,8,18,19241001,0,,EX,42.5N,73.0W,55,,,,,,,,,,,,,
AL,UNNAMED,1924,9,16,19241011,1200,,TD,25.5N,88.0W,30,,,,,,,,,,,,,
AL,UNNAMED,1924,9,16,19241011,1800,,TS,25.9N,88.1W,35,,,,,,,,,,,,,
AL,UNNAMED,1924,9,16,19241012,0,,TS,26.3N,88.3W,40,,,,,,,,,,,,,
AL,UNNAMED,1924,9,16,19241012,600,,TS,26.6N,88.6W,45,,,,,,,,,,,,,
AL,UNNAMED,1924,9,16,19241012,1200,,TS,26.7N,89.0W,50,,,,,,,,,,,,,
AL,UNNAMED,1924,9,16,19241012,1800,,TS,26.3N,89.6W,50,,,,,,,,,,,,,
AL,UNNAMED,1924,9,16,19241013,0,,TS,25.7N,90.5W,50,,,,,,,,,,,,,
AL,UNNAMED,1924,9,16,19241013,600,,TS,24.9N,91.6W,50,,,,,,,,,,,,,
AL,UNNAMED,1924,9,16,19241013,1200,,TS,24.2N,92.4W,50,,,,,,,,,,,,,
AL,UNNAMED,1924,9,16,19241013,1800,,TS,23.7N,93.2W,50,,,,,,,,,,,,,
AL,UNNAMED,1924,9,16,19241014,0,,TS,23.3N,94.0W,50,,,,,,,,,,,,,
AL,UNNAMED,1924,9,16,19241014,600,,TS,22.9N,94.8W,50,,,,,,,,,,,,,
AL,UNNAMED,1924,9,16,19241014,1200,,TS,22.5N,95.6W,50,,,,,,,,,,,,,
AL,UNNAMED,1924,9,16,19241014,1800,,TS,22.0N,96.4W,50,,,,,,,,,,,,,
AL,UNNAMED,1924,9,16,19241015,0,,TS,21.5N,97.2W,50,,,,,,,,,,,,,
AL,UNNAMED,1924,9,16,19241015,600,,TD,21.0N,98.0W,30,,,,,,,,,,,,,
AL,UNNAMED,1924,10,40,19241014,0,,TD,15.7N,83.5W,25,,,,,,,,,,,,,
AL,UNNAMED,1924,10,40,19241014,600,,TD,16.1N,83.9W,25,,,,,,,,,,,,,
AL,UNNAMED,1924,10,40,19241014,1200,,TD,16.5N,84.2W,30,,,,,,,,,,,,,
AL,UNNAMED,1924,10,40,19241014,1800,,TD,16.9N,84.4W,30,,,,,,,,,,,,,
AL,UNNAMED,1924,10,40,19241015,0,,TD,17.3N,84.6W,30,,,,,,,,,,,,,
AL,UNNAMED,1924,10,40,19241015,600,,TS,17.7N,84.8W,35,,,,,,,,,,,,,
AL,UNNAMED,1924,10,40,19241015,1200,,TS,18.0N,85.0W,40,,,,,,,,,,,,,
AL,UNNAMED,1924,10,40,19241015,1800,,TS,18.3N,85.2W,50,,,,,,,,,,,,,
AL,UNNAMED,1924,10,40,19241016,0,,TS,18.6N,85.5W,60,,,,,,,,,,,,,
AL,UNNAMED,1924,10,40,19241016,600,,HU,18.9N,85.8W,70,,,,,,,,,,,,,
AL,UNNAMED,1924,10,40,19241016,1200,,HU,19.0N,86.0W,80,,,,,,,,,,,,,
AL,UNNAMED,1924,10,40,19241016,1800,,HU,18.9N,86.2W,80,,,,,,,,,,,,,
AL,UNNAMED,1924,10,40,19241017,0,,HU,18.8N,86.4W,80,,,,,,,,,,,,,
AL,UNNAMED,1924,10,40,19241017,600,,HU,18.6N,86.5W,85,,,,,,,,,,,,,
AL,UNNAMED,1924,10,40,19241017,1200,,HU,18.4N,86.5W,85,,,,,,,,,,,,,
AL,UNNAMED,1924,10,40,19241017,1800,,HU,18.3N,86.4W,85,,,,,,,,,,,,,
AL,UNNAMED,1924,10,40,19241018,0,,HU,18.3N,86.2W,90,,,,,,,,,,,,,
AL,UNNAMED,1924,10,40,19241018,600,,HU,18.4N,86.0W,95,,,,,,,,,,,,,
AL,UNNAMED,1924,10,40,19241018,1200,,HU,18.6N,85.8W,100,,,,,,,,,,,,,
AL,UNNAMED,1924,10,40,19241018,1800,,HU,19.1N,85.6W,110,,,,,,,,,,,,,
AL,UNNAMED,1924,10,40,19241019,0,,HU,19.7N,85.3W,120,,,,,,,,,,,,,
AL,UNNAMED,1924,10,40,19241019,600,,HU,20.4N,85.0W,130,,,,,,,,,,,,,
AL,UNNAMED,1924,10,40,19241019,1200,,HU,21.3N,84.7W,145,,,,,,,,,,,,,
AL,UNNAMED,1924,10,40,19241019,1800,,HU,22.4N,84.4W,145,910,,,,,,,,,,,,
AL,UNNAMED,1924,10,40,19241020,0,,HU,23.4N,84.0W,130,,,,,,,,,,,,,
AL,UNNAMED,1924,10,40,19241020,600,,HU,24.4N,83.5W,115,,,,,,,,,,,,,
AL,UNNAMED,1924,10,40,19241020,1200,,HU,25.2N,83.0W,100,,,,,,,,,,,,,
AL,UNNAMED,1924,10,40,19241020,1800,,HU,25.5N,82.5W,90,,,,,,,,,,,,,
AL,UNNAMED,1924,10,40,19241021,0,,HU,25.8N,81.9W,80,975,,,,,,,,,,,,
AL,UNNAMED,1924,10,40,19241021,100,L,HU,25.8N,81.8W,80,975,,,,,,,,,,,,
AL,UNNAMED,1924,10,40,19241021,600,,HU,25.9N,81.0W,70,,,,,,,,,,,,,
AL,UNNAMED,1924,10,40,19241021,1200,,TS,26.0N,80.1W,60,986,,,,,,,,,,,,
AL,UNNAMED,1924,10,40,19241021,1800,,TS,26.3N,78.9W,60,,,,,,,,,,,,,
AL,UNNAMED,1924,10,40,19241022,0,,TS,26.8N,77.4W,60,,,,,,,,,,,,,
AL,UNNAMED,1924,10,40,19241022,600,,TS,27.3N,75.6W,60,,,,,,,,,,,,,
AL,UNNAMED,1924,10,40,19241022,1200,,TS,28.0N,73.5W,55,,,,,,,,,,,,,
AL,UNNAMED,1924,10,40,19241022,1800,,TS,28.7N,71.4W,50,,,,,,,,,,,,,
AL,UNNAMED,1924,10,40,19241023,0,,TS,29.4N,69.3W,45,,,,,,,,,,,,,
AL,UNNAMED,1924,10,40,19241023,600,,TS,30.1N,67.2W,40,,,,,,,,,,,,,
AL,UNNAMED,1924,10,40,19241023,1200,,EX,31.0N,65.0W,30,,,,,,,,,,,,,
AL,UNNAMED,1924,11,38,19241105,1200,,TS,12.5N,80.0W,35,,,,,,,,,,,,,
AL,UNNAMED,1924,11,38,19241105,1800,,TS,12.8N,79.7W,35,,,,,,,,,,,,,
AL,UNNAMED,1924,11,38,19241106,0,,TS,13.2N,79.4W,35,,,,,,,,,,,,,
AL,UNNAMED,1924,11,38,19241106,600,,TS,13.6N,79.2W,35,,,,,,,,,,,,,
AL,UNNAMED,1924,11,38,19241106,1200,,TS,14.0N,79.0W,35,,,,,,,,,,,,,
AL,UNNAMED,1924,11,38,19241106,1800,,TS,14.5N,78.9W,35,,,,,,,,,,,,,
AL,UNNAMED,1924,11,38,19241107,0,,TS,15.0N,78.9W,35,,,,,,,,,,,,,
AL,UNNAMED,1924,11,38,19241107,600,,TS,15.5N,78.8W,35,,,,,,,,,,,,,
AL,UNNAMED,1924,11,38,19241107,1200,,TS,16.0N,78.5W,35,,,,,,,,,,,,,
AL,UNNAMED,1924,11,38,19241107,1800,,TS,16.6N,78.0W,35,,,,,,,,,,,,,
AL,UNNAMED,1924,11,38,19241108,0,,TS,17.4N,77.3W,35,,,,,,,,,,,,,
AL,UNNAMED,1924,11,38,19241108,600,,TS,18.2N,76.8W,40,,,,,,,,,,,,,
AL,UNNAMED,1924,11,38,19241108,1200,,TS,18.9N,76.5W,40,,,,,,,,,,,,,
AL,UNNAMED,1924,11,38,19241108,1800,,TS,19.6N,76.3W,40,,,,,,,,,,,,,
AL,UNNAMED,1924,11,38,19241109,0,,TS,20.2N,76.2W,40,,,,,,,,,,,,,
AL,UNNAMED,1924,11,38,19241109,600,,TS,20.6N,76.1W,35,,,,,,,,,,,,,
AL,UNNAMED,1924,11,38,19241109,1200,,TS,21.0N,76.0W,35,,,,,,,,,,,,,
AL,UNNAMED,1924,11,38,19241109,1800,,TS,21.3N,76.0W,40,,,,,,,,,,,,,
AL,UNNAMED,1924,11,38,19241110,0,,TS,21.6N,75.9W,50,,,,,,,,,,,,,
AL,UNNAMED,1924,11,38,19241110,600,,TS,21.8N,75.8W,60,,,,,,,,,,,,,
AL,UNNAMED,1924,11,38,19241110,1200,,HU,22.1N,75.5W,65,,,,,,,,,,,,,
AL,UNNAMED,1924,11,38,19241110,1800,,HU,22.6N,74.7W,70,,,,,,,,,,,,,
AL,UNNAMED,1924,11,38,19241111,0,,HU,23.4N,73.2W,70,,,,,,,,,,,,,
AL,UNNAMED,1924,11,38,19241111,600,,HU,24.3N,71.2W,70,,,,,,,,,,,,,
AL,UNNAMED,1924,11,38,19241111,1200,,HU,25.2N,69.5W,70,,,,,,,,,,,,,
AL,UNNAMED,1924,11,38,19241111,1800,,HU,25.8N,68.0W,70,,,,,,,,,,,,,
AL,UNNAMED,1924,11,38,19241112,0,,HU,26.2N,66.5W,70,,,,,,,,,,,,,
AL,UNNAMED,1924,11,38,19241112,600,,HU,26.5N,65.7W,70,,,,,,,,,,,,,
AL,UNNAMED,1924,11,38,19241112,1200,,HU,27.0N,65.1W,70,,,,,,,,,,,,,
AL,UNNAMED,1924,11,38,19241112,1800,,HU,27.7N,64.5W,70,,,,,,,,,,,,,
AL,UNNAMED,1924,11,38,19241113,0,,HU,28.6N,63.7W,65,,,,,,,,,,,,,
AL,UNNAMED,1924,11,38,19241113,600,,HU,29.5N,62.5W,65,,,,,,,,,,,,,
AL,UNNAMED,1924,11,38,19241113,1200,,TS,30.5N,61.5W,60,,,,,,,,,,,,,
AL,UNNAMED,1924,11,38,19241113,1800,,TS,31.5N,61.1W,55,,,,,,,,,,,,,
AL,UNNAMED,1924,11,38,19241114,0,,TS,32.6N,61.0W,50,,,,,,,,,,,,,
AL,UNNAMED,1924,11,38,19241114,600,,TS,33.8N,61.0W,45,,,,,,,,,,,,,
AL,UNNAMED,1924,11,38,19241114,1200,,TS,35.0N,61.0W,40,,,,,,,,,,,,,
AL,UNNAMED,1924,11,38,19241114,1800,,EX,36.5N,61.0W,40,,,,,,,,,,,,,
AL,UNNAMED,1925,1,14,19250818,0,,TD,29.0N,75.5W,25,,,,,,,,,,,,,
AL,UNNAMED,1925,1,14,19250818,600,,TD,29.5N,74.8W,25,,,,,,,,,,,,,
AL,UNNAMED,1925,1,14,19250818,1200,,TD,30.0N,74.0W,30,,,,,,,,,,,,,
AL,UNNAMED,1925,1,14,19250818,1800,,TS,30.5N,73.2W,35,,,,,,,,,,,,,
AL,UNNAMED,1925,1,14,19250819,0,,TS,31.0N,72.3W,40,,,,,,,,,,,,,
AL,UNNAMED,1925,1,14,19250819,600,,TS,31.5N,71.4W,45,,,,,,,,,,,,,
AL,UNNAMED,1925,1,14,19250819,1200,,TS,32.0N,70.5W,50,,,,,,,,,,,,,
AL,UNNAMED,1925,1,14,19250819,1800,,TS,32.8N,69.3W,55,,,,,,,,,,,,,
AL,UNNAMED,1925,1,14,19250820,0,,TS,33.9N,67.6W,60,,,,,,,,,,,,,
AL,UNNAMED,1925,1,14,19250820,600,,HU,35.2N,65.1W,70,,,,,,,,,,,,,
AL,UNNAMED,1925,1,14,19250820,1200,,HU,36.5N,61.5W,70,,,,,,,,,,,,,
AL,UNNAMED,1925,1,14,19250820,1800,,HU,37.8N,58.5W,70,,,,,,,,,,,,,
AL,UNNAMED,1925,1,14,19250821,0,,HU,39.1N,56.5W,65,,,,,,,,,,,,,
AL,UNNAMED,1925,1,14,19250821,600,,EX,40.5N,55.5W,60,,,,,,,,,,,,,
AL,UNNAMED,1925,2,11,19250825,1200,,TD,30.0N,78.0W,25,,,,,,,,,,,,,
AL,UNNAMED,1925,2,11,19250825,1800,,TD,30.6N,77.7W,30,,,,,,,,,,,,,
AL,UNNAMED,1925,2,11,19250826,0,,TD,31.2N,77.4W,30,,,,,,,,,,,,,
AL,UNNAMED,1925,2,11,19250826,600,,TS,31.8N,77.0W,35,,,,,,,,,,,,,
AL,UNNAMED,1925,2,11,19250826,1200,,TS,32.5N,76.5W,35,,,,,,,,,,,,,
AL,UNNAMED,1925,2,11,19250826,1800,,TS,33.2N,75.6W,35,,,,,,,,,,,,,
AL,UNNAMED,1925,2,11,19250827,0,,TS,33.8N,74.2W,35,,,,,,,,,,,,,
AL,UNNAMED,1925,2,11,19250827,600,,TS,34.4N,72.3W,35,,,,,,,,,,,,,
AL,UNNAMED,1925,2,11,19250827,1200,,TS,35.0N,70.0W,35,,,,,,,,,,,,,
AL,UNNAMED,1925,2,11,19250827,1800,,TS,35.5N,67.5W,35,,,,,,,,,,,,,
AL,UNNAMED,1925,2,11,19250828,0,,EX,36.0N,64.5W,30,,,,,,,,,,,,,
AL,UNNAMED,1925,3,8,19250906,0,,TD,22.0N,93.2W,30,,,,,,,,,,,,,
AL,UNNAMED,1925,3,8,19250906,600,,TS,22.7N,94.2W,35,,,,,,,,,,,,,
AL,UNNAMED,1925,3,8,19250906,1200,,TS,23.5N,95.2W,40,,,,,,,,,,,,,
AL,UNNAMED,1925,3,8,19250906,1800,,TS,24.3N,96.2W,45,,,,,,,,,,,,,
AL,UNNAMED,1925,3,8,19250907,0,,TS,25.1N,97.3W,45,,,,,,,,,,,,,
AL,UNNAMED,1925,3,8,19250907,600,,TS,25.9N,98.3W,40,,,,,,,,,,,,,
AL,UNNAMED,1925,3,8,19250907,1200,,TS,26.7N,99.3W,35,,,,,,,,,,,,,
AL,UNNAMED,1925,3,8,19250907,1800,,TD,27.7N,100.0W,30,,,,,,,,,,,,,
AL,UNNAMED,1925,4,36,19251127,0,,TD,20.2N,85.9W,30,,,,,,,,,,,,,
AL,UNNAMED,1925,4,36,19251127,600,,TD,20.1N,85.8W,30,,,,,,,,,,,,,
AL,UNNAMED,1925,4,36,19251127,1200,,TS,20.0N,85.7W,35,,,,,,,,,,,,,
AL,UNNAMED,1925,4,36,19251127,1800,,TS,19.9N,85.6W,35,,,,,,,,,,,,,
AL,UNNAMED,1925,4,36,19251128,0,,TS,19.8N,85.4W,35,,,,,,,,,,,,,
AL,UNNAMED,1925,4,36,19251128,600,,TS,19.7N,85.2W,35,,,,,,,,,,,,,
AL,UNNAMED,1925,4,36,19251128,1200,,TS,19.5N,85.0W,35,,,,,,,,,,,,,
AL,UNNAMED,1925,4,36,19251128,1800,,TS,19.3N,84.7W,35,,,,,,,,,,,,,
AL,UNNAMED,1925,4,36,19251129,0,,TS,19.1N,84.2W,35,,,,,,,,,,,,,
AL,UNNAMED,1925,4,36,19251129,600,,TS,19.0N,83.7W,35,,,,,,,,,,,,,
AL,UNNAMED,1925,4,36,19251129,1200,,TS,19.0N,83.5W,35,,,,,,,,,,,,,
AL,UNNAMED,1925,4,36,19251129,1800,,TS,19.3N,83.7W,35,,,,,,,,,,,,,
AL,UNNAMED,1925,4,36,19251130,0,,TS,19.9N,84.1W,35,,,,,,,,,,,,,
AL,UNNAMED,1925,4,36,19251130,600,,TS,20.8N,84.6W,35,,,,,,,,,,,,,
AL,UNNAMED,1925,4,36,19251130,1200,,TS,22.0N,84.7W,40,,,,,,,,,,,,,
AL,UNNAMED,1925,4,36,19251130,1800,,TS,23.6N,84.2W,45,,,,,,,,,,,,,
AL,UNNAMED,1925,4,36,19251201,0,,TS,25.6N,82.8W,55,,,,,,,,,,,,,
AL,UNNAMED,1925,4,36,19251201,300,L,TS,26.3N,81.9W,55,,,,,,,,,,,,,
AL,UNNAMED,1925,4,36,19251201,600,,EX,27.3N,81.1W,50,,,,,,,,,,,,,
AL,UNNAMED,1925,4,36,19251201,1200,,EX,28.7N,80.1W,60,,,,,,,,,,,,,
AL,UNNAMED,1925,4,36,19251201,1800,,EX,30.0N,79.5W,70,,,,,,,,,,,,,
AL,UNNAMED,1925,4,36,19251202,0,,EX,31.0N,78.7W,80,,,,,,,,,,,,,
AL,UNNAMED,1925,4,36,19251202,600,,EX,32.0N,78.1W,75,,,,,,,,,,,,,
AL,UNNAMED,1925,4,36,19251202,1200,,EX,33.3N,77.5W,70,,,,,,,,,,,,,
AL,UNNAMED,1925,4,36,19251202,1800,,EX,34.4N,76.9W,65,980,,,,,,,,,,,,
AL,UNNAMED,1925,4,36,19251203,0,,EX,35.5N,76.2W,60,,,,,,,,,,,,,
AL,UNNAMED,1925,4,36,19251203,600,,EX,36.5N,75.4W,60,,,,,,,,,,,,,
AL,UNNAMED,1925,4,36,19251203,1200,,EX,37.2N,74.5W,55,,,,,,,,,,,,,
AL,UNNAMED,1925,4,36,19251203,1800,,EX,37.7N,73.5W,55,,,,,,,,,,,,,
AL,UNNAMED,1925,4,36,19251204,0,,EX,37.9N,72.4W,50,,,,,,,,,,,,,
AL,UNNAMED,1925,4,36,19251204,600,,EX,37.8N,71.2W,50,,,,,,,,,,,,,
AL,UNNAMED,1925,4,36,19251204,1200,,EX,37.6N,70.0W,45,,,,,,,,,,,,,
AL,UNNAMED,1925,4,36,19251204,1800,,EX,37.2N,69.0W,45,,,,,,,,,,,,,
AL,UNNAMED,1925,4,36,19251205,0,,EX,36.8N,68.2W,40,,,,,,,,,,,,,
AL,UNNAMED,1925,4,36,19251205,600,,EX,36.4N,67.7W,35,,,,,,,,,,,,,
AL,UNNAMED,1925,4,36,19251205,1200,,EX,36.0N,67.5W,30,,,,,,,,,,,,,
AL,UNNAMED,1926,1,47,19260722,600,,TS,12.8N,56.5W,35,,,,,,,,,,,,,
AL,UNNAMED,1926,1,47,19260722,1200,,TS,13.5N,58.0W,40,,,,,,,,,,,,,
AL,UNNAMED,1926,1,47,19260722,1800,,TS,14.2N,59.6W,50,,,,,,,,,,,,,
AL,UNNAMED,1926,1,47,19260723,0,,TS,14.9N,61.3W,60,,,,,,,,,,,,,
AL,UNNAMED,1926,1,47,19260723,600,,HU,15.6N,62.9W,70,,,,,,,,,,,,,
AL,UNNAMED,1926,1,47,19260723,1200,,HU,16.3N,64.5W,80,,,,,,,,,,,,,
AL,UNNAMED,1926,1,47,19260723,1800,,HU,17.1N,65.8W,90,,,,,,,,,,,,,
AL,UNNAMED,1926,1,47,19260724,0,,HU,17.9N,67.1W,90,,,,,,,,,,,,,
AL,UNNAMED,1926,1,47,19260724,600,,HU,18.7N,68.2W,85,,,,,,,,,,,,,
AL,UNNAMED,1926,1,47,19260724,1200,,HU,19.5N,69.3W,80,,,,,,,,,,,,,
AL,UNNAMED,1926,1,47,19260724,1800,,HU,20.2N,70.3W,75,,,,,,,,,,,,,
AL,UNNAMED,1926,1,47,19260725,0,,HU,21.0N,71.3W,85,,,,,,,,,,,,,
AL,UNNAMED,1926,1,47,19260725,600,,HU,21.8N,72.4W,95,,,,,,,,,,,,,
AL,UNNAMED,1926,1,47,19260725,1200,,HU,22.5N,73.5W,105,,,,,,,,,,,,,
AL,UNNAMED,1926,1,47,19260725,1800,,HU,23.1N,74.4W,115,,,,,,,,,,,,,
AL,UNNAMED,1926,1,47,19260726,0,,HU,23.7N,75.3W,120,,,,,,,,,,,,,
AL,UNNAMED,1926,1,47,19260726,600,,HU,24.3N,76.2W,120,,,,,,,,,,,,,
AL,UNNAMED,1926,1,47,19260726,1200,,HU,24.8N,77.0W,115,,,,,,,,,,,,,
AL,UNNAMED,1926,1,47,19260726,1800,,HU,25.2N,77.6W,110,,,,,,,,,,,,,
AL,UNNAMED,1926,1,47,19260727,0,,HU,25.6N,78.1W,105,,,,,,,,,,,,,
AL,UNNAMED,1926,1,47,19260727,600,,HU,25.9N,78.5W,95,,,,,,,,,,,,,
AL,UNNAMED,1926,1,47,19260727,1200,,HU,26.3N,79.0W,95,,,,,,,,,,,,,
AL,UNNAMED,1926,1,47,19260727,1800,,HU,26.9N,79.5W,95,,,,,,,,,,,,,
AL,UNNAMED,1926,1,47,19260728,0,,HU,27.7N,80.0W,90,,,,,,,,,,,,,
AL,UNNAMED,1926,1,47,19260728,600,,HU,28.5N,80.5W,90,967,,,,,,,,,,,,
AL,UNNAMED,1926,1,47,19260728,1000,L,HU,29.0N,80.8W,90,967,,,,,,,,,,,,
AL,UNNAMED,1926,1,47,19260728,1200,,HU,29.2N,81.1W,75,,,,,,,,,,,,,
AL,UNNAMED,1926,1,47,19260728,1800,,TS,29.8N,81.8W,55,,,,,,,,,,,,,
AL,UNNAMED,1926,1,47,19260729,0,,TS,30.5N,82.6W,50,,,,,,,,,,,,,
AL,UNNAMED,1926,1,47,19260729,600,,TS,31.3N,83.5W,40,,,,,,,,,,,,,
AL,UNNAMED,1926,1,47,19260729,1200,,TS,32.0N,84.5W,35,,,,,,,,,,,,,
AL,UNNAMED,1926,1,47,19260729,1800,,TD,32.4N,85.5W,30,,,,,,,,,,,,,
AL,UNNAMED,1926,1,47,19260730,0,,TD,32.7N,86.6W,30,,,,,,,,,,,,,
AL,UNNAMED,1926,1,47,19260730,600,,TD,32.9N,87.8W,25,,,,,,,,,,,,,
AL,UNNAMED,1926,1,47,19260730,1200,,TD,33.0N,88.8W,25,,,,,,,,,,,,,
AL,UNNAMED,1926,1,47,19260730,1800,,TD,33.2N,89.6W,25,,,,,,,,,,,,,
AL,UNNAMED,1926,1,47,19260731,0,,TD,33.5N,90.1W,25,,,,,,,,,,,,,
AL,UNNAMED,1926,1,47,19260731,600,,TD,33.9N,90.4W,25,,,,,,,,,,,,,
AL,UNNAMED,1926,1,47,19260731,1200,,TD,34.5N,90.5W,25,,,,,,,,,,,,,
AL,UNNAMED,1926,1,47,19260731,1800,,TD,35.5N,90.0W,25,,,,,,,,,,,,,
AL,UNNAMED,1926,1,47,19260801,0,,EX,37.0N,88.7W,25,,,,,,,,,,,,,
AL,UNNAMED,1926,1,47,19260801,600,,EX,38.4N,87.1W,25,,,,,,,,,,,,,
AL,UNNAMED,1926,1,47,19260801,1200,,EX,39.5N,85.5W,25,,,,,,,,,,,,,
AL,UNNAMED,1926,1,47,19260801,1800,,EX,40.6N,83.9W,25,,,,,,,,,,,,,
AL,UNNAMED,1926,1,47,19260802,0,,EX,41.8N,82.2W,25,,,,,,,,,,,,,
AL,UNNAMED,1926,1,47,19260802,600,,EX,42.9N,80.6W,25,,,,,,,,,,,,,
AL,UNNAMED,1926,1,47,19260802,1200,,EX,44.0N,78.8W,25,,,,,,,,,,,,,
AL,UNNAMED,1926,2,42,19260729,1200,,TD,16.0N,46.0W,25,,,,,,,,,,,,,
AL,UNNAMED,1926,2,42,19260729,1800,,TD,16.1N,47.0W,25,,,,,,,,,,,,,
AL,UNNAMED,1926,2,42,19260730,0,,TD,16.2N,48.0W,30,,,,,,,,,,,,,
AL,UNNAMED,1926,2,42,19260730,600,,TD,16.3N,49.0W,30,,,,,,,,,,,,,
AL,UNNAMED,1926,2,42,19260730,1200,,TD,16.5N,50.0W,30,,,,,,,,,,,,,
AL,UNNAMED,1926,2,42,19260730,1800,,TD,16.7N,50.9W,30,,,,,,,,,,,,,
AL,UNNAMED,1926,2,42,19260731,0,,TS,16.9N,51.8W,35,,,,,,,,,,,,,
AL,UNNAMED,1926,2,42,19260731,600,,TS,17.2N,52.7W,35,,,,,,,,,,,,,
AL,UNNAMED,1926,2,42,19260731,1200,,TS,17.5N,53.5W,35,,,,,,,,,,,,,
AL,UNNAMED,1926,2,42,19260731,1800,,TS,18.1N,54.4W,40,,,,,,,,,,,,,
AL,UNNAMED,1926,2,42,19260801,0,,TS,19.0N,55.3W,45,,,,,,,,,,,,,
AL,UNNAMED,1926,2,42,19260801,600,,TS,20.0N,56.2W,50,,,,,,,,,,,,,
AL,UNNAMED,1926,2,42,19260801,1200,,TS,21.0N,57.0W,60,,,,,,,,,,,,,
AL,UNNAMED,1926,2,42,19260801,1800,,HU,22.1N,57.6W,70,,,,,,,,,,,,,
AL,UNNAMED,1926,2,42,19260802,0,,HU,23.1N,58.2W,80,,,,,,,,,,,,,
AL,UNNAMED,1926,2,42,19260802,600,,HU,24.1N,58.7W,90,,,,,,,,,,,,,
AL,UNNAMED,1926,2,42,19260802,1200,,HU,25.1N,59.2W,100,,,,,,,,,,,,,
AL,UNNAMED,1926,2,42,19260802,1800,,HU,25.7N,59.7W,100,,,,,,,,,,,,,
AL,UNNAMED,1926,2,42,19260803,0,,HU,26.1N,60.2W,100,,,,,,,,,,,,,
AL,UNNAMED,1926,2,42,19260803,600,,HU,26.3N,60.6W,100,,,,,,,,,,,,,
AL,UNNAMED,1926,2,42,19260803,1200,,HU,26.5N,61.0W,100,,,,,,,,,,,,,
AL,UNNAMED,1926,2,42,19260803,1800,,HU,26.6N,61.2W,100,,,,,,,,,,,,,
AL,UNNAMED,1926,2,42,19260804,0,,HU,26.7N,61.3W,100,,,,,,,,,,,,,
AL,UNNAMED,1926,2,42,19260804,600,,HU,26.8N,61.4W,100,,,,,,,,,,,,,
AL,UNNAMED,1926,2,42,19260804,1200,,HU,27.0N,61.5W,100,,,,,,,,,,,,,
AL,UNNAMED,1926,2,42,19260804,1800,,HU,27.3N,61.8W,100,,,,,,,,,,,,,
AL,UNNAMED,1926,2,42,19260805,0,,HU,27.7N,62.2W,100,,,,,,,,,,,,,
AL,UNNAMED,1926,2,42,19260805,600,,HU,28.1N,62.6W,105,,,,,,,,,,,,,
AL,UNNAMED,1926,2,42,19260805,1200,,HU,28.5N,63.0W,105,,,,,,,,,,,,,
AL,UNNAMED,1926,2,42,19260805,1800,,HU,28.9N,63.5W,105,,,,,,,,,,,,,
AL,UNNAMED,1926,2,42,19260806,0,,HU,29.3N,64.1W,105,,,,,,,,,,,,,
AL,UNNAMED,1926,2,42,19260806,600,,HU,29.8N,64.8W,100,,,,,,,,,,,,,
AL,UNNAMED,1926,2,42,19260806,1200,,HU,30.5N,65.5W,95,,,,,,,,,,,,,
AL,UNNAMED,1926,2,42,19260806,1800,,HU,31.7N,66.0W,95,,,,,,,,,,,,,
AL,UNNAMED,1926,2,42,19260807,0,,HU,33.5N,66.1W,90,,,,,,,,,,,,,
AL,UNNAMED,1926,2,42,19260807,600,,HU,35.5N,66.2W,90,,,,,,,,,,,,,
AL,UNNAMED,1926,2,42,19260807,1200,,HU,37.7N,66.2W,85,,,,,,,,,,,,,
AL,UNNAMED,1926,2,42,19260807,1800,,HU,39.6N,65.6W,85,,,,,,,,,,,,,
AL,UNNAMED,1926,2,42,19260808,0,,HU,41.6N,64.5W,80,,,,,,,,,,,,,
AL,UNNAMED,1926,2,42,19260808,600,,EX,43.6N,62.9W,70,,,,,,,,,,,,,
AL,UNNAMED,1926,2,42,19260808,1200,,EX,45.8N,61.0W,65,,,,,,,,,,,,,
AL,UNNAMED,1926,2,42,19260808,1800,,EX,48.0N,59.0W,55,,,,,,,,,,,,,
AL,UNNAMED,1926,3,31,19260820,1200,,TD,12.5N,75.5W,25,,,,,,,,,,,,,
AL,UNNAMED,1926,3,31,19260820,1800,,TD,13.5N,77.0W,25,,,,,,,,,,,,,
AL,UNNAMED,1926,3,31,19260821,0,,TD,14.5N,78.5W,30,,,,,,,,,,,,,
AL,UNNAMED,1926,3,31,19260821,600,,TD,15.5N,80.0W,30,,,,,,,,,,,,,
AL,UNNAMED,1926,3,31,19260821,1200,,TS,16.5N,81.5W,35,,,,,,,,,,,,,
AL,UNNAMED,1926,3,31,19260821,1800,,TS,17.7N,82.5W,40,,,,,,,,,,,,,
AL,UNNAMED,1926,3,31,19260822,0,,TS,19.1N,83.3W,45,,,,,,,,,,,,,
AL,UNNAMED,1926,3,31,19260822,600,,TS,20.4N,84.1W,50,,,,,,,,,,,,,
AL,UNNAMED,1926,3,31,19260822,1200,,TS,21.5N,85.0W,55,,,,,,,,,,,,,
AL,UNNAMED,1926,3,31,19260822,1800,,TS,22.2N,86.0W,60,,,,,,,,,,,,,
AL,UNNAMED,1926,3,31,19260823,0,,HU,22.7N,87.0W,65,,,,,,,,,,,,,
AL,UNNAMED,1926,3,31,19260823,600,,HU,23.0N,88.0W,65,,,,,,,,,,,,,
AL,UNNAMED,1926,3,31,19260823,1200,,HU,23.5N,88.8W,70,,,,,,,,,,,,,
AL,UNNAMED,1926,3,31,19260823,1800,,HU,24.1N,89.5W,75,,,,,,,,,,,,,
AL,UNNAMED,1926,3,31,19260824,0,,HU,24.8N,90.1W,80,,,,,,,,,,,,,
AL,UNNAMED,1926,3,31,19260824,600,,HU,25.4N,90.6W,85,,,,,,,,,,,,,
AL,UNNAMED,1926,3,31,19260824,1200,,HU,26.0N,90.8W,85,,,,,,,,,,,,,
AL,UNNAMED,1926,3,31,19260824,1800,,HU,26.4N,90.8W,95,,,,,,,,,,,,,
AL,UNNAMED,1926,3,31,19260825,0,,HU,26.8N,90.8W,100,,,,,,,,,,,,,
AL,UNNAMED,1926,3,31,19260825,600,,HU,27.2N,90.8W,100,,,,,,,,,,,,,
AL,UNNAMED,1926,3,31,19260825,1200,,HU,27.7N,90.8W,100,,,,,,,,,,,,,
AL,UNNAMED,1926,3,31,19260825,1800,,HU,28.5N,90.8W,100,,,,,,,,,,,,,
AL,UNNAMED,1926,3,31,19260825,2300,L,HU,29.2N,90.9W,100,955,,,,,,,,,,,,
AL,UNNAMED,1926,3,31,19260826,0,,HU,29.3N,90.9W,95,955,,,,,,,,,,,,
AL,UNNAMED,1926,3,31,19260826,600,,HU,29.9N,91.0W,70,986,,,,,,,,,,,,
AL,UNNAMED,1926,3,31,19260826,1200,,TS,30.4N,91.3W,55,,,,,,,,,,,,,
AL,UNNAMED,1926,3,31,19260826,1800,,TS,30.7N,91.8W,45,,,,,,,,,,,,,
AL,UNNAMED,1926,3,31,19260827,0,,TS,30.8N,92.8W,35,,,,,,,,,,,,,
AL,UNNAMED,1926,3,31,19260827,600,,TD,31.0N,94.0W,30,,,,,,,,,,,,,
AL,UNNAMED,1926,3,31,19260827,1200,,TD,31.5N,95.5W,25,,,,,,,,,,,,,
AL,UNNAMED,1926,3,31,19260827,1800,,TD,32.0N,97.0W,20,,,,,,,,,,,,,
AL,UNNAMED,1926,4,95,19260901,0,,TD,13.8N,41.2W,30,,,,,,,,,,,,,
AL,UNNAMED,1926,4,95,19260901,600,,TD,13.9N,41.9W,30,,,,,,,,,,,,,
AL,UNNAMED,1926,4,95,19260901,1200,,TD,14.0N,42.5W,30,,,,,,,,,,,,,
AL,UNNAMED,1926,4,95,19260901,1800,,TD,14.1N,43.1W,30,,,,,,,,,,,,,
AL,UNNAMED,1926,4,95,19260902,0,,TS,14.2N,43.7W,35,,,,,,,,,,,,,
AL,UNNAMED,1926,4,95,19260902,600,,TS,14.3N,44.3W,35,,,,,,,,,,,,,
AL,UNNAMED,1926,4,95,19260902,1200,,TS,14.5N,44.9W,40,,,,,,,,,,,,,
AL,UNNAMED,1926,4,95,19260902,1800,,TS,14.6N,45.4W,40,,,,,,,,,,,,,
AL,UNNAMED,1926,4,95,19260903,0,,TS,14.8N,45.8W,40,,,,,,,,,,,,,
AL,UNNAMED,1926,4,95,19260903,600,,TS,14.9N,46.2W,45,,,,,,,,,,,,,
AL,UNNAMED,1926,4,95,19260903,1200,,TS,15.0N,46.7W,45,,,,,,,,,,,,,
AL,UNNAMED,1926,4,95,19260903,1800,,TS,15.1N,47.1W,50,,,,,,,,,,,,,
AL,UNNAMED,1926,4,95,19260904,0,,TS,15.2N,47.6W,50,,,,,,,,,,,,,
AL,UNNAMED,1926,4,95,19260904,600,,TS,15.3N,48.0W,55,,,,,,,,,,,,,
AL,UNNAMED,1926,4,95,19260904,1200,,TS,15.5N,48.6W,55,,,,,,,,,,,,,
AL,UNNAMED,1926,4,95,19260904,1800,,TS,15.7N,49.3W,60,,,,,,,,,,,,,
AL,UNNAMED,1926,4,95,19260905,0,,HU,15.9N,50.0W,65,,,,,,,,,,,,,
AL,UNNAMED,1926,4,95,19260905,600,,HU,16.1N,50.7W,70,,,,,,,,,,,,,
AL,UNNAMED,1926,4,95,19260905,1200,,HU,16.4N,51.5W,70,,,,,,,,,,,,,
AL,UNNAMED,1926,4,95,19260905,1800,,HU,16.7N,52.2W,75,,,,,,,,,,,,,
AL,UNNAMED,1926,4,95,19260906,0,,HU,17.2N,53.0W,80,,,,,,,,,,,,,
AL,UNNAMED,1926,4,95,19260906,600,,HU,17.6N,53.7W,80,,,,,,,,,,,,,
AL,UNNAMED,1926,4,95,19260906,1200,,HU,18.2N,54.5W,85,,,,,,,,,,,,,
AL,UNNAMED,1926,4,95,19260906,1800,,HU,18.8N,55.3W,85,,,,,,,,,,,,,
AL,UNNAMED,1926,4,95,19260907,0,,HU,19.5N,56.2W,85,,,,,,,,,,,,,
AL,UNNAMED,1926,4,95,19260907,600,,HU,20.2N,57.1W,90,,,,,,,,,,,,,
AL,UNNAMED,1926,4,95,19260907,1200,,HU,20.8N,58.0W,95,,,,,,,,,,,,,
AL,UNNAMED,1926,4,95,19260907,1800,,HU,21.5N,58.8W,100,,,,,,,,,,,,,
AL,UNNAMED,1926,4,95,19260908,0,,HU,22.2N,59.5W,105,,,,,,,,,,,,,
AL,UNNAMED,1926,4,95,19260908,600,,HU,23.0N,60.2W,105,957,,,,,,,,,,,,
AL,UNNAMED,1926,4,95,19260908,1200,,HU,23.6N,61.0W,105,,,,,,,,,,,,,
AL,UNNAMED,1926,4,95,19260908,1800,,HU,24.0N,61.8W,105,,,,,,,,,,,,,
AL,UNNAMED,1926,4,95,19260909,0,,HU,24.2N,62.6W,105,,,,,,,,,,,,,
AL,UNNAMED,1926,4,95,19260909,600,,HU,24.3N,63.4W,105,,,,,,,,,,,,,
AL,UNNAMED,1926,4,95,19260909,1200,,HU,24.4N,64.0W,105,,,,,,,,,,,,,
AL,UNNAMED,1926,4,95,19260909,1800,,HU,24.7N,64.5W,105,,,,,,,,,,,,,
AL,UNNAMED,1926,4,95,19260910,0,,HU,25.0N,65.0W,105,,,,,,,,,,,,,
AL,UNNAMED,1926,4,95,19260910,600,,HU,25.3N,65.5W,105,,,,,,,,,,,,,
AL,UNNAMED,1926,4,95,19260910,1200,,HU,25.6N,66.0W,105,,,,,,,,,,,,,
AL,UNNAMED,1926,4,95,19260910,1800,,HU,26.0N,66.2W,105,,,,,,,,,,,,,
AL,UNNAMED,1926,4,95,19260911,0,,HU,26.6N,66.3W,110,,,,,,,,,,,,,
AL,UNNAMED,1926,4,95,19260911,600,,HU,27.3N,66.4W,110,,,,,,,,,,,,,
AL,UNNAMED,1926,4,95,19260911,1200,,HU,28.0N,66.5W,110,,,,,,,,,,,,,
AL,UNNAMED,1926,4,95,19260911,1800,,HU,28.6N,66.7W,110,,,,,,,,,,,,,
AL,UNNAMED,1926,4,95,19260912,0,,HU,29.0N,67.0W,110,,,,,,,,,,,,,
AL,UNNAMED,1926,4,95,19260912,600,,HU,29.3N,67.3W,110,,,,,,,,,,,,,
AL,UNNAMED,1926,4,95,19260912,1200,,HU,29.5N,67.5W,115,,,,,,,,,,,,,
AL,UNNAMED,1926,4,95,19260912,1800,,HU,29.8N,67.7W,115,,,,,,,,,,,,,
AL,UNNAMED,1926,4,95,19260913,0,,HU,30.0N,67.8W,110,,,,,,,,,,,,,
AL,UNNAMED,1926,4,95,19260913,600,,HU,30.3N,67.9W,110,,,,,,,,,,,,,
AL,UNNAMED,1926,4,95,19260913,1200,,HU,30.5N,68.0W,105,,,,,,,,,,,,,
AL,UNNAMED,1926,4,95,19260913,1800,,HU,30.7N,68.1W,105,,,,,,,,,,,,,
AL,UNNAMED,1926,4,95,19260914,0,,HU,30.9N,68.2W,100,,,,,,,,,,,,,
AL,UNNAMED,1926,4,95,19260914,600,,HU,31.1N,68.3W,100,,,,,,,,,,,,,
AL,UNNAMED,1926,4,95,19260914,1200,,HU,31.3N,68.5W,95,,,,,,,,,,,,,
AL,UNNAMED,1926,4,95,19260914,1800,,HU,31.5N,69.0W,95,,,,,,,,,,,,,
AL,UNNAMED,1926,4,95,19260915,0,,HU,31.7N,69.7W,95,,,,,,,,,,,,,
AL,UNNAMED,1926,4,95,19260915,600,,HU,32.0N,70.4W,95,,,,,,,,,,,,,
AL,UNNAMED,1926,4,95,19260915,1200,,HU,32.5N,71.0W,95,,,,,,,,,,,,,
AL,UNNAMED,1926,4,95,19260915,1800,,HU,33.2N,71.2W,95,,,,,,,,,,,,,
AL,UNNAMED,1926,4,95,19260916,0,,HU,34.0N,71.3W,90,,,,,,,,,,,,,
AL,UNNAMED,1926,4,95,19260916,600,,HU,34.9N,71.2W,90,,,,,,,,,,,,,
AL,UNNAMED,1926,4,95,19260916,1200,,HU,35.8N,70.9W,90,,,,,,,,,,,,,
AL,UNNAMED,1926,4,95,19260916,1800,,HU,36.8N,69.6W,90,,,,,,,,,,,,,
AL,UNNAMED,1926,4,95,19260917,0,,HU,37.8N,68.0W,90,,,,,,,,,,,,,
AL,UNNAMED,1926,4,95,19260917,600,,HU,38.8N,66.3W,90,,,,,,,,,,,,,
AL,UNNAMED,1926,4,95,19260917,1200,,HU,39.6N,64.5W,90,,,,,,,,,,,,,
AL,UNNAMED,1926,4,95,19260917,1800,,HU,39.9N,63.0W,90,,,,,,,,,,,,,
AL,UNNAMED,1926,4,95,19260918,0,,HU,39.7N,61.7W,85,,,,,,,,,,,,,
AL,UNNAMED,1926,4,95,19260918,600,,HU,39.4N,60.7W,85,,,,,,,,,,,,,
AL,UNNAMED,1926,4,95,19260918,1200,,HU,39.0N,60.3W,85,,,,,,,,,,,,,
AL,UNNAMED,1926,4,95,19260918,1800,,HU,38.8N,60.0W,85,,,,,,,,,,,,,
AL,UNNAMED,1926,4,95,19260919,0,,HU,38.7N,60.1W,80,,,,,,,,,,,,,
AL,UNNAMED,1926,4,95,19260919,600,,HU,38.6N,60.5W,80,,,,,,,,,,,,,
AL,UNNAMED,1926,4,95,19260919,1200,,HU,38.5N,61.0W,75,,,,,,,,,,,,,
AL,UNNAMED,1926,4,95,19260919,1800,,HU,38.3N,61.6W,75,,,,,,,,,,,,,
AL,UNNAMED,1926,4,95,19260920,0,,HU,38.0N,62.2W,70,,,,,,,,,,,,,
AL,UNNAMED,1926,4,95,19260920,600,,HU,37.7N,62.7W,70,,,,,,,,,,,,,
AL,UNNAMED,1926,4,95,19260920,1200,,HU,37.5N,63.0W,65,,,,,,,,,,,,,
AL,UNNAMED,1926,4,95,19260920,1800,,HU,37.5N,62.8W,65,,,,,,,,,,,,,
AL,UNNAMED,1926,4,95,19260921,0,,TS,37.7N,61.8W,60,,,,,,,,,,,,,
AL,UNNAMED,1926,4,95,19260921,600,,TS,38.0N,60.7W,60,,,,,,,,,,,,,
AL,UNNAMED,1926,4,95,19260921,1200,,TS,38.5N,59.5W,60,,,,,,,,,,,,,
AL,UNNAMED,1926,4,95,19260921,1800,,TS,39.5N,58.4W,60,,,,,,,,,,,,,
AL,UNNAMED,1926,4,95,19260922,0,,EX,40.7N,57.3W,65,,,,,,,,,,,,,
AL,UNNAMED,1926,4,95,19260922,600,,EX,42.0N,56.2W,70,976,,,,,,,,,,,,
AL,UNNAMED,1926,4,95,19260922,1200,,EX,43.4N,55.2W,70,,,,,,,,,,,,,
AL,UNNAMED,1926,4,95,19260922,1800,,EX,44.7N,54.5W,70,,,,,,,,,,,,,
AL,UNNAMED,1926,4,95,19260923,0,,EX,46.0N,54.1W,55,,,,,,,,,,,,,
AL,UNNAMED,1926,4,95,19260923,600,,EX,47.3N,53.8W,50,,,,,,,,,,,,,
AL,UNNAMED,1926,4,95,19260923,1200,,EX,48.8N,53.2W,50,,,,,,,,,,,,,
AL,UNNAMED,1926,4,95,19260923,1800,,EX,50.7N,52.4W,50,,,,,,,,,,,,,
AL,UNNAMED,1926,4,95,19260924,0,,EX,52.9N,51.4W,50,,,,,,,,,,,,,
AL,UNNAMED,1926,4,95,19260924,600,,EX,55.4N,50.4W,45,,,,,,,,,,,,,
AL,UNNAMED,1926,4,95,19260924,1200,,EX,58.2N,49.2W,45,,,,,,,,,,,,,
AL,UNNAMED,1926,5,19,19260910,600,,TS,25.6N,54.3W,60,,,,,,,,,,,,,
AL,UNNAMED,1926,5,19,19260910,1200,,HU,26.0N,54.5W,65,,,,,,,,,,,,,
AL,UNNAMED,1926,5,19,19260910,1800,,HU,26.4N,54.7W,70,,,,,,,,,,,,,
AL,UNNAMED,1926,5,19,19260911,0,,HU,26.8N,54.9W,70,,,,,,,,,,,,,
AL,UNNAMED,1926,5,19,19260911,600,,HU,27.3N,55.0W,75,,,,,,,,,,,,,
AL,UNNAMED,1926,5,19,19260911,1200,,HU,27.9N,55.1W,75,,,,,,,,,,,,,
AL,UNNAMED,1926,5,19,19260911,1800,,HU,28.7N,55.2W,80,,,,,,,,,,,,,
AL,UNNAMED,1926,5,19,19260912,0,,HU,29.5N,55.3W,85,,,,,,,,,,,,,
AL,UNNAMED,1926,5,19,19260912,600,,HU,30.3N,55.3W,90,,,,,,,,,,,,,
AL,UNNAMED,1926,5,19,19260912,1200,,HU,31.0N,55.3W,90,,,,,,,,,,,,,
AL,UNNAMED,1926,5,19,19260912,1800,,HU,31.4N,55.2W,90,,,,,,,,,,,,,
AL,UNNAMED,1926,5,19,19260913,0,,HU,31.8N,55.0W,90,,,,,,,,,,,,,
AL,UNNAMED,1926,5,19,19260913,600,,HU,32.2N,54.8W,80,,,,,,,,,,,,,
AL,UNNAMED,1926,5,19,19260913,1200,,HU,32.5N,54.5W,80,,,,,,,,,,,,,
AL,UNNAMED,1926,5,19,19260913,1800,,HU,32.7N,54.1W,70,,,,,,,,,,,,,
AL,UNNAMED,1926,5,19,19260914,0,,TS,32.7N,53.7W,60,,,,,,,,,,,,,
AL,UNNAMED,1926,5,19,19260914,600,,TS,32.5N,53.2W,50,,,,,,,,,,,,,
AL,UNNAMED,1926,5,19,19260914,1200,,TS,32.1N,52.7W,40,,,,,,,,,,,,,
AL,UNNAMED,1926,5,19,19260914,1800,,TD,31.7N,52.2W,30,,,,,,,,,,,,,
AL,UNNAMED,1926,6,27,19260911,0,,TD,16.6N,81.7W,25,,,,,,,,,,,,,
AL,UNNAMED,1926,6,27,19260911,600,,TD,16.8N,81.8W,25,,,,,,,,,,,,,
AL,UNNAMED,1926,6,27,19260911,1200,,TD,17.0N,82.0W,30,,,,,,,,,,,,,
AL,UNNAMED,1926,6,27,19260911,1800,,TD,17.2N,82.5W,30,,,,,,,,,,,,,
AL,UNNAMED,1926,6,27,19260912,0,,TD,17.4N,83.0W,30,,,,,,,,,,,,,
AL,UNNAMED,1926,6,27,19260912,600,,TD,17.7N,83.5W,30,,,,,,,,,,,,,
AL,UNNAMED,1926,6,27,19260912,1200,,TD,18.0N,84.0W,30,,,,,,,,,,,,,
AL,UNNAMED,1926,6,27,19260912,1800,,TD,18.5N,84.1W,30,,,,,,,,,,,,,
AL,UNNAMED,1926,6,27,19260913,0,,TD,19.0N,84.0W,30,,,,,,,,,,,,,
AL,UNNAMED,1926,6,27,19260913,600,,TD,19.5N,83.8W,30,,,,,,,,,,,,,
AL,UNNAMED,1926,6,27,19260913,1200,,TD,20.0N,83.5W,30,,,,,,,,,,,,,
AL,UNNAMED,1926,6,27,19260913,1800,,TD,20.4N,83.1W,30,,,,,,,,,,,,,
AL,UNNAMED,1926,6,27,19260914,0,,TD,20.8N,82.6W,30,,,,,,,,,,,,,
AL,UNNAMED,1926,6,27,19260914,600,,TD,21.2N,81.9W,30,,,,,,,,,,,,,
AL,UNNAMED,1926,6,27,19260914,1200,,TD,21.5N,81.0W,30,,,,,,,,,,,,,
AL,UNNAMED,1926,6,27,19260914,1800,,TD,22.1N,80.0W,30,,,,,,,,,,,,,
AL,UNNAMED,1926,6,27,19260915,0,,TS,22.9N,79.0W,35,,,,,,,,,,,,,
AL,UNNAMED,1926,6,27,19260915,600,,TS,23.7N,78.0W,35,,,,,,,,,,,,,
AL,UNNAMED,1926,6,27,19260915,1200,,TS,24.5N,77.6W,35,,,,,,,,,,,,,
AL,UNNAMED,1926,6,27,19260915,1800,,TS,25.1N,77.6W,35,,,,,,,,,,,,,
AL,UNNAMED,1926,6,27,19260916,0,,TS,25.4N,78.0W,35,,,,,,,,,,,,,
AL,UNNAMED,1926,6,27,19260916,600,,TS,25.4N,78.5W,35,,,,,,,,,,,,,
AL,UNNAMED,1926,6,27,19260916,1200,,TS,25.2N,79.0W,35,,,,,,,,,,,,,
AL,UNNAMED,1926,6,27,19260916,1800,,TD,24.8N,79.5W,30,,,,,,,,,,,,,
AL,UNNAMED,1926,6,27,19260917,0,,TD,24.4N,80.0W,30,,,,,,,,,,,,,
AL,UNNAMED,1926,6,27,19260917,600,,TD,24.1N,80.5W,25,,,,,,,,,,,,,
AL,UNNAMED,1926,6,27,19260917,1200,,TD,23.7N,81.0W,25,,,,,,,,,,,,,
AL,UNNAMED,1926,7,46,19260911,1200,,TS,15.4N,46.0W,55,,,,,,,,,,,,,
AL,UNNAMED,1926,7,46,19260911,1800,,TS,15.7N,47.1W,60,,,,,,,,,,,,,
AL,UNNAMED,1926,7,46,19260912,0,,TS,16.1N,48.2W,60,,,,,,,,,,,,,
AL,UNNAMED,1926,7,46,19260912,600,,TS,16.4N,49.4W,60,,,,,,,,,,,,,
AL,UNNAMED,1926,7,46,19260912,1200,,HU,16.7N,50.6W,65,,,,,,,,,,,,,
AL,UNNAMED,1926,7,46,19260912,1800,,HU,17.0N,51.9W,70,,,,,,,,,,,,,
AL,UNNAMED,1926,7,46,19260913,0,,HU,17.3N,53.3W,70,,,,,,,,,,,,,
AL,UNNAMED,1926,7,46,19260913,600,,HU,17.5N,54.7W,75,,,,,,,,,,,,,
AL,UNNAMED,1926,7,46,19260913,1200,,HU,17.8N,56.0W,75,,,,,,,,,,,,,
AL,UNNAMED,1926,7,46,19260913,1800,,HU,18.1N,57.3W,80,,,,,,,,,,,,,
AL,UNNAMED,1926,7,46,19260914,0,,HU,18.4N,58.6W,85,,,,,,,,,,,,,
AL,UNNAMED,1926,7,46,19260914,600,,HU,18.8N,59.9W,85,,,,,,,,,,,,,
AL,UNNAMED,1926,7,46,19260914,1200,,HU,19.1N,61.1W,90,,,,,,,,,,,,,
AL,UNNAMED,1926,7,46,19260914,1800,,HU,19.4N,62.2W,90,,,,,,,,,,,,,
AL,UNNAMED,1926,7,46,19260915,0,,HU,19.6N,63.0W,95,,,,,,,,,,,,,
AL,UNNAMED,1926,7,46,19260915,600,,HU,19.8N,63.6W,100,,,,,,,,,,,,,
AL,UNNAMED,1926,7,46,19260915,1200,,HU,20.1N,64.2W,100,,,,,,,,,,,,,
AL,UNNAMED,1926,7,46,19260915,1800,,HU,20.5N,65.0W,105,,,,,,,,,,,,,
AL,UNNAMED,1926,7,46,19260916,0,,HU,20.7N,66.0W,110,,,,,,,,,,,,,
AL,UNNAMED,1926,7,46,19260916,600,,HU,20.9N,67.0W,120,,,,,,,,,,,,,
AL,UNNAMED,1926,7,46,19260916,1200,,HU,21.0N,68.0W,125,,,,,,,,,,,,,
AL,UNNAMED,1926,7,46,19260916,1800,,HU,21.3N,69.3W,130,,,,,,,,,,,,,
AL,UNNAMED,1926,7,46,19260917,0,,HU,21.7N,71.0W,130,,,,,,,,,,,,,
AL,UNNAMED,1926,7,46,19260917,600,,HU,22.1N,72.7W,130,,,,,,,,,,,,,
AL,UNNAMED,1926,7,46,19260917,1200,,HU,22.5N,74.3W,125,,,,,,,,,,,,,
AL,UNNAMED,1926,7,46,19260917,1800,,HU,23.2N,75.8W,125,,,,,,,,,,,,,
AL,UNNAMED,1926,7,46,19260918,0,,HU,24.2N,77.3W,125,,,,,,,,,,,,,
AL,UNNAMED,1926,7,46,19260918,600,,HU,25.0N,78.8W,125,,,,,,,,,,,,,
AL,UNNAMED,1926,7,46,19260918,1200,L,HU,25.6N,80.3W,125,930,,,,,,,,,,,,
AL,UNNAMED,1926,7,46,19260918,1800,,HU,26.2N,81.6W,90,950,,,,,,,,,,,,
AL,UNNAMED,1926,7,46,19260919,0,,HU,26.8N,82.5W,100,,,,,,,,,,,,,
AL,UNNAMED,1926,7,46,19260919,600,,HU,27.3N,83.3W,105,,,,,,,,,,,,,
AL,UNNAMED,1926,7,46,19260919,1200,,HU,27.8N,84.1W,105,,,,,,,,,,,,,
AL,UNNAMED,1926,7,46,19260919,1800,,HU,28.4N,84.8W,105,,,,,,,,,,,,,
AL,UNNAMED,1926,7,46,19260920,0,,HU,29.0N,85.5W,110,,,,,,,,,,,,,
AL,UNNAMED,1926,7,46,19260920,600,,HU,29.6N,86.2W,110,,,,,,,,,,,,,
AL,UNNAMED,1926,7,46,19260920,1200,,HU,30.1N,86.8W,105,,,,,,,,,,,,,
AL,UNNAMED,1926,7,46,19260920,1800,,HU,30.3N,87.3W,100,,,,,,,,,,,,,
AL,UNNAMED,1926,7,46,19260920,2200,L,HU,30.3N,87.5W,100,955,,,,,,,,,,,,
AL,UNNAMED,1926,7,46,19260921,0,,HU,30.3N,87.7W,80,955,,,,,,,,,,,,
AL,UNNAMED,1926,7,46,19260921,600,,HU,30.3N,88.1W,65,,,,,,,,,,,,,
AL,UNNAMED,1926,7,46,19260921,1200,,TS,30.3N,88.6W,60,983,,,,,,,,,,,,
AL,UNNAMED,1926,7,46,19260921,1800,,TS,30.4N,89.4W,50,,,,,,,,,,,,,
AL,UNNAMED,1926,7,46,19260922,0,,TS,30.5N,90.5W,40,,,,,,,,,,,,,
AL,UNNAMED,1926,7,46,19260922,600,,TD,30.6N,91.7W,30,,,,,,,,,,,,,
AL,UNNAMED,1926,7,46,19260922,1200,,TD,30.7N,92.9W,25,,,,,,,,,,,,,
AL,UNNAMED,1926,8,42,19260921,1200,,TS,29.0N,49.0W,45,,,,,,,,,,,,,
AL,UNNAMED,1926,8,42,19260921,1800,,TS,29.1N,48.4W,50,,,,,,,,,,,,,
AL,UNNAMED,1926,8,42,19260922,0,,TS,29.2N,47.8W,55,,,,,,,,,,,,,
AL,UNNAMED,1926,8,42,19260922,600,,TS,29.3N,47.2W,60,,,,,,,,,,,,,
AL,UNNAMED,1926,8,42,19260922,1200,,HU,29.5N,46.5W,65,,,,,,,,,,,,,
AL,UNNAMED,1926,8,42,19260922,1800,,HU,29.7N,45.6W,70,,,,,,,,,,,,,
AL,UNNAMED,1926,8,42,19260923,0,,HU,30.0N,44.7W,75,,,,,,,,,,,,,
AL,UNNAMED,1926,8,42,19260923,600,,HU,30.3N,43.7W,75,,,,,,,,,,,,,
AL,UNNAMED,1926,8,42,19260923,1200,,HU,30.6N,42.7W,80,,,,,,,,,,,,,
AL,UNNAMED,1926,8,42,19260923,1800,,HU,30.8N,41.8W,80,,,,,,,,,,,,,
AL,UNNAMED,1926,8,42,19260924,0,,HU,31.0N,41.0W,85,,,,,,,,,,,,,
AL,UNNAMED,1926,8,42,19260924,600,,HU,31.4N,40.1W,85,,,,,,,,,,,,,
AL,UNNAMED,1926,8,42,19260924,1200,,HU,32.0N,39.2W,90,,,,,,,,,,,,,
AL,UNNAMED,1926,8,42,19260924,1800,,HU,33.3N,38.2W,90,,,,,,,,,,,,,
AL,UNNAMED,1926,8,42,19260925,0,,HU,34.8N,37.0W,90,,,,,,,,,,,,,
AL,UNNAMED,1926,8,42,19260925,600,,HU,36.0N,35.6W,90,,,,,,,,,,,,,
AL,UNNAMED,1926,8,42,19260925,1200,,HU,36.5N,34.0W,90,,,,,,,,,,,,,
AL,UNNAMED,1926,8,42,19260925,1800,,HU,36.6N,32.2W,90,,,,,,,,,,,,,
AL,UNNAMED,1926,8,42,19260926,0,,HU,36.5N,30.3W,90,,,,,,,,,,,,,
AL,UNNAMED,1926,8,42,19260926,600,,HU,36.5N,28.4W,90,,,,,,,,,,,,,
AL,UNNAMED,1926,8,42,19260926,1200,,HU,36.7N,26.5W,90,,,,,,,,,,,,,
AL,UNNAMED,1926,8,42,19260926,1800,,HU,37.2N,25.7W,90,,,,,,,,,,,,,
AL,UNNAMED,1926,8,42,19260927,0,,HU,38.2N,25.5W,90,,,,,,,,,,,,,
AL,UNNAMED,1926,8,42,19260927,600,,HU,39.5N,25.8W,85,,,,,,,,,,,,,
AL,UNNAMED,1926,8,42,19260927,1200,,HU,40.4N,26.5W,80,,,,,,,,,,,,,
AL,UNNAMED,1926,8,42,19260927,1800,,HU,40.5N,27.5W,75,,,,,,,,,,,,,
AL,UNNAMED,1926,8,42,19260928,0,,HU,40.4N,28.5W,70,,,,,,,,,,,,,
AL,UNNAMED,1926,8,42,19260928,600,,HU,39.5N,29.2W,65,,,,,,,,,,,,,
AL,UNNAMED,1926,8,42,19260928,1200,,TS,38.5N,29.5W,60,,,,,,,,,,,,,
AL,UNNAMED,1926,8,42,19260928,1800,,TS,38.1N,29.5W,60,,,,,,,,,,,,,
AL,UNNAMED,1926,8,42,19260929,0,,TS,37.7N,29.3W,55,,,,,,,,,,,,,
AL,UNNAMED,1926,8,42,19260929,600,,TS,37.3N,29.0W,55,,,,,,,,,,,,,
AL,UNNAMED,1926,8,42,19260929,1200,,TS,36.9N,28.5W,50,,,,,,,,,,,,,
AL,UNNAMED,1926,8,42,19260929,1800,,TS,36.4N,28.2W,50,,,,,,,,,,,,,
AL,UNNAMED,1926,8,42,19260930,0,,TS,35.8N,28.0W,45,,,,,,,,,,,,,
AL,UNNAMED,1926,8,42,19260930,600,,TS,35.2N,27.8W,45,,,,,,,,,,,,,
AL,UNNAMED,1926,8,42,19260930,1200,,TS,34.5N,27.6W,40,,,,,,,,,,,,,
AL,UNNAMED,1926,8,42,19260930,1800,,TS,34.0N,27.0W,40,,,,,,,,,,,,,
AL,UNNAMED,1926,8,42,19261001,0,,TS,33.6N,26.3W,40,,,,,,,,,,,,,
AL,UNNAMED,1926,8,42,19261001,600,,TS,33.4N,25.5W,35,,,,,,,,,,,,,
AL,UNNAMED,1926,8,42,19261001,1200,,TS,33.2N,24.6W,35,,,,,,,,,,,,,
AL,UNNAMED,1926,8,42,19261001,1800,,TD,33.0N,23.5W,30,,,,,,,,,,,,,
AL,UNNAMED,1926,9,11,19261003,0,,TD,14.5N,79.0W,30,,,,,,,,,,,,,
AL,UNNAMED,1926,9,11,19261003,600,,TS,14.5N,79.4W,35,,,,,,,,,,,,,
AL,UNNAMED,1926,9,11,19261003,1200,,TS,14.5N,80.0W,35,,,,,,,,,,,,,
AL,UNNAMED,1926,9,11,19261003,1800,,TS,14.6N,81.0W,35,,,,,,,,,,,,,
AL,UNNAMED,1926,9,11,19261004,0,,TS,15.0N,82.2W,35,,,,,,,,,,,,,
AL,UNNAMED,1926,9,11,19261004,600,,TS,15.5N,83.6W,35,,,,,,,,,,,,,
AL,UNNAMED,1926,9,11,19261004,1200,,TS,16.0N,85.0W,35,,,,,,,,,,,,,
AL,UNNAMED,1926,9,11,19261004,1800,,TS,16.3N,86.4W,35,,,,,,,,,,,,,
AL,UNNAMED,1926,9,11,19261005,0,,TD,16.4N,87.7W,30,,,,,,,,,,,,,
AL,UNNAMED,1926,9,11,19261005,600,,TD,16.5N,88.9W,30,,,,,,,,,,,,,
AL,UNNAMED,1926,9,11,19261005,1200,,TD,16.5N,90.0W,25,,,,,,,,,,,,,
AL,UNNAMED,1926,10,57,19261014,600,,TD,11.5N,81.2W,25,,,,,,,,,,,,,
AL,UNNAMED,1926,10,57,19261014,1200,,TD,11.5N,81.0W,25,,,,,,,,,,,,,
AL,UNNAMED,1926,10,57,19261014,1800,,TD,11.6N,80.9W,30,,,,,,,,,,,,,
AL,UNNAMED,1926,10,57,19261015,0,,TS,11.7N,80.8W,35,,,,,,,,,,,,,
AL,UNNAMED,1926,10,57,19261015,600,,TS,11.8N,80.7W,35,,,,,,,,,,,,,
AL,UNNAMED,1926,10,57,19261015,1200,,TS,12.0N,80.7W,35,,,,,,,,,,,,,
AL,UNNAMED,1926,10,57,19261015,1800,,TS,12.1N,80.6W,40,,,,,,,,,,,,,
AL,UNNAMED,1926,10,57,19261016,0,,TS,12.2N,80.6W,40,,,,,,,,,,,,,
AL,UNNAMED,1926,10,57,19261016,600,,TS,12.4N,80.5W,45,,,,,,,,,,,,,
AL,UNNAMED,1926,10,57,19261016,1200,,TS,12.6N,80.5W,45,,,,,,,,,,,,,
AL,UNNAMED,1926,10,57,19261016,1800,,TS,12.9N,80.5W,50,,,,,,,,,,,,,
AL,UNNAMED,1926,10,57,19261017,0,,TS,13.2N,80.5W,50,,,,,,,,,,,,,
AL,UNNAMED,1926,10,57,19261017,600,,TS,13.5N,80.6W,55,,,,,,,,,,,,,
AL,UNNAMED,1926,10,57,19261017,1200,,TS,13.9N,80.7W,55,,,,,,,,,,,,,
AL,UNNAMED,1926,10,57,19261017,1800,,TS,14.3N,80.9W,60,993,,,,,,,,,,,,
AL,UNNAMED,1926,10,57,19261018,0,,HU,14.8N,81.2W,65,,,,,,,,,,,,,
AL,UNNAMED,1926,10,57,19261018,600,,HU,15.3N,81.5W,70,,,,,,,,,,,,,
AL,UNNAMED,1926,10,57,19261018,1200,,HU,15.8N,81.8W,75,,,,,,,,,,,,,
AL,UNNAMED,1926,10,57,19261018,1800,,HU,16.5N,82.3W,80,974,,,,,,,,,,,,
AL,UNNAMED,1926,10,57,19261019,0,,HU,17.3N,82.7W,95,,,,,,,,,,,,,
AL,UNNAMED,1926,10,57,19261019,600,,HU,18.2N,83.0W,115,,,,,,,,,,,,,
AL,UNNAMED,1926,10,57,19261019,1200,,HU,19.1N,82.9W,120,,,,,,,,,,,,,
AL,UNNAMED,1926,10,57,19261019,1800,,HU,19.8N,82.9W,120,,,,,,,,,,,,,
AL,UNNAMED,1926,10,57,19261020,0,,HU,20.5N,82.9W,125,,,,,,,,,,,,,
AL,UNNAMED,1926,10,57,19261020,600,,HU,21.3N,82.8W,125,939,,,,,,,,,,,,
AL,UNNAMED,1926,10,57,19261020,1200,,HU,22.3N,82.7W,130,934,,,,,,,,,,,,
AL,UNNAMED,1926,10,57,19261020,1800,,HU,23.4N,82.1W,120,,,,,,,,,,,,,
AL,UNNAMED,1926,10,57,19261021,0,,HU,24.5N,81.0W,110,949,,,,,,,,,,,,
AL,UNNAMED,1926,10,57,19261021,600,,HU,25.6N,79.7W,110,,,,,,,,,,,,,
AL,UNNAMED,1926,10,57,19261021,1200,,HU,26.9N,78.0W,110,,,,,,,,,,,,,
AL,UNNAMED,1926,10,57,19261021,1800,,HU,28.0N,75.5W,110,,,,,,,,,,,,,
AL,UNNAMED,1926,10,57,19261022,0,,HU,29.1N,73.0W,110,,,,,,,,,,,,,
AL,UNNAMED,1926,10,57,19261022,600,,HU,30.1N,70.3W,110,,,,,,,,,,,,,
AL,UNNAMED,1926,10,57,19261022,1200,,HU,31.2N,67.5W,105,,,,,,,,,,,,,
AL,UNNAMED,1926,10,57,19261022,1800,,HU,32.4N,64.7W,105,962,,,,,,,,,,,,
AL,UNNAMED,1926,10,57,19261023,0,,HU,33.8N,62.2W,95,,,,,,,,,,,,,
AL,UNNAMED,1926,10,57,19261023,600,,HU,35.1N,59.7W,85,,,,,,,,,,,,,
AL,UNNAMED,1926,10,57,19261023,1200,,HU,36.0N,57.2W,75,,,,,,,,,,,,,
AL,UNNAMED,1926,10,57,19261023,1800,,HU,36.4N,54.7W,70,,,,,,,,,,,,,
AL,UNNAMED,1926,10,57,19261024,0,,HU,36.6N,52.2W,70,,,,,,,,,,,,,
AL,UNNAMED,1926,10,57,19261024,600,,HU,36.8N,50.0W,70,,,,,,,,,,,,,
AL,UNNAMED,1926,10,57,19261024,1200,,HU,37.0N,48.0W,70,,,,,,,,,,,,,
AL,UNNAMED,1926,10,57,19261024,1800,,HU,37.2N,46.5W,70,,,,,,,,,,,,,
AL,UNNAMED,1926,10,57,19261025,0,,HU,37.3N,45.5W,75,,,,,,,,,,,,,
AL,UNNAMED,1926,10,57,19261025,600,,HU,37.4N,44.8W,75,,,,,,,,,,,,,
AL,UNNAMED,1926,10,57,19261025,1200,,HU,37.3N,44.5W,80,,,,,,,,,,,,,
AL,UNNAMED,1926,10,57,19261025,1800,,HU,36.8N,44.2W,80,,,,,,,,,,,,,
AL,UNNAMED,1926,10,57,19261026,0,,HU,35.6N,44.6W,75,,,,,,,,,,,,,
AL,UNNAMED,1926,10,57,19261026,600,,HU,34.0N,45.6W,65,,,,,,,,,,,,,
AL,UNNAMED,1926,10,57,19261026,1200,,TS,32.5N,47.0W,55,,,,,,,,,,,,,
AL,UNNAMED,1926,10,57,19261026,1800,,TS,31.3N,48.5W,50,,,,,,,,,,,,,
AL,UNNAMED,1926,10,57,19261027,0,,TS,30.3N,50.0W,50,,,,,,,,,,,,,
AL,UNNAMED,1926,10,57,19261027,600,,TS,29.5N,51.5W,50,,,,,,,,,,,,,
AL,UNNAMED,1926,10,57,19261027,1200,,TS,29.0N,53.0W,50,,,,,,,,,,,,,
AL,UNNAMED,1926,10,57,19261027,1800,,TS,28.8N,54.2W,50,,,,,,,,,,,,,
AL,UNNAMED,1926,10,57,19261028,0,,TS,29.0N,55.0W,45,,,,,,,,,,,,,
AL,UNNAMED,1926,10,57,19261028,600,,EX,29.7N,55.5W,40,,,,,,,,,,,,,
AL,UNNAMED,1926,11,18,19261112,600,,TD,11.2N,79.2W,30,,,,,,,,,,,,,
AL,UNNAMED,1926,11,18,19261112,1200,,TD,11.5N,79.5W,30,,,,,,,,,,,,,
AL,UNNAMED,1926,11,18,19261112,1800,,TD,11.8N,79.8W,30,,,,,,,,,,,,,
AL,UNNAMED,1926,11,18,19261113,0,,TS,12.1N,80.2W,35,,,,,,,,,,,,,
AL,UNNAMED,1926,11,18,19261113,600,,TS,12.5N,80.6W,35,,,,,,,,,,,,,
AL,UNNAMED,1926,11,18,19261113,1200,,TS,13.2N,81.1W,35,,,,,,,,,,,,,
AL,UNNAMED,1926,11,18,19261113,1800,,TS,14.2N,81.9W,35,,,,,,,,,,,,,
AL,UNNAMED,1926,11,18,19261114,0,,TS,15.4N,82.9W,35,,,,,,,,,,,,,
AL,UNNAMED,1926,11,18,19261114,600,,TS,16.6N,84.0W,35,,,,,,,,,,,,,
AL,UNNAMED,1926,11,18,19261114,1200,,TS,17.5N,84.8W,35,,,,,,,,,,,,,
AL,UNNAMED,1926,11,18,19261114,1800,,TS,18.2N,85.3W,35,,,,,,,,,,,,,
AL,UNNAMED,1926,11,18,19261115,0,,TS,18.8N,85.4W,35,,,,,,,,,,,,,
AL,UNNAMED,1926,11,18,19261115,600,,TS,19.4N,85.3W,35,,,,,,,,,,,,,
AL,UNNAMED,1926,11,18,19261115,1200,,TS,20.1N,85.0W,35,,,,,,,,,,,,,
AL,UNNAMED,1926,11,18,19261115,1800,,TS,20.8N,84.3W,35,,,,,,,,,,,,,
AL,UNNAMED,1926,11,18,19261116,0,,TD,21.6N,83.3W,30,,,,,,,,,,,,,
AL,UNNAMED,1926,11,18,19261116,600,,TD,22.4N,81.8W,30,,,,,,,,,,,,,
AL,UNNAMED,1926,11,18,19261116,1200,,EX,23.2N,80.2W,25,,,,,,,,,,,,,
AL,UNNAMED,1927,1,45,19270818,1200,,TS,14.0N,40.0W,35,,,,,,,,,,,,,
AL,UNNAMED,1927,1,45,19270818,1800,,TS,14.5N,41.5W,40,,,,,,,,,,,,,
AL,UNNAMED,1927,1,45,19270819,0,,TS,15.0N,43.0W,45,,,,,,,,,,,,,
AL,UNNAMED,1927,1,45,19270819,600,,TS,15.5N,44.5W,50,,,,,,,,,,,,,
AL,UNNAMED,1927,1,45,19270819,1200,,TS,16.0N,46.0W,60,,,,,,,,,,,,,
AL,UNNAMED,1927,1,45,19270819,1800,,HU,16.6N,47.5W,65,,,,,,,,,,,,,
AL,UNNAMED,1927,1,45,19270820,0,,HU,17.3N,49.0W,70,,,,,,,,,,,,,
AL,UNNAMED,1927,1,45,19270820,600,,HU,18.2N,50.5W,75,,,,,,,,,,,,,
AL,UNNAMED,1927,1,45,19270820,1200,,HU,19.0N,52.0W,80,,,,,,,,,,,,,
AL,UNNAMED,1927,1,45,19270820,1800,,HU,19.6N,53.6W,85,,,,,,,,,,,,,
AL,UNNAMED,1927,1,45,19270821,0,,HU,20.0N,55.3W,90,,,,,,,,,,,,,
AL,UNNAMED,1927,1,45,19270821,600,,HU,20.3N,57.1W,100,,,,,,,,,,,,,
AL,UNNAMED,1927,1,45,19270821,1200,,HU,20.7N,59.0W,105,,,,,,,,,,,,,
AL,UNNAMED,1927,1,45,19270821,1800,,HU,21.4N,61.1W,110,,,,,,,,,,,,,
AL,UNNAMED,1927,1,45,19270822,0,,HU,22.3N,63.3W,110,,,,,,,,,,,,,
AL,UNNAMED,1927,1,45,19270822,600,,HU,23.3N,65.7W,110,950,,,,,,,,,,,,
AL,UNNAMED,1927,1,45,19270822,1200,,HU,24.5N,67.7W,110,,,,,,,,,,,,,
AL,UNNAMED,1927,1,45,19270822,1800,,HU,25.9N,69.5W,110,,,,,,,,,,,,,
AL,UNNAMED,1927,1,45,19270823,0,,HU,27.5N,71.0W,110,,,,,,,,,,,,,
AL,UNNAMED,1927,1,45,19270823,600,,HU,29.1N,72.3W,110,,,,,,,,,,,,,
AL,UNNAMED,1927,1,45,19270823,1200,,HU,30.8N,73.0W,110,,,,,,,,,,,,,
AL,UNNAMED,1927,1,45,19270823,1800,,HU,32.5N,73.2W,110,,,,,,,,,,,,,
AL,UNNAMED,1927,1,45,19270824,0,,HU,34.2N,72.9W,105,,,,,,,,,,,,,
AL,UNNAMED,1927,1,45,19270824,600,,HU,36.0N,72.3W,100,,,,,,,,,,,,,
AL,UNNAMED,1927,1,45,19270824,1200,,HU,38.0N,71.5W,95,,,,,,,,,,,,,
AL,UNNAMED,1927,1,45,19270824,1800,,HU,40.8N,69.0W,90,,,,,,,,,,,,,
AL,UNNAMED,1927,1,45,19270825,0,,EX,44.5N,65.0W,85,,,,,,,,,,,,,
AL,UNNAMED,1927,1,45,19270825,600,,EX,48.5N,60.3W,85,,,,,,,,,,,,,
AL,UNNAMED,1927,1,45,19270825,1200,,EX,51.8N,54.8W,80,,,,,,,,,,,,,
AL,UNNAMED,1927,1,45,19270825,1800,,EX,54.4N,49.0W,80,,,,,,,,,,,,,
AL,UNNAMED,1927,1,45,19270826,0,,EX,56.8N,43.5W,80,,,,,,,,,,,,,
AL,UNNAMED,1927,1,45,19270826,600,,EX,58.6N,38.0W,75,,,,,,,,,,,,,
AL,UNNAMED,1927,1,45,19270826,1200,,EX,61.0N,32.3W,70,,,,,,,,,,,,,
AL,UNNAMED,1927,1,45,19270826,1800,,EX,62.5N,25.0W,70,,,,,,,,,,,,,
AL,UNNAMED,1927,1,45,19270827,0,,EX,64.0N,17.5W,65,,,,,,,,,,,,,
AL,UNNAMED,1927,1,45,19270827,600,,EX,65.3N,12.0W,65,,,,,,,,,,,,,
AL,UNNAMED,1927,1,45,19270827,1200,,EX,66.5N,10.0W,60,,,,,,,,,,,,,
AL,UNNAMED,1927,1,45,19270827,1800,,EX,67.7N,10.5W,60,,,,,,,,,,,,,
AL,UNNAMED,1927,1,45,19270828,0,,EX,68.9N,11.0W,55,,,,,,,,,,,,,
AL,UNNAMED,1927,1,45,19270828,600,,EX,70.0N,12.0W,50,,,,,,,,,,,,,
AL,UNNAMED,1927,1,45,19270828,1200,,EX,71.0N,13.0W,45,,,,,,,,,,,,,
AL,UNNAMED,1927,1,45,19270828,1800,,EX,71.5N,13.5W,40,,,,,,,,,,,,,
AL,UNNAMED,1927,1,45,19270829,0,,EX,71.8N,13.0W,35,,,,,,,,,,,,,
AL,UNNAMED,1927,1,45,19270829,600,,EX,71.9N,11.8W,35,,,,,,,,,,,,,
AL,UNNAMED,1927,1,45,19270829,1200,,EX,72.0N,10.0W,30,,,,,,,,,,,,,
AL,UNNAMED,1927,2,39,19270902,600,,TD,16.7N,20.0W,30,,,,,,,,,,,,,
AL,UNNAMED,1927,2,39,19270902,1200,,TS,16.5N,21.0W,35,,,,,,,,,,,,,
AL,UNNAMED,1927,2,39,19270902,1800,,TS,16.3N,21.9W,35,,,,,,,,,,,,,
AL,UNNAMED,1927,2,39,19270903,0,,TS,16.1N,22.8W,40,,,,,,,,,,,,,
AL,UNNAMED,1927,2,39,19270903,600,,TS,16.0N,23.7W,40,,,,,,,,,,,,,
AL,UNNAMED,1927,2,39,19270903,1200,,TS,15.9N,24.6W,45,,,,,,,,,,,,,
AL,UNNAMED,1927,2,39,19270903,1800,,TS,15.9N,25.6W,45,,,,,,,,,,,,,
AL,UNNAMED,1927,2,39,19270904,0,,TS,16.0N,26.6W,45,,,,,,,,,,,,,
AL,UNNAMED,1927,2,39,19270904,600,,TS,16.1N,27.7W,45,,,,,,,,,,,,,
AL,UNNAMED,1927,2,39,19270904,1200,,TS,16.2N,28.8W,45,,,,,,,,,,,,,
AL,UNNAMED,1927,2,39,19270904,1800,,TS,16.3N,30.0W,45,,,,,,,,,,,,,
AL,UNNAMED,1927,2,39,19270905,0,,TS,16.5N,31.3W,45,,,,,,,,,,,,,
AL,UNNAMED,1927,2,39,19270905,600,,TS,16.6N,32.6W,45,,,,,,,,,,,,,
AL,UNNAMED,1927,2,39,19270905,1200,,TS,16.8N,34.0W,45,,,,,,,,,,,,,
AL,UNNAMED,1927,2,39,19270905,1800,,TS,17.0N,35.3W,50,,,,,,,,,,,,,
AL,UNNAMED,1927,2,39,19270906,0,,TS,17.2N,36.5W,50,,,,,,,,,,,,,
AL,UNNAMED,1927,2,39,19270906,600,,TS,17.4N,37.7W,55,,,,,,,,,,,,,
AL,UNNAMED,1927,2,39,19270906,1200,,TS,17.6N,39.0W,55,,,,,,,,,,,,,
AL,UNNAMED,1927,2,39,19270906,1800,,TS,17.8N,40.4W,55,,,,,,,,,,,,,
AL,UNNAMED,1927,2,39,19270907,0,,TS,18.1N,41.8W,60,,,,,,,,,,,,,
AL,UNNAMED,1927,2,39,19270907,600,,TS,18.4N,43.2W,60,,,,,,,,,,,,,
AL,UNNAMED,1927,2,39,19270907,1200,,TS,18.7N,44.7W,60,,,,,,,,,,,,,
AL,UNNAMED,1927,2,39,19270907,1800,,TS,19.1N,46.3W,60,,,,,,,,,,,,,
AL,UNNAMED,1927,2,39,19270908,0,,HU,19.6N,48.1W,65,,,,,,,,,,,,,
AL,UNNAMED,1927,2,39,19270908,600,,HU,20.2N,50.0W,65,,,,,,,,,,,,,
AL,UNNAMED,1927,2,39,19270908,1200,,HU,21.0N,51.7W,70,,,,,,,,,,,,,
AL,UNNAMED,1927,2,39,19270908,1800,,HU,22.0N,53.2W,70,,,,,,,,,,,,,
AL,UNNAMED,1927,2,39,19270909,0,,HU,23.2N,54.4W,75,,,,,,,,,,,,,
AL,UNNAMED,1927,2,39,19270909,600,,HU,24.5N,55.3W,75,,,,,,,,,,,,,
AL,UNNAMED,1927,2,39,19270909,1200,,HU,26.0N,56.0W,80,,,,,,,,,,,,,
AL,UNNAMED,1927,2,39,19270909,1800,,HU,27.5N,56.2W,75,,,,,,,,,,,,,
AL,UNNAMED,1927,2,39,19270910,0,,HU,29.0N,55.8W,70,,,,,,,,,,,,,
AL,UNNAMED,1927,2,39,19270910,600,,HU,30.4N,55.0W,65,,,,,,,,,,,,,
AL,UNNAMED,1927,2,39,19270910,1200,,TS,31.7N,53.8W,55,,,,,,,,,,,,,
AL,UNNAMED,1927,2,39,19270910,1800,,TS,32.6N,52.6W,50,,,,,,,,,,,,,
AL,UNNAMED,1927,2,39,19270911,0,,TS,33.2N,51.8W,45,,,,,,,,,,,,,
AL,UNNAMED,1927,2,39,19270911,600,,TS,33.6N,51.5W,40,,,,,,,,,,,,,
AL,UNNAMED,1927,2,39,19270911,1200,,TS,33.9N,51.0W,35,,,,,,,,,,,,,
AL,UNNAMED,1927,2,39,19270911,1800,,TD,34.1N,49.8W,30,,,,,,,,,,,,,
AL,UNNAMED,1927,3,28,19270922,1200,,TD,10.3N,36.0W,30,,,,,,,,,,,,,
AL,UNNAMED,1927,3,28,19270922,1800,,TD,10.8N,36.5W,30,,,,,,,,,,,,,
AL,UNNAMED,1927,3,28,19270923,0,,TS,11.3N,37.0W,35,,,,,,,,,,,,,
AL,UNNAMED,1927,3,28,19270923,600,,TS,11.8N,37.5W,35,,,,,,,,,,,,,
AL,UNNAMED,1927,3,28,19270923,1200,,TS,12.2N,38.0W,35,,,,,,,,,,,,,
AL,UNNAMED,1927,3,28,19270923,1800,,TS,12.6N,38.5W,35,,,,,,,,,,,,,
AL,UNNAMED,1927,3,28,19270924,0,,TS,13.0N,39.0W,40,,,,,,,,,,,,,
AL,UNNAMED,1927,3,28,19270924,600,,TS,13.4N,39.5W,40,,,,,,,,,,,,,
AL,UNNAMED,1927,3,28,19270924,1200,,TS,13.8N,40.0W,40,,,,,,,,,,,,,
AL,UNNAMED,1927,3,28,19270924,1800,,TS,14.2N,40.6W,40,,,,,,,,,,,,,
AL,UNNAMED,1927,3,28,19270925,0,,TS,14.5N,41.3W,40,,,,,,,,,,,,,
AL,UNNAMED,1927,3,28,19270925,600,,TS,14.9N,42.1W,40,,,,,,,,,,,,,
AL,UNNAMED,1927,3,28,19270925,1200,,TS,15.3N,43.0W,40,,,,,,,,,,,,,
AL,UNNAMED,1927,3,28,19270925,1800,,TS,15.7N,43.8W,40,,,,,,,,,,,,,
AL,UNNAMED,1927,3,28,19270926,0,,TS,16.2N,44.6W,40,,,,,,,,,,,,,
AL,UNNAMED,1927,3,28,19270926,600,,TS,16.8N,45.4W,40,,,,,,,,,,,,,
AL,UNNAMED,1927,3,28,19270926,1200,,TS,17.4N,46.0W,40,,,,,,,,,,,,,
AL,UNNAMED,1927,3,28,19270926,1800,,TS,18.2N,46.3W,40,,,,,,,,,,,,,
AL,UNNAMED,1927,3,28,19270927,0,,TS,19.2N,46.4W,40,,,,,,,,,,,,,
AL,UNNAMED,1927,3,28,19270927,600,,TS,20.3N,46.5W,40,,,,,,,,,,,,,
AL,UNNAMED,1927,3,28,19270927,1200,,TS,21.5N,46.5W,45,,,,,,,,,,,,,
AL,UNNAMED,1927,3,28,19270927,1800,,TS,23.0N,46.6W,45,,,,,,,,,,,,,
AL,UNNAMED,1927,3,28,19270928,0,,TS,24.5N,46.9W,50,,,,,,,,,,,,,
AL,UNNAMED,1927,3,28,19270928,600,,TS,26.0N,47.3W,60,,,,,,,,,,,,,
AL,UNNAMED,1927,3,28,19270928,1200,,HU,27.5N,47.5W,70,,,,,,,,,,,,,
AL,UNNAMED,1927,3,28,19270928,1800,,HU,29.5N,47.5W,70,,,,,,,,,,,,,
AL,UNNAMED,1927,3,28,19270929,0,,TS,31.7N,47.2W,60,,,,,,,,,,,,,
AL,UNNAMED,1927,3,28,19270929,600,,EX,34.0N,46.8W,50,,,,,,,,,,,,,
AL,UNNAMED,1927,4,36,19270923,0,,TS,19.0N,49.2W,35,,,,,,,,,,,,,
AL,UNNAMED,1927,4,36,19270923,600,,TS,20.1N,50.2W,40,,,,,,,,,,,,,
AL,UNNAMED,1927,4,36,19270923,1200,,TS,21.3N,51.2W,45,,,,,,,,,,,,,
AL,UNNAMED,1927,4,36,19270923,1800,,TS,22.5N,52.2W,50,,,,,,,,,,,,,
AL,UNNAMED,1927,4,36,19270924,0,,TS,23.7N,53.2W,55,,,,,,,,,,,,,
AL,UNNAMED,1927,4,36,19270924,600,,TS,24.9N,54.1W,60,,,,,,,,,,,,,
AL,UNNAMED,1927,4,36,19270924,1200,,HU,26.0N,55.0W,65,,,,,,,,,,,,,
AL,UNNAMED,1927,4,36,19270924,1800,,HU,26.7N,55.8W,70,,,,,,,,,,,,,
AL,UNNAMED,1927,4,36,19270925,0,,HU,27.1N,56.6W,75,,,,,,,,,,,,,
AL,UNNAMED,1927,4,36,19270925,600,,HU,27.5N,57.3W,80,,,,,,,,,,,,,
AL,UNNAMED,1927,4,36,19270925,1200,,HU,28.1N,58.0W,80,,,,,,,,,,,,,
AL,UNNAMED,1927,4,36,19270925,1800,,HU,28.8N,58.7W,85,,,,,,,,,,,,,
AL,UNNAMED,1927,4,36,19270926,0,,HU,29.7N,59.4W,85,,,,,,,,,,,,,
AL,UNNAMED,1927,4,36,19270926,600,,HU,30.8N,60.1W,90,967,,,,,,,,,,,,
AL,UNNAMED,1927,4,36,19270926,1200,,HU,32.0N,60.8W,95,,,,,,,,,,,,,
AL,UNNAMED,1927,4,36,19270926,1800,,HU,33.3N,61.3W,95,,,,,,,,,,,,,
AL,UNNAMED,1927,4,36,19270927,0,,HU,34.6N,61.5W,90,,,,,,,,,,,,,
AL,UNNAMED,1927,4,36,19270927,600,,HU,35.8N,60.9W,85,,,,,,,,,,,,,
AL,UNNAMED,1927,4,36,19270927,1200,,HU,37.0N,59.6W,80,,,,,,,,,,,,,
AL,UNNAMED,1927,4,36,19270927,1800,,HU,38.1N,58.9W,80,,,,,,,,,,,,,
AL,UNNAMED,1927,4,36,19270928,0,,HU,38.9N,58.1W,80,,,,,,,,,,,,,
AL,UNNAMED,1927,4,36,19270928,600,,EX,39.6N,57.3W,75,,,,,,,,,,,,,
AL,UNNAMED,1927,4,36,19270928,1200,,EX,40.3N,56.5W,75,,,,,,,,,,,,,
AL,UNNAMED,1927,4,36,19270928,1800,,EX,41.0N,55.6W,75,,,,,,,,,,,,,
AL,UNNAMED,1927,4,36,19270929,0,,EX,41.5N,54.6W,75,981,,,,,,,,,,,,
AL,UNNAMED,1927,4,36,19270929,600,,EX,42.0N,53.5W,75,,,,,,,,,,,,,
AL,UNNAMED,1927,4,36,19270929,1200,,EX,42.8N,52.0W,75,,,,,,,,,,,,,
AL,UNNAMED,1927,4,36,19270929,1800,,EX,43.9N,49.4W,70,,,,,,,,,,,,,
AL,UNNAMED,1927,4,36,19270930,0,,EX,45.3N,46.0W,70,,,,,,,,,,,,,
AL,UNNAMED,1927,4,36,19270930,600,,EX,46.8N,41.5W,70,,,,,,,,,,,,,
AL,UNNAMED,1927,4,36,19270930,1200,,EX,48.0N,37.0W,70,,,,,,,,,,,,,
AL,UNNAMED,1927,4,36,19270930,1800,,EX,48.7N,33.5W,65,,,,,,,,,,,,,
AL,UNNAMED,1927,4,36,19271001,0,,EX,48.9N,31.0W,60,,,,,,,,,,,,,
AL,UNNAMED,1927,4,36,19271001,600,,EX,49.0N,29.8W,55,,,,,,,,,,,,,
AL,UNNAMED,1927,4,36,19271001,1200,,EX,49.0N,29.0W,50,,,,,,,,,,,,,
AL,UNNAMED,1927,4,36,19271001,1800,,EX,49.0N,28.5W,40,,,,,,,,,,,,,
AL,UNNAMED,1927,5,17,19270930,1200,,TD,23.0N,69.0W,30,,,,,,,,,,,,,
AL,UNNAMED,1927,5,17,19270930,1800,,TD,23.6N,70.4W,30,,,,,,,,,,,,,
AL,UNNAMED,1927,5,17,19271001,0,,TD,24.3N,71.8W,30,,,,,,,,,,,,,
AL,UNNAMED,1927,5,17,19271001,600,,TD,24.9N,73.0W,30,,,,,,,,,,,,,
AL,UNNAMED,1927,5,17,19271001,1200,,TD,25.5N,74.0W,30,,,,,,,,,,,,,
AL,UNNAMED,1927,5,17,19271001,1800,,TD,26.1N,74.9W,30,,,,,,,,,,,,,
AL,UNNAMED,1927,5,17,19271002,0,,TS,26.7N,75.7W,35,,,,,,,,,,,,,
AL,UNNAMED,1927,5,17,19271002,600,,TS,27.3N,76.4W,40,,,,,,,,,,,,,
AL,UNNAMED,1927,5,17,19271002,1200,,TS,28.0N,77.0W,45,,,,,,,,,,,,,
AL,UNNAMED,1927,5,17,19271002,1800,,TS,29.0N,77.8W,50,,,,,,,,,,,,,
AL,UNNAMED,1927,5,17,19271003,0,,TS,30.3N,78.9W,50,,,,,,,,,,,,,
AL,UNNAMED,1927,5,17,19271003,600,,TS,31.8N,80.0W,50,,,,,,,,,,,,,
AL,UNNAMED,1927,5,17,19271003,900,L,TS,32.5N,80.4W,50,,,,,,,,,,,,,
AL,UNNAMED,1927,5,17,19271003,1200,,TS,33.4N,80.7W,40,,,,,,,,,,,,,
AL,UNNAMED,1927,5,17,19271003,1800,,TS,35.0N,80.8W,35,,,,,,,,,,,,,
AL,UNNAMED,1927,5,17,19271004,0,,TD,37.0N,80.3W,30,,,,,,,,,,,,,
AL,UNNAMED,1927,5,17,19271004,600,,TD,39.0N,79.0W,25,,,,,,,,,,,,,
AL,UNNAMED,1927,6,14,19271016,0,,TD,16.5N,87.0W,30,,,,,,,,,,,,,
AL,UNNAMED,1927,6,14,19271016,600,,TD,16.6N,86.7W,30,,,,,,,,,,,,,
AL,UNNAMED,1927,6,14,19271016,1200,,TD,16.7N,86.2W,30,,,,,,,,,,,,,
AL,UNNAMED,1927,6,14,19271016,1800,,TS,16.9N,85.4W,35,,,,,,,,,,,,,
AL,UNNAMED,1927,6,14,19271017,0,,TS,17.2N,84.4W,40,,,,,,,,,,,,,
AL,UNNAMED,1927,6,14,19271017,600,,TS,17.5N,83.5W,40,,,,,,,,,,,,,
AL,UNNAMED,1927,6,14,19271017,1200,,TS,17.8N,82.7W,40,,,,,,,,,,,,,
AL,UNNAMED,1927,6,14,19271017,1800,,TS,18.2N,82.0W,40,,,,,,,,,,,,,
AL,UNNAMED,1927,6,14,19271018,0,,TS,18.7N,81.4W,40,,,,,,,,,,,,,
AL,UNNAMED,1927,6,14,19271018,600,,TS,19.3N,80.6W,40,,,,,,,,,,,,,
AL,UNNAMED,1927,6,14,19271018,1200,,TS,20.0N,79.5W,40,,,,,,,,,,,,,
AL,UNNAMED,1927,6,14,19271018,1800,,TS,21.0N,77.7W,40,,,,,,,,,,,,,
AL,UNNAMED,1927,6,14,19271019,0,,TS,22.2N,75.0W,40,,,,,,,,,,,,,
AL,UNNAMED,1927,6,14,19271019,600,,EX,23.7N,72.0W,35,,,,,,,,,,,,,
AL,UNNAMED,1927,7,20,19271030,1200,,TD,19.5N,80.0W,30,,,,,,,,,,,,,
AL,UNNAMED,1927,7,20,19271030,1800,,TS,20.0N,79.9W,35,,,,,,,,,,,,,
AL,UNNAMED,1927,7,20,19271031,0,,TS,20.5N,79.7W,35,,,,,,,,,,,,,
AL,UNNAMED,1927,7,20,19271031,600,,TS,21.0N,79.6W,40,,,,,,,,,,,,,
AL,UNNAMED,1927,7,20,19271031,1200,,TS,21.5N,79.5W,40,,,,,,,,,,,,,
AL,UNNAMED,1927,7,20,19271031,1800,,TS,22.0N,79.4W,40,,,,,,,,,,,,,
AL,UNNAMED,1927,7,20,19271101,0,,TS,22.5N,79.3W,35,,,,,,,,,,,,,
AL,UNNAMED,1927,7,20,19271101,600,,TS,23.0N,79.2W,35,,,,,,,,,,,,,
AL,UNNAMED,1927,7,20,19271101,1200,,TS,23.6N,79.0W,35,,,,,,,,,,,,,
AL,UNNAMED,1927,7,20,19271101,1800,,TS,24.7N,78.3W,35,,,,,,,,,,,,,
AL,UNNAMED,1927,7,20,19271102,0,,TS,26.1N,77.1W,35,,,,,,,,,,,,,
AL,UNNAMED,1927,7,20,19271102,600,,TS,27.5N,75.5W,35,,,,,,,,,,,,,
AL,UNNAMED,1927,7,20,19271102,1200,,TS,29.0N,74.5W,35,,,,,,,,,,,,,
AL,UNNAMED,1927,7,20,19271102,1800,,TS,30.5N,74.5W,35,,,,,,,,,,,,,
AL,UNNAMED,1927,7,20,19271103,0,,TS,31.5N,75.5W,35,,,,,,,,,,,,,
AL,UNNAMED,1927,7,20,19271103,600,,TS,31.8N,75.9W,35,,,,,,,,,,,,,
AL,UNNAMED,1927,7,20,19271103,1200,,TS,32.0N,76.0W,35,,,,,,,,,,,,,
AL,UNNAMED,1927,7,20,19271103,1800,,TD,32.1N,76.0W,30,,,,,,,,,,,,,
AL,UNNAMED,1927,7,20,19271104,0,,EX,33.2N,72.7W,30,,,,,,,,,,,,,
AL,UNNAMED,1927,7,20,19271104,600,,EX,35.9N,72.7W,30,,,,,,,,,,,,,
AL,UNNAMED,1927,8,12,19271119,0,,TD,20.5N,50.4W,30,,,,,,,,,,,,,
AL,UNNAMED,1927,8,12,19271119,600,,TD,22.0N,51.2W,30,,,,,,,,,,,,,
AL,UNNAMED,1927,8,12,19271119,1200,,TS,23.5N,52.0W,35,,,,,,,,,,,,,
AL,UNNAMED,1927,8,12,19271119,1800,,TS,25.1N,52.7W,40,,,,,,,,,,,,,
AL,UNNAMED,1927,8,12,19271120,0,,TS,26.8N,53.4W,45,,,,,,,,,,,,,
AL,UNNAMED,1927,8,12,19271120,600,,TS,28.4N,54.0W,50,,,,,,,,,,,,,
AL,UNNAMED,1927,8,12,19271120,1200,,TS,30.0N,54.5W,50,,,,,,,,,,,,,
AL,UNNAMED,1927,8,12,19271120,1800,,TS,31.5N,54.8W,50,,,,,,,,,,,,,
AL,UNNAMED,1927,8,12,19271121,0,,TS,32.8N,55.0W,50,,,,,,,,,,,,,
AL,UNNAMED,1927,8,12,19271121,600,,TS,33.9N,55.1W,45,,,,,,,,,,,,,
AL,UNNAMED,1927,8,12,19271121,1200,,EX,35.0N,55.0W,40,,,,,,,,,,,,,
AL,UNNAMED,1927,8,12,19271121,1800,,EX,36.0N,54.7W,35,,,,,,,,,,,,,
AL,UNNAMED,1928,1,46,19280803,0,,TS,18.8N,63.6W,35,,,,,,,,,,,,,
AL,UNNAMED,1928,1,46,19280803,600,,TS,18.9N,64.3W,35,,,,,,,,,,,,,
AL,UNNAMED,1928,1,46,19280803,1200,,TS,19.0N,65.0W,35,,,,,,,,,,,,,
AL,UNNAMED,1928,1,46,19280803,1800,,TS,19.1N,65.7W,35,,,,,,,,,,,,,
AL,UNNAMED,1928,1,46,19280804,0,,TS,19.2N,66.4W,35,,,,,,,,,,,,,
AL,UNNAMED,1928,1,46,19280804,600,,TS,19.4N,67.2W,35,,,,,,,,,,,,,
AL,UNNAMED,1928,1,46,19280804,1200,,TS,19.6N,68.0W,35,,,,,,,,,,,,,
AL,UNNAMED,1928,1,46,19280804,1800,,TS,20.0N,69.0W,40,,,,,,,,,,,,,
AL,UNNAMED,1928,1,46,19280805,0,,TS,20.5N,70.1W,40,,,,,,,,,,,,,
AL,UNNAMED,1928,1,46,19280805,600,,TS,21.0N,71.2W,40,,,,,,,,,,,,,
AL,UNNAMED,1928,1,46,19280805,1200,,TS,21.5N,72.3W,40,,,,,,,,,,,,,
AL,UNNAMED,1928,1,46,19280805,1800,,TS,22.1N,73.4W,40,,,,,,,,,,,,,
AL,UNNAMED,1928,1,46,19280806,0,,TS,22.8N,74.5W,45,,,,,,,,,,,,,
AL,UNNAMED,1928,1,46,19280806,600,,TS,23.5N,75.5W,55,,,,,,,,,,,,,
AL,UNNAMED,1928,1,46,19280806,1200,,HU,24.2N,76.5W,65,,,,,,,,,,,,,
AL,UNNAMED,1928,1,46,19280806,1800,,HU,24.8N,77.4W,70,,,,,,,,,,,,,
AL,UNNAMED,1928,1,46,19280807,0,,HU,25.3N,78.2W,80,,,,,,,,,,,,,
AL,UNNAMED,1928,1,46,19280807,600,,HU,25.8N,78.8W,90,971,,,,,,,,,,,,
AL,UNNAMED,1928,1,46,19280807,1200,,HU,26.3N,79.2W,90,,,,,,,,,,,,,
AL,UNNAMED,1928,1,46,19280807,1800,,HU,26.6N,79.5W,90,,,,,,,,,,,,,
AL,UNNAMED,1928,1,46,19280808,0,,HU,26.9N,79.8W,90,,,,,,,,,,,,,
AL,UNNAMED,1928,1,46,19280808,600,,HU,27.2N,80.1W,85,977,,,,,,,,,,,,
AL,UNNAMED,1928,1,46,19280808,700,L,HU,27.3N,80.2W,85,977,,,,,,,,,,,,
AL,UNNAMED,1928,1,46,19280808,1200,,HU,27.6N,80.5W,70,,,,,,,,,,,,,
AL,UNNAMED,1928,1,46,19280808,1800,,TS,27.9N,80.9W,50,,,,,,,,,,,,,
AL,UNNAMED,1928,1,46,19280809,0,,TS,28.1N,81.5W,45,,,,,,,,,,,,,
AL,UNNAMED,1928,1,46,19280809,600,,TS,28.4N,82.1W,40,,,,,,,,,,,,,
AL,UNNAMED,1928,1,46,19280809,1200,,TS,28.7N,82.7W,40,,,,,,,,,,,,,
AL,UNNAMED,1928,1,46,19280809,1800,,TS,29.1N,83.3W,40,,,,,,,,,,,,,
AL,UNNAMED,1928,1,46,19280810,0,,TS,29.6N,83.9W,35,,,,,,,,,,,,,
AL,UNNAMED,1928,1,46,19280810,400,L,TS,30.0N,84.3W,35,,,,,,,,,,,,,
AL,UNNAMED,1928,1,46,19280810,600,,TS,30.2N,84.4W,35,,,,,,,,,,,,,
AL,UNNAMED,1928,1,46,19280810,1200,,TS,31.0N,84.5W,35,,,,,,,,,,,,,
AL,UNNAMED,1928,1,46,19280810,1800,,TD,31.9N,84.0W,30,,,,,,,,,,,,,
AL,UNNAMED,1928,1,46,19280811,0,,TD,32.9N,83.2W,30,,,,,,,,,,,,,
AL,UNNAMED,1928,1,46,19280811,600,,EX,34.0N,82.2W,30,,,,,,,,,,,,,
AL,UNNAMED,1928,1,46,19280811,1200,,EX,35.2N,81.0W,30,,,,,,,,,,,,,
AL,UNNAMED,1928,1,46,19280811,1800,,EX,36.4N,79.7W,30,,,,,,,,,,,,,
AL,UNNAMED,1928,1,46,19280812,0,,EX,37.2N,78.2W,35,,,,,,,,,,,,,
AL,UNNAMED,1928,1,46,19280812,600,,EX,38.0N,76.2W,45,,,,,,,,,,,,,
AL,UNNAMED,1928,1,46,19280812,1200,,EX,38.5N,74.5W,55,,,,,,,,,,,,,
AL,UNNAMED,1928,1,46,19280812,1800,,EX,38.5N,73.0W,55,,,,,,,,,,,,,
AL,UNNAMED,1928,1,46,19280813,0,,EX,38.5N,71.8W,50,,,,,,,,,,,,,
AL,UNNAMED,1928,1,46,19280813,600,,EX,38.5N,70.8W,45,,,,,,,,,,,,,
AL,UNNAMED,1928,1,46,19280813,1200,,EX,38.5N,70.0W,40,,,,,,,,,,,,,
AL,UNNAMED,1928,1,46,19280813,1800,,EX,38.5N,69.5W,35,,,,,,,,,,,,,
AL,UNNAMED,1928,2,42,19280807,1200,,TD,11.5N,60.3W,30,,,,,,,,,,,,,
AL,UNNAMED,1928,2,42,19280807,1800,,TD,12.2N,61.2W,30,,,,,,,,,,,,,
AL,UNNAMED,1928,2,42,19280808,0,,TS,12.9N,62.1W,35,,,,,,,,,,,,,
AL,UNNAMED,1928,2,42,19280808,600,,TS,13.6N,63.0W,40,,,,,,,,,,,,,
AL,UNNAMED,1928,2,42,19280808,1200,,TS,14.2N,64.0W,40,,,,,,,,,,,,,
AL,UNNAMED,1928,2,42,19280808,1800,,TS,14.6N,65.0W,45,,,,,,,,,,,,,
AL,UNNAMED,1928,2,42,19280809,0,,TS,15.0N,66.0W,50,,,,,,,,,,,,,
AL,UNNAMED,1928,2,42,19280809,600,,TS,15.4N,67.0W,55,,,,,,,,,,,,,
AL,UNNAMED,1928,2,42,19280809,1200,,TS,15.8N,68.0W,60,,,,,,,,,,,,,
AL,UNNAMED,1928,2,42,19280809,1800,,HU,16.2N,69.0W,65,,,,,,,,,,,,,
AL,UNNAMED,1928,2,42,19280810,0,,HU,16.5N,70.0W,70,,,,,,,,,,,,,
AL,UNNAMED,1928,2,42,19280810,600,,HU,16.9N,71.0W,75,,,,,,,,,,,,,
AL,UNNAMED,1928,2,42,19280810,1200,,HU,17.3N,72.0W,80,,,,,,,,,,,,,
AL,UNNAMED,1928,2,42,19280810,1800,,HU,17.7N,73.0W,80,,,,,,,,,,,,,
AL,UNNAMED,1928,2,42,19280811,0,,HU,18.0N,73.9W,80,,,,,,,,,,,,,
AL,UNNAMED,1928,2,42,19280811,600,,HU,18.2N,74.9W,75,,,,,,,,,,,,,
AL,UNNAMED,1928,2,42,19280811,1200,,HU,18.6N,75.9W,70,,,,,,,,,,,,,
AL,UNNAMED,1928,2,42,19280811,1800,,HU,19.1N,76.9W,65,,,,,,,,,,,,,
AL,UNNAMED,1928,2,42,19280812,0,,TS,19.7N,78.1W,60,,,,,,,,,,,,,
AL,UNNAMED,1928,2,42,19280812,600,,TS,20.4N,79.2W,55,,,,,,,,,,,,,
AL,UNNAMED,1928,2,42,19280812,1200,,TS,21.5N,80.0W,50,,,,,,,,,,,,,
AL,UNNAMED,1928,2,42,19280812,1800,,TS,22.8N,80.6W,50,,,,,,,,,,,,,
AL,UNNAMED,1928,2,42,19280813,0,,TS,24.2N,81.1W,60,,,,,,,,,,,,,
AL,UNNAMED,1928,2,42,19280813,300,L,TS,24.7N,81.4W,60,,,,,,,,,,,,,
AL,UNNAMED,1928,2,42,19280813,600,,TS,25.2N,81.6W,60,,,,,,,,,,,,,
AL,UNNAMED,1928,2,42,19280813,1200,,TS,26.0N,82.2W,55,,,,,,,,,,,,,
AL,UNNAMED,1928,2,42,19280813,1800,,TS,26.9N,82.8W,55,,,,,,,,,,,,,
AL,UNNAMED,1928,2,42,19280814,0,,TS,27.8N,83.4W,50,,,,,,,,,,,,,
AL,UNNAMED,1928,2,42,19280814,600,,TS,28.7N,84.0W,50,,,,,,,,,,,,,
AL,UNNAMED,1928,2,42,19280814,1200,,TS,29.6N,84.6W,45,,,,,,,,,,,,,
AL,UNNAMED,1928,2,42,19280814,1400,L,TS,29.9N,84.7W,45,,,,,,,,,,,,,
AL,UNNAMED,1928,2,42,19280814,1800,,TS,30.5N,85.0W,40,,,,,,,,,,,,,
AL,UNNAMED,1928,2,42,19280815,0,,TS,31.3N,85.4W,35,,,,,,,,,,,,,
AL,UNNAMED,1928,2,42,19280815,600,,TS,32.1N,85.6W,35,,,,,,,,,,,,,
AL,UNNAMED,1928,2,42,19280815,1200,,TD,33.0N,85.4W,30,,,,,,,,,,,,,
AL,UNNAMED,1928,2,42,19280815,1800,,TD,33.9N,85.0W,30,,,,,,,,,,,,,
AL,UNNAMED,1928,2,42,19280816,0,,TD,34.7N,84.5W,30,,,,,,,,,,,,,
AL,UNNAMED,1928,2,42,19280816,600,,TD,35.5N,83.9W,30,,,,,,,,,,,,,
AL,UNNAMED,1928,2,42,19280816,1200,,TD,36.5N,83.3W,25,,,,,,,,,,,,,
AL,UNNAMED,1928,2,42,19280816,1800,,TD,37.5N,82.5W,25,,,,,,,,,,,,,
AL,UNNAMED,1928,2,42,19280817,0,,TD,38.4N,81.6W,25,,,,,,,,,,,,,
AL,UNNAMED,1928,2,42,19280817,600,,TD,39.2N,80.5W,20,,,,,,,,,,,,,
AL,UNNAMED,1928,3,29,19280901,1800,,TD,17.2N,72.8W,25,,,,,,,,,,,,,
AL,UNNAMED,1928,3,29,19280902,0,,TD,17.3N,73.8W,30,,,,,,,,,,,,,
AL,UNNAMED,1928,3,29,19280902,600,,TD,17.4N,74.8W,30,,,,,,,,,,,,,
AL,UNNAMED,1928,3,29,19280902,1200,,TS,17.6N,76.0W,35,,,,,,,,,,,,,
AL,UNNAMED,1928,3,29,19280902,1800,,TS,17.7N,77.5W,35,,,,,,,,,,,,,
AL,UNNAMED,1928,3,29,19280903,0,,TS,17.8N,79.2W,35,,,,,,,,,,,,,
AL,UNNAMED,1928,3,29,19280903,600,,TS,17.9N,80.7W,40,,,,,,,,,,,,,
AL,UNNAMED,1928,3,29,19280903,1200,,TS,18.0N,82.0W,40,,,,,,,,,,,,,
AL,UNNAMED,1928,3,29,19280903,1800,,TS,18.2N,83.0W,45,,,,,,,,,,,,,
AL,UNNAMED,1928,3,29,19280904,0,,TS,18.5N,83.8W,50,,,,,,,,,,,,,
AL,UNNAMED,1928,3,29,19280904,600,,TS,18.7N,84.4W,50,,,,,,,,,,,,,
AL,UNNAMED,1928,3,29,19280904,1200,,TS,19.0N,85.0W,50,,,,,,,,,,,,,
AL,UNNAMED,1928,3,29,19280904,1800,,TS,19.2N,85.8W,50,,,,,,,,,,,,,
AL,UNNAMED,1928,3,29,19280905,0,,TS,19.4N,86.7W,50,,,,,,,,,,,,,
AL,UNNAMED,1928,3,29,19280905,600,,TS,19.6N,87.5W,50,,,,,,,,,,,,,
AL,UNNAMED,1928,3,29,19280905,1200,,TS,19.8N,88.4W,40,,,,,,,,,,,,,
AL,UNNAMED,1928,3,29,19280905,1800,,TS,20.0N,89.3W,35,,,,,,,,,,,,,
AL,UNNAMED,1928,3,29,19280906,0,,TS,20.3N,90.3W,35,,,,,,,,,,,,,
AL,UNNAMED,1928,3,29,19280906,600,,TS,20.5N,91.3W,40,,,,,,,,,,,,,
AL,UNNAMED,1928,3,29,19280906,1200,,TS,20.8N,92.2W,40,,,,,,,,,,,,,
AL,UNNAMED,1928,3,29,19280906,1800,,TS,21.1N,93.0W,45,,,,,,,,,,,,,
AL,UNNAMED,1928,3,29,19280907,0,,TS,21.4N,93.8W,45,,,,,,,,,,,,,
AL,UNNAMED,1928,3,29,19280907,600,,TS,21.7N,94.5W,45,,,,,,,,,,,,,
AL,UNNAMED,1928,3,29,19280907,1200,,TS,22.0N,95.1W,45,,,,,,,,,,,,,
AL,UNNAMED,1928,3,29,19280907,1800,,TS,22.3N,95.7W,45,,,,,,,,,,,,,
AL,UNNAMED,1928,3,29,19280908,0,,TS,22.7N,96.4W,45,,,,,,,,,,,,,
AL,UNNAMED,1928,3,29,19280908,600,,TS,23.1N,97.3W,40,,,,,,,,,,,,,
AL,UNNAMED,1928,3,29,19280908,1200,,TS,24.0N,98.5W,35,,,,,,,,,,,,,
AL,UNNAMED,1928,3,29,19280908,1800,,TD,24.8N,99.7W,30,,,,,,,,,,,,,
AL,UNNAMED,1928,4,62,19280906,0,,TD,14.2N,17.0W,30,,,,,,,,,,,,,
AL,UNNAMED,1928,4,62,19280906,600,,TD,14.1N,18.5W,30,,,,,,,,,,,,,
AL,UNNAMED,1928,4,62,19280906,1200,,TS,14.0N,20.0W,35,,,,,,,,,,,,,
AL,UNNAMED,1928,4,62,19280906,1800,,TS,13.8N,21.6W,40,,,,,,,,,,,,,
AL,UNNAMED,1928,4,62,19280907,0,,TS,13.7N,23.2W,45,,,,,,,,,,,,,
AL,UNNAMED,1928,4,62,19280907,600,,TS,13.6N,24.8W,50,,,,,,,,,,,,,
AL,UNNAMED,1928,4,62,19280907,1200,,TS,13.5N,26.5W,55,,,,,,,,,,,,,
AL,UNNAMED,1928,4,62,19280907,1800,,TS,13.5N,28.2W,60,,,,,,,,,,,,,
AL,UNNAMED,1928,4,62,19280908,0,,TS,13.5N,30.0W,60,,,,,,,,,,,,,
AL,UNNAMED,1928,4,62,19280908,600,,TS,13.6N,31.7W,60,,,,,,,,,,,,,
AL,UNNAMED,1928,4,62,19280908,1200,,TS,13.7N,33.5W,60,,,,,,,,,,,,,
AL,UNNAMED,1928,4,62,19280908,1800,,TS,13.8N,35.2W,60,,,,,,,,,,,,,
AL,UNNAMED,1928,4,62,19280909,0,,TS,13.9N,37.0W,60,,,,,,,,,,,,,
AL,UNNAMED,1928,4,62,19280909,600,,TS,14.0N,38.7W,60,,,,,,,,,,,,,
AL,UNNAMED,1928,4,62,19280909,1200,,TS,14.2N,40.5W,60,,,,,,,,,,,,,
AL,UNNAMED,1928,4,62,19280909,1800,,TS,14.3N,42.2W,60,,,,,,,,,,,,,
AL,UNNAMED,1928,4,62,19280910,0,,TS,14.4N,44.0W,60,,,,,,,,,,,,,
AL,UNNAMED,1928,4,62,19280910,600,,TS,14.5N,45.7W,60,,,,,,,,,,,,,
AL,UNNAMED,1928,4,62,19280910,1200,,TS,14.7N,47.5W,60,,,,,,,,,,,,,
AL,UNNAMED,1928,4,62,19280910,1800,,HU,14.9N,49.2W,65,,,,,,,,,,,,,
AL,UNNAMED,1928,4,62,19280911,0,,HU,15.2N,50.9W,70,,,,,,,,,,,,,
AL,UNNAMED,1928,4,62,19280911,600,,HU,15.5N,52.6W,75,,,,,,,,,,,,,
AL,UNNAMED,1928,4,62,19280911,1200,,HU,15.8N,54.2W,80,,,,,,,,,,,,,
AL,UNNAMED,1928,4,62,19280911,1800,,HU,15.9N,55.8W,85,,,,,,,,,,,,,
AL,UNNAMED,1928,4,62,19280912,0,,HU,15.9N,57.3W,95,,,,,,,,,,,,,
AL,UNNAMED,1928,4,62,19280912,600,,HU,15.9N,58.8W,100,,,,,,,,,,,,,
AL,UNNAMED,1928,4,62,19280912,1200,,HU,16.0N,60.3W,110,,,,,,,,,,,,,
AL,UNNAMED,1928,4,62,19280912,1800,,HU,16.2N,61.5W,120,940,,,,,,,,,,,,
AL,UNNAMED,1928,4,62,19280913,0,,HU,16.5N,62.6W,130,,,,,,,,,,,,,
AL,UNNAMED,1928,4,62,19280913,600,,HU,17.0N,63.6W,135,,,,,,,,,,,,,
AL,UNNAMED,1928,4,62,19280913,1200,,HU,17.5N,64.8W,140,,,,,,,,,,,,,
AL,UNNAMED,1928,4,62,19280913,1800,,HU,18.0N,65.9W,140,931,,,,,,,,,,,,
AL,UNNAMED,1928,4,62,19280914,0,,HU,18.4N,66.9W,120,941,,,,,,,,,,,,
AL,UNNAMED,1928,4,62,19280914,600,,HU,18.9N,68.0W,125,,,,,,,,,,,,,
AL,UNNAMED,1928,4,62,19280914,1200,,HU,19.4N,69.0W,130,,,,,,,,,,,,,
AL,UNNAMED,1928,4,62,19280914,1800,,HU,19.9N,70.0W,135,,,,,,,,,,,,,
AL,UNNAMED,1928,4,62,19280915,0,,HU,20.7N,70.8W,135,,,,,,,,,,,,,
AL,UNNAMED,1928,4,62,19280915,600,,HU,21.5N,71.7W,135,,,,,,,,,,,,,
AL,UNNAMED,1928,4,62,19280915,1200,,HU,22.2N,72.7W,135,,,,,,,,,,,,,
AL,UNNAMED,1928,4,62,19280915,1800,,HU,22.9N,73.8W,135,,,,,,,,,,,,,
AL,UNNAMED,1928,4,62,19280916,0,,HU,23.7N,75.0W,135,,,,,,,,,,,,,
AL,UNNAMED,1928,4,62,19280916,600,,HU,24.5N,76.3W,135,,,,,,,,,,,,,
AL,UNNAMED,1928,4,62,19280916,1200,,HU,25.3N,77.6W,135,,,,,,,,,,,,,
AL,UNNAMED,1928,4,62,19280916,1800,,HU,26.0N,78.8W,130,,,,,,,,,,,,,
AL,UNNAMED,1928,4,62,19280917,0,L,HU,26.7N,80.0W,125,929,,,,,,,,,,,,
AL,UNNAMED,1928,4,62,19280917,600,,HU,27.2N,81.1W,100,,,,,,,,,,,,,
AL,UNNAMED,1928,4,62,19280917,1200,,HU,27.8N,82.0W,85,,,,,,,,,,,,,
AL,UNNAMED,1928,4,62,19280917,1800,,HU,28.6N,82.2W,75,,,,,,,,,,,,,
AL,UNNAMED,1928,4,62,19280918,0,,HU,29.4N,82.0W,70,,,,,,,,,,,,,
AL,UNNAMED,1928,4,62,19280918,600,,HU,30.1N,81.7W,65,977,,,,,,,,,,,,
AL,UNNAMED,1928,4,62,19280918,1200,,HU,31.1N,81.1W,75,976,,,,,,,,,,,,
AL,UNNAMED,1928,4,62,19280918,1800,,HU,32.4N,80.5W,75,977,,,,,,,,,,,,
AL,UNNAMED,1928,4,62,19280918,1900,L,HU,32.5N,80.3W,75,976,,,,,,,,,,,,
AL,UNNAMED,1928,4,62,19280919,0,,TS,33.8N,79.2W,60,,,,,,,,,,,,,
AL,UNNAMED,1928,4,62,19280919,600,,TS,34.8N,78.3W,60,,,,,,,,,,,,,
AL,UNNAMED,1928,4,62,19280919,1200,,EX,35.8N,77.5W,70,,,,,,,,,,,,,
AL,UNNAMED,1928,4,62,19280919,1800,,EX,36.8N,77.3W,60,,,,,,,,,,,,,
AL,UNNAMED,1928,4,62,19280920,0,,EX,38.0N,77.5W,50,,,,,,,,,,,,,
AL,UNNAMED,1928,4,62,19280920,600,,EX,39.7N,78.0W,40,,,,,,,,,,,,,
AL,UNNAMED,1928,4,62,19280920,1200,,EX,41.5N,79.0W,35,1008,,,,,,,,,,,,
AL,UNNAMED,1928,4,62,19280920,1800,,EX,43.5N,79.2W,30,,,,,,,,,,,,,
AL,UNNAMED,1928,4,62,19280921,0,,EX,45.5N,79.0W,25,1002,,,,,,,,,,,,
AL,UNNAMED,1928,5,20,19280908,1200,,TS,18.0N,48.0W,35,,,,,,,,,,,,,
AL,UNNAMED,1928,5,20,19280908,1800,,TS,19.0N,48.6W,35,,,,,,,,,,,,,
AL,UNNAMED,1928,5,20,19280909,0,,TS,20.1N,49.3W,40,,,,,,,,,,,,,
AL,UNNAMED,1928,5,20,19280909,600,,TS,21.4N,50.1W,45,,,,,,,,,,,,,
AL,UNNAMED,1928,5,20,19280909,1200,,TS,23.0N,51.0W,50,,,,,,,,,,,,,
AL,UNNAMED,1928,5,20,19280909,1800,,TS,24.9N,52.5W,55,,,,,,,,,,,,,
AL,UNNAMED,1928,5,20,19280910,0,,TS,27.0N,54.0W,60,,,,,,,,,,,,,
AL,UNNAMED,1928,5,20,19280910,600,,TS,29.3N,54.3W,60,,,,,,,,,,,,,
AL,UNNAMED,1928,5,20,19280910,1200,,TS,31.5N,54.0W,60,,,,,,,,,,,,,
AL,UNNAMED,1928,5,20,19280910,1800,,TS,33.5N,53.0W,60,,,,,,,,,,,,,
AL,UNNAMED,1928,5,20,19280911,0,,TS,35.4N,50.3W,60,,,,,,,,,,,,,
AL,UNNAMED,1928,5,20,19280911,600,,EX,37.2N,48.0W,60,,,,,,,,,,,,,
AL,UNNAMED,1928,5,20,19280911,1200,,EX,39.0N,45.0W,60,,,,,,,,,,,,,
AL,UNNAMED,1928,5,20,19280911,1800,,EX,40.6N,42.5W,60,984,,,,,,,,,,,,
AL,UNNAMED,1928,5,20,19280912,0,,EX,42.0N,40.0W,60,,,,,,,,,,,,,
AL,UNNAMED,1928,5,20,19280912,600,,EX,43.2N,37.5W,60,,,,,,,,,,,,,
AL,UNNAMED,1928,5,20,19280912,1200,,EX,44.5N,35.0W,60,,,,,,,,,,,,,
AL,UNNAMED,1928,5,20,19280912,1800,,EX,46.0N,32.5W,55,,,,,,,,,,,,,
AL,UNNAMED,1928,5,20,19280913,0,,EX,47.7N,30.5W,50,,,,,,,,,,,,,
AL,UNNAMED,1928,5,20,19280913,600,,EX,49.5N,29.0W,45,,,,,,,,,,,,,
AL,UNNAMED,1928,6,22,19281010,0,,TS,16.7N,35.6W,40,,,,,,,,,,,,,
AL,UNNAMED,1928,6,22,19281010,600,,TS,17.3N,36.3W,45,,,,,,,,,,,,,
AL,UNNAMED,1928,6,22,19281010,1200,,TS,18.0N,37.0W,50,,,,,,,,,,,,,
AL,UNNAMED,1928,6,22,19281010,1800,,TS,18.7N,37.7W,55,,,,,,,,,,,,,
AL,UNNAMED,1928,6,22,19281011,0,,TS,19.4N,38.4W,60,,,,,,,,,,,,,
AL,UNNAMED,1928,6,22,19281011,600,,TS,20.2N,39.1W,60,,,,,,,,,,,,,
AL,UNNAMED,1928,6,22,19281011,1200,,TS,21.0N,39.8W,60,,,,,,,,,,,,,
AL,UNNAMED,1928,6,22,19281011,1800,,TS,21.8N,40.5W,60,,,,,,,,,,,,,
AL,UNNAMED,1928,6,22,19281012,0,,TS,22.7N,41.1W,60,,,,,,,,,,,,,
AL,UNNAMED,1928,6,22,19281012,600,,TS,23.6N,41.8W,60,,,,,,,,,,,,,
AL,UNNAMED,1928,6,22,19281012,1200,,TS,24.5N,42.5W,60,,,,,,,,,,,,,
AL,UNNAMED,1928,6,22,19281012,1800,,TS,25.5N,43.4W,60,,,,,,,,,,,,,
AL,UNNAMED,1928,6,22,19281013,0,,HU,26.6N,44.5W,65,,,,,,,,,,,,,
AL,UNNAMED,1928,6,22,19281013,600,,HU,27.7N,45.4W,70,,,,,,,,,,,,,
AL,UNNAMED,1928,6,22,19281013,1200,,HU,29.0N,46.0W,70,,,,,,,,,,,,,
AL,UNNAMED,1928,6,22,19281013,1800,,HU,30.5N,45.9W,75,,,,,,,,,,,,,
AL,UNNAMED,1928,6,22,19281014,0,,HU,32.2N,45.2W,80,,,,,,,,,,,,,
AL,UNNAMED,1928,6,22,19281014,600,,HU,34.2N,43.5W,80,,,,,,,,,,,,,
AL,UNNAMED,1928,6,22,19281014,1200,,HU,36.3N,41.0W,80,,,,,,,,,,,,,
AL,UNNAMED,1928,6,22,19281014,1800,,HU,38.0N,39.0W,75,,,,,,,,,,,,,
AL,UNNAMED,1928,6,22,19281015,0,,HU,39.5N,37.5W,65,,,,,,,,,,,,,
AL,UNNAMED,1928,6,22,19281015,600,,EX,40.5N,36.5W,50,,,,,,,,,,,,,
AL,UNNAMED,1929,1,15,19290627,0,,TS,21.3N,93.3W,35,,,,,,,,,,,,,
AL,UNNAMED,1929,1,15,19290627,600,,TS,22.5N,93.4W,35,,,,,,,,,,,,,
AL,UNNAMED,1929,1,15,19290627,1200,,TS,23.6N,93.6W,45,,,,,,,,,,,,,
AL,UNNAMED,1929,1,15,19290627,1800,,TS,24.5N,93.9W,55,,,,,,,,,,,,,
AL,UNNAMED,1929,1,15,19290628,0,,HU,25.4N,94.3W,65,,,,,,,,,,,,,
AL,UNNAMED,1929,1,15,19290628,600,,HU,26.2N,94.7W,70,,,,,,,,,,,,,
AL,UNNAMED,1929,1,15,19290628,1200,,HU,27.0N,95.3W,75,,,,,,,,,,,,,
AL,UNNAMED,1929,1,15,19290628,1800,,HU,27.8N,96.0W,80,982,,,,,,,,,,,,
AL,UNNAMED,1929,1,15,19290628,2100,L,HU,28.3N,96.4W,80,982,,,,,,,,,,,,
AL,UNNAMED,1929,1,15,19290629,0,,HU,28.8N,97.1W,65,985,,,,,,,,,,,,
AL,UNNAMED,1929,1,15,19290629,600,,TS,29.4N,98.7W,55,,,,,,,,,,,,,
AL,UNNAMED,1929,1,15,19290629,1200,,TS,30.0N,101.0W,50,,,,,,,,,,,,,
AL,UNNAMED,1929,1,15,19290629,1800,,TS,30.8N,103.5W,45,,,,,,,,,,,,,
AL,UNNAMED,1929,1,15,19290630,0,,TS,31.8N,106.5W,40,1008,,,,,,,,,,,,
AL,UNNAMED,1929,1,15,19290630,600,,TD,33.0N,109.5W,30,,,,,,,,,,,,,
AL,UNNAMED,1929,2,67,19290919,0,,TD,23.0N,63.6W,30,,,,,,,,,,,,,
AL,UNNAMED,1929,2,67,19290919,600,,TD,23.0N,63.8W,30,,,,,,,,,,,,,
AL,UNNAMED,1929,2,67,19290919,1200,,TD,23.0N,64.0W,30,,,,,,,,,,,,,
AL,UNNAMED,1929,2,67,19290919,1800,,TD,23.0N,64.2W,30,,,,,,,,,,,,,
AL,UNNAMED,1929,2,67,19290920,0,,TD,23.1N,64.4W,30,,,,,,,,,,,,,
AL,UNNAMED,1929,2,67,19290920,600,,TD,23.1N,64.7W,30,,,,,,,,,,,,,
AL,UNNAMED,1929,2,67,19290920,1200,,TD,23.2N,65.0W,30,,,,,,,,,,,,,
AL,UNNAMED,1929,2,67,19290920,1800,,TD,23.2N,65.5W,30,,,,,,,,,,,,,
AL,UNNAMED,1929,2,67,19290921,0,,TD,23.3N,66.0W,30,,,,,,,,,,,,,
AL,UNNAMED,1929,2,67,19290921,600,,TD,23.4N,66.5W,30,,,,,,,,,,,,,
AL,UNNAMED,1929,2,67,19290921,1200,,TD,23.5N,67.0W,30,,,,,,,,,,,,,
AL,UNNAMED,1929,2,67,19290921,1800,,TD,23.6N,67.5W,30,,,,,,,,,,,,,
AL,UNNAMED,1929,2,67,19290922,0,,TS,23.7N,68.0W,35,,,,,,,,,,,,,
AL,UNNAMED,1929,2,67,19290922,600,,TS,23.8N,68.5W,40,,,,,,,,,,,,,
AL,UNNAMED,1929,2,67,19290922,1200,,TS,24.0N,69.0W,45,,,,,,,,,,,,,
AL,UNNAMED,1929,2,67,19290922,1800,,TS,24.4N,69.5W,50,,,,,,,,,,,,,
AL,UNNAMED,1929,2,67,19290923,0,,TS,25.0N,70.0W,55,,,,,,,,,,,,,
AL,UNNAMED,1929,2,67,19290923,600,,TS,25.6N,70.6W,60,,,,,,,,,,,,,
AL,UNNAMED,1929,2,67,19290923,1200,,HU,26.0N,71.2W,65,,,,,,,,,,,,,
AL,UNNAMED,1929,2,67,19290923,1800,,HU,26.4N,71.9W,70,,,,,,,,,,,,,
AL,UNNAMED,1929,2,67,19290924,0,,HU,26.7N,72.8W,75,,,,,,,,,,,,,
AL,UNNAMED,1929,2,67,19290924,600,,HU,26.9N,73.7W,75,,,,,,,,,,,,,
AL,UNNAMED,1929,2,67,19290924,1200,,HU,27.0N,74.4W,85,,,,,,,,,,,,,
AL,UNNAMED,1929,2,67,19290924,1800,,HU,27.0N,74.9W,95,,,,,,,,,,,,,
AL,UNNAMED,1929,2,67,19290925,0,,HU,26.7N,75.4W,105,,,,,,,,,,,,,
AL,UNNAMED,1929,2,67,19290925,600,,HU,26.3N,75.9W,115,,,,,,,,,,,,,
AL,UNNAMED,1929,2,67,19290925,1200,,HU,25.9N,76.3W,125,,,,,,,,,,,,,
AL,UNNAMED,1929,2,67,19290925,1800,,HU,25.6N,76.6W,135,924,,,,,,,,,,,,
AL,UNNAMED,1929,2,67,19290926,0,,HU,25.2N,77.0W,125,936,,,,,,,,,,,,
AL,UNNAMED,1929,2,67,19290926,600,,HU,24.9N,77.3W,120,,,,,,,,,,,,,
AL,UNNAMED,1929,2,67,19290926,1200,,HU,24.6N,77.7W,120,,,,,,,,,,,,,
AL,UNNAMED,1929,2,67,19290926,1800,,HU,24.4N,78.0W,120,,,,,,,,,,,,,
AL,UNNAMED,1929,2,67,19290927,0,,HU,24.2N,78.4W,120,,,,,,,,,,,,,
AL,UNNAMED,1929,2,67,19290927,600,,HU,24.1N,78.8W,120,,,,,,,,,,,,,
AL,UNNAMED,1929,2,67,19290927,1200,,HU,24.2N,79.1W,115,,,,,,,,,,,,,
AL,UNNAMED,1929,2,67,19290927,1800,,HU,24.3N,79.4W,110,,,,,,,,,,,,,
AL,UNNAMED,1929,2,67,19290928,0,,HU,24.5N,79.7W,105,,,,,,,,,,,,,
AL,UNNAMED,1929,2,67,19290928,600,,HU,24.7N,80.0W,100,,,,,,,,,,,,,
AL,UNNAMED,1929,2,67,19290928,1200,,HU,24.9N,80.4W,100,948,,,,,,,,,,,,
AL,UNNAMED,1929,2,67,19290928,1300,L,HU,25.0N,80.5W,100,948,,,,,,,,,,,,
AL,UNNAMED,1929,2,67,19290928,1800,,HU,25.1N,81.0W,95,,,,,,,,,,,,,
AL,UNNAMED,1929,2,67,19290929,0,,HU,25.4N,81.7W,90,,,,,,,,,,,,,
AL,UNNAMED,1929,2,67,19290929,600,,HU,25.9N,82.5W,90,,,,,,,,,,,,,
AL,UNNAMED,1929,2,67,19290929,1200,,HU,26.4N,83.5W,90,,,,,,,,,,,,,
AL,UNNAMED,1929,2,67,19290929,1800,,HU,27.0N,84.5W,90,,,,,,,,,,,,,
AL,UNNAMED,1929,2,67,19290930,0,,HU,27.6N,85.3W,85,,,,,,,,,,,,,
AL,UNNAMED,1929,2,67,19290930,600,,HU,28.2N,85.7W,85,,,,,,,,,,,,,
AL,UNNAMED,1929,2,67,19290930,1200,,HU,28.8N,86.0W,80,,,,,,,,,,,,,
AL,UNNAMED,1929,2,67,19290930,1800,,HU,29.4N,86.2W,75,,,,,,,,,,,,,
AL,UNNAMED,1929,2,67,19291001,0,,HU,29.9N,86.0W,70,,,,,,,,,,,,,
AL,UNNAMED,1929,2,67,19291001,400,L,HU,30.2N,85.7W,70,975,,,,,,,,,,,,
AL,UNNAMED,1929,2,67,19291001,600,,TS,30.4N,85.4W,60,975,,,,,,,,,,,,
AL,UNNAMED,1929,2,67,19291001,1200,,EX,31.0N,84.2W,55,986,,,,,,,,,,,,
AL,UNNAMED,1929,2,67,19291001,1800,,EX,32.0N,82.7W,50,,,,,,,,,,,,,
AL,UNNAMED,1929,2,67,19291002,0,,EX,33.5N,81.1W,50,,,,,,,,,,,,,
AL,UNNAMED,1929,2,67,19291002,600,,EX,35.2N,79.5W,50,,,,,,,,,,,,,
AL,UNNAMED,1929,2,67,19291002,1200,,EX,36.7N,78.0W,50,,,,,,,,,,,,,
AL,UNNAMED,1929,2,67,19291002,1800,,EX,38.3N,77.0W,50,,,,,,,,,,,,,
AL,UNNAMED,1929,2,67,19291003,0,,EX,39.9N,76.3W,50,,,,,,,,,,,,,
AL,UNNAMED,1929,2,67,19291003,600,,EX,41.5N,75.5W,50,,,,,,,,,,,,,
AL,UNNAMED,1929,2,67,19291003,1200,,EX,42.8N,74.5W,50,,,,,,,,,,,,,
AL,UNNAMED,1929,2,67,19291003,1800,,EX,44.1N,73.4W,50,,,,,,,,,,,,,
AL,UNNAMED,1929,2,67,19291004,0,,EX,45.3N,72.1W,45,,,,,,,,,,,,,
AL,UNNAMED,1929,2,67,19291004,600,,EX,46.3N,70.6W,45,,,,,,,,,,,,,
AL,UNNAMED,1929,2,67,19291004,1200,,EX,47.2N,69.1W,40,,,,,,,,,,,,,
AL,UNNAMED,1929,2,67,19291004,1800,,EX,48.0N,67.1W,40,,,,,,,,,,,,,
AL,UNNAMED,1929,2,67,19291005,0,,EX,48.8N,64.5W,35,,,,,,,,,,,,,
AL,UNNAMED,1929,3,20,19290925,0,,TD,32.0N,66.5W,30,,,,,,,,,,,,,
AL,UNNAMED,1929,3,20,19290925,600,,TD,32.5N,67.0W,30,,,,,,,,,,,,,
AL,UNNAMED,1929,3,20,19290925,1200,,TS,33.0N,67.5W,35,1005,,,,,,,,,,,,
AL,UNNAMED,1929,3,20,19290925,1800,,TS,33.5N,68.0W,40,,,,,,,,,,,,,
AL,UNNAMED,1929,3,20,19290926,0,,TS,34.0N,68.5W,45,,,,,,,,,,,,,
AL,UNNAMED,1929,3,20,19290926,600,,TS,34.7N,68.8W,50,,,,,,,,,,,,,
AL,UNNAMED,1929,3,20,19290926,1200,,TS,35.5N,69.0W,50,,,,,,,,,,,,,
AL,UNNAMED,1929,3,20,19290926,1800,,TS,36.2N,69.1W,50,,,,,,,,,,,,,
AL,UNNAMED,1929,3,20,19290927,0,,TS,37.0N,69.0W,50,,,,,,,,,,,,,
AL,UNNAMED,1929,3,20,19290927,600,,EX,37.9N,68.7W,50,,,,,,,,,,,,,
AL,UNNAMED,1929,3,20,19290927,1200,,EX,38.8N,68.0W,50,,,,,,,,,,,,,
AL,UNNAMED,1929,3,20,19290927,1800,,EX,39.5N,67.1W,50,,,,,,,,,,,,,
AL,UNNAMED,1929,3,20,19290928,0,,EX,40.1N,66.1W,50,,,,,,,,,,,,,
AL,UNNAMED,1929,3,20,19290928,600,,EX,40.7N,65.0W,50,,,,,,,,,,,,,
AL,UNNAMED,1929,3,20,19290928,1200,,EX,41.3N,63.7W,50,,,,,,,,,,,,,
AL,UNNAMED,1929,3,20,19290928,1800,,EX,41.9N,61.9W,50,,,,,,,,,,,,,
AL,UNNAMED,1929,3,20,19290929,0,,EX,42.6N,59.5W,50,,,,,,,,,,,,,
AL,UNNAMED,1929,3,20,19290929,600,,EX,43.3N,56.0W,45,,,,,,,,,,,,,
AL,UNNAMED,1929,3,20,19290929,1200,,EX,44.0N,51.5W,40,,,,,,,,,,,,,
AL,UNNAMED,1929,3,20,19290929,1800,,EX,44.8N,46.5W,35,,,,,,,,,,,,,
AL,UNNAMED,1929,4,22,19291015,0,,TS,31.8N,37.4W,50,,,,,,,,,,,,,
AL,UNNAMED,1929,4,22,19291015,600,,TS,31.5N,38.2W,55,,,,,,,,,,,,,
AL,UNNAMED,1929,4,22,19291015,1200,,TS,31.2N,39.0W,60,,,,,,,,,,,,,
AL,UNNAMED,1929,4,22,19291015,1800,,TS,31.0N,39.8W,60,,,,,,,,,,,,,
AL,UNNAMED,1929,4,22,19291016,0,,TS,30.8N,40.6W,60,,,,,,,,,,,,,
AL,UNNAMED,1929,4,22,19291016,600,,TS,30.6N,41.3W,60,,,,,,,,,,,,,
AL,UNNAMED,1929,4,22,19291016,1200,,TS,30.4N,42.0W,60,,,,,,,,,,,,,
AL,UNNAMED,1929,4,22,19291016,1800,,TS,30.2N,42.6W,60,,,,,,,,,,,,,
AL,UNNAMED,1929,4,22,19291017,0,,TS,30.0N,43.1W,60,,,,,,,,,,,,,
AL,UNNAMED,1929,4,22,19291017,600,,TS,29.9N,43.6W,60,,,,,,,,,,,,,
AL,UNNAMED,1929,4,22,19291017,1200,,TS,29.7N,44.2W,60,,,,,,,,,,,,,
AL,UNNAMED,1929,4,22,19291017,1800,,TS,29.8N,45.0W,60,,,,,,,,,,,,,
AL,UNNAMED,1929,4,22,19291018,0,,TS,30.4N,46.0W,60,,,,,,,,,,,,,
AL,UNNAMED,1929,4,22,19291018,600,,TS,31.3N,47.2W,60,,,,,,,,,,,,,
AL,UNNAMED,1929,4,22,19291018,1200,,TS,32.5N,48.2W,60,,,,,,,,,,,,,
AL,UNNAMED,1929,4,22,19291018,1800,,TS,33.7N,49.2W,60,,,,,,,,,,,,,
AL,UNNAMED,1929,4,22,19291019,0,,TS,34.9N,50.2W,60,,,,,,,,,,,,,
AL,UNNAMED,1929,4,22,19291019,600,,TS,36.2N,51.0W,60,,,,,,,,,,,,,
AL,UNNAMED,1929,4,22,19291019,1200,,TS,37.5N,51.5W,60,,,,,,,,,,,,,
AL,UNNAMED,1929,4,22,19291019,1800,,EX,39.0N,51.3W,55,,,,,,,,,,,,,
AL,UNNAMED,1929,4,22,19291020,0,,EX,40.5N,50.0W,45,,,,,,,,,,,,,
AL,UNNAMED,1929,4,22,19291020,600,,EX,42.0N,48.0W,40,,,,,,,,,,,,,
AL,UNNAMED,1929,5,15,19291019,1200,,TD,26.5N,51.5W,30,,,,,,,,,,,,,
AL,UNNAMED,1929,5,15,19291019,1800,,TD,26.5N,50.9W,30,,,,,,,,,,,,,
AL,UNNAMED,1929,5,15,19291020,0,,TS,26.5N,50.3W,35,,,,,,,,,,,,,
AL,UNNAMED,1929,5,15,19291020,600,,TS,26.5N,49.7W,40,,,,,,,,,,,,,
AL,UNNAMED,1929,5,15,19291020,1200,,TS,26.7N,49.0W,45,,,,,,,,,,,,,
AL,UNNAMED,1929,5,15,19291020,1800,,TS,27.5N,48.0W,50,,,,,,,,,,,,,
AL,UNNAMED,1929,5,15,19291021,0,,TS,28.8N,46.8W,55,,,,,,,,,,,,,
AL,UNNAMED,1929,5,15,19291021,600,,TS,30.6N,45.6W,60,,,,,,,,,,,,,
AL,UNNAMED,1929,5,15,19291021,1200,,HU,32.7N,45.2W,65,,,,,,,,,,,,,
AL,UNNAMED,1929,5,15,19291021,1800,,HU,34.7N,45.6W,70,,,,,,,,,,,,,
AL,UNNAMED,1929,5,15,19291022,0,,HU,36.5N,46.1W,70,,,,,,,,,,,,,
AL,UNNAMED,1929,5,15,19291022,600,,EX,38.4N,46.7W,70,,,,,,,,,,,,,
AL,UNNAMED,1929,5,15,19291022,1200,,EX,40.3N,47.4W,65,,,,,,,,,,,,,
AL,UNNAMED,1929,5,15,19291022,1800,,EX,42.0N,47.9W,60,,,,,,,,,,,,,
AL,UNNAMED,1929,5,15,19291023,0,,EX,43.5N,48.0W,50,,,,,,,,,,,,,
AL,UNNAMED,1930,1,50,19300821,1800,,TS,20.6N,54.5W,45,,,,,,,,,,,,,
AL,UNNAMED,1930,1,50,19300822,0,,TS,20.8N,55.1W,50,,,,,,,,,,,,,
AL,UNNAMED,1930,1,50,19300822,600,,TS,21.0N,55.8W,55,,,,,,,,,,,,,
AL,UNNAMED,1930,1,50,19300822,1200,,TS,21.3N,56.6W,55,,,,,,,,,,,,,
AL,UNNAMED,1930,1,50,19300822,1800,,TS,21.5N,57.2W,55,,,,,,,,,,,,,
AL,UNNAMED,1930,1,50,19300823,0,,TS,21.7N,57.7W,55,,,,,,,,,,,,,
AL,UNNAMED,1930,1,50,19300823,600,,TS,21.8N,58.0W,55,,,,,,,,,,,,,
AL,UNNAMED,1930,1,50,19300823,1200,,TS,21.9N,58.3W,55,,,,,,,,,,,,,
AL,UNNAMED,1930,1,50,19300823,1800,,TS,21.9N,58.6W,55,,,,,,,,,,,,,
AL,UNNAMED,1930,1,50,19300824,0,,TS,21.9N,58.8W,60,,,,,,,,,,,,,
AL,UNNAMED,1930,1,50,19300824,600,,HU,22.0N,59.1W,65,,,,,,,,,,,,,
AL,UNNAMED,1930,1,50,19300824,1200,,HU,22.2N,59.5W,70,,,,,,,,,,,,,
AL,UNNAMED,1930,1,50,19300824,1800,,HU,22.8N,60.2W,80,,,,,,,,,,,,,
AL,UNNAMED,1930,1,50,19300825,0,,HU,23.8N,61.0W,90,,,,,,,,,,,,,
AL,UNNAMED,1930,1,50,19300825,600,,HU,24.9N,61.9W,100,,,,,,,,,,,,,
AL,UNNAMED,1930,1,50,19300825,1200,,HU,26.0N,62.7W,105,,,,,,,,,,,,,
AL,UNNAMED,1930,1,50,19300825,1800,,HU,27.1N,63.5W,110,,,,,,,,,,,,,
AL,UNNAMED,1930,1,50,19300826,0,,HU,28.3N,64.3W,110,,,,,,,,,,,,,
AL,UNNAMED,1930,1,50,19300826,600,,HU,29.7N,65.2W,110,,,,,,,,,,,,,
AL,UNNAMED,1930,1,50,19300826,1200,,HU,31.4N,65.8W,110,,,,,,,,,,,,,
AL,UNNAMED,1930,1,50,19300826,1800,,HU,33.0N,66.0W,105,,,,,,,,,,,,,
AL,UNNAMED,1930,1,50,19300827,0,,HU,34.4N,65.8W,100,,,,,,,,,,,,,
AL,UNNAMED,1930,1,50,19300827,600,,HU,35.7N,65.0W,95,,,,,,,,,,,,,
AL,UNNAMED,1930,1,50,19300827,1200,,HU,37.0N,64.0W,90,,,,,,,,,,,,,
AL,UNNAMED,1930,1,50,19300827,1800,,HU,38.3N,62.3W,85,,,,,,,,,,,,,
AL,UNNAMED,1930,1,50,19300828,0,,HU,39.5N,60.4W,85,,,,,,,,,,,,,
AL,UNNAMED,1930,1,50,19300828,600,,EX,40.6N,58.3W,85,,,,,,,,,,,,,
AL,UNNAMED,1930,1,50,19300828,1200,,EX,41.6N,56.0W,85,,,,,,,,,,,,,
AL,UNNAMED,1930,1,50,19300828,1800,,EX,42.0N,53.0W,85,,,,,,,,,,,,,
AL,UNNAMED,1930,1,50,19300829,0,,EX,42.2N,49.0W,80,,,,,,,,,,,,,
AL,UNNAMED,1930,1,50,19300829,600,,EX,42.3N,44.0W,80,,,,,,,,,,,,,
AL,UNNAMED,1930,1,50,19300829,1200,,EX,42.3N,37.5W,75,,,,,,,,,,,,,
AL,UNNAMED,1930,1,50,19300829,1800,,EX,42.3N,32.5W,75,,,,,,,,,,,,,
AL,UNNAMED,1930,1,50,19300830,0,,EX,42.3N,29.5W,75,,,,,,,,,,,,,
AL,UNNAMED,1930,1,50,19300830,600,,EX,42.4N,27.5W,70,,,,,,,,,,,,,
AL,UNNAMED,1930,1,50,19300830,1200,,EX,42.5N,26.0W,70,,,,,,,,,,,,,
AL,UNNAMED,1930,1,50,19300830,1800,,EX,42.5N,25.3W,65,,,,,,,,,,,,,
AL,UNNAMED,1930,1,50,19300831,0,,EX,42.5N,25.0W,60,,,,,,,,,,,,,
AL,UNNAMED,1930,1,50,19300831,600,,EX,42.5N,24.9W,55,,,,,,,,,,,,,
AL,UNNAMED,1930,1,50,19300831,1200,,EX,42.5N,25.0W,50,,,,,,,,,,,,,
AL,UNNAMED,1930,1,50,19300831,1800,,EX,42.7N,25.5W,50,,,,,,,,,,,,,
AL,UNNAMED,1930,1,50,19300901,0,,EX,43.0N,26.0W,55,,,,,,,,,,,,,
AL,UNNAMED,1930,1,50,19300901,600,,EX,43.3N,26.4W,60,,,,,,,,,,,,,
AL,UNNAMED,1930,1,50,19300901,1200,,EX,43.5N,26.5W,60,,,,,,,,,,,,,
AL,UNNAMED,1930,1,50,19300901,1800,,EX,43.7N,26.6W,55,,,,,,,,,,,,,
AL,UNNAMED,1930,1,50,19300902,0,,EX,43.9N,26.6W,50,,,,,,,,,,,,,
AL,UNNAMED,1930,1,50,19300902,600,,EX,44.2N,26.6W,45,,,,,,,,,,,,,
AL,UNNAMED,1930,1,50,19300902,1200,,EX,44.5N,26.5W,40,,,,,,,,,,,,,
AL,UNNAMED,1930,1,50,19300902,1800,,EX,45.0N,26.0W,35,,,,,,,,,,,,,
AL,UNNAMED,1930,1,50,19300903,0,,EX,46.0N,26.0W,30,,,,,,,,,,,,,
AL,UNNAMED,1930,2,81,19300829,0,,TD,12.8N,43.5W,30,,,,,,,,,,,,,
AL,UNNAMED,1930,2,81,19300829,600,,TD,12.9N,44.8W,30,,,,,,,,,,,,,
AL,UNNAMED,1930,2,81,19300829,1200,,TD,13.0N,46.0W,30,,,,,,,,,,,,,
AL,UNNAMED,1930,2,81,19300829,1800,,TD,13.1N,47.3W,30,,,,,,,,,,,,,
AL,UNNAMED,1930,2,81,19300830,0,,TD,13.5N,48.5W,30,,,,,,,,,,,,,
AL,UNNAMED,1930,2,81,19300830,600,,TS,13.5N,49.8W,35,,,,,,,,,,,,,
AL,UNNAMED,1930,2,81,19300830,1200,,TS,13.6N,51.0W,40,,,,,,,,,,,,,
AL,UNNAMED,1930,2,81,19300830,1800,,TS,13.7N,52.2W,45,,,,,,,,,,,,,
AL,UNNAMED,1930,2,81,19300831,0,,TS,13.8N,53.4W,50,,,,,,,,,,,,,
AL,UNNAMED,1930,2,81,19300831,600,,TS,14.0N,54.6W,60,,,,,,,,,,,,,
AL,UNNAMED,1930,2,81,19300831,1200,,HU,14.2N,55.8W,65,,,,,,,,,,,,,
AL,UNNAMED,1930,2,81,19300831,1800,,HU,14.4N,57.1W,65,,,,,,,,,,,,,
AL,UNNAMED,1930,2,81,19300901,0,,HU,14.6N,58.4W,70,,,,,,,,,,,,,
AL,UNNAMED,1930,2,81,19300901,600,,HU,14.9N,59.6W,75,,,,,,,,,,,,,
AL,UNNAMED,1930,2,81,19300901,1200,,HU,15.2N,60.8W,80,,,,,,,,,,,,,
AL,UNNAMED,1930,2,81,19300901,1800,,HU,15.6N,62.0W,85,,,,,,,,,,,,,
AL,UNNAMED,1930,2,81,19300902,0,,HU,16.2N,63.2W,90,,,,,,,,,,,,,
AL,UNNAMED,1930,2,81,19300902,600,,HU,16.6N,64.3W,95,,,,,,,,,,,,,
AL,UNNAMED,1930,2,81,19300902,1200,,HU,17.0N,65.3W,100,,,,,,,,,,,,,
AL,UNNAMED,1930,2,81,19300902,1800,,HU,17.3N,66.3W,100,,,,,,,,,,,,,
AL,UNNAMED,1930,2,81,19300903,0,,HU,17.6N,67.3W,100,,,,,,,,,,,,,
AL,UNNAMED,1930,2,81,19300903,600,,HU,17.9N,68.3W,110,,,,,,,,,,,,,
AL,UNNAMED,1930,2,81,19300903,1200,,HU,18.2N,69.2W,120,,,,,,,,,,,,,
AL,UNNAMED,1930,2,81,19300903,1800,,HU,18.4N,70.0W,135,933,,,,,,,,,,,,
AL,UNNAMED,1930,2,81,19300904,0,,HU,18.6N,71.0W,80,,,,,,,,,,,,,
AL,UNNAMED,1930,2,81,19300904,600,,TS,18.8N,72.2W,60,,,,,,,,,,,,,
AL,UNNAMED,1930,2,81,19300904,1200,,TS,19.0N,73.5W,55,,,,,,,,,,,,,
AL,UNNAMED,1930,2,81,19300904,1800,,TS,19.2N,74.9W,50,,,,,,,,,,,,,
AL,UNNAMED,1930,2,81,19300905,0,,TS,19.4N,76.3W,45,,,,,,,,,,,,,
AL,UNNAMED,1930,2,81,19300905,600,,TS,19.7N,77.7W,45,,,,,,,,,,,,,
AL,UNNAMED,1930,2,81,19300905,1200,,TS,20.0N,79.0W,40,,,,,,,,,,,,,
AL,UNNAMED,1930,2,81,19300905,1800,,TS,20.3N,80.3W,40,,,,,,,,,,,,,
AL,UNNAMED,1930,2,81,19300906,0,,TS,20.7N,81.6W,35,,,,,,,,,,,,,
AL,UNNAMED,1930,2,81,19300906,600,,TS,21.3N,82.8W,35,,,,,,,,,,,,,
AL,UNNAMED,1930,2,81,19300906,1200,,TS,22.0N,83.8W,35,,,,,,,,,,,,,
AL,UNNAMED,1930,2,81,19300906,1800,,TS,22.7N,84.4W,35,,,,,,,,,,,,,
AL,UNNAMED,1930,2,81,19300907,0,,TS,23.4N,84.7W,35,,,,,,,,,,,,,
AL,UNNAMED,1930,2,81,19300907,600,,TS,24.1N,84.8W,35,,,,,,,,,,,,,
AL,UNNAMED,1930,2,81,19300907,1200,,TS,24.7N,84.9W,35,,,,,,,,,,,,,
AL,UNNAMED,1930,2,81,19300907,1800,,TS,25.1N,84.8W,35,,,,,,,,,,,,,
AL,UNNAMED,1930,2,81,19300908,0,,TS,25.4N,84.7W,35,,,,,,,,,,,,,
AL,UNNAMED,1930,2,81,19300908,600,,TS,25.7N,84.6W,35,,,,,,,,,,,,,
AL,UNNAMED,1930,2,81,19300908,1200,,TS,26.0N,84.5W,35,,,,,,,,,,,,,
AL,UNNAMED,1930,2,81,19300908,1800,,TS,26.4N,84.2W,35,,,,,,,,,,,,,
AL,UNNAMED,1930,2,81,19300909,0,,TS,26.8N,83.7W,40,,,,,,,,,,,,,
AL,UNNAMED,1930,2,81,19300909,600,,TS,27.3N,83.0W,40,,,,,,,,,,,,,
AL,UNNAMED,1930,2,81,19300909,900,L,TS,27.5N,82.7W,40,,,,,,,,,,,,,
AL,UNNAMED,1930,2,81,19300909,1200,,TS,27.8N,82.4W,35,,,,,,,,,,,,,
AL,UNNAMED,1930,2,81,19300909,1800,,TD,28.3N,82.0W,30,,,,,,,,,,,,,
AL,UNNAMED,1930,2,81,19300910,0,,TD,28.8N,81.6W,30,,,,,,,,,,,,,
AL,UNNAMED,1930,2,81,19300910,600,,TD,29.2N,81.2W,30,,,,,,,,,,,,,
AL,UNNAMED,1930,2,81,19300910,1200,,TS,29.5N,80.8W,35,,,,,,,,,,,,,
AL,UNNAMED,1930,2,81,19300910,1800,,TS,29.7N,80.4W,40,,,,,,,,,,,,,
AL,UNNAMED,1930,2,81,19300911,0,,TS,29.9N,80.1W,40,,,,,,,,,,,,,
AL,UNNAMED,1930,2,81,19300911,600,,TS,30.1N,79.8W,45,,,,,,,,,,,,,
AL,UNNAMED,1930,2,81,19300911,1200,,TS,30.3N,79.5W,45,,,,,,,,,,,,,
AL,UNNAMED,1930,2,81,19300911,1800,,TS,30.7N,79.1W,50,,,,,,,,,,,,,
AL,UNNAMED,1930,2,81,19300912,0,,TS,31.3N,78.6W,60,,,,,,,,,,,,,
AL,UNNAMED,1930,2,81,19300912,600,,HU,32.1N,78.0W,70,,,,,,,,,,,,,
AL,UNNAMED,1930,2,81,19300912,1200,,HU,33.0N,77.2W,80,,,,,,,,,,,,,
AL,UNNAMED,1930,2,81,19300912,1800,,HU,34.0N,76.3W,80,,,,,,,,,,,,,
AL,UNNAMED,1930,2,81,19300913,0,,HU,35.1N,75.2W,80,,,,,,,,,,,,,
AL,UNNAMED,1930,2,81,19300913,600,,HU,36.3N,73.8W,80,,,,,,,,,,,,,
AL,UNNAMED,1930,2,81,19300913,1200,,HU,37.2N,72.0W,80,,,,,,,,,,,,,
AL,UNNAMED,1930,2,81,19300913,1800,,HU,37.5N,70.0W,80,,,,,,,,,,,,,
AL,UNNAMED,1930,2,81,19300914,0,,HU,37.5N,67.9W,85,,,,,,,,,,,,,
AL,UNNAMED,1930,2,81,19300914,600,,HU,37.2N,65.7W,85,,,,,,,,,,,,,
AL,UNNAMED,1930,2,81,19300914,1200,,HU,36.8N,63.5W,85,,,,,,,,,,,,,
AL,UNNAMED,1930,2,81,19300914,1800,,HU,36.7N,61.2W,85,,,,,,,,,,,,,
AL,UNNAMED,1930,2,81,19300915,0,,HU,36.9N,58.9W,80,,,,,,,,,,,,,
AL,UNNAMED,1930,2,81,19300915,600,,HU,37.4N,56.5W,80,,,,,,,,,,,,,
AL,UNNAMED,1930,2,81,19300915,1200,,HU,38.0N,54.0W,75,,,,,,,,,,,,,
AL,UNNAMED,1930,2,81,19300915,1800,,HU,38.2N,51.8W,70,,,,,,,,,,,,,
AL,UNNAMED,1930,2,81,19300916,0,,TS,37.9N,49.5W,60,,,,,,,,,,,,,
AL,UNNAMED,1930,2,81,19300916,600,,TS,37.5N,47.3W,50,,,,,,,,,,,,,
AL,UNNAMED,1930,2,81,19300916,1200,,TS,37.0N,45.1W,45,,,,,,,,,,,,,
AL,UNNAMED,1930,2,81,19300916,1800,,TS,36.7N,42.9W,40,,,,,,,,,,,,,
AL,UNNAMED,1930,2,81,19300917,0,,TS,36.5N,40.7W,35,,,,,,,,,,,,,
AL,UNNAMED,1930,2,81,19300917,600,,TD,36.4N,38.4W,30,,,,,,,,,,,,,
AL,UNNAMED,1930,2,81,19300917,1200,,TD,36.3N,36.0W,30,,,,,,,,,,,,,
AL,UNNAMED,1930,2,81,19300917,1800,,TD,36.2N,33.5W,30,,,,,,,,,,,,,
AL,UNNAMED,1930,3,12,19301018,1200,,TD,20.0N,95.5W,30,,,,,,,,,,,,,
AL,UNNAMED,1930,3,12,19301018,1800,,TS,20.0N,95.2W,35,,,,,,,,,,,,,
AL,UNNAMED,1930,3,12,19301019,0,,TS,20.0N,94.9W,45,,,,,,,,,,,,,
AL,UNNAMED,1930,3,12,19301019,600,,TS,20.1N,94.7W,60,,,,,,,,,,,,,
AL,UNNAMED,1930,3,12,19301019,1200,,TS,20.3N,94.5W,60,,,,,,,,,,,,,
AL,UNNAMED,1930,3,12,19301019,1800,,TS,20.5N,94.3W,60,,,,,,,,,,,,,
AL,UNNAMED,1930,3,12,19301020,0,,TS,20.8N,94.2W,55,,,,,,,,,,,,,
AL,UNNAMED,1930,3,12,19301020,600,,TS,21.1N,94.1W,50,,,,,,,,,,,,,
AL,UNNAMED,1930,3,12,19301020,1200,,TS,21.5N,94.0W,45,,,,,,,,,,,,,
AL,UNNAMED,1930,3,12,19301020,1800,,TS,22.0N,94.0W,40,,,,,,,,,,,,,
AL,UNNAMED,1930,3,12,19301021,0,,TS,22.6N,94.0W,35,,,,,,,,,,,,,
AL,UNNAMED,1930,3,12,19301021,600,,TD,23.3N,94.0W,30,,,,,,,,,,,,,
AL,UNNAMED,1931,1,19,19310624,1200,,TD,18.0N,87.0W,30,,,,,,,,,,,,,
AL,UNNAMED,1931,1,19,19310624,1800,,TS,18.6N,86.9W,35,,,,,,,,,,,,,
AL,UNNAMED,1931,1,19,19310625,0,,TS,19.2N,86.8W,40,,,,,,,,,,,,,
AL,UNNAMED,1931,1,19,19310625,600,,TS,19.8N,86.9W,45,,,,,,,,,,,,,
AL,UNNAMED,1931,1,19,19310625,1200,,TS,20.5N,87.0W,45,,,,,,,,,,,,,
AL,UNNAMED,1931,1,19,19310625,1800,,TS,21.3N,87.8W,40,,,,,,,,,,,,,
AL,UNNAMED,1931,1,19,19310626,0,,TS,22.2N,88.7W,40,,,,,,,,,,,,,
AL,UNNAMED,1931,1,19,19310626,600,,TS,23.1N,89.8W,40,,,,,,,,,,,,,
AL,UNNAMED,1931,1,19,19310626,1200,,TS,23.9N,91.0W,40,,,,,,,,,,,,,
AL,UNNAMED,1931,1,19,19310626,1800,,TS,24.5N,92.3W,40,,,,,,,,,,,,,
AL,UNNAMED,1931,1,19,19310627,0,,TS,25.0N,93.8W,40,,,,,,,,,,,,,
AL,UNNAMED,1931,1,19,19310627,600,,TS,25.5N,95.0W,40,,,,,,,,,,,,,
AL,UNNAMED,1931,1,19,19310627,1200,,TS,26.0N,96.0W,40,,,,,,,,,,,,,
AL,UNNAMED,1931,1,19,19310627,1800,,TS,26.4N,96.8W,40,,,,,,,,,,,,,
AL,UNNAMED,1931,1,19,19310627,2200,L,TS,26.6N,97.3W,40,,,,,,,,,,,,,
AL,UNNAMED,1931,1,19,19310628,0,,TS,26.7N,97.6W,35,,,,,,,,,,,,,
AL,UNNAMED,1931,1,19,19310628,600,,TD,26.9N,98.2W,30,,,,,,,,,,,,,
AL,UNNAMED,1931,1,19,19310628,1200,,TD,27.0N,98.5W,30,,,,,,,,,,,,,
AL,UNNAMED,1931,1,19,19310628,1800,,TD,27.0N,98.7W,25,,,,,,,,,,,,,
AL,UNNAMED,1931,2,26,19310711,600,,TD,15.7N,82.3W,30,,,,,,,,,,,,,
AL,UNNAMED,1931,2,26,19310711,1200,,TD,16.0N,83.0W,30,,,,,,,,,,,,,
AL,UNNAMED,1931,2,26,19310711,1800,,TD,16.5N,84.0W,30,,,,,,,,,,,,,
AL,UNNAMED,1931,2,26,19310712,0,,TD,17.0N,85.0W,30,,,,,,,,,,,,,
AL,UNNAMED,1931,2,26,19310712,600,,TD,17.5N,86.0W,30,,,,,,,,,,,,,
AL,UNNAMED,1931,2,26,19310712,1200,,TD,18.0N,87.0W,30,,,,,,,,,,,,,
AL,UNNAMED,1931,2,26,19310712,1800,,TD,18.5N,88.0W,30,,,,,,,,,,,,,
AL,UNNAMED,1931,2,26,19310713,0,,TD,19.0N,88.8W,30,,,,,,,,,,,,,
AL,UNNAMED,1931,2,26,19310713,600,,TD,19.5N,89.5W,30,,,,,,,,,,,,,
AL,UNNAMED,1931,2,26,19310713,1200,,TS,20.0N,90.0W,35,,,,,,,,,,,,,
AL,UNNAMED,1931,2,26,19310713,1800,,TS,20.8N,90.3W,40,,,,,,,,,,,,,
AL,UNNAMED,1931,2,26,19310714,0,,TS,22.0N,90.4W,45,,,,,,,,,,,,,
AL,UNNAMED,1931,2,26,19310714,600,,TS,23.5N,90.5W,50,,,,,,,,,,,,,
AL,UNNAMED,1931,2,26,19310714,1200,,TS,24.8N,90.6W,55,,,,,,,,,,,,,
AL,UNNAMED,1931,2,26,19310714,1800,,TS,26.0N,90.7W,60,,,,,,,,,,,,,
AL,UNNAMED,1931,2,26,19310715,0,,TS,27.2N,90.8W,60,,,,,,,,,,,,,
AL,UNNAMED,1931,2,26,19310715,600,,TS,28.4N,90.9W,55,,,,,,,,,,,,,
AL,UNNAMED,1931,2,26,19310715,1000,L,TS,29.2N,91.0W,50,,,,,,,,,,,,,
AL,UNNAMED,1931,2,26,19310715,1200,,TS,29.6N,91.1W,45,1000,,,,,,,,,,,,
AL,UNNAMED,1931,2,26,19310715,1800,,TS,30.4N,91.3W,40,,,,,,,,,,,,,
AL,UNNAMED,1931,2,26,19310716,0,,TS,31.0N,91.7W,35,,,,,,,,,,,,,
AL,UNNAMED,1931,2,26,19310716,600,,TD,31.6N,92.3W,30,,,,,,,,,,,,,
AL,UNNAMED,1931,2,26,19310716,1200,,TD,32.2N,93.0W,25,,,,,,,,,,,,,
AL,UNNAMED,1931,2,26,19310716,1800,,TD,33.1N,93.8W,25,,,,,,,,,,,,,
AL,UNNAMED,1931,2,26,19310717,0,,TD,34.2N,94.7W,25,,,,,,,,,,,,,
AL,UNNAMED,1931,2,26,19310717,600,,TD,35.3N,95.7W,20,,,,,,,,,,,,,
AL,UNNAMED,1931,3,34,19310810,1800,,TD,13.5N,61.0W,30,,,,,,,,,,,,,
AL,UNNAMED,1931,3,34,19310811,0,,TD,14.5N,62.9W,30,,,,,,,,,,,,,
AL,UNNAMED,1931,3,34,19310811,600,,TS,15.2N,64.6W,35,,,,,,,,,,,,,
AL,UNNAMED,1931,3,34,19310811,1200,,TS,15.7N,66.0W,40,,,,,,,,,,,,,
AL,UNNAMED,1931,3,34,19310811,1800,,TS,16.0N,67.2W,40,,,,,,,,,,,,,
AL,UNNAMED,1931,3,34,19310812,0,,TS,16.0N,68.5W,45,,,,,,,,,,,,,
AL,UNNAMED,1931,3,34,19310812,600,,TS,16.0N,69.8W,45,,,,,,,,,,,,,
AL,UNNAMED,1931,3,34,19310812,1200,,TS,16.0N,71.0W,45,,,,,,,,,,,,,
AL,UNNAMED,1931,3,34,19310812,1800,,TS,16.0N,72.1W,50,,,,,,,,,,,,,
AL,UNNAMED,1931,3,34,19310813,0,,TS,16.0N,73.2W,50,,,,,,,,,,,,,
AL,UNNAMED,1931,3,34,19310813,600,,TS,16.0N,74.3W,50,,,,,,,,,,,,,
AL,UNNAMED,1931,3,34,19310813,1200,,TS,16.0N,75.5W,50,,,,,,,,,,,,,
AL,UNNAMED,1931,3,34,19310813,1800,,TS,16.0N,76.8W,50,,,,,,,,,,,,,
AL,UNNAMED,1931,3,34,19310814,0,,TS,16.1N,78.3W,50,,,,,,,,,,,,,
AL,UNNAMED,1931,3,34,19310814,600,,TS,16.2N,79.8W,50,,,,,,,,,,,,,
AL,UNNAMED,1931,3,34,19310814,1200,,TS,16.3N,81.3W,50,,,,,,,,,,,,,
AL,UNNAMED,1931,3,34,19310814,1800,,TS,16.4N,82.8W,50,,,,,,,,,,,,,
AL,UNNAMED,1931,3,34,19310815,0,,TS,16.6N,84.3W,50,,,,,,,,,,,,,
AL,UNNAMED,1931,3,34,19310815,600,,TS,16.8N,85.8W,45,,,,,,,,,,,,,
AL,UNNAMED,1931,3,34,19310815,1200,,TS,17.0N,87.0W,45,,,,,,,,,,,,,
AL,UNNAMED,1931,3,34,19310815,1800,,TS,17.2N,88.0W,45,,,,,,,,,,,,,
AL,UNNAMED,1931,3,34,19310816,0,,TS,17.4N,88.8W,40,,,,,,,,,,,,,
AL,UNNAMED,1931,3,34,19310816,600,,TS,17.6N,89.4W,35,,,,,,,,,,,,,
AL,UNNAMED,1931,3,34,19310816,1200,,TS,17.8N,90.0W,35,,,,,,,,,,,,,
AL,UNNAMED,1931,3,34,19310816,1800,,TD,18.0N,90.6W,30,,,,,,,,,,,,,
AL,UNNAMED,1931,3,34,19310817,0,,TD,18.3N,91.2W,30,,,,,,,,,,,,,
AL,UNNAMED,1931,3,34,19310817,600,,TS,18.6N,91.9W,35,,,,,,,,,,,,,
AL,UNNAMED,1931,3,34,19310817,1200,,TS,18.9N,92.6W,50,,,,,,,,,,,,,
AL,UNNAMED,1931,3,34,19310817,1800,,TS,19.1N,93.3W,50,,,,,,,,,,,,,
AL,UNNAMED,1931,3,34,19310818,0,,TS,19.3N,94.2W,50,,,,,,,,,,,,,
AL,UNNAMED,1931,3,34,19310818,600,,TS,19.5N,95.2W,50,,,,,,,,,,,,,
AL,UNNAMED,1931,3,34,19310818,1200,,TS,19.6N,96.3W,50,,,,,,,,,,,,,
AL,UNNAMED,1931,3,34,19310818,1800,,TS,19.7N,97.2W,35,,,,,,,,,,,,,
AL,UNNAMED,1931,3,34,19310819,0,,TD,19.8N,98.0W,25,,,,,,,,,,,,,
AL,UNNAMED,1931,4,21,19310816,600,,TD,14.2N,59.3W,25,,,,,,,,,,,,,
AL,UNNAMED,1931,4,21,19310816,1200,,TD,15.0N,60.5W,25,,,,,,,,,,,,,
AL,UNNAMED,1931,4,21,19310816,1800,,TD,15.9N,61.6W,30,,,,,,,,,,,,,
AL,UNNAMED,1931,4,21,19310817,0,,TD,16.8N,62.7W,30,,,,,,,,,,,,,
AL,UNNAMED,1931,4,21,19310817,600,,TS,17.7N,63.8W,35,,,,,,,,,,,,,
AL,UNNAMED,1931,4,21,19310817,1200,,TS,18.5N,65.0W,35,,,,,,,,,,,,,
AL,UNNAMED,1931,4,21,19310817,1800,,TS,19.3N,66.2W,35,,,,,,,,,,,,,
AL,UNNAMED,1931,4,21,19310818,0,,TS,20.1N,67.3W,35,,,,,,,,,,,,,
AL,UNNAMED,1931,4,21,19310818,600,,TD,20.8N,68.4W,30,,,,,,,,,,,,,
AL,UNNAMED,1931,4,21,19310818,1200,,TD,21.5N,69.5W,30,,,,,,,,,,,,,
AL,UNNAMED,1931,4,21,19310818,1800,,TD,22.1N,70.4W,30,,,,,,,,,,,,,
AL,UNNAMED,1931,4,21,19310819,0,,TD,22.6N,71.0W,30,,,,,,,,,,,,,
AL,UNNAMED,1931,4,21,19310819,600,,TD,23.1N,71.4W,30,,,,,,,,,,,,,
AL,UNNAMED,1931,4,21,19310819,1200,,TD,23.5N,71.5W,30,,,,,,,,,,,,,
AL,UNNAMED,1931,4,21,19310819,1800,,TD,23.9N,71.5W,30,,,,,,,,,,,,,
AL,UNNAMED,1931,4,21,19310820,0,,TD,24.3N,71.4W,30,,,,,,,,,,,,,
AL,UNNAMED,1931,4,21,19310820,600,,TD,24.7N,71.2W,30,,,,,,,,,,,,,
AL,UNNAMED,1931,4,21,19310820,1200,,TD,25.0N,70.8W,25,,,,,,,,,,,,,
AL,UNNAMED,1931,4,21,19310820,1800,,TD,25.5N,70.3W,25,,,,,,,,,,,,,
AL,UNNAMED,1931,4,21,19310821,0,,TD,26.3N,69.8W,25,,,,,,,,,,,,,
AL,UNNAMED,1931,4,21,19310821,600,,TD,27.3N,69.3W,25,,,,,,,,,,,,,
AL,UNNAMED,1931,5,13,19310901,0,,TD,18.6N,60.9W,25,,,,,,,,,,,,,
AL,UNNAMED,1931,5,13,19310901,600,,TD,18.7N,61.7W,25,,,,,,,,,,,,,
AL,UNNAMED,1931,5,13,19310901,1200,,TD,18.8N,62.5W,25,,,,,,,,,,,,,
AL,UNNAMED,1931,5,13,19310901,1800,,TD,18.9N,63.2W,25,,,,,,,,,,,,,
AL,UNNAMED,1931,5,13,19310902,0,,TD,19.0N,63.9W,30,,,,,,,,,,,,,
AL,UNNAMED,1931,5,13,19310902,600,,TD,19.1N,64.6W,30,,,,,,,,,,,,,
AL,UNNAMED,1931,5,13,19310902,1200,,TD,19.2N,65.4W,30,,,,,,,,,,,,,
AL,UNNAMED,1931,5,13,19310902,1800,,TD,19.3N,66.4W,30,,,,,,,,,,,,,
AL,UNNAMED,1931,5,13,19310903,0,,TS,19.4N,67.6W,35,,,,,,,,,,,,,
AL,UNNAMED,1931,5,13,19310903,600,,TS,19.5N,68.5W,35,,,,,,,,,,,,,
AL,UNNAMED,1931,5,13,19310903,1200,,TS,19.5N,69.4W,40,,,,,,,,,,,,,
AL,UNNAMED,1931,5,13,19310903,1800,,TS,19.5N,70.8W,35,,,,,,,,,,,,,
AL,UNNAMED,1931,5,13,19310904,0,,TD,19.5N,72.3W,30,,,,,,,,,,,,,
AL,UNNAMED,1931,6,28,19310906,1800,,TD,12.4N,62.7W,30,,,,,,,,,,,,,
AL,UNNAMED,1931,6,28,19310907,0,,TS,12.8N,64.5W,35,,,,,,,,,,,,,
AL,UNNAMED,1931,6,28,19310907,600,,TS,13.2N,66.2W,40,,,,,,,,,,,,,
AL,UNNAMED,1931,6,28,19310907,1200,,TS,13.5N,67.9W,40,,,,,,,,,,,,,
AL,UNNAMED,1931,6,28,19310907,1800,,TS,13.8N,69.7W,45,,,,,,,,,,,,,
AL,UNNAMED,1931,6,28,19310908,0,,TS,14.0N,71.5W,50,,,,,,,,,,,,,
AL,UNNAMED,1931,6,28,19310908,600,,TS,14.2N,73.2W,55,,,,,,,,,,,,,
AL,UNNAMED,1931,6,28,19310908,1200,,TS,14.5N,74.8W,60,,,,,,,,,,,,,
AL,UNNAMED,1931,6,28,19310908,1800,,HU,14.8N,76.4W,65,,,,,,,,,,,,,
AL,UNNAMED,1931,6,28,19310909,0,,HU,15.0N,77.9W,65,,,,,,,,,,,,,
AL,UNNAMED,1931,6,28,19310909,600,,HU,15.2N,79.3W,70,,,,,,,,,,,,,
AL,UNNAMED,1931,6,28,19310909,1200,,HU,15.5N,80.7W,70,,,,,,,,,,,,,
AL,UNNAMED,1931,6,28,19310909,1800,,HU,15.8N,82.2W,75,,,,,,,,,,,,,
AL,UNNAMED,1931,6,28,19310910,0,,HU,16.2N,83.7W,85,,,,,,,,,,,,,
AL,UNNAMED,1931,6,28,19310910,600,,HU,16.6N,85.1W,95,,,,,,,,,,,,,
AL,UNNAMED,1931,6,28,19310910,1200,,HU,17.0N,86.5W,105,,,,,,,,,,,,,
AL,UNNAMED,1931,6,28,19310910,1800,,HU,17.4N,87.8W,115,,,,,,,,,,,,,
AL,UNNAMED,1931,6,28,19310911,0,,HU,17.9N,89.1W,80,,,,,,,,,,,,,
AL,UNNAMED,1931,6,28,19310911,600,,TS,18.5N,90.4W,55,,,,,,,,,,,,,
AL,UNNAMED,1931,6,28,19310911,1200,,TS,19.1N,91.6W,50,,,,,,,,,,,,,
AL,UNNAMED,1931,6,28,19310911,1800,,TS,19.8N,92.7W,50,,,,,,,,,,,,,
AL,UNNAMED,1931,6,28,19310912,0,,TS,20.6N,93.8W,50,,,,,,,,,,,,,
AL,UNNAMED,1931,6,28,19310912,600,,TS,21.4N,94.9W,50,,,,,,,,,,,,,
AL,UNNAMED,1931,6,28,19310912,1200,,TS,22.2N,96.0W,45,,,,,,,,,,,,,
AL,UNNAMED,1931,6,28,19310912,1800,,TS,22.7N,96.9W,40,,,,,,,,,,,,,
AL,UNNAMED,1931,6,28,19310913,0,,TS,23.1N,97.7W,35,,,,,,,,,,,,,
AL,UNNAMED,1931,6,28,19310913,600,,TD,23.4N,98.5W,30,,,,,,,,,,,,,
AL,UNNAMED,1931,6,28,19310913,1200,,TD,23.7N,99.3W,25,,,,,,,,,,,,,
AL,UNNAMED,1931,7,33,19310908,1800,,TS,15.2N,53.0W,40,,,,,,,,,,,,,
AL,UNNAMED,1931,7,33,19310909,0,,TS,15.4N,54.6W,45,,,,,,,,,,,,,
AL,UNNAMED,1931,7,33,19310909,600,,TS,15.7N,56.3W,45,,,,,,,,,,,,,
AL,UNNAMED,1931,7,33,19310909,1200,,TS,16.1N,58.0W,50,,,,,,,,,,,,,
AL,UNNAMED,1931,7,33,19310909,1800,,TS,16.7N,59.5W,55,,,,,,,,,,,,,
AL,UNNAMED,1931,7,33,19310910,0,,TS,17.3N,60.9W,55,,,,,,,,,,,,,
AL,UNNAMED,1931,7,33,19310910,600,,TS,17.9N,62.2W,60,,,,,,,,,,,,,
AL,UNNAMED,1931,7,33,19310910,1200,,HU,18.3N,63.4W,65,,,,,,,,,,,,,
AL,UNNAMED,1931,7,33,19310910,1800,,HU,18.4N,64.4W,70,,,,,,,,,,,,,
AL,UNNAMED,1931,7,33,19310911,0,,HU,18.5N,65.4W,75,987,,,,,,,,,,,,
AL,UNNAMED,1931,7,33,19310911,600,,HU,18.5N,66.6W,70,,,,,,,,,,,,,
AL,UNNAMED,1931,7,33,19310911,1200,,HU,18.5N,67.9W,65,,,,,,,,,,,,,
AL,UNNAMED,1931,7,33,19310911,1800,,TS,18.4N,69.4W,55,,,,,,,,,,,,,
AL,UNNAMED,1931,7,33,19310912,0,,TS,18.3N,70.9W,45,,,,,,,,,,,,,
AL,UNNAMED,1931,7,33,19310912,600,,TS,18.2N,72.5W,40,,,,,,,,,,,,,
AL,UNNAMED,1931,7,33,19310912,1200,,TS,18.1N,74.1W,45,,,,,,,,,,,,,
AL,UNNAMED,1931,7,33,19310912,1800,,TS,18.1N,75.7W,60,,,,,,,,,,,,,
AL,UNNAMED,1931,7,33,19310913,0,,TS,18.1N,77.3W,55,,,,,,,,,,,,,
AL,UNNAMED,1931,7,33,19310913,600,,TS,18.1N,78.7W,60,,,,,,,,,,,,,
AL,UNNAMED,1931,7,33,19310913,1200,,TS,18.2N,80.1W,60,,,,,,,,,,,,,
AL,UNNAMED,1931,7,33,19310913,1800,,TS,18.2N,81.6W,60,,,,,,,,,,,,,
AL,UNNAMED,1931,7,33,19310914,0,,TS,18.3N,83.2W,60,,,,,,,,,,,,,
AL,UNNAMED,1931,7,33,19310914,600,,TS,18.3N,84.7W,60,,,,,,,,,,,,,
AL,UNNAMED,1931,7,33,19310914,1200,,TS,18.4N,86.2W,60,,,,,,,,,,,,,
AL,UNNAMED,1931,7,33,19310914,1800,,TS,18.5N,87.5W,60,,,,,,,,,,,,,
AL,UNNAMED,1931,7,33,19310915,0,,TS,18.7N,88.8W,50,,,,,,,,,,,,,
AL,UNNAMED,1931,7,33,19310915,600,,TS,19.0N,90.1W,45,,,,,,,,,,,,,
AL,UNNAMED,1931,7,33,19310915,1200,,TS,19.3N,91.4W,55,,,,,,,,,,,,,
AL,UNNAMED,1931,7,33,19310915,1800,,HU,19.4N,92.7W,65,,,,,,,,,,,,,
AL,UNNAMED,1931,7,33,19310916,0,,HU,19.3N,94.0W,75,,,,,,,,,,,,,
AL,UNNAMED,1931,7,33,19310916,600,,HU,19.1N,95.3W,85,,,,,,,,,,,,,
AL,UNNAMED,1931,7,33,19310916,1200,,HU,18.8N,96.6W,70,,,,,,,,,,,,,
AL,UNNAMED,1931,7,33,19310916,1800,,TS,18.5N,97.8W,35,,,,,,,,,,,,,
AL,UNNAMED,1931,8,25,19310923,600,,TD,18.5N,51.7W,25,,,,,,,,,,,,,
AL,UNNAMED,1931,8,25,19310923,1200,,TD,19.0N,52.0W,30,,,,,,,,,,,,,
AL,UNNAMED,1931,8,25,19310923,1800,,TD,19.6N,52.3W,30,,,,,,,,,,,,,
AL,UNNAMED,1931,8,25,19310924,0,,TS,20.2N,52.6W,35,,,,,,,,,,,,,
AL,UNNAMED,1931,8,25,19310924,600,,TS,20.8N,52.8W,35,,,,,,,,,,,,,
AL,UNNAMED,1931,8,25,19310924,1200,,TS,21.5N,53.0W,40,,,,,,,,,,,,,
AL,UNNAMED,1931,8,25,19310924,1800,,TS,22.3N,53.2W,40,,,,,,,,,,,,,
AL,UNNAMED,1931,8,25,19310925,0,,TS,23.2N,53.3W,45,,,,,,,,,,,,,
AL,UNNAMED,1931,8,25,19310925,600,,TS,24.1N,53.4W,45,,,,,,,,,,,,,
AL,UNNAMED,1931,8,25,19310925,1200,,TS,25.0N,53.5W,50,,,,,,,,,,,,,
AL,UNNAMED,1931,8,25,19310925,1800,,TS,26.1N,53.5W,50,,,,,,,,,,,,,
AL,UNNAMED,1931,8,25,19310926,0,,TS,27.3N,53.1W,50,,,,,,,,,,,,,
AL,UNNAMED,1931,8,25,19310926,600,,TS,28.5N,52.7W,50,,,,,,,,,,,,,
AL,UNNAMED,1931,8,25,19310926,1200,,TS,29.7N,52.3W,50,,,,,,,,,,,,,
AL,UNNAMED,1931,8,25,19310926,1800,,TS,30.6N,52.2W,50,,,,,,,,,,,,,
AL,UNNAMED,1931,8,25,19310927,0,,TS,31.3N,52.2W,55,,,,,,,,,,,,,
AL,UNNAMED,1931,8,25,19310927,600,,TS,32.0N,52.2W,55,,,,,,,,,,,,,
AL,UNNAMED,1931,8,25,19310927,1200,,TS,32.8N,52.2W,60,,,,,,,,,,,,,
AL,UNNAMED,1931,8,25,19310927,1800,,TS,33.9N,52.2W,60,,,,,,,,,,,,,
AL,UNNAMED,1931,8,25,19310928,0,,HU,35.3N,52.2W,65,,,,,,,,,,,,,
AL,UNNAMED,1931,8,25,19310928,600,,HU,37.0N,52.0W,65,,,,,,,,,,,,,
AL,UNNAMED,1931,8,25,19310928,1200,,TS,39.0N,51.2W,60,,,,,,,,,,,,,
AL,UNNAMED,1931,8,25,19310928,1800,,EX,41.0N,50.1W,55,,,,,,,,,,,,,
AL,UNNAMED,1931,8,25,19310929,0,,EX,42.8N,48.7W,55,,,,,,,,,,,,,
AL,UNNAMED,1931,8,25,19310929,600,,EX,44.8N,46.3W,50,,,,,,,,,,,,,
AL,UNNAMED,1931,9,13,19311013,1200,,TD,24.8N,75.6W,30,,,,,,,,,,,,,
AL,UNNAMED,1931,9,13,19311013,1800,,TD,25.1N,76.2W,30,,,,,,,,,,,,,
AL,UNNAMED,1931,9,13,19311014,0,,TD,25.4N,76.9W,30,,,,,,,,,,,,,
AL,UNNAMED,1931,9,13,19311014,600,,TD,25.8N,77.6W,30,,,,,,,,,,,,,
AL,UNNAMED,1931,9,13,19311014,1200,,TD,26.2N,78.1W,30,,,,,,,,,,,,,
AL,UNNAMED,1931,9,13,19311014,1800,,TD,26.7N,78.1W,30,,,,,,,,,,,,,
AL,UNNAMED,1931,9,13,19311015,0,,TD,27.3N,78.0W,30,,,,,,,,,,,,,
AL,UNNAMED,1931,9,13,19311015,600,,TS,27.9N,77.8W,35,,,,,,,,,,,,,
AL,UNNAMED,1931,9,13,19311015,1200,,TS,28.5N,77.4W,35,,,,,,,,,,,,,
AL,UNNAMED,1931,9,13,19311015,1800,,TS,29.1N,76.1W,40,,,,,,,,,,,,,
AL,UNNAMED,1931,9,13,19311016,0,,TS,30.0N,74.0W,40,,,,,,,,,,,,,
AL,UNNAMED,1931,9,13,19311016,600,,TS,31.1N,71.8W,40,,,,,,,,,,,,,
AL,UNNAMED,1931,9,13,19311016,1200,,EX,32.5N,69.2W,35,,,,,,,,,,,,,
AL,UNNAMED,1931,10,18,19311018,1200,,TD,17.2N,85.5W,30,,,,,,,,,,,,,
AL,UNNAMED,1931,10,18,19311018,1800,,TS,18.0N,84.7W,35,,,,,,,,,,,,,
AL,UNNAMED,1931,10,18,19311019,0,,TS,18.8N,83.8W,40,,,,,,,,,,,,,
AL,UNNAMED,1931,10,18,19311019,600,,TS,19.7N,82.8W,40,,,,,,,,,,,,,
AL,UNNAMED,1931,10,18,19311019,1200,,TS,20.6N,81.6W,40,,,,,,,,,,,,,
AL,UNNAMED,1931,10,18,19311019,1800,,TS,21.7N,80.2W,40,,,,,,,,,,,,,
AL,UNNAMED,1931,10,18,19311020,0,,TS,23.0N,78.1W,35,,,,,,,,,,,,,
AL,UNNAMED,1931,10,18,19311020,600,,TS,24.4N,75.6W,40,,,,,,,,,,,,,
AL,UNNAMED,1931,10,18,19311020,1200,,TS,25.8N,73.1W,40,,,,,,,,,,,,,
AL,UNNAMED,1931,10,18,19311020,1800,,TS,26.7N,70.6W,40,,,,,,,,,,,,,
AL,UNNAMED,1931,10,18,19311021,0,,EX,27.2N,68.5W,45,,,,,,,,,,,,,
AL,UNNAMED,1931,10,18,19311021,600,,EX,27.6N,66.8W,45,,,,,,,,,,,,,
AL,UNNAMED,1931,10,18,19311021,1200,,EX,28.0N,64.8W,50,,,,,,,,,,,,,
AL,UNNAMED,1931,10,18,19311021,1800,,EX,28.5N,62.3W,55,,,,,,,,,,,,,
AL,UNNAMED,1931,10,18,19311022,0,,EX,29.3N,59.4W,55,,,,,,,,,,,,,
AL,UNNAMED,1931,10,18,19311022,600,,EX,30.3N,56.3W,55,,,,,,,,,,,,,
AL,UNNAMED,1931,10,18,19311022,1200,,EX,31.2N,53.4W,55,,,,,,,,,,,,,
AL,UNNAMED,1931,10,18,19311022,1800,,EX,31.6N,50.9W,55,,,,,,,,,,,,,
AL,UNNAMED,1931,11,18,19311101,1200,,TD,17.5N,83.5W,30,,,,,,,,,,,,,
AL,UNNAMED,1931,11,18,19311101,1800,,TD,17.6N,83.8W,30,,,,,,,,,,,,,
AL,UNNAMED,1931,11,18,19311102,0,,TS,17.7N,84.1W,35,,,,,,,,,,,,,
AL,UNNAMED,1931,11,18,19311102,600,,TS,17.8N,84.3W,40,,,,,,,,,,,,,
AL,UNNAMED,1931,11,18,19311102,1200,,TS,18.0N,84.5W,45,,,,,,,,,,,,,
AL,UNNAMED,1931,11,18,19311102,1800,,TS,18.2N,84.5W,50,,,,,,,,,,,,,
AL,UNNAMED,1931,11,18,19311103,0,,TS,18.3N,84.4W,50,,,,,,,,,,,,,
AL,UNNAMED,1931,11,18,19311103,600,,TS,18.4N,84.2W,50,,,,,,,,,,,,,
AL,UNNAMED,1931,11,18,19311103,1200,,TS,18.5N,84.0W,50,,,,,,,,,,,,,
AL,UNNAMED,1931,11,18,19311103,1800,,TS,18.4N,84.1W,50,,,,,,,,,,,,,
AL,UNNAMED,1931,11,18,19311104,0,,TS,18.2N,84.3W,50,,,,,,,,,,,,,
AL,UNNAMED,1931,11,18,19311104,600,,TS,17.9N,84.6W,45,,,,,,,,,,,,,
AL,UNNAMED,1931,11,18,19311104,1200,,TS,17.5N,85.0W,40,,,,,,,,,,,,,
AL,UNNAMED,1931,11,18,19311104,1800,,TS,17.5N,85.0W,35,,,,,,,,,,,,,
AL,UNNAMED,1931,11,18,19311105,0,,TS,17.6N,84.7W,35,,,,,,,,,,,,,
AL,UNNAMED,1931,11,18,19311105,600,,TD,17.8N,84.4W,30,,,,,,,,,,,,,
AL,UNNAMED,1931,11,18,19311105,1200,,TD,18.0N,84.0W,30,,,,,,,,,,,,,
AL,UNNAMED,1931,11,18,19311105,1800,,TD,18.2N,83.7W,25,,,,,,,,,,,,,
AL,UNNAMED,1931,12,22,19311111,1200,,TD,11.5N,79.0W,30,,,,,,,,,,,,,
AL,UNNAMED,1931,12,22,19311111,1800,,TD,11.5N,79.3W,30,,,,,,,,,,,,,
AL,UNNAMED,1931,12,22,19311112,0,,TD,11.5N,79.5W,30,,,,,,,,,,,,,
AL,UNNAMED,1931,12,22,19311112,600,,TD,11.6N,79.7W,30,,,,,,,,,,,,,
AL,UNNAMED,1931,12,22,19311112,1200,,TD,11.7N,80.0W,30,,,,,,,,,,,,,
AL,UNNAMED,1931,12,22,19311112,1800,,TD,11.8N,80.2W,30,,,,,,,,,,,,,
AL,UNNAMED,1931,12,22,19311113,0,,TS,12.0N,80.5W,35,,,,,,,,,,,,,
AL,UNNAMED,1931,12,22,19311113,600,,TS,12.2N,80.8W,35,,,,,,,,,,,,,
AL,UNNAMED,1931,12,22,19311113,1200,,TS,12.5N,81.0W,35,,,,,,,,,,,,,
AL,UNNAMED,1931,12,22,19311113,1800,,TS,13.0N,81.2W,35,,,,,,,,,,,,,
AL,UNNAMED,1931,12,22,19311114,0,,TS,13.6N,81.4W,40,,,,,,,,,,,,,
AL,UNNAMED,1931,12,22,19311114,600,,TS,14.3N,81.7W,40,,,,,,,,,,,,,
AL,UNNAMED,1931,12,22,19311114,1200,,TS,15.0N,82.0W,45,,,,,,,,,,,,,
AL,UNNAMED,1931,12,22,19311114,1800,,TS,15.5N,82.4W,45,,,,,,,,,,,,,
AL,UNNAMED,1931,12,22,19311115,0,,TS,16.0N,82.9W,40,,,,,,,,,,,,,
AL,UNNAMED,1931,12,22,19311115,600,,TS,16.5N,83.6W,40,,,,,,,,,,,,,
AL,UNNAMED,1931,12,22,19311115,1200,,TS,17.0N,84.5W,35,,,,,,,,,,,,,
AL,UNNAMED,1931,12,22,19311115,1800,,TS,17.5N,85.6W,35,,,,,,,,,,,,,
AL,UNNAMED,1931,12,22,19311116,0,,TS,18.0N,86.9W,35,,,,,,,,,,,,,
AL,UNNAMED,1931,12,22,19311116,600,,TD,18.5N,88.4W,30,,,,,,,,,,,,,
AL,UNNAMED,1931,12,22,19311116,1200,,TD,19.0N,90.0W,25,,,,,,,,,,,,,
AL,UNNAMED,1931,12,22,19311116,1800,,TD,19.5N,91.8W,25,,,,,,,,,,,,,
AL,UNNAMED,1931,13,15,19311122,600,,TS,22.0N,63.7W,35,,,,,,,,,,,,,
AL,UNNAMED,1931,13,15,19311122,1200,,TS,22.8N,64.5W,35,,,,,,,,,,,,,
AL,UNNAMED,1931,13,15,19311122,1800,,TS,23.5N,65.2W,35,,,,,,,,,,,,,
AL,UNNAMED,1931,13,15,19311123,0,,TS,24.3N,65.9W,35,,,,,,,,,,,,,
AL,UNNAMED,1931,13,15,19311123,600,,TS,25.1N,66.7W,35,,,,,,,,,,,,,
AL,UNNAMED,1931,13,15,19311123,1200,,TS,25.9N,67.5W,40,,,,,,,,,,,,,
AL,UNNAMED,1931,13,15,19311123,1800,,TS,26.6N,68.7W,45,,,,,,,,,,,,,
AL,UNNAMED,1931,13,15,19311124,0,,TS,27.3N,70.4W,50,,,,,,,,,,,,,
AL,UNNAMED,1931,13,15,19311124,600,,TS,28.0N,72.3W,55,,,,,,,,,,,,,
AL,UNNAMED,1931,13,15,19311124,1200,,TS,28.5N,74.1W,55,,,,,,,,,,,,,
AL,UNNAMED,1931,13,15,19311124,1800,,TS,28.3N,74.8W,55,,,,,,,,,,,,,
AL,UNNAMED,1931,13,15,19311125,0,,TS,28.0N,75.2W,50,,,,,,,,,,,,,
AL,UNNAMED,1931,13,15,19311125,600,,TS,27.7N,75.5W,40,,,,,,,,,,,,,
AL,UNNAMED,1931,13,15,19311125,1200,,TS,27.4N,75.8W,35,,,,,,,,,,,,,
AL,UNNAMED,1931,13,15,19311125,1800,,TD,27.1N,76.2W,30,,,,,,,,,,,,,
AL,UNNAMED,1932,1,23,19320505,1200,,TD,14.7N,75.0W,25,,,,,,,,,,,,,
AL,UNNAMED,1932,1,23,19320505,1800,,TD,14.8N,74.8W,30,,,,,,,,,,,,,
AL,UNNAMED,1932,1,23,19320506,0,,TS,14.9N,74.5W,35,,,,,,,,,,,,,
AL,UNNAMED,1932,1,23,19320506,600,,TS,15.0N,74.1W,35,,,,,,,,,,,,,
AL,UNNAMED,1932,1,23,19320506,1200,,TS,15.3N,73.5W,40,,,,,,,,,,,,,
AL,UNNAMED,1932,1,23,19320506,1800,,TS,16.0N,72.5W,40,,,,,,,,,,,,,
AL,UNNAMED,1932,1,23,19320507,0,,TS,17.0N,71.5W,40,,,,,,,,,,,,,
AL,UNNAMED,1932,1,23,19320507,600,,TS,18.3N,70.5W,40,,,,,,,,,,,,,
AL,UNNAMED,1932,1,23,19320507,1200,,TS,19.7N,69.5W,45,,,,,,,,,,,,,
AL,UNNAMED,1932,1,23,19320507,1800,,TS,21.0N,68.8W,45,,,,,,,,,,,,,
AL,UNNAMED,1932,1,23,19320508,0,,TS,22.4N,68.2W,50,,,,,,,,,,,,,
AL,UNNAMED,1932,1,23,19320508,600,,TS,23.7N,67.7W,50,,,,,,,,,,,,,
AL,UNNAMED,1932,1,23,19320508,1200,,TS,24.8N,67.3W,55,,,,,,,,,,,,,
AL,UNNAMED,1932,1,23,19320508,1800,,TS,25.8N,67.1W,55,,,,,,,,,,,,,
AL,UNNAMED,1932,1,23,19320509,0,,TS,26.6N,67.0W,55,,,,,,,,,,,,,
AL,UNNAMED,1932,1,23,19320509,600,,TS,27.4N,67.0W,55,,,,,,,,,,,,,
AL,UNNAMED,1932,1,23,19320509,1200,,TS,28.1N,67.1W,55,,,,,,,,,,,,,
AL,UNNAMED,1932,1,23,19320509,1800,,TS,28.9N,67.2W,55,,,,,,,,,,,,,
AL,UNNAMED,1932,1,23,19320510,0,,TS,29.8N,67.3W,50,,,,,,,,,,,,,
AL,UNNAMED,1932,1,23,19320510,600,,TS,30.8N,67.5W,45,,,,,,,,,,,,,
AL,UNNAMED,1932,1,23,19320510,1200,,TS,32.0N,67.9W,40,,,,,,,,,,,,,
AL,UNNAMED,1932,1,23,19320510,1800,,TS,33.4N,68.6W,35,,,,,,,,,,,,,
AL,UNNAMED,1932,1,23,19320511,0,,EX,35.0N,69.9W,30,,,,,,,,,,,,,
AL,UNNAMED,1932,2,17,19320812,0,,TS,22.0N,90.3W,35,,,,,,,,,,,,,
AL,UNNAMED,1932,2,17,19320812,600,,TS,23.0N,90.8W,40,,,,,,,,,,,,,
AL,UNNAMED,1932,2,17,19320812,1200,,TS,24.0N,91.3W,45,,,,,,,,,,,,,
AL,UNNAMED,1932,2,17,19320812,1800,,TS,24.7N,91.6W,50,,,,,,,,,,,,,
AL,UNNAMED,1932,2,17,19320813,0,,TS,25.4N,91.9W,55,,,,,,,,,,,,,
AL,UNNAMED,1932,2,17,19320813,600,,HU,26.1N,92.3W,65,,,,,,,,,,,,,
AL,UNNAMED,1932,2,17,19320813,1200,,HU,27.0N,92.8W,90,,,,,,,,,,,,,
AL,UNNAMED,1932,2,17,19320813,1800,,HU,27.9N,93.7W,110,,,,,,,,,,,,,
AL,UNNAMED,1932,2,17,19320814,0,,HU,28.6N,94.6W,125,942,,,,,,,,,,,,
AL,UNNAMED,1932,2,17,19320814,400,L,HU,29.0N,95.2W,130,935,,,,,,,,,,,,
AL,UNNAMED,1932,2,17,19320814,600,,HU,29.1N,95.5W,100,942,,,,,,,,,,,,
AL,UNNAMED,1932,2,17,19320814,1200,,HU,29.7N,96.3W,65,987,,,,,,,,,,,,
AL,UNNAMED,1932,2,17,19320814,1800,,TS,30.5N,97.1W,40,,,,,,,,,,,,,
AL,UNNAMED,1932,2,17,19320815,0,,TD,31.4N,97.9W,30,1002,,,,,,,,,,,,
AL,UNNAMED,1932,2,17,19320815,600,,TD,32.4N,98.7W,25,,,,,,,,,,,,,
AL,UNNAMED,1932,2,17,19320815,1200,,TD,33.5N,99.5W,25,,,,,,,,,,,,,
AL,UNNAMED,1932,2,17,19320815,1800,,TD,34.5N,100.3W,20,,,,,,,,,,,,,
AL,UNNAMED,1932,3,39,19320826,1800,,TD,20.5N,69.2W,30,,,,,,,,,,,,,
AL,UNNAMED,1932,3,39,19320827,0,,TD,20.8N,70.0W,30,,,,,,,,,,,,,
AL,UNNAMED,1932,3,39,19320827,600,,TD,21.1N,71.7W,30,,,,,,,,,,,,,
AL,UNNAMED,1932,3,39,19320827,1200,,TD,21.4N,72.5W,30,,,,,,,,,,,,,
AL,UNNAMED,1932,3,39,19320827,1800,,TS,21.6N,73.3W,35,,,,,,,,,,,,,
AL,UNNAMED,1932,3,39,19320828,0,,TS,21.7N,74.0W,35,,,,,,,,,,,,,
AL,UNNAMED,1932,3,39,19320828,600,,TS,21.8N,74.8W,40,,,,,,,,,,,,,
AL,UNNAMED,1932,3,39,19320828,1200,,TS,22.0N,75.5W,40,,,,,,,,,,,,,
AL,UNNAMED,1932,3,39,19320828,1800,,TS,22.4N,76.2W,40,,,,,,,,,,,,,
AL,UNNAMED,1932,3,39,19320829,0,,TS,22.9N,77.0W,45,,,,,,,,,,,,,
AL,UNNAMED,1932,3,39,19320829,600,,TS,23.4N,77.7W,50,,,,,,,,,,,,,
AL,UNNAMED,1932,3,39,19320829,1200,,TS,24.0N,78.3W,50,,,,,,,,,,,,,
AL,UNNAMED,1932,3,39,19320829,1800,,TS,24.5N,79.0W,55,,,,,,,,,,,,,
AL,UNNAMED,1932,3,39,19320830,0,,TS,25.0N,79.8W,55,,,,,,,,,,,,,
AL,UNNAMED,1932,3,39,19320830,400,L,TS,25.3N,80.3W,55,,,,,,,,,,,,,
AL,UNNAMED,1932,3,39,19320830,600,,TS,25.5N,80.7W,55,,,,,,,,,,,,,
AL,UNNAMED,1932,3,39,19320830,1200,,TS,26.0N,81.8W,50,,,,,,,,,,,,,
AL,UNNAMED,1932,3,39,19320830,1800,,TS,26.4N,83.0W,55,,,,,,,,,,,,,
AL,UNNAMED,1932,3,39,19320831,0,,HU,26.8N,84.1W,65,,,,,,,,,,,,,
AL,UNNAMED,1932,3,39,19320831,600,,HU,27.2N,85.0W,70,,,,,,,,,,,,,
AL,UNNAMED,1932,3,39,19320831,1200,,HU,27.8N,85.8W,70,,,,,,,,,,,,,
AL,UNNAMED,1932,3,39,19320831,1800,,HU,28.6N,86.6W,70,,,,,,,,,,,,,
AL,UNNAMED,1932,3,39,19320901,0,,HU,29.5N,87.4W,75,,,,,,,,,,,,,
AL,UNNAMED,1932,3,39,19320901,500,L,HU,30.2N,88.1W,75,979,,,,,,,,,,,,
AL,UNNAMED,1932,3,39,19320901,600,,HU,30.3N,88.2W,75,979,,,,,,,,,,,,
AL,UNNAMED,1932,3,39,19320901,1200,,TS,31.1N,88.6W,60,,,,,,,,,,,,,
AL,UNNAMED,1932,3,39,19320901,1800,,TS,31.9N,89.0W,50,,,,,,,,,,,,,
AL,UNNAMED,1932,3,39,19320902,0,,TS,32.6N,89.4W,40,,,,,,,,,,,,,
AL,UNNAMED,1932,3,39,19320902,600,,TS,33.3N,89.8W,35,,,,,,,,,,,,,
AL,UNNAMED,1932,3,39,19320902,1200,,EX,34.1N,90.1W,30,,,,,,,,,,,,,
AL,UNNAMED,1932,3,39,19320902,1800,,EX,35.2N,90.1W,30,,,,,,,,,,,,,
AL,UNNAMED,1932,3,39,19320903,0,,EX,36.4N,89.9W,30,,,,,,,,,,,,,
AL,UNNAMED,1932,3,39,19320903,600,,EX,37.7N,89.5W,30,,,,,,,,,,,,,
AL,UNNAMED,1932,3,39,19320903,1200,,EX,39.0N,89.0W,30,,,,,,,,,,,,,
AL,UNNAMED,1932,3,39,19320903,1800,,EX,40.5N,87.6W,35,,,,,,,,,,,,,
AL,UNNAMED,1932,3,39,19320904,0,,EX,42.2N,85.0W,40,,,,,,,,,,,,,
AL,UNNAMED,1932,3,39,19320904,600,,EX,44.0N,82.0W,45,,,,,,,,,,,,,
AL,UNNAMED,1932,3,39,19320904,1200,,EX,46.0N,78.0W,45,,,,,,,,,,,,,
AL,UNNAMED,1932,3,39,19320904,1800,,EX,48.0N,74.0W,45,,,,,,,,,,,,,
AL,UNNAMED,1932,4,73,19320830,1800,,TD,18.8N,63.6W,30,,,,,,,,,,,,,
AL,UNNAMED,1932,4,73,19320831,0,,TD,19.3N,64.4W,30,,,,,,,,,,,,,
AL,UNNAMED,1932,4,73,19320831,600,,TS,19.8N,65.2W,35,,,,,,,,,,,,,
AL,UNNAMED,1932,4,73,19320831,1200,,TS,20.2N,66.0W,40,,,,,,,,,,,,,
AL,UNNAMED,1932,4,73,19320831,1800,,TS,20.4N,66.6W,45,,,,,,,,,,,,,
AL,UNNAMED,1932,4,73,19320901,0,,TS,20.6N,67.1W,50,,,,,,,,,,,,,
AL,UNNAMED,1932,4,73,19320901,600,,TS,20.7N,67.6W,50,,,,,,,,,,,,,
AL,UNNAMED,1932,4,73,19320901,1200,,TS,20.9N,68.0W,50,,,,,,,,,,,,,
AL,UNNAMED,1932,4,73,19320901,1800,,TS,21.1N,68.3W,50,,,,,,,,,,,,,
AL,UNNAMED,1932,4,73,19320902,0,,TS,21.3N,68.6W,55,,,,,,,,,,,,,
AL,UNNAMED,1932,4,73,19320902,600,,TS,21.5N,68.9W,55,,,,,,,,,,,,,
AL,UNNAMED,1932,4,73,19320902,1200,,TS,21.7N,69.2W,60,,,,,,,,,,,,,
AL,UNNAMED,1932,4,73,19320902,1800,,HU,21.9N,69.7W,65,,,,,,,,,,,,,
AL,UNNAMED,1932,4,73,19320903,0,,HU,22.0N,70.3W,70,,,,,,,,,,,,,
AL,UNNAMED,1932,4,73,19320903,600,,HU,22.2N,71.0W,80,,,,,,,,,,,,,
AL,UNNAMED,1932,4,73,19320903,1200,,HU,22.4N,71.5W,85,,,,,,,,,,,,,
AL,UNNAMED,1932,4,73,19320903,1800,,HU,22.7N,71.9W,95,,,,,,,,,,,,,
AL,UNNAMED,1932,4,73,19320904,0,,HU,23.0N,72.2W,100,,,,,,,,,,,,,
AL,UNNAMED,1932,4,73,19320904,600,,HU,23.5N,72.6W,110,,,,,,,,,,,,,
AL,UNNAMED,1932,4,73,19320904,1200,,HU,24.0N,73.2W,115,,,,,,,,,,,,,
AL,UNNAMED,1932,4,73,19320904,1800,,HU,24.4N,74.0W,120,,,,,,,,,,,,,
AL,UNNAMED,1932,4,73,19320905,0,,HU,24.7N,74.8W,125,,,,,,,,,,,,,
AL,UNNAMED,1932,4,73,19320905,600,,HU,25.1N,75.6W,130,,,,,,,,,,,,,
AL,UNNAMED,1932,4,73,19320905,1200,,HU,25.5N,76.4W,135,,,,,,,,,,,,,
AL,UNNAMED,1932,4,73,19320905,1800,,HU,26.0N,77.0W,140,,,,,,,,,,,,,
AL,UNNAMED,1932,4,73,19320906,0,,HU,26.5N,77.4W,140,,,,,,,,,,,,,
AL,UNNAMED,1932,4,73,19320906,600,,HU,27.0N,77.6W,140,,,,,,,,,,,,,
AL,UNNAMED,1932,4,73,19320906,1200,,HU,27.5N,77.4W,140,,,,,,,,,,,,,
AL,UNNAMED,1932,4,73,19320906,1800,,HU,28.1N,77.2W,135,,,,,,,,,,,,,
AL,UNNAMED,1932,4,73,19320907,0,,HU,28.7N,76.9W,135,,,,,,,,,,,,,
AL,UNNAMED,1932,4,73,19320907,600,,HU,29.3N,76.5W,130,,,,,,,,,,,,,
AL,UNNAMED,1932,4,73,19320907,1200,,HU,29.8N,76.0W,130,,,,,,,,,,,,,
AL,UNNAMED,1932,4,73,19320907,1800,,HU,30.5N,75.0W,125,,,,,,,,,,,,,
AL,UNNAMED,1932,4,73,19320908,0,,HU,31.7N,73.6W,115,,,,,,,,,,,,,
AL,UNNAMED,1932,4,73,19320908,600,,HU,33.5N,71.8W,110,,,,,,,,,,,,,
AL,UNNAMED,1932,4,73,19320908,1200,,HU,35.5N,70.1W,100,,,,,,,,,,,,,
AL,UNNAMED,1932,4,73,19320908,1800,,HU,37.2N,69.5W,90,,,,,,,,,,,,,
AL,UNNAMED,1932,4,73,19320909,0,,HU,38.6N,69.2W,85,,,,,,,,,,,,,
AL,UNNAMED,1932,4,73,19320909,600,,HU,39.5N,68.2W,85,,,,,,,,,,,,,
AL,UNNAMED,1932,4,73,19320909,1200,,HU,40.3N,67.0W,80,,,,,,,,,,,,,
AL,UNNAMED,1932,4,73,19320909,1800,,EX,41.4N,65.0W,80,,,,,,,,,,,,,
AL,UNNAMED,1932,4,73,19320910,0,,EX,42.4N,62.5W,75,,,,,,,,,,,,,
AL,UNNAMED,1932,4,73,19320910,600,,EX,42.9N,61.0W,75,,,,,,,,,,,,,
AL,UNNAMED,1932,4,73,19320910,1200,,EX,43.4N,59.6W,70,,,,,,,,,,,,,
AL,UNNAMED,1932,4,73,19320910,1800,,EX,43.7N,58.6W,70,,,,,,,,,,,,,
AL,UNNAMED,1932,4,73,19320911,0,,EX,43.8N,57.8W,65,,,,,,,,,,,,,
AL,UNNAMED,1932,4,73,19320911,600,,EX,44.0N,57.0W,65,,,,,,,,,,,,,
AL,UNNAMED,1932,4,73,19320911,1200,,EX,44.7N,56.0W,60,,,,,,,,,,,,,
AL,UNNAMED,1932,4,73,19320911,1800,,EX,46.0N,54.0W,60,,,,,,,,,,,,,
AL,UNNAMED,1932,4,73,19320912,0,,EX,47.8N,51.0W,60,,,,,,,,,,,,,
AL,UNNAMED,1932,4,73,19320912,600,,EX,50.0N,47.0W,55,,,,,,,,,,,,,
AL,UNNAMED,1932,4,73,19320912,1200,,EX,52.0N,43.0W,55,,,,,,,,,,,,,
AL,UNNAMED,1932,4,73,19320912,1800,,EX,53.7N,40.2W,55,,,,,,,,,,,,,
AL,UNNAMED,1932,4,73,19320913,0,,EX,55.2N,38.5W,50,,,,,,,,,,,,,
AL,UNNAMED,1932,4,73,19320913,600,,EX,56.5N,36.8W,50,,,,,,,,,,,,,
AL,UNNAMED,1932,4,73,19320913,1200,,EX,57.8N,35.0W,50,,,,,,,,,,,,,
AL,UNNAMED,1932,4,73,19320913,1800,,EX,59.3N,32.5W,50,,,,,,,,,,,,,
AL,UNNAMED,1932,4,73,19320914,0,,EX,61.0N,30.0W,50,,,,,,,,,,,,,
AL,UNNAMED,1932,4,73,19320914,600,,EX,63.0N,27.0W,50,,,,,,,,,,,,,
AL,UNNAMED,1932,4,73,19320914,1200,,EX,65.0N,24.0W,50,,,,,,,,,,,,,
AL,UNNAMED,1932,4,73,19320914,1800,,EX,67.0N,19.0W,50,,,,,,,,,,,,,
AL,UNNAMED,1932,4,73,19320915,0,,EX,69.0N,12.0W,50,,,,,,,,,,,,,
AL,UNNAMED,1932,4,73,19320915,600,,EX,70.8N,4.0W,50,,,,,,,,,,,,,
AL,UNNAMED,1932,4,73,19320915,1200,,EX,72.0N,5.0E,50,,,,,,,,,,,,,
AL,UNNAMED,1932,4,73,19320915,1800,,EX,72.5N,14.0E,50,,,,,,,,,,,,,
AL,UNNAMED,1932,4,73,19320916,0,,EX,72.5N,22.0E,50,,,,,,,,,,,,,
AL,UNNAMED,1932,4,73,19320916,600,,EX,72.3N,28.0E,50,,,,,,,,,,,,,
AL,UNNAMED,1932,4,73,19320916,1200,,EX,72.0N,32.0E,50,,,,,,,,,,,,,
AL,UNNAMED,1932,4,73,19320916,1800,,EX,71.5N,35.0E,45,,,,,,,,,,,,,
AL,UNNAMED,1932,4,73,19320917,0,,EX,71.0N,37.0E,40,,,,,,,,,,,,,
AL,UNNAMED,1932,4,73,19320917,600,,EX,70.5N,38.5E,35,,,,,,,,,,,,,
AL,UNNAMED,1932,4,73,19320917,1200,,EX,70.0N,40.0E,35,,,,,,,,,,,,,
AL,UNNAMED,1932,4,73,19320917,1800,,EX,69.5N,41.5E,30,,,,,,,,,,,,,
AL,UNNAMED,1932,5,16,19320904,0,,TS,36.8N,47.2W,45,,,,,,,,,,,,,
AL,UNNAMED,1932,5,16,19320904,600,,TS,36.9N,48.0W,45,,,,,,,,,,,,,
AL,UNNAMED,1932,5,16,19320904,1200,,TS,37.0N,48.8W,50,,,,,,,,,,,,,
AL,UNNAMED,1932,5,16,19320904,1800,,TS,37.1N,49.7W,55,,,,,,,,,,,,,
AL,UNNAMED,1932,5,16,19320905,0,,TS,37.3N,50.6W,55,,,,,,,,,,,,,
AL,UNNAMED,1932,5,16,19320905,600,,TS,37.5N,51.4W,60,,,,,,,,,,,,,
AL,UNNAMED,1932,5,16,19320905,1200,,TS,37.7N,52.0W,60,,,,,,,,,,,,,
AL,UNNAMED,1932,5,16,19320905,1800,,TS,38.0N,52.6W,55,,,,,,,,,,,,,
AL,UNNAMED,1932,5,16,19320906,0,,TS,38.4N,53.2W,55,,,,,,,,,,,,,
AL,UNNAMED,1932,5,16,19320906,600,,TS,38.9N,53.8W,50,,,,,,,,,,,,,
AL,UNNAMED,1932,5,16,19320906,1200,,TS,39.5N,54.0W,50,,,,,,,,,,,,,
AL,UNNAMED,1932,5,16,19320906,1800,,TS,40.3N,53.9W,45,,,,,,,,,,,,,
AL,UNNAMED,1932,5,16,19320907,0,,TS,41.3N,53.4W,40,,,,,,,,,,,,,
AL,UNNAMED,1932,5,16,19320907,600,,TS,42.4N,52.8W,35,,,,,,,,,,,,,
AL,UNNAMED,1932,5,16,19320907,1200,,TD,43.5N,52.0W,30,,,,,,,,,,,,,
AL,UNNAMED,1932,5,16,19320907,1800,,EX,44.7N,51.0W,30,,,,,,,,,,,,,
AL,UNNAMED,1932,6,38,19320909,600,,TS,19.2N,93.3W,35,,,,,,,,,,,,,
AL,UNNAMED,1932,6,38,19320909,1200,,TS,20.8N,93.2W,35,,,,,,,,,,,,,
AL,UNNAMED,1932,6,38,19320909,1800,,TS,21.4N,93.2W,35,,,,,,,,,,,,,
AL,UNNAMED,1932,6,38,19320910,0,,TS,21.8N,93.1W,35,,,,,,,,,,,,,
AL,UNNAMED,1932,6,38,19320910,600,,TS,22.1N,93.1W,35,,,,,,,,,,,,,
AL,UNNAMED,1932,6,38,19320910,1200,,TS,22.4N,93.0W,35,,,,,,,,,,,,,
AL,UNNAMED,1932,6,38,19320910,1800,,TS,22.9N,93.0W,35,,,,,,,,,,,,,
AL,UNNAMED,1932,6,38,19320911,0,,TS,23.5N,93.0W,35,,,,,,,,,,,,,
AL,UNNAMED,1932,6,38,19320911,600,,TS,24.2N,93.0W,35,,,,,,,,,,,,,
AL,UNNAMED,1932,6,38,19320911,1200,,TS,24.8N,92.9W,35,,,,,,,,,,,,,
AL,UNNAMED,1932,6,38,19320911,1800,,TS,25.1N,92.8W,35,,,,,,,,,,,,,
AL,UNNAMED,1932,6,38,19320912,0,,TS,25.3N,92.7W,35,,,,,,,,,,,,,
AL,UNNAMED,1932,6,38,19320912,600,,TS,25.4N,92.6W,35,,,,,,,,,,,,,
AL,UNNAMED,1932,6,38,19320912,1200,,TS,25.5N,92.5W,40,,,,,,,,,,,,,
AL,UNNAMED,1932,6,38,19320912,1800,,TS,25.6N,92.3W,40,,,,,,,,,,,,,
AL,UNNAMED,1932,6,38,19320913,0,,TS,25.7N,92.0W,45,,,,,,,,,,,,,
AL,UNNAMED,1932,6,38,19320913,600,,TS,25.8N,91.6W,45,,,,,,,,,,,,,
AL,UNNAMED,1932,6,38,19320913,1200,,TS,26.0N,91.0W,50,,,,,,,,,,,,,
AL,UNNAMED,1932,6,38,19320913,1800,,TS,26.3N,90.6W,50,,,,,,,,,,,,,
AL,UNNAMED,1932,6,38,19320914,0,,TS,26.7N,90.2W,50,,,,,,,,,,,,,
AL,UNNAMED,1932,6,38,19320914,600,,TS,27.2N,89.9W,50,,,,,,,,,,,,,
AL,UNNAMED,1932,6,38,19320914,1200,,TS,27.8N,89.2W,50,,,,,,,,,,,,,
AL,UNNAMED,1932,6,38,19320914,1800,,TS,28.5N,87.7W,50,,,,,,,,,,,,,
AL,UNNAMED,1932,6,38,19320915,0,,TS,29.3N,85.7W,50,,,,,,,,,,,,,
AL,UNNAMED,1932,6,38,19320915,400,L,TS,30.0N,83.9W,50,,,,,,,,,,,,,
AL,UNNAMED,1932,6,38,19320915,600,,TS,30.2N,83.3W,45,,,,,,,,,,,,,
AL,UNNAMED,1932,6,38,19320915,1200,,EX,31.4N,80.8W,40,,,,,,,,,,,,,
AL,UNNAMED,1932,6,38,19320915,1800,,EX,32.7N,78.6W,40,,,,,,,,,,,,,
AL,UNNAMED,1932,6,38,19320916,0,,EX,34.0N,77.0W,45,,,,,,,,,,,,,
AL,UNNAMED,1932,6,38,19320916,600,,EX,35.4N,75.6W,50,,,,,,,,,,,,,
AL,UNNAMED,1932,6,38,19320916,1200,,EX,36.7N,74.2W,55,,,,,,,,,,,,,
AL,UNNAMED,1932,6,38,19320916,1800,,EX,38.0N,72.6W,60,,,,,,,,,,,,,
AL,UNNAMED,1932,6,38,19320917,0,,EX,39.5N,71.0W,65,,,,,,,,,,,,,
AL,UNNAMED,1932,6,38,19320917,600,,EX,41.5N,69.3W,65,,,,,,,,,,,,,
AL,UNNAMED,1932,6,38,19320917,1200,,EX,44.0N,67.7W,55,,,,,,,,,,,,,
AL,UNNAMED,1932,6,38,19320917,1800,,EX,47.5N,66.0W,45,,,,,,,,,,,,,
AL,UNNAMED,1932,6,38,19320918,0,,EX,52.0N,66.5W,40,,,,,,,,,,,,,
AL,UNNAMED,1932,6,38,19320918,600,,EX,56.0N,67.0W,35,,,,,,,,,,,,,
AL,UNNAMED,1932,7,44,19320916,0,,TS,30.4N,41.6W,35,,,,,,,,,,,,,
AL,UNNAMED,1932,7,44,19320916,600,,TS,30.7N,42.8W,35,,,,,,,,,,,,,
AL,UNNAMED,1932,7,44,19320916,1200,,TS,31.0N,44.0W,40,,,,,,,,,,,,,
AL,UNNAMED,1932,7,44,19320916,1800,,TS,31.3N,45.2W,40,,,,,,,,,,,,,
AL,UNNAMED,1932,7,44,19320917,0,,TS,31.7N,46.4W,40,,,,,,,,,,,,,
AL,UNNAMED,1932,7,44,19320917,600,,TS,32.1N,47.5W,40,,,,,,,,,,,,,
AL,UNNAMED,1932,7,44,19320917,1200,,TS,32.5N,48.5W,40,,,,,,,,,,,,,
AL,UNNAMED,1932,7,44,19320917,1800,,TS,32.8N,49.2W,40,,,,,,,,,,,,,
AL,UNNAMED,1932,7,44,19320918,0,,TS,33.1N,49.6W,45,,,,,,,,,,,,,
AL,UNNAMED,1932,7,44,19320918,600,,TS,33.5N,49.8W,45,,,,,,,,,,,,,
AL,UNNAMED,1932,7,44,19320918,1200,,TS,34.0N,50.0W,45,,,,,,,,,,,,,
AL,UNNAMED,1932,7,44,19320918,1800,,TS,34.6N,50.3W,45,,,,,,,,,,,,,
AL,UNNAMED,1932,7,44,19320919,0,,TS,35.3N,50.8W,50,,,,,,,,,,,,,
AL,UNNAMED,1932,7,44,19320919,600,,TS,36.1N,51.4W,50,,,,,,,,,,,,,
AL,UNNAMED,1932,7,44,19320919,1200,,TS,37.0N,52.0W,50,,,,,,,,,,,,,
AL,UNNAMED,1932,7,44,19320919,1800,,TS,38.0N,52.7W,50,,,,,,,,,,,,,
AL,UNNAMED,1932,7,44,19320920,0,,TS,39.2N,53.4W,50,,,,,,,,,,,,,
AL,UNNAMED,1932,7,44,19320920,600,,TS,40.3N,54.2W,50,,,,,,,,,,,,,
AL,UNNAMED,1932,7,44,19320920,1200,,TS,41.0N,55.0W,50,,,,,,,,,,,,,
AL,UNNAMED,1932,7,44,19320920,1800,,TS,41.0N,56.1W,50,,,,,,,,,,,,,
AL,UNNAMED,1932,7,44,19320921,0,,TS,40.3N,57.6W,55,,,,,,,,,,,,,
AL,UNNAMED,1932,7,44,19320921,600,,TS,39.3N,59.3W,55,,,,,,,,,,,,,
AL,UNNAMED,1932,7,44,19320921,1200,,TS,38.5N,61.0W,55,,,,,,,,,,,,,
AL,UNNAMED,1932,7,44,19320921,1800,,TS,38.5N,62.2W,55,,,,,,,,,,,,,
AL,UNNAMED,1932,7,44,19320922,0,,TS,38.7N,63.0W,50,,,,,,,,,,,,,
AL,UNNAMED,1932,7,44,19320922,600,,TS,39.1N,63.5W,50,,,,,,,,,,,,,
AL,UNNAMED,1932,7,44,19320922,1200,,TS,39.5N,64.0W,50,,,,,,,,,,,,,
AL,UNNAMED,1932,7,44,19320922,1800,,TS,39.8N,64.5W,50,,,,,,,,,,,,,
AL,UNNAMED,1932,7,44,19320923,0,,EX,40.1N,65.0W,45,,,,,,,,,,,,,
AL,UNNAMED,1932,7,44,19320923,600,,EX,40.5N,65.4W,45,,,,,,,,,,,,,
AL,UNNAMED,1932,7,44,19320923,1200,,EX,41.0N,65.5W,40,,,,,,,,,,,,,
AL,UNNAMED,1932,7,44,19320923,1800,,EX,42.0N,65.4W,40,,,,,,,,,,,,,
AL,UNNAMED,1932,7,44,19320924,0,,EX,44.0N,65.0W,35,,,,,,,,,,,,,
AL,UNNAMED,1932,7,44,19320924,600,,EX,46.0N,64.5W,35,,,,,,,,,,,,,
AL,UNNAMED,1932,7,44,19320924,1200,,EX,48.0N,64.0W,35,,,,,,,,,,,,,
AL,UNNAMED,1932,7,44,19320924,1800,,EX,50.5N,63.5W,40,,,,,,,,,,,,,
AL,UNNAMED,1932,7,44,19320925,0,,EX,53.2N,63.0W,45,,,,,,,,,,,,,
AL,UNNAMED,1932,7,44,19320925,600,,EX,56.0N,62.5W,45,,,,,,,,,,,,,
AL,UNNAMED,1932,7,44,19320925,1200,,EX,59.0N,62.0W,50,,,,,,,,,,,,,
AL,UNNAMED,1932,7,44,19320925,1800,,EX,61.5N,61.2W,50,,,,,,,,,,,,,
AL,UNNAMED,1932,7,44,19320926,0,,EX,63.5N,60.0W,50,,,,,,,,,,,,,
AL,UNNAMED,1932,7,44,19320926,600,,EX,65.0N,58.0W,45,,,,,,,,,,,,,
AL,UNNAMED,1932,7,44,19320926,1200,,EX,66.0N,55.0W,45,,,,,,,,,,,,,
AL,UNNAMED,1932,7,44,19320926,1800,,EX,66.7N,51.0W,40,,,,,,,,,,,,,
AL,UNNAMED,1932,8,17,19320918,0,,TD,20.8N,95.0W,30,,,,,,,,,,,,,
AL,UNNAMED,1932,8,17,19320918,600,,TS,21.6N,94.5W,35,,,,,,,,,,,,,
AL,UNNAMED,1932,8,17,19320918,1200,,TS,22.5N,94.1W,40,,,,,,,,,,,,,
AL,UNNAMED,1932,8,17,19320918,1800,,TS,23.6N,93.8W,45,,,,,,,,,,,,,
AL,UNNAMED,1932,8,17,19320919,0,,TS,25.0N,93.4W,50,,,,,,,,,,,,,
AL,UNNAMED,1932,8,17,19320919,600,,TS,26.5N,92.8W,55,,,,,,,,,,,,,
AL,UNNAMED,1932,8,17,19320919,1200,,TS,28.0N,92.3W,55,,,,,,,,,,,,,
AL,UNNAMED,1932,8,17,19320919,1800,,TS,29.4N,91.9W,55,,,,,,,,,,,,,
AL,UNNAMED,1932,8,17,19320919,1900,L,TS,29.6N,91.9W,55,,,,,,,,,,,,,
AL,UNNAMED,1932,8,17,19320920,0,,TS,31.0N,91.5W,40,,,,,,,,,,,,,
AL,UNNAMED,1932,8,17,19320920,600,,TS,33.4N,90.2W,35,,,,,,,,,,,,,
AL,UNNAMED,1932,8,17,19320920,1200,,TD,36.0N,88.3W,30,,,,,,,,,,,,,
AL,UNNAMED,1932,8,17,19320920,1800,,TD,37.6N,87.1W,25,,,,,,,,,,,,,
AL,UNNAMED,1932,8,17,19320921,0,,EX,38.3N,86.3W,20,,,,,,,,,,,,,
AL,UNNAMED,1932,8,17,19320921,600,,EX,38.7N,85.3W,20,,,,,,,,,,,,,
AL,UNNAMED,1932,8,17,19320921,1200,,EX,38.8N,84.0W,20,,,,,,,,,,,,,
AL,UNNAMED,1932,8,17,19320921,1800,,EX,38.8N,82.5W,20,,,,,,,,,,,,,
AL,UNNAMED,1932,9,31,19320925,600,,TS,16.8N,56.7W,50,,,,,,,,,,,,,
AL,UNNAMED,1932,9,31,19320925,1200,,HU,16.9N,58.0W,65,,,,,,,,,,,,,
AL,UNNAMED,1932,9,31,19320925,1800,,HU,17.0N,59.3W,80,,,,,,,,,,,,,
AL,UNNAMED,1932,9,31,19320926,0,,HU,17.2N,60.7W,90,,,,,,,,,,,,,
AL,UNNAMED,1932,9,31,19320926,600,,HU,17.4N,61.9W,105,,,,,,,,,,,,,
AL,UNNAMED,1932,9,31,19320926,1200,,HU,17.7N,63.0W,120,948,,,,,,,,,,,,
AL,UNNAMED,1932,9,31,19320926,1800,,HU,17.9N,64.0W,125,,,,,,,,,,,,,
AL,UNNAMED,1932,9,31,19320927,0,,HU,18.0N,65.0W,125,943,,,,,,,,,,,,
AL,UNNAMED,1932,9,31,19320927,600,,HU,18.2N,66.2W,100,,,,,,,,,,,,,
AL,UNNAMED,1932,9,31,19320927,1200,,HU,18.2N,67.6W,90,,,,,,,,,,,,,
AL,UNNAMED,1932,9,31,19320927,1800,,HU,18.1N,68.9W,90,,,,,,,,,,,,,
AL,UNNAMED,1932,9,31,19320928,0,,HU,18.0N,70.4W,90,,,,,,,,,,,,,
AL,UNNAMED,1932,9,31,19320928,600,,HU,18.0N,72.1W,75,,,,,,,,,,,,,
AL,UNNAMED,1932,9,31,19320928,1200,,TS,18.0N,73.7W,60,,,,,,,,,,,,,
AL,UNNAMED,1932,9,31,19320928,1800,,TS,17.9N,74.9W,50,,,,,,,,,,,,,
AL,UNNAMED,1932,9,31,19320929,0,,TS,17.8N,75.9W,45,,,,,,,,,,,,,
AL,UNNAMED,1932,9,31,19320929,600,,TS,17.7N,76.7W,40,,,,,,,,,,,,,
AL,UNNAMED,1932,9,31,19320929,1200,,TS,17.6N,77.7W,40,,,,,,,,,,,,,
AL,UNNAMED,1932,9,31,19320929,1800,,TS,17.5N,78.8W,40,,,,,,,,,,,,,
AL,UNNAMED,1932,9,31,19320930,0,,TS,17.4N,79.9W,40,,,,,,,,,,,,,
AL,UNNAMED,1932,9,31,19320930,600,,TS,17.3N,81.1W,40,,,,,,,,,,,,,
AL,UNNAMED,1932,9,31,19320930,1200,,TS,17.2N,82.3W,40,,,,,,,,,,,,,
AL,UNNAMED,1932,9,31,19320930,1800,,TS,17.1N,83.6W,40,,,,,,,,,,,,,
AL,UNNAMED,1932,9,31,19321001,0,,TS,17.0N,84.9W,40,,,,,,,,,,,,,
AL,UNNAMED,1932,9,31,19321001,600,,TS,16.9N,86.1W,40,,,,,,,,,,,,,
AL,UNNAMED,1932,9,31,19321001,1200,,TS,16.8N,87.2W,40,1003,,,,,,,,,,,,
AL,UNNAMED,1932,9,31,19321001,1800,,TS,16.7N,88.3W,40,,,,,,,,,,,,,
AL,UNNAMED,1932,9,31,19321002,0,,TS,16.5N,89.4W,35,,,,,,,,,,,,,
AL,UNNAMED,1932,9,31,19321002,600,,TD,16.3N,90.5W,30,,,,,,,,,,,,,
AL,UNNAMED,1932,9,31,19321002,1200,,TD,16.0N,91.5W,30,,,,,,,,,,,,,
AL,UNNAMED,1932,9,31,19321002,1800,,TD,15.7N,92.5W,25,,,,,,,,,,,,,
AL,UNNAMED,1932,10,10,19320928,0,,TS,35.5N,49.0W,35,,,,,,,,,,,,,
AL,UNNAMED,1932,10,10,19320928,600,,TS,35.3N,49.3W,35,,,,,,,,,,,,,
AL,UNNAMED,1932,10,10,19320928,1200,,TS,35.0N,49.5W,40,,,,,,,,,,,,,
AL,UNNAMED,1932,10,10,19320928,1800,,TS,34.7N,49.7W,40,,,,,,,,,,,,,
AL,UNNAMED,1932,10,10,19320929,0,,TS,34.4N,49.9W,40,,,,,,,,,,,,,
AL,UNNAMED,1932,10,10,19320929,600,,TS,34.2N,50.1W,40,,,,,,,,,,,,,
AL,UNNAMED,1932,10,10,19320929,1200,,TS,34.0N,50.0W,40,,,,,,,,,,,,,
AL,UNNAMED,1932,10,10,19320929,1800,,TS,34.4N,49.5W,40,,,,,,,,,,,,,
AL,UNNAMED,1932,10,10,19320930,0,,TS,35.2N,48.7W,35,,,,,,,,,,,,,
AL,UNNAMED,1932,10,10,19320930,600,,TS,36.5N,47.7W,35,,,,,,,,,,,,,
AL,UNNAMED,1932,11,47,19321007,0,,TD,15.6N,82.4W,30,,,,,,,,,,,,,
AL,UNNAMED,1932,11,47,19321007,600,,TD,15.8N,82.8W,30,,,,,,,,,,,,,
AL,UNNAMED,1932,11,47,19321007,1200,,TS,16.0N,83.2W,35,,,,,,,,,,,,,
AL,UNNAMED,1932,11,47,19321007,1800,,TS,16.2N,83.6W,35,,,,,,,,,,,,,
AL,UNNAMED,1932,11,47,19321008,0,,TS,16.4N,84.0W,35,,,,,,,,,,,,,
AL,UNNAMED,1932,11,47,19321008,600,,TS,16.7N,84.4W,35,,,,,,,,,,,,,
AL,UNNAMED,1932,11,47,19321008,1200,,TS,17.0N,84.8W,35,,,,,,,,,,,,,
AL,UNNAMED,1932,11,47,19321008,1800,,TS,17.2N,85.4W,40,,,,,,,,,,,,,
AL,UNNAMED,1932,11,47,19321009,0,,TS,17.3N,86.0W,45,,,,,,,,,,,,,
AL,UNNAMED,1932,11,47,19321009,600,,TS,17.5N,86.4W,50,,,,,,,,,,,,,
AL,UNNAMED,1932,11,47,19321009,1200,,TS,17.7N,86.8W,55,,,,,,,,,,,,,
AL,UNNAMED,1932,11,47,19321009,1800,,TS,17.9N,87.2W,60,,,,,,,,,,,,,
AL,UNNAMED,1932,11,47,19321010,0,,TS,18.0N,87.6W,60,,,,,,,,,,,,,
AL,UNNAMED,1932,11,47,19321010,600,,TS,18.2N,88.0W,50,,,,,,,,,,,,,
AL,UNNAMED,1932,11,47,19321010,1200,,TS,18.3N,88.5W,40,,,,,,,,,,,,,
AL,UNNAMED,1932,11,47,19321010,1800,,TS,18.2N,89.0W,35,,,,,,,,,,,,,
AL,UNNAMED,1932,11,47,19321011,0,,TS,18.1N,89.5W,35,,,,,,,,,,,,,
AL,UNNAMED,1932,11,47,19321011,600,,TS,18.0N,90.0W,35,,,,,,,,,,,,,
AL,UNNAMED,1932,11,47,19321011,1200,,TD,18.0N,90.4W,30,,,,,,,,,,,,,
AL,UNNAMED,1932,11,47,19321011,1800,,TD,18.0N,90.7W,30,,,,,,,,,,,,,
AL,UNNAMED,1932,11,47,19321012,0,,TD,18.0N,90.8W,30,,,,,,,,,,,,,
AL,UNNAMED,1932,11,47,19321012,600,,TD,18.0N,90.9W,30,,,,,,,,,,,,,
AL,UNNAMED,1932,11,47,19321012,1200,,TD,18.0N,91.0W,30,,,,,,,,,,,,,
AL,UNNAMED,1932,11,47,19321012,1800,,TD,18.2N,91.2W,30,,,,,,,,,,,,,
AL,UNNAMED,1932,11,47,19321013,0,,TD,18.6N,91.5W,30,,,,,,,,,,,,,
AL,UNNAMED,1932,11,47,19321013,600,,TD,19.0N,91.8W,30,,,,,,,,,,,,,
AL,UNNAMED,1932,11,47,19321013,1200,,TS,19.5N,92.2W,35,,,,,,,,,,,,,
AL,UNNAMED,1932,11,47,19321013,1800,,TS,20.0N,92.8W,35,,,,,,,,,,,,,
AL,UNNAMED,1932,11,47,19321014,0,,TS,20.6N,93.5W,40,,,,,,,,,,,,,
AL,UNNAMED,1932,11,47,19321014,600,,TS,21.2N,94.0W,40,,,,,,,,,,,,,
AL,UNNAMED,1932,11,47,19321014,1200,,TS,22.0N,94.3W,40,,,,,,,,,,,,,
AL,UNNAMED,1932,11,47,19321014,1800,,TS,23.1N,94.4W,45,,,,,,,,,,,,,
AL,UNNAMED,1932,11,47,19321015,0,,TS,24.6N,94.0W,45,,,,,,,,,,,,,
AL,UNNAMED,1932,11,47,19321015,600,,TS,26.1N,93.4W,50,,,,,,,,,,,,,
AL,UNNAMED,1932,11,47,19321015,1200,,TS,27.5N,92.5W,50,,,,,,,,,,,,,
AL,UNNAMED,1932,11,47,19321015,1800,,EX,28.7N,91.5W,50,,,,,,,,,,,,,
AL,UNNAMED,1932,11,47,19321016,0,,EX,29.8N,90.4W,50,,,,,,,,,,,,,
AL,UNNAMED,1932,11,47,19321016,600,,EX,30.8N,89.3W,45,,,,,,,,,,,,,
AL,UNNAMED,1932,11,47,19321016,1200,,EX,31.8N,88.2W,40,,,,,,,,,,,,,
AL,UNNAMED,1932,11,47,19321016,1800,,EX,32.5N,87.4W,40,,,,,,,,,,,,,
AL,UNNAMED,1932,11,47,19321017,0,,EX,33.2N,86.8W,35,,,,,,,,,,,,,
AL,UNNAMED,1932,11,47,19321017,600,,EX,33.8N,86.3W,35,,,,,,,,,,,,,
AL,UNNAMED,1932,11,47,19321017,1200,,EX,34.4N,85.7W,35,,,,,,,,,,,,,
AL,UNNAMED,1932,11,47,19321017,1800,,EX,35.1N,84.9W,35,,,,,,,,,,,,,
AL,UNNAMED,1932,11,47,19321018,0,,EX,35.9N,84.0W,35,,,,,,,,,,,,,
AL,UNNAMED,1932,11,47,19321018,600,,EX,36.6N,83.0W,35,,,,,,,,,,,,,
AL,UNNAMED,1932,11,47,19321018,1200,,EX,37.3N,81.8W,35,,,,,,,,,,,,,
AL,UNNAMED,1932,12,18,19321008,0,,TD,23.6N,57.0W,30,,,,,,,,,,,,,
AL,UNNAMED,1932,12,18,19321008,600,,TS,23.8N,57.7W,35,,,,,,,,,,,,,
AL,UNNAMED,1932,12,18,19321008,1200,,TS,24.0N,58.5W,35,,,,,,,,,,,,,
AL,UNNAMED,1932,12,18,19321008,1800,,TS,24.2N,59.3W,35,,,,,,,,,,,,,
AL,UNNAMED,1932,12,18,19321009,0,,TS,24.5N,60.1W,35,,,,,,,,,,,,,
AL,UNNAMED,1932,12,18,19321009,600,,TS,24.9N,60.8W,35,,,,,,,,,,,,,
AL,UNNAMED,1932,12,18,19321009,1200,,TS,25.5N,61.5W,40,,,,,,,,,,,,,
AL,UNNAMED,1932,12,18,19321009,1800,,TS,26.5N,62.0W,40,,,,,,,,,,,,,
AL,UNNAMED,1932,12,18,19321010,0,,TS,28.0N,62.3W,40,,,,,,,,,,,,,
AL,UNNAMED,1932,12,18,19321010,600,,TS,29.8N,62.6W,45,,,,,,,,,,,,,
AL,UNNAMED,1932,12,18,19321010,1200,,TS,31.4N,62.9W,45,,,,,,,,,,,,,
AL,UNNAMED,1932,12,18,19321010,1800,,TS,32.4N,63.2W,50,,,,,,,,,,,,,
AL,UNNAMED,1932,12,18,19321011,0,,TS,33.2N,63.5W,50,,,,,,,,,,,,,
AL,UNNAMED,1932,12,18,19321011,600,,TS,33.9N,63.7W,50,,,,,,,,,,,,,
AL,UNNAMED,1932,12,18,19321011,1200,,TS,34.8N,63.5W,50,,,,,,,,,,,,,
AL,UNNAMED,1932,12,18,19321011,1800,,TS,36.3N,62.5W,45,,,,,,,,,,,,,
AL,UNNAMED,1932,12,18,19321012,0,,TS,38.5N,60.7W,45,,,,,,,,,,,,,
AL,UNNAMED,1932,12,18,19321012,600,,EX,41.5N,57.5W,40,,,,,,,,,,,,,
AL,UNNAMED,1932,13,13,19321018,0,,TS,25.5N,42.0W,35,,,,,,,,,,,,,
AL,UNNAMED,1932,13,13,19321018,600,,TS,27.2N,42.5W,40,,,,,,,,,,,,,
AL,UNNAMED,1932,13,13,19321018,1200,,TS,29.0N,43.0W,45,,,,,,,,,,,,,
AL,UNNAMED,1932,13,13,19321018,1800,,TS,31.0N,43.5W,50,,,,,,,,,,,,,
AL,UNNAMED,1932,13,13,19321019,0,,TS,32.6N,43.6W,55,,,,,,,,,,,,,
AL,UNNAMED,1932,13,13,19321019,600,,TS,34.0N,43.4W,60,,,,,,,,,,,,,
AL,UNNAMED,1932,13,13,19321019,1200,,TS,35.0N,43.0W,60,,,,,,,,,,,,,
AL,UNNAMED,1932,13,13,19321019,1800,,TS,35.5N,42.2W,55,,,,,,,,,,,,,
AL,UNNAMED,1932,13,13,19321020,0,,TS,35.7N,41.0W,50,,,,,,,,,,,,,
AL,UNNAMED,1932,13,13,19321020,600,,TS,35.9N,39.6W,45,,,,,,,,,,,,,
AL,UNNAMED,1932,13,13,19321020,1200,,TS,36.0N,38.0W,40,,,,,,,,,,,,,
AL,UNNAMED,1932,13,13,19321020,1800,,TS,35.8N,36.4W,35,,,,,,,,,,,,,
AL,UNNAMED,1932,13,13,19321021,0,,TD,35.3N,35.0W,30,,,,,,,,,,,,,
AL,UNNAMED,1932,14,63,19321030,600,,TD,15.0N,55.4W,25,,,,,,,,,,,,,
AL,UNNAMED,1932,14,63,19321030,1200,,TD,15.0N,56.3W,25,,,,,,,,,,,,,
AL,UNNAMED,1932,14,63,19321030,1800,,TD,15.0N,57.2W,30,,,,,,,,,,,,,
AL,UNNAMED,1932,14,63,19321031,0,,TD,14.9N,58.2W,30,,,,,,,,,,,,,
AL,UNNAMED,1932,14,63,19321031,600,,TD,14.9N,59.3W,30,,,,,,,,,,,,,
AL,UNNAMED,1932,14,63,19321031,1200,,TD,14.8N,60.5W,30,,,,,,,,,,,,,
AL,UNNAMED,1932,14,63,19321031,1800,,TS,14.8N,61.7W,35,,,,,,,,,,,,,
AL,UNNAMED,1932,14,63,19321101,0,,TS,14.7N,63.0W,40,,,,,,,,,,,,,
AL,UNNAMED,1932,14,63,19321101,600,,TS,14.6N,64.5W,45,,,,,,,,,,,,,
AL,UNNAMED,1932,14,63,19321101,1200,,TS,14.5N,66.0W,50,,,,,,,,,,,,,
AL,UNNAMED,1932,14,63,19321101,1800,,TS,14.3N,67.2W,55,,,,,,,,,,,,,
AL,UNNAMED,1932,14,63,19321102,0,,TS,14.1N,68.2W,60,,,,,,,,,,,,,
AL,UNNAMED,1932,14,63,19321102,600,,HU,13.9N,69.0W,65,,,,,,,,,,,,,
AL,UNNAMED,1932,14,63,19321102,1200,,HU,13.7N,69.5W,70,,,,,,,,,,,,,
AL,UNNAMED,1932,14,63,19321102,1800,,HU,13.5N,70.0W,75,,,,,,,,,,,,,
AL,UNNAMED,1932,14,63,19321103,0,,HU,13.4N,70.5W,80,,,,,,,,,,,,,
AL,UNNAMED,1932,14,63,19321103,600,,HU,13.3N,71.0W,85,,,,,,,,,,,,,
AL,UNNAMED,1932,14,63,19321103,1200,,HU,13.3N,71.5W,85,,,,,,,,,,,,,
AL,UNNAMED,1932,14,63,19321103,1800,,HU,13.4N,72.1W,85,,,,,,,,,,,,,
AL,UNNAMED,1932,14,63,19321104,0,,HU,13.5N,72.9W,90,,,,,,,,,,,,,
AL,UNNAMED,1932,14,63,19321104,600,,HU,13.7N,73.7W,90,,,,,,,,,,,,,
AL,UNNAMED,1932,14,63,19321104,1200,,HU,13.8N,74.4W,90,,,,,,,,,,,,,
AL,UNNAMED,1932,14,63,19321104,1800,,HU,13.8N,75.0W,100,,,,,,,,,,,,,
AL,UNNAMED,1932,14,63,19321105,0,,HU,13.8N,75.8W,110,,,,,,,,,,,,,
AL,UNNAMED,1932,14,63,19321105,600,,HU,13.9N,76.8W,120,,,,,,,,,,,,,
AL,UNNAMED,1932,14,63,19321105,1200,,HU,14.0N,77.8W,130,,,,,,,,,,,,,
AL,UNNAMED,1932,14,63,19321105,1800,,HU,14.1N,78.5W,140,,,,,,,,,,,,,
AL,UNNAMED,1932,14,63,19321106,0,,HU,14.2N,78.9W,150,,,,,,,,,,,,,
AL,UNNAMED,1932,14,63,19321106,600,,HU,14.3N,79.2W,150,,,,,,,,,,,,,
AL,UNNAMED,1932,14,63,19321106,1200,,HU,14.4N,79.5W,150,,,,,,,,,,,,,
AL,UNNAMED,1932,14,63,19321106,1800,,HU,14.6N,79.8W,150,,,,,,,,,,,,,
AL,UNNAMED,1932,14,63,19321107,0,,HU,14.9N,80.1W,145,,,,,,,,,,,,,
AL,UNNAMED,1932,14,63,19321107,600,,HU,15.2N,80.4W,145,,,,,,,,,,,,,
AL,UNNAMED,1932,14,63,19321107,1200,,HU,15.5N,80.7W,145,,,,,,,,,,,,,
AL,UNNAMED,1932,14,63,19321107,1800,,HU,15.8N,80.9W,145,,,,,,,,,,,,,
AL,UNNAMED,1932,14,63,19321108,0,,HU,16.2N,81.1W,140,,,,,,,,,,,,,
AL,UNNAMED,1932,14,63,19321108,600,,HU,16.7N,81.1W,140,,,,,,,,,,,,,
AL,UNNAMED,1932,14,63,19321108,1200,,HU,17.3N,81.0W,140,,,,,,,,,,,,,
AL,UNNAMED,1932,14,63,19321108,1800,,HU,18.1N,80.8W,140,,,,,,,,,,,,,
AL,UNNAMED,1932,14,63,19321109,0,,HU,19.1N,80.6W,135,,,,,,,,,,,,,
AL,UNNAMED,1932,14,63,19321109,600,,HU,20.0N,79.8W,135,,,,,,,,,,,,,
AL,UNNAMED,1932,14,63,19321109,1200,,HU,20.8N,78.9W,130,918,,,,,,,,,,,,
AL,UNNAMED,1932,14,63,19321109,1800,,HU,21.5N,77.7W,120,,,,,,,,,,,,,
AL,UNNAMED,1932,14,63,19321110,0,,HU,22.1N,76.5W,115,,,,,,,,,,,,,
AL,UNNAMED,1932,14,63,19321110,600,,HU,23.0N,75.3W,110,,,,,,,,,,,,,
AL,UNNAMED,1932,14,63,19321110,1200,,HU,23.8N,74.0W,105,,,,,,,,,,,,,
AL,UNNAMED,1932,14,63,19321110,1800,,HU,24.6N,72.5W,100,,,,,,,,,,,,,
AL,UNNAMED,1932,14,63,19321111,0,,HU,25.4N,71.3W,95,,,,,,,,,,,,,
AL,UNNAMED,1932,14,63,19321111,600,,HU,26.3N,70.3W,90,,,,,,,,,,,,,
AL,UNNAMED,1932,14,63,19321111,1200,,HU,27.3N,69.3W,85,,,,,,,,,,,,,
AL,UNNAMED,1932,14,63,19321111,1800,,HU,28.3N,68.2W,85,,,,,,,,,,,,,
AL,UNNAMED,1932,14,63,19321112,0,,HU,29.3N,67.0W,85,,,,,,,,,,,,,
AL,UNNAMED,1932,14,63,19321112,600,,HU,30.3N,65.7W,85,,,,,,,,,,,,,
AL,UNNAMED,1932,14,63,19321112,1200,,HU,31.3N,64.3W,85,,,,,,,,,,,,,
AL,UNNAMED,1932,14,63,19321112,1800,,HU,32.6N,62.3W,80,,,,,,,,,,,,,
AL,UNNAMED,1932,14,63,19321113,0,,HU,34.5N,60.0W,75,,,,,,,,,,,,,
AL,UNNAMED,1932,14,63,19321113,600,,HU,37.0N,56.8W,70,,,,,,,,,,,,,
AL,UNNAMED,1932,14,63,19321113,1200,,TS,39.3N,53.3W,60,,,,,,,,,,,,,
AL,UNNAMED,1932,14,63,19321113,1800,,TS,40.2N,50.0W,60,,,,,,,,,,,,,
AL,UNNAMED,1932,14,63,19321114,0,,EX,40.3N,47.0W,55,,,,,,,,,,,,,
AL,UNNAMED,1932,14,63,19321114,600,,EX,40.2N,43.5W,50,,,,,,,,,,,,,
AL,UNNAMED,1932,14,63,19321114,1200,,EX,40.0N,40.0W,45,,,,,,,,,,,,,
AL,UNNAMED,1932,14,63,19321114,1800,,EX,39.8N,36.0W,45,,,,,,,,,,,,,
AL,UNNAMED,1932,15,31,19321103,600,,TS,13.8N,47.8W,35,,,,,,,,,,,,,
AL,UNNAMED,1932,15,31,19321103,1200,,TS,14.9N,48.0W,35,,,,,,,,,,,,,
AL,UNNAMED,1932,15,31,19321103,1800,,TS,16.0N,48.2W,35,,,,,,,,,,,,,
AL,UNNAMED,1932,15,31,19321104,0,,TS,17.0N,47.9W,35,,,,,,,,,,,,,
AL,UNNAMED,1932,15,31,19321104,600,,TS,18.0N,47.2W,35,,,,,,,,,,,,,
AL,UNNAMED,1932,15,31,19321104,1200,,TS,19.0N,46.2W,40,,,,,,,,,,,,,
AL,UNNAMED,1932,15,31,19321104,1800,,TS,20.0N,45.4W,40,,,,,,,,,,,,,
AL,UNNAMED,1932,15,31,19321105,0,,TS,21.0N,44.8W,40,,,,,,,,,,,,,
AL,UNNAMED,1932,15,31,19321105,600,,TS,22.0N,44.5W,40,,,,,,,,,,,,,
AL,UNNAMED,1932,15,31,19321105,1200,,TS,23.0N,44.5W,45,,,,,,,,,,,,,
AL,UNNAMED,1932,15,31,19321105,1800,,TS,24.0N,45.0W,50,,,,,,,,,,,,,
AL,UNNAMED,1932,15,31,19321106,0,,TS,24.9N,45.8W,55,,,,,,,,,,,,,
AL,UNNAMED,1932,15,31,19321106,600,,TS,25.7N,46.8W,60,,,,,,,,,,,,,
AL,UNNAMED,1932,15,31,19321106,1200,,TS,26.3N,47.5W,60,,,,,,,,,,,,,
AL,UNNAMED,1932,15,31,19321106,1800,,HU,26.7N,47.9W,65,,,,,,,,,,,,,
AL,UNNAMED,1932,15,31,19321107,0,,HU,27.0N,48.1W,65,,,,,,,,,,,,,
AL,UNNAMED,1932,15,31,19321107,600,,HU,27.1N,48.1W,70,,,,,,,,,,,,,
AL,UNNAMED,1932,15,31,19321107,1200,,HU,27.5N,48.0W,75,,,,,,,,,,,,,
AL,UNNAMED,1932,15,31,19321107,1800,,HU,28.0N,47.9W,80,,,,,,,,,,,,,
AL,UNNAMED,1932,15,31,19321108,0,,HU,28.7N,47.6W,85,,,,,,,,,,,,,
AL,UNNAMED,1932,15,31,19321108,600,,HU,30.0N,46.6W,85,,,,,,,,,,,,,
AL,UNNAMED,1932,15,31,19321108,1200,,HU,31.5N,45.4W,85,,,,,,,,,,,,,
AL,UNNAMED,1932,15,31,19321108,1800,,HU,32.7N,44.4W,85,,,,,,,,,,,,,
AL,UNNAMED,1932,15,31,19321109,0,,HU,33.6N,43.6W,85,,,,,,,,,,,,,
AL,UNNAMED,1932,15,31,19321109,600,,HU,34.4N,42.9W,85,,,,,,,,,,,,,
AL,UNNAMED,1932,15,31,19321109,1200,,HU,35.0N,42.0W,80,,,,,,,,,,,,,
AL,UNNAMED,1932,15,31,19321109,1800,,HU,35.6N,40.0W,75,,,,,,,,,,,,,
AL,UNNAMED,1932,15,31,19321110,0,,HU,36.2N,37.0W,70,,,,,,,,,,,,,
AL,UNNAMED,1932,15,31,19321110,600,,EX,36.9N,33.5W,70,,,,,,,,,,,,,
AL,UNNAMED,1932,15,31,19321110,1200,,EX,37.6N,29.5W,70,,,,,,,,,,,,,
AL,UNNAMED,1932,15,31,19321110,1800,,EX,38.4N,26.0W,60,,,,,,,,,,,,,
AL,UNNAMED,1933,1,22,19330514,1200,,TS,13.3N,82.0W,35,,,,,,,,,,,,,
AL,UNNAMED,1933,1,22,19330514,1800,,TS,14.3N,82.7W,35,,,,,,,,,,,,,
AL,UNNAMED,1933,1,22,19330515,0,,TS,15.3N,83.4W,35,,,,,,,,,,,,,
AL,UNNAMED,1933,1,22,19330515,600,,TS,16.5N,84.1W,35,,,,,,,,,,,,,
AL,UNNAMED,1933,1,22,19330515,1200,,TS,18.2N,84.9W,35,,,,,,,,,,,,,
AL,UNNAMED,1933,1,22,19330515,1800,,TS,20.2N,86.0W,40,,,,,,,,,,,,,
AL,UNNAMED,1933,1,22,19330516,0,,TS,22.2N,87.3W,45,1001,,,,,,,,,,,,
AL,UNNAMED,1933,1,22,19330516,600,,TS,22.7N,88.7W,45,,,,,,,,,,,,,
AL,UNNAMED,1933,1,22,19330516,1200,,TS,23.0N,90.0W,45,,,,,,,,,,,,,
AL,UNNAMED,1933,1,22,19330516,1800,,TS,23.0N,90.4W,45,,,,,,,,,,,,,
AL,UNNAMED,1933,1,22,19330517,0,,TS,22.9N,90.6W,45,,,,,,,,,,,,,
AL,UNNAMED,1933,1,22,19330517,600,,TS,22.7N,90.8W,45,,,,,,,,,,,,,
AL,UNNAMED,1933,1,22,19330517,1200,,TS,22.5N,91.0W,45,,,,,,,,,,,,,
AL,UNNAMED,1933,1,22,19330517,1800,,TS,22.0N,91.2W,45,,,,,,,,,,,,,
AL,UNNAMED,1933,1,22,19330518,0,,TS,21.4N,91.3W,40,,,,,,,,,,,,,
AL,UNNAMED,1933,1,22,19330518,600,,TS,20.7N,91.4W,40,,,,,,,,,,,,,
AL,UNNAMED,1933,1,22,19330518,1200,,TS,20.1N,91.5W,35,,,,,,,,,,,,,
AL,UNNAMED,1933,1,22,19330518,1800,,TS,19.5N,91.6W,35,,,,,,,,,,,,,
AL,UNNAMED,1933,1,22,19330519,0,,TS,19.0N,91.7W,35,,,,,,,,,,,,,
AL,UNNAMED,1933,1,22,19330519,600,,TD,18.5N,91.6W,30,,,,,,,,,,,,,
AL,UNNAMED,1933,1,22,19330519,1200,,TD,18.0N,91.5W,25,,,,,,,,,,,,,
AL,UNNAMED,1933,1,22,19330519,1800,,TD,17.5N,91.5W,25,,,,,,,,,,,,,
AL,UNNAMED,1933,2,53,19330624,1200,,TD,9.0N,42.5W,30,,,,,,,,,,,,,
AL,UNNAMED,1933,2,53,19330624,1800,,TD,9.0N,43.8W,30,,,,,,,,,,,,,
AL,UNNAMED,1933,2,53,19330625,0,,TS,9.0N,45.2W,35,,,,,,,,,,,,,
AL,UNNAMED,1933,2,53,19330625,600,,TS,9.0N,46.6W,35,,,,,,,,,,,,,
AL,UNNAMED,1933,2,53,19330625,1200,,TS,9.0N,48.0W,35,,,,,,,,,,,,,
AL,UNNAMED,1933,2,53,19330625,1800,,TS,9.0N,49.3W,35,,,,,,,,,,,,,
AL,UNNAMED,1933,2,53,19330626,0,,TS,9.0N,50.7W,40,,,,,,,,,,,,,
AL,UNNAMED,1933,2,53,19330626,600,,TS,9.1N,52.1W,40,,,,,,,,,,,,,
AL,UNNAMED,1933,2,53,19330626,1200,,TS,9.2N,53.5W,45,,,,,,,,,,,,,
AL,UNNAMED,1933,2,53,19330626,1800,,TS,9.3N,54.8W,50,,,,,,,,,,,,,
AL,UNNAMED,1933,2,53,19330627,0,,TS,9.4N,56.2W,55,,,,,,,,,,,,,
AL,UNNAMED,1933,2,53,19330627,600,,TS,9.5N,57.6W,60,,,,,,,,,,,,,
AL,UNNAMED,1933,2,53,19330627,1200,,HU,9.6N,59.0W,70,,,,,,,,,,,,,
AL,UNNAMED,1933,2,53,19330627,1800,,HU,9.9N,60.4W,75,,,,,,,,,,,,,
AL,UNNAMED,1933,2,53,19330628,0,,HU,10.3N,61.8W,75,,,,,,,,,,,,,
AL,UNNAMED,1933,2,53,19330628,600,,HU,10.9N,63.2W,65,,,,,,,,,,,,,
AL,UNNAMED,1933,2,53,19330628,1200,,HU,11.5N,64.6W,65,,,,,,,,,,,,,
AL,UNNAMED,1933,2,53,19330628,1800,,HU,12.0N,65.9W,65,,,,,,,,,,,,,
AL,UNNAMED,1933,2,53,19330629,0,,HU,12.4N,67.3W,70,,,,,,,,,,,,,
AL,UNNAMED,1933,2,53,19330629,600,,HU,12.8N,68.7W,75,,,,,,,,,,,,,
AL,UNNAMED,1933,2,53,19330629,1200,,HU,13.2N,70.0W,80,,,,,,,,,,,,,
AL,UNNAMED,1933,2,53,19330629,1800,,HU,13.6N,71.0W,80,,,,,,,,,,,,,
AL,UNNAMED,1933,2,53,19330630,0,,HU,14.0N,72.0W,80,,,,,,,,,,,,,
AL,UNNAMED,1933,2,53,19330630,600,,HU,14.4N,73.0W,80,,,,,,,,,,,,,
AL,UNNAMED,1933,2,53,19330630,1200,,HU,14.8N,74.1W,80,,,,,,,,,,,,,
AL,UNNAMED,1933,2,53,19330630,1800,,HU,15.3N,75.2W,85,,,,,,,,,,,,,
AL,UNNAMED,1933,2,53,19330701,0,,HU,15.8N,76.2W,85,,,,,,,,,,,,,
AL,UNNAMED,1933,2,53,19330701,600,,HU,16.1N,77.2W,85,,,,,,,,,,,,,
AL,UNNAMED,1933,2,53,19330701,1200,,HU,16.3N,78.2W,85,,,,,,,,,,,,,
AL,UNNAMED,1933,2,53,19330701,1800,,HU,16.7N,79.3W,85,,,,,,,,,,,,,
AL,UNNAMED,1933,2,53,19330702,0,,HU,17.2N,80.4W,85,,,,,,,,,,,,,
AL,UNNAMED,1933,2,53,19330702,600,,HU,18.1N,81.3W,85,,,,,,,,,,,,,
AL,UNNAMED,1933,2,53,19330702,1200,,HU,19.2N,82.0W,85,,,,,,,,,,,,,
AL,UNNAMED,1933,2,53,19330702,1800,,HU,20.1N,82.6W,85,,,,,,,,,,,,,
AL,UNNAMED,1933,2,53,19330703,0,,HU,21.1N,83.2W,85,,,,,,,,,,,,,
AL,UNNAMED,1933,2,53,19330703,600,,HU,22.0N,83.9W,85,,,,,,,,,,,,,
AL,UNNAMED,1933,2,53,19330703,1200,,HU,22.9N,84.6W,80,,,,,,,,,,,,,
AL,UNNAMED,1933,2,53,19330703,1800,,HU,23.5N,85.2W,80,,,,,,,,,,,,,
AL,UNNAMED,1933,2,53,19330704,0,,HU,23.9N,85.8W,85,,,,,,,,,,,,,
AL,UNNAMED,1933,2,53,19330704,600,,HU,24.3N,86.4W,85,,,,,,,,,,,,,
AL,UNNAMED,1933,2,53,19330704,1200,,HU,24.7N,87.0W,85,,,,,,,,,,,,,
AL,UNNAMED,1933,2,53,19330704,1800,,HU,25.1N,87.8W,85,,,,,,,,,,,,,
AL,UNNAMED,1933,2,53,19330705,0,,HU,25.5N,88.9W,90,,,,,,,,,,,,,
AL,UNNAMED,1933,2,53,19330705,600,,HU,25.5N,90.3W,95,,,,,,,,,,,,,
AL,UNNAMED,1933,2,53,19330705,1200,,HU,25.5N,91.5W,95,,,,,,,,,,,,,
AL,UNNAMED,1933,2,53,19330705,1800,,HU,25.3N,92.6W,95,,,,,,,,,,,,,
AL,UNNAMED,1933,2,53,19330706,0,,HU,25.1N,93.6W,95,,,,,,,,,,,,,
AL,UNNAMED,1933,2,53,19330706,600,,HU,24.9N,94.6W,90,,,,,,,,,,,,,
AL,UNNAMED,1933,2,53,19330706,1200,,HU,24.6N,95.6W,90,,,,,,,,,,,,,
AL,UNNAMED,1933,2,53,19330706,1800,,HU,24.2N,96.5W,85,,,,,,,,,,,,,
AL,UNNAMED,1933,2,53,19330707,0,,HU,23.7N,97.5W,85,,,,,,,,,,,,,
AL,UNNAMED,1933,2,53,19330707,600,,TS,23.1N,98.6W,60,,,,,,,,,,,,,
AL,UNNAMED,1933,2,53,19330707,1200,,TS,22.5N,99.8W,35,,,,,,,,,,,,,
AL,UNNAMED,1933,3,55,19330714,0,,TD,14.9N,60.0W,30,,,,,,,,,,,,,
AL,UNNAMED,1933,3,55,19330714,600,,TD,15.5N,61.5W,30,,,,,,,,,,,,,
AL,UNNAMED,1933,3,55,19330714,1200,,TD,16.0N,63.0W,30,,,,,,,,,,,,,
AL,UNNAMED,1933,3,55,19330714,1800,,TD,16.3N,64.5W,30,,,,,,,,,,,,,
AL,UNNAMED,1933,3,55,19330715,0,,TD,16.6N,66.0W,30,,,,,,,,,,,,,
AL,UNNAMED,1933,3,55,19330715,600,,TD,16.8N,67.4W,30,,,,,,,,,,,,,
AL,UNNAMED,1933,3,55,19330715,1200,,TD,17.0N,68.8W,30,,,,,,,,,,,,,
AL,UNNAMED,1933,3,55,19330715,1800,,TD,17.2N,70.5W,30,,,,,,,,,,,,,
AL,UNNAMED,1933,3,55,19330716,0,,TS,17.4N,72.3W,35,,,,,,,,,,,,,
AL,UNNAMED,1933,3,55,19330716,600,,TS,17.5N,73.9W,35,,,,,,,,,,,,,
AL,UNNAMED,1933,3,55,19330716,1200,,TS,17.6N,75.5W,35,,,,,,,,,,,,,
AL,UNNAMED,1933,3,55,19330716,1800,,TS,17.7N,77.0W,35,,,,,,,,,,,,,
AL,UNNAMED,1933,3,55,19330717,0,,TS,17.8N,78.5W,35,,,,,,,,,,,,,
AL,UNNAMED,1933,3,55,19330717,600,,TS,17.9N,80.0W,40,,,,,,,,,,,,,
AL,UNNAMED,1933,3,55,19330717,1200,,TS,18.0N,81.5W,40,,,,,,,,,,,,,
AL,UNNAMED,1933,3,55,19330717,1800,,TS,17.9N,83.0W,40,,,,,,,,,,,,,
AL,UNNAMED,1933,3,55,19330718,0,,TS,17.7N,84.5W,45,,,,,,,,,,,,,
AL,UNNAMED,1933,3,55,19330718,600,,TS,17.5N,86.0W,45,,,,,,,,,,,,,
AL,UNNAMED,1933,3,55,19330718,1200,,TS,17.3N,87.5W,45,,,,,,,,,,,,,
AL,UNNAMED,1933,3,55,19330718,1800,,TS,17.5N,88.7W,40,,,,,,,,,,,,,
AL,UNNAMED,1933,3,55,19330719,0,,TS,17.7N,89.6W,35,,,,,,,,,,,,,
AL,UNNAMED,1933,3,55,19330719,600,,TD,17.9N,90.3W,30,,,,,,,,,,,,,
AL,UNNAMED,1933,3,55,19330719,1200,,TD,18.0N,91.0W,25,,,,,,,,,,,,,
AL,UNNAMED,1933,3,55,19330719,1800,,TD,18.6N,91.6W,25,,,,,,,,,,,,,
AL,UNNAMED,1933,3,55,19330720,0,,TD,19.5N,92.0W,25,,,,,,,,,,,,,
AL,UNNAMED,1933,3,55,19330720,600,,TD,20.5N,92.3W,25,,,,,,,,,,,,,
AL,UNNAMED,1933,3,55,19330720,1200,,TD,21.5N,92.5W,25,,,,,,,,,,,,,
AL,UNNAMED,1933,3,55,19330720,1800,,TD,22.0N,92.6W,25,,,,,,,,,,,,,
AL,UNNAMED,1933,3,55,19330721,0,,TD,22.3N,92.7W,30,,,,,,,,,,,,,
AL,UNNAMED,1933,3,55,19330721,600,,TD,22.6N,92.8W,30,,,,,,,,,,,,,
AL,UNNAMED,1933,3,55,19330721,1200,,TD,22.9N,93.0W,30,,,,,,,,,,,,,
AL,UNNAMED,1933,3,55,19330721,1800,,TS,23.3N,93.4W,35,,,,,,,,,,,,,
AL,UNNAMED,1933,3,55,19330722,0,,TS,23.8N,93.9W,35,,,,,,,,,,,,,
AL,UNNAMED,1933,3,55,19330722,600,,TS,24.5N,94.5W,35,,,,,,,,,,,,,
AL,UNNAMED,1933,3,55,19330722,1200,,TS,25.4N,95.0W,40,,,,,,,,,,,,,
AL,UNNAMED,1933,3,55,19330722,1800,,TS,26.4N,95.2W,40,,,,,,,,,,,,,
AL,UNNAMED,1933,3,55,19330723,0,,TS,27.4N,95.5W,40,,,,,,,,,,,,,
AL,UNNAMED,1933,3,55,19330723,600,,TS,28.4N,95.9W,40,,,,,,,,,,,,,
AL,UNNAMED,1933,3,55,19330723,800,L,TS,28.6N,96.0W,40,,,,,,,,,,,,,
AL,UNNAMED,1933,3,55,19330723,1200,,TD,29.3N,96.2W,30,,,,,,,,,,,,,
AL,UNNAMED,1933,3,55,19330723,1800,,TD,30.2N,96.2W,30,,,,,,,,,,,,,
AL,UNNAMED,1933,3,55,19330724,0,,TD,31.1N,96.0W,25,,,,,,,,,,,,,
AL,UNNAMED,1933,3,55,19330724,600,,EX,31.8N,95.6W,25,,,,,,,,,,,,,
AL,UNNAMED,1933,3,55,19330724,1200,,EX,32.4N,95.2W,25,,,,,,,,,,,,,
AL,UNNAMED,1933,3,55,19330724,1800,,EX,32.5N,94.7W,25,,,,,,,,,,,,,
AL,UNNAMED,1933,3,55,19330725,0,,EX,32.5N,94.2W,25,,,,,,,,,,,,,
AL,UNNAMED,1933,3,55,19330725,600,,EX,32.4N,93.6W,25,,,,,,,,,,,,,
AL,UNNAMED,1933,3,55,19330725,1200,,EX,32.3N,93.0W,25,,,,,,,,,,,,,
AL,UNNAMED,1933,3,55,19330725,1800,,EX,32.1N,92.7W,25,,,,,,,,,,,,,
AL,UNNAMED,1933,3,55,19330726,0,,EX,32.0N,92.4W,25,,,,,,,,,,,,,
AL,UNNAMED,1933,3,55,19330726,600,,EX,31.9N,92.1W,30,,,,,,,,,,,,,
AL,UNNAMED,1933,3,55,19330726,1200,,EX,31.9N,91.8W,30,,,,,,,,,,,,,
AL,UNNAMED,1933,3,55,19330726,1800,,EX,32.3N,91.5W,30,,,,,,,,,,,,,
AL,UNNAMED,1933,3,55,19330727,0,,EX,33.1N,91.2W,30,,,,,,,,,,,,,
AL,UNNAMED,1933,3,55,19330727,600,,EX,34.1N,90.9W,30,,,,,,,,,,,,,
AL,UNNAMED,1933,4,11,19330724,1200,,TD,31.0N,57.0W,25,,,,,,,,,,,,,
AL,UNNAMED,1933,4,11,19330724,1800,,TD,31.2N,56.1W,30,,,,,,,,,,,,,
AL,UNNAMED,1933,4,11,19330725,0,,TS,31.4N,55.2W,40,,,,,,,,,,,,,
AL,UNNAMED,1933,4,11,19330725,600,,TS,31.7N,54.3W,45,,,,,,,,,,,,,
AL,UNNAMED,1933,4,11,19330725,1200,,TS,32.0N,53.5W,50,,,,,,,,,,,,,
AL,UNNAMED,1933,4,11,19330725,1800,,TS,33.0N,52.9W,50,,,,,,,,,,,,,
AL,UNNAMED,1933,4,11,19330726,0,,TS,34.1N,52.4W,45,,,,,,,,,,,,,
AL,UNNAMED,1933,4,11,19330726,600,,TS,35.3N,51.9W,40,,,,,,,,,,,,,
AL,UNNAMED,1933,4,11,19330726,1200,,TS,36.5N,51.5W,35,,,,,,,,,,,,,
AL,UNNAMED,1933,4,11,19330726,1800,,TS,37.8N,50.9W,35,,,,,,,,,,,,,
AL,UNNAMED,1933,4,11,19330727,0,,TD,39.6N,49.9W,30,,,,,,,,,,,,,
AL,UNNAMED,1933,5,51,19330724,1200,,TD,14.0N,54.5W,30,,,,,,,,,,,,,
AL,UNNAMED,1933,5,51,19330724,1800,,TD,14.5N,55.9W,30,,,,,,,,,,,,,
AL,UNNAMED,1933,5,51,19330725,0,,TS,15.0N,57.4W,35,,,,,,,,,,,,,
AL,UNNAMED,1933,5,51,19330725,600,,TS,15.7N,59.0W,40,,,,,,,,,,,,,
AL,UNNAMED,1933,5,51,19330725,1200,,TS,16.5N,60.7W,50,,,,,,,,,,,,,
AL,UNNAMED,1933,5,51,19330725,1800,,TS,17.3N,62.4W,60,,,,,,,,,,,,,
AL,UNNAMED,1933,5,51,19330726,0,,HU,17.8N,63.7W,75,,,,,,,,,,,,,
AL,UNNAMED,1933,5,51,19330726,600,,HU,18.5N,65.1W,75,,,,,,,,,,,,,
AL,UNNAMED,1933,5,51,19330726,1200,,HU,19.3N,66.3W,75,,,,,,,,,,,,,
AL,UNNAMED,1933,5,51,19330726,1800,,HU,19.8N,67.5W,75,,,,,,,,,,,,,
AL,UNNAMED,1933,5,51,19330727,0,,HU,20.3N,68.6W,75,,,,,,,,,,,,,
AL,UNNAMED,1933,5,51,19330727,600,,HU,20.8N,69.6W,75,,,,,,,,,,,,,
AL,UNNAMED,1933,5,51,19330727,1200,,HU,21.3N,70.6W,75,,,,,,,,,,,,,
AL,UNNAMED,1933,5,51,19330727,1800,,HU,21.8N,71.6W,75,,,,,,,,,,,,,
AL,UNNAMED,1933,5,51,19330728,0,,HU,22.5N,72.7W,75,,,,,,,,,,,,,
AL,UNNAMED,1933,5,51,19330728,600,,HU,23.2N,73.9W,75,,,,,,,,,,,,,
AL,UNNAMED,1933,5,51,19330728,1200,,HU,24.0N,75.0W,70,,,,,,,,,,,,,
AL,UNNAMED,1933,5,51,19330728,1800,,HU,24.6N,75.6W,70,,,,,,,,,,,,,
AL,UNNAMED,1933,5,51,19330729,0,,HU,25.1N,75.9W,70,,,,,,,,,,,,,
AL,UNNAMED,1933,5,51,19330729,600,,HU,25.6N,76.2W,70,,,,,,,,,,,,,
AL,UNNAMED,1933,5,51,19330729,1200,,HU,26.0N,76.5W,70,,,,,,,,,,,,,
AL,UNNAMED,1933,5,51,19330729,1800,,HU,26.3N,77.1W,70,,,,,,,,,,,,,
AL,UNNAMED,1933,5,51,19330730,0,,HU,26.6N,78.1W,70,,,,,,,,,,,,,
AL,UNNAMED,1933,5,51,19330730,600,,HU,26.8N,79.1W,70,,,,,,,,,,,,,
AL,UNNAMED,1933,5,51,19330730,1200,,HU,27.0N,79.8W,65,988,,,,,,,,,,,,
AL,UNNAMED,1933,5,51,19330730,1600,L,HU,27.1N,80.1W,65,988,,,,,,,,,,,,
AL,UNNAMED,1933,5,51,19330730,1800,,TS,27.1N,80.3W,60,,,,,,,,,,,,,
AL,UNNAMED,1933,5,51,19330731,0,,TS,27.1N,80.7W,50,,,,,,,,,,,,,
AL,UNNAMED,1933,5,51,19330731,600,,TS,27.1N,81.1W,45,,,,,,,,,,,,,
AL,UNNAMED,1933,5,51,19330731,1200,,TS,27.0N,81.6W,40,,,,,,,,,,,,,
AL,UNNAMED,1933,5,51,19330731,1800,,TS,27.0N,82.4W,40,,,,,,,,,,,,,
AL,UNNAMED,1933,5,51,19330801,0,,TS,27.0N,83.2W,40,,,,,,,,,,,,,
AL,UNNAMED,1933,5,51,19330801,600,,TS,27.0N,84.1W,40,,,,,,,,,,,,,
AL,UNNAMED,1933,5,51,19330801,1200,,TS,27.0N,85.0W,40,,,,,,,,,,,,,
AL,UNNAMED,1933,5,51,19330801,1800,,TS,26.9N,85.7W,40,,,,,,,,,,,,,
AL,UNNAMED,1933,5,51,19330802,0,,TS,26.8N,86.3W,40,,,,,,,,,,,,,
AL,UNNAMED,1933,5,51,19330802,600,,TS,26.6N,87.0W,40,,,,,,,,,,,,,
AL,UNNAMED,1933,5,51,19330802,1200,,TS,26.4N,87.7W,45,,,,,,,,,,,,,
AL,UNNAMED,1933,5,51,19330802,1800,,TS,26.2N,88.7W,45,,,,,,,,,,,,,
AL,UNNAMED,1933,5,51,19330803,0,,TS,26.0N,89.8W,50,,,,,,,,,,,,,
AL,UNNAMED,1933,5,51,19330803,600,,TS,25.9N,90.9W,50,,,,,,,,,,,,,
AL,UNNAMED,1933,5,51,19330803,1200,,TS,25.8N,92.0W,55,,,,,,,,,,,,,
AL,UNNAMED,1933,5,51,19330803,1800,,TS,25.8N,92.9W,60,,,,,,,,,,,,,
AL,UNNAMED,1933,5,51,19330804,0,,HU,25.8N,93.7W,65,,,,,,,,,,,,,
AL,UNNAMED,1933,5,51,19330804,600,,HU,25.8N,94.5W,70,,,,,,,,,,,,,
AL,UNNAMED,1933,5,51,19330804,1200,,HU,25.8N,95.3W,75,,,,,,,,,,,,,
AL,UNNAMED,1933,5,51,19330804,1800,,HU,25.8N,96.2W,80,,,,,,,,,,,,,
AL,UNNAMED,1933,5,51,19330805,0,,HU,25.8N,97.1W,80,975,,,,,,,,,,,,
AL,UNNAMED,1933,5,51,19330805,600,,TS,25.6N,97.7W,55,,,,,,,,,,,,,
AL,UNNAMED,1933,5,51,19330805,1200,,TS,25.4N,98.3W,45,,,,,,,,,,,,,
AL,UNNAMED,1933,5,51,19330805,1800,,TS,25.2N,99.0W,35,,,,,,,,,,,,,
AL,UNNAMED,1933,6,62,19330813,1200,,TD,12.3N,21.5W,30,,,,,,,,,,,,,
AL,UNNAMED,1933,6,62,19330813,1800,,TS,12.5N,22.9W,35,,,,,,,,,,,,,
AL,UNNAMED,1933,6,62,19330814,0,,TS,12.8N,24.3W,40,,,,,,,,,,,,,
AL,UNNAMED,1933,6,62,19330814,600,,TS,13.1N,25.7W,40,,,,,,,,,,,,,
AL,UNNAMED,1933,6,62,19330814,1200,,TS,13.3N,27.2W,45,,,,,,,,,,,,,
AL,UNNAMED,1933,6,62,19330814,1800,,TS,13.5N,28.9W,45,,,,,,,,,,,,,
AL,UNNAMED,1933,6,62,19330815,0,,TS,13.7N,30.7W,45,,,,,,,,,,,,,
AL,UNNAMED,1933,6,62,19330815,600,,TS,13.9N,32.5W,50,,,,,,,,,,,,,
AL,UNNAMED,1933,6,62,19330815,1200,,TS,14.2N,34.4W,50,,,,,,,,,,,,,
AL,UNNAMED,1933,6,62,19330815,1800,,TS,14.5N,36.2W,50,,,,,,,,,,,,,
AL,UNNAMED,1933,6,62,19330816,0,,TS,14.8N,38.0W,55,,,,,,,,,,,,,
AL,UNNAMED,1933,6,62,19330816,600,,TS,15.1N,39.8W,55,,,,,,,,,,,,,
AL,UNNAMED,1933,6,62,19330816,1200,,TS,15.5N,41.6W,60,,,,,,,,,,,,,
AL,UNNAMED,1933,6,62,19330816,1800,,HU,16.0N,43.4W,65,,,,,,,,,,,,,
AL,UNNAMED,1933,6,62,19330817,0,,HU,16.6N,45.2W,70,,,,,,,,,,,,,
AL,UNNAMED,1933,6,62,19330817,600,,HU,17.3N,47.0W,75,,,,,,,,,,,,,
AL,UNNAMED,1933,6,62,19330817,1200,,HU,18.1N,48.7W,85,,,,,,,,,,,,,
AL,UNNAMED,1933,6,62,19330817,1800,,HU,19.0N,50.1W,90,,,,,,,,,,,,,
AL,UNNAMED,1933,6,62,19330818,0,,HU,20.1N,51.4W,95,,,,,,,,,,,,,
AL,UNNAMED,1933,6,62,19330818,600,,HU,21.3N,52.7W,105,,,,,,,,,,,,,
AL,UNNAMED,1933,6,62,19330818,1200,,HU,22.4N,53.9W,110,,,,,,,,,,,,,
AL,UNNAMED,1933,6,62,19330818,1800,,HU,23.4N,55.2W,115,948,,,,,,,,,,,,
AL,UNNAMED,1933,6,62,19330819,0,,HU,24.4N,56.5W,115,,,,,,,,,,,,,
AL,UNNAMED,1933,6,62,19330819,600,,HU,25.4N,57.8W,120,,,,,,,,,,,,,
AL,UNNAMED,1933,6,62,19330819,1200,,HU,26.4N,59.0W,120,,,,,,,,,,,,,
AL,UNNAMED,1933,6,62,19330819,1800,,HU,27.3N,59.9W,120,,,,,,,,,,,,,
AL,UNNAMED,1933,6,62,19330820,0,,HU,28.0N,60.8W,120,,,,,,,,,,,,,
AL,UNNAMED,1933,6,62,19330820,600,,HU,28.5N,61.7W,115,,,,,,,,,,,,,
AL,UNNAMED,1933,6,62,19330820,1200,,HU,29.1N,62.5W,115,,,,,,,,,,,,,
AL,UNNAMED,1933,6,62,19330820,1800,,HU,29.7N,63.5W,115,,,,,,,,,,,,,
AL,UNNAMED,1933,6,62,19330821,0,,HU,30.2N,64.6W,110,,,,,,,,,,,,,
AL,UNNAMED,1933,6,62,19330821,600,,HU,30.7N,65.8W,110,,,,,,,,,,,,,
AL,UNNAMED,1933,6,62,19330821,1200,,HU,31.2N,67.0W,110,,,,,,,,,,,,,
AL,UNNAMED,1933,6,62,19330821,1800,,HU,31.6N,68.0W,110,,,,,,,,,,,,,
AL,UNNAMED,1933,6,62,19330822,0,,HU,32.0N,69.0W,105,,,,,,,,,,,,,
AL,UNNAMED,1933,6,62,19330822,600,,HU,32.4N,70.0W,105,,,,,,,,,,,,,
AL,UNNAMED,1933,6,62,19330822,1200,,HU,32.8N,71.1W,105,,,,,,,,,,,,,
AL,UNNAMED,1933,6,62,19330822,1800,,HU,33.4N,72.4W,100,,,,,,,,,,,,,
AL,UNNAMED,1933,6,62,19330823,0,,HU,34.1N,73.7W,90,,,,,,,,,,,,,
AL,UNNAMED,1933,6,62,19330823,600,,HU,35.1N,74.9W,85,,,,,,,,,,,,,
AL,UNNAMED,1933,6,62,19330823,1000,L,HU,35.8N,75.6W,80,963,,,,,,,,,,,,
AL,UNNAMED,1933,6,62,19330823,1200,L,HU,36.1N,75.8W,75,966,,,,,,,,,,,,
AL,UNNAMED,1933,6,62,19330823,1800,,HU,37.4N,76.7W,65,971,,,,,,,,,,,,
AL,UNNAMED,1933,6,62,19330824,0,,TS,38.7N,77.2W,55,978,,,,,,,,,,,,
AL,UNNAMED,1933,6,62,19330824,600,,TS,40.6N,77.0W,45,,,,,,,,,,,,,
AL,UNNAMED,1933,6,62,19330824,1200,,TS,42.4N,76.3W,35,,,,,,,,,,,,,
AL,UNNAMED,1933,6,62,19330824,1800,,TD,43.4N,75.3W,30,,,,,,,,,,,,,
AL,UNNAMED,1933,6,62,19330825,0,,TD,44.0N,74.4W,30,,,,,,,,,,,,,
AL,UNNAMED,1933,6,62,19330825,600,,TD,44.5N,73.7W,30,,,,,,,,,,,,,
AL,UNNAMED,1933,6,62,19330825,1200,,TD,45.0N,73.0W,30,,,,,,,,,,,,,
AL,UNNAMED,1933,6,62,19330825,1800,,EX,44.9N,71.9W,30,,,,,,,,,,,,,
AL,UNNAMED,1933,6,62,19330826,0,,EX,44.5N,70.4W,30,,,,,,,,,,,,,
AL,UNNAMED,1933,6,62,19330826,600,,EX,44.1N,68.8W,30,,,,,,,,,,,,,
AL,UNNAMED,1933,6,62,19330826,1200,,EX,44.0N,67.2W,30,,,,,,,,,,,,,
AL,UNNAMED,1933,6,62,19330826,1800,,EX,44.0N,66.2W,35,,,,,,,,,,,,,
AL,UNNAMED,1933,6,62,19330827,0,,EX,44.1N,65.4W,35,,,,,,,,,,,,,
AL,UNNAMED,1933,6,62,19330827,600,,EX,44.1N,64.5W,35,,,,,,,,,,,,,
AL,UNNAMED,1933,6,62,19330827,1200,,EX,44.2N,63.5W,30,,,,,,,,,,,,,
AL,UNNAMED,1933,6,62,19330827,1800,,EX,44.2N,61.7W,30,,,,,,,,,,,,,
AL,UNNAMED,1933,6,62,19330828,0,,EX,44.3N,59.1W,30,,,,,,,,,,,,,
AL,UNNAMED,1933,6,62,19330828,600,,EX,44.4N,55.8W,30,,,,,,,,,,,,,
AL,UNNAMED,1933,6,62,19330828,1200,,EX,44.5N,52.5W,30,,,,,,,,,,,,,
AL,UNNAMED,1933,7,31,19330814,0,,TD,14.2N,65.3W,30,,,,,,,,,,,,,
AL,UNNAMED,1933,7,31,19330814,600,,TD,14.4N,66.7W,30,,,,,,,,,,,,,
AL,UNNAMED,1933,7,31,19330814,1200,,TD,14.6N,68.0W,30,,,,,,,,,,,,,
AL,UNNAMED,1933,7,31,19330814,1800,,TD,14.8N,69.4W,30,,,,,,,,,,,,,
AL,UNNAMED,1933,7,31,19330815,0,,TS,15.1N,70.8W,35,,,,,,,,,,,,,
AL,UNNAMED,1933,7,31,19330815,600,,TS,15.3N,72.2W,35,,,,,,,,,,,,,
AL,UNNAMED,1933,7,31,19330815,1200,,TS,15.6N,73.6W,35,,,,,,,,,,,,,
AL,UNNAMED,1933,7,31,19330815,1800,,TS,16.1N,74.9W,35,,,,,,,,,,,,,
AL,UNNAMED,1933,7,31,19330816,0,,TS,16.6N,76.2W,35,,,,,,,,,,,,,
AL,UNNAMED,1933,7,31,19330816,600,,TS,16.9N,77.4W,35,,,,,,,,,,,,,
AL,UNNAMED,1933,7,31,19330816,1200,,TS,17.2N,78.5W,35,,,,,,,,,,,,,
AL,UNNAMED,1933,7,31,19330816,1800,,TS,17.9N,79.7W,35,,,,,,,,,,,,,
AL,UNNAMED,1933,7,31,19330817,0,,TS,19.0N,80.8W,35,,,,,,,,,,,,,
AL,UNNAMED,1933,7,31,19330817,600,,TS,20.2N,82.1W,35,,,,,,,,,,,,,
AL,UNNAMED,1933,7,31,19330817,1200,,TS,21.4N,83.1W,35,,,,,,,,,,,,,
AL,UNNAMED,1933,7,31,19330817,1800,,TS,22.0N,83.7W,35,,,,,,,,,,,,,
AL,UNNAMED,1933,7,31,19330818,0,,TD,22.4N,84.0W,30,,,,,,,,,,,,,
AL,UNNAMED,1933,7,31,19330818,600,,TS,22.7N,84.3W,35,,,,,,,,,,,,,
AL,UNNAMED,1933,7,31,19330818,1200,,TS,23.0N,84.5W,40,,,,,,,,,,,,,
AL,UNNAMED,1933,7,31,19330818,1800,,TS,23.5N,84.5W,40,,,,,,,,,,,,,
AL,UNNAMED,1933,7,31,19330819,0,,TS,24.0N,84.5W,35,,,,,,,,,,,,,
AL,UNNAMED,1933,7,31,19330819,600,,TD,24.5N,84.5W,30,,,,,,,,,,,,,
AL,UNNAMED,1933,7,31,19330819,1200,,TD,25.0N,84.5W,30,,,,,,,,,,,,,
AL,UNNAMED,1933,7,31,19330819,1800,,TD,25.5N,84.4W,30,,,,,,,,,,,,,
AL,UNNAMED,1933,7,31,19330820,0,,TD,26.0N,84.3W,25,,,,,,,,,,,,,
AL,UNNAMED,1933,7,31,19330820,600,,TD,26.5N,84.2W,25,,,,,,,,,,,,,
AL,UNNAMED,1933,7,31,19330820,1200,,TD,27.0N,84.0W,25,,,,,,,,,,,,,
AL,UNNAMED,1933,7,31,19330820,1800,,TD,27.2N,83.9W,25,,,,,,,,,,,,,
AL,UNNAMED,1933,7,31,19330821,0,,TD,27.3N,83.8W,25,,,,,,,,,,,,,
AL,UNNAMED,1933,7,31,19330821,600,,TD,27.3N,83.7W,25,,,,,,,,,,,,,
AL,UNNAMED,1933,7,31,19330821,1200,,TD,27.3N,83.5W,25,,,,,,,,,,,,,
AL,UNNAMED,1933,8,60,19330822,600,,TD,12.6N,24.9W,25,,,,,,,,,,,,,
AL,UNNAMED,1933,8,60,19330822,1200,,TD,12.7N,26.0W,25,,,,,,,,,,,,,
AL,UNNAMED,1933,8,60,19330822,1800,,TD,12.8N,27.1W,25,,,,,,,,,,,,,
AL,UNNAMED,1933,8,60,19330823,0,,TD,12.9N,28.2W,25,,,,,,,,,,,,,
AL,UNNAMED,1933,8,60,19330823,600,,TD,13.0N,29.3W,25,,,,,,,,,,,,,
AL,UNNAMED,1933,8,60,19330823,1200,,TD,13.1N,30.4W,25,,,,,,,,,,,,,
AL,UNNAMED,1933,8,60,19330823,1800,,TD,13.2N,31.5W,25,,,,,,,,,,,,,
AL,UNNAMED,1933,8,60,19330824,0,,TD,13.4N,32.5W,30,,,,,,,,,,,,,
AL,UNNAMED,1933,8,60,19330824,600,,TD,13.6N,33.5W,30,,,,,,,,,,,,,
AL,UNNAMED,1933,8,60,19330824,1200,,TD,13.8N,34.6W,30,,,,,,,,,,,,,
AL,UNNAMED,1933,8,60,19330824,1800,,TD,14.0N,35.8W,30,,,,,,,,,,,,,
AL,UNNAMED,1933,8,60,19330825,0,,TD,14.3N,37.1W,30,,,,,,,,,,,,,
AL,UNNAMED,1933,8,60,19330825,600,,TD,14.5N,38.4W,30,,,,,,,,,,,,,
AL,UNNAMED,1933,8,60,19330825,1200,,TD,14.7N,39.7W,30,,,,,,,,,,,,,
AL,UNNAMED,1933,8,60,19330825,1800,,TD,14.9N,41.0W,30,,,,,,,,,,,,,
AL,UNNAMED,1933,8,60,19330826,0,,TS,15.1N,42.3W,35,,,,,,,,,,,,,
AL,UNNAMED,1933,8,60,19330826,600,,TS,15.3N,43.6W,35,,,,,,,,,,,,,
AL,UNNAMED,1933,8,60,19330826,1200,,TS,15.6N,44.9W,35,,,,,,,,,,,,,
AL,UNNAMED,1933,8,60,19330826,1800,,TS,15.8N,46.2W,40,,,,,,,,,,,,,
AL,UNNAMED,1933,8,60,19330827,0,,TS,16.1N,47.5W,40,,,,,,,,,,,,,
AL,UNNAMED,1933,8,60,19330827,600,,TS,16.4N,48.8W,40,,,,,,,,,,,,,
AL,UNNAMED,1933,8,60,19330827,1200,,TS,16.7N,50.1W,45,,,,,,,,,,,,,
AL,UNNAMED,1933,8,60,19330827,1800,,TS,17.0N,51.6W,45,,,,,,,,,,,,,
AL,UNNAMED,1933,8,60,19330828,0,,TS,17.3N,53.1W,50,,,,,,,,,,,,,
AL,UNNAMED,1933,8,60,19330828,600,,TS,17.7N,54.7W,55,,,,,,,,,,,,,
AL,UNNAMED,1933,8,60,19330828,1200,,TS,18.1N,56.3W,60,,,,,,,,,,,,,
AL,UNNAMED,1933,8,60,19330828,1800,,HU,18.5N,57.9W,65,,,,,,,,,,,,,
AL,UNNAMED,1933,8,60,19330829,0,,HU,18.8N,59.5W,70,,,,,,,,,,,,,
AL,UNNAMED,1933,8,60,19330829,600,,HU,19.1N,61.1W,75,,,,,,,,,,,,,
AL,UNNAMED,1933,8,60,19330829,1200,,HU,19.5N,62.7W,80,,,,,,,,,,,,,
AL,UNNAMED,1933,8,60,19330829,1800,,HU,20.0N,64.4W,90,,,,,,,,,,,,,
AL,UNNAMED,1933,8,60,19330830,0,,HU,20.6N,66.1W,100,,,,,,,,,,,,,
AL,UNNAMED,1933,8,60,19330830,600,,HU,21.2N,67.8W,110,,,,,,,,,,,,,
AL,UNNAMED,1933,8,60,19330830,1200,,HU,21.7N,69.5W,120,,,,,,,,,,,,,
AL,UNNAMED,1933,8,60,19330830,1800,,HU,21.9N,70.9W,130,,,,,,,,,,,,,
AL,UNNAMED,1933,8,60,19330831,0,,HU,22.2N,72.1W,140,,,,,,,,,,,,,
AL,UNNAMED,1933,8,60,19330831,600,,HU,22.4N,73.2W,140,,,,,,,,,,,,,
AL,UNNAMED,1933,8,60,19330831,1200,,HU,22.5N,74.3W,135,,,,,,,,,,,,,
AL,UNNAMED,1933,8,60,19330831,1800,,HU,22.6N,75.7W,125,,,,,,,,,,,,,
AL,UNNAMED,1933,8,60,19330901,0,,HU,22.8N,77.3W,115,,,,,,,,,,,,,
AL,UNNAMED,1933,8,60,19330901,600,,HU,23.0N,78.9W,110,,,,,,,,,,,,,
AL,UNNAMED,1933,8,60,19330901,1200,,HU,23.1N,80.4W,105,954,,,,,,,,,,,,
AL,UNNAMED,1933,8,60,19330901,1800,,HU,23.3N,81.9W,100,,,,,,,,,,,,,
AL,UNNAMED,1933,8,60,19330902,0,,HU,23.5N,83.1W,100,,,,,,,,,,,,,
AL,UNNAMED,1933,8,60,19330902,600,,HU,23.7N,84.1W,100,,,,,,,,,,,,,
AL,UNNAMED,1933,8,60,19330902,1200,,HU,24.2N,85.1W,110,,,,,,,,,,,,,
AL,UNNAMED,1933,8,60,19330902,1800,,HU,24.6N,86.1W,120,,,,,,,,,,,,,
AL,UNNAMED,1933,8,60,19330903,0,,HU,24.9N,87.2W,120,,,,,,,,,,,,,
AL,UNNAMED,1933,8,60,19330903,600,,HU,25.1N,88.6W,120,,,,,,,,,,,,,
AL,UNNAMED,1933,8,60,19330903,1200,,HU,25.3N,89.9W,120,,,,,,,,,,,,,
AL,UNNAMED,1933,8,60,19330903,1800,,HU,25.6N,91.2W,115,,,,,,,,,,,,,
AL,UNNAMED,1933,8,60,19330904,0,,HU,25.9N,92.4W,115,,,,,,,,,,,,,
AL,UNNAMED,1933,8,60,19330904,600,,HU,26.0N,93.7W,115,,,,,,,,,,,,,
AL,UNNAMED,1933,8,60,19330904,1200,,HU,26.1N,94.9W,110,,,,,,,,,,,,,
AL,UNNAMED,1933,8,60,19330904,1800,,HU,26.2N,95.8W,110,,,,,,,,,,,,,
AL,UNNAMED,1933,8,60,19330905,0,,HU,26.2N,96.6W,110,,,,,,,,,,,,,
AL,UNNAMED,1933,8,60,19330905,400,L,HU,26.1N,97.2W,110,940,,,,,,,,,,,,
AL,UNNAMED,1933,8,60,19330905,600,,HU,26.1N,97.5W,90,,,,,,,,,,,,,
AL,UNNAMED,1933,8,60,19330905,1200,,TS,25.9N,98.4W,60,,,,,,,,,,,,,
AL,UNNAMED,1933,8,60,19330905,1800,,TS,25.7N,99.3W,35,,,,,,,,,,,,,
AL,UNNAMED,1933,9,34,19330823,1200,,TD,21.2N,63.5W,25,,,,,,,,,,,,,
AL,UNNAMED,1933,9,34,19330823,1800,,TD,21.2N,63.9W,25,,,,,,,,,,,,,
AL,UNNAMED,1933,9,34,19330824,0,,TD,21.3N,64.3W,25,,,,,,,,,,,,,
AL,UNNAMED,1933,9,34,19330824,600,,TD,21.5N,64.8W,30,,,,,,,,,,,,,
AL,UNNAMED,1933,9,34,19330824,1200,,TD,22.0N,65.3W,30,,,,,,,,,,,,,
AL,UNNAMED,1933,9,34,19330824,1800,,TD,22.7N,65.9W,30,,,,,,,,,,,,,
AL,UNNAMED,1933,9,34,19330825,0,,TD,23.4N,66.5W,30,,,,,,,,,,,,,
AL,UNNAMED,1933,9,34,19330825,600,,TD,24.1N,67.1W,30,,,,,,,,,,,,,
AL,UNNAMED,1933,9,34,19330825,1200,,TS,24.8N,67.7W,35,,,,,,,,,,,,,
AL,UNNAMED,1933,9,34,19330825,1800,,TS,25.5N,68.0W,35,,,,,,,,,,,,,
AL,UNNAMED,1933,9,34,19330826,0,,TS,26.2N,68.3W,35,,,,,,,,,,,,,
AL,UNNAMED,1933,9,34,19330826,600,,TS,26.9N,68.6W,35,,,,,,,,,,,,,
AL,UNNAMED,1933,9,34,19330826,1200,,TS,27.5N,68.8W,35,,,,,,,,,,,,,
AL,UNNAMED,1933,9,34,19330826,1800,,TS,28.2N,69.1W,35,,,,,,,,,,,,,
AL,UNNAMED,1933,9,34,19330827,0,,TS,28.8N,69.3W,35,,,,,,,,,,,,,
AL,UNNAMED,1933,9,34,19330827,600,,TS,29.3N,69.5W,35,,,,,,,,,,,,,
AL,UNNAMED,1933,9,34,19330827,1200,,TS,30.0N,69.8W,35,,,,,,,,,,,,,
AL,UNNAMED,1933,9,34,19330827,1800,,TS,30.7N,69.5W,35,,,,,,,,,,,,,
AL,UNNAMED,1933,9,34,19330828,0,,TS,31.4N,68.8W,40,,,,,,,,,,,,,
AL,UNNAMED,1933,9,34,19330828,600,,TS,32.2N,68.1W,45,,,,,,,,,,,,,
AL,UNNAMED,1933,9,34,19330828,1200,,TS,33.2N,67.2W,50,,,,,,,,,,,,,
AL,UNNAMED,1933,9,34,19330828,1800,,TS,34.4N,65.8W,55,,,,,,,,,,,,,
AL,UNNAMED,1933,9,34,19330829,0,,TS,35.7N,64.3W,55,,,,,,,,,,,,,
AL,UNNAMED,1933,9,34,19330829,600,,TS,37.1N,62.9W,50,,,,,,,,,,,,,
AL,UNNAMED,1933,9,34,19330829,1200,,TS,38.5N,61.4W,50,,,,,,,,,,,,,
AL,UNNAMED,1933,9,34,19330829,1800,,TS,40.2N,59.5W,50,,,,,,,,,,,,,
AL,UNNAMED,1933,9,34,19330830,0,,TS,42.0N,57.1W,50,,,,,,,,,,,,,
AL,UNNAMED,1933,9,34,19330830,600,,EX,43.7N,54.2W,50,,,,,,,,,,,,,
AL,UNNAMED,1933,9,34,19330830,1200,,EX,45.2N,51.3W,45,,,,,,,,,,,,,
AL,UNNAMED,1933,9,34,19330830,1800,,EX,46.1N,48.8W,40,,,,,,,,,,,,,
AL,UNNAMED,1933,9,34,19330831,0,,EX,46.8N,46.3W,35,,,,,,,,,,,,,
AL,UNNAMED,1933,9,34,19330831,600,,EX,47.3N,43.8W,35,,,,,,,,,,,,,
AL,UNNAMED,1933,9,34,19330831,1200,,EX,47.8N,41.0W,35,,,,,,,,,,,,,
AL,UNNAMED,1933,9,34,19330831,1800,,EX,48.6N,37.8W,35,,,,,,,,,,,,,
AL,UNNAMED,1933,10,14,19330826,1800,,TD,18.9N,92.3W,25,,,,,,,,,,,,,
AL,UNNAMED,1933,10,14,19330827,0,,TD,19.2N,92.5W,25,,,,,,,,,,,,,
AL,UNNAMED,1933,10,14,19330827,600,,TD,19.6N,92.8W,25,,,,,,,,,,,,,
AL,UNNAMED,1933,10,14,19330827,1200,,TD,20.0N,93.0W,25,,,,,,,,,,,,,
AL,UNNAMED,1933,10,14,19330827,1800,,TD,20.4N,93.3W,25,,,,,,,,,,,,,
AL,UNNAMED,1933,10,14,19330828,0,,TD,20.8N,93.5W,30,,,,,,,,,,,,,
AL,UNNAMED,1933,10,14,19330828,600,,TD,21.1N,93.7W,30,,,,,,,,,,,,,
AL,UNNAMED,1933,10,14,19330828,1200,,TD,21.4N,94.0W,30,,,,,,,,,,,,,
AL,UNNAMED,1933,10,14,19330828,1800,,TS,21.7N,94.8W,35,,,,,,,,,,,,,
AL,UNNAMED,1933,10,14,19330829,0,,TS,22.0N,95.7W,35,,,,,,,,,,,,,
AL,UNNAMED,1933,10,14,19330829,600,,TS,22.0N,96.6W,35,,,,,,,,,,,,,
AL,UNNAMED,1933,10,14,19330829,1200,,TS,22.0N,97.4W,35,,,,,,,,,,,,,
AL,UNNAMED,1933,10,14,19330829,1800,,TD,21.9N,98.3W,30,,,,,,,,,,,,,
AL,UNNAMED,1933,10,14,19330830,0,,TD,21.5N,99.2W,25,,,,,,,,,,,,,
AL,UNNAMED,1933,11,33,19330831,600,,TS,18.1N,56.4W,55,,,,,,,,,,,,,
AL,UNNAMED,1933,11,33,19330831,1200,,TS,18.5N,58.3W,60,,,,,,,,,,,,,
AL,UNNAMED,1933,11,33,19330831,1800,,HU,18.9N,60.2W,65,,,,,,,,,,,,,
AL,UNNAMED,1933,11,33,19330901,0,,HU,19.3N,62.0W,70,,,,,,,,,,,,,
AL,UNNAMED,1933,11,33,19330901,600,,HU,19.9N,63.8W,75,,,,,,,,,,,,,
AL,UNNAMED,1933,11,33,19330901,1200,,HU,20.5N,65.5W,80,,,,,,,,,,,,,
AL,UNNAMED,1933,11,33,19330901,1800,,HU,21.1N,67.0W,85,,,,,,,,,,,,,
AL,UNNAMED,1933,11,33,19330902,0,,HU,21.8N,68.2W,90,,,,,,,,,,,,,
AL,UNNAMED,1933,11,33,19330902,600,,HU,22.3N,69.4W,95,,,,,,,,,,,,,
AL,UNNAMED,1933,11,33,19330902,1200,,HU,22.7N,70.7W,100,,,,,,,,,,,,,
AL,UNNAMED,1933,11,33,19330902,1800,,HU,23.2N,72.2W,105,,,,,,,,,,,,,
AL,UNNAMED,1933,11,33,19330903,0,,HU,23.8N,73.8W,110,,,,,,,,,,,,,
AL,UNNAMED,1933,11,33,19330903,600,,HU,24.5N,75.4W,115,,,,,,,,,,,,,
AL,UNNAMED,1933,11,33,19330903,1200,,HU,25.4N,76.8W,120,945,,,,,,,,,,,,
AL,UNNAMED,1933,11,33,19330903,1800,,HU,25.8N,77.9W,115,,,,,,,,,,,,,
AL,UNNAMED,1933,11,33,19330904,0,,HU,26.3N,79.0W,110,,,,,,,,,,,,,
AL,UNNAMED,1933,11,33,19330904,500,L,HU,26.9N,80.1W,110,948,,,,,,,,,,,,
AL,UNNAMED,1933,11,33,19330904,600,,HU,27.0N,80.3W,110,948,,,,,,,,,,,,
AL,UNNAMED,1933,11,33,19330904,1200,,HU,27.7N,81.6W,65,,,,,,,,,,,,,
AL,UNNAMED,1933,11,33,19330904,1800,,TS,28.3N,82.3W,55,,,,,,,,,,,,,
AL,UNNAMED,1933,11,33,19330905,0,,TS,28.8N,82.7W,55,,,,,,,,,,,,,
AL,UNNAMED,1933,11,33,19330905,400,L,TS,29.2N,82.9W,55,,,,,,,,,,,,,
AL,UNNAMED,1933,11,33,19330905,600,,TS,29.4N,83.1W,55,,,,,,,,,,,,,
AL,UNNAMED,1933,11,33,19330905,1200,,TS,30.0N,83.4W,50,,,,,,,,,,,,,
AL,UNNAMED,1933,11,33,19330905,1800,,TS,30.5N,83.5W,50,,,,,,,,,,,,,
AL,UNNAMED,1933,11,33,19330906,0,,TS,30.9N,83.3W,50,,,,,,,,,,,,,
AL,UNNAMED,1933,11,33,19330906,600,,TS,31.3N,82.9W,50,,,,,,,,,,,,,
AL,UNNAMED,1933,11,33,19330906,1200,,TS,31.7N,82.5W,50,,,,,,,,,,,,,
AL,UNNAMED,1933,11,33,19330906,1800,,TS,32.1N,82.5W,40,,,,,,,,,,,,,
AL,UNNAMED,1933,11,33,19330907,0,,TS,32.4N,82.5W,35,,,,,,,,,,,,,
AL,UNNAMED,1933,11,33,19330907,600,,TD,32.7N,82.5W,30,,,,,,,,,,,,,
AL,UNNAMED,1933,11,33,19330907,1200,,TD,33.0N,82.5W,25,,,,,,,,,,,,,
AL,UNNAMED,1933,11,33,19330907,1800,,TD,33.4N,82.5W,20,,,,,,,,,,,,,
AL,UNNAMED,1933,12,60,19330908,0,,TD,15.4N,56.6W,30,,,,,,,,,,,,,
AL,UNNAMED,1933,12,60,19330908,600,,TS,15.6N,57.3W,35,,,,,,,,,,,,,
AL,UNNAMED,1933,12,60,19330908,1200,,TS,15.9N,58.0W,35,,,,,,,,,,,,,
AL,UNNAMED,1933,12,60,19330908,1800,,TS,16.4N,58.4W,40,,,,,,,,,,,,,
AL,UNNAMED,1933,12,60,19330909,0,,TS,16.9N,58.7W,45,,,,,,,,,,,,,
AL,UNNAMED,1933,12,60,19330909,600,,TS,17.4N,59.0W,50,,,,,,,,,,,,,
AL,UNNAMED,1933,12,60,19330909,1200,,TS,17.9N,59.2W,55,,,,,,,,,,,,,
AL,UNNAMED,1933,12,60,19330909,1800,,TS,18.5N,59.3W,60,,,,,,,,,,,,,
AL,UNNAMED,1933,12,60,19330910,0,,HU,19.1N,59.4W,65,,,,,,,,,,,,,
AL,UNNAMED,1933,12,60,19330910,600,,HU,19.8N,59.5W,70,,,,,,,,,,,,,
AL,UNNAMED,1933,12,60,19330910,1200,,HU,20.5N,59.7W,75,,,,,,,,,,,,,
AL,UNNAMED,1933,12,60,19330910,1800,,HU,21.2N,60.1W,80,,,,,,,,,,,,,
AL,UNNAMED,1933,12,60,19330911,0,,HU,21.9N,60.4W,90,,,,,,,,,,,,,
AL,UNNAMED,1933,12,60,19330911,600,,HU,22.3N,60.7W,95,,,,,,,,,,,,,
AL,UNNAMED,1933,12,60,19330911,1200,,HU,22.6N,61.0W,105,,,,,,,,,,,,,
AL,UNNAMED,1933,12,60,19330911,1800,,HU,22.9N,61.3W,115,,,,,,,,,,,,,
AL,UNNAMED,1933,12,60,19330912,0,,HU,23.3N,61.6W,120,,,,,,,,,,,,,
AL,UNNAMED,1933,12,60,19330912,600,,HU,23.9N,62.5W,120,,,,,,,,,,,,,
AL,UNNAMED,1933,12,60,19330912,1200,,HU,24.6N,63.5W,120,,,,,,,,,,,,,
AL,UNNAMED,1933,12,60,19330912,1800,,HU,25.2N,64.6W,120,,,,,,,,,,,,,
AL,UNNAMED,1933,12,60,19330913,0,,HU,25.8N,65.7W,120,,,,,,,,,,,,,
AL,UNNAMED,1933,12,60,19330913,600,,HU,26.4N,66.7W,120,,,,,,,,,,,,,
AL,UNNAMED,1933,12,60,19330913,1200,,HU,27.0N,67.8W,120,,,,,,,,,,,,,
AL,UNNAMED,1933,12,60,19330913,1800,,HU,27.5N,69.0W,115,,,,,,,,,,,,,
AL,UNNAMED,1933,12,60,19330914,0,,HU,28.0N,70.2W,115,,,,,,,,,,,,,
AL,UNNAMED,1933,12,60,19330914,600,,HU,28.4N,71.4W,115,,,,,,,,,,,,,
AL,UNNAMED,1933,12,60,19330914,1200,,HU,28.8N,72.6W,110,,,,,,,,,,,,,
AL,UNNAMED,1933,12,60,19330914,1800,,HU,29.4N,73.4W,110,,,,,,,,,,,,,
AL,UNNAMED,1933,12,60,19330915,0,,HU,30.2N,74.0W,110,,,,,,,,,,,,,
AL,UNNAMED,1933,12,60,19330915,600,,HU,31.1N,74.5W,105,,,,,,,,,,,,,
AL,UNNAMED,1933,12,60,19330915,1200,,HU,32.0N,74.9W,105,,,,,,,,,,,,,
AL,UNNAMED,1933,12,60,19330915,1800,,HU,32.8N,75.1W,105,,,,,,,,,,,,,
AL,UNNAMED,1933,12,60,19330916,0,,HU,33.6N,75.2W,105,,,,,,,,,,,,,
AL,UNNAMED,1933,12,60,19330916,600,,HU,34.4N,75.3W,95,,,,,,,,,,,,,
AL,UNNAMED,1933,12,60,19330916,1200,,HU,35.2N,75.4W,90,952,,,,,,,,,,,,
AL,UNNAMED,1933,12,60,19330916,1800,,HU,36.1N,75.0W,85,954,,,,,,,,,,,,
AL,UNNAMED,1933,12,60,19330917,0,,HU,37.0N,74.5W,80,959,,,,,,,,,,,,
AL,UNNAMED,1933,12,60,19330917,600,,HU,37.9N,73.1W,80,,,,,,,,,,,,,
AL,UNNAMED,1933,12,60,19330917,1200,,HU,38.9N,71.5W,75,,,,,,,,,,,,,
AL,UNNAMED,1933,12,60,19330917,1800,,HU,39.9N,69.6W,75,965,,,,,,,,,,,,
AL,UNNAMED,1933,12,60,19330918,0,,HU,41.5N,67.2W,70,,,,,,,,,,,,,
AL,UNNAMED,1933,12,60,19330918,600,,HU,43.2N,64.7W,70,,,,,,,,,,,,,
AL,UNNAMED,1933,12,60,19330918,1200,,EX,44.8N,62.7W,65,,,,,,,,,,,,,
AL,UNNAMED,1933,12,60,19330918,1800,,EX,46.6N,61.0W,60,,,,,,,,,,,,,
AL,UNNAMED,1933,12,60,19330919,0,,EX,48.1N,59.9W,60,,,,,,,,,,,,,
AL,UNNAMED,1933,12,60,19330919,600,,EX,49.3N,58.9W,60,,,,,,,,,,,,,
AL,UNNAMED,1933,12,60,19330919,1200,,EX,50.5N,58.0W,60,965,,,,,,,,,,,,
AL,UNNAMED,1933,12,60,19330919,1800,,EX,51.5N,57.0W,55,,,,,,,,,,,,,
AL,UNNAMED,1933,12,60,19330920,0,,EX,52.3N,56.0W,55,,,,,,,,,,,,,
AL,UNNAMED,1933,12,60,19330920,600,,EX,53.1N,54.9W,50,,,,,,,,,,,,,
AL,UNNAMED,1933,12,60,19330920,1200,,EX,53.8N,53.8W,50,,,,,,,,,,,,,
AL,UNNAMED,1933,12,60,19330920,1800,,EX,54.8N,52.0W,50,,,,,,,,,,,,,
AL,UNNAMED,1933,12,60,19330921,0,,EX,55.8N,49.6W,50,,,,,,,,,,,,,
AL,UNNAMED,1933,12,60,19330921,600,,EX,56.9N,46.8W,50,,,,,,,,,,,,,
AL,UNNAMED,1933,12,60,19330921,1200,,EX,58.0N,44.0W,50,,,,,,,,,,,,,
AL,UNNAMED,1933,12,60,19330921,1800,,EX,58.9N,41.2W,50,,,,,,,,,,,,,
AL,UNNAMED,1933,12,60,19330922,0,,EX,59.8N,38.4W,50,,,,,,,,,,,,,
AL,UNNAMED,1933,12,60,19330922,600,,EX,60.7N,35.6W,50,,,,,,,,,,,,,
AL,UNNAMED,1933,12,60,19330922,1200,,EX,61.5N,33.0W,50,,,,,,,,,,,,,
AL,UNNAMED,1933,12,60,19330922,1800,,EX,62.1N,31.2W,45,,,,,,,,,,,,,
AL,UNNAMED,1933,13,23,19330910,1200,,TD,16.5N,87.7W,30,,,,,,,,,,,,,
AL,UNNAMED,1933,13,23,19330910,1800,,TD,16.6N,87.6W,30,,,,,,,,,,,,,
AL,UNNAMED,1933,13,23,19330911,0,,TS,16.7N,87.5W,35,,,,,,,,,,,,,
AL,UNNAMED,1933,13,23,19330911,600,,TS,16.8N,87.4W,35,,,,,,,,,,,,,
AL,UNNAMED,1933,13,23,19330911,1200,,TS,17.0N,87.4W,35,,,,,,,,,,,,,
AL,UNNAMED,1933,13,23,19330911,1800,,TS,17.2N,87.3W,40,,,,,,,,,,,,,
AL,UNNAMED,1933,13,23,19330912,0,,TS,17.4N,87.2W,45,,,,,,,,,,,,,
AL,UNNAMED,1933,13,23,19330912,600,,TS,17.6N,87.1W,55,,,,,,,,,,,,,
AL,UNNAMED,1933,13,23,19330912,1200,,TS,17.8N,87.0W,60,992,,,,,,,,,,,,
AL,UNNAMED,1933,13,23,19330912,1800,,TS,18.0N,87.3W,60,,,,,,,,,,,,,
AL,UNNAMED,1933,13,23,19330913,0,,HU,18.3N,87.7W,65,,,,,,,,,,,,,
AL,UNNAMED,1933,13,23,19330913,600,,TS,18.5N,88.1W,55,,,,,,,,,,,,,
AL,UNNAMED,1933,13,23,19330913,1200,,TS,18.8N,88.6W,50,,,,,,,,,,,,,
AL,UNNAMED,1933,13,23,19330913,1800,,TS,19.2N,89.3W,45,,,,,,,,,,,,,
AL,UNNAMED,1933,13,23,19330914,0,,TS,19.8N,90.2W,40,,,,,,,,,,,,,
AL,UNNAMED,1933,13,23,19330914,600,,TS,20.4N,91.2W,55,,,,,,,,,,,,,
AL,UNNAMED,1933,13,23,19330914,1200,,TS,21.0N,92.3W,60,,,,,,,,,,,,,
AL,UNNAMED,1933,13,23,19330914,1800,,HU,21.6N,93.5W,65,,,,,,,,,,,,,
AL,UNNAMED,1933,13,23,19330915,0,,HU,22.1N,94.8W,75,,,,,,,,,,,,,
AL,UNNAMED,1933,13,23,19330915,600,,HU,22.3N,96.1W,85,,,,,,,,,,,,,
AL,UNNAMED,1933,13,23,19330915,1200,,HU,22.3N,97.5W,95,960,,,,,,,,,,,,
AL,UNNAMED,1933,13,23,19330915,1800,,TS,22.1N,99.0W,55,,,,,,,,,,,,,
AL,UNNAMED,1933,13,23,19330916,0,,TD,21.8N,100.5W,30,,,,,,,,,,,,,
AL,UNNAMED,1933,14,38,19330916,600,,TD,11.3N,57.9W,30,,,,,,,,,,,,,
AL,UNNAMED,1933,14,38,19330916,1200,,TD,11.5N,59.2W,30,,,,,,,,,,,,,
AL,UNNAMED,1933,14,38,19330916,1800,,TD,11.7N,60.5W,30,,,,,,,,,,,,,
AL,UNNAMED,1933,14,38,19330917,0,,TD,11.9N,61.8W,30,,,,,,,,,,,,,
AL,UNNAMED,1933,14,38,19330917,600,,TD,12.2N,63.1W,30,,,,,,,,,,,,,
AL,UNNAMED,1933,14,38,19330917,1200,,TD,12.6N,64.5W,30,,,,,,,,,,,,,
AL,UNNAMED,1933,14,38,19330917,1800,,TD,13.0N,66.0W,30,,,,,,,,,,,,,
AL,UNNAMED,1933,14,38,19330918,0,,TS,13.4N,67.6W,35,,,,,,,,,,,,,
AL,UNNAMED,1933,14,38,19330918,600,,TS,13.7N,69.3W,40,,,,,,,,,,,,,
AL,UNNAMED,1933,14,38,19330918,1200,,TS,14.0N,70.8W,45,,,,,,,,,,,,,
AL,UNNAMED,1933,14,38,19330918,1800,,TS,14.3N,72.1W,50,,,,,,,,,,,,,
AL,UNNAMED,1933,14,38,19330919,0,,TS,14.5N,73.3W,60,,,,,,,,,,,,,
AL,UNNAMED,1933,14,38,19330919,600,,HU,14.8N,74.5W,70,,,,,,,,,,,,,
AL,UNNAMED,1933,14,38,19330919,1200,,HU,15.0N,75.7W,80,,,,,,,,,,,,,
AL,UNNAMED,1933,14,38,19330919,1800,,HU,15.4N,76.9W,90,,,,,,,,,,,,,
AL,UNNAMED,1933,14,38,19330920,0,,HU,15.9N,78.1W,100,,,,,,,,,,,,,
AL,UNNAMED,1933,14,38,19330920,600,,HU,16.5N,79.3W,110,,,,,,,,,,,,,
AL,UNNAMED,1933,14,38,19330920,1200,,HU,17.1N,80.5W,120,,,,,,,,,,,,,
AL,UNNAMED,1933,14,38,19330920,1800,,HU,17.8N,81.7W,130,,,,,,,,,,,,,
AL,UNNAMED,1933,14,38,19330921,0,,HU,18.4N,82.8W,140,929,,,,,,,,,,,,
AL,UNNAMED,1933,14,38,19330921,600,,HU,19.0N,83.7W,140,,,,,,,,,,,,,
AL,UNNAMED,1933,14,38,19330921,1200,,HU,19.5N,84.6W,135,,,,,,,,,,,,,
AL,UNNAMED,1933,14,38,19330921,1800,,HU,19.9N,85.5W,130,,,,,,,,,,,,,
AL,UNNAMED,1933,14,38,19330922,0,,HU,20.1N,86.4W,125,,,,,,,,,,,,,
AL,UNNAMED,1933,14,38,19330922,600,,HU,20.3N,87.3W,120,,,,,,,,,,,,,
AL,UNNAMED,1933,14,38,19330922,1200,,HU,20.5N,88.2W,80,,,,,,,,,,,,,
AL,UNNAMED,1933,14,38,19330922,1800,,HU,20.5N,89.1W,65,,,,,,,,,,,,,
AL,UNNAMED,1933,14,38,19330923,0,,TS,20.5N,90.0W,50,,,,,,,,,,,,,
AL,UNNAMED,1933,14,38,19330923,600,,TS,20.6N,90.9W,55,,,,,,,,,,,,,
AL,UNNAMED,1933,14,38,19330923,1200,,TS,20.7N,91.8W,60,,,,,,,,,,,,,
AL,UNNAMED,1933,14,38,19330923,1800,,HU,20.9N,92.7W,70,,,,,,,,,,,,,
AL,UNNAMED,1933,14,38,19330924,0,,HU,21.1N,93.6W,80,,,,,,,,,,,,,
AL,UNNAMED,1933,14,38,19330924,600,,HU,21.3N,94.6W,90,,,,,,,,,,,,,
AL,UNNAMED,1933,14,38,19330924,1200,,HU,21.5N,95.6W,95,,,,,,,,,,,,,
AL,UNNAMED,1933,14,38,19330924,1800,,HU,21.7N,96.7W,95,960,,,,,,,,,,,,
AL,UNNAMED,1933,14,38,19330925,0,,HU,22.0N,97.8W,95,,,,,,,,,,,,,
AL,UNNAMED,1933,14,38,19330925,600,,TS,22.6N,98.9W,60,,,,,,,,,,,,,
AL,UNNAMED,1933,14,38,19330925,1200,,TS,23.0N,100.0W,35,,,,,,,,,,,,,
AL,UNNAMED,1933,15,17,19330924,1200,,TS,29.4N,35.0W,45,,,,,,,,,,,,,
AL,UNNAMED,1933,15,17,19330924,1800,,TS,30.9N,35.5W,50,,,,,,,,,,,,,
AL,UNNAMED,1933,15,17,19330925,0,,TS,32.4N,36.0W,55,,,,,,,,,,,,,
AL,UNNAMED,1933,15,17,19330925,600,,TS,33.8N,36.5W,55,,,,,,,,,,,,,
AL,UNNAMED,1933,15,17,19330925,1200,,TS,35.1N,37.0W,60,,,,,,,,,,,,,
AL,UNNAMED,1933,15,17,19330925,1800,,TS,36.3N,37.2W,60,,,,,,,,,,,,,
AL,UNNAMED,1933,15,17,19330926,0,,HU,37.4N,37.0W,65,,,,,,,,,,,,,
AL,UNNAMED,1933,15,17,19330926,600,,HU,38.5N,36.5W,65,,,,,,,,,,,,,
AL,UNNAMED,1933,15,17,19330926,1200,,HU,40.0N,35.8W,65,,,,,,,,,,,,,
AL,UNNAMED,1933,15,17,19330926,1800,,TS,41.8N,35.1W,60,,,,,,,,,,,,,
AL,UNNAMED,1933,15,17,19330927,0,,TS,43.7N,34.3W,60,,,,,,,,,,,,,
AL,UNNAMED,1933,15,17,19330927,600,,EX,45.7N,33.5W,55,,,,,,,,,,,,,
AL,UNNAMED,1933,15,17,19330927,1200,,EX,47.5N,32.4W,55,,,,,,,,,,,,,
AL,UNNAMED,1933,15,17,19330927,1800,,EX,49.1N,30.9W,55,,,,,,,,,,,,,
AL,UNNAMED,1933,15,17,19330928,0,,EX,50.7N,29.1W,55,,,,,,,,,,,,,
AL,UNNAMED,1933,15,17,19330928,600,,EX,52.3N,27.0W,55,,,,,,,,,,,,,
AL,UNNAMED,1933,15,17,19330928,1200,,EX,53.5N,24.6W,45,,,,,,,,,,,,,
AL,UNNAMED,1933,16,16,19331001,0,,TD,20.5N,70.4W,30,,,,,,,,,,,,,
AL,UNNAMED,1933,16,16,19331001,600,,TD,20.7N,70.6W,30,,,,,,,,,,,,,
AL,UNNAMED,1933,16,16,19331001,1200,,TD,21.0N,70.8W,30,,,,,,,,,,,,,
AL,UNNAMED,1933,16,16,19331001,1800,,TS,21.4N,71.0W,35,,,,,,,,,,,,,
AL,UNNAMED,1933,16,16,19331002,0,,TS,21.9N,71.3W,35,,,,,,,,,,,,,
AL,UNNAMED,1933,16,16,19331002,600,,TS,22.4N,71.7W,35,,,,,,,,,,,,,
AL,UNNAMED,1933,16,16,19331002,1200,,TS,23.0N,72.0W,40,,,,,,,,,,,,,
AL,UNNAMED,1933,16,16,19331002,1800,,TS,23.4N,71.7W,40,,,,,,,,,,,,,
AL,UNNAMED,1933,16,16,19331003,0,,TS,23.6N,71.3W,40,,,,,,,,,,,,,
AL,UNNAMED,1933,16,16,19331003,600,,TS,23.8N,70.8W,35,,,,,,,,,,,,,
AL,UNNAMED,1933,16,16,19331003,1200,,TS,24.0N,70.4W,35,,,,,,,,,,,,,
AL,UNNAMED,1933,16,16,19331003,1800,,TD,24.2N,69.4W,30,,,,,,,,,,,,,
AL,UNNAMED,1933,16,16,19331004,0,,TD,24.8N,67.7W,30,,,,,,,,,,,,,
AL,UNNAMED,1933,16,16,19331004,600,,TD,25.6N,65.7W,30,,,,,,,,,,,,,
AL,UNNAMED,1933,16,16,19331004,1200,,TD,26.5N,63.8W,30,,,,,,,,,,,,,
AL,UNNAMED,1933,16,16,19331004,1800,,TD,27.4N,62.0W,30,,,,,,,,,,,,,
AL,UNNAMED,1933,17,33,19331001,600,,TS,15.3N,81.4W,35,,,,,,,,,,,,,
AL,UNNAMED,1933,17,33,19331001,1200,,TS,15.5N,81.5W,35,,,,,,,,,,,,,
AL,UNNAMED,1933,17,33,19331001,1800,,TS,15.7N,81.5W,35,,,,,,,,,,,,,
AL,UNNAMED,1933,17,33,19331002,0,,TS,15.9N,81.5W,40,,,,,,,,,,,,,
AL,UNNAMED,1933,17,33,19331002,600,,TS,16.2N,81.5W,45,,,,,,,,,,,,,
AL,UNNAMED,1933,17,33,19331002,1200,,TS,16.6N,81.5W,50,,,,,,,,,,,,,
AL,UNNAMED,1933,17,33,19331002,1800,,TS,17.3N,81.6W,55,,,,,,,,,,,,,
AL,UNNAMED,1933,17,33,19331003,0,,HU,18.1N,81.7W,65,,,,,,,,,,,,,
AL,UNNAMED,1933,17,33,19331003,600,,HU,18.9N,81.7W,70,,,,,,,,,,,,,
AL,UNNAMED,1933,17,33,19331003,1200,,HU,19.7N,81.7W,75,,,,,,,,,,,,,
AL,UNNAMED,1933,17,33,19331003,1800,,HU,20.5N,81.8W,80,,,,,,,,,,,,,
AL,UNNAMED,1933,17,33,19331004,0,,HU,21.3N,81.9W,85,,,,,,,,,,,,,
AL,UNNAMED,1933,17,33,19331004,600,,HU,22.0N,82.0W,90,,,,,,,,,,,,,
AL,UNNAMED,1933,17,33,19331004,1200,,HU,22.7N,82.1W,90,,,,,,,,,,,,,
AL,UNNAMED,1933,17,33,19331004,1800,,HU,23.3N,82.3W,85,976,,,,,,,,,,,,
AL,UNNAMED,1933,17,33,19331005,0,,HU,23.7N,82.0W,90,,,,,,,,,,,,,
AL,UNNAMED,1933,17,33,19331005,600,,HU,24.2N,81.0W,95,,,,,,,,,,,,,
AL,UNNAMED,1933,17,33,19331005,1200,,HU,24.8N,79.7W,100,,,,,,,,,,,,,
AL,UNNAMED,1933,17,33,19331005,1800,,HU,25.9N,78.1W,105,,,,,,,,,,,,,
AL,UNNAMED,1933,17,33,19331006,0,,HU,27.2N,76.3W,110,,,,,,,,,,,,,
AL,UNNAMED,1933,17,33,19331006,600,,HU,28.5N,74.6W,110,,,,,,,,,,,,,
AL,UNNAMED,1933,17,33,19331006,1200,,HU,29.8N,73.1W,110,,,,,,,,,,,,,
AL,UNNAMED,1933,17,33,19331006,1800,,HU,31.5N,71.2W,105,,,,,,,,,,,,,
AL,UNNAMED,1933,17,33,19331007,0,,HU,33.6N,69.4W,95,,,,,,,,,,,,,
AL,UNNAMED,1933,17,33,19331007,600,,HU,35.5N,68.0W,85,,,,,,,,,,,,,
AL,UNNAMED,1933,17,33,19331007,1200,,HU,37.4N,67.0W,80,971,,,,,,,,,,,,
AL,UNNAMED,1933,17,33,19331007,1800,,HU,39.3N,66.1W,80,,,,,,,,,,,,,
AL,UNNAMED,1933,17,33,19331008,0,,EX,41.2N,65.2W,80,,,,,,,,,,,,,
AL,UNNAMED,1933,17,33,19331008,600,,EX,42.9N,64.3W,75,,,,,,,,,,,,,
AL,UNNAMED,1933,17,33,19331008,1200,,EX,44.0N,63.3W,70,,,,,,,,,,,,,
AL,UNNAMED,1933,17,33,19331008,1800,,EX,44.5N,62.1W,65,,,,,,,,,,,,,
AL,UNNAMED,1933,17,33,19331009,0,,EX,44.5N,60.0W,55,,,,,,,,,,,,,
AL,UNNAMED,1933,17,33,19331009,600,,EX,44.0N,55.5W,45,,,,,,,,,,,,,
AL,UNNAMED,1933,18,55,19331025,600,,TD,13.5N,80.1W,25,,,,,,,,,,,,,
AL,UNNAMED,1933,18,55,19331025,1200,,TD,13.6N,79.7W,25,,,,,,,,,,,,,
AL,UNNAMED,1933,18,55,19331025,1800,,TD,13.6N,79.1W,25,,,,,,,,,,,,,
AL,UNNAMED,1933,18,55,19331026,0,,TD,13.6N,78.5W,25,,,,,,,,,,,,,
AL,UNNAMED,1933,18,55,19331026,600,,TD,13.7N,77.9W,30,,,,,,,,,,,,,
AL,UNNAMED,1933,18,55,19331026,1200,,TD,13.8N,77.5W,30,,,,,,,,,,,,,
AL,UNNAMED,1933,18,55,19331026,1800,,TD,13.9N,77.4W,30,,,,,,,,,,,,,
AL,UNNAMED,1933,18,55,19331027,0,,TD,14.0N,77.3W,30,,,,,,,,,,,,,
AL,UNNAMED,1933,18,55,19331027,600,,TD,14.1N,77.2W,30,,,,,,,,,,,,,
AL,UNNAMED,1933,18,55,19331027,1200,,TS,14.2N,77.2W,35,,,,,,,,,,,,,
AL,UNNAMED,1933,18,55,19331027,1800,,TS,14.6N,77.2W,35,,,,,,,,,,,,,
AL,UNNAMED,1933,18,55,19331028,0,,TS,15.1N,77.3W,40,,,,,,,,,,,,,
AL,UNNAMED,1933,18,55,19331028,600,,TS,15.6N,77.4W,45,,,,,,,,,,,,,
AL,UNNAMED,1933,18,55,19331028,1200,,TS,16.0N,77.5W,50,,,,,,,,,,,,,
AL,UNNAMED,1933,18,55,19331028,1800,,TS,16.4N,77.6W,60,,,,,,,,,,,,,
AL,UNNAMED,1933,18,55,19331029,0,,HU,16.8N,77.7W,70,,,,,,,,,,,,,
AL,UNNAMED,1933,18,55,19331029,600,,HU,17.3N,77.7W,75,,,,,,,,,,,,,
AL,UNNAMED,1933,18,55,19331029,1200,,HU,17.8N,77.7W,80,,,,,,,,,,,,,
AL,UNNAMED,1933,18,55,19331029,1800,,HU,18.1N,78.1W,80,982,,,,,,,,,,,,
AL,UNNAMED,1933,18,55,19331030,0,,HU,18.5N,78.0W,70,,,,,,,,,,,,,
AL,UNNAMED,1933,18,55,19331030,600,,HU,18.7N,77.7W,65,,,,,,,,,,,,,
AL,UNNAMED,1933,18,55,19331030,1200,,TS,18.8N,77.5W,60,,,,,,,,,,,,,
AL,UNNAMED,1933,18,55,19331030,1800,,TS,19.0N,77.1W,60,,,,,,,,,,,,,
AL,UNNAMED,1933,18,55,19331031,0,,TS,19.3N,76.8W,55,,,,,,,,,,,,,
AL,UNNAMED,1933,18,55,19331031,600,,TS,19.6N,76.6W,55,,,,,,,,,,,,,
AL,UNNAMED,1933,18,55,19331031,1200,,TS,19.9N,76.4W,55,,,,,,,,,,,,,
AL,UNNAMED,1933,18,55,19331031,1800,,TS,20.3N,76.3W,50,,,,,,,,,,,,,
AL,UNNAMED,1933,18,55,19331101,0,,TS,20.7N,76.3W,45,,,,,,,,,,,,,
AL,UNNAMED,1933,18,55,19331101,600,,TS,21.1N,76.4W,40,,,,,,,,,,,,,
AL,UNNAMED,1933,18,55,19331101,1200,,TS,21.5N,76.5W,45,,,,,,,,,,,,,
AL,UNNAMED,1933,18,55,19331101,1800,,TS,21.8N,76.5W,45,,,,,,,,,,,,,
AL,UNNAMED,1933,18,55,19331102,0,,TS,22.0N,76.5W,45,,,,,,,,,,,,,
AL,UNNAMED,1933,18,55,19331102,600,,TS,22.2N,76.5W,45,,,,,,,,,,,,,
AL,UNNAMED,1933,18,55,19331102,1200,,TS,22.4N,76.5W,40,,,,,,,,,,,,,
AL,UNNAMED,1933,18,55,19331102,1800,,TS,22.8N,76.7W,40,,,,,,,,,,,,,
AL,UNNAMED,1933,18,55,19331103,0,,TS,23.2N,76.9W,40,,,,,,,,,,,,,
AL,UNNAMED,1933,18,55,19331103,600,,TS,23.6N,77.0W,40,,,,,,,,,,,,,
AL,UNNAMED,1933,18,55,19331103,1200,,TS,24.1N,77.0W,40,,,,,,,,,,,,,
AL,UNNAMED,1933,18,55,19331103,1800,,TS,24.6N,76.9W,40,,,,,,,,,,,,,
AL,UNNAMED,1933,18,55,19331104,0,,TS,25.0N,76.6W,45,,,,,,,,,,,,,
AL,UNNAMED,1933,18,55,19331104,600,,TS,25.4N,76.2W,45,,,,,,,,,,,,,
AL,UNNAMED,1933,18,55,19331104,1200,,TS,25.8N,75.8W,45,,,,,,,,,,,,,
AL,UNNAMED,1933,18,55,19331104,1800,,TS,26.0N,75.1W,45,,,,,,,,,,,,,
AL,UNNAMED,1933,18,55,19331105,0,,TS,26.2N,74.3W,40,,,,,,,,,,,,,
AL,UNNAMED,1933,18,55,19331105,600,,TS,26.3N,73.5W,40,,,,,,,,,,,,,
AL,UNNAMED,1933,18,55,19331105,1200,,TS,26.4N,72.6W,40,,,,,,,,,,,,,
AL,UNNAMED,1933,18,55,19331105,1800,,TS,26.6N,71.6W,40,,,,,,,,,,,,,
AL,UNNAMED,1933,18,55,19331106,0,,TS,26.9N,70.5W,40,,,,,,,,,,,,,
AL,UNNAMED,1933,18,55,19331106,600,,TS,27.1N,69.3W,40,,,,,,,,,,,,,
AL,UNNAMED,1933,18,55,19331106,1200,,TS,27.3N,68.0W,40,,,,,,,,,,,,,
AL,UNNAMED,1933,18,55,19331106,1800,,TS,27.7N,66.6W,40,,,,,,,,,,,,,
AL,UNNAMED,1933,18,55,19331107,0,,TS,28.4N,65.1W,40,,,,,,,,,,,,,
AL,UNNAMED,1933,18,55,19331107,600,,TS,29.3N,63.4W,40,,,,,,,,,,,,,
AL,UNNAMED,1933,18,55,19331107,1200,,TS,30.4N,61.5W,40,,,,,,,,,,,,,
AL,UNNAMED,1933,18,55,19331107,1800,,TS,32.1N,59.0W,40,,,,,,,,,,,,,
AL,UNNAMED,1933,19,20,19331026,0,,EX,27.8N,75.2W,35,,,,,,,,,,,,,
AL,UNNAMED,1933,19,20,19331026,600,,TS,28.4N,74.8W,40,,,,,,,,,,,,,
AL,UNNAMED,1933,19,20,19331026,1200,,TS,29.0N,74.5W,45,,,,,,,,,,,,,
AL,UNNAMED,1933,19,20,19331026,1800,,TS,29.6N,74.3W,45,,,,,,,,,,,,,
AL,UNNAMED,1933,19,20,19331027,0,,TS,30.2N,74.1W,50,,,,,,,,,,,,,
AL,UNNAMED,1933,19,20,19331027,600,,TS,30.8N,73.9W,55,,,,,,,,,,,,,
AL,UNNAMED,1933,19,20,19331027,1200,,TS,31.5N,73.6W,55,,,,,,,,,,,,,
AL,UNNAMED,1933,19,20,19331027,1800,,TS,32.7N,72.9W,60,,,,,,,,,,,,,
AL,UNNAMED,1933,19,20,19331028,0,,TS,34.1N,71.8W,60,,,,,,,,,,,,,
AL,UNNAMED,1933,19,20,19331028,600,,TS,35.6N,70.5W,60,,,,,,,,,,,,,
AL,UNNAMED,1933,19,20,19331028,1200,,TS,37.1N,68.8W,60,,,,,,,,,,,,,
AL,UNNAMED,1933,19,20,19331028,1800,,EX,39.2N,66.6W,65,,,,,,,,,,,,,
AL,UNNAMED,1933,19,20,19331029,0,,EX,41.2N,64.4W,70,,,,,,,,,,,,,
AL,UNNAMED,1933,19,20,19331029,600,,EX,42.6N,63.1W,70,,,,,,,,,,,,,
AL,UNNAMED,1933,19,20,19331029,1200,,EX,44.0N,62.3W,70,,,,,,,,,,,,,
AL,UNNAMED,1933,19,20,19331029,1800,,EX,45.4N,61.6W,55,,,,,,,,,,,,,
AL,UNNAMED,1933,19,20,19331030,0,,EX,46.8N,60.9W,50,,,,,,,,,,,,,
AL,UNNAMED,1933,19,20,19331030,600,,EX,48.1N,60.1W,45,,,,,,,,,,,,,
AL,UNNAMED,1933,19,20,19331030,1200,,EX,49.3N,59.2W,40,,,,,,,,,,,,,
AL,UNNAMED,1933,19,20,19331030,1800,,EX,50.6N,58.5W,40,,,,,,,,,,,,,
AL,UNNAMED,1933,20,8,19331115,1200,,TD,11.2N,79.9W,30,,,,,,,,,,,,,
AL,UNNAMED,1933,20,8,19331115,1800,,TS,11.5N,80.6W,35,,,,,,,,,,,,,
AL,UNNAMED,1933,20,8,19331116,0,,TS,11.8N,81.3W,40,,,,,,,,,,,,,
AL,UNNAMED,1933,20,8,19331116,600,,TS,12.0N,82.0W,45,,,,,,,,,,,,,
AL,UNNAMED,1933,20,8,19331116,1200,,TS,12.1N,82.7W,50,,,,,,,,,,,,,
AL,UNNAMED,1933,20,8,19331116,1800,,TS,12.1N,83.5W,50,,,,,,,,,,,,,
AL,UNNAMED,1933,20,8,19331117,0,,TS,12.2N,84.3W,40,,,,,,,,,,,,,
AL,UNNAMED,1933,20,8,19331117,600,,TD,12.3N,85.2W,30,,,,,,,,,,,,,
AL,UNNAMED,1934,1,71,19340604,1200,,TD,17.0N,87.0W,30,,,,,,,,,,,,,
AL,UNNAMED,1934,1,71,19340604,1800,,TS,17.0N,87.1W,35,,,,,,,,,,,,,
AL,UNNAMED,1934,1,71,19340605,0,,TS,17.0N,87.2W,40,,,,,,,,,,,,,
AL,UNNAMED,1934,1,71,19340605,600,,TS,16.9N,87.4W,45,,,,,,,,,,,,,
AL,UNNAMED,1934,1,71,19340605,1200,,TS,16.8N,87.8W,45,,,,,,,,,,,,,
AL,UNNAMED,1934,1,71,19340605,1800,,TS,16.7N,88.5W,40,,,,,,,,,,,,,
AL,UNNAMED,1934,1,71,19340606,0,,TS,16.5N,89.5W,40,,,,,,,,,,,,,
AL,UNNAMED,1934,1,71,19340606,600,,TS,16.3N,90.5W,35,,,,,,,,,,,,,
AL,UNNAMED,1934,1,71,19340606,1200,,TS,16.0N,91.0W,35,,,,,,,,,,,,,
AL,UNNAMED,1934,1,71,19340606,1800,,TD,15.5N,91.4W,30,,,,,,,,,,,,,
AL,UNNAMED,1934,1,71,19340607,0,,TD,15.0N,91.7W,30,,,,,,,,,,,,,
AL,UNNAMED,1934,1,71,19340607,600,,TS,14.5N,91.7W,35,,,,,,,,,,,,,
AL,UNNAMED,1934,1,71,19340607,1200,,TS,14.0N,91.5W,45,,,,,,,,,,,,,
AL,UNNAMED,1934,1,71,19340607,1800,,TS,14.2N,90.7W,45,,,,,,,,,,,,,
AL,UNNAMED,1934,1,71,19340608,0,,TS,15.2N,89.6W,40,,,,,,,,,,,,,
AL,UNNAMED,1934,1,71,19340608,600,,TS,16.5N,88.3W,45,,,,,,,,,,,,,
AL,UNNAMED,1934,1,71,19340608,1200,,TS,17.7N,87.5W,50,,,,,,,,,,,,,
AL,UNNAMED,1934,1,71,19340608,1800,,TS,18.6N,87.2W,60,,,,,,,,,,,,,
AL,UNNAMED,1934,1,71,19340609,0,,HU,19.4N,87.3W,70,,,,,,,,,,,,,
AL,UNNAMED,1934,1,71,19340609,600,,HU,20.0N,87.7W,65,,,,,,,,,,,,,
AL,UNNAMED,1934,1,71,19340609,1200,,TS,20.4N,88.4W,55,,,,,,,,,,,,,
AL,UNNAMED,1934,1,71,19340609,1800,,TS,20.8N,89.1W,40,,,,,,,,,,,,,
AL,UNNAMED,1934,1,71,19340610,0,,TS,21.2N,89.8W,35,,,,,,,,,,,,,
AL,UNNAMED,1934,1,71,19340610,600,,TS,21.6N,90.8W,40,,,,,,,,,,,,,
AL,UNNAMED,1934,1,71,19340610,1200,,TS,21.8N,91.7W,45,,,,,,,,,,,,,
AL,UNNAMED,1934,1,71,19340610,1800,,TS,22.0N,92.5W,50,,,,,,,,,,,,,
AL,UNNAMED,1934,1,71,19340611,0,,TS,22.0N,93.3W,50,,,,,,,,,,,,,
AL,UNNAMED,1934,1,71,19340611,600,,TS,21.9N,93.9W,50,,,,,,,,,,,,,
AL,UNNAMED,1934,1,71,19340611,1200,,TS,21.7N,94.2W,55,,,,,,,,,,,,,
AL,UNNAMED,1934,1,71,19340611,1800,,TS,21.6N,94.2W,60,,,,,,,,,,,,,
AL,UNNAMED,1934,1,71,19340612,0,,TS,21.5N,94.0W,60,,,,,,,,,,,,,
AL,UNNAMED,1934,1,71,19340612,600,,HU,21.5N,93.7W,65,,,,,,,,,,,,,
AL,UNNAMED,1934,1,71,19340612,1200,,HU,21.5N,93.4W,70,,,,,,,,,,,,,
AL,UNNAMED,1934,1,71,19340612,1800,,HU,21.5N,93.1W,70,,,,,,,,,,,,,
AL,UNNAMED,1934,1,71,19340613,0,,HU,21.5N,92.9W,75,,,,,,,,,,,,,
AL,UNNAMED,1934,1,71,19340613,600,,HU,21.5N,92.7W,75,,,,,,,,,,,,,
AL,UNNAMED,1934,1,71,19340613,1200,,HU,21.7N,92.5W,80,978,,,,,,,,,,,,
AL,UNNAMED,1934,1,71,19340613,1800,,HU,22.0N,92.3W,80,,,,,,,,,,,,,
AL,UNNAMED,1934,1,71,19340614,0,,HU,22.3N,92.2W,80,,,,,,,,,,,,,
AL,UNNAMED,1934,1,71,19340614,600,,HU,22.6N,92.1W,80,,,,,,,,,,,,,
AL,UNNAMED,1934,1,71,19340614,1200,,HU,23.1N,92.0W,80,,,,,,,,,,,,,
AL,UNNAMED,1934,1,71,19340614,1800,,HU,23.7N,91.8W,85,,,,,,,,,,,,,
AL,UNNAMED,1934,1,71,19340615,0,,HU,24.3N,91.6W,85,,,,,,,,,,,,,
AL,UNNAMED,1934,1,71,19340615,600,,HU,24.7N,91.4W,85,,,,,,,,,,,,,
AL,UNNAMED,1934,1,71,19340615,1200,,HU,25.2N,91.3W,85,,,,,,,,,,,,,
AL,UNNAMED,1934,1,71,19340615,1800,,HU,25.7N,91.2W,85,,,,,,,,,,,,,
AL,UNNAMED,1934,1,71,19340616,0,,HU,26.3N,91.2W,85,,,,,,,,,,,,,
AL,UNNAMED,1934,1,71,19340616,600,,HU,27.1N,91.3W,85,,,,,,,,,,,,,
AL,UNNAMED,1934,1,71,19340616,1200,,HU,28.3N,91.5W,85,,,,,,,,,,,,,
AL,UNNAMED,1934,1,71,19340616,1800,,HU,29.6N,91.7W,85,966,,,,,,,,,,,,
AL,UNNAMED,1934,1,71,19340616,1900,L,HU,29.7N,91.7W,85,966,,,,,,,,,,,,
AL,UNNAMED,1934,1,71,19340617,0,,TS,30.9N,91.3W,60,,,,,,,,,,,,,
AL,UNNAMED,1934,1,71,19340617,600,,TS,32.1N,90.9W,45,,,,,,,,,,,,,
AL,UNNAMED,1934,1,71,19340617,1200,,TS,33.3N,90.3W,35,,,,,,,,,,,,,
AL,UNNAMED,1934,1,71,19340617,1800,,TS,34.2N,89.4W,35,,,,,,,,,,,,,
AL,UNNAMED,1934,1,71,19340618,0,,TS,35.1N,88.1W,35,,,,,,,,,,,,,
AL,UNNAMED,1934,1,71,19340618,600,,TD,36.0N,86.2W,30,,,,,,,,,,,,,
AL,UNNAMED,1934,1,71,19340618,1200,,EX,36.8N,84.2W,30,,,,,,,,,,,,,
AL,UNNAMED,1934,1,71,19340618,1800,,EX,37.6N,82.2W,35,,,,,,,,,,,,,
AL,UNNAMED,1934,1,71,19340619,0,,EX,38.4N,80.2W,40,,,,,,,,,,,,,
AL,UNNAMED,1934,1,71,19340619,600,,EX,39.1N,77.5W,40,,,,,,,,,,,,,
AL,UNNAMED,1934,1,71,19340619,1200,,EX,39.8N,75.4W,40,,,,,,,,,,,,,
AL,UNNAMED,1934,1,71,19340619,1800,,EX,40.4N,73.9W,40,,,,,,,,,,,,,
AL,UNNAMED,1934,1,71,19340620,0,,EX,40.9N,72.4W,40,,,,,,,,,,,,,
AL,UNNAMED,1934,1,71,19340620,600,,EX,41.5N,70.7W,40,,,,,,,,,,,,,
AL,UNNAMED,1934,1,71,19340620,1200,,EX,42.5N,68.5W,45,,,,,,,,,,,,,
AL,UNNAMED,1934,1,71,19340620,1800,,EX,44.0N,66.5W,45,,,,,,,,,,,,,
AL,UNNAMED,1934,1,71,19340621,0,,EX,45.7N,64.6W,40,,,,,,,,,,,,,
AL,UNNAMED,1934,1,71,19340621,600,,EX,47.7N,62.8W,40,,,,,,,,,,,,,
AL,UNNAMED,1934,1,71,19340621,1200,,EX,50.2N,61.0W,35,,,,,,,,,,,,,
AL,UNNAMED,1934,1,71,19340621,1800,,EX,53.0N,59.4W,35,,,,,,,,,,,,,
AL,UNNAMED,1934,2,21,19340712,0,,TD,30.7N,79.4W,25,,,,,,,,,,,,,
AL,UNNAMED,1934,2,21,19340712,600,,TD,30.8N,79.1W,25,,,,,,,,,,,,,
AL,UNNAMED,1934,2,21,19340712,1200,,TD,31.0N,78.8W,25,,,,,,,,,,,,,
AL,UNNAMED,1934,2,21,19340712,1800,,TD,31.3N,78.1W,30,,,,,,,,,,,,,
AL,UNNAMED,1934,2,21,19340713,0,,TD,31.6N,77.1W,30,,,,,,,,,,,,,
AL,UNNAMED,1934,2,21,19340713,600,,TS,31.9N,75.7W,35,,,,,,,,,,,,,
AL,UNNAMED,1934,2,21,19340713,1200,,TS,32.2N,74.3W,40,,,,,,,,,,,,,
AL,UNNAMED,1934,2,21,19340713,1800,,TS,32.4N,72.9W,45,,,,,,,,,,,,,
AL,UNNAMED,1934,2,21,19340714,0,,TS,32.6N,71.4W,50,,,,,,,,,,,,,
AL,UNNAMED,1934,2,21,19340714,600,,TS,32.9N,69.9W,60,,,,,,,,,,,,,
AL,UNNAMED,1934,2,21,19340714,1200,,HU,33.5N,68.3W,65,,,,,,,,,,,,,
AL,UNNAMED,1934,2,21,19340714,1800,,HU,34.5N,66.7W,70,,,,,,,,,,,,,
AL,UNNAMED,1934,2,21,19340715,0,,HU,35.9N,65.0W,75,,,,,,,,,,,,,
AL,UNNAMED,1934,2,21,19340715,600,,HU,37.4N,63.3W,80,,,,,,,,,,,,,
AL,UNNAMED,1934,2,21,19340715,1200,,HU,39.0N,61.5W,80,,,,,,,,,,,,,
AL,UNNAMED,1934,2,21,19340715,1800,,HU,40.8N,59.5W,80,,,,,,,,,,,,,
AL,UNNAMED,1934,2,21,19340716,0,,HU,42.8N,57.2W,75,,,,,,,,,,,,,
AL,UNNAMED,1934,2,21,19340716,600,,EX,44.9N,54.6W,65,,,,,,,,,,,,,
AL,UNNAMED,1934,2,21,19340716,1200,,EX,47.0N,52.0W,55,,,,,,,,,,,,,
AL,UNNAMED,1934,2,21,19340716,1800,,EX,48.7N,49.7W,50,,,,,,,,,,,,,
AL,UNNAMED,1934,2,21,19340717,0,,EX,50.0N,47.5W,45,,,,,,,,,,,,,
AL,UNNAMED,1934,3,20,19340722,600,,TD,32.1N,79.4W,25,,,,,,,,,,,,,
AL,UNNAMED,1934,3,20,19340722,1200,,TD,31.7N,79.8W,25,,,,,,,,,,,,,
AL,UNNAMED,1934,3,20,19340722,1800,,TD,31.0N,80.4W,30,,,,,,,,,,,,,
AL,UNNAMED,1934,3,20,19340723,0,,TD,30.0N,81.2W,30,,,,,,,,,,,,,
AL,UNNAMED,1934,3,20,19340723,600,,TD,29.0N,82.7W,30,,,,,,,,,,,,,
AL,UNNAMED,1934,3,20,19340723,1200,,TS,28.0N,84.3W,35,,,,,,,,,,,,,
AL,UNNAMED,1934,3,20,19340723,1800,,TS,27.6N,85.9W,35,,,,,,,,,,,,,
AL,UNNAMED,1934,3,20,19340724,0,,TS,27.3N,87.5W,40,,,,,,,,,,,,,
AL,UNNAMED,1934,3,20,19340724,600,,TS,27.2N,89.0W,50,,,,,,,,,,,,,
AL,UNNAMED,1934,3,20,19340724,1200,,TS,27.2N,90.5W,55,,,,,,,,,,,,,
AL,UNNAMED,1934,3,20,19340724,1800,,TS,27.3N,91.9W,60,,,,,,,,,,,,,
AL,UNNAMED,1934,3,20,19340725,0,,HU,27.6N,93.2W,65,,,,,,,,,,,,,
AL,UNNAMED,1934,3,20,19340725,600,,HU,27.9N,94.4W,70,,,,,,,,,,,,,
AL,UNNAMED,1934,3,20,19340725,1200,,HU,28.0N,95.7W,75,,,,,,,,,,,,,
AL,UNNAMED,1934,3,20,19340725,1700,L,HU,28.1N,96.8W,75,979,,,,,,,,,,,,
AL,UNNAMED,1934,3,20,19340725,1800,,HU,28.1N,97.0W,75,,,,,,,,,,,,,
AL,UNNAMED,1934,3,20,19340726,0,,TS,28.2N,98.4W,55,,,,,,,,,,,,,
AL,UNNAMED,1934,3,20,19340726,600,,TS,28.3N,99.8W,45,,,,,,,,,,,,,
AL,UNNAMED,1934,3,20,19340726,1200,,TS,28.5N,101.1W,40,,,,,,,,,,,,,
AL,UNNAMED,1934,3,20,19340726,1800,,TD,28.6N,102.4W,30,,,,,,,,,,,,,
AL,UNNAMED,1934,4,11,19340820,1800,,TS,13.5N,57.7W,35,,,,,,,,,,,,,
AL,UNNAMED,1934,4,11,19340821,0,,TS,13.6N,59.2W,35,,,,,,,,,,,,,
AL,UNNAMED,1934,4,11,19340821,600,,TS,13.7N,60.6W,35,,,,,,,,,,,,,
AL,UNNAMED,1934,4,11,19340821,1200,,TS,13.8N,61.9W,35,,,,,,,,,,,,,
AL,UNNAMED,1934,4,11,19340821,1800,,TS,14.2N,63.0W,35,,,,,,,,,,,,,
AL,UNNAMED,1934,4,11,19340822,0,,TS,14.9N,64.1W,35,,,,,,,,,,,,,
AL,UNNAMED,1934,4,11,19340822,600,,TS,15.6N,65.2W,35,,,,,,,,,,,,,
AL,UNNAMED,1934,4,11,19340822,1200,,TS,16.1N,66.3W,35,,,,,,,,,,,,,
AL,UNNAMED,1934,4,11,19340822,1800,,TS,16.4N,67.5W,35,,,,,,,,,,,,,
AL,UNNAMED,1934,4,11,19340823,0,,TD,16.6N,68.7W,30,,,,,,,,,,,,,
AL,UNNAMED,1934,4,11,19340823,600,,TD,16.9N,69.9W,30,,,,,,,,,,,,,
AL,UNNAMED,1934,5,27,19340826,600,,TS,27.4N,89.4W,35,,,,,,,,,,,,,
AL,UNNAMED,1934,5,27,19340826,1200,,TS,27.7N,90.4W,40,,,,,,,,,,,,,
AL,UNNAMED,1934,5,27,19340826,1800,,TS,28.0N,91.4W,45,,,,,,,,,,,,,
AL,UNNAMED,1934,5,27,19340827,0,,TS,28.3N,92.3W,50,998,,,,,,,,,,,,
AL,UNNAMED,1934,5,27,19340827,600,,TS,28.7N,93.0W,60,,,,,,,,,,,,,
AL,UNNAMED,1934,5,27,19340827,1200,,HU,29.2N,93.7W,70,,,,,,,,,,,,,
AL,UNNAMED,1934,5,27,19340827,1800,,HU,29.2N,94.4W,70,,,,,,,,,,,,,
AL,UNNAMED,1934,5,27,19340828,0,,HU,29.0N,94.9W,70,,,,,,,,,,,,,
AL,UNNAMED,1934,5,27,19340828,600,,HU,28.7N,95.3W,70,,,,,,,,,,,,,
AL,UNNAMED,1934,5,27,19340828,1200,,HU,28.4N,95.4W,70,,,,,,,,,,,,,
AL,UNNAMED,1934,5,27,19340828,1800,,HU,28.1N,95.5W,70,,,,,,,,,,,,,
AL,UNNAMED,1934,5,27,19340829,0,,HU,27.8N,95.6W,70,,,,,,,,,,,,,
AL,UNNAMED,1934,5,27,19340829,600,,HU,27.5N,95.6W,65,,,,,,,,,,,,,
AL,UNNAMED,1934,5,27,19340829,1200,,TS,27.2N,95.6W,60,,,,,,,,,,,,,
AL,UNNAMED,1934,5,27,19340829,1800,,TS,26.9N,95.5W,55,,,,,,,,,,,,,
AL,UNNAMED,1934,5,27,19340830,0,,TS,26.5N,95.5W,55,,,,,,,,,,,,,
AL,UNNAMED,1934,5,27,19340830,600,,TS,26.0N,95.5W,50,,,,,,,,,,,,,
AL,UNNAMED,1934,5,27,19340830,1200,,TS,25.5N,95.5W,50,,,,,,,,,,,,,
AL,UNNAMED,1934,5,27,19340830,1800,,TS,25.0N,95.5W,45,,,,,,,,,,,,,
AL,UNNAMED,1934,5,27,19340831,0,,TS,24.5N,95.6W,45,,,,,,,,,,,,,
AL,UNNAMED,1934,5,27,19340831,600,,TS,24.0N,95.8W,45,,,,,,,,,,,,,
AL,UNNAMED,1934,5,27,19340831,1200,,TS,23.5N,96.2W,45,,,,,,,,,,,,,
AL,UNNAMED,1934,5,27,19340831,1800,,TS,23.0N,96.7W,40,,,,,,,,,,,,,
AL,UNNAMED,1934,5,27,19340901,0,,TS,22.5N,97.3W,40,,,,,,,,,,,,,
AL,UNNAMED,1934,5,27,19340901,600,,TS,22.1N,98.0W,35,,,,,,,,,,,,,
AL,UNNAMED,1934,5,27,19340901,1200,,TD,21.7N,98.6W,30,,,,,,,,,,,,,
AL,UNNAMED,1934,5,27,19340901,1800,,TD,21.4N,99.2W,20,,,,,,,,,,,,,
AL,UNNAMED,1934,6,15,19340901,0,,EX,28.8N,72.0W,35,,,,,,,,,,,,,
AL,UNNAMED,1934,6,15,19340901,600,,TS,29.4N,71.5W,35,,,,,,,,,,,,,
AL,UNNAMED,1934,6,15,19340901,1200,,TS,30.0N,71.5W,35,,,,,,,,,,,,,
AL,UNNAMED,1934,6,15,19340901,1800,,TS,30.3N,72.0W,40,,,,,,,,,,,,,
AL,UNNAMED,1934,6,15,19340902,0,,TS,30.7N,72.5W,40,,,,,,,,,,,,,
AL,UNNAMED,1934,6,15,19340902,600,,TS,31.1N,73.0W,45,,,,,,,,,,,,,
AL,UNNAMED,1934,6,15,19340902,1200,,TS,31.6N,73.6W,45,,,,,,,,,,,,,
AL,UNNAMED,1934,6,15,19340902,1800,,TS,32.3N,74.2W,45,,,,,,,,,,,,,
AL,UNNAMED,1934,6,15,19340903,0,,TS,33.2N,74.8W,40,,,,,,,,,,,,,
AL,UNNAMED,1934,6,15,19340903,600,,TS,34.3N,75.6W,40,,,,,,,,,,,,,
AL,UNNAMED,1934,6,15,19340903,1000,L,TS,35.0N,76.2W,40,,,,,,,,,,,,,
AL,UNNAMED,1934,6,15,19340903,1200,,TS,35.4N,76.5W,35,,,,,,,,,,,,,
AL,UNNAMED,1934,6,15,19340903,1800,,TD,36.7N,77.0W,30,,,,,,,,,,,,,
AL,UNNAMED,1934,6,15,19340904,0,,TD,38.1N,77.1W,30,,,,,,,,,,,,,
AL,UNNAMED,1934,6,15,19340904,600,,TD,39.7N,77.0W,25,,,,,,,,,,,,,
AL,UNNAMED,1934,7,24,19340905,600,,TS,23.9N,74.2W,40,,,,,,,,,,,,,
AL,UNNAMED,1934,7,24,19340905,1200,,TS,24.2N,74.2W,45,,,,,,,,,,,,,
AL,UNNAMED,1934,7,24,19340905,1800,,TS,24.7N,74.5W,50,,,,,,,,,,,,,
AL,UNNAMED,1934,7,24,19340906,0,,TS,25.3N,75.1W,55,,,,,,,,,,,,,
AL,UNNAMED,1934,7,24,19340906,600,,TS,25.7N,75.6W,60,,,,,,,,,,,,,
AL,UNNAMED,1934,7,24,19340906,1200,,HU,26.1N,76.1W,65,,,,,,,,,,,,,
AL,UNNAMED,1934,7,24,19340906,1800,,HU,26.7N,76.6W,70,,,,,,,,,,,,,
AL,UNNAMED,1934,7,24,19340907,0,,HU,27.4N,77.0W,75,,,,,,,,,,,,,
AL,UNNAMED,1934,7,24,19340907,600,,HU,28.2N,77.1W,80,,,,,,,,,,,,,
AL,UNNAMED,1934,7,24,19340907,1200,,HU,29.1N,77.2W,85,,,,,,,,,,,,,
AL,UNNAMED,1934,7,24,19340907,1800,,HU,30.1N,77.2W,90,,,,,,,,,,,,,
AL,UNNAMED,1934,7,24,19340908,0,,HU,31.7N,76.8W,85,,,,,,,,,,,,,
AL,UNNAMED,1934,7,24,19340908,600,,HU,33.9N,75.9W,80,,,,,,,,,,,,,
AL,UNNAMED,1934,7,24,19340908,1200,,HU,36.2N,74.8W,75,,,,,,,,,,,,,
AL,UNNAMED,1934,7,24,19340908,1800,,HU,38.4N,73.9W,70,,,,,,,,,,,,,
AL,UNNAMED,1934,7,24,19340909,0,,HU,40.5N,73.1W,65,,,,,,,,,,,,,
AL,UNNAMED,1934,7,24,19340909,200,L,HU,40.7N,73.0W,65,,,,,,,,,,,,,
AL,UNNAMED,1934,7,24,19340909,400,L,TS,41.2N,73.0W,50,,,,,,,,,,,,,
AL,UNNAMED,1934,7,24,19340909,600,,EX,41.8N,72.4W,45,,,,,,,,,,,,,
AL,UNNAMED,1934,7,24,19340909,1200,,EX,43.0N,71.7W,40,,,,,,,,,,,,,
AL,UNNAMED,1934,7,24,19340909,1800,,EX,44.3N,70.3W,35,,,,,,,,,,,,,
AL,UNNAMED,1934,7,24,19340910,0,,EX,45.5N,68.1W,30,,,,,,,,,,,,,
AL,UNNAMED,1934,7,24,19340910,600,,EX,46.7N,65.2W,25,,,,,,,,,,,,,
AL,UNNAMED,1934,7,24,19340910,1200,,EX,48.0N,62.0W,25,,,,,,,,,,,,,
AL,UNNAMED,1934,8,29,19340916,1200,,TS,13.2N,57.2W,35,,,,,,,,,,,,,
AL,UNNAMED,1934,8,29,19340916,1800,,TS,13.7N,57.9W,35,,,,,,,,,,,,,
AL,UNNAMED,1934,8,29,19340917,0,,TS,14.2N,58.6W,35,,,,,,,,,,,,,
AL,UNNAMED,1934,8,29,19340917,600,,TS,14.7N,59.3W,40,,,,,,,,,,,,,
AL,UNNAMED,1934,8,29,19340917,1200,,TS,15.3N,60.0W,40,,,,,,,,,,,,,
AL,UNNAMED,1934,8,29,19340917,1800,,TS,16.1N,60.7W,45,,,,,,,,,,,,,
AL,UNNAMED,1934,8,29,19340918,0,,TS,16.9N,61.4W,45,,,,,,,,,,,,,
AL,UNNAMED,1934,8,29,19340918,600,,TS,17.7N,62.1W,45,,,,,,,,,,,,,
AL,UNNAMED,1934,8,29,19340918,1200,,TS,18.5N,62.8W,45,,,,,,,,,,,,,
AL,UNNAMED,1934,8,29,19340918,1800,,TS,19.0N,63.6W,40,,,,,,,,,,,,,
AL,UNNAMED,1934,8,29,19340919,0,,TS,19.3N,64.5W,40,,,,,,,,,,,,,
AL,UNNAMED,1934,8,29,19340919,600,,TS,19.6N,65.4W,40,,,,,,,,,,,,,
AL,UNNAMED,1934,8,29,19340919,1200,,TS,20.0N,66.2W,40,,,,,,,,,,,,,
AL,UNNAMED,1934,8,29,19340919,1800,,TS,20.8N,67.0W,40,,,,,,,,,,,,,
AL,UNNAMED,1934,8,29,19340920,0,,TS,21.9N,67.9W,40,,,,,,,,,,,,,
AL,UNNAMED,1934,8,29,19340920,600,,TS,23.0N,68.8W,40,,,,,,,,,,,,,
AL,UNNAMED,1934,8,29,19340920,1200,,TS,24.0N,69.8W,35,,,,,,,,,,,,,
AL,UNNAMED,1934,8,29,19340920,1800,,TS,24.4N,70.9W,35,,,,,,,,,,,,,
AL,UNNAMED,1934,8,29,19340921,0,,TD,24.5N,72.2W,30,,,,,,,,,,,,,
AL,UNNAMED,1934,8,29,19340921,600,,TD,24.5N,73.7W,30,,,,,,,,,,,,,
AL,UNNAMED,1934,8,29,19340921,1200,,TD,24.5N,75.2W,25,,,,,,,,,,,,,
AL,UNNAMED,1934,8,29,19340921,1800,,TD,25.2N,76.1W,25,,,,,,,,,,,,,
AL,UNNAMED,1934,8,29,19340922,0,,TD,26.6N,76.6W,25,,,,,,,,,,,,,
AL,UNNAMED,1934,8,29,19340922,600,,TD,28.5N,77.1W,25,,,,,,,,,,,,,
AL,UNNAMED,1934,8,29,19340922,1200,,TD,30.3N,77.3W,25,,,,,,,,,,,,,
AL,UNNAMED,1934,8,29,19340922,1800,,TD,31.4N,77.1W,25,,,,,,,,,,,,,
AL,UNNAMED,1934,8,29,19340923,0,,TD,32.0N,76.8W,25,,,,,,,,,,,,,
AL,UNNAMED,1934,8,29,19340923,600,,TD,32.5N,76.4W,25,,,,,,,,,,,,,
AL,UNNAMED,1934,8,29,19340923,1200,,TD,33.0N,76.0W,25,,,,,,,,,,,,,
AL,UNNAMED,1934,9,30,19340918,0,,TD,14.4N,22.5W,25,,,,,,,,,,,,,
AL,UNNAMED,1934,9,30,19340918,600,,TD,14.9N,23.3W,30,,,,,,,,,,,,,
AL,UNNAMED,1934,9,30,19340918,1200,,TD,15.4N,24.1W,30,,,,,,,,,,,,,
AL,UNNAMED,1934,9,30,19340918,1800,,TS,15.9N,25.0W,35,,,,,,,,,,,,,
AL,UNNAMED,1934,9,30,19340919,0,,TS,16.4N,26.2W,35,,,,,,,,,,,,,
AL,UNNAMED,1934,9,30,19340919,600,,TS,16.8N,27.7W,35,,,,,,,,,,,,,
AL,UNNAMED,1934,9,30,19340919,1200,,TS,17.1N,29.4W,35,,,,,,,,,,,,,
AL,UNNAMED,1934,9,30,19340919,1800,,TS,17.4N,31.0W,35,,,,,,,,,,,,,
AL,UNNAMED,1934,9,30,19340920,0,,TS,18.0N,32.5W,35,,,,,,,,,,,,,
AL,UNNAMED,1934,9,30,19340920,600,,TS,18.8N,34.0W,35,,,,,,,,,,,,,
AL,UNNAMED,1934,9,30,19340920,1200,,TS,19.6N,35.4W,35,,,,,,,,,,,,,
AL,UNNAMED,1934,9,30,19340920,1800,,TS,20.4N,36.7W,35,,,,,,,,,,,,,
AL,UNNAMED,1934,9,30,19340921,0,,TS,21.2N,37.9W,40,,,,,,,,,,,,,
AL,UNNAMED,1934,9,30,19340921,600,,TS,22.0N,39.0W,40,,,,,,,,,,,,,
AL,UNNAMED,1934,9,30,19340921,1200,,TS,22.8N,40.0W,40,,,,,,,,,,,,,
AL,UNNAMED,1934,9,30,19340921,1800,,TS,23.6N,40.9W,40,,,,,,,,,,,,,
AL,UNNAMED,1934,9,30,19340922,0,,TS,24.4N,41.7W,40,,,,,,,,,,,,,
AL,UNNAMED,1934,9,30,19340922,600,,TS,25.2N,42.3W,40,,,,,,,,,,,,,
AL,UNNAMED,1934,9,30,19340922,1200,,TS,26.2N,42.6W,40,,,,,,,,,,,,,
AL,UNNAMED,1934,9,30,19340922,1800,,TS,27.6N,42.4W,40,,,,,,,,,,,,,
AL,UNNAMED,1934,9,30,19340923,0,,TS,29.3N,42.0W,45,,,,,,,,,,,,,
AL,UNNAMED,1934,9,30,19340923,600,,TS,31.2N,41.5W,45,,,,,,,,,,,,,
AL,UNNAMED,1934,9,30,19340923,1200,,TS,33.0N,41.0W,45,,,,,,,,,,,,,
AL,UNNAMED,1934,9,30,19340923,1800,,TS,34.8N,40.6W,45,,,,,,,,,,,,,
AL,UNNAMED,1934,9,30,19340924,0,,TS,36.5N,40.3W,50,,,,,,,,,,,,,
AL,UNNAMED,1934,9,30,19340924,600,,TS,38.2N,40.0W,50,1000,,,,,,,,,,,,
AL,UNNAMED,1934,9,30,19340924,1200,,TS,39.8N,39.7W,50,,,,,,,,,,,,,
AL,UNNAMED,1934,9,30,19340924,1800,,TS,41.1N,39.3W,50,,,,,,,,,,,,,
AL,UNNAMED,1934,9,30,19340925,0,,EX,42.0N,38.8W,50,,,,,,,,,,,,,
AL,UNNAMED,1934,9,30,19340925,600,,EX,42.9N,37.9W,45,,,,,,,,,,,,,
AL,UNNAMED,1934,10,12,19341001,1200,,TS,26.1N,38.3W,60,,,,,,,,,,,,,
AL,UNNAMED,1934,10,12,19341001,1800,,HU,27.3N,39.9W,65,,,,,,,,,,,,,
AL,UNNAMED,1934,10,12,19341002,0,,HU,28.3N,41.3W,70,,,,,,,,,,,,,
AL,UNNAMED,1934,10,12,19341002,600,,HU,29.0N,42.5W,75,984,,,,,,,,,,,,
AL,UNNAMED,1934,10,12,19341002,1200,,HU,29.5N,43.5W,80,,,,,,,,,,,,,
AL,UNNAMED,1934,10,12,19341002,1800,,HU,29.9N,44.6W,85,,,,,,,,,,,,,
AL,UNNAMED,1934,10,12,19341003,0,,HU,30.2N,45.7W,85,,,,,,,,,,,,,
AL,UNNAMED,1934,10,12,19341003,600,,HU,30.5N,46.9W,75,,,,,,,,,,,,,
AL,UNNAMED,1934,10,12,19341003,1200,,HU,31.0N,48.1W,65,,,,,,,,,,,,,
AL,UNNAMED,1934,10,12,19341003,1800,,TS,31.5N,49.2W,55,,,,,,,,,,,,,
AL,UNNAMED,1934,10,12,19341004,0,,TS,31.9N,50.2W,45,,,,,,,,,,,,,
AL,UNNAMED,1934,10,12,19341004,600,,TS,32.3N,51.2W,35,,,,,,,,,,,,,
AL,UNNAMED,1934,11,23,19341001,1200,,TD,20.6N,84.0W,25,,,,,,,,,,,,,
AL,UNNAMED,1934,11,23,19341001,1800,,TD,21.0N,84.6W,25,,,,,,,,,,,,,
AL,UNNAMED,1934,11,23,19341002,0,,TD,21.4N,85.1W,25,,,,,,,,,,,,,
AL,UNNAMED,1934,11,23,19341002,600,,TD,21.8N,85.7W,25,,,,,,,,,,,,,
AL,UNNAMED,1934,11,23,19341002,1200,,TD,22.2N,86.3W,30,,,,,,,,,,,,,
AL,UNNAMED,1934,11,23,19341002,1800,,TD,22.6N,86.8W,30,,,,,,,,,,,,,
AL,UNNAMED,1934,11,23,19341003,0,,TS,23.0N,87.3W,35,,,,,,,,,,,,,
AL,UNNAMED,1934,11,23,19341003,600,,TS,23.4N,87.8W,35,,,,,,,,,,,,,
AL,UNNAMED,1934,11,23,19341003,1200,,TS,23.8N,88.2W,35,,,,,,,,,,,,,
AL,UNNAMED,1934,11,23,19341003,1800,,TS,24.2N,88.6W,40,,,,,,,,,,,,,
AL,UNNAMED,1934,11,23,19341004,0,,TS,24.6N,88.9W,40,,,,,,,,,,,,,
AL,UNNAMED,1934,11,23,19341004,600,,TS,25.0N,89.1W,45,,,,,,,,,,,,,
AL,UNNAMED,1934,11,23,19341004,1200,,TS,25.5N,89.2W,45,,,,,,,,,,,,,
AL,UNNAMED,1934,11,23,19341004,1800,,TS,26.1N,89.1W,45,,,,,,,,,,,,,
AL,UNNAMED,1934,11,23,19341005,0,,TS,26.8N,88.7W,45,,,,,,,,,,,,,
AL,UNNAMED,1934,11,23,19341005,600,,TS,27.7N,88.3W,50,,,,,,,,,,,,,
AL,UNNAMED,1934,11,23,19341005,1200,,TS,28.6N,87.9W,50,,,,,,,,,,,,,
AL,UNNAMED,1934,11,23,19341005,1800,,TS,29.5N,87.7W,50,,,,,,,,,,,,,
AL,UNNAMED,1934,11,23,19341006,0,,TS,30.2N,87.5W,45,,,,,,,,,,,,,
AL,UNNAMED,1934,11,23,19341006,100,L,TS,30.3N,87.4W,45,,,,,,,,,,,,,
AL,UNNAMED,1934,11,23,19341006,600,,TS,30.7N,87.2W,35,,,,,,,,,,,,,
AL,UNNAMED,1934,11,23,19341006,1200,,EX,31.1N,86.7W,30,,,,,,,,,,,,,
AL,UNNAMED,1934,11,23,19341006,1800,,EX,31.5N,86.0W,30,,,,,,,,,,,,,
AL,UNNAMED,1934,12,17,19341019,1800,,TD,15.3N,76.9W,30,,,,,,,,,,,,,
AL,UNNAMED,1934,12,17,19341020,0,,TS,15.9N,76.4W,35,,,,,,,,,,,,,
AL,UNNAMED,1934,12,17,19341020,600,,TS,16.7N,76.0W,40,,,,,,,,,,,,,
AL,UNNAMED,1934,12,17,19341020,1200,,TS,17.5N,75.9W,40,,,,,,,,,,,,,
AL,UNNAMED,1934,12,17,19341020,1800,,TS,18.3N,76.7W,40,,,,,,,,,,,,,
AL,UNNAMED,1934,12,17,19341021,0,,TS,19.0N,77.5W,40,,,,,,,,,,,,,
AL,UNNAMED,1934,12,17,19341021,600,,TS,19.9N,78.3W,40,,,,,,,,,,,,,
AL,UNNAMED,1934,12,17,19341021,1200,,TS,20.8N,78.7W,40,,,,,,,,,,,,,
AL,UNNAMED,1934,12,17,19341021,1800,,TS,21.9N,77.9W,35,,,,,,,,,,,,,
AL,UNNAMED,1934,12,17,19341022,0,,TS,23.0N,76.5W,35,,,,,,,,,,,,,
AL,UNNAMED,1934,12,17,19341022,600,,TS,24.1N,75.0W,35,,,,,,,,,,,,,
AL,UNNAMED,1934,12,17,19341022,1200,,TS,25.2N,73.3W,35,,,,,,,,,,,,,
AL,UNNAMED,1934,12,17,19341022,1800,,TS,26.1N,71.5W,35,,,,,,,,,,,,,
AL,UNNAMED,1934,12,17,19341023,0,,TS,27.0N,69.5W,35,,,,,,,,,,,,,
AL,UNNAMED,1934,12,17,19341023,600,,TS,27.8N,67.3W,35,,,,,,,,,,,,,
AL,UNNAMED,1934,12,17,19341023,1200,,TD,28.7N,64.9W,30,,,,,,,,,,,,,
AL,UNNAMED,1934,12,17,19341023,1800,,TD,29.7N,62.5W,30,,,,,,,,,,,,,
AL,UNNAMED,1934,13,42,19341120,600,,TS,22.7N,60.7W,35,,,,,,,,,,,,,
AL,UNNAMED,1934,13,42,19341120,1200,,TS,22.9N,60.8W,35,,,,,,,,,,,,,
AL,UNNAMED,1934,13,42,19341120,1800,,TS,23.1N,60.9W,35,,,,,,,,,,,,,
AL,UNNAMED,1934,13,42,19341121,0,,TS,23.3N,61.0W,40,,,,,,,,,,,,,
AL,UNNAMED,1934,13,42,19341121,600,,TS,23.5N,61.1W,40,,,,,,,,,,,,,
AL,UNNAMED,1934,13,42,19341121,1200,,TS,23.7N,61.2W,45,,,,,,,,,,,,,
AL,UNNAMED,1934,13,42,19341121,1800,,TS,24.0N,61.4W,45,,,,,,,,,,,,,
AL,UNNAMED,1934,13,42,19341122,0,,TS,24.4N,61.6W,50,,,,,,,,,,,,,
AL,UNNAMED,1934,13,42,19341122,600,,TS,24.8N,61.8W,55,,,,,,,,,,,,,
AL,UNNAMED,1934,13,42,19341122,1200,,TS,25.2N,62.0W,60,,,,,,,,,,,,,
AL,UNNAMED,1934,13,42,19341122,1800,,HU,25.5N,62.6W,65,,,,,,,,,,,,,
AL,UNNAMED,1934,13,42,19341123,0,,HU,25.7N,63.6W,75,,,,,,,,,,,,,
AL,UNNAMED,1934,13,42,19341123,600,,HU,26.0N,64.7W,85,,,,,,,,,,,,,
AL,UNNAMED,1934,13,42,19341123,1200,,HU,26.3N,65.7W,95,,,,,,,,,,,,,
AL,UNNAMED,1934,13,42,19341123,1800,,HU,26.6N,66.5W,100,,,,,,,,,,,,,
AL,UNNAMED,1934,13,42,19341124,0,,HU,27.0N,67.2W,100,,,,,,,,,,,,,
AL,UNNAMED,1934,13,42,19341124,600,,HU,27.4N,67.5W,95,,,,,,,,,,,,,
AL,UNNAMED,1934,13,42,19341124,1200,,HU,27.9N,67.6W,95,,,,,,,,,,,,,
AL,UNNAMED,1934,13,42,19341124,1800,,HU,28.6N,67.6W,90,,,,,,,,,,,,,
AL,UNNAMED,1934,13,42,19341125,0,,HU,29.5N,67.3W,85,,,,,,,,,,,,,
AL,UNNAMED,1934,13,42,19341125,600,,HU,30.4N,66.6W,80,,,,,,,,,,,,,
AL,UNNAMED,1934,13,42,19341125,1200,,HU,31.0N,65.9W,75,,,,,,,,,,,,,
AL,UNNAMED,1934,13,42,19341125,1800,,HU,31.3N,65.5W,75,,,,,,,,,,,,,
AL,UNNAMED,1934,13,42,19341126,0,,HU,31.0N,65.0W,70,,,,,,,,,,,,,
AL,UNNAMED,1934,13,42,19341126,600,,HU,29.5N,65.8W,70,,,,,,,,,,,,,
AL,UNNAMED,1934,13,42,19341126,1200,,HU,28.0N,66.8W,65,,,,,,,,,,,,,
AL,UNNAMED,1934,13,42,19341126,1800,,TS,26.7N,68.2W,60,,,,,,,,,,,,,
AL,UNNAMED,1934,13,42,19341127,0,,TS,25.5N,69.6W,60,,,,,,,,,,,,,
AL,UNNAMED,1934,13,42,19341127,600,,TS,24.0N,69.8W,55,,,,,,,,,,,,,
AL,UNNAMED,1934,13,42,19341127,1200,,TS,22.5N,70.0W,50,,,,,,,,,,,,,
AL,UNNAMED,1934,13,42,19341127,1800,,TS,21.9N,70.2W,50,,,,,,,,,,,,,
AL,UNNAMED,1934,13,42,19341128,0,,TS,21.4N,70.4W,45,,,,,,,,,,,,,
AL,UNNAMED,1934,13,42,19341128,600,,TS,20.9N,70.6W,45,,,,,,,,,,,,,
AL,UNNAMED,1934,13,42,19341128,1200,,TS,20.3N,70.8W,40,,,,,,,,,,,,,
AL,UNNAMED,1934,13,42,19341128,1800,,TD,19.7N,71.0W,30,,,,,,,,,,,,,
AL,UNNAMED,1934,13,42,19341129,0,,TD,19.3N,71.4W,25,,,,,,,,,,,,,
AL,UNNAMED,1934,13,42,19341129,600,,TD,18.9N,72.1W,25,,,,,,,,,,,,,
AL,UNNAMED,1934,13,42,19341129,1200,,TD,18.5N,73.0W,25,,,,,,,,,,,,,
AL,UNNAMED,1934,13,42,19341129,1800,,TD,17.9N,73.9W,25,,,,,,,,,,,,,
AL,UNNAMED,1934,13,42,19341130,0,,TD,17.3N,74.9W,20,,,,,,,,,,,,,
AL,UNNAMED,1934,13,42,19341130,600,,TD,16.8N,75.9W,20,,,,,,,,,,,,,
AL,UNNAMED,1934,13,42,19341130,1200,,TD,16.3N,76.9W,20,,,,,,,,,,,,,
AL,UNNAMED,1935,1,17,19350515,0,,TD,17.0N,68.5W,30,,,,,,,,,,,,,
AL,UNNAMED,1935,1,17,19350515,600,,TD,17.5N,69.0W,30,,,,,,,,,,,,,
AL,UNNAMED,1935,1,17,19350515,1200,,TD,18.2N,69.5W,30,1006,,,,,,,,,,,,
AL,UNNAMED,1935,1,17,19350515,1800,,TD,19.2N,69.9W,30,,,,,,,,,,,,,
AL,UNNAMED,1935,1,17,19350516,0,,TD,20.3N,70.2W,30,,,,,,,,,,,,,
AL,UNNAMED,1935,1,17,19350516,600,,TD,21.5N,70.4W,30,,,,,,,,,,,,,
AL,UNNAMED,1935,1,17,19350516,1200,,TS,22.5N,70.5W,35,,,,,,,,,,,,,
AL,UNNAMED,1935,1,17,19350516,1800,,TS,23.2N,70.2W,35,,,,,,,,,,,,,
AL,UNNAMED,1935,1,17,19350517,0,,TS,23.8N,69.5W,40,,,,,,,,,,,,,
AL,UNNAMED,1935,1,17,19350517,600,,TS,24.4N,68.5W,40,,,,,,,,,,,,,
AL,UNNAMED,1935,1,17,19350517,1200,,TS,25.0N,67.3W,45,,,,,,,,,,,,,
AL,UNNAMED,1935,1,17,19350517,1800,,TS,25.6N,65.8W,50,,,,,,,,,,,,,
AL,UNNAMED,1935,1,17,19350518,0,,TS,26.3N,63.5W,50,,,,,,,,,,,,,
AL,UNNAMED,1935,1,17,19350518,600,,TS,27.3N,61.0W,45,,,,,,,,,,,,,
AL,UNNAMED,1935,1,17,19350518,1200,,TS,28.5N,59.0W,40,,,,,,,,,,,,,
AL,UNNAMED,1935,1,17,19350518,1800,,TS,29.7N,57.0W,35,,,,,,,,,,,,,
AL,UNNAMED,1935,1,17,19350519,0,,EX,31.0N,55.0W,30,,,,,,,,,,,,,
AL,UNNAMED,1935,2,43,19350816,600,,TD,10.9N,56.0W,25,,,,,,,,,,,,,
AL,UNNAMED,1935,2,43,19350816,1200,,TD,11.5N,57.0W,25,,,,,,,,,,,,,
AL,UNNAMED,1935,2,43,19350816,1800,,TD,12.2N,58.0W,25,,,,,,,,,,,,,
AL,UNNAMED,1935,2,43,19350817,0,,TD,13.1N,58.9W,25,,,,,,,,,,,,,
AL,UNNAMED,1935,2,43,19350817,600,,TD,14.0N,59.7W,25,,,,,,,,,,,,,
AL,UNNAMED,1935,2,43,19350817,1200,,TD,15.0N,60.5W,25,,,,,,,,,,,,,
AL,UNNAMED,1935,2,43,19350817,1800,,TD,16.1N,61.2W,30,,,,,,,,,,,,,
AL,UNNAMED,1935,2,43,19350818,0,,TS,17.3N,61.8W,35,,,,,,,,,,,,,
AL,UNNAMED,1935,2,43,19350818,600,,TS,18.5N,62.4W,40,,,,,,,,,,,,,
AL,UNNAMED,1935,2,43,19350818,1200,,TS,19.5N,63.0W,45,,,,,,,,,,,,,
AL,UNNAMED,1935,2,43,19350818,1800,,TS,20.3N,63.7W,55,,,,,,,,,,,,,
AL,UNNAMED,1935,2,43,19350819,0,,HU,20.9N,64.5W,65,,,,,,,,,,,,,
AL,UNNAMED,1935,2,43,19350819,600,,HU,21.4N,65.3W,70,,,,,,,,,,,,,
AL,UNNAMED,1935,2,43,19350819,1200,,HU,21.8N,66.0W,75,,,,,,,,,,,,,
AL,UNNAMED,1935,2,43,19350819,1800,,HU,22.2N,66.7W,80,,,,,,,,,,,,,
AL,UNNAMED,1935,2,43,19350820,0,,HU,22.5N,67.1W,85,,,,,,,,,,,,,
AL,UNNAMED,1935,2,43,19350820,600,,HU,22.8N,67.4W,90,,,,,,,,,,,,,
AL,UNNAMED,1935,2,43,19350820,1200,,HU,23.2N,67.5W,95,,,,,,,,,,,,,
AL,UNNAMED,1935,2,43,19350820,1800,,HU,23.9N,67.6W,100,,,,,,,,,,,,,
AL,UNNAMED,1935,2,43,19350821,0,,HU,24.9N,67.7W,105,,,,,,,,,,,,,
AL,UNNAMED,1935,2,43,19350821,600,,HU,26.2N,67.8W,115,,,,,,,,,,,,,
AL,UNNAMED,1935,2,43,19350821,1200,,HU,27.3N,68.0W,115,,,,,,,,,,,,,
AL,UNNAMED,1935,2,43,19350821,1800,,HU,28.1N,68.2W,115,,,,,,,,,,,,,
AL,UNNAMED,1935,2,43,19350822,0,,HU,28.7N,68.3W,115,,,,,,,,,,,,,
AL,UNNAMED,1935,2,43,19350822,600,,HU,29.1N,68.4W,110,,,,,,,,,,,,,
AL,UNNAMED,1935,2,43,19350822,1200,,HU,29.4N,68.5W,110,,,,,,,,,,,,,
AL,UNNAMED,1935,2,43,19350822,1800,,HU,30.0N,68.4W,110,,,,,,,,,,,,,
AL,UNNAMED,1935,2,43,19350823,0,,HU,30.8N,68.0W,110,,,,,,,,,,,,,
AL,UNNAMED,1935,2,43,19350823,600,,HU,31.7N,67.4W,105,,,,,,,,,,,,,
AL,UNNAMED,1935,2,43,19350823,1200,,HU,32.8N,66.6W,100,,,,,,,,,,,,,
AL,UNNAMED,1935,2,43,19350823,1800,,HU,34.0N,65.0W,100,,,,,,,,,,,,,
AL,UNNAMED,1935,2,43,19350824,0,,HU,35.2N,63.0W,100,,,,,,,,,,,,,
AL,UNNAMED,1935,2,43,19350824,600,,HU,36.1N,61.0W,100,,,,,,,,,,,,,
AL,UNNAMED,1935,2,43,19350824,1200,,HU,37.3N,59.0W,100,,,,,,,,,,,,,
AL,UNNAMED,1935,2,43,19350824,1800,,HU,39.7N,57.6W,95,,,,,,,,,,,,,
AL,UNNAMED,1935,2,43,19350825,0,,HU,42.6N,56.7W,85,,,,,,,,,,,,,
AL,UNNAMED,1935,2,43,19350825,600,,HU,45.2N,57.0W,75,,,,,,,,,,,,,
AL,UNNAMED,1935,2,43,19350825,1200,,EX,47.3N,57.7W,70,,,,,,,,,,,,,
AL,UNNAMED,1935,2,43,19350825,1800,,EX,48.4N,58.4W,60,,,,,,,,,,,,,
AL,UNNAMED,1935,2,43,19350826,0,,EX,48.9N,59.2W,50,,,,,,,,,,,,,
AL,UNNAMED,1935,2,43,19350826,600,,EX,49.3N,60.2W,40,,,,,,,,,,,,,
AL,UNNAMED,1935,2,43,19350826,1200,,EX,49.7N,61.5W,35,,,,,,,,,,,,,
AL,UNNAMED,1935,2,43,19350826,1800,,EX,49.9N,63.0W,30,,,,,,,,,,,,,
AL,UNNAMED,1935,3,52,19350829,600,,TD,23.3N,68.8W,25,,,,,,,,,,,,,
AL,UNNAMED,1935,3,52,19350829,1200,,TD,23.5N,69.3W,25,,,,,,,,,,,,,
AL,UNNAMED,1935,3,52,19350829,1800,,TD,23.8N,69.8W,25,,,,,,,,,,,,,
AL,UNNAMED,1935,3,52,19350830,0,,TD,24.1N,70.4W,30,,,,,,,,,,,,,
AL,UNNAMED,1935,3,52,19350830,600,,TD,24.2N,70.9W,30,,,,,,,,,,,,,
AL,UNNAMED,1935,3,52,19350830,1200,,TD,24.2N,71.4W,30,,,,,,,,,,,,,
AL,UNNAMED,1935,3,52,19350830,1800,,TD,24.1N,72.1W,30,,,,,,,,,,,,,
AL,UNNAMED,1935,3,52,19350831,0,,TS,24.1N,72.9W,35,,,,,,,,,,,,,
AL,UNNAMED,1935,3,52,19350831,600,,TS,24.0N,73.7W,35,,,,,,,,,,,,,
AL,UNNAMED,1935,3,52,19350831,1200,,TS,23.9N,74.5W,40,,,,,,,,,,,,,
AL,UNNAMED,1935,3,52,19350831,1800,,TS,23.8N,75.2W,45,,,,,,,,,,,,,
AL,UNNAMED,1935,3,52,19350901,0,,TS,23.7N,75.9W,50,,,,,,,,,,,,,
AL,UNNAMED,1935,3,52,19350901,600,,TS,23.7N,76.6W,55,,,,,,,,,,,,,
AL,UNNAMED,1935,3,52,19350901,1200,,HU,23.7N,77.3W,65,,,,,,,,,,,,,
AL,UNNAMED,1935,3,52,19350901,1800,,HU,23.7N,77.9W,75,,,,,,,,,,,,,
AL,UNNAMED,1935,3,52,19350902,0,,HU,23.7N,78.5W,90,,,,,,,,,,,,,
AL,UNNAMED,1935,3,52,19350902,600,,HU,23.7N,79.0W,105,,,,,,,,,,,,,
AL,UNNAMED,1935,3,52,19350902,1200,,HU,23.8N,79.5W,120,,,,,,,,,,,,,
AL,UNNAMED,1935,3,52,19350902,1800,,HU,24.1N,80.0W,135,,,,,,,,,,,,,
AL,UNNAMED,1935,3,52,19350903,0,,HU,24.6N,80.5W,160,892,,,,,,,,,,,,
AL,UNNAMED,1935,3,52,19350903,200,L,HU,24.8N,80.8W,160,892,,,,,,,,,,,,
AL,UNNAMED,1935,3,52,19350903,600,,HU,25.1N,81.1W,160,,,,,,,,,,,,,
AL,UNNAMED,1935,3,52,19350903,1200,,HU,25.7N,81.6W,145,,,,,,,,,,,,,
AL,UNNAMED,1935,3,52,19350903,1800,,HU,26.4N,82.2W,130,,,,,,,,,,,,,
AL,UNNAMED,1935,3,52,19350904,0,,HU,27.1N,82.8W,115,,,,,,,,,,,,,
AL,UNNAMED,1935,3,52,19350904,600,,HU,27.8N,83.2W,105,,,,,,,,,,,,,
AL,UNNAMED,1935,3,52,19350904,1200,,HU,28.4N,83.4W,95,,,,,,,,,,,,,
AL,UNNAMED,1935,3,52,19350904,1800,,HU,29.1N,83.4W,85,,,,,,,,,,,,,
AL,UNNAMED,1935,3,52,19350904,2200,L,HU,29.6N,83.4W,85,965,,,,,,,,,,,,
AL,UNNAMED,1935,3,52,19350905,0,,HU,29.9N,83.4W,75,,,,,,,,,,,,,
AL,UNNAMED,1935,3,52,19350905,600,,HU,30.9N,83.1W,65,,,,,,,,,,,,,
AL,UNNAMED,1935,3,52,19350905,1200,,TS,32.0N,82.5W,55,,,,,,,,,,,,,
AL,UNNAMED,1935,3,52,19350905,1800,,TS,33.2N,81.5W,50,,,,,,,,,,,,,
AL,UNNAMED,1935,3,52,19350906,0,,TS,34.6N,80.0W,45,,,,,,,,,,,,,
AL,UNNAMED,1935,3,52,19350906,600,,TS,36.1N,78.0W,50,996,,,,,,,,,,,,
AL,UNNAMED,1935,3,52,19350906,1200,,HU,37.5N,75.1W,65,,,,,,,,,,,,,
AL,UNNAMED,1935,3,52,19350906,1800,,HU,38.7N,70.9W,75,,,,,,,,,,,,,
AL,UNNAMED,1935,3,52,19350907,0,,EX,39.8N,65.4W,80,,,,,,,,,,,,,
AL,UNNAMED,1935,3,52,19350907,600,,EX,40.9N,60.2W,80,,,,,,,,,,,,,
AL,UNNAMED,1935,3,52,19350907,1200,,EX,42.0N,55.0W,80,,,,,,,,,,,,,
AL,UNNAMED,1935,3,52,19350907,1800,,EX,43.1N,50.0W,75,,,,,,,,,,,,,
AL,UNNAMED,1935,3,52,19350908,0,,EX,44.2N,45.0W,75,,,,,,,,,,,,,
AL,UNNAMED,1935,3,52,19350908,600,,EX,45.5N,40.0W,75,,,,,,,,,,,,,
AL,UNNAMED,1935,3,52,19350908,1200,,EX,46.9N,35.2W,75,,,,,,,,,,,,,
AL,UNNAMED,1935,3,52,19350908,1800,,EX,48.5N,32.7W,75,,,,,,,,,,,,,
AL,UNNAMED,1935,3,52,19350909,0,,EX,50.2N,31.5W,70,,,,,,,,,,,,,
AL,UNNAMED,1935,3,52,19350909,600,,EX,52.0N,31.2W,70,,,,,,,,,,,,,
AL,UNNAMED,1935,3,52,19350909,1200,,EX,54.0N,31.2W,70,,,,,,,,,,,,,
AL,UNNAMED,1935,3,52,19350909,1800,,EX,55.5N,32.0W,65,,,,,,,,,,,,,
AL,UNNAMED,1935,3,52,19350910,0,,EX,56.5N,34.0W,60,,,,,,,,,,,,,
AL,UNNAMED,1935,3,52,19350910,600,,EX,56.8N,36.5W,55,,,,,,,,,,,,,
AL,UNNAMED,1935,3,52,19350910,1200,,EX,57.0N,39.0W,50,,,,,,,,,,,,,
AL,UNNAMED,1935,4,15,19350830,0,,TD,20.5N,86.0W,25,,,,,,,,,,,,,
AL,UNNAMED,1935,4,15,19350830,600,,TD,20.5N,87.0W,25,,,,,,,,,,,,,
AL,UNNAMED,1935,4,15,19350830,1200,,TD,20.5N,88.0W,25,,,,,,,,,,,,,
AL,UNNAMED,1935,4,15,19350830,1800,,TD,20.5N,89.0W,25,,,,,,,,,,,,,
AL,UNNAMED,1935,4,15,19350831,0,,TD,20.4N,90.1W,25,,,,,,,,,,,,,
AL,UNNAMED,1935,4,15,19350831,600,,TD,20.3N,91.2W,30,,,,,,,,,,,,,
AL,UNNAMED,1935,4,15,19350831,1200,,TS,20.1N,92.0W,35,,,,,,,,,,,,,
AL,UNNAMED,1935,4,15,19350831,1800,,TS,19.8N,92.7W,40,,,,,,,,,,,,,
AL,UNNAMED,1935,4,15,19350901,0,,TS,19.3N,93.3W,45,,,,,,,,,,,,,
AL,UNNAMED,1935,4,15,19350901,600,,TS,19.0N,93.9W,50,,,,,,,,,,,,,
AL,UNNAMED,1935,4,15,19350901,1200,,TS,18.8N,94.5W,50,,,,,,,,,,,,,
AL,UNNAMED,1935,4,15,19350901,1800,,TS,18.7N,95.2W,50,,,,,,,,,,,,,
AL,UNNAMED,1935,4,15,19350902,0,,TS,18.6N,96.0W,35,,,,,,,,,,,,,
AL,UNNAMED,1935,4,15,19350902,600,,TD,18.5N,96.9W,30,,,,,,,,,,,,,
AL,UNNAMED,1935,4,15,19350902,1200,,TD,18.4N,98.0W,25,,,,,,,,,,,,,
AL,UNNAMED,1935,5,39,19350923,600,,TD,14.8N,74.7W,25,,,,,,,,,,,,,
AL,UNNAMED,1935,5,39,19350923,1200,,TD,14.6N,75.0W,25,,,,,,,,,,,,,
AL,UNNAMED,1935,5,39,19350923,1800,,TD,14.4N,75.3W,30,,,,,,,,,,,,,
AL,UNNAMED,1935,5,39,19350924,0,,TS,14.2N,75.7W,35,,,,,,,,,,,,,
AL,UNNAMED,1935,5,39,19350924,600,,TS,14.1N,76.1W,40,,,,,,,,,,,,,
AL,UNNAMED,1935,5,39,19350924,1200,,TS,14.1N,76.5W,45,,,,,,,,,,,,,
AL,UNNAMED,1935,5,39,19350924,1800,,TS,14.1N,77.0W,50,,,,,,,,,,,,,
AL,UNNAMED,1935,5,39,19350925,0,,TS,14.2N,77.7W,55,,,,,,,,,,,,,
AL,UNNAMED,1935,5,39,19350925,600,,TS,14.3N,78.4W,60,,,,,,,,,,,,,
AL,UNNAMED,1935,5,39,19350925,1200,,HU,14.5N,79.0W,65,,,,,,,,,,,,,
AL,UNNAMED,1935,5,39,19350925,1800,,HU,14.7N,79.4W,70,,,,,,,,,,,,,
AL,UNNAMED,1935,5,39,19350926,0,,HU,14.9N,79.7W,75,,,,,,,,,,,,,
AL,UNNAMED,1935,5,39,19350926,600,,HU,15.1N,79.8W,80,,,,,,,,,,,,,
AL,UNNAMED,1935,5,39,19350926,1200,,HU,15.3N,79.8W,85,,,,,,,,,,,,,
AL,UNNAMED,1935,5,39,19350926,1800,,HU,15.7N,79.8W,90,,,,,,,,,,,,,
AL,UNNAMED,1935,5,39,19350927,0,,HU,16.2N,79.8W,95,,,,,,,,,,,,,
AL,UNNAMED,1935,5,39,19350927,600,,HU,16.7N,79.8W,95,,,,,,,,,,,,,
AL,UNNAMED,1935,5,39,19350927,1200,,HU,17.2N,79.8W,100,,,,,,,,,,,,,
AL,UNNAMED,1935,5,39,19350927,1800,,HU,18.0N,79.9W,100,,,,,,,,,,,,,
AL,UNNAMED,1935,5,39,19350928,0,,HU,19.2N,80.1W,105,,,,,,,,,,,,,
AL,UNNAMED,1935,5,39,19350928,600,,HU,21.4N,80.3W,105,955,,,,,,,,,,,,
AL,UNNAMED,1935,5,39,19350928,1200,,HU,22.7N,80.4W,100,,,,,,,,,,,,,
AL,UNNAMED,1935,5,39,19350928,1800,,HU,24.0N,80.2W,105,,,,,,,,,,,,,
AL,UNNAMED,1935,5,39,19350929,0,,HU,25.2N,79.6W,120,,,,,,,,,,,,,
AL,UNNAMED,1935,5,39,19350929,600,,HU,26.0N,79.0W,120,,,,,,,,,,,,,
AL,UNNAMED,1935,5,39,19350929,1200,,HU,26.7N,78.2W,115,,,,,,,,,,,,,
AL,UNNAMED,1935,5,39,19350929,1800,,HU,27.7N,77.0W,110,,,,,,,,,,,,,
AL,UNNAMED,1935,5,39,19350930,0,,HU,28.8N,75.2W,105,,,,,,,,,,,,,
AL,UNNAMED,1935,5,39,19350930,600,,HU,30.1N,72.9W,100,,,,,,,,,,,,,
AL,UNNAMED,1935,5,39,19350930,1200,,HU,31.4N,70.4W,95,,,,,,,,,,,,,
AL,UNNAMED,1935,5,39,19350930,1800,,HU,32.7N,68.4W,90,,,,,,,,,,,,,
AL,UNNAMED,1935,5,39,19351001,0,,HU,34.3N,67.0W,90,,,,,,,,,,,,,
AL,UNNAMED,1935,5,39,19351001,600,,HU,36.5N,65.5W,90,,,,,,,,,,,,,
AL,UNNAMED,1935,5,39,19351001,1200,,HU,38.8N,63.5W,85,,,,,,,,,,,,,
AL,UNNAMED,1935,5,39,19351001,1800,,HU,40.7N,61.5W,85,,,,,,,,,,,,,
AL,UNNAMED,1935,5,39,19351002,0,,HU,43.0N,59.0W,75,,,,,,,,,,,,,
AL,UNNAMED,1935,5,39,19351002,600,,EX,45.8N,56.5W,65,,,,,,,,,,,,,
AL,UNNAMED,1935,5,39,19351002,1200,,EX,48.7N,53.6W,60,,,,,,,,,,,,,
AL,UNNAMED,1935,5,39,19351002,1800,,EX,49.9N,50.5W,55,,,,,,,,,,,,,
AL,UNNAMED,1935,6,36,19351018,1200,,TD,13.2N,81.0W,25,,,,,,,,,,,,,
AL,UNNAMED,1935,6,36,19351018,1800,,TD,13.2N,80.3W,25,,,,,,,,,,,,,
AL,UNNAMED,1935,6,36,19351019,0,,TD,13.3N,79.6W,30,,,,,,,,,,,,,
AL,UNNAMED,1935,6,36,19351019,600,,TD,13.4N,79.0W,30,,,,,,,,,,,,,
AL,UNNAMED,1935,6,36,19351019,1200,,TS,13.5N,78.5W,35,,,,,,,,,,,,,
AL,UNNAMED,1935,6,36,19351019,1800,,TS,13.8N,78.3W,35,,,,,,,,,,,,,
AL,UNNAMED,1935,6,36,19351020,0,,TS,14.2N,78.2W,40,,,,,,,,,,,,,
AL,UNNAMED,1935,6,36,19351020,600,,TS,14.7N,78.1W,40,,,,,,,,,,,,,
AL,UNNAMED,1935,6,36,19351020,1200,,TS,15.2N,78.0W,40,,,,,,,,,,,,,
AL,UNNAMED,1935,6,36,19351020,1800,,TS,15.8N,77.8W,40,,,,,,,,,,,,,
AL,UNNAMED,1935,6,36,19351021,0,,TS,16.5N,77.5W,45,,,,,,,,,,,,,
AL,UNNAMED,1935,6,36,19351021,600,,TS,17.2N,77.1W,45,,,,,,,,,,,,,
AL,UNNAMED,1935,6,36,19351021,1200,,TS,17.8N,76.7W,50,995,,,,,,,,,,,,
AL,UNNAMED,1935,6,36,19351021,1800,,TS,18.3N,76.4W,55,,,,,,,,,,,,,
AL,UNNAMED,1935,6,36,19351022,0,,TS,18.8N,76.2W,60,,,,,,,,,,,,,
AL,UNNAMED,1935,6,36,19351022,600,,HU,19.3N,76.1W,65,,,,,,,,,,,,,
AL,UNNAMED,1935,6,36,19351022,1200,,HU,19.7N,76.1W,75,,,,,,,,,,,,,
AL,UNNAMED,1935,6,36,19351022,1800,,HU,19.9N,76.5W,75,,,,,,,,,,,,,
AL,UNNAMED,1935,6,36,19351023,0,,HU,19.8N,76.9W,65,,,,,,,,,,,,,
AL,UNNAMED,1935,6,36,19351023,600,,TS,19.5N,77.3W,55,,,,,,,,,,,,,
AL,UNNAMED,1935,6,36,19351023,1200,,TS,19.1N,77.8W,50,,,,,,,,,,,,,
AL,UNNAMED,1935,6,36,19351023,1800,,TS,18.7N,78.4W,50,,,,,,,,,,,,,
AL,UNNAMED,1935,6,36,19351024,0,,TS,18.3N,79.1W,55,,,,,,,,,,,,,
AL,UNNAMED,1935,6,36,19351024,600,,TS,17.9N,79.8W,60,,,,,,,,,,,,,
AL,UNNAMED,1935,6,36,19351024,1200,,TS,17.5N,80.5W,60,988,,,,,,,,,,,,
AL,UNNAMED,1935,6,36,19351024,1800,,HU,17.0N,81.1W,65,,,,,,,,,,,,,
AL,UNNAMED,1935,6,36,19351025,0,,HU,16.4N,81.6W,65,,,,,,,,,,,,,
AL,UNNAMED,1935,6,36,19351025,600,,HU,15.8N,82.2W,70,,,,,,,,,,,,,
AL,UNNAMED,1935,6,36,19351025,1200,,HU,15.3N,82.8W,75,,,,,,,,,,,,,
AL,UNNAMED,1935,6,36,19351025,1800,,TS,14.8N,83.4W,60,,,,,,,,,,,,,
AL,UNNAMED,1935,6,36,19351026,0,,TS,14.3N,84.1W,40,,,,,,,,,,,,,
AL,UNNAMED,1935,6,36,19351026,600,,TD,13.9N,84.9W,30,,,,,,,,,,,,,
AL,UNNAMED,1935,6,36,19351026,1200,,TD,13.8N,86.0W,30,,,,,,,,,,,,,
AL,UNNAMED,1935,6,36,19351026,1800,,TD,13.9N,87.2W,25,,,,,,,,,,,,,
AL,UNNAMED,1935,6,36,19351027,0,,TD,14.2N,88.4W,25,,,,,,,,,,,,,
AL,UNNAMED,1935,6,36,19351027,600,,TD,14.5N,89.6W,25,,,,,,,,,,,,,
AL,UNNAMED,1935,7,39,19351030,600,,TS,32.3N,60.9W,35,,,,,,,,,,,,,
AL,UNNAMED,1935,7,39,19351030,1200,,TS,32.5N,62.0W,35,,,,,,,,,,,,,
AL,UNNAMED,1935,7,39,19351030,1800,,TS,32.7N,63.0W,40,,,,,,,,,,,,,
AL,UNNAMED,1935,7,39,19351031,0,,TS,32.9N,64.0W,40,,,,,,,,,,,,,
AL,UNNAMED,1935,7,39,19351031,600,,TS,33.1N,65.0W,45,,,,,,,,,,,,,
AL,UNNAMED,1935,7,39,19351031,1200,,TS,33.4N,66.0W,50,,,,,,,,,,,,,
AL,UNNAMED,1935,7,39,19351031,1800,,TS,33.8N,67.1W,55,,,,,,,,,,,,,
AL,UNNAMED,1935,7,39,19351101,0,,TS,34.2N,68.2W,60,,,,,,,,,,,,,
AL,UNNAMED,1935,7,39,19351101,600,,TS,34.4N,69.3W,60,,,,,,,,,,,,,
AL,UNNAMED,1935,7,39,19351101,1200,,HU,34.5N,70.5W,65,,,,,,,,,,,,,
AL,UNNAMED,1935,7,39,19351101,1800,,HU,34.3N,71.9W,70,,,,,,,,,,,,,
AL,UNNAMED,1935,7,39,19351102,0,,HU,34.0N,73.5W,70,,,,,,,,,,,,,
AL,UNNAMED,1935,7,39,19351102,600,,HU,33.6N,74.7W,75,980,,,,,,,,,,,,
AL,UNNAMED,1935,7,39,19351102,1200,,HU,33.0N,75.5W,75,,,,,,,,,,,,,
AL,UNNAMED,1935,7,39,19351102,1800,,HU,32.0N,75.9W,80,,,,,,,,,,,,,
AL,UNNAMED,1935,7,39,19351103,0,,HU,30.8N,76.0W,85,,,,,,,,,,,,,
AL,UNNAMED,1935,7,39,19351103,600,,HU,29.4N,76.1W,90,,,,,,,,,,,,,
AL,UNNAMED,1935,7,39,19351103,1200,,HU,28.2N,76.3W,90,964,,,,,,,,,,,,
AL,UNNAMED,1935,7,39,19351103,1800,,HU,27.4N,76.7W,90,,,,,,,,,,,,,
AL,UNNAMED,1935,7,39,19351104,0,,HU,26.9N,77.3W,90,,,,,,,,,,,,,
AL,UNNAMED,1935,7,39,19351104,600,,HU,26.5N,78.0W,85,,,,,,,,,,,,,
AL,UNNAMED,1935,7,39,19351104,1200,,HU,26.2N,78.9W,85,,,,,,,,,,,,,
AL,UNNAMED,1935,7,39,19351104,1800,L,HU,25.9N,80.1W,85,973,,,,,,,,,,,,
AL,UNNAMED,1935,7,39,19351105,0,,HU,25.7N,81.3W,70,,,,,,,,,,,,,
AL,UNNAMED,1935,7,39,19351105,600,,HU,25.6N,82.2W,65,,,,,,,,,,,,,
AL,UNNAMED,1935,7,39,19351105,1200,,HU,25.5N,83.0W,65,,,,,,,,,,,,,
AL,UNNAMED,1935,7,39,19351105,1800,,HU,25.6N,83.8W,65,,,,,,,,,,,,,
AL,UNNAMED,1935,7,39,19351106,0,,TS,25.9N,84.6W,60,,,,,,,,,,,,,
AL,UNNAMED,1935,7,39,19351106,600,,TS,26.2N,85.4W,55,,,,,,,,,,,,,
AL,UNNAMED,1935,7,39,19351106,1200,,TS,26.5N,86.1W,50,,,,,,,,,,,,,
AL,UNNAMED,1935,7,39,19351106,1800,,TS,26.8N,86.7W,45,,,,,,,,,,,,,
AL,UNNAMED,1935,7,39,19351107,0,,TS,27.1N,87.0W,40,,,,,,,,,,,,,
AL,UNNAMED,1935,7,39,19351107,600,,TS,27.3N,87.2W,35,,,,,,,,,,,,,
AL,UNNAMED,1935,7,39,19351107,1200,,TS,27.5N,87.2W,35,,,,,,,,,,,,,
AL,UNNAMED,1935,7,39,19351107,1800,,TD,27.6N,86.9W,30,,,,,,,,,,,,,
AL,UNNAMED,1935,7,39,19351108,0,,TD,27.6N,86.4W,30,,,,,,,,,,,,,
AL,UNNAMED,1935,7,39,19351108,600,,TD,27.6N,85.7W,25,,,,,,,,,,,,,
AL,UNNAMED,1935,7,39,19351108,1200,,EX,27.6N,85.0W,25,,,,,,,,,,,,,
AL,UNNAMED,1935,7,39,19351108,1800,,EX,27.6N,84.3W,20,,,,,,,,,,,,,
AL,UNNAMED,1935,8,45,19351103,0,,TD,34.0N,61.5W,30,,,,,,,,,,,,,
AL,UNNAMED,1935,8,45,19351103,600,,TD,34.5N,60.5W,30,,,,,,,,,,,,,
AL,UNNAMED,1935,8,45,19351103,1200,,TD,35.0N,59.5W,30,,,,,,,,,,,,,
AL,UNNAMED,1935,8,45,19351103,1800,,TS,35.6N,58.3W,35,,,,,,,,,,,,,
AL,UNNAMED,1935,8,45,19351104,0,,TS,36.2N,57.1W,35,,,,,,,,,,,,,
AL,UNNAMED,1935,8,45,19351104,600,,TS,36.7N,56.0W,40,,,,,,,,,,,,,
AL,UNNAMED,1935,8,45,19351104,1200,,TS,37.0N,55.0W,40,,,,,,,,,,,,,
AL,UNNAMED,1935,8,45,19351104,1800,,TS,36.7N,54.4W,40,,,,,,,,,,,,,
AL,UNNAMED,1935,8,45,19351105,0,,TS,36.2N,54.1W,40,,,,,,,,,,,,,
AL,UNNAMED,1935,8,45,19351105,600,,TS,35.6N,53.9W,40,,,,,,,,,,,,,
AL,UNNAMED,1935,8,45,19351105,1200,,TS,35.0N,54.0W,40,,,,,,,,,,,,,
AL,UNNAMED,1935,8,45,19351105,1800,,TS,34.2N,54.8W,40,,,,,,,,,,,,,
AL,UNNAMED,1935,8,45,19351106,0,,TS,33.2N,55.8W,40,,,,,,,,,,,,,
AL,UNNAMED,1935,8,45,19351106,600,,TS,32.5N,57.0W,40,,,,,,,,,,,,,
AL,UNNAMED,1935,8,45,19351106,1200,,TS,32.0N,58.0W,40,,,,,,,,,,,,,
AL,UNNAMED,1935,8,45,19351106,1800,,TS,31.7N,58.8W,40,,,,,,,,,,,,,
AL,UNNAMED,1935,8,45,19351107,0,,TS,31.7N,59.6W,40,,,,,,,,,,,,,
AL,UNNAMED,1935,8,45,19351107,600,,TS,31.7N,60.3W,40,,,,,,,,,,,,,
AL,UNNAMED,1935,8,45,19351107,1200,,TS,31.5N,61.0W,40,,,,,,,,,,,,,
AL,UNNAMED,1935,8,45,19351107,1800,,TS,30.9N,61.6W,40,,,,,,,,,,,,,
AL,UNNAMED,1935,8,45,19351108,0,,TS,29.9N,62.1W,40,,,,,,,,,,,,,
AL,UNNAMED,1935,8,45,19351108,600,,TS,29.0N,62.4W,40,,,,,,,,,,,,,
AL,UNNAMED,1935,8,45,19351108,1200,,TS,28.5N,62.5W,40,,,,,,,,,,,,,
AL,UNNAMED,1935,8,45,19351108,1800,,TS,28.2N,62.4W,35,,,,,,,,,,,,,
AL,UNNAMED,1935,8,45,19351109,0,,TS,28.1N,62.2W,35,,,,,,,,,,,,,
AL,UNNAMED,1935,8,45,19351109,600,,TD,28.0N,61.9W,30,,,,,,,,,,,,,
AL,UNNAMED,1935,8,45,19351109,1200,,TD,28.0N,61.5W,30,,,,,,,,,,,,,
AL,UNNAMED,1935,8,45,19351109,1800,,TD,28.0N,60.9W,30,,,,,,,,,,,,,
AL,UNNAMED,1935,8,45,19351110,0,,TD,28.1N,60.0W,30,,,,,,,,,,,,,
AL,UNNAMED,1935,8,45,19351110,600,,TD,28.2N,59.3W,30,,,,,,,,,,,,,
AL,UNNAMED,1935,8,45,19351110,1200,,TS,28.5N,59.0W,35,,,,,,,,,,,,,
AL,UNNAMED,1935,8,45,19351110,1800,,TS,29.0N,59.2W,35,,,,,,,,,,,,,
AL,UNNAMED,1935,8,45,19351111,0,,TS,29.5N,59.7W,40,,,,,,,,,,,,,
AL,UNNAMED,1935,8,45,19351111,600,,TS,29.9N,60.5W,40,,,,,,,,,,,,,
AL,UNNAMED,1935,8,45,19351111,1200,,TS,30.0N,61.5W,40,,,,,,,,,,,,,
AL,UNNAMED,1935,8,45,19351111,1800,,TS,29.6N,62.2W,40,,,,,,,,,,,,,
AL,UNNAMED,1935,8,45,19351112,0,,TS,28.7N,62.6W,40,,,,,,,,,,,,,
AL,UNNAMED,1935,8,45,19351112,600,,TS,27.9N,62.8W,40,,,,,,,,,,,,,
AL,UNNAMED,1935,8,45,19351112,1200,,TS,27.5N,63.0W,35,,,,,,,,,,,,,
AL,UNNAMED,1935,8,45,19351112,1800,,TS,27.2N,63.2W,35,,,,,,,,,,,,,
AL,UNNAMED,1935,8,45,19351113,0,,TS,27.0N,63.4W,35,,,,,,,,,,,,,
AL,UNNAMED,1935,8,45,19351113,600,,TD,26.9N,63.6W,30,,,,,,,,,,,,,
AL,UNNAMED,1935,8,45,19351113,1200,,TD,27.0N,63.5W,30,,,,,,,,,,,,,
AL,UNNAMED,1935,8,45,19351113,1800,,TD,27.5N,63.1W,30,,,,,,,,,,,,,
AL,UNNAMED,1935,8,45,19351114,0,,TD,28.5N,62.5W,25,,,,,,,,,,,,,
AL,UNNAMED,1936,1,23,19360612,0,,TD,18.1N,87.3W,30,,,,,,,,,,,,,
AL,UNNAMED,1936,1,23,19360612,600,,TS,18.9N,86.6W,35,,,,,,,,,,,,,
AL,UNNAMED,1936,1,23,19360612,1200,,TS,19.7N,86.4W,40,,,,,,,,,,,,,
AL,UNNAMED,1936,1,23,19360612,1800,,TS,20.4N,86.5W,40,,,,,,,,,,,,,
AL,UNNAMED,1936,1,23,19360613,0,,TS,21.1N,86.6W,40,,,,,,,,,,,,,
AL,UNNAMED,1936,1,23,19360613,600,,TS,22.1N,86.7W,40,,,,,,,,,,,,,
AL,UNNAMED,1936,1,23,19360613,1200,,TS,23.2N,86.7W,40,,,,,,,,,,,,,
AL,UNNAMED,1936,1,23,19360613,1800,,TS,23.9N,86.5W,40,,,,,,,,,,,,,
AL,UNNAMED,1936,1,23,19360614,0,,TS,24.3N,86.4W,40,,,,,,,,,,,,,
AL,UNNAMED,1936,1,23,19360614,600,,TS,24.7N,86.2W,40,,,,,,,,,,,,,
AL,UNNAMED,1936,1,23,19360614,1200,,TS,25.0N,86.0W,40,,,,,,,,,,,,,
AL,UNNAMED,1936,1,23,19360614,1800,,TS,25.4N,85.3W,40,998,,,,,,,,,,,,
AL,UNNAMED,1936,1,23,19360615,0,,TS,25.8N,84.0W,40,,,,,,,,,,,,,
AL,UNNAMED,1936,1,23,19360615,600,,TS,26.0N,82.3W,40,,,,,,,,,,,,,
AL,UNNAMED,1936,1,23,19360615,800,L,TS,25.9N,81.7W,40,,,,,,,,,,,,,
AL,UNNAMED,1936,1,23,19360615,1200,,TS,25.8N,80.5W,40,1002,,,,,,,,,,,,
AL,UNNAMED,1936,1,23,19360615,1800,,TS,26.1N,78.2W,40,,,,,,,,,,,,,
AL,UNNAMED,1936,1,23,19360616,0,,TS,27.1N,75.7W,40,,,,,,,,,,,,,
AL,UNNAMED,1936,1,23,19360616,600,,TS,28.1N,73.0W,40,,,,,,,,,,,,,
AL,UNNAMED,1936,1,23,19360616,1200,,TS,29.5N,70.2W,40,996,,,,,,,,,,,,
AL,UNNAMED,1936,1,23,19360616,1800,,TS,31.1N,67.5W,40,,,,,,,,,,,,,
AL,UNNAMED,1936,1,23,19360617,0,,TS,32.9N,65.2W,40,,,,,,,,,,,,,
AL,UNNAMED,1936,1,23,19360617,600,,TS,35.0N,63.2W,40,,,,,,,,,,,,,
AL,UNNAMED,1936,2,13,19360619,600,,TD,22.3N,90.4W,30,,,,,,,,,,,,,
AL,UNNAMED,1936,2,13,19360619,1200,,TS,22.7N,90.8W,35,,,,,,,,,,,,,
AL,UNNAMED,1936,2,13,19360619,1800,,TS,23.2N,91.1W,40,,,,,,,,,,,,,
AL,UNNAMED,1936,2,13,19360620,0,,TS,23.8N,91.4W,45,1000,,,,,,,,,,,,
AL,UNNAMED,1936,2,13,19360620,600,,TS,24.2N,91.9W,45,,,,,,,,,,,,,
AL,UNNAMED,1936,2,13,19360620,1200,,TS,24.6N,92.7W,45,,,,,,,,,,,,,
AL,UNNAMED,1936,2,13,19360620,1800,,TS,25.0N,93.9W,45,,,,,,,,,,,,,
AL,UNNAMED,1936,2,13,19360621,0,,TS,24.8N,94.9W,45,,,,,,,,,,,,,
AL,UNNAMED,1936,2,13,19360621,600,,TS,24.4N,95.9W,45,,,,,,,,,,,,,
AL,UNNAMED,1936,2,13,19360621,1200,,TS,24.1N,96.9W,45,,,,,,,,,,,,,
AL,UNNAMED,1936,2,13,19360621,1800,,TS,23.8N,97.7W,45,,,,,,,,,,,,,
AL,UNNAMED,1936,2,13,19360622,0,,TS,23.6N,98.3W,35,,,,,,,,,,,,,
AL,UNNAMED,1936,2,13,19360622,600,,TD,23.4N,98.9W,25,,,,,,,,,,,,,
AL,UNNAMED,1936,3,8,19360626,1800,,TS,26.2N,95.5W,40,,,,,,,,,,,,,
AL,UNNAMED,1936,3,8,19360627,0,,TS,26.6N,95.8W,50,,,,,,,,,,,,,
AL,UNNAMED,1936,3,8,19360627,600,,TS,27.0N,96.2W,60,,,,,,,,,,,,,
AL,UNNAMED,1936,3,8,19360627,1200,,HU,27.5N,96.6W,70,987,,,,,,,,,,,,
AL,UNNAMED,1936,3,8,19360627,1600,L,HU,27.9N,97.0W,70,987,,,,,,,,,,,,
AL,UNNAMED,1936,3,8,19360627,1800,,TS,28.1N,97.3W,60,,,,,,,,,,,,,
AL,UNNAMED,1936,3,8,19360628,0,,TS,28.6N,98.0W,45,,,,,,,,,,,,,
AL,UNNAMED,1936,3,8,19360628,600,,TD,29.1N,98.6W,30,,,,,,,,,,,,,
AL,UNNAMED,1936,4,10,19360726,600,,TD,23.2N,84.5W,25,,,,,,,,,,,,,
AL,UNNAMED,1936,4,10,19360726,1200,,TD,24.0N,86.0W,25,,,,,,,,,,,,,
AL,UNNAMED,1936,4,10,19360726,1800,,TD,25.0N,87.5W,30,,,,,,,,,,,,,
AL,UNNAMED,1936,4,10,19360727,0,,TS,26.0N,89.0W,35,,,,,,,,,,,,,
AL,UNNAMED,1936,4,10,19360727,600,,TS,27.2N,89.7W,40,,,,,,,,,,,,,
AL,UNNAMED,1936,4,10,19360727,1200,,TS,28.4N,90.1W,40,,,,,,,,,,,,,
AL,UNNAMED,1936,4,10,19360727,1600,L,TS,29.1N,90.2W,40,,,,,,,,,,,,,
AL,UNNAMED,1936,4,10,19360727,1800,,TS,29.5N,90.2W,40,,,,,,,,,,,,,
AL,UNNAMED,1936,4,10,19360728,0,,TS,30.4N,90.2W,35,,,,,,,,,,,,,
AL,UNNAMED,1936,4,10,19360728,600,,TD,31.1N,89.9W,25,,,,,,,,,,,,,
AL,UNNAMED,1936,5,24,19360727,600,,TD,23.6N,74.0W,30,,,,,,,,,,,,,
AL,UNNAMED,1936,5,24,19360727,1200,,TD,23.8N,74.9W,30,,,,,,,,,,,,,
AL,UNNAMED,1936,5,24,19360727,1800,,TS,24.0N,75.8W,35,,,,,,,,,,,,,
AL,UNNAMED,1936,5,24,19360728,0,,TS,24.2N,76.7W,35,,,,,,,,,,,,,
AL,UNNAMED,1936,5,24,19360728,600,,TS,24.4N,77.7W,40,,,,,,,,,,,,,
AL,UNNAMED,1936,5,24,19360728,1200,,TS,24.7N,78.7W,45,,,,,,,,,,,,,
AL,UNNAMED,1936,5,24,19360728,1800,,TS,24.9N,79.4W,50,,,,,,,,,,,,,
AL,UNNAMED,1936,5,24,19360729,0,,TS,25.2N,80.1W,55,995,,,,,,,,,,,,
AL,UNNAMED,1936,5,24,19360729,200,L,TS,25.3N,80.3W,55,995,,,,,,,,,,,,
AL,UNNAMED,1936,5,24,19360729,600,,TS,25.6N,81.0W,50,,,,,,,,,,,,,
AL,UNNAMED,1936,5,24,19360729,1200,,TS,26.0N,81.9W,55,,,,,,,,,,,,,
AL,UNNAMED,1936,5,24,19360729,1800,,TS,26.4N,82.8W,55,,,,,,,,,,,,,
AL,UNNAMED,1936,5,24,19360730,0,,TS,26.8N,83.6W,60,,,,,,,,,,,,,
AL,UNNAMED,1936,5,24,19360730,600,,TS,27.3N,84.3W,60,,,,,,,,,,,,,
AL,UNNAMED,1936,5,24,19360730,1200,,HU,27.8N,85.0W,65,,,,,,,,,,,,,
AL,UNNAMED,1936,5,24,19360730,1800,,HU,28.3N,85.5W,70,,,,,,,,,,,,,
AL,UNNAMED,1936,5,24,19360731,0,,HU,28.9N,85.9W,80,,,,,,,,,,,,,
AL,UNNAMED,1936,5,24,19360731,600,,HU,29.5N,86.2W,85,,,,,,,,,,,,,
AL,UNNAMED,1936,5,24,19360731,1200,,HU,30.1N,86.5W,90,964,,,,,,,,,,,,
AL,UNNAMED,1936,5,24,19360731,1400,L,HU,30.4N,86.6W,90,964,,,,,,,,,,,,
AL,UNNAMED,1936,5,24,19360731,1800,,HU,30.8N,86.9W,70,,,,,,,,,,,,,
AL,UNNAMED,1936,5,24,19360801,0,,TS,31.4N,87.3W,50,,,,,,,,,,,,,
AL,UNNAMED,1936,5,24,19360801,600,,TS,31.8N,87.7W,40,,,,,,,,,,,,,
AL,UNNAMED,1936,5,24,19360801,1200,,TD,32.0N,88.0W,30,,,,,,,,,,,,,
AL,UNNAMED,1936,6,31,19360804,600,,TD,18.8N,60.0W,30,,,,,,,,,,,,,
AL,UNNAMED,1936,6,31,19360804,1200,,TD,19.7N,61.2W,30,,,,,,,,,,,,,
AL,UNNAMED,1936,6,31,19360804,1800,,TD,20.5N,62.3W,30,,,,,,,,,,,,,
AL,UNNAMED,1936,6,31,19360805,0,,TD,21.3N,63.4W,30,,,,,,,,,,,,,
AL,UNNAMED,1936,6,31,19360805,600,,TD,22.0N,64.6W,30,,,,,,,,,,,,,
AL,UNNAMED,1936,6,31,19360805,1200,,TD,22.7N,65.7W,30,,,,,,,,,,,,,
AL,UNNAMED,1936,6,31,19360805,1800,,TD,23.1N,66.6W,30,,,,,,,,,,,,,
AL,UNNAMED,1936,6,31,19360806,0,,TD,23.4N,67.4W,30,,,,,,,,,,,,,
AL,UNNAMED,1936,6,31,19360806,600,,TD,23.7N,68.1W,30,,,,,,,,,,,,,
AL,UNNAMED,1936,6,31,19360806,1200,,TD,24.2N,68.8W,30,,,,,,,,,,,,,
AL,UNNAMED,1936,6,31,19360806,1800,,TS,25.1N,69.5W,35,,,,,,,,,,,,,
AL,UNNAMED,1936,6,31,19360807,0,,TS,26.1N,70.0W,35,,,,,,,,,,,,,
AL,UNNAMED,1936,6,31,19360807,600,,TS,27.1N,70.4W,35,,,,,,,,,,,,,
AL,UNNAMED,1936,6,31,19360807,1200,,TS,28.0N,70.5W,35,,,,,,,,,,,,,
AL,UNNAMED,1936,6,31,19360807,1800,,TS,28.6N,70.3W,35,,,,,,,,,,,,,
AL,UNNAMED,1936,6,31,19360808,0,,TS,29.1N,70.0W,35,,,,,,,,,,,,,
AL,UNNAMED,1936,6,31,19360808,600,,TS,29.6N,69.6W,35,,,,,,,,,,,,,
AL,UNNAMED,1936,6,31,19360808,1200,,TS,30.1N,69.1W,35,,,,,,,,,,,,,
AL,UNNAMED,1936,6,31,19360808,1800,,TS,30.8N,68.4W,35,,,,,,,,,,,,,
AL,UNNAMED,1936,6,31,19360809,0,,TS,31.6N,67.6W,35,,,,,,,,,,,,,
AL,UNNAMED,1936,6,31,19360809,600,,TS,32.5N,66.8W,35,,,,,,,,,,,,,
AL,UNNAMED,1936,6,31,19360809,1200,,TS,33.5N,65.9W,35,,,,,,,,,,,,,
AL,UNNAMED,1936,6,31,19360809,1800,,TS,34.7N,64.8W,35,,,,,,,,,,,,,
AL,UNNAMED,1936,6,31,19360810,0,,EX,36.4N,63.5W,35,,,,,,,,,,,,,
AL,UNNAMED,1936,6,31,19360810,600,,EX,38.5N,62.1W,35,,,,,,,,,,,,,
AL,UNNAMED,1936,6,31,19360810,1200,,EX,40.8N,60.6W,40,,,,,,,,,,,,,
AL,UNNAMED,1936,6,31,19360810,1800,,EX,43.3N,58.6W,45,,,,,,,,,,,,,
AL,UNNAMED,1936,6,31,19360811,0,,EX,46.0N,55.5W,40,,,,,,,,,,,,,
AL,UNNAMED,1936,6,31,19360811,600,,EX,48.7N,52.0W,40,,,,,,,,,,,,,
AL,UNNAMED,1936,6,31,19360811,1200,,EX,51.5N,47.5W,40,,,,,,,,,,,,,
AL,UNNAMED,1936,6,31,19360811,1800,,EX,54.5N,42.5W,35,,,,,,,,,,,,,
AL,UNNAMED,1936,7,21,19360807,1800,,TD,26.6N,87.7W,30,,,,,,,,,,,,,
AL,UNNAMED,1936,7,21,19360808,0,,TD,26.9N,88.1W,30,1009,,,,,,,,,,,,
AL,UNNAMED,1936,7,21,19360808,600,,TD,27.0N,88.4W,25,,,,,,,,,,,,,
AL,UNNAMED,1936,7,21,19360808,1200,,TD,27.1N,88.7W,25,,,,,,,,,,,,,
AL,UNNAMED,1936,7,21,19360808,1800,,TD,27.4N,89.2W,25,,,,,,,,,,,,,
AL,UNNAMED,1936,7,21,19360809,0,,TD,27.8N,89.9W,30,,,,,,,,,,,,,
AL,UNNAMED,1936,7,21,19360809,600,,TD,28.1N,90.7W,30,,,,,,,,,,,,,
AL,UNNAMED,1936,7,21,19360809,1200,,TS,28.4N,91.4W,35,,,,,,,,,,,,,
AL,UNNAMED,1936,7,21,19360809,1800,,TS,28.5N,91.9W,35,,,,,,,,,,,,,
AL,UNNAMED,1936,7,21,19360810,0,,TS,28.3N,92.4W,35,,,,,,,,,,,,,
AL,UNNAMED,1936,7,21,19360810,600,,TS,28.1N,92.9W,35,,,,,,,,,,,,,
AL,UNNAMED,1936,7,21,19360810,1200,,TS,27.8N,93.3W,35,,,,,,,,,,,,,
AL,UNNAMED,1936,7,21,19360810,1800,,TS,27.4N,93.7W,35,,,,,,,,,,,,,
AL,UNNAMED,1936,7,21,19360811,0,,TS,26.8N,94.1W,35,,,,,,,,,,,,,
AL,UNNAMED,1936,7,21,19360811,600,,TS,26.3N,94.6W,35,,,,,,,,,,,,,
AL,UNNAMED,1936,7,21,19360811,1200,,TS,25.7N,95.2W,35,,,,,,,,,,,,,
AL,UNNAMED,1936,7,21,19360811,1800,,TS,25.1N,95.8W,35,,,,,,,,,,,,,
AL,UNNAMED,1936,7,21,19360812,0,,TS,24.4N,96.5W,35,,,,,,,,,,,,,
AL,UNNAMED,1936,7,21,19360812,600,,TS,23.7N,97.2W,35,,,,,,,,,,,,,
AL,UNNAMED,1936,7,21,19360812,1200,,TS,23.0N,97.9W,35,,,,,,,,,,,,,
AL,UNNAMED,1936,7,21,19360812,1800,,TD,22.4N,98.6W,25,,,,,,,,,,,,,
AL,UNNAMED,1936,8,20,19360815,600,,TS,20.6N,86.8W,35,,,,,,,,,,,,,
AL,UNNAMED,1936,8,20,19360815,1200,,TS,21.5N,87.2W,35,,,,,,,,,,,,,
AL,UNNAMED,1936,8,20,19360815,1800,,TS,22.4N,87.7W,40,,,,,,,,,,,,,
AL,UNNAMED,1936,8,20,19360816,0,,TS,23.3N,88.3W,50,999,,,,,,,,,,,,
AL,UNNAMED,1936,8,20,19360816,600,,TS,23.7N,89.2W,55,,,,,,,,,,,,,
AL,UNNAMED,1936,8,20,19360816,1200,,TS,24.0N,90.1W,60,,,,,,,,,,,,,
AL,UNNAMED,1936,8,20,19360816,1800,,HU,24.3N,91.0W,65,,,,,,,,,,,,,
AL,UNNAMED,1936,8,20,19360817,0,,HU,24.5N,91.9W,65,,,,,,,,,,,,,
AL,UNNAMED,1936,8,20,19360817,600,,HU,24.5N,92.8W,65,,,,,,,,,,,,,
AL,UNNAMED,1936,8,20,19360817,1200,,HU,24.4N,93.7W,65,,,,,,,,,,,,,
AL,UNNAMED,1936,8,20,19360817,1800,,HU,24.3N,94.5W,65,,,,,,,,,,,,,
AL,UNNAMED,1936,8,20,19360818,0,,HU,24.0N,95.0W,65,,,,,,,,,,,,,
AL,UNNAMED,1936,8,20,19360818,600,,HU,23.7N,95.5W,65,,,,,,,,,,,,,
AL,UNNAMED,1936,8,20,19360818,1200,,HU,23.4N,96.0W,65,,,,,,,,,,,,,
AL,UNNAMED,1936,8,20,19360818,1800,,HU,23.2N,96.5W,65,,,,,,,,,,,,,
AL,UNNAMED,1936,8,20,19360819,0,,HU,23.0N,97.0W,65,,,,,,,,,,,,,
AL,UNNAMED,1936,8,20,19360819,600,,HU,22.8N,97.4W,65,,,,,,,,,,,,,
AL,UNNAMED,1936,8,20,19360819,1200,,HU,22.5N,97.8W,65,,,,,,,,,,,,,
AL,UNNAMED,1936,8,20,19360819,1800,,TS,22.2N,98.4W,45,,,,,,,,,,,,,
AL,UNNAMED,1936,8,20,19360820,0,,TD,22.0N,98.9W,30,,,,,,,,,,,,,
AL,UNNAMED,1936,9,14,19360820,600,,TD,25.5N,76.3W,25,,,,,,,,,,,,,
AL,UNNAMED,1936,9,14,19360820,1200,,TD,26.0N,76.7W,25,,,,,,,,,,,,,
AL,UNNAMED,1936,9,14,19360820,1800,,TD,26.5N,77.1W,30,,,,,,,,,,,,,
AL,UNNAMED,1936,9,14,19360821,0,,TS,27.0N,77.5W,35,,,,,,,,,,,,,
AL,UNNAMED,1936,9,14,19360821,600,,TS,27.5N,77.9W,40,,,,,,,,,,,,,
AL,UNNAMED,1936,9,14,19360821,1200,,TS,28.0N,78.5W,45,,,,,,,,,,,,,
AL,UNNAMED,1936,9,14,19360821,1800,,TS,28.5N,79.9W,50,,,,,,,,,,,,,
AL,UNNAMED,1936,9,14,19360821,2200,L,TS,28.9N,80.8W,50,,,,,,,,,,,,,
AL,UNNAMED,1936,9,14,19360822,0,,TS,29.2N,81.5W,45,,,,,,,,,,,,,
AL,UNNAMED,1936,9,14,19360822,600,,TS,29.9N,83.2W,35,,,,,,,,,,,,,
AL,UNNAMED,1936,9,14,19360822,1200,,TD,30.3N,84.9W,30,,,,,,,,,,,,,
AL,UNNAMED,1936,9,14,19360822,1800,,TD,30.4N,86.6W,25,,,,,,,,,,,,,
AL,UNNAMED,1936,9,14,19360823,0,,TD,30.4N,88.3W,25,,,,,,,,,,,,,
AL,UNNAMED,1936,9,14,19360823,600,,TD,30.3N,90.0W,25,,,,,,,,,,,,,
AL,UNNAMED,1936,10,49,19360825,1800,,TD,13.3N,25.5W,30,,,,,,,,,,,,,
AL,UNNAMED,1936,10,49,19360826,0,,TD,13.6N,27.0W,30,,,,,,,,,,,,,
AL,UNNAMED,1936,10,49,19360826,600,,TS,13.9N,28.5W,35,,,,,,,,,,,,,
AL,UNNAMED,1936,10,49,19360826,1200,,TS,14.2N,30.0W,35,,,,,,,,,,,,,
AL,UNNAMED,1936,10,49,19360826,1800,,TS,14.5N,31.5W,40,,,,,,,,,,,,,
AL,UNNAMED,1936,10,49,19360827,0,,TS,14.9N,33.0W,40,,,,,,,,,,,,,
AL,UNNAMED,1936,10,49,19360827,600,,TS,15.3N,34.5W,45,,,,,,,,,,,,,
AL,UNNAMED,1936,10,49,19360827,1200,,TS,15.7N,36.0W,45,,,,,,,,,,,,,
AL,UNNAMED,1936,10,49,19360827,1800,,TS,16.1N,37.5W,50,,,,,,,,,,,,,
AL,UNNAMED,1936,10,49,19360828,0,,TS,16.5N,39.0W,55,,,,,,,,,,,,,
AL,UNNAMED,1936,10,49,19360828,600,,TS,16.9N,40.5W,60,,,,,,,,,,,,,
AL,UNNAMED,1936,10,49,19360828,1200,,TS,17.2N,42.0W,60,,,,,,,,,,,,,
AL,UNNAMED,1936,10,49,19360828,1800,,HU,17.5N,43.2W,65,,,,,,,,,,,,,
AL,UNNAMED,1936,10,49,19360829,0,,HU,17.7N,44.2W,70,,,,,,,,,,,,,
AL,UNNAMED,1936,10,49,19360829,600,,HU,18.0N,45.1W,75,,,,,,,,,,,,,
AL,UNNAMED,1936,10,49,19360829,1200,,HU,18.3N,46.0W,75,,,,,,,,,,,,,
AL,UNNAMED,1936,10,49,19360829,1800,,HU,18.6N,46.9W,75,,,,,,,,,,,,,
AL,UNNAMED,1936,10,49,19360830,0,,HU,18.9N,47.8W,80,,,,,,,,,,,,,
AL,UNNAMED,1936,10,49,19360830,600,,HU,19.2N,48.7W,80,,,,,,,,,,,,,
AL,UNNAMED,1936,10,49,19360830,1200,,HU,19.6N,49.6W,80,,,,,,,,,,,,,
AL,UNNAMED,1936,10,49,19360830,1800,,HU,20.2N,50.5W,80,,,,,,,,,,,,,
AL,UNNAMED,1936,10,49,19360831,0,,HU,21.0N,51.4W,85,,,,,,,,,,,,,
AL,UNNAMED,1936,10,49,19360831,600,,HU,21.9N,52.3W,85,,,,,,,,,,,,,
AL,UNNAMED,1936,10,49,19360831,1200,,HU,22.8N,53.2W,85,,,,,,,,,,,,,
AL,UNNAMED,1936,10,49,19360831,1800,,HU,23.6N,54.2W,90,,,,,,,,,,,,,
AL,UNNAMED,1936,10,49,19360901,0,,HU,24.4N,55.2W,90,,,,,,,,,,,,,
AL,UNNAMED,1936,10,49,19360901,600,,HU,25.3N,56.1W,90,,,,,,,,,,,,,
AL,UNNAMED,1936,10,49,19360901,1200,,HU,26.2N,57.0W,90,,,,,,,,,,,,,
AL,UNNAMED,1936,10,49,19360901,1800,,HU,27.2N,57.7W,95,,,,,,,,,,,,,
AL,UNNAMED,1936,10,49,19360902,0,,HU,28.2N,58.3W,95,,,,,,,,,,,,,
AL,UNNAMED,1936,10,49,19360902,600,,HU,29.2N,58.3W,95,,,,,,,,,,,,,
AL,UNNAMED,1936,10,49,19360902,1200,,HU,30.2N,58.0W,95,,,,,,,,,,,,,
AL,UNNAMED,1936,10,49,19360902,1800,,HU,31.5N,57.3W,95,,,,,,,,,,,,,
AL,UNNAMED,1936,10,49,19360903,0,,HU,33.2N,55.9W,95,,,,,,,,,,,,,
AL,UNNAMED,1936,10,49,19360903,600,,HU,35.0N,54.4W,95,,,,,,,,,,,,,
AL,UNNAMED,1936,10,49,19360903,1200,,HU,36.0N,52.5W,95,,,,,,,,,,,,,
AL,UNNAMED,1936,10,49,19360903,1800,,HU,37.0N,50.8W,95,,,,,,,,,,,,,
AL,UNNAMED,1936,10,49,19360904,0,,HU,38.0N,49.2W,95,,,,,,,,,,,,,
AL,UNNAMED,1936,10,49,19360904,600,,HU,39.1N,47.6W,95,,,,,,,,,,,,,
AL,UNNAMED,1936,10,49,19360904,1200,,HU,40.2N,46.0W,95,,,,,,,,,,,,,
AL,UNNAMED,1936,10,49,19360904,1800,,HU,41.2N,44.3W,90,,,,,,,,,,,,,
AL,UNNAMED,1936,10,49,19360905,0,,HU,42.1N,42.3W,90,,,,,,,,,,,,,
AL,UNNAMED,1936,10,49,19360905,600,,HU,43.1N,39.8W,85,,,,,,,,,,,,,
AL,UNNAMED,1936,10,49,19360905,1200,,HU,44.6N,37.2W,80,,,,,,,,,,,,,
AL,UNNAMED,1936,10,49,19360905,1800,,HU,46.1N,34.3W,75,,,,,,,,,,,,,
AL,UNNAMED,1936,10,49,19360906,0,,EX,47.6N,29.3W,70,,,,,,,,,,,,,
AL,UNNAMED,1936,10,49,19360906,600,,EX,48.8N,23.3W,60,,,,,,,,,,,,,
AL,UNNAMED,1936,10,49,19360906,1200,,EX,50.1N,17.5W,60,,,,,,,,,,,,,
AL,UNNAMED,1936,10,49,19360906,1800,,EX,51.5N,12.5W,55,,,,,,,,,,,,,
AL,UNNAMED,1936,11,13,19360828,0,,TD,18.1N,86.2W,30,,,,,,,,,,,,,
AL,UNNAMED,1936,11,13,19360828,600,,TS,18.7N,87.3W,40,,,,,,,,,,,,,
AL,UNNAMED,1936,11,13,19360828,1200,,TS,19.3N,88.3W,35,,,,,,,,,,,,,
AL,UNNAMED,1936,11,13,19360828,1800,,TD,19.7N,89.3W,30,,,,,,,,,,,,,
AL,UNNAMED,1936,11,13,19360829,0,,TD,20.2N,90.4W,30,,,,,,,,,,,,,
AL,UNNAMED,1936,11,13,19360829,600,,TS,20.8N,91.6W,40,,,,,,,,,,,,,
AL,UNNAMED,1936,11,13,19360829,1200,,TS,21.4N,92.9W,50,,,,,,,,,,,,,
AL,UNNAMED,1936,11,13,19360829,1800,,TS,21.6N,94.1W,60,,,,,,,,,,,,,
AL,UNNAMED,1936,11,13,19360830,0,,HU,21.6N,95.1W,70,,,,,,,,,,,,,
AL,UNNAMED,1936,11,13,19360830,600,,HU,21.4N,96.0W,70,,,,,,,,,,,,,
AL,UNNAMED,1936,11,13,19360830,1200,,HU,21.0N,96.9W,70,,,,,,,,,,,,,
AL,UNNAMED,1936,11,13,19360830,1800,,TS,20.5N,97.7W,45,,,,,,,,,,,,,
AL,UNNAMED,1936,11,13,19360831,0,,TD,20.0N,98.5W,30,,,,,,,,,,,,,
AL,UNNAMED,1936,12,5,19360907,600,,TS,20.8N,57.8W,35,,,,,,,,,,,,,
AL,UNNAMED,1936,12,5,19360907,1200,,TS,20.9N,59.3W,35,,,,,,,,,,,,,
AL,UNNAMED,1936,12,5,19360907,1800,,TS,21.0N,60.7W,35,,,,,,,,,,,,,
AL,UNNAMED,1936,12,5,19360908,0,,TS,21.1N,62.0W,35,,,,,,,,,,,,,
AL,UNNAMED,1936,12,5,19360908,600,,TD,21.2N,63.2W,30,,,,,,,,,,,,,
AL,UNNAMED,1936,13,71,19360908,600,,TD,13.1N,48.5W,30,,,,,,,,,,,,,
AL,UNNAMED,1936,13,71,19360908,1200,,TD,13.6N,49.1W,30,,,,,,,,,,,,,
AL,UNNAMED,1936,13,71,19360908,1800,,TS,14.1N,49.8W,35,,,,,,,,,,,,,
AL,UNNAMED,1936,13,71,19360909,0,,TS,14.6N,50.4W,35,,,,,,,,,,,,,
AL,UNNAMED,1936,13,71,19360909,600,,TS,15.0N,51.0W,40,,,,,,,,,,,,,
AL,UNNAMED,1936,13,71,19360909,1200,,TS,15.4N,51.7W,40,,,,,,,,,,,,,
AL,UNNAMED,1936,13,71,19360909,1800,,TS,16.0N,52.4W,40,,,,,,,,,,,,,
AL,UNNAMED,1936,13,71,19360910,0,,TS,16.6N,53.1W,45,,,,,,,,,,,,,
AL,UNNAMED,1936,13,71,19360910,600,,TS,17.2N,53.8W,45,,,,,,,,,,,,,
AL,UNNAMED,1936,13,71,19360910,1200,,TS,17.8N,54.6W,50,,,,,,,,,,,,,
AL,UNNAMED,1936,13,71,19360910,1800,,TS,18.1N,55.5W,50,,,,,,,,,,,,,
AL,UNNAMED,1936,13,71,19360911,0,,TS,18.4N,56.3W,55,,,,,,,,,,,,,
AL,UNNAMED,1936,13,71,19360911,600,,TS,18.7N,57.2W,55,,,,,,,,,,,,,
AL,UNNAMED,1936,13,71,19360911,1200,,TS,19.0N,58.0W,60,,,,,,,,,,,,,
AL,UNNAMED,1936,13,71,19360911,1800,,TS,19.3N,58.6W,60,,,,,,,,,,,,,
AL,UNNAMED,1936,13,71,19360912,0,,HU,19.6N,59.1W,65,,,,,,,,,,,,,
AL,UNNAMED,1936,13,71,19360912,600,,HU,19.9N,59.4W,65,,,,,,,,,,,,,
AL,UNNAMED,1936,13,71,19360912,1200,,HU,20.2N,59.6W,65,,,,,,,,,,,,,
AL,UNNAMED,1936,13,71,19360912,1800,,HU,20.6N,59.9W,65,,,,,,,,,,,,,
AL,UNNAMED,1936,13,71,19360913,0,,HU,21.1N,60.1W,70,,,,,,,,,,,,,
AL,UNNAMED,1936,13,71,19360913,600,,HU,21.7N,60.3W,70,,,,,,,,,,,,,
AL,UNNAMED,1936,13,71,19360913,1200,,HU,22.4N,60.5W,70,,,,,,,,,,,,,
AL,UNNAMED,1936,13,71,19360913,1800,,HU,23.1N,60.7W,75,,,,,,,,,,,,,
AL,UNNAMED,1936,13,71,19360914,0,,HU,23.7N,61.0W,75,,,,,,,,,,,,,
AL,UNNAMED,1936,13,71,19360914,600,,HU,24.4N,61.5W,80,,,,,,,,,,,,,
AL,UNNAMED,1936,13,71,19360914,1200,,HU,25.0N,62.0W,85,,,,,,,,,,,,,
AL,UNNAMED,1936,13,71,19360914,1800,,HU,25.3N,62.4W,90,,,,,,,,,,,,,
AL,UNNAMED,1936,13,71,19360915,0,,HU,25.6N,62.9W,90,,,,,,,,,,,,,
AL,UNNAMED,1936,13,71,19360915,600,,HU,25.9N,63.4W,95,,,,,,,,,,,,,
AL,UNNAMED,1936,13,71,19360915,1200,,HU,26.2N,64.0W,100,,,,,,,,,,,,,
AL,UNNAMED,1936,13,71,19360915,1800,,HU,26.8N,64.9W,105,,,,,,,,,,,,,
AL,UNNAMED,1936,13,71,19360916,0,,HU,27.6N,65.9W,105,,,,,,,,,,,,,
AL,UNNAMED,1936,13,71,19360916,600,,HU,28.4N,66.9W,105,,,,,,,,,,,,,
AL,UNNAMED,1936,13,71,19360916,1200,,HU,29.1N,68.0W,105,,,,,,,,,,,,,
AL,UNNAMED,1936,13,71,19360916,1800,,HU,29.8N,69.0W,100,,,,,,,,,,,,,
AL,UNNAMED,1936,13,71,19360917,0,,HU,30.7N,70.2W,100,,,,,,,,,,,,,
AL,UNNAMED,1936,13,71,19360917,600,,HU,31.6N,71.4W,100,,,,,,,,,,,,,
AL,UNNAMED,1936,13,71,19360917,1200,,HU,32.4N,72.5W,95,,,,,,,,,,,,,
AL,UNNAMED,1936,13,71,19360917,1800,,HU,33.2N,73.4W,95,,,,,,,,,,,,,
AL,UNNAMED,1936,13,71,19360918,0,,HU,34.1N,74.1W,90,,,,,,,,,,,,,
AL,UNNAMED,1936,13,71,19360918,600,,HU,35.0N,74.5W,85,962,,,,,,,,,,,,
AL,UNNAMED,1936,13,71,19360918,1200,,HU,35.9N,74.8W,85,965,,,,,,,,,,,,
AL,UNNAMED,1936,13,71,19360918,1800,,HU,37.1N,74.8W,80,968,,,,,,,,,,,,
AL,UNNAMED,1936,13,71,19360919,0,,HU,38.3N,73.8W,80,969,,,,,,,,,,,,
AL,UNNAMED,1936,13,71,19360919,600,,HU,39.8N,72.1W,75,,,,,,,,,,,,,
AL,UNNAMED,1936,13,71,19360919,1200,,EX,41.2N,69.0W,75,,,,,,,,,,,,,
AL,UNNAMED,1936,13,71,19360919,1800,,EX,42.2N,65.4W,75,,,,,,,,,,,,,
AL,UNNAMED,1936,13,71,19360920,0,,EX,43.0N,61.4W,70,,,,,,,,,,,,,
AL,UNNAMED,1936,13,71,19360920,600,,EX,43.6N,57.1W,65,,,,,,,,,,,,,
AL,UNNAMED,1936,13,71,19360920,1200,,EX,44.1N,52.9W,65,,,,,,,,,,,,,
AL,UNNAMED,1936,13,71,19360920,1800,,EX,44.6N,49.6W,65,,,,,,,,,,,,,
AL,UNNAMED,1936,13,71,19360921,0,,EX,45.2N,47.0W,65,,,,,,,,,,,,,
AL,UNNAMED,1936,13,71,19360921,600,,EX,45.6N,44.0W,65,,,,,,,,,,,,,
AL,UNNAMED,1936,13,71,19360921,1200,,EX,46.0N,41.5W,70,,,,,,,,,,,,,
AL,UNNAMED,1936,13,71,19360921,1800,,EX,46.2N,39.7W,70,,,,,,,,,,,,,
AL,UNNAMED,1936,13,71,19360922,0,,EX,46.3N,38.2W,65,,,,,,,,,,,,,
AL,UNNAMED,1936,13,71,19360922,600,,EX,46.7N,36.1W,60,,,,,,,,,,,,,
AL,UNNAMED,1936,13,71,19360922,1200,,EX,47.2N,34.6W,55,,,,,,,,,,,,,
AL,UNNAMED,1936,13,71,19360922,1800,,EX,47.9N,33.7W,55,,,,,,,,,,,,,
AL,UNNAMED,1936,13,71,19360923,0,,EX,48.8N,32.9W,50,,,,,,,,,,,,,
AL,UNNAMED,1936,13,71,19360923,600,,EX,50.0N,32.2W,50,,,,,,,,,,,,,
AL,UNNAMED,1936,13,71,19360923,1200,,EX,51.2N,31.4W,50,,,,,,,,,,,,,
AL,UNNAMED,1936,13,71,19360923,1800,,EX,51.8N,30.5W,50,,,,,,,,,,,,,
AL,UNNAMED,1936,13,71,19360924,0,,EX,52.1N,29.6W,50,,,,,,,,,,,,,
AL,UNNAMED,1936,13,71,19360924,600,,EX,52.4N,29.0W,50,,,,,,,,,,,,,
AL,UNNAMED,1936,13,71,19360924,1200,,EX,52.6N,28.3W,45,,,,,,,,,,,,,
AL,UNNAMED,1936,13,71,19360924,1800,,EX,52.7N,27.7W,45,,,,,,,,,,,,,
AL,UNNAMED,1936,13,71,19360925,0,,EX,52.5N,27.1W,40,,,,,,,,,,,,,
AL,UNNAMED,1936,13,71,19360925,600,,EX,52.3N,26.6W,40,,,,,,,,,,,,,
AL,UNNAMED,1936,13,71,19360925,1200,,EX,52.2N,26.1W,40,,,,,,,,,,,,,
AL,UNNAMED,1936,13,71,19360925,1800,,EX,52.2N,25.6W,35,,,,,,,,,,,,,
AL,UNNAMED,1936,14,22,19360909,1200,,TD,19.0N,94.0W,25,,,,,,,,,,,,,
AL,UNNAMED,1936,14,22,19360909,1800,,TD,19.0N,94.1W,25,,,,,,,,,,,,,
AL,UNNAMED,1936,14,22,19360910,0,,TD,19.0N,94.2W,25,,,,,,,,,,,,,
AL,UNNAMED,1936,14,22,19360910,600,,TD,19.0N,94.3W,30,,,,,,,,,,,,,
AL,UNNAMED,1936,14,22,19360910,1200,,TD,19.0N,94.4W,30,,,,,,,,,,,,,
AL,UNNAMED,1936,14,22,19360910,1800,,TD,19.0N,94.5W,30,,,,,,,,,,,,,
AL,UNNAMED,1936,14,22,19360911,0,,TS,19.1N,94.6W,35,,,,,,,,,,,,,
AL,UNNAMED,1936,14,22,19360911,600,,TS,19.3N,94.7W,35,,,,,,,,,,,,,
AL,UNNAMED,1936,14,22,19360911,1200,,TS,19.6N,94.7W,35,,,,,,,,,,,,,
AL,UNNAMED,1936,14,22,19360911,1800,,TS,20.1N,94.6W,40,,,,,,,,,,,,,
AL,UNNAMED,1936,14,22,19360912,0,,TS,20.7N,94.5W,40,,,,,,,,,,,,,
AL,UNNAMED,1936,14,22,19360912,600,,TS,21.5N,94.5W,40,,,,,,,,,,,,,
AL,UNNAMED,1936,14,22,19360912,1200,,TS,22.4N,94.6W,45,1001,,,,,,,,,,,,
AL,UNNAMED,1936,14,22,19360912,1800,,TS,23.4N,95.1W,45,,,,,,,,,,,,,
AL,UNNAMED,1936,14,22,19360913,0,,TS,24.4N,95.8W,45,,,,,,,,,,,,,
AL,UNNAMED,1936,14,22,19360913,600,,TS,25.3N,96.6W,45,,,,,,,,,,,,,
AL,UNNAMED,1936,14,22,19360913,1200,,TS,26.2N,97.4W,45,998,,,,,,,,,,,,
AL,UNNAMED,1936,14,22,19360913,1800,,TS,26.9N,98.1W,35,,,,,,,,,,,,,
AL,UNNAMED,1936,14,22,19360914,0,,TD,27.5N,98.7W,30,,,,,,,,,,,,,
AL,UNNAMED,1936,14,22,19360914,600,,TD,28.0N,99.3W,30,,,,,,,,,,,,,
AL,UNNAMED,1936,14,22,19360914,1200,,TD,28.4N,99.9W,30,,,,,,,,,,,,,
AL,UNNAMED,1936,14,22,19360914,1800,,TD,28.8N,100.6W,25,,,,,,,,,,,,,
AL,UNNAMED,1936,15,28,19360918,1800,,TD,19.0N,59.7W,30,,,,,,,,,,,,,
AL,UNNAMED,1936,15,28,19360919,0,,TS,19.5N,61.0W,35,,,,,,,,,,,,,
AL,UNNAMED,1936,15,28,19360919,600,,TS,20.0N,62.2W,40,,,,,,,,,,,,,
AL,UNNAMED,1936,15,28,19360919,1200,,TS,20.5N,63.4W,45,,,,,,,,,,,,,
AL,UNNAMED,1936,15,28,19360919,1800,,TS,21.1N,64.5W,45,,,,,,,,,,,,,
AL,UNNAMED,1936,15,28,19360920,0,,TS,21.8N,65.6W,50,,,,,,,,,,,,,
AL,UNNAMED,1936,15,28,19360920,600,,TS,22.5N,66.7W,60,,,,,,,,,,,,,
AL,UNNAMED,1936,15,28,19360920,1200,,HU,23.3N,67.8W,65,,,,,,,,,,,,,
AL,UNNAMED,1936,15,28,19360920,1800,,HU,24.1N,68.5W,70,,,,,,,,,,,,,
AL,UNNAMED,1936,15,28,19360921,0,,HU,24.9N,69.1W,75,,,,,,,,,,,,,
AL,UNNAMED,1936,15,28,19360921,600,,HU,25.7N,69.5W,80,,,,,,,,,,,,,
AL,UNNAMED,1936,15,28,19360921,1200,,HU,26.5N,69.9W,85,,,,,,,,,,,,,
AL,UNNAMED,1936,15,28,19360921,1800,,HU,27.0N,70.3W,90,,,,,,,,,,,,,
AL,UNNAMED,1936,15,28,19360922,0,,HU,27.5N,70.7W,90,,,,,,,,,,,,,
AL,UNNAMED,1936,15,28,19360922,600,,HU,27.9N,70.7W,90,,,,,,,,,,,,,
AL,UNNAMED,1936,15,28,19360922,1200,,HU,28.3N,70.2W,90,,,,,,,,,,,,,
AL,UNNAMED,1936,15,28,19360922,1800,,HU,29.0N,69.7W,90,,,,,,,,,,,,,
AL,UNNAMED,1936,15,28,19360923,0,,HU,29.7N,69.1W,90,,,,,,,,,,,,,
AL,UNNAMED,1936,15,28,19360923,600,,HU,30.4N,68.7W,85,,,,,,,,,,,,,
AL,UNNAMED,1936,15,28,19360923,1200,,HU,31.1N,68.4W,85,,,,,,,,,,,,,
AL,UNNAMED,1936,15,28,19360923,1800,,HU,32.4N,68.4W,80,,,,,,,,,,,,,
AL,UNNAMED,1936,15,28,19360924,0,,HU,34.3N,68.5W,80,,,,,,,,,,,,,
AL,UNNAMED,1936,15,28,19360924,600,,HU,36.3N,68.8W,75,,,,,,,,,,,,,
AL,UNNAMED,1936,15,28,19360924,1200,,HU,38.2N,69.0W,75,983,,,,,,,,,,,,
AL,UNNAMED,1936,15,28,19360924,1800,,HU,40.2N,68.0W,70,,,,,,,,,,,,,
AL,UNNAMED,1936,15,28,19360925,0,,EX,42.2N,66.0W,65,,,,,,,,,,,,,
AL,UNNAMED,1936,15,28,19360925,600,,EX,44.5N,63.8W,60,,,,,,,,,,,,,
AL,UNNAMED,1936,15,28,19360925,1200,,EX,48.3N,59.8W,55,,,,,,,,,,,,,
AL,UNNAMED,1936,16,9,19361009,1800,,TS,20.3N,91.3W,35,,,,,,,,,,,,,
AL,UNNAMED,1936,16,9,19361010,0,,TS,20.2N,91.5W,35,,,,,,,,,,,,,
AL,UNNAMED,1936,16,9,19361010,600,,TS,20.0N,91.7W,35,,,,,,,,,,,,,
AL,UNNAMED,1936,16,9,19361010,1200,,TS,19.8N,91.9W,35,,,,,,,,,,,,,
AL,UNNAMED,1936,16,9,19361010,1800,,TS,19.2N,92.3W,35,,,,,,,,,,,,,
AL,UNNAMED,1936,16,9,19361011,0,,TS,18.3N,92.7W,35,,,,,,,,,,,,,
AL,UNNAMED,1936,16,9,19361011,600,,TD,17.5N,92.8W,30,,,,,,,,,,,,,
AL,UNNAMED,1936,16,9,19361011,1200,,TD,16.7N,92.8W,25,,,,,,,,,,,,,
AL,UNNAMED,1936,16,9,19361011,1800,,TD,16.0N,92.7W,25,,,,,,,,,,,,,
AL,UNNAMED,1936,17,55,19361202,1200,,EX,27.0N,27.0W,40,,,,,,,,,,,,,
AL,UNNAMED,1936,17,55,19361202,1800,,EX,28.0N,27.5W,40,,,,,,,,,,,,,
AL,UNNAMED,1936,17,55,19361203,0,,EX,28.8N,28.0W,40,,,,,,,,,,,,,
AL,UNNAMED,1936,17,55,19361203,600,,EX,29.5N,28.5W,40,,,,,,,,,,,,,
AL,UNNAMED,1936,17,55,19361203,1200,,EX,30.0N,29.0W,40,,,,,,,,,,,,,
AL,UNNAMED,1936,17,55,19361203,1800,,EX,30.4N,29.4W,40,,,,,,,,,,,,,
AL,UNNAMED,1936,17,55,19361204,0,,EX,30.7N,29.7W,40,,,,,,,,,,,,,
AL,UNNAMED,1936,17,55,19361204,600,,EX,30.8N,30.1W,40,,,,,,,,,,,,,
AL,UNNAMED,1936,17,55,19361204,1200,,EX,31.0N,30.5W,40,,,,,,,,,,,,,
AL,UNNAMED,1936,17,55,19361204,1800,,EX,31.3N,31.1W,40,,,,,,,,,,,,,
AL,UNNAMED,1936,17,55,19361205,0,,TS,31.7N,32.0W,40,,,,,,,,,,,,,
AL,UNNAMED,1936,17,55,19361205,600,,TS,32.2N,33.1W,40,,,,,,,,,,,,,
AL,UNNAMED,1936,17,55,19361205,1200,,TS,32.6N,34.1W,45,,,,,,,,,,,,,
AL,UNNAMED,1936,17,55,19361205,1800,,TS,33.0N,35.0W,45,,,,,,,,,,,,,
AL,UNNAMED,1936,17,55,19361206,0,,TS,33.3N,35.7W,50,,,,,,,,,,,,,
AL,UNNAMED,1936,17,55,19361206,600,,TS,33.6N,36.1W,50,,,,,,,,,,,,,
AL,UNNAMED,1936,17,55,19361206,1200,,TS,33.9N,36.4W,55,,,,,,,,,,,,,
AL,UNNAMED,1936,17,55,19361206,1800,,TS,33.8N,37.0W,55,,,,,,,,,,,,,
AL,UNNAMED,1936,17,55,19361207,0,,TS,33.3N,38.0W,55,,,,,,,,,,,,,
AL,UNNAMED,1936,17,55,19361207,600,,TS,32.2N,39.7W,55,,,,,,,,,,,,,
AL,UNNAMED,1936,17,55,19361207,1200,,EX,31.0N,42.0W,50,,,,,,,,,,,,,
AL,UNNAMED,1936,17,55,19361207,1800,,EX,29.7N,44.0W,50,,,,,,,,,,,,,
AL,UNNAMED,1936,17,55,19361208,0,,EX,28.4N,45.8W,50,,,,,,,,,,,,,
AL,UNNAMED,1936,17,55,19361208,600,,EX,27.1N,47.5W,50,,,,,,,,,,,,,
AL,UNNAMED,1936,17,55,19361208,1200,,EX,26.0N,49.0W,50,,,,,,,,,,,,,
AL,UNNAMED,1936,17,55,19361208,1800,,EX,25.2N,50.0W,50,,,,,,,,,,,,,
AL,UNNAMED,1936,17,55,19361209,0,,EX,24.4N,50.5W,45,,,,,,,,,,,,,
AL,UNNAMED,1936,17,55,19361209,600,,EX,23.7N,50.8W,45,,,,,,,,,,,,,
AL,UNNAMED,1936,17,55,19361209,1200,,EX,23.0N,51.0W,40,,,,,,,,,,,,,
AL,UNNAMED,1936,17,55,19361209,1800,,EX,22.3N,51.3W,40,,,,,,,,,,,,,
AL,UNNAMED,1936,17,55,19361210,0,,EX,21.6N,51.7W,40,,,,,,,,,,,,,
AL,UNNAMED,1936,17,55,19361210,600,,EX,20.9N,52.1W,40,,,,,,,,,,,,,
AL,UNNAMED,1936,17,55,19361210,1200,,EX,20.5N,52.5W,35,,,,,,,,,,,,,
AL,UNNAMED,1936,17,55,19361210,1800,,EX,20.7N,52.8W,35,,,,,,,,,,,,,
AL,UNNAMED,1936,17,55,19361211,0,,EX,21.0N,53.1W,35,,,,,,,,,,,,,
AL,UNNAMED,1936,17,55,19361211,600,,EX,21.3N,53.5W,35,,,,,,,,,,,,,
AL,UNNAMED,1936,17,55,19361211,1200,,EX,21.7N,54.0W,35,,,,,,,,,,,,,
AL,UNNAMED,1936,17,55,19361211,1800,,EX,22.0N,55.0W,35,,,,,,,,,,,,,
AL,UNNAMED,1936,17,55,19361212,0,,EX,22.3N,56.0W,35,,,,,,,,,,,,,
AL,UNNAMED,1936,17,55,19361212,600,,EX,22.6N,57.0W,35,,,,,,,,,,,,,
AL,UNNAMED,1936,17,55,19361212,1200,,EX,23.0N,58.0W,35,,,,,,,,,,,,,
AL,UNNAMED,1936,17,55,19361212,1800,,EX,23.7N,59.0W,35,,,,,,,,,,,,,
AL,UNNAMED,1936,17,55,19361213,0,,EX,24.5N,60.0W,35,,,,,,,,,,,,,
AL,UNNAMED,1936,17,55,19361213,600,,EX,25.4N,61.0W,35,,,,,,,,,,,,,
AL,UNNAMED,1936,17,55,19361213,1200,,EX,26.2N,62.0W,35,,,,,,,,,,,,,
AL,UNNAMED,1936,17,55,19361213,1800,,EX,26.9N,62.8W,35,,,,,,,,,,,,,
AL,UNNAMED,1936,17,55,19361214,0,,EX,27.6N,63.4W,35,,,,,,,,,,,,,
AL,UNNAMED,1936,17,55,19361214,600,,EX,28.3N,63.7W,35,,,,,,,,,,,,,
AL,UNNAMED,1936,17,55,19361214,1200,,EX,29.0N,63.5W,35,,,,,,,,,,,,,
AL,UNNAMED,1936,17,55,19361214,1800,,EX,29.9N,62.8W,40,,,,,,,,,,,,,
AL,UNNAMED,1936,17,55,19361215,0,,EX,31.0N,61.5W,40,,,,,,,,,,,,,
AL,UNNAMED,1936,17,55,19361215,600,,EX,32.3N,60.0W,45,,,,,,,,,,,,,
AL,UNNAMED,1936,17,55,19361215,1200,,EX,34.0N,58.0W,50,,,,,,,,,,,,,
AL,UNNAMED,1936,17,55,19361215,1800,,EX,36.3N,55.0W,50,,,,,,,,,,,,,
AL,UNNAMED,1936,17,55,19361216,0,,EX,40.0N,51.0W,50,,,,,,,,,,,,,
AL,UNNAMED,1937,1,21,19370729,0,,TD,26.5N,85.7W,25,,,,,,,,,,,,,
AL,UNNAMED,1937,1,21,19370729,600,,TD,27.0N,84.7W,30,,,,,,,,,,,,,
AL,UNNAMED,1937,1,21,19370729,1200,,TS,27.4N,83.9W,40,,,,,,,,,,,,,
AL,UNNAMED,1937,1,21,19370729,1800,,TS,27.8N,83.3W,55,,,,,,,,,,,,,
AL,UNNAMED,1937,1,21,19370729,2200,L,TS,28.1N,82.8W,55,,,,,,,,,,,,,
AL,UNNAMED,1937,1,21,19370730,0,,TS,28.3N,82.5W,45,,,,,,,,,,,,,
AL,UNNAMED,1937,1,21,19370730,600,,TS,29.2N,81.3W,40,,,,,,,,,,,,,
AL,UNNAMED,1937,1,21,19370730,1200,,TS,30.1N,80.2W,35,,,,,,,,,,,,,
AL,UNNAMED,1937,1,21,19370730,1800,,TS,31.1N,79.2W,35,,,,,,,,,,,,,
AL,UNNAMED,1937,1,21,19370731,0,,TS,32.1N,78.3W,40,,,,,,,,,,,,,
AL,UNNAMED,1937,1,21,19370731,600,,TS,33.1N,77.4W,50,,,,,,,,,,,,,
AL,UNNAMED,1937,1,21,19370731,1200,,TS,34.2N,76.5W,55,997,,,,,,,,,,,,
AL,UNNAMED,1937,1,21,19370731,1800,,TS,36.0N,74.4W,60,996,,,,,,,,,,,,
AL,UNNAMED,1937,1,21,19370801,0,,EX,37.9N,71.6W,60,,,,,,,,,,,,,
AL,UNNAMED,1937,1,21,19370801,600,,EX,39.6N,69.2W,55,,,,,,,,,,,,,
AL,UNNAMED,1937,1,21,19370801,1200,,EX,41.1N,66.8W,50,,,,,,,,,,,,,
AL,UNNAMED,1937,1,21,19370801,1800,,EX,42.5N,64.8W,50,,,,,,,,,,,,,
AL,UNNAMED,1937,1,21,19370802,0,,EX,43.8N,64.3W,45,,,,,,,,,,,,,
AL,UNNAMED,1937,1,21,19370802,600,,EX,45.2N,64.5W,40,,,,,,,,,,,,,
AL,UNNAMED,1937,1,21,19370802,1200,,EX,46.5N,65.2W,35,,,,,,,,,,,,,
AL,UNNAMED,1937,1,21,19370802,1800,,EX,47.6N,65.9W,30,,,,,,,,,,,,,
AL,UNNAMED,1937,2,28,19370802,1800,,TD,22.8N,75.5W,25,,,,,,,,,,,,,
AL,UNNAMED,1937,2,28,19370803,0,,TD,23.6N,75.9W,30,,,,,,,,,,,,,
AL,UNNAMED,1937,2,28,19370803,600,,TD,24.3N,76.2W,30,,,,,,,,,,,,,
AL,UNNAMED,1937,2,28,19370803,1200,,TD,24.9N,76.5W,30,,,,,,,,,,,,,
AL,UNNAMED,1937,2,28,19370803,1800,,TS,25.6N,76.7W,35,,,,,,,,,,,,,
AL,UNNAMED,1937,2,28,19370804,0,,TS,26.4N,76.9W,35,,,,,,,,,,,,,
AL,UNNAMED,1937,2,28,19370804,600,,TS,27.1N,77.0W,35,,,,,,,,,,,,,
AL,UNNAMED,1937,2,28,19370804,1200,,TS,28.0N,77.1W,35,,,,,,,,,,,,,
AL,UNNAMED,1937,2,28,19370804,1800,,TS,28.9N,77.1W,35,,,,,,,,,,,,,
AL,UNNAMED,1937,2,28,19370805,0,,TS,29.8N,77.1W,35,,,,,,,,,,,,,
AL,UNNAMED,1937,2,28,19370805,600,,TS,30.7N,77.0W,35,,,,,,,,,,,,,
AL,UNNAMED,1937,2,28,19370805,1200,,TS,31.7N,76.8W,40,,,,,,,,,,,,,
AL,UNNAMED,1937,2,28,19370805,1800,,TS,32.6N,76.2W,40,,,,,,,,,,,,,
AL,UNNAMED,1937,2,28,19370806,0,,TS,33.5N,75.2W,45,,,,,,,,,,,,,
AL,UNNAMED,1937,2,28,19370806,600,,TS,34.4N,74.3W,50,,,,,,,,,,,,,
AL,UNNAMED,1937,2,28,19370806,1200,,TS,35.4N,73.5W,50,,,,,,,,,,,,,
AL,UNNAMED,1937,2,28,19370806,1800,,TS,36.1N,72.9W,50,,,,,,,,,,,,,
AL,UNNAMED,1937,2,28,19370807,0,,TS,37.1N,72.2W,55,,,,,,,,,,,,,
AL,UNNAMED,1937,2,28,19370807,600,,TS,38.5N,71.2W,55,,,,,,,,,,,,,
AL,UNNAMED,1937,2,28,19370807,1200,,TS,39.9N,69.4W,55,,,,,,,,,,,,,
AL,UNNAMED,1937,2,28,19370807,1800,,TS,41.0N,67.8W,55,,,,,,,,,,,,,
AL,UNNAMED,1937,2,28,19370808,0,,TS,41.8N,66.4W,50,,,,,,,,,,,,,
AL,UNNAMED,1937,2,28,19370808,600,,TS,42.5N,65.1W,45,,,,,,,,,,,,,
AL,UNNAMED,1937,2,28,19370808,1200,,TS,42.6N,63.7W,40,,,,,,,,,,,,,
AL,UNNAMED,1937,2,28,19370808,1800,,TS,42.6N,62.3W,35,,,,,,,,,,,,,
AL,UNNAMED,1937,2,28,19370809,0,,TD,42.8N,61.1W,30,,,,,,,,,,,,,
AL,UNNAMED,1937,2,28,19370809,600,,TD,42.9N,60.2W,30,,,,,,,,,,,,,
AL,UNNAMED,1937,2,28,19370809,1200,,TD,43.2N,59.7W,30,,,,,,,,,,,,,
AL,UNNAMED,1937,3,39,19370824,1200,,TD,17.5N,61.0W,30,,,,,,,,,,,,,
AL,UNNAMED,1937,3,39,19370824,1800,,TD,18.2N,62.1W,30,,,,,,,,,,,,,
AL,UNNAMED,1937,3,39,19370825,0,,TS,18.9N,63.1W,35,,,,,,,,,,,,,
AL,UNNAMED,1937,3,39,19370825,600,,TS,19.6N,64.1W,35,,,,,,,,,,,,,
AL,UNNAMED,1937,3,39,19370825,1200,,TS,20.3N,65.1W,35,,,,,,,,,,,,,
AL,UNNAMED,1937,3,39,19370825,1800,,TS,20.8N,66.2W,35,,,,,,,,,,,,,
AL,UNNAMED,1937,3,39,19370826,0,,TS,21.4N,67.3W,35,,,,,,,,,,,,,
AL,UNNAMED,1937,3,39,19370826,600,,TS,21.9N,68.5W,35,,,,,,,,,,,,,
AL,UNNAMED,1937,3,39,19370826,1200,,TS,22.4N,69.7W,35,,,,,,,,,,,,,
AL,UNNAMED,1937,3,39,19370826,1800,,TS,22.9N,70.8W,35,,,,,,,,,,,,,
AL,UNNAMED,1937,3,39,19370827,0,,TS,23.5N,71.8W,35,,,,,,,,,,,,,
AL,UNNAMED,1937,3,39,19370827,600,,TS,24.0N,72.8W,35,,,,,,,,,,,,,
AL,UNNAMED,1937,3,39,19370827,1200,,TS,24.4N,73.7W,35,,,,,,,,,,,,,
AL,UNNAMED,1937,3,39,19370827,1800,,TS,24.5N,74.5W,35,,,,,,,,,,,,,
AL,UNNAMED,1937,3,39,19370828,0,,TS,24.5N,75.2W,35,,,,,,,,,,,,,
AL,UNNAMED,1937,3,39,19370828,600,,TS,24.5N,75.9W,35,,,,,,,,,,,,,
AL,UNNAMED,1937,3,39,19370828,1200,,TS,24.5N,76.5W,40,,,,,,,,,,,,,
AL,UNNAMED,1937,3,39,19370828,1800,,TS,24.8N,77.1W,40,,,,,,,,,,,,,
AL,UNNAMED,1937,3,39,19370829,0,,TS,25.5N,77.7W,40,,,,,,,,,,,,,
AL,UNNAMED,1937,3,39,19370829,600,,TS,26.2N,78.2W,40,,,,,,,,,,,,,
AL,UNNAMED,1937,3,39,19370829,1200,,TS,26.8N,78.6W,45,,,,,,,,,,,,,
AL,UNNAMED,1937,3,39,19370829,1800,,TS,27.5N,78.9W,45,,,,,,,,,,,,,
AL,UNNAMED,1937,3,39,19370830,0,,TS,28.1N,79.2W,50,,,,,,,,,,,,,
AL,UNNAMED,1937,3,39,19370830,600,,TS,28.6N,79.7W,55,,,,,,,,,,,,,
AL,UNNAMED,1937,3,39,19370830,1200,,TS,29.0N,80.5W,60,,,,,,,,,,,,,
AL,UNNAMED,1937,3,39,19370830,1400,L,TS,29.1N,80.9W,60,,,,,,,,,,,,,
AL,UNNAMED,1937,3,39,19370830,1800,,TS,29.3N,81.7W,50,,,,,,,,,,,,,
AL,UNNAMED,1937,3,39,19370831,0,,TS,29.6N,82.9W,45,,,,,,,,,,,,,
AL,UNNAMED,1937,3,39,19370831,600,,TS,30.1N,84.1W,40,,,,,,,,,,,,,
AL,UNNAMED,1937,3,39,19370831,1200,,TS,30.5N,85.2W,35,,,,,,,,,,,,,
AL,UNNAMED,1937,3,39,19370831,1800,,TS,31.0N,86.1W,35,,,,,,,,,,,,,
AL,UNNAMED,1937,3,39,19370901,0,,TD,31.4N,86.9W,30,,,,,,,,,,,,,
AL,UNNAMED,1937,3,39,19370901,600,,TD,31.9N,87.9W,30,,,,,,,,,,,,,
AL,UNNAMED,1937,3,39,19370901,1200,,TD,32.3N,88.8W,25,,,,,,,,,,,,,
AL,UNNAMED,1937,3,39,19370901,1800,,TD,32.9N,89.7W,25,,,,,,,,,,,,,
AL,UNNAMED,1937,3,39,19370902,0,,TD,33.6N,90.6W,20,,,,,,,,,,,,,
AL,UNNAMED,1937,3,39,19370902,600,,TD,34.2N,91.3W,20,,,,,,,,,,,,,
AL,UNNAMED,1937,3,39,19370902,1200,,TD,34.8N,92.0W,20,,,,,,,,,,,,,
AL,UNNAMED,1937,3,39,19370902,1800,,TD,35.5N,92.7W,20,,,,,,,,,,,,,
AL,UNNAMED,1937,4,24,19370909,0,,TS,17.9N,54.5W,45,,,,,,,,,,,,,
AL,UNNAMED,1937,4,24,19370909,600,,TS,18.3N,55.0W,50,,,,,,,,,,,,,
AL,UNNAMED,1937,4,24,19370909,1200,,TS,18.7N,55.4W,55,,,,,,,,,,,,,
AL,UNNAMED,1937,4,24,19370909,1800,,TS,19.3N,55.7W,60,,,,,,,,,,,,,
AL,UNNAMED,1937,4,24,19370910,0,,HU,19.9N,56.0W,65,,,,,,,,,,,,,
AL,UNNAMED,1937,4,24,19370910,600,,HU,20.5N,56.3W,70,,,,,,,,,,,,,
AL,UNNAMED,1937,4,24,19370910,1200,,HU,21.0N,56.7W,70,,,,,,,,,,,,,
AL,UNNAMED,1937,4,24,19370910,1800,,HU,21.6N,57.1W,75,,,,,,,,,,,,,
AL,UNNAMED,1937,4,24,19370911,0,,HU,22.3N,57.5W,80,,,,,,,,,,,,,
AL,UNNAMED,1937,4,24,19370911,600,,HU,23.1N,58.0W,80,,,,,,,,,,,,,
AL,UNNAMED,1937,4,24,19370911,1200,,HU,24.0N,58.5W,80,,,,,,,,,,,,,
AL,UNNAMED,1937,4,24,19370911,1800,,HU,25.1N,59.1W,80,,,,,,,,,,,,,
AL,UNNAMED,1937,4,24,19370912,0,,HU,26.2N,59.6W,80,,,,,,,,,,,,,
AL,UNNAMED,1937,4,24,19370912,600,,HU,27.4N,60.0W,85,,,,,,,,,,,,,
AL,UNNAMED,1937,4,24,19370912,1200,,HU,28.7N,60.4W,85,,,,,,,,,,,,,
AL,UNNAMED,1937,4,24,19370912,1800,,HU,30.1N,61.0W,80,,,,,,,,,,,,,
AL,UNNAMED,1937,4,24,19370913,0,,HU,31.6N,61.9W,75,,,,,,,,,,,,,
AL,UNNAMED,1937,4,24,19370913,600,,HU,33.2N,62.9W,70,,,,,,,,,,,,,
AL,UNNAMED,1937,4,24,19370913,1200,,HU,35.0N,63.8W,65,,,,,,,,,,,,,
AL,UNNAMED,1937,4,24,19370913,1800,,TS,37.4N,64.6W,60,,,,,,,,,,,,,
AL,UNNAMED,1937,4,24,19370914,0,,TS,40.1N,65.2W,60,,,,,,,,,,,,,
AL,UNNAMED,1937,4,24,19370914,600,,EX,42.8N,65.4W,55,,,,,,,,,,,,,
AL,UNNAMED,1937,4,24,19370914,1200,,EX,45.5N,65.6W,45,,,,,,,,,,,,,
AL,UNNAMED,1937,4,24,19370914,1800,,EX,48.1N,65.4W,35,,,,,,,,,,,,,
AL,UNNAMED,1937,5,9,19370910,600,,TS,31.3N,65.5W,35,,,,,,,,,,,,,
AL,UNNAMED,1937,5,9,19370910,1200,,TS,32.5N,66.4W,40,,,,,,,,,,,,,
AL,UNNAMED,1937,5,9,19370910,1800,,TS,33.5N,67.5W,45,,,,,,,,,,,,,
AL,UNNAMED,1937,5,9,19370911,0,,TS,34.8N,68.6W,50,,,,,,,,,,,,,
AL,UNNAMED,1937,5,9,19370911,600,,TS,36.0N,69.9W,50,,,,,,,,,,,,,
AL,UNNAMED,1937,5,9,19370911,1200,,TS,37.2N,70.9W,55,,,,,,,,,,,,,
AL,UNNAMED,1937,5,9,19370911,1800,,TS,38.4N,70.7W,60,,,,,,,,,,,,,
AL,UNNAMED,1937,5,9,19370912,0,,EX,40.9N,69.0W,60,,,,,,,,,,,,,
AL,UNNAMED,1937,5,9,19370912,600,,EX,43.7N,66.0W,50,,,,,,,,,,,,,
AL,UNNAMED,1937,6,31,19370913,600,,TS,17.0N,56.4W,40,,,,,,,,,,,,,
AL,UNNAMED,1937,6,31,19370913,1200,,TS,17.3N,56.8W,40,,,,,,,,,,,,,
AL,UNNAMED,1937,6,31,19370913,1800,,TS,17.5N,57.2W,45,,,,,,,,,,,,,
AL,UNNAMED,1937,6,31,19370914,0,,TS,17.8N,57.5W,50,,,,,,,,,,,,,
AL,UNNAMED,1937,6,31,19370914,600,,TS,18.2N,57.8W,55,,,,,,,,,,,,,
AL,UNNAMED,1937,6,31,19370914,1200,,HU,18.7N,58.0W,65,,,,,,,,,,,,,
AL,UNNAMED,1937,6,31,19370914,1800,,HU,19.3N,58.2W,75,,,,,,,,,,,,,
AL,UNNAMED,1937,6,31,19370915,0,,HU,20.0N,57.9W,90,969,,,,,,,,,,,,
AL,UNNAMED,1937,6,31,19370915,600,,HU,20.7N,57.7W,110,951,,,,,,,,,,,,
AL,UNNAMED,1937,6,31,19370915,1200,,HU,21.4N,57.4W,110,955,,,,,,,,,,,,
AL,UNNAMED,1937,6,31,19370915,1800,,HU,21.7N,56.7W,110,,,,,,,,,,,,,
AL,UNNAMED,1937,6,31,19370916,0,,HU,21.8N,55.6W,105,,,,,,,,,,,,,
AL,UNNAMED,1937,6,31,19370916,600,,HU,21.9N,54.4W,105,,,,,,,,,,,,,
AL,UNNAMED,1937,6,31,19370916,1200,,HU,22.1N,53.3W,105,,,,,,,,,,,,,
AL,UNNAMED,1937,6,31,19370916,1800,,HU,23.1N,52.6W,100,,,,,,,,,,,,,
AL,UNNAMED,1937,6,31,19370917,0,,HU,24.7N,52.1W,100,,,,,,,,,,,,,
AL,UNNAMED,1937,6,31,19370917,600,,HU,26.3N,51.8W,100,,,,,,,,,,,,,
AL,UNNAMED,1937,6,31,19370917,1200,,HU,27.7N,51.5W,95,,,,,,,,,,,,,
AL,UNNAMED,1937,6,31,19370917,1800,,HU,29.2N,51.2W,95,,,,,,,,,,,,,
AL,UNNAMED,1937,6,31,19370918,0,,HU,31.1N,50.9W,95,,,,,,,,,,,,,
AL,UNNAMED,1937,6,31,19370918,600,,HU,33.4N,50.3W,95,,,,,,,,,,,,,
AL,UNNAMED,1937,6,31,19370918,1200,,HU,35.8N,49.5W,95,,,,,,,,,,,,,
AL,UNNAMED,1937,6,31,19370918,1800,,HU,38.3N,48.9W,90,,,,,,,,,,,,,
AL,UNNAMED,1937,6,31,19370919,0,,HU,40.8N,48.2W,90,,,,,,,,,,,,,
AL,UNNAMED,1937,6,31,19370919,600,,HU,43.3N,47.5W,85,,,,,,,,,,,,,
AL,UNNAMED,1937,6,31,19370919,1200,,HU,45.7N,46.5W,80,967,,,,,,,,,,,,
AL,UNNAMED,1937,6,31,19370919,1800,,EX,47.5N,45.0W,75,,,,,,,,,,,,,
AL,UNNAMED,1937,6,31,19370920,0,,EX,49.5N,41.5W,65,,,,,,,,,,,,,
AL,UNNAMED,1937,6,31,19370920,600,,EX,51.5N,38.0W,55,,,,,,,,,,,,,
AL,UNNAMED,1937,6,31,19370920,1200,,EX,53.5N,34.7W,50,,,,,,,,,,,,,
AL,UNNAMED,1937,6,31,19370920,1800,,EX,55.5N,31.3W,50,,,,,,,,,,,,,
AL,UNNAMED,1937,7,23,19370916,1200,,TS,23.1N,94.2W,35,,,,,,,,,,,,,
AL,UNNAMED,1937,7,23,19370916,1800,,TS,23.5N,93.7W,35,,,,,,,,,,,,,
AL,UNNAMED,1937,7,23,19370917,0,,TS,23.9N,93.3W,35,,,,,,,,,,,,,
AL,UNNAMED,1937,7,23,19370917,600,,TS,24.3N,93.0W,40,,,,,,,,,,,,,
AL,UNNAMED,1937,7,23,19370917,1200,,TS,24.7N,92.6W,40,,,,,,,,,,,,,
AL,UNNAMED,1937,7,23,19370917,1800,,TS,25.1N,92.2W,40,,,,,,,,,,,,,
AL,UNNAMED,1937,7,23,19370918,0,,TS,25.5N,91.9W,45,,,,,,,,,,,,,
AL,UNNAMED,1937,7,23,19370918,600,,TS,26.1N,91.6W,45,,,,,,,,,,,,,
AL,UNNAMED,1937,7,23,19370918,1200,,TS,26.6N,91.3W,50,,,,,,,,,,,,,
AL,UNNAMED,1937,7,23,19370918,1800,,TS,27.0N,90.9W,50,,,,,,,,,,,,,
AL,UNNAMED,1937,7,23,19370919,0,,TS,27.4N,90.4W,50,,,,,,,,,,,,,
AL,UNNAMED,1937,7,23,19370919,600,,TS,27.9N,90.1W,45,,,,,,,,,,,,,
AL,UNNAMED,1937,7,23,19370919,1200,,TS,28.5N,89.8W,45,,,,,,,,,,,,,
AL,UNNAMED,1937,7,23,19370919,1800,L,TS,29.1N,89.3W,40,1002,,,,,,,,,,,,
AL,UNNAMED,1937,7,23,19370920,0,,TS,29.3N,88.3W,40,,,,,,,,,,,,,
AL,UNNAMED,1937,7,23,19370920,600,,TS,29.4N,87.1W,40,,,,,,,,,,,,,
AL,UNNAMED,1937,7,23,19370920,1200,,TS,29.6N,85.9W,35,,,,,,,,,,,,,
AL,UNNAMED,1937,7,23,19370920,1600,L,TS,29.7N,85.4W,35,,,,,,,,,,,,,
AL,UNNAMED,1937,7,23,19370920,1800,,TS,29.8N,85.1W,35,,,,,,,,,,,,,
AL,UNNAMED,1937,7,23,19370921,0,,TD,29.9N,84.3W,30,,,,,,,,,,,,,
AL,UNNAMED,1937,7,23,19370921,600,,TD,30.0N,83.4W,25,,,,,,,,,,,,,
AL,UNNAMED,1937,7,23,19370921,1200,,TD,30.1N,82.6W,20,,,,,,,,,,,,,
AL,UNNAMED,1937,7,23,19370921,1800,,TD,30.1N,81.8W,20,,,,,,,,,,,,,
AL,UNNAMED,1937,8,34,19370920,600,,HU,15.2N,43.3W,65,,,,,,,,,,,,,
AL,UNNAMED,1937,8,34,19370920,1200,,HU,15.5N,44.5W,70,,,,,,,,,,,,,
AL,UNNAMED,1937,8,34,19370920,1800,,HU,16.3N,45.6W,70,,,,,,,,,,,,,
AL,UNNAMED,1937,8,34,19370921,0,,HU,17.3N,46.6W,70,,,,,,,,,,,,,
AL,UNNAMED,1937,8,34,19370921,600,,HU,18.4N,47.6W,70,,,,,,,,,,,,,
AL,UNNAMED,1937,8,34,19370921,1200,,HU,19.5N,48.5W,70,,,,,,,,,,,,,
AL,UNNAMED,1937,8,34,19370921,1800,,HU,20.5N,49.5W,75,,,,,,,,,,,,,
AL,UNNAMED,1937,8,34,19370922,0,,HU,21.4N,50.4W,75,,,,,,,,,,,,,
AL,UNNAMED,1937,8,34,19370922,600,,HU,22.2N,51.3W,80,,,,,,,,,,,,,
AL,UNNAMED,1937,8,34,19370922,1200,,HU,23.0N,52.1W,80,,,,,,,,,,,,,
AL,UNNAMED,1937,8,34,19370922,1800,,HU,23.6N,52.7W,80,,,,,,,,,,,,,
AL,UNNAMED,1937,8,34,19370923,0,,HU,24.2N,53.2W,80,,,,,,,,,,,,,
AL,UNNAMED,1937,8,34,19370923,600,,HU,24.8N,53.5W,85,,,,,,,,,,,,,
AL,UNNAMED,1937,8,34,19370923,1200,,HU,25.6N,53.7W,85,,,,,,,,,,,,,
AL,UNNAMED,1937,8,34,19370923,1800,,HU,26.6N,53.9W,85,,,,,,,,,,,,,
AL,UNNAMED,1937,8,34,19370924,0,,HU,27.8N,54.2W,85,,,,,,,,,,,,,
AL,UNNAMED,1937,8,34,19370924,600,,HU,28.9N,54.8W,85,,,,,,,,,,,,,
AL,UNNAMED,1937,8,34,19370924,1200,,HU,30.1N,55.5W,85,,,,,,,,,,,,,
AL,UNNAMED,1937,8,34,19370924,1800,,HU,31.5N,56.4W,85,,,,,,,,,,,,,
AL,UNNAMED,1937,8,34,19370925,0,,HU,33.2N,57.6W,85,,,,,,,,,,,,,
AL,UNNAMED,1937,8,34,19370925,600,,HU,34.9N,58.9W,85,,,,,,,,,,,,,
AL,UNNAMED,1937,8,34,19370925,1200,,HU,36.6N,60.2W,85,,,,,,,,,,,,,
AL,UNNAMED,1937,8,34,19370925,1800,,HU,38.8N,61.5W,80,,,,,,,,,,,,,
AL,UNNAMED,1937,8,34,19370926,0,,HU,40.8N,62.7W,75,,,,,,,,,,,,,
AL,UNNAMED,1937,8,34,19370926,600,,EX,42.3N,63.6W,70,,,,,,,,,,,,,
AL,UNNAMED,1937,8,34,19370926,1200,,EX,43.8N,63.2W,65,,,,,,,,,,,,,
AL,UNNAMED,1937,8,34,19370926,1800,,EX,46.1N,62.3W,60,,,,,,,,,,,,,
AL,UNNAMED,1937,8,34,19370927,0,,EX,48.4N,59.6W,55,,,,,,,,,,,,,
AL,UNNAMED,1937,8,34,19370927,600,,EX,51.0N,56.5W,50,,,,,,,,,,,,,
AL,UNNAMED,1937,8,34,19370927,1200,,EX,54.0N,53.0W,45,,,,,,,,,,,,,
AL,UNNAMED,1937,8,34,19370927,1800,,EX,57.5N,49.5W,40,,,,,,,,,,,,,
AL,UNNAMED,1937,8,34,19370928,0,,EX,60.0N,47.5W,35,,,,,,,,,,,,,
AL,UNNAMED,1937,8,34,19370928,600,,EX,62.2N,46.5W,35,,,,,,,,,,,,,
AL,UNNAMED,1937,8,34,19370928,1200,,EX,64.0N,46.0W,35,,,,,,,,,,,,,
AL,UNNAMED,1937,9,28,19370926,600,,TD,23.2N,79.4W,30,,,,,,,,,,,,,
AL,UNNAMED,1937,9,28,19370926,1200,,TD,23.7N,79.2W,30,,,,,,,,,,,,,
AL,UNNAMED,1937,9,28,19370926,1800,,TD,24.3N,79.0W,30,,,,,,,,,,,,,
AL,UNNAMED,1937,9,28,19370927,0,,TD,25.5N,78.5W,30,,,,,,,,,,,,,
AL,UNNAMED,1937,9,28,19370927,600,,TD,27.2N,77.8W,30,,,,,,,,,,,,,
AL,UNNAMED,1937,9,28,19370927,1200,,TD,29.0N,77.2W,30,,,,,,,,,,,,,
AL,UNNAMED,1937,9,28,19370927,1800,,TS,30.7N,76.7W,35,,,,,,,,,,,,,
AL,UNNAMED,1937,9,28,19370928,0,,TS,32.4N,76.2W,35,,,,,,,,,,,,,
AL,UNNAMED,1937,9,28,19370928,600,,TS,33.7N,75.0W,40,,,,,,,,,,,,,
AL,UNNAMED,1937,9,28,19370928,1200,,EX,35.4N,73.2W,40,,,,,,,,,,,,,
AL,UNNAMED,1937,9,28,19370928,1800,,EX,37.1N,71.3W,45,,,,,,,,,,,,,
AL,UNNAMED,1937,9,28,19370929,0,,EX,39.0N,69.3W,45,,,,,,,,,,,,,
AL,UNNAMED,1937,9,28,19370929,600,,EX,40.3N,67.2W,40,,,,,,,,,,,,,
AL,UNNAMED,1937,9,28,19370929,1200,,EX,41.3N,65.0W,40,,,,,,,,,,,,,
AL,UNNAMED,1937,9,28,19370929,1800,,EX,42.3N,62.5W,35,,,,,,,,,,,,,
AL,UNNAMED,1937,9,28,19370930,0,,EX,43.5N,59.5W,35,,,,,,,,,,,,,
AL,UNNAMED,1937,9,28,19370930,600,,EX,45.3N,56.5W,35,,,,,,,,,,,,,
AL,UNNAMED,1937,9,28,19370930,1200,,EX,47.5N,53.0W,40,,,,,,,,,,,,,
AL,UNNAMED,1937,9,28,19370930,1800,,EX,49.5N,49.9W,45,,,,,,,,,,,,,
AL,UNNAMED,1937,9,28,19371001,0,,EX,51.0N,47.3W,50,,,,,,,,,,,,,
AL,UNNAMED,1937,9,28,19371001,600,,EX,52.1N,44.7W,55,,,,,,,,,,,,,
AL,UNNAMED,1937,9,28,19371001,1200,,EX,53.2N,41.5W,60,,,,,,,,,,,,,
AL,UNNAMED,1937,9,28,19371001,1800,,EX,54.3N,39.5W,65,,,,,,,,,,,,,
AL,UNNAMED,1937,9,28,19371002,0,,EX,55.4N,37.5W,65,,,,,,,,,,,,,
AL,UNNAMED,1937,9,28,19371002,600,,EX,57.2N,36.5W,60,,,,,,,,,,,,,
AL,UNNAMED,1937,9,28,19371002,1200,,EX,59.0N,35.6W,55,,,,,,,,,,,,,
AL,UNNAMED,1937,9,28,19371002,1800,,EX,60.2N,34.8W,50,,,,,,,,,,,,,
AL,UNNAMED,1937,9,28,19371003,0,,EX,60.6N,34.7W,50,,,,,,,,,,,,,
AL,UNNAMED,1937,10,11,19371002,0,,TS,24.5N,87.7W,35,,,,,,,,,,,,,
AL,UNNAMED,1937,10,11,19371002,600,,TS,24.9N,88.6W,40,,,,,,,,,,,,,
AL,UNNAMED,1937,10,11,19371002,1200,,TS,26.1N,89.7W,40,1003,,,,,,,,,,,,
AL,UNNAMED,1937,10,11,19371002,1800,,TS,27.3N,91.0W,40,1002,,,,,,,,,,,,
AL,UNNAMED,1937,10,11,19371003,0,,TS,28.1N,91.9W,35,,,,,,,,,,,,,
AL,UNNAMED,1937,10,11,19371003,600,,TS,28.8N,92.1W,35,,,,,,,,,,,,,
AL,UNNAMED,1937,10,11,19371003,1200,L,TS,29.5N,92.0W,35,,,,,,,,,,,,,
AL,UNNAMED,1937,10,11,19371003,1400,L,TS,29.8N,92.0W,35,,,,,,,,,,,,,
AL,UNNAMED,1937,10,11,19371003,1800,,TD,30.5N,92.0W,30,,,,,,,,,,,,,
AL,UNNAMED,1937,10,11,19371004,0,,TD,31.8N,92.0W,30,,,,,,,,,,,,,
AL,UNNAMED,1937,10,11,19371004,600,,TD,33.2N,91.9W,25,,,,,,,,,,,,,
AL,UNNAMED,1937,11,11,19371018,1200,,EX,35.4N,45.3W,45,,,,,,,,,,,,,
AL,UNNAMED,1937,11,11,19371018,1800,,EX,36.1N,47.1W,55,,,,,,,,,,,,,
AL,UNNAMED,1937,11,11,19371019,0,,HU,36.8N,48.8W,65,,,,,,,,,,,,,
AL,UNNAMED,1937,11,11,19371019,600,,HU,37.5N,50.4W,70,,,,,,,,,,,,,
AL,UNNAMED,1937,11,11,19371019,1200,,HU,37.8N,51.8W,70,,,,,,,,,,,,,
AL,UNNAMED,1937,11,11,19371019,1800,,HU,38.0N,53.0W,65,,,,,,,,,,,,,
AL,UNNAMED,1937,11,11,19371020,0,,TS,38.2N,54.0W,60,,,,,,,,,,,,,
AL,UNNAMED,1937,11,11,19371020,600,,TS,38.4N,55.0W,55,,,,,,,,,,,,,
AL,UNNAMED,1937,11,11,19371020,1200,,TS,38.6N,56.0W,50,,,,,,,,,,,,,
AL,UNNAMED,1937,11,11,19371020,1800,,TS,39.0N,57.4W,45,,,,,,,,,,,,,
AL,UNNAMED,1937,11,11,19371021,0,,TS,39.8N,58.8W,40,,,,,,,,,,,,,
AL,UNNAMED,1938,1,22,19380101,1200,,EX,32.3N,40.6W,40,,,,,,,,,,,,,
AL,UNNAMED,1938,1,22,19380101,1800,,EX,32.3N,39.7W,40,,,,,,,,,,,,,
AL,UNNAMED,1938,1,22,19380102,0,,EX,32.3N,38.8W,45,,,,,,,,,,,,,
AL,UNNAMED,1938,1,22,19380102,600,,EX,32.3N,38.0W,50,,,,,,,,,,,,,
AL,UNNAMED,1938,1,22,19380102,1200,,EX,32.2N,37.1W,50,,,,,,,,,,,,,
AL,UNNAMED,1938,1,22,19380102,1800,,EX,32.0N,36.4W,50,,,,,,,,,,,,,
AL,UNNAMED,1938,1,22,19380103,0,,EX,31.7N,35.8W,50,,,,,,,,,,,,,
AL,UNNAMED,1938,1,22,19380103,600,,EX,30.4N,35.2W,50,,,,,,,,,,,,,
AL,UNNAMED,1938,1,22,19380103,1200,,EX,28.5N,34.8W,50,,,,,,,,,,,,,
AL,UNNAMED,1938,1,22,19380103,1800,,TS,27.5N,35.3W,55,,,,,,,,,,,,,
AL,UNNAMED,1938,1,22,19380104,0,,TS,26.6N,35.9W,55,,,,,,,,,,,,,
AL,UNNAMED,1938,1,22,19380104,600,,TS,25.7N,36.5W,60,,,,,,,,,,,,,
AL,UNNAMED,1938,1,22,19380104,1200,,HU,24.9N,37.6W,65,,,,,,,,,,,,,
AL,UNNAMED,1938,1,22,19380104,1800,,HU,24.3N,39.2W,70,,,,,,,,,,,,,
AL,UNNAMED,1938,1,22,19380105,0,,HU,23.8N,40.8W,70,,,,,,,,,,,,,
AL,UNNAMED,1938,1,22,19380105,600,,HU,22.9N,41.8W,65,,,,,,,,,,,,,
AL,UNNAMED,1938,1,22,19380105,1200,,TS,21.8N,42.5W,60,,,,,,,,,,,,,
AL,UNNAMED,1938,1,22,19380105,1800,,TS,20.6N,43.2W,55,,,,,,,,,,,,,
AL,UNNAMED,1938,1,22,19380106,0,,TS,19.3N,43.9W,50,,,,,,,,,,,,,
AL,UNNAMED,1938,1,22,19380106,600,,TS,18.0N,44.6W,45,,,,,,,,,,,,,
AL,UNNAMED,1938,1,22,19380106,1200,,TS,16.8N,45.3W,40,,,,,,,,,,,,,
AL,UNNAMED,1938,1,22,19380106,1800,,TS,15.8N,46.0W,35,,,,,,,,,,,,,
AL,UNNAMED,1938,2,7,19380808,600,,TS,17.5N,62.3W,60,,,,,,,,,,,,,
AL,UNNAMED,1938,2,7,19380808,1200,,TS,18.2N,63.4W,60,,,,,,,,,,,,,
AL,UNNAMED,1938,2,7,19380808,1800,,TS,18.9N,64.6W,55,,,,,,,,,,,,,
AL,UNNAMED,1938,2,7,19380809,0,,TS,19.1N,66.3W,50,,,,,,,,,,,,,
AL,UNNAMED,1938,2,7,19380809,600,,TS,19.2N,68.2W,45,,,,,,,,,,,,,
AL,UNNAMED,1938,2,7,19380809,1200,,TS,19.2N,70.5W,35,,,,,,,,,,,,,
AL,UNNAMED,1938,2,7,19380809,1800,,TS,19.2N,72.8W,35,,,,,,,,,,,,,
AL,UNNAMED,1938,3,24,19380810,0,,TS,11.2N,58.6W,35,,,,,,,,,,,,,
AL,UNNAMED,1938,3,24,19380810,600,,TS,11.6N,60.7W,40,,,,,,,,,,,,,
AL,UNNAMED,1938,3,24,19380810,1200,,TS,12.2N,62.8W,45,,,,,,,,,,,,,
AL,UNNAMED,1938,3,24,19380810,1800,,TS,13.1N,65.0W,45,,,,,,,,,,,,,
AL,UNNAMED,1938,3,24,19380811,0,,TS,14.1N,67.3W,50,,,,,,,,,,,,,
AL,UNNAMED,1938,3,24,19380811,600,,TS,15.4N,69.9W,55,,,,,,,,,,,,,
AL,UNNAMED,1938,3,24,19380811,1200,,TS,16.8N,72.7W,60,,,,,,,,,,,,,
AL,UNNAMED,1938,3,24,19380811,1800,,HU,18.0N,75.5W,65,,,,,,,,,,,,,
AL,UNNAMED,1938,3,24,19380812,0,,HU,18.7N,78.1W,70,,,,,,,,,,,,,
AL,UNNAMED,1938,3,24,19380812,600,,HU,19.0N,80.0W,80,,,,,,,,,,,,,
AL,UNNAMED,1938,3,24,19380812,1200,,HU,19.1N,81.7W,85,,,,,,,,,,,,,
AL,UNNAMED,1938,3,24,19380812,1800,,HU,19.6N,83.1W,85,,,,,,,,,,,,,
AL,UNNAMED,1938,3,24,19380813,0,,HU,20.4N,84.4W,85,,,,,,,,,,,,,
AL,UNNAMED,1938,3,24,19380813,600,,HU,21.4N,85.7W,85,,,,,,,,,,,,,
AL,UNNAMED,1938,3,24,19380813,1200,,HU,22.5N,87.0W,80,,,,,,,,,,,,,
AL,UNNAMED,1938,3,24,19380813,1800,,HU,23.6N,88.4W,80,,,,,,,,,,,,,
AL,UNNAMED,1938,3,24,19380814,0,,HU,24.7N,90.0W,75,,,,,,,,,,,,,
AL,UNNAMED,1938,3,24,19380814,600,,HU,25.8N,91.4W,70,,,,,,,,,,,,,
AL,UNNAMED,1938,3,24,19380814,1200,,HU,26.9N,92.3W,65,,,,,,,,,,,,,
AL,UNNAMED,1938,3,24,19380814,1800,,HU,28.2N,92.9W,65,,,,,,,,,,,,,
AL,UNNAMED,1938,3,24,19380815,0,,HU,29.5N,93.3W,65,,,,,,,,,,,,,
AL,UNNAMED,1938,3,24,19380815,100,L,HU,29.8N,93.4W,65,,,,,,,,,,,,,
AL,UNNAMED,1938,3,24,19380815,600,,TS,31.0N,93.6W,35,,,,,,,,,,,,,
AL,UNNAMED,1938,3,24,19380815,1200,,TD,33.0N,93.2W,20,,,,,,,,,,,,,
AL,UNNAMED,1938,4,24,19380823,600,,TS,13.9N,73.8W,45,,,,,,,,,,,,,
AL,UNNAMED,1938,4,24,19380823,1200,,TS,14.2N,75.2W,50,,,,,,,,,,,,,
AL,UNNAMED,1938,4,24,19380823,1800,,TS,14.9N,76.5W,50,,,,,,,,,,,,,
AL,UNNAMED,1938,4,24,19380824,0,,TS,15.8N,77.9W,55,,,,,,,,,,,,,
AL,UNNAMED,1938,4,24,19380824,600,,TS,16.6N,79.3W,60,,,,,,,,,,,,,
AL,UNNAMED,1938,4,24,19380824,1200,,HU,17.2N,80.6W,65,,,,,,,,,,,,,
AL,UNNAMED,1938,4,24,19380824,1800,,HU,17.7N,81.7W,70,,,,,,,,,,,,,
AL,UNNAMED,1938,4,24,19380825,0,,HU,18.1N,82.7W,75,,,,,,,,,,,,,
AL,UNNAMED,1938,4,24,19380825,600,,HU,18.6N,83.7W,85,,,,,,,,,,,,,
AL,UNNAMED,1938,4,24,19380825,1200,,HU,19.1N,84.8W,95,,,,,,,,,,,,,
AL,UNNAMED,1938,4,24,19380825,1800,,HU,19.6N,85.9W,105,,,,,,,,,,,,,
AL,UNNAMED,1938,4,24,19380826,0,,HU,20.2N,87.0W,105,,,,,,,,,,,,,
AL,UNNAMED,1938,4,24,19380826,600,,HU,20.8N,88.4W,80,,,,,,,,,,,,,
AL,UNNAMED,1938,4,24,19380826,1200,,HU,21.4N,89.8W,75,979,,,,,,,,,,,,
AL,UNNAMED,1938,4,24,19380826,1800,,HU,21.8N,91.0W,80,,,,,,,,,,,,,
AL,UNNAMED,1938,4,24,19380827,0,,HU,22.2N,92.1W,75,,,,,,,,,,,,,
AL,UNNAMED,1938,4,24,19380827,600,,HU,22.5N,93.2W,75,,,,,,,,,,,,,
AL,UNNAMED,1938,4,24,19380827,1200,,HU,22.8N,94.3W,75,,,,,,,,,,,,,
AL,UNNAMED,1938,4,24,19380827,1800,,HU,23.2N,95.4W,75,,,,,,,,,,,,,
AL,UNNAMED,1938,4,24,19380828,0,,HU,23.6N,96.4W,75,,,,,,,,,,,,,
AL,UNNAMED,1938,4,24,19380828,600,,HU,23.9N,97.4W,75,,,,,,,,,,,,,
AL,UNNAMED,1938,4,24,19380828,1200,,TS,24.1N,98.4W,55,,,,,,,,,,,,,
AL,UNNAMED,1938,4,24,19380828,1800,,TS,24.1N,99.4W,40,,,,,,,,,,,,,
AL,UNNAMED,1938,4,24,19380829,0,,TD,24.1N,100.4W,25,,,,,,,,,,,,,
AL,UNNAMED,1938,5,19,19380909,1200,,TD,13.0N,46.0W,25,,,,,,,,,,,,,
AL,UNNAMED,1938,5,19,19380909,1800,,TD,13.5N,47.1W,25,,,,,,,,,,,,,
AL,UNNAMED,1938,5,19,19380910,0,,TD,14.0N,48.2W,25,,,,,,,,,,,,,
AL,UNNAMED,1938,5,19,19380910,600,,TD,14.5N,49.4W,25,,,,,,,,,,,,,
AL,UNNAMED,1938,5,19,19380910,1200,,TD,15.0N,50.5W,30,,,,,,,,,,,,,
AL,UNNAMED,1938,5,19,19380910,1800,,TD,15.5N,51.6W,30,,,,,,,,,,,,,
AL,UNNAMED,1938,5,19,19380911,0,,TD,16.1N,52.8W,30,,,,,,,,,,,,,
AL,UNNAMED,1938,5,19,19380911,600,,TD,16.6N,53.9W,30,,,,,,,,,,,,,
AL,UNNAMED,1938,5,19,19380911,1200,,TD,17.2N,55.0W,30,,,,,,,,,,,,,
AL,UNNAMED,1938,5,19,19380911,1800,,TD,17.9N,56.1W,30,,,,,,,,,,,,,
AL,UNNAMED,1938,5,19,19380912,0,,TD,18.6N,57.2W,30,,,,,,,,,,,,,
AL,UNNAMED,1938,5,19,19380912,600,,TD,19.3N,58.4W,30,,,,,,,,,,,,,
AL,UNNAMED,1938,5,19,19380912,1200,,TD,20.0N,59.5W,30,,,,,,,,,,,,,
AL,UNNAMED,1938,5,19,19380912,1800,,TD,20.5N,60.7W,30,,,,,,,,,,,,,
AL,UNNAMED,1938,5,19,19380913,0,,TS,20.9N,62.0W,35,,,,,,,,,,,,,
AL,UNNAMED,1938,5,19,19380913,600,,TS,21.1N,63.2W,35,,,,,,,,,,,,,
AL,UNNAMED,1938,5,19,19380913,1200,,TS,21.4N,64.3W,35,,,,,,,,,,,,,
AL,UNNAMED,1938,5,19,19380913,1800,,TS,21.9N,65.1W,35,,,,,,,,,,,,,
AL,UNNAMED,1938,5,19,19380914,0,,TD,22.5N,65.7W,30,,,,,,,,,,,,,
AL,UNNAMED,1938,6,57,19380909,1200,,TD,12.8N,19.4W,30,,,,,,,,,,,,,
AL,UNNAMED,1938,6,57,19380909,1800,,TD,13.0N,20.6W,30,,,,,,,,,,,,,
AL,UNNAMED,1938,6,57,19380910,0,,TD,13.2N,21.8W,30,,,,,,,,,,,,,
AL,UNNAMED,1938,6,57,19380910,600,,TS,13.4N,23.0W,35,,,,,,,,,,,,,
AL,UNNAMED,1938,6,57,19380910,1200,,TS,13.6N,24.2W,40,,,,,,,,,,,,,
AL,UNNAMED,1938,6,57,19380910,1800,,TS,13.8N,25.3W,40,,,,,,,,,,,,,
AL,UNNAMED,1938,6,57,19380911,0,,TS,14.0N,26.3W,45,,,,,,,,,,,,,
AL,UNNAMED,1938,6,57,19380911,600,,TS,14.2N,27.4W,45,,,,,,,,,,,,,
AL,UNNAMED,1938,6,57,19380911,1200,,TS,14.5N,28.5W,45,,,,,,,,,,,,,
AL,UNNAMED,1938,6,57,19380911,1800,,TS,14.7N,29.7W,45,,,,,,,,,,,,,
AL,UNNAMED,1938,6,57,19380912,0,,TS,14.9N,31.0W,45,,,,,,,,,,,,,
AL,UNNAMED,1938,6,57,19380912,600,,TS,15.2N,32.4W,45,,,,,,,,,,,,,
AL,UNNAMED,1938,6,57,19380912,1200,,TS,15.5N,33.7W,45,,,,,,,,,,,,,
AL,UNNAMED,1938,6,57,19380912,1800,,TS,15.9N,34.7W,45,,,,,,,,,,,,,
AL,UNNAMED,1938,6,57,19380913,0,,TS,16.4N,35.7W,45,,,,,,,,,,,,,
AL,UNNAMED,1938,6,57,19380913,600,,TS,16.9N,36.7W,45,,,,,,,,,,,,,
AL,UNNAMED,1938,6,57,19380913,1200,,TS,17.2N,37.7W,45,,,,,,,,,,,,,
AL,UNNAMED,1938,6,57,19380913,1800,,TS,17.3N,38.8W,50,,,,,,,,,,,,,
AL,UNNAMED,1938,6,57,19380914,0,,TS,17.3N,40.0W,50,,,,,,,,,,,,,
AL,UNNAMED,1938,6,57,19380914,600,,TS,17.4N,41.2W,55,,,,,,,,,,,,,
AL,UNNAMED,1938,6,57,19380914,1200,,TS,17.5N,42.3W,55,,,,,,,,,,,,,
AL,UNNAMED,1938,6,57,19380914,1800,,TS,17.6N,43.3W,60,,,,,,,,,,,,,
AL,UNNAMED,1938,6,57,19380915,0,,HU,17.7N,44.3W,65,,,,,,,,,,,,,
AL,UNNAMED,1938,6,57,19380915,600,,HU,17.8N,45.3W,70,,,,,,,,,,,,,
AL,UNNAMED,1938,6,57,19380915,1200,,HU,17.9N,46.3W,75,,,,,,,,,,,,,
AL,UNNAMED,1938,6,57,19380915,1800,,HU,18.1N,47.3W,80,,,,,,,,,,,,,
AL,UNNAMED,1938,6,57,19380916,0,,HU,18.3N,48.3W,85,,,,,,,,,,,,,
AL,UNNAMED,1938,6,57,19380916,600,,HU,18.6N,49.4W,90,,,,,,,,,,,,,
AL,UNNAMED,1938,6,57,19380916,1200,,HU,18.9N,50.5W,95,,,,,,,,,,,,,
AL,UNNAMED,1938,6,57,19380916,1800,,HU,19.5N,51.6W,100,,,,,,,,,,,,,
AL,UNNAMED,1938,6,57,19380917,0,,HU,20.5N,52.7W,110,,,,,,,,,,,,,
AL,UNNAMED,1938,6,57,19380917,600,,HU,21.0N,53.8W,115,,,,,,,,,,,,,
AL,UNNAMED,1938,6,57,19380917,1200,,HU,21.2N,55.0W,115,,,,,,,,,,,,,
AL,UNNAMED,1938,6,57,19380917,1800,,HU,21.3N,56.5W,115,,,,,,,,,,,,,
AL,UNNAMED,1938,6,57,19380918,0,,HU,21.3N,58.0W,120,,,,,,,,,,,,,
AL,UNNAMED,1938,6,57,19380918,600,,HU,21.4N,59.6W,125,,,,,,,,,,,,,
AL,UNNAMED,1938,6,57,19380918,1200,,HU,21.7N,61.5W,125,,,,,,,,,,,,,
AL,UNNAMED,1938,6,57,19380918,1800,,HU,22.2N,63.5W,130,,,,,,,,,,,,,
AL,UNNAMED,1938,6,57,19380919,0,,HU,22.8N,65.5W,130,,,,,,,,,,,,,
AL,UNNAMED,1938,6,57,19380919,600,,HU,23.5N,67.5W,135,,,,,,,,,,,,,
AL,UNNAMED,1938,6,57,19380919,1200,,HU,24.2N,69.5W,135,,,,,,,,,,,,,
AL,UNNAMED,1938,6,57,19380919,1800,,HU,24.8N,71.1W,140,,,,,,,,,,,,,
AL,UNNAMED,1938,6,57,19380920,0,,HU,25.2N,72.4W,140,,,,,,,,,,,,,
AL,UNNAMED,1938,6,57,19380920,600,,HU,25.8N,73.4W,140,,,,,,,,,,,,,
AL,UNNAMED,1938,6,57,19380920,1200,,HU,26.7N,74.3W,135,,,,,,,,,,,,,
AL,UNNAMED,1938,6,57,19380920,1800,,HU,28.0N,74.8W,130,,,,,,,,,,,,,
AL,UNNAMED,1938,6,57,19380921,0,,HU,29.8N,74.9W,120,,,,,,,,,,,,,
AL,UNNAMED,1938,6,57,19380921,600,,HU,32.2N,74.4W,120,,,,,,,,,,,,,
AL,UNNAMED,1938,6,57,19380921,1200,,HU,35.2N,73.1W,110,940,,,,,,,,,,,,
AL,UNNAMED,1938,6,57,19380921,1800,,HU,39.3N,72.9W,105,940,,,,,,,,,,,,
AL,UNNAMED,1938,6,57,19380921,2000,L,HU,40.7N,72.9W,105,941,,,,,,,,,,,,
AL,UNNAMED,1938,6,57,19380921,2100,L,HU,41.3N,72.9W,100,946,,,,,,,,,,,,
AL,UNNAMED,1938,6,57,19380922,0,,EX,43.4N,73.1W,60,969,,,,,,,,,,,,
AL,UNNAMED,1938,6,57,19380922,600,,EX,46.5N,74.5W,40,,,,,,,,,,,,,
AL,UNNAMED,1938,6,57,19380922,1200,,EX,47.7N,77.3W,35,987,,,,,,,,,,,,
AL,UNNAMED,1938,6,57,19380922,1800,,EX,47.0N,77.8W,35,,,,,,,,,,,,,
AL,UNNAMED,1938,6,57,19380923,0,,EX,45.0N,77.0W,30,,,,,,,,,,,,,
AL,UNNAMED,1938,7,30,19381010,1800,,TD,16.0N,87.5W,30,,,,,,,,,,,,,
AL,UNNAMED,1938,7,30,19381011,0,,TS,16.4N,87.7W,35,,,,,,,,,,,,,
AL,UNNAMED,1938,7,30,19381011,600,,TS,17.4N,87.9W,40,,,,,,,,,,,,,
AL,UNNAMED,1938,7,30,19381011,1200,,TS,18.7N,88.1W,35,,,,,,,,,,,,,
AL,UNNAMED,1938,7,30,19381011,1800,,TD,19.8N,88.8W,30,,,,,,,,,,,,,
AL,UNNAMED,1938,7,30,19381012,0,,TD,20.8N,89.6W,30,,,,,,,,,,,,,
AL,UNNAMED,1938,7,30,19381012,600,,TS,21.8N,90.0W,35,,,,,,,,,,,,,
AL,UNNAMED,1938,7,30,19381012,1200,,TS,22.8N,90.2W,35,,,,,,,,,,,,,
AL,UNNAMED,1938,7,30,19381012,1800,,TS,23.8N,90.3W,35,,,,,,,,,,,,,
AL,UNNAMED,1938,7,30,19381013,0,,TS,24.8N,90.0W,35,,,,,,,,,,,,,
AL,UNNAMED,1938,7,30,19381013,600,,TS,25.2N,89.6W,40,,,,,,,,,,,,,
AL,UNNAMED,1938,7,30,19381013,1200,,TS,25.3N,88.7W,40,,,,,,,,,,,,,
AL,UNNAMED,1938,7,30,19381013,1800,,TS,25.2N,87.7W,45,,,,,,,,,,,,,
AL,UNNAMED,1938,7,30,19381014,0,,TS,25.1N,86.9W,45,,,,,,,,,,,,,
AL,UNNAMED,1938,7,30,19381014,600,,TS,25.0N,86.0W,50,,,,,,,,,,,,,
AL,UNNAMED,1938,7,30,19381014,1200,,TS,25.0N,85.1W,50,,,,,,,,,,,,,
AL,UNNAMED,1938,7,30,19381014,1800,,TS,25.3N,84.8W,50,,,,,,,,,,,,,
AL,UNNAMED,1938,7,30,19381015,0,,TS,25.6N,84.6W,50,996,,,,,,,,,,,,
AL,UNNAMED,1938,7,30,19381015,600,,TS,25.9N,84.7W,50,,,,,,,,,,,,,
AL,UNNAMED,1938,7,30,19381015,1200,,TS,26.1N,84.9W,45,,,,,,,,,,,,,
AL,UNNAMED,1938,7,30,19381015,1800,,TS,26.1N,85.3W,45,,,,,,,,,,,,,
AL,UNNAMED,1938,7,30,19381016,0,,TS,26.1N,86.1W,40,,,,,,,,,,,,,
AL,UNNAMED,1938,7,30,19381016,600,,TS,26.2N,87.6W,40,,,,,,,,,,,,,
AL,UNNAMED,1938,7,30,19381016,1200,,TS,26.4N,89.1W,40,,,,,,,,,,,,,
AL,UNNAMED,1938,7,30,19381016,1800,,TS,27.0N,90.7W,40,,,,,,,,,,,,,
AL,UNNAMED,1938,7,30,19381017,0,,TS,27.7N,92.1W,40,,,,,,,,,,,,,
AL,UNNAMED,1938,7,30,19381017,600,,TS,28.4N,93.4W,40,,,,,,,,,,,,,
AL,UNNAMED,1938,7,30,19381017,1200,,TS,29.2N,94.7W,40,1004,,,,,,,,,,,,
AL,UNNAMED,1938,7,30,19381017,1300,L,TS,29.3N,94.8W,40,1004,,,,,,,,,,,,
AL,UNNAMED,1938,7,30,19381017,1800,,TD,29.9N,96.1W,30,,,,,,,,,,,,,
AL,UNNAMED,1938,8,19,19381016,1200,,TD,32.0N,64.0W,25,,,,,,,,,,,,,
AL,UNNAMED,1938,8,19,19381016,1800,,TD,32.4N,63.6W,25,,,,,,,,,,,,,
AL,UNNAMED,1938,8,19,19381017,0,,TD,32.7N,63.3W,25,,,,,,,,,,,,,
AL,UNNAMED,1938,8,19,19381017,600,,TD,33.0N,63.2W,25,,,,,,,,,,,,,
AL,UNNAMED,1938,8,19,19381017,1200,,TD,32.9N,63.6W,25,1008,,,,,,,,,,,,
AL,UNNAMED,1938,8,19,19381017,1800,,TD,32.3N,64.8W,25,,,,,,,,,,,,,
AL,UNNAMED,1938,8,19,19381018,0,,TD,31.0N,66.4W,30,,,,,,,,,,,,,
AL,UNNAMED,1938,8,19,19381018,600,,TD,29.7N,68.1W,30,,,,,,,,,,,,,
AL,UNNAMED,1938,8,19,19381018,1200,,TD,28.8N,69.8W,30,1007,,,,,,,,,,,,
AL,UNNAMED,1938,8,19,19381018,1800,,TD,28.2N,70.9W,30,,,,,,,,,,,,,
AL,UNNAMED,1938,8,19,19381019,0,,TS,27.6N,72.0W,35,,,,,,,,,,,,,
AL,UNNAMED,1938,8,19,19381019,600,,TS,27.0N,73.8W,35,,,,,,,,,,,,,
AL,UNNAMED,1938,8,19,19381019,1200,,TS,26.5N,75.8W,35,,,,,,,,,,,,,
AL,UNNAMED,1938,8,19,19381019,1800,,TS,26.5N,77.0W,35,,,,,,,,,,,,,
AL,UNNAMED,1938,8,19,19381020,0,,TS,26.7N,78.0W,35,,,,,,,,,,,,,
AL,UNNAMED,1938,8,19,19381020,600,,TS,27.3N,78.8W,35,,,,,,,,,,,,,
AL,UNNAMED,1938,8,19,19381020,1200,,TS,27.9N,78.7W,35,1005,,,,,,,,,,,,
AL,UNNAMED,1938,8,19,19381020,1800,,TD,29.0N,78.1W,30,,,,,,,,,,,,,
AL,UNNAMED,1938,8,19,19381021,0,,TD,30.0N,77.6W,30,1004,,,,,,,,,,,,
AL,UNNAMED,1938,9,15,19381107,600,,TS,20.2N,72.4W,50,,,,,,,,,,,,,
AL,UNNAMED,1938,9,15,19381107,1200,,TS,21.3N,73.3W,60,,,,,,,,,,,,,
AL,UNNAMED,1938,9,15,19381107,1800,,TS,22.2N,74.0W,60,,,,,,,,,,,,,
AL,UNNAMED,1938,9,15,19381108,0,,TS,22.9N,75.0W,60,,,,,,,,,,,,,
AL,UNNAMED,1938,9,15,19381108,600,,TS,23.5N,76.0W,55,,,,,,,,,,,,,
AL,UNNAMED,1938,9,15,19381108,1200,,TS,23.9N,77.1W,50,,,,,,,,,,,,,
AL,UNNAMED,1938,9,15,19381108,1800,,TS,23.8N,78.2W,45,,,,,,,,,,,,,
AL,UNNAMED,1938,9,15,19381109,0,,TS,23.4N,78.9W,45,,,,,,,,,,,,,
AL,UNNAMED,1938,9,15,19381109,600,,TS,22.7N,79.6W,45,,,,,,,,,,,,,
AL,UNNAMED,1938,9,15,19381109,1200,,TS,22.1N,80.2W,40,,,,,,,,,,,,,
AL,UNNAMED,1938,9,15,19381109,1800,,TS,21.6N,80.8W,35,,,,,,,,,,,,,
AL,UNNAMED,1938,9,15,19381110,0,,TD,21.1N,81.3W,30,,,,,,,,,,,,,
AL,UNNAMED,1938,9,15,19381110,600,,TD,20.5N,81.8W,30,,,,,,,,,,,,,
AL,UNNAMED,1938,9,15,19381110,1200,,TD,19.8N,82.4W,25,,,,,,,,,,,,,
AL,UNNAMED,1938,9,15,19381110,1800,,TD,19.1N,83.0W,25,,,,,,,,,,,,,
AL,UNNAMED,1939,1,28,19390612,600,,TD,17.6N,87.8W,30,,,,,,,,,,,,,
AL,UNNAMED,1939,1,28,19390612,1200,,TS,18.6N,87.1W,35,,,,,,,,,,,,,
AL,UNNAMED,1939,1,28,19390612,1800,,TS,19.6N,86.5W,40,,,,,,,,,,,,,
AL,UNNAMED,1939,1,28,19390613,0,,TS,20.7N,86.0W,45,,,,,,,,,,,,,
AL,UNNAMED,1939,1,28,19390613,600,,TS,21.9N,85.8W,55,,,,,,,,,,,,,
AL,UNNAMED,1939,1,28,19390613,1200,,TS,23.1N,85.8W,55,,,,,,,,,,,,,
AL,UNNAMED,1939,1,28,19390613,1800,,TS,24.2N,85.9W,55,,,,,,,,,,,,,
AL,UNNAMED,1939,1,28,19390614,0,,TS,25.2N,86.0W,55,,,,,,,,,,,,,
AL,UNNAMED,1939,1,28,19390614,600,,TS,26.1N,86.2W,50,,,,,,,,,,,,,
AL,UNNAMED,1939,1,28,19390614,1200,,TS,26.9N,86.5W,50,,,,,,,,,,,,,
AL,UNNAMED,1939,1,28,19390614,1800,,TS,27.6N,87.1W,50,,,,,,,,,,,,,
AL,UNNAMED,1939,1,28,19390615,0,,TS,28.2N,87.8W,50,,,,,,,,,,,,,
AL,UNNAMED,1939,1,28,19390615,600,,TS,28.6N,88.4W,50,,,,,,,,,,,,,
AL,UNNAMED,1939,1,28,19390615,1200,,TS,28.3N,88.4W,50,,,,,,,,,,,,,
AL,UNNAMED,1939,1,28,19390615,1800,,TS,28.6N,88.1W,50,,,,,,,,,,,,,
AL,UNNAMED,1939,1,28,19390616,0,,TS,29.1N,87.9W,50,,,,,,,,,,,,,
AL,UNNAMED,1939,1,28,19390616,600,,TS,29.6N,87.7W,50,,,,,,,,,,,,,
AL,UNNAMED,1939,1,28,19390616,1200,,TS,30.2N,87.6W,50,,,,,,,,,,,,,
AL,UNNAMED,1939,1,28,19390616,1300,L,TS,30.3N,87.6W,50,,,,,,,,,,,,,
AL,UNNAMED,1939,1,28,19390616,1800,,TS,31.2N,88.1W,35,,,,,,,,,,,,,
AL,UNNAMED,1939,1,28,19390617,0,,TD,32.2N,88.8W,30,,,,,,,,,,,,,
AL,UNNAMED,1939,1,28,19390617,600,,TD,33.3N,89.0W,25,,,,,,,,,,,,,
AL,UNNAMED,1939,1,28,19390617,1200,,TD,34.5N,89.0W,25,,,,,,,,,,,,,
AL,UNNAMED,1939,1,28,19390617,1800,,TD,35.7N,88.8W,25,,,,,,,,,,,,,
AL,UNNAMED,1939,1,28,19390618,0,,TD,36.9N,88.3W,20,,,,,,,,,,,,,
AL,UNNAMED,1939,1,28,19390618,600,,TD,38.2N,87.3W,20,,,,,,,,,,,,,
AL,UNNAMED,1939,1,28,19390618,1200,,EX,39.5N,85.5W,20,,,,,,,,,,,,,
AL,UNNAMED,1939,1,28,19390618,1800,,EX,40.8N,83.3W,20,,,,,,,,,,,,,
AL,UNNAMED,1939,2,50,19390807,1800,,TD,19.3N,63.9W,30,,,,,,,,,,,,,
AL,UNNAMED,1939,2,50,19390808,0,,TD,19.5N,64.6W,30,,,,,,,,,,,,,
AL,UNNAMED,1939,2,50,19390808,600,,TD,19.9N,65.3W,30,,,,,,,,,,,,,
AL,UNNAMED,1939,2,50,19390808,1200,,TD,20.2N,66.0W,30,,,,,,,,,,,,,
AL,UNNAMED,1939,2,50,19390808,1800,,TD,20.7N,66.9W,30,,,,,,,,,,,,,
AL,UNNAMED,1939,2,50,19390809,0,,TS,21.5N,68.0W,35,,,,,,,,,,,,,
AL,UNNAMED,1939,2,50,19390809,600,,TS,22.2N,69.2W,35,,,,,,,,,,,,,
AL,UNNAMED,1939,2,50,19390809,1200,,TS,22.8N,70.3W,40,,,,,,,,,,,,,
AL,UNNAMED,1939,2,50,19390809,1800,,TS,23.3N,71.3W,40,,,,,,,,,,,,,
AL,UNNAMED,1939,2,50,19390810,0,,TS,23.7N,72.3W,45,,,,,,,,,,,,,
AL,UNNAMED,1939,2,50,19390810,600,,TS,24.0N,73.3W,45,,,,,,,,,,,,,
AL,UNNAMED,1939,2,50,19390810,1200,,TS,24.3N,74.3W,50,,,,,,,,,,,,,
AL,UNNAMED,1939,2,50,19390810,1800,,TS,24.7N,75.3W,55,,,,,,,,,,,,,
AL,UNNAMED,1939,2,50,19390811,0,,TS,25.2N,76.3W,55,,,,,,,,,,,,,
AL,UNNAMED,1939,2,50,19390811,600,,TS,25.7N,77.3W,60,,,,,,,,,,,,,
AL,UNNAMED,1939,2,50,19390811,1200,,HU,26.2N,78.3W,65,,,,,,,,,,,,,
AL,UNNAMED,1939,2,50,19390811,1800,,HU,26.7N,79.3W,65,,,,,,,,,,,,,
AL,UNNAMED,1939,2,50,19390811,2300,L,HU,27.2N,80.2W,65,,,,,,,,,,,,,
AL,UNNAMED,1939,2,50,19390812,0,,HU,27.3N,80.4W,65,,,,,,,,,,,,,
AL,UNNAMED,1939,2,50,19390812,600,,TS,27.9N,81.9W,50,,,,,,,,,,,,,
AL,UNNAMED,1939,2,50,19390812,1200,,TS,28.6N,83.4W,55,,,,,,,,,,,,,
AL,UNNAMED,1939,2,50,19390812,1800,,HU,29.2N,84.6W,65,,,,,,,,,,,,,
AL,UNNAMED,1939,2,50,19390813,0,,HU,29.8N,85.6W,65,,,,,,,,,,,,,
AL,UNNAMED,1939,2,50,19390813,600,L,HU,30.4N,86.4W,65,985,,,,,,,,,,,,
AL,UNNAMED,1939,2,50,19390813,1200,,TS,31.0N,87.1W,50,,,,,,,,,,,,,
AL,UNNAMED,1939,2,50,19390813,1800,,TS,31.4N,87.5W,40,,,,,,,,,,,,,
AL,UNNAMED,1939,2,50,19390814,0,,TS,31.6N,87.8W,35,,,,,,,,,,,,,
AL,UNNAMED,1939,2,50,19390814,600,,TD,31.8N,88.0W,30,,,,,,,,,,,,,
AL,UNNAMED,1939,2,50,19390814,1200,,TD,32.0N,88.0W,30,,,,,,,,,,,,,
AL,UNNAMED,1939,2,50,19390814,1800,,TD,32.3N,88.0W,30,,,,,,,,,,,,,
AL,UNNAMED,1939,2,50,19390815,0,,TD,32.6N,87.9W,30,,,,,,,,,,,,,
AL,UNNAMED,1939,2,50,19390815,600,,TD,32.8N,87.8W,30,,,,,,,,,,,,,
AL,UNNAMED,1939,2,50,19390815,1200,,TD,33.0N,87.8W,30,,,,,,,,,,,,,
AL,UNNAMED,1939,2,50,19390815,1800,,TD,33.1N,87.7W,30,,,,,,,,,,,,,
AL,UNNAMED,1939,2,50,19390816,0,,TD,33.1N,87.6W,30,,,,,,,,,,,,,
AL,UNNAMED,1939,2,50,19390816,600,,TD,33.1N,87.4W,30,,,,,,,,,,,,,
AL,UNNAMED,1939,2,50,19390816,1200,,TD,33.1N,87.2W,30,,,,,,,,,,,,,
AL,UNNAMED,1939,2,50,19390816,1800,,TD,33.1N,87.1W,30,,,,,,,,,,,,,
AL,UNNAMED,1939,2,50,19390817,0,,TD,33.1N,87.0W,30,,,,,,,,,,,,,
AL,UNNAMED,1939,2,50,19390817,600,,TD,33.1N,87.0W,30,,,,,,,,,,,,,
AL,UNNAMED,1939,2,50,19390817,1200,,TD,33.3N,86.9W,25,,,,,,,,,,,,,
AL,UNNAMED,1939,2,50,19390817,1800,,TD,34.0N,86.8W,25,,,,,,,,,,,,,
AL,UNNAMED,1939,2,50,19390818,0,,TD,35.0N,86.7W,25,,,,,,,,,,,,,
AL,UNNAMED,1939,2,50,19390818,600,,TD,36.0N,86.5W,25,,,,,,,,,,,,,
AL,UNNAMED,1939,2,50,19390818,1200,,TD,37.0N,86.0W,25,,,,,,,,,,,,,
AL,UNNAMED,1939,2,50,19390818,1800,,TD,37.7N,85.0W,25,,,,,,,,,,,,,
AL,UNNAMED,1939,2,50,19390819,0,,TD,38.2N,83.0W,30,,,,,,,,,,,,,
AL,UNNAMED,1939,2,50,19390819,600,,TD,38.6N,80.5W,30,,,,,,,,,,,,,
AL,UNNAMED,1939,2,50,19390819,1200,,TD,39.0N,77.4W,30,,,,,,,,,,,,,
AL,UNNAMED,1939,2,50,19390819,1800,,TD,39.2N,74.0W,30,,,,,,,,,,,,,
AL,UNNAMED,1939,3,24,19390815,0,,TD,31.4N,62.0W,30,,,,,,,,,,,,,
AL,UNNAMED,1939,3,24,19390815,600,,TD,31.7N,62.5W,30,,,,,,,,,,,,,
AL,UNNAMED,1939,3,24,19390815,1200,,TS,32.0N,63.0W,35,,,,,,,,,,,,,
AL,UNNAMED,1939,3,24,19390815,1800,,TS,32.3N,63.3W,35,,,,,,,,,,,,,
AL,UNNAMED,1939,3,24,19390816,0,,TS,32.6N,63.6W,35,,,,,,,,,,,,,
AL,UNNAMED,1939,3,24,19390816,600,,TS,32.8N,63.8W,35,,,,,,,,,,,,,
AL,UNNAMED,1939,3,24,19390816,1200,,TS,33.0N,64.0W,35,,,,,,,,,,,,,
AL,UNNAMED,1939,3,24,19390816,1800,,TS,33.1N,64.2W,35,,,,,,,,,,,,,
AL,UNNAMED,1939,3,24,19390817,0,,TS,33.1N,64.4W,35,,,,,,,,,,,,,
AL,UNNAMED,1939,3,24,19390817,600,,TS,33.2N,64.6W,40,,,,,,,,,,,,,
AL,UNNAMED,1939,3,24,19390817,1200,,TS,33.5N,64.5W,45,,,,,,,,,,,,,
AL,UNNAMED,1939,3,24,19390817,1800,,TS,34.1N,64.1W,50,,,,,,,,,,,,,
AL,UNNAMED,1939,3,24,19390818,0,,TS,35.1N,63.6W,55,,,,,,,,,,,,,
AL,UNNAMED,1939,3,24,19390818,600,,TS,36.5N,62.9W,55,,,,,,,,,,,,,
AL,UNNAMED,1939,3,24,19390818,1200,,TS,38.0N,62.0W,55,,,,,,,,,,,,,
AL,UNNAMED,1939,3,24,19390818,1800,,TS,39.5N,60.8W,55,,,,,,,,,,,,,
AL,UNNAMED,1939,3,24,19390819,0,,TS,41.0N,59.3W,50,,,,,,,,,,,,,
AL,UNNAMED,1939,3,24,19390819,600,,TS,42.5N,57.5W,45,,,,,,,,,,,,,
AL,UNNAMED,1939,3,24,19390819,1200,,TS,44.0N,55.5W,40,,,,,,,,,,,,,
AL,UNNAMED,1939,3,24,19390819,1800,,TS,46.0N,53.5W,40,,,,,,,,,,,,,
AL,UNNAMED,1939,3,24,19390820,0,,EX,48.2N,51.5W,35,,,,,,,,,,,,,
AL,UNNAMED,1939,3,24,19390820,600,,EX,50.5N,49.6W,35,,,,,,,,,,,,,
AL,UNNAMED,1939,3,24,19390820,1200,,EX,53.0N,48.0W,35,,,,,,,,,,,,,
AL,UNNAMED,1939,3,24,19390820,1800,,EX,56.0N,46.5W,35,,,,,,,,,,,,,
AL,UNNAMED,1939,4,19,19390923,0,,TS,19.3N,94.2W,35,,,,,,,,,,,,,
AL,UNNAMED,1939,4,19,19390923,600,,TS,19.5N,94.1W,35,,,,,,,,,,,,,
AL,UNNAMED,1939,4,19,19390923,1200,,TS,19.7N,94.0W,35,,,,,,,,,,,,,
AL,UNNAMED,1939,4,19,19390923,1800,,TS,20.0N,93.7W,35,,,,,,,,,,,,,
AL,UNNAMED,1939,4,19,19390924,0,,TS,20.3N,93.3W,35,,,,,,,,,,,,,
AL,UNNAMED,1939,4,19,19390924,600,,TS,20.7N,92.8W,35,,,,,,,,,,,,,
AL,UNNAMED,1939,4,19,19390924,1200,,TS,21.2N,92.3W,35,,,,,,,,,,,,,
AL,UNNAMED,1939,4,19,19390924,1800,,TS,22.1N,92.0W,35,,,,,,,,,,,,,
AL,UNNAMED,1939,4,19,19390925,0,,TS,23.2N,91.8W,35,,,,,,,,,,,,,
AL,UNNAMED,1939,4,19,19390925,600,,TS,24.4N,91.7W,40,,,,,,,,,,,,,
AL,UNNAMED,1939,4,19,19390925,1200,,TS,25.5N,91.5W,40,,,,,,,,,,,,,
AL,UNNAMED,1939,4,19,19390925,1800,,TS,26.6N,91.2W,40,,,,,,,,,,,,,
AL,UNNAMED,1939,4,19,19390926,0,,TS,27.7N,90.8W,45,,,,,,,,,,,,,
AL,UNNAMED,1939,4,19,19390926,600,,TS,28.8N,90.3W,45,,,,,,,,,,,,,
AL,UNNAMED,1939,4,19,19390926,800,L,TS,29.1N,90.2W,45,,,,,,,,,,,,,
AL,UNNAMED,1939,4,19,19390926,1200,,TS,29.8N,89.7W,45,,,,,,,,,,,,,
AL,UNNAMED,1939,4,19,19390926,1800,,TS,30.8N,89.0W,40,,,,,,,,,,,,,
AL,UNNAMED,1939,4,19,19390927,0,,TD,31.8N,88.0W,30,,,,,,,,,,,,,
AL,UNNAMED,1939,4,19,19390927,600,,TD,32.8N,86.7W,25,,,,,,,,,,,,,
AL,UNNAMED,1939,5,30,19391011,1200,,TD,17.5N,62.5W,25,,,,,,,,,,,,,
AL,UNNAMED,1939,5,30,19391011,1800,,TD,17.7N,62.5W,25,,,,,,,,,,,,,
AL,UNNAMED,1939,5,30,19391012,0,,TD,18.0N,62.6W,30,,,,,,,,,,,,,
AL,UNNAMED,1939,5,30,19391012,600,,TD,18.3N,62.7W,30,,,,,,,,,,,,,
AL,UNNAMED,1939,5,30,19391012,1200,,TS,18.7N,62.9W,35,,,,,,,,,,,,,
AL,UNNAMED,1939,5,30,19391012,1800,,TS,19.1N,63.3W,35,,,,,,,,,,,,,
AL,UNNAMED,1939,5,30,19391013,0,,TS,19.6N,63.8W,35,,,,,,,,,,,,,
AL,UNNAMED,1939,5,30,19391013,600,,TS,20.2N,64.5W,40,,,,,,,,,,,,,
AL,UNNAMED,1939,5,30,19391013,1200,,TS,20.8N,65.3W,40,,,,,,,,,,,,,
AL,UNNAMED,1939,5,30,19391013,1800,,TS,21.3N,66.1W,50,,,,,,,,,,,,,
AL,UNNAMED,1939,5,30,19391014,0,,TS,21.6N,66.9W,60,,,,,,,,,,,,,
AL,UNNAMED,1939,5,30,19391014,600,,HU,21.9N,67.4W,70,,,,,,,,,,,,,
AL,UNNAMED,1939,5,30,19391014,1200,,HU,22.3N,67.9W,80,,,,,,,,,,,,,
AL,UNNAMED,1939,5,30,19391014,1800,,HU,23.1N,68.1W,90,,,,,,,,,,,,,
AL,UNNAMED,1939,5,30,19391015,0,,HU,24.1N,68.0W,100,,,,,,,,,,,,,
AL,UNNAMED,1939,5,30,19391015,600,,HU,25.2N,67.5W,110,,,,,,,,,,,,,
AL,UNNAMED,1939,5,30,19391015,1200,,HU,26.3N,66.9W,120,,,,,,,,,,,,,
AL,UNNAMED,1939,5,30,19391015,1800,,HU,27.4N,66.4W,120,,,,,,,,,,,,,
AL,UNNAMED,1939,5,30,19391016,0,,HU,28.5N,65.9W,120,,,,,,,,,,,,,
AL,UNNAMED,1939,5,30,19391016,600,,HU,29.6N,65.4W,120,,,,,,,,,,,,,
AL,UNNAMED,1939,5,30,19391016,1200,,HU,30.8N,64.9W,115,,,,,,,,,,,,,
AL,UNNAMED,1939,5,30,19391016,1800,,HU,32.2N,64.0W,115,,,,,,,,,,,,,
AL,UNNAMED,1939,5,30,19391017,0,,HU,33.7N,62.8W,115,,,,,,,,,,,,,
AL,UNNAMED,1939,5,30,19391017,600,,HU,35.3N,61.5W,110,,,,,,,,,,,,,
AL,UNNAMED,1939,5,30,19391017,1200,,HU,37.0N,60.0W,105,,,,,,,,,,,,,
AL,UNNAMED,1939,5,30,19391017,1800,,HU,39.9N,58.0W,95,,,,,,,,,,,,,
AL,UNNAMED,1939,5,30,19391018,0,,EX,43.9N,55.8W,85,,,,,,,,,,,,,
AL,UNNAMED,1939,5,30,19391018,600,,EX,47.0N,53.6W,75,,,,,,,,,,,,,
AL,UNNAMED,1939,5,30,19391018,1200,,EX,50.2N,51.0W,70,,,,,,,,,,,,,
AL,UNNAMED,1939,5,30,19391018,1800,,EX,53.5N,48.0W,60,,,,,,,,,,,,,
AL,UNNAMED,1939,6,39,19391028,1200,,TD,15.0N,82.0W,25,,,,,,,,,,,,,
AL,UNNAMED,1939,6,39,19391028,1800,,TD,15.3N,82.4W,25,,,,,,,,,,,,,
AL,UNNAMED,1939,6,39,19391029,0,,TD,15.6N,82.8W,30,,,,,,,,,,,,,
AL,UNNAMED,1939,6,39,19391029,600,,TD,15.9N,83.2W,30,,,,,,,,,,,,,
AL,UNNAMED,1939,6,39,19391029,1200,,TD,16.2N,83.5W,30,,,,,,,,,,,,,
AL,UNNAMED,1939,6,39,19391029,1800,,TD,16.6N,83.8W,30,,,,,,,,,,,,,
AL,UNNAMED,1939,6,39,19391030,0,,TS,17.2N,84.1W,35,,,,,,,,,,,,,
AL,UNNAMED,1939,6,39,19391030,600,,TS,17.9N,84.4W,35,,,,,,,,,,,,,
AL,UNNAMED,1939,6,39,19391030,1200,,TS,18.5N,84.5W,35,,,,,,,,,,,,,
AL,UNNAMED,1939,6,39,19391030,1800,,TS,18.9N,84.2W,40,,,,,,,,,,,,,
AL,UNNAMED,1939,6,39,19391031,0,,TS,19.1N,83.6W,45,,,,,,,,,,,,,
AL,UNNAMED,1939,6,39,19391031,600,,TS,19.2N,83.2W,55,,,,,,,,,,,,,
AL,UNNAMED,1939,6,39,19391031,1200,,HU,19.2N,82.5W,65,,,,,,,,,,,,,
AL,UNNAMED,1939,6,39,19391031,1800,,HU,19.2N,81.8W,75,,,,,,,,,,,,,
AL,UNNAMED,1939,6,39,19391101,0,,HU,19.2N,80.9W,80,,,,,,,,,,,,,
AL,UNNAMED,1939,6,39,19391101,600,,HU,19.2N,80.0W,70,,,,,,,,,,,,,
AL,UNNAMED,1939,6,39,19391101,1200,,HU,19.2N,79.0W,65,,,,,,,,,,,,,
AL,UNNAMED,1939,6,39,19391101,1800,,TS,19.2N,78.5W,60,,,,,,,,,,,,,
AL,UNNAMED,1939,6,39,19391102,0,,TS,19.3N,78.2W,60,,,,,,,,,,,,,
AL,UNNAMED,1939,6,39,19391102,600,,TS,19.4N,78.0W,55,,,,,,,,,,,,,
AL,UNNAMED,1939,6,39,19391102,1200,,TS,19.4N,77.8W,55,,,,,,,,,,,,,
AL,UNNAMED,1939,6,39,19391102,1800,,TS,19.2N,77.5W,55,,,,,,,,,,,,,
AL,UNNAMED,1939,6,39,19391103,0,,TS,19.0N,77.2W,55,,,,,,,,,,,,,
AL,UNNAMED,1939,6,39,19391103,600,,TS,18.8N,76.8W,55,,,,,,,,,,,,,
AL,UNNAMED,1939,6,39,19391103,1200,,TS,18.9N,76.5W,55,,,,,,,,,,,,,
AL,UNNAMED,1939,6,39,19391103,1800,,TS,19.2N,76.2W,55,,,,,,,,,,,,,
AL,UNNAMED,1939,6,39,19391104,0,,TS,19.7N,75.9W,55,,,,,,,,,,,,,
AL,UNNAMED,1939,6,39,19391104,600,,TS,20.2N,75.7W,50,,,,,,,,,,,,,
AL,UNNAMED,1939,6,39,19391104,1200,,TS,20.7N,75.5W,50,,,,,,,,,,,,,
AL,UNNAMED,1939,6,39,19391104,1800,,TS,21.1N,75.3W,50,,,,,,,,,,,,,
AL,UNNAMED,1939,6,39,19391105,0,,TS,21.6N,75.2W,50,,,,,,,,,,,,,
AL,UNNAMED,1939,6,39,19391105,600,,TS,22.1N,75.2W,50,,,,,,,,,,,,,
AL,UNNAMED,1939,6,39,19391105,1200,,TS,22.7N,75.0W,50,,,,,,,,,,,,,
AL,UNNAMED,1939,6,39,19391105,1800,,TS,23.9N,74.2W,50,,,,,,,,,,,,,
AL,UNNAMED,1939,6,39,19391106,0,,TS,25.7N,73.0W,55,,,,,,,,,,,,,
AL,UNNAMED,1939,6,39,19391106,600,,TS,27.6N,71.5W,55,,,,,,,,,,,,,
AL,UNNAMED,1939,6,39,19391106,1200,,TS,29.7N,69.5W,55,,,,,,,,,,,,,
AL,UNNAMED,1939,6,39,19391106,1800,,EX,33.0N,67.4W,55,,,,,,,,,,,,,
AL,UNNAMED,1939,6,39,19391107,0,,EX,37.0N,65.0W,55,,,,,,,,,,,,,
AL,UNNAMED,1940,1,32,19400519,1200,,TS,22.0N,71.0W,35,,,,,,,,,,,,,
AL,UNNAMED,1940,1,32,19400519,1800,,TS,22.7N,71.3W,35,,,,,,,,,,,,,
AL,UNNAMED,1940,1,32,19400520,0,,TS,23.4N,71.5W,35,,,,,,,,,,,,,
AL,UNNAMED,1940,1,32,19400520,600,,TS,24.2N,71.7W,35,,,,,,,,,,,,,
AL,UNNAMED,1940,1,32,19400520,1200,,TS,25.0N,71.9W,40,,,,,,,,,,,,,
AL,UNNAMED,1940,1,32,19400520,1800,,TS,26.0N,72.1W,40,,,,,,,,,,,,,
AL,UNNAMED,1940,1,32,19400521,0,,TS,27.0N,72.2W,45,,,,,,,,,,,,,
AL,UNNAMED,1940,1,32,19400521,600,,TS,28.0N,72.3W,45,,,,,,,,,,,,,
AL,UNNAMED,1940,1,32,19400521,1200,,TS,29.0N,72.4W,50,,,,,,,,,,,,,
AL,UNNAMED,1940,1,32,19400521,1800,,TS,30.1N,72.5W,50,,,,,,,,,,,,,
AL,UNNAMED,1940,1,32,19400522,0,,TS,31.5N,72.7W,55,,,,,,,,,,,,,
AL,UNNAMED,1940,1,32,19400522,600,,TS,33.5N,72.8W,55,,,,,,,,,,,,,
AL,UNNAMED,1940,1,32,19400522,1200,,TS,35.0N,72.8W,55,,,,,,,,,,,,,
AL,UNNAMED,1940,1,32,19400522,1800,,TS,35.6N,72.6W,55,,,,,,,,,,,,,
AL,UNNAMED,1940,1,32,19400523,0,,TS,35.9N,72.3W,50,,,,,,,,,,,,,
AL,UNNAMED,1940,1,32,19400523,600,,TS,36.0N,71.9W,50,,,,,,,,,,,,,
AL,UNNAMED,1940,1,32,19400523,1200,,TS,36.0N,71.5W,50,,,,,,,,,,,,,
AL,UNNAMED,1940,1,32,19400523,1800,,TS,36.0N,71.1W,45,,,,,,,,,,,,,
AL,UNNAMED,1940,1,32,19400524,0,,TS,35.9N,70.7W,40,,,,,,,,,,,,,
AL,UNNAMED,1940,1,32,19400524,600,,TS,35.7N,70.3W,40,,,,,,,,,,,,,
AL,UNNAMED,1940,1,32,19400524,1200,,TS,35.7N,69.8W,35,,,,,,,,,,,,,
AL,UNNAMED,1940,1,32,19400524,1800,,TS,36.2N,69.2W,35,,,,,,,,,,,,,
AL,UNNAMED,1940,1,32,19400525,0,,TS,36.7N,68.5W,35,,,,,,,,,,,,,
AL,UNNAMED,1940,1,32,19400525,600,,TS,37.3N,67.9W,35,,,,,,,,,,,,,
AL,UNNAMED,1940,1,32,19400525,1200,,EX,37.9N,67.3W,30,,,,,,,,,,,,,
AL,UNNAMED,1940,1,32,19400525,1800,,EX,38.5N,66.7W,30,,,,,,,,,,,,,
AL,UNNAMED,1940,1,32,19400526,0,,EX,39.1N,66.2W,30,,,,,,,,,,,,,
AL,UNNAMED,1940,1,32,19400526,600,,EX,39.6N,65.7W,30,,,,,,,,,,,,,
AL,UNNAMED,1940,1,32,19400526,1200,,EX,40.2N,65.2W,30,,,,,,,,,,,,,
AL,UNNAMED,1940,1,32,19400526,1800,,EX,41.1N,64.3W,30,,,,,,,,,,,,,
AL,UNNAMED,1940,1,32,19400527,0,,EX,42.2N,63.1W,25,,,,,,,,,,,,,
AL,UNNAMED,1940,1,32,19400527,600,,EX,43.5N,61.5W,20,,,,,,,,,,,,,
AL,UNNAMED,1940,2,31,19400803,1200,,TD,28.5N,83.1W,25,,,,,,,,,,,,,
AL,UNNAMED,1940,2,31,19400803,1800,,TD,28.1N,83.9W,30,,,,,,,,,,,,,
AL,UNNAMED,1940,2,31,19400804,0,,TS,27.9N,84.7W,35,,,,,,,,,,,,,
AL,UNNAMED,1940,2,31,19400804,600,,TS,27.8N,85.3W,40,,,,,,,,,,,,,
AL,UNNAMED,1940,2,31,19400804,1200,,TS,27.8N,85.9W,40,,,,,,,,,,,,,
AL,UNNAMED,1940,2,31,19400804,1800,,TS,27.8N,86.5W,45,,,,,,,,,,,,,
AL,UNNAMED,1940,2,31,19400805,0,,TS,27.9N,87.2W,50,,,,,,,,,,,,,
AL,UNNAMED,1940,2,31,19400805,600,,TS,28.0N,87.7W,55,995,,,,,,,,,,,,
AL,UNNAMED,1940,2,31,19400805,1200,,TS,28.1N,88.2W,60,,,,,,,,,,,,,
AL,UNNAMED,1940,2,31,19400805,1800,,HU,28.2N,88.7W,65,,,,,,,,,,,,,
AL,UNNAMED,1940,2,31,19400806,0,,HU,28.3N,89.2W,70,,,,,,,,,,,,,
AL,UNNAMED,1940,2,31,19400806,600,,HU,28.4N,89.7W,70,,,,,,,,,,,,,
AL,UNNAMED,1940,2,31,19400806,1200,,HU,28.6N,90.4W,75,,,,,,,,,,,,,
AL,UNNAMED,1940,2,31,19400806,1800,,HU,28.8N,91.1W,80,,,,,,,,,,,,,
AL,UNNAMED,1940,2,31,19400807,0,,HU,29.0N,91.9W,80,,,,,,,,,,,,,
AL,UNNAMED,1940,2,31,19400807,600,,HU,29.2N,92.6W,85,,,,,,,,,,,,,
AL,UNNAMED,1940,2,31,19400807,1200,,HU,29.4N,93.2W,85,,,,,,,,,,,,,
AL,UNNAMED,1940,2,31,19400807,1800,,HU,29.6N,93.8W,85,972,,,,,,,,,,,,
AL,UNNAMED,1940,2,31,19400807,2100,L,HU,29.7N,94.1W,85,972,,,,,,,,,,,,
AL,UNNAMED,1940,2,31,19400808,0,,HU,29.8N,94.3W,65,,,,,,,,,,,,,
AL,UNNAMED,1940,2,31,19400808,600,,TS,30.1N,94.5W,50,,,,,,,,,,,,,
AL,UNNAMED,1940,2,31,19400808,1200,,TS,30.5N,94.5W,45,,,,,,,,,,,,,
AL,UNNAMED,1940,2,31,19400808,1800,,TS,30.9N,94.5W,45,,,,,,,,,,,,,
AL,UNNAMED,1940,2,31,19400809,0,,TS,31.3N,94.5W,40,,,,,,,,,,,,,
AL,UNNAMED,1940,2,31,19400809,600,,TS,31.8N,94.5W,35,,,,,,,,,,,,,
AL,UNNAMED,1940,2,31,19400809,1200,,TD,32.4N,94.5W,30,,,,,,,,,,,,,
AL,UNNAMED,1940,2,31,19400809,1800,,TD,32.9N,94.5W,25,,,,,,,,,,,,,
AL,UNNAMED,1940,2,31,19400810,0,,TD,33.4N,94.3W,25,,,,,,,,,,,,,
AL,UNNAMED,1940,2,31,19400810,600,,TD,34.0N,94.0W,20,,,,,,,,,,,,,
AL,UNNAMED,1940,2,31,19400810,1200,,TD,34.8N,93.7W,20,,,,,,,,,,,,,
AL,UNNAMED,1940,2,31,19400810,1800,,TD,35.7N,93.3W,20,,,,,,,,,,,,,
AL,UNNAMED,1940,3,38,19400805,1800,,TS,18.9N,64.8W,40,,,,,,,,,,,,,
AL,UNNAMED,1940,3,38,19400806,0,,TS,19.1N,66.4W,40,,,,,,,,,,,,,
AL,UNNAMED,1940,3,38,19400806,600,,TS,19.8N,68.2W,40,,,,,,,,,,,,,
AL,UNNAMED,1940,3,38,19400806,1200,,TS,20.6N,70.0W,40,,,,,,,,,,,,,
AL,UNNAMED,1940,3,38,19400806,1800,,TS,21.6N,71.4W,40,1003,,,,,,,,,,,,
AL,UNNAMED,1940,3,38,19400807,0,,TS,22.0N,72.6W,40,,,,,,,,,,,,,
AL,UNNAMED,1940,3,38,19400807,600,,TS,22.5N,73.4W,45,,,,,,,,,,,,,
AL,UNNAMED,1940,3,38,19400807,1200,,TS,23.2N,73.7W,45,,,,,,,,,,,,,
AL,UNNAMED,1940,3,38,19400807,1800,,TS,24.3N,73.8W,45,,,,,,,,,,,,,
AL,UNNAMED,1940,3,38,19400808,0,,TS,25.3N,73.9W,50,,,,,,,,,,,,,
AL,UNNAMED,1940,3,38,19400808,600,,TS,26.2N,73.8W,55,,,,,,,,,,,,,
AL,UNNAMED,1940,3,38,19400808,1200,,TS,27.1N,73.8W,55,,,,,,,,,,,,,
AL,UNNAMED,1940,3,38,19400808,1800,,TS,27.9N,73.8W,60,,,,,,,,,,,,,
AL,UNNAMED,1940,3,38,19400809,0,,TS,28.4N,73.8W,60,,,,,,,,,,,,,
AL,UNNAMED,1940,3,38,19400809,600,,HU,28.9N,74.2W,65,,,,,,,,,,,,,
AL,UNNAMED,1940,3,38,19400809,1200,,HU,29.2N,74.8W,65,,,,,,,,,,,,,
AL,UNNAMED,1940,3,38,19400809,1800,,HU,29.4N,75.3W,70,,,,,,,,,,,,,
AL,UNNAMED,1940,3,38,19400810,0,,HU,29.5N,75.9W,70,,,,,,,,,,,,,
AL,UNNAMED,1940,3,38,19400810,600,,HU,29.6N,76.4W,75,,,,,,,,,,,,,
AL,UNNAMED,1940,3,38,19400810,1200,,HU,29.9N,76.9W,80,,,,,,,,,,,,,
AL,UNNAMED,1940,3,38,19400810,1800,,HU,30.3N,77.4W,80,,,,,,,,,,,,,
AL,UNNAMED,1940,3,38,19400811,0,,HU,30.7N,77.9W,85,,,,,,,,,,,,,
AL,UNNAMED,1940,3,38,19400811,600,,HU,31.3N,78.5W,85,,,,,,,,,,,,,
AL,UNNAMED,1940,3,38,19400811,1200,,HU,31.8N,79.3W,85,,,,,,,,,,,,,
AL,UNNAMED,1940,3,38,19400811,1800,,HU,32.1N,80.3W,85,972,,,,,,,,,,,,
AL,UNNAMED,1940,3,38,19400811,2000,L,HU,32.1N,80.8W,85,972,,,,,,,,,,,,
AL,UNNAMED,1940,3,38,19400812,0,,HU,32.2N,81.3W,65,977,,,,,,,,,,,,
AL,UNNAMED,1940,3,38,19400812,600,,TS,32.4N,82.4W,50,,,,,,,,,,,,,
AL,UNNAMED,1940,3,38,19400812,1200,,TS,32.6N,83.5W,35,996,,,,,,,,,,,,
AL,UNNAMED,1940,3,38,19400812,1800,,TD,33.2N,84.2W,30,1003,,,,,,,,,,,,
AL,UNNAMED,1940,3,38,19400813,0,,TD,33.7N,84.7W,30,1005,,,,,,,,,,,,
AL,UNNAMED,1940,3,38,19400813,600,,TD,34.3N,84.8W,30,1007,,,,,,,,,,,,
AL,UNNAMED,1940,3,38,19400813,1200,,TD,34.9N,84.8W,25,1008,,,,,,,,,,,,
AL,UNNAMED,1940,3,38,19400813,1800,,TD,35.5N,84.8W,25,,,,,,,,,,,,,
AL,UNNAMED,1940,3,38,19400814,0,,TD,36.0N,84.6W,25,,,,,,,,,,,,,
AL,UNNAMED,1940,3,38,19400814,600,,TD,36.4N,83.9W,25,,,,,,,,,,,,,
AL,UNNAMED,1940,3,38,19400814,1200,,TD,36.8N,82.9W,25,,,,,,,,,,,,,
AL,UNNAMED,1940,3,38,19400814,1800,,TD,37.0N,81.8W,25,,,,,,,,,,,,,
AL,UNNAMED,1940,4,34,19400826,1200,,TD,26.2N,65.3W,25,,,,,,,,,,,,,
AL,UNNAMED,1940,4,34,19400826,1800,,TD,26.4N,65.5W,25,,,,,,,,,,,,,
AL,UNNAMED,1940,4,34,19400827,0,,TD,26.6N,65.8W,25,,,,,,,,,,,,,
AL,UNNAMED,1940,4,34,19400827,600,,TD,26.8N,66.0W,25,,,,,,,,,,,,,
AL,UNNAMED,1940,4,34,19400827,1200,,TD,27.0N,66.3W,25,,,,,,,,,,,,,
AL,UNNAMED,1940,4,34,19400827,1800,,TD,27.2N,66.6W,25,,,,,,,,,,,,,
AL,UNNAMED,1940,4,34,19400828,0,,TD,27.4N,66.9W,25,,,,,,,,,,,,,
AL,UNNAMED,1940,4,34,19400828,600,,TD,27.5N,67.1W,30,,,,,,,,,,,,,
AL,UNNAMED,1940,4,34,19400828,1200,,TD,27.6N,67.4W,30,,,,,,,,,,,,,
AL,UNNAMED,1940,4,34,19400828,1800,,TS,27.8N,67.7W,35,,,,,,,,,,,,,
AL,UNNAMED,1940,4,34,19400829,0,,TS,28.0N,68.0W,40,,,,,,,,,,,,,
AL,UNNAMED,1940,4,34,19400829,600,,TS,28.2N,68.4W,45,,,,,,,,,,,,,
AL,UNNAMED,1940,4,34,19400829,1200,,TS,28.4N,68.8W,50,,,,,,,,,,,,,
AL,UNNAMED,1940,4,34,19400829,1800,,TS,28.6N,69.3W,55,,,,,,,,,,,,,
AL,UNNAMED,1940,4,34,19400830,0,,TS,28.9N,69.8W,60,,,,,,,,,,,,,
AL,UNNAMED,1940,4,34,19400830,600,,HU,29.4N,70.4W,65,,,,,,,,,,,,,
AL,UNNAMED,1940,4,34,19400830,1200,,HU,30.1N,71.1W,75,,,,,,,,,,,,,
AL,UNNAMED,1940,4,34,19400830,1800,,HU,30.8N,72.0W,80,,,,,,,,,,,,,
AL,UNNAMED,1940,4,34,19400831,0,,HU,31.5N,72.8W,80,,,,,,,,,,,,,
AL,UNNAMED,1940,4,34,19400831,600,,HU,32.0N,73.3W,80,,,,,,,,,,,,,
AL,UNNAMED,1940,4,34,19400831,1200,,HU,32.4N,73.7W,85,,,,,,,,,,,,,
AL,UNNAMED,1940,4,34,19400831,1800,,HU,33.0N,73.9W,85,,,,,,,,,,,,,
AL,UNNAMED,1940,4,34,19400901,0,,HU,33.7N,74.2W,90,,,,,,,,,,,,,
AL,UNNAMED,1940,4,34,19400901,600,,HU,34.5N,74.3W,95,,,,,,,,,,,,,
AL,UNNAMED,1940,4,34,19400901,1200,,HU,35.2N,73.5W,95,,,,,,,,,,,,,
AL,UNNAMED,1940,4,34,19400901,1800,,HU,36.5N,72.5W,90,,,,,,,,,,,,,
AL,UNNAMED,1940,4,34,19400902,0,,HU,38.1N,71.3W,90,961,,,,,,,,,,,,
AL,UNNAMED,1940,4,34,19400902,600,,HU,39.8N,70.0W,80,,,,,,,,,,,,,
AL,UNNAMED,1940,4,34,19400902,1200,,HU,41.7N,68.5W,70,,,,,,,,,,,,,
AL,UNNAMED,1940,4,34,19400902,1800,,TS,43.5N,66.8W,60,,,,,,,,,,,,,
AL,UNNAMED,1940,4,34,19400903,0,,EX,45.3N,65.7W,55,,,,,,,,,,,,,
AL,UNNAMED,1940,4,34,19400903,600,,EX,47.1N,65.0W,45,,,,,,,,,,,,,
AL,UNNAMED,1940,4,34,19400903,1200,,EX,48.9N,64.4W,35,,,,,,,,,,,,,
AL,UNNAMED,1940,4,34,19400903,1800,,EX,50.8N,63.2W,25,,,,,,,,,,,,,
AL,UNNAMED,1940,5,49,19400907,1800,,TD,15.2N,47.3W,25,,,,,,,,,,,,,
AL,UNNAMED,1940,5,49,19400908,0,,TD,15.4N,48.4W,25,,,,,,,,,,,,,
AL,UNNAMED,1940,5,49,19400908,600,,TD,15.7N,49.5W,25,,,,,,,,,,,,,
AL,UNNAMED,1940,5,49,19400908,1200,,TD,16.2N,50.5W,25,,,,,,,,,,,,,
AL,UNNAMED,1940,5,49,19400908,1800,,TD,16.7N,51.4W,25,,,,,,,,,,,,,
AL,UNNAMED,1940,5,49,19400909,0,,TD,17.2N,52.3W,30,,,,,,,,,,,,,
AL,UNNAMED,1940,5,49,19400909,600,,TD,17.7N,53.2W,30,,,,,,,,,,,,,
AL,UNNAMED,1940,5,49,19400909,1200,,TD,18.2N,54.1W,30,,,,,,,,,,,,,
AL,UNNAMED,1940,5,49,19400909,1800,,TD,18.7N,55.0W,30,,,,,,,,,,,,,
AL,UNNAMED,1940,5,49,19400910,0,,TD,19.1N,55.9W,30,,,,,,,,,,,,,
AL,UNNAMED,1940,5,49,19400910,600,,TS,19.4N,56.8W,35,,,,,,,,,,,,,
AL,UNNAMED,1940,5,49,19400910,1200,,TS,19.6N,57.7W,35,,,,,,,,,,,,,
AL,UNNAMED,1940,5,49,19400910,1800,,TS,19.7N,58.5W,35,,,,,,,,,,,,,
AL,UNNAMED,1940,5,49,19400911,0,,TS,19.8N,59.3W,40,,,,,,,,,,,,,
AL,UNNAMED,1940,5,49,19400911,600,,TS,19.9N,60.1W,40,,,,,,,,,,,,,
AL,UNNAMED,1940,5,49,19400911,1200,,TS,20.1N,61.0W,45,,,,,,,,,,,,,
AL,UNNAMED,1940,5,49,19400911,1800,,TS,20.4N,62.2W,45,,,,,,,,,,,,,
AL,UNNAMED,1940,5,49,19400912,0,,TS,20.7N,63.3W,50,,,,,,,,,,,,,
AL,UNNAMED,1940,5,49,19400912,600,,TS,21.1N,64.4W,50,,,,,,,,,,,,,
AL,UNNAMED,1940,5,49,19400912,1200,,TS,21.5N,65.6W,55,,,,,,,,,,,,,
AL,UNNAMED,1940,5,49,19400912,1800,,HU,21.8N,66.9W,65,,,,,,,,,,,,,
AL,UNNAMED,1940,5,49,19400913,0,,HU,22.2N,68.2W,70,,,,,,,,,,,,,
AL,UNNAMED,1940,5,49,19400913,600,,HU,22.6N,69.5W,80,,,,,,,,,,,,,
AL,UNNAMED,1940,5,49,19400913,1200,,HU,23.2N,70.6W,85,,,,,,,,,,,,,
AL,UNNAMED,1940,5,49,19400913,1800,,HU,24.0N,71.2W,85,,,,,,,,,,,,,
AL,UNNAMED,1940,5,49,19400914,0,,HU,25.3N,71.5W,85,,,,,,,,,,,,,
AL,UNNAMED,1940,5,49,19400914,600,,HU,26.6N,71.2W,85,,,,,,,,,,,,,
AL,UNNAMED,1940,5,49,19400914,1200,,HU,27.8N,70.6W,85,,,,,,,,,,,,,
AL,UNNAMED,1940,5,49,19400914,1800,,HU,29.0N,70.1W,85,,,,,,,,,,,,,
AL,UNNAMED,1940,5,49,19400915,0,,HU,30.1N,70.1W,85,,,,,,,,,,,,,
AL,UNNAMED,1940,5,49,19400915,600,,HU,31.4N,70.0W,85,,,,,,,,,,,,,
AL,UNNAMED,1940,5,49,19400915,1200,,HU,32.8N,69.8W,85,,,,,,,,,,,,,
AL,UNNAMED,1940,5,49,19400915,1800,,HU,34.2N,69.6W,80,,,,,,,,,,,,,
AL,UNNAMED,1940,5,49,19400916,0,,HU,35.7N,69.2W,80,,,,,,,,,,,,,
AL,UNNAMED,1940,5,49,19400916,600,,HU,37.3N,68.5W,75,,,,,,,,,,,,,
AL,UNNAMED,1940,5,49,19400916,1200,,HU,39.0N,67.6W,75,,,,,,,,,,,,,
AL,UNNAMED,1940,5,49,19400916,1800,,HU,40.8N,66.6W,75,,,,,,,,,,,,,
AL,UNNAMED,1940,5,49,19400917,0,,HU,43.0N,65.7W,75,,,,,,,,,,,,,
AL,UNNAMED,1940,5,49,19400917,600,,HU,45.2N,64.7W,65,,,,,,,,,,,,,
AL,UNNAMED,1940,5,49,19400917,1200,,EX,46.5N,63.5W,60,,,,,,,,,,,,,
AL,UNNAMED,1940,5,49,19400917,1800,,EX,47.4N,62.0W,60,,,,,,,,,,,,,
AL,UNNAMED,1940,5,49,19400918,0,,EX,47.7N,60.3W,60,,,,,,,,,,,,,
AL,UNNAMED,1940,5,49,19400918,600,,EX,47.9N,58.3W,55,,,,,,,,,,,,,
AL,UNNAMED,1940,5,49,19400918,1200,,EX,48.0N,56.0W,50,,,,,,,,,,,,,
AL,UNNAMED,1940,5,49,19400918,1800,,EX,48.1N,53.4W,40,,,,,,,,,,,,,
AL,UNNAMED,1940,5,49,19400919,0,,EX,48.2N,50.5W,35,,,,,,,,,,,,,
AL,UNNAMED,1940,5,49,19400919,600,,EX,48.4N,46.7W,30,,,,,,,,,,,,,
AL,UNNAMED,1940,5,49,19400919,1200,,EX,48.8N,42.0W,30,,,,,,,,,,,,,
AL,UNNAMED,1940,5,49,19400919,1800,,EX,49.5N,37.0W,30,,,,,,,,,,,,,
AL,UNNAMED,1940,6,29,19400918,1200,,TD,12.0N,81.5W,25,,,,,,,,,,,,,
AL,UNNAMED,1940,6,29,19400918,1800,,TD,12.2N,81.9W,25,,,,,,,,,,,,,
AL,UNNAMED,1940,6,29,19400919,0,,TD,12.4N,82.4W,30,,,,,,,,,,,,,
AL,UNNAMED,1940,6,29,19400919,600,,TS,12.7N,82.9W,35,,,,,,,,,,,,,
AL,UNNAMED,1940,6,29,19400919,1200,,TS,13.2N,83.4W,40,,,,,,,,,,,,,
AL,UNNAMED,1940,6,29,19400919,1800,,TS,14.0N,84.1W,35,,,,,,,,,,,,,
AL,UNNAMED,1940,6,29,19400920,0,,TD,14.8N,84.8W,30,,,,,,,,,,,,,
AL,UNNAMED,1940,6,29,19400920,600,,TD,15.5N,85.4W,30,,,,,,,,,,,,,
AL,UNNAMED,1940,6,29,19400920,1200,,TS,16.3N,86.0W,35,,,,,,,,,,,,,
AL,UNNAMED,1940,6,29,19400920,1800,,TS,17.1N,86.7W,40,,,,,,,,,,,,,
AL,UNNAMED,1940,6,29,19400921,0,,TS,17.9N,87.4W,45,,,,,,,,,,,,,
AL,UNNAMED,1940,6,29,19400921,600,,TS,18.6N,88.2W,40,,,,,,,,,,,,,
AL,UNNAMED,1940,6,29,19400921,1200,,TD,19.4N,89.0W,30,,,,,,,,,,,,,
AL,UNNAMED,1940,6,29,19400921,1800,,TD,20.2N,90.0W,30,,,,,,,,,,,,,
AL,UNNAMED,1940,6,29,19400922,0,,TD,21.0N,91.0W,30,,,,,,,,,,,,,
AL,UNNAMED,1940,6,29,19400922,600,,TS,21.9N,92.0W,35,,,,,,,,,,,,,
AL,UNNAMED,1940,6,29,19400922,1200,,TS,23.0N,93.0W,40,,,,,,,,,,,,,
AL,UNNAMED,1940,6,29,19400922,1800,,TS,24.2N,93.9W,40,,,,,,,,,,,,,
AL,UNNAMED,1940,6,29,19400923,0,,TS,25.6N,94.7W,40,,,,,,,,,,,,,
AL,UNNAMED,1940,6,29,19400923,600,,TS,26.9N,95.1W,40,,,,,,,,,,,,,
AL,UNNAMED,1940,6,29,19400923,1200,,TS,28.0N,95.1W,40,,,,,,,,,,,,,
AL,UNNAMED,1940,6,29,19400923,1800,,TS,28.8N,95.0W,40,,,,,,,,,,,,,
AL,UNNAMED,1940,6,29,19400924,0,,TS,29.3N,94.5W,40,,,,,,,,,,,,,
AL,UNNAMED,1940,6,29,19400924,600,,TS,29.7N,93.8W,40,,,,,,,,,,,,,
AL,UNNAMED,1940,6,29,19400924,900,L,TS,29.8N,93.4W,40,,,,,,,,,,,,,
AL,UNNAMED,1940,6,29,19400924,1200,,TS,30.2N,92.9W,35,1004,,,,,,,,,,,,
AL,UNNAMED,1940,6,29,19400924,1800,,TD,30.8N,91.8W,30,,,,,,,,,,,,,
AL,UNNAMED,1940,6,29,19400925,0,,TD,31.4N,90.5W,20,,,,,,,,,,,,,
AL,UNNAMED,1940,6,29,19400925,600,,TD,32.0N,88.5W,15,,,,,,,,,,,,,
AL,UNNAMED,1940,7,27,19400922,0,,TS,29.3N,49.4W,50,,,,,,,,,,,,,
AL,UNNAMED,1940,7,27,19400922,600,,TS,29.5N,47.6W,55,,,,,,,,,,,,,
AL,UNNAMED,1940,7,27,19400922,1200,,TS,30.0N,45.5W,60,,,,,,,,,,,,,
AL,UNNAMED,1940,7,27,19400922,1800,,HU,31.0N,43.0W,65,,,,,,,,,,,,,
AL,UNNAMED,1940,7,27,19400923,0,,HU,33.0N,40.0W,75,,,,,,,,,,,,,
AL,UNNAMED,1940,7,27,19400923,600,,HU,35.2N,36.8W,80,,,,,,,,,,,,,
AL,UNNAMED,1940,7,27,19400923,1200,,HU,37.0N,34.0W,85,,,,,,,,,,,,,
AL,UNNAMED,1940,7,27,19400923,1800,,HU,37.6N,31.5W,85,,,,,,,,,,,,,
AL,UNNAMED,1940,7,27,19400924,0,,HU,37.9N,29.3W,85,,,,,,,,,,,,,
AL,UNNAMED,1940,7,27,19400924,600,,HU,38.0N,27.3W,80,,,,,,,,,,,,,
AL,UNNAMED,1940,7,27,19400924,1200,,HU,38.0N,26.2W,80,,,,,,,,,,,,,
AL,UNNAMED,1940,7,27,19400924,1800,,HU,38.1N,25.9W,75,,,,,,,,,,,,,
AL,UNNAMED,1940,7,27,19400925,0,,HU,38.3N,26.0W,70,,,,,,,,,,,,,
AL,UNNAMED,1940,7,27,19400925,600,,HU,38.5N,26.5W,65,984,,,,,,,,,,,,
AL,UNNAMED,1940,7,27,19400925,1200,,HU,38.7N,27.5W,65,,,,,,,,,,,,,
AL,UNNAMED,1940,7,27,19400925,1800,,TS,38.9N,28.6W,60,,,,,,,,,,,,,
AL,UNNAMED,1940,7,27,19400926,0,,TS,39.1N,29.7W,55,,,,,,,,,,,,,
AL,UNNAMED,1940,7,27,19400926,600,,TS,39.3N,31.0W,55,,,,,,,,,,,,,
AL,UNNAMED,1940,7,27,19400926,1200,,TS,39.5N,32.5W,55,,,,,,,,,,,,,
AL,UNNAMED,1940,7,27,19400926,1800,,TS,39.7N,34.2W,55,,,,,,,,,,,,,
AL,UNNAMED,1940,7,27,19400927,0,,TS,39.8N,36.2W,50,,,,,,,,,,,,,
AL,UNNAMED,1940,7,27,19400927,600,,TS,39.9N,38.2W,45,,,,,,,,,,,,,
AL,UNNAMED,1940,7,27,19400927,1200,,TS,40.0N,40.0W,40,,,,,,,,,,,,,
AL,UNNAMED,1940,7,27,19400927,1800,,TS,40.1N,41.0W,35,,,,,,,,,,,,,
AL,UNNAMED,1940,7,27,19400928,0,,TS,40.2N,41.5W,35,,,,,,,,,,,,,
AL,UNNAMED,1940,7,27,19400928,600,,TD,40.3N,41.8W,30,,,,,,,,,,,,,
AL,UNNAMED,1940,7,27,19400928,1200,,EX,40.5N,42.0W,30,,,,,,,,,,,,,
AL,UNNAMED,1940,8,19,19401020,0,,TD,12.0N,79.1W,30,,,,,,,,,,,,,
AL,UNNAMED,1940,8,19,19401020,600,,TD,12.0N,79.3W,30,,,,,,,,,,,,,
AL,UNNAMED,1940,8,19,19401020,1200,,TD,12.0N,79.5W,30,,,,,,,,,,,,,
AL,UNNAMED,1940,8,19,19401020,1800,,TS,12.0N,79.7W,35,,,,,,,,,,,,,
AL,UNNAMED,1940,8,19,19401021,0,,TS,12.1N,79.9W,40,,,,,,,,,,,,,
AL,UNNAMED,1940,8,19,19401021,600,,TS,12.1N,80.1W,45,,,,,,,,,,,,,
AL,UNNAMED,1940,8,19,19401021,1200,,TS,12.2N,80.4W,50,,,,,,,,,,,,,
AL,UNNAMED,1940,8,19,19401021,1800,,TS,12.4N,80.6W,55,993,,,,,,,,,,,,
AL,UNNAMED,1940,8,19,19401022,0,,TS,12.7N,80.9W,60,,,,,,,,,,,,,
AL,UNNAMED,1940,8,19,19401022,600,,HU,13.1N,81.2W,65,,,,,,,,,,,,,
AL,UNNAMED,1940,8,19,19401022,1200,,HU,13.4N,81.5W,70,,,,,,,,,,,,,
AL,UNNAMED,1940,8,19,19401022,1800,,HU,13.7N,81.8W,70,,,,,,,,,,,,,
AL,UNNAMED,1940,8,19,19401023,0,,HU,14.0N,82.1W,70,,,,,,,,,,,,,
AL,UNNAMED,1940,8,19,19401023,600,,HU,14.1N,82.4W,70,,,,,,,,,,,,,
AL,UNNAMED,1940,8,19,19401023,1200,,HU,14.2N,82.8W,70,,,,,,,,,,,,,
AL,UNNAMED,1940,8,19,19401023,1800,,HU,14.0N,83.3W,70,,,,,,,,,,,,,
AL,UNNAMED,1940,8,19,19401024,0,,TS,13.7N,83.9W,50,,,,,,,,,,,,,
AL,UNNAMED,1940,8,19,19401024,600,,TS,13.3N,84.6W,35,,,,,,,,,,,,,
AL,UNNAMED,1940,8,19,19401024,1200,,TD,12.8N,85.3W,25,,,,,,,,,,,,,
AL,UNNAMED,1940,9,21,19401024,1800,,TS,22.0N,72.5W,35,,,,,,,,,,,,,
AL,UNNAMED,1940,9,21,19401025,0,,TS,22.5N,72.2W,35,,,,,,,,,,,,,
AL,UNNAMED,1940,9,21,19401025,600,,TS,23.5N,71.7W,40,,,,,,,,,,,,,
AL,UNNAMED,1940,9,21,19401025,1200,,TS,25.0N,70.5W,40,,,,,,,,,,,,,
AL,UNNAMED,1940,9,21,19401025,1800,,TS,26.7N,68.0W,40,,,,,,,,,,,,,
AL,UNNAMED,1940,9,21,19401026,0,,TS,29.5N,64.0W,40,,,,,,,,,,,,,
AL,UNNAMED,1940,9,21,19401026,600,,EX,33.5N,59.0W,45,,,,,,,,,,,,,
AL,UNNAMED,1940,9,21,19401026,1200,,EX,36.5N,56.0W,50,,,,,,,,,,,,,
AL,UNNAMED,1940,9,21,19401026,1800,,EX,39.0N,53.5W,55,,,,,,,,,,,,,
AL,UNNAMED,1940,9,21,19401027,0,,EX,41.0N,52.0W,60,,,,,,,,,,,,,
AL,UNNAMED,1940,9,21,19401027,600,,EX,43.0N,51.0W,65,,,,,,,,,,,,,
AL,UNNAMED,1940,9,21,19401027,1200,,EX,45.0N,50.0W,70,,,,,,,,,,,,,
AL,UNNAMED,1940,9,21,19401027,1800,,EX,46.5N,49.6W,70,,,,,,,,,,,,,
AL,UNNAMED,1940,9,21,19401028,0,,EX,47.2N,49.4W,70,,,,,,,,,,,,,
AL,UNNAMED,1940,9,21,19401028,600,,EX,47.7N,49.3W,65,,,,,,,,,,,,,
AL,UNNAMED,1940,9,21,19401028,1200,,EX,48.0N,49.0W,60,,,,,,,,,,,,,
AL,UNNAMED,1940,9,21,19401028,1800,,EX,48.3N,48.0W,55,,,,,,,,,,,,,
AL,UNNAMED,1940,9,21,19401029,0,,EX,48.6N,46.5W,50,,,,,,,,,,,,,
AL,UNNAMED,1940,9,21,19401029,600,,EX,48.8N,44.8W,45,,,,,,,,,,,,,
AL,UNNAMED,1940,9,21,19401029,1200,,EX,49.0N,43.0W,40,,,,,,,,,,,,,
AL,UNNAMED,1940,9,21,19401029,1800,,EX,49.2N,41.0W,40,,,,,,,,,,,,,
AL,UNNAMED,1941,1,22,19410911,0,,TD,27.1N,86.7W,25,,,,,,,,,,,,,
AL,UNNAMED,1941,1,22,19410911,600,,TD,27.4N,87.2W,30,,,,,,,,,,,,,
AL,UNNAMED,1941,1,22,19410911,1200,,TS,27.7N,87.7W,35,,,,,,,,,,,,,
AL,UNNAMED,1941,1,22,19410911,1800,,TS,28.0N,88.1W,35,,,,,,,,,,,,,
AL,UNNAMED,1941,1,22,19410912,0,,TS,28.3N,88.5W,40,,,,,,,,,,,,,
AL,UNNAMED,1941,1,22,19410912,600,,TS,28.3N,88.8W,40,1001,,,,,,,,,,,,
AL,UNNAMED,1941,1,22,19410912,1200,,TS,28.1N,89.1W,45,,,,,,,,,,,,,
AL,UNNAMED,1941,1,22,19410912,1800,,TS,28.0N,89.3W,50,,,,,,,,,,,,,
AL,UNNAMED,1941,1,22,19410913,0,,TS,27.9N,89.6W,50,,,,,,,,,,,,,
AL,UNNAMED,1941,1,22,19410913,600,,TS,28.0N,89.9W,45,,,,,,,,,,,,,
AL,UNNAMED,1941,1,22,19410913,1200,,TS,28.1N,90.2W,45,1001,,,,,,,,,,,,
AL,UNNAMED,1941,1,22,19410913,1800,,TS,28.3N,90.8W,40,,,,,,,,,,,,,
AL,UNNAMED,1941,1,22,19410914,0,,TS,28.5N,91.6W,40,,,,,,,,,,,,,
AL,UNNAMED,1941,1,22,19410914,600,,TS,28.7N,92.5W,40,1002,,,,,,,,,,,,
AL,UNNAMED,1941,1,22,19410914,1200,,TS,29.1N,93.2W,35,1004,,,,,,,,,,,,
AL,UNNAMED,1941,1,22,19410914,1800,,TD,29.4N,93.6W,30,,,,,,,,,,,,,
AL,UNNAMED,1941,1,22,19410915,0,,TD,29.6N,94.0W,30,1006,,,,,,,,,,,,
AL,UNNAMED,1941,1,22,19410915,600,,TD,29.7N,94.3W,30,1007,,,,,,,,,,,,
AL,UNNAMED,1941,1,22,19410915,1200,,TD,29.8N,94.5W,25,1007,,,,,,,,,,,,
AL,UNNAMED,1941,1,22,19410915,1800,,TD,29.9N,94.9W,25,1007,,,,,,,,,,,,
AL,UNNAMED,1941,1,22,19410916,0,,TD,29.8N,95.6W,25,1007,,,,,,,,,,,,
AL,UNNAMED,1941,1,22,19410916,600,,TD,29.8N,96.3W,20,,,,,,,,,,,,,
AL,UNNAMED,1941,2,40,19410917,1200,,TD,23.7N,88.0W,25,,,,,,,,,,,,,
AL,UNNAMED,1941,2,40,19410917,1800,,TD,24.6N,88.5W,30,,,,,,,,,,,,,
AL,UNNAMED,1941,2,40,19410918,0,,TD,25.3N,89.0W,30,,,,,,,,,,,,,
AL,UNNAMED,1941,2,40,19410918,600,,TS,25.7N,89.5W,35,,,,,,,,,,,,,
AL,UNNAMED,1941,2,40,19410918,1200,,TS,25.9N,89.6W,35,,,,,,,,,,,,,
AL,UNNAMED,1941,2,40,19410918,1800,,TS,26.0N,89.3W,40,,,,,,,,,,,,,
AL,UNNAMED,1941,2,40,19410919,0,,TS,26.0N,89.0W,45,,,,,,,,,,,,,
AL,UNNAMED,1941,2,40,19410919,600,,TS,25.8N,88.8W,50,,,,,,,,,,,,,
AL,UNNAMED,1941,2,40,19410919,1200,,TS,25.5N,88.6W,55,,,,,,,,,,,,,
AL,UNNAMED,1941,2,40,19410919,1800,,TS,25.2N,88.5W,55,,,,,,,,,,,,,
AL,UNNAMED,1941,2,40,19410920,0,,TS,24.8N,88.4W,55,,,,,,,,,,,,,
AL,UNNAMED,1941,2,40,19410920,600,,TS,24.5N,88.2W,60,,,,,,,,,,,,,
AL,UNNAMED,1941,2,40,19410920,1200,,TS,24.1N,88.0W,60,,,,,,,,,,,,,
AL,UNNAMED,1941,2,40,19410920,1800,,TS,23.6N,87.7W,60,,,,,,,,,,,,,
AL,UNNAMED,1941,2,40,19410921,0,,TS,23.3N,87.9W,60,,,,,,,,,,,,,
AL,UNNAMED,1941,2,40,19410921,600,,HU,23.8N,88.2W,65,,,,,,,,,,,,,
AL,UNNAMED,1941,2,40,19410921,1200,,HU,24.4N,88.7W,70,,,,,,,,,,,,,
AL,UNNAMED,1941,2,40,19410921,1800,,HU,24.8N,89.3W,70,,,,,,,,,,,,,
AL,UNNAMED,1941,2,40,19410922,0,,HU,25.1N,90.1W,75,,,,,,,,,,,,,
AL,UNNAMED,1941,2,40,19410922,600,,HU,25.4N,90.9W,80,,,,,,,,,,,,,
AL,UNNAMED,1941,2,40,19410922,1200,,HU,25.9N,91.9W,85,,,,,,,,,,,,,
AL,UNNAMED,1941,2,40,19410922,1800,,HU,26.3N,92.9W,90,,,,,,,,,,,,,
AL,UNNAMED,1941,2,40,19410923,0,,HU,26.7N,93.9W,95,,,,,,,,,,,,,
AL,UNNAMED,1941,2,40,19410923,600,,HU,27.2N,94.8W,100,,,,,,,,,,,,,
AL,UNNAMED,1941,2,40,19410923,1200,,HU,27.7N,95.3W,105,,,,,,,,,,,,,
AL,UNNAMED,1941,2,40,19410923,1800,,HU,28.3N,95.5W,110,,,,,,,,,,,,,
AL,UNNAMED,1941,2,40,19410923,2200,L,HU,28.8N,95.6W,110,,,,,,,,,,,,,
AL,UNNAMED,1941,2,40,19410924,0,,HU,29.0N,95.6W,85,,,,,,,,,,,,,
AL,UNNAMED,1941,2,40,19410924,600,,HU,29.8N,95.6W,65,,,,,,,,,,,,,
AL,UNNAMED,1941,2,40,19410924,1200,,TS,31.5N,94.9W,40,,,,,,,,,,,,,
AL,UNNAMED,1941,2,40,19410924,1800,,TS,33.5N,93.2W,35,,,,,,,,,,,,,
AL,UNNAMED,1941,2,40,19410925,0,,TS,36.0N,91.1W,35,989,,,,,,,,,,,,
AL,UNNAMED,1941,2,40,19410925,600,,EX,38.8N,88.7W,35,988,,,,,,,,,,,,
AL,UNNAMED,1941,2,40,19410925,1200,,EX,42.4N,85.9W,40,985,,,,,,,,,,,,
AL,UNNAMED,1941,2,40,19410925,1800,,EX,44.9N,82.6W,50,,,,,,,,,,,,,
AL,UNNAMED,1941,2,40,19410926,0,,EX,47.6N,78.9W,55,,,,,,,,,,,,,
AL,UNNAMED,1941,2,40,19410926,600,,EX,50.3N,74.7W,50,,,,,,,,,,,,,
AL,UNNAMED,1941,2,40,19410926,1200,,EX,53.0N,70.5W,45,,,,,,,,,,,,,
AL,UNNAMED,1941,2,40,19410926,1800,,EX,55.6N,67.5W,45,,,,,,,,,,,,,
AL,UNNAMED,1941,2,40,19410927,0,,EX,58.2N,66.0W,45,,,,,,,,,,,,,
AL,UNNAMED,1941,3,32,19410918,0,,TD,26.8N,78.7W,30,,,,,,,,,,,,,
AL,UNNAMED,1941,3,32,19410918,600,,TD,27.8N,78.6W,30,,,,,,,,,,,,,
AL,UNNAMED,1941,3,32,19410918,1200,,TD,28.5N,78.5W,30,,,,,,,,,,,,,
AL,UNNAMED,1941,3,32,19410918,1800,,TD,29.0N,78.4W,30,,,,,,,,,,,,,
AL,UNNAMED,1941,3,32,19410919,0,,TS,29.1N,78.2W,35,,,,,,,,,,,,,
AL,UNNAMED,1941,3,32,19410919,600,,TS,29.2N,77.5W,35,,,,,,,,,,,,,
AL,UNNAMED,1941,3,32,19410919,1200,,TS,29.3N,76.3W,40,,,,,,,,,,,,,
AL,UNNAMED,1941,3,32,19410919,1800,,TS,29.4N,74.8W,45,998,,,,,,,,,,,,
AL,UNNAMED,1941,3,32,19410920,0,,TS,29.6N,73.3W,50,,,,,,,,,,,,,
AL,UNNAMED,1941,3,32,19410920,600,,TS,29.8N,71.8W,55,,,,,,,,,,,,,
AL,UNNAMED,1941,3,32,19410920,1200,,TS,29.9N,70.7W,60,993,,,,,,,,,,,,
AL,UNNAMED,1941,3,32,19410920,1800,,TS,29.8N,70.6W,60,,,,,,,,,,,,,
AL,UNNAMED,1941,3,32,19410921,0,,TS,29.7N,70.6W,60,995,,,,,,,,,,,,
AL,UNNAMED,1941,3,32,19410921,600,,TS,29.5N,70.7W,60,,,,,,,,,,,,,
AL,UNNAMED,1941,3,32,19410921,1200,,TS,29.4N,70.8W,60,,,,,,,,,,,,,
AL,UNNAMED,1941,3,32,19410921,1800,,TS,29.5N,71.4W,60,,,,,,,,,,,,,
AL,UNNAMED,1941,3,32,19410922,0,,HU,29.9N,72.4W,65,,,,,,,,,,,,,
AL,UNNAMED,1941,3,32,19410922,600,,HU,30.4N,73.3W,70,,,,,,,,,,,,,
AL,UNNAMED,1941,3,32,19410922,1200,,HU,31.2N,73.8W,70,,,,,,,,,,,,,
AL,UNNAMED,1941,3,32,19410922,1800,,HU,32.1N,73.5W,70,,,,,,,,,,,,,
AL,UNNAMED,1941,3,32,19410923,0,,HU,33.1N,73.6W,70,,,,,,,,,,,,,
AL,UNNAMED,1941,3,32,19410923,600,,HU,34.1N,73.4W,65,,,,,,,,,,,,,
AL,UNNAMED,1941,3,32,19410923,1200,,HU,35.0N,72.8W,65,990,,,,,,,,,,,,
AL,UNNAMED,1941,3,32,19410923,1800,,HU,35.9N,71.7W,65,,,,,,,,,,,,,
AL,UNNAMED,1941,3,32,19410924,0,,TS,36.6N,70.7W,60,,,,,,,,,,,,,
AL,UNNAMED,1941,3,32,19410924,600,,TS,37.2N,70.0W,55,,,,,,,,,,,,,
AL,UNNAMED,1941,3,32,19410924,1200,,TS,37.8N,69.5W,50,,,,,,,,,,,,,
AL,UNNAMED,1941,3,32,19410924,1800,,TS,38.4N,69.0W,45,,,,,,,,,,,,,
AL,UNNAMED,1941,3,32,19410925,0,,TS,39.0N,68.5W,40,,,,,,,,,,,,,
AL,UNNAMED,1941,3,32,19410925,600,,EX,39.6N,67.7W,40,,,,,,,,,,,,,
AL,UNNAMED,1941,3,32,19410925,1200,,EX,40.2N,66.9W,35,,,,,,,,,,,,,
AL,UNNAMED,1941,3,32,19410925,1800,,EX,41.0N,66.0W,30,,,,,,,,,,,,,
AL,UNNAMED,1941,4,29,19410923,1800,,TD,13.7N,60.3W,30,,,,,,,,,,,,,
AL,UNNAMED,1941,4,29,19410924,0,,TS,13.7N,61.9W,35,,,,,,,,,,,,,
AL,UNNAMED,1941,4,29,19410924,600,,TS,13.8N,63.5W,40,,,,,,,,,,,,,
AL,UNNAMED,1941,4,29,19410924,1200,,TS,13.8N,65.0W,45,,,,,,,,,,,,,
AL,UNNAMED,1941,4,29,19410924,1800,,TS,13.8N,66.3W,50,,,,,,,,,,,,,
AL,UNNAMED,1941,4,29,19410925,0,,TS,13.9N,67.6W,55,,,,,,,,,,,,,
AL,UNNAMED,1941,4,29,19410925,600,,TS,14.0N,68.9W,55,,,,,,,,,,,,,
AL,UNNAMED,1941,4,29,19410925,1200,,TS,14.0N,70.2W,60,,,,,,,,,,,,,
AL,UNNAMED,1941,4,29,19410925,1800,,HU,14.0N,71.5W,65,,,,,,,,,,,,,
AL,UNNAMED,1941,4,29,19410926,0,,HU,14.1N,72.9W,70,,,,,,,,,,,,,
AL,UNNAMED,1941,4,29,19410926,600,,HU,14.2N,74.3W,75,,,,,,,,,,,,,
AL,UNNAMED,1941,4,29,19410926,1200,,HU,14.2N,75.6W,80,,,,,,,,,,,,,
AL,UNNAMED,1941,4,29,19410926,1800,,HU,14.3N,76.9W,90,,,,,,,,,,,,,
AL,UNNAMED,1941,4,29,19410927,0,,HU,14.3N,78.2W,95,,,,,,,,,,,,,
AL,UNNAMED,1941,4,29,19410927,600,,HU,14.4N,79.6W,105,,,,,,,,,,,,,
AL,UNNAMED,1941,4,29,19410927,1200,,HU,14.5N,81.0W,115,,,,,,,,,,,,,
AL,UNNAMED,1941,4,29,19410927,1800,,HU,14.7N,82.5W,115,,,,,,,,,,,,,
AL,UNNAMED,1941,4,29,19410928,0,,HU,15.0N,84.0W,90,,,,,,,,,,,,,
AL,UNNAMED,1941,4,29,19410928,600,,HU,15.4N,85.3W,75,,,,,,,,,,,,,
AL,UNNAMED,1941,4,29,19410928,1200,,HU,15.8N,86.5W,70,,,,,,,,,,,,,
AL,UNNAMED,1941,4,29,19410928,1800,,HU,16.3N,87.7W,75,,,,,,,,,,,,,
AL,UNNAMED,1941,4,29,19410929,0,,TS,16.7N,89.1W,60,,,,,,,,,,,,,
AL,UNNAMED,1941,4,29,19410929,600,,TS,17.1N,90.6W,50,,,,,,,,,,,,,
AL,UNNAMED,1941,4,29,19410929,1200,,TS,17.5N,92.0W,40,,,,,,,,,,,,,
AL,UNNAMED,1941,4,29,19410929,1800,,TS,18.0N,93.0W,35,,,,,,,,,,,,,
AL,UNNAMED,1941,4,29,19410930,0,,TD,18.6N,93.8W,30,,,,,,,,,,,,,
AL,UNNAMED,1941,4,29,19410930,600,,TD,19.3N,94.5W,30,,,,,,,,,,,,,
AL,UNNAMED,1941,4,29,19410930,1200,,TD,20.0N,95.0W,25,,,,,,,,,,,,,
AL,UNNAMED,1941,4,29,19410930,1800,,TD,20.8N,95.3W,25,,,,,,,,,,,,,
AL,UNNAMED,1941,5,44,19411003,1800,,TS,21.2N,62.4W,40,,,,,,,,,,,,,
AL,UNNAMED,1941,5,44,19411004,0,,TS,22.2N,64.0W,50,,,,,,,,,,,,,
AL,UNNAMED,1941,5,44,19411004,600,,TS,22.8N,65.6W,55,,,,,,,,,,,,,
AL,UNNAMED,1941,5,44,19411004,1200,,HU,23.4N,67.2W,65,,,,,,,,,,,,,
AL,UNNAMED,1941,5,44,19411004,1800,,HU,23.6N,68.9W,75,,,,,,,,,,,,,
AL,UNNAMED,1941,5,44,19411005,0,,HU,23.8N,70.5W,85,,,,,,,,,,,,,
AL,UNNAMED,1941,5,44,19411005,600,,HU,23.9N,72.1W,95,,,,,,,,,,,,,
AL,UNNAMED,1941,5,44,19411005,1200,,HU,24.0N,73.6W,105,,,,,,,,,,,,,
AL,UNNAMED,1941,5,44,19411005,1800,,HU,24.2N,75.4W,105,962,,,,,,,,,,,,
AL,UNNAMED,1941,5,44,19411006,0,,HU,24.6N,77.3W,95,,,,,,,,,,,,,
AL,UNNAMED,1941,5,44,19411006,600,,HU,25.1N,79.1W,85,,,,,,,,,,,,,
AL,UNNAMED,1941,5,44,19411006,1000,L,HU,25.5N,80.2W,85,,,,,,,,,,,,,
AL,UNNAMED,1941,5,44,19411006,1100,L,HU,25.5N,80.3W,85,,,,,,,,,,,,,
AL,UNNAMED,1941,5,44,19411006,1200,,HU,25.7N,80.8W,75,,,,,,,,,,,,,
AL,UNNAMED,1941,5,44,19411006,1800,,TS,26.7N,82.4W,60,997,,,,,,,,,,,,
AL,UNNAMED,1941,5,44,19411007,0,,HU,28.0N,83.7W,70,,,,,,,,,,,,,
AL,UNNAMED,1941,5,44,19411007,600,,HU,29.2N,84.6W,80,982,,,,,,,,,,,,
AL,UNNAMED,1941,5,44,19411007,900,L,HU,29.9N,84.6W,80,982,,,,,,,,,,,,
AL,UNNAMED,1941,5,44,19411007,1200,,HU,30.3N,84.6W,70,,,,,,,,,,,,,
AL,UNNAMED,1941,5,44,19411007,1800,,TS,31.4N,84.1W,60,,,,,,,,,,,,,
AL,UNNAMED,1941,5,44,19411008,0,,TS,32.2N,83.1W,45,,,,,,,,,,,,,
AL,UNNAMED,1941,5,44,19411008,600,,TS,32.6N,81.6W,40,,,,,,,,,,,,,
AL,UNNAMED,1941,5,44,19411008,1200,,TS,33.0N,80.1W,35,1004,,,,,,,,,,,,
AL,UNNAMED,1941,5,44,19411008,1800,,TS,32.9N,79.0W,40,,,,,,,,,,,,,
AL,UNNAMED,1941,5,44,19411009,0,,TS,32.5N,77.7W,50,,,,,,,,,,,,,
AL,UNNAMED,1941,5,44,19411009,600,,TS,32.0N,76.4W,50,,,,,,,,,,,,,
AL,UNNAMED,1941,5,44,19411009,1200,,TS,31.2N,75.2W,50,,,,,,,,,,,,,
AL,UNNAMED,1941,5,44,19411009,1800,,TS,30.4N,74.7W,50,,,,,,,,,,,,,
AL,UNNAMED,1941,5,44,19411010,0,,TS,29.7N,74.3W,50,,,,,,,,,,,,,
AL,UNNAMED,1941,5,44,19411010,600,,TS,29.5N,74.6W,50,,,,,,,,,,,,,
AL,UNNAMED,1941,5,44,19411010,1200,,TS,29.5N,74.9W,50,,,,,,,,,,,,,
AL,UNNAMED,1941,5,44,19411010,1800,,TS,29.5N,74.6W,50,,,,,,,,,,,,,
AL,UNNAMED,1941,5,44,19411011,0,,TS,29.7N,73.6W,50,,,,,,,,,,,,,
AL,UNNAMED,1941,5,44,19411011,600,,TS,29.5N,72.2W,50,,,,,,,,,,,,,
AL,UNNAMED,1941,5,44,19411011,1200,,TS,29.3N,70.3W,45,,,,,,,,,,,,,
AL,UNNAMED,1941,5,44,19411011,1800,,TS,29.3N,68.5W,45,,,,,,,,,,,,,
AL,UNNAMED,1941,5,44,19411012,0,,TS,29.4N,67.1W,45,,,,,,,,,,,,,
AL,UNNAMED,1941,5,44,19411012,600,,TS,29.5N,65.6W,40,,,,,,,,,,,,,
AL,UNNAMED,1941,5,44,19411012,1200,,EX,29.7N,64.1W,40,,,,,,,,,,,,,
AL,UNNAMED,1941,5,44,19411012,1800,,EX,30.4N,62.5W,40,,,,,,,,,,,,,
AL,UNNAMED,1941,5,44,19411013,0,,EX,31.5N,60.7W,40,,,,,,,,,,,,,
AL,UNNAMED,1941,5,44,19411013,600,,EX,33.1N,58.7W,35,,,,,,,,,,,,,
AL,UNNAMED,1941,5,44,19411013,1200,,EX,35.0N,56.5W,35,,,,,,,,,,,,,
AL,UNNAMED,1941,5,44,19411013,1800,,EX,37.0N,54.0W,35,,,,,,,,,,,,,
AL,UNNAMED,1941,6,30,19411015,600,,TD,20.7N,69.0W,25,,,,,,,,,,,,,
AL,UNNAMED,1941,6,30,19411015,1200,,TD,21.0N,69.9W,25,,,,,,,,,,,,,
AL,UNNAMED,1941,6,30,19411015,1800,,TD,21.3N,71.0W,25,,,,,,,,,,,,,
AL,UNNAMED,1941,6,30,19411016,0,,TD,21.7N,72.1W,25,,,,,,,,,,,,,
AL,UNNAMED,1941,6,30,19411016,600,,TD,22.1N,73.1W,25,,,,,,,,,,,,,
AL,UNNAMED,1941,6,30,19411016,1200,,TD,22.5N,74.1W,25,,,,,,,,,,,,,
AL,UNNAMED,1941,6,30,19411016,1800,,TD,22.8N,75.2W,25,,,,,,,,,,,,,
AL,UNNAMED,1941,6,30,19411017,0,,TD,23.1N,76.5W,25,,,,,,,,,,,,,
AL,UNNAMED,1941,6,30,19411017,600,,TD,23.4N,78.1W,25,,,,,,,,,,,,,
AL,UNNAMED,1941,6,30,19411017,1200,,TD,23.6N,79.8W,25,,,,,,,,,,,,,
AL,UNNAMED,1941,6,30,19411017,1800,,TD,23.8N,81.3W,25,,,,,,,,,,,,,
AL,UNNAMED,1941,6,30,19411018,0,,TD,24.2N,82.6W,25,,,,,,,,,,,,,
AL,UNNAMED,1941,6,30,19411018,600,,TD,24.7N,83.4W,25,,,,,,,,,,,,,
AL,UNNAMED,1941,6,30,19411018,1200,,TD,25.2N,84.0W,30,,,,,,,,,,,,,
AL,UNNAMED,1941,6,30,19411018,1800,,TD,25.8N,84.4W,30,,,,,,,,,,,,,
AL,UNNAMED,1941,6,30,19411019,0,,TS,26.5N,84.5W,35,,,,,,,,,,,,,
AL,UNNAMED,1941,6,30,19411019,600,,TS,27.2N,84.4W,40,,,,,,,,,,,,,
AL,UNNAMED,1941,6,30,19411019,1200,,TS,27.7N,84.3W,45,,,,,,,,,,,,,
AL,UNNAMED,1941,6,30,19411019,1800,,TS,27.9N,84.2W,45,,,,,,,,,,,,,
AL,UNNAMED,1941,6,30,19411020,0,,TS,28.2N,83.8W,45,,,,,,,,,,,,,
AL,UNNAMED,1941,6,30,19411020,600,,TS,28.6N,83.3W,40,,,,,,,,,,,,,
AL,UNNAMED,1941,6,30,19411020,1200,,TS,29.0N,83.0W,40,1004,,,,,,,,,,,,
AL,UNNAMED,1941,6,30,19411020,1400,L,TS,29.0N,83.0W,40,1004,,,,,,,,,,,,
AL,UNNAMED,1941,6,30,19411020,1800,,TS,29.4N,83.0W,35,,,,,,,,,,,,,
AL,UNNAMED,1941,6,30,19411021,0,,TS,29.5N,82.9W,35,,,,,,,,,,,,,
AL,UNNAMED,1941,6,30,19411021,600,,TS,29.4N,82.8W,35,,,,,,,,,,,,,
AL,UNNAMED,1941,6,30,19411021,1200,,TD,29.1N,82.6W,30,,,,,,,,,,,,,
AL,UNNAMED,1941,6,30,19411021,1800,,TD,29.0N,82.3W,25,,,,,,,,,,,,,
AL,UNNAMED,1941,6,30,19411022,0,,TD,28.8N,82.1W,25,,,,,,,,,,,,,
AL,UNNAMED,1941,6,30,19411022,600,,TD,28.4N,82.0W,20,,,,,,,,,,,,,
AL,UNNAMED,1942,1,12,19420803,0,,TD,16.2N,85.2W,30,,,,,,,,,,,,,
AL,UNNAMED,1942,1,12,19420803,600,,TD,16.3N,86.0W,30,,,,,,,,,,,,,
AL,UNNAMED,1942,1,12,19420803,1200,,TS,16.5N,87.0W,35,,,,,,,,,,,,,
AL,UNNAMED,1942,1,12,19420803,1800,,TS,17.0N,88.3W,35,,,,,,,,,,,,,
AL,UNNAMED,1942,1,12,19420804,0,,TD,17.6N,89.8W,30,,,,,,,,,,,,,
AL,UNNAMED,1942,1,12,19420804,600,,TD,18.3N,91.4W,30,,,,,,,,,,,,,
AL,UNNAMED,1942,1,12,19420804,1200,,TD,19.0N,93.0W,30,,,,,,,,,,,,,
AL,UNNAMED,1942,1,12,19420804,1800,,TS,19.7N,94.4W,35,,,,,,,,,,,,,
AL,UNNAMED,1942,1,12,19420805,0,,TS,20.4N,95.7W,45,,,,,,,,,,,,,
AL,UNNAMED,1942,1,12,19420805,600,,TS,21.1N,96.9W,50,,,,,,,,,,,,,
AL,UNNAMED,1942,1,12,19420805,1200,,TS,21.8N,98.0W,40,,,,,,,,,,,,,
AL,UNNAMED,1942,1,12,19420805,1800,,TD,22.5N,99.0W,25,,,,,,,,,,,,,
AL,UNNAMED,1942,2,26,19420817,1200,,TD,19.0N,85.5W,30,,,,,,,,,,,,,
AL,UNNAMED,1942,2,26,19420817,1800,,TS,20.0N,85.7W,35,,,,,,,,,,,,,
AL,UNNAMED,1942,2,26,19420818,0,,TS,21.2N,86.0W,35,,,,,,,,,,,,,
AL,UNNAMED,1942,2,26,19420818,600,,TS,22.5N,86.5W,40,,,,,,,,,,,,,
AL,UNNAMED,1942,2,26,19420818,1200,,TS,24.0N,87.0W,45,,,,,,,,,,,,,
AL,UNNAMED,1942,2,26,19420818,1800,,TS,25.4N,87.6W,50,,,,,,,,,,,,,
AL,UNNAMED,1942,2,26,19420819,0,,TS,26.5N,88.3W,55,,,,,,,,,,,,,
AL,UNNAMED,1942,2,26,19420819,600,,TS,27.4N,89.3W,60,,,,,,,,,,,,,
AL,UNNAMED,1942,2,26,19420819,1200,,HU,27.9N,90.1W,65,,,,,,,,,,,,,
AL,UNNAMED,1942,2,26,19420819,1800,,HU,28.0N,90.8W,70,,,,,,,,,,,,,
AL,UNNAMED,1942,2,26,19420820,0,,HU,28.1N,91.3W,70,,,,,,,,,,,,,
AL,UNNAMED,1942,2,26,19420820,600,,HU,28.1N,91.7W,70,,,,,,,,,,,,,
AL,UNNAMED,1942,2,26,19420820,1200,,HU,28.2N,92.2W,70,,,,,,,,,,,,,
AL,UNNAMED,1942,2,26,19420820,1800,,HU,28.4N,92.7W,70,,,,,,,,,,,,,
AL,UNNAMED,1942,2,26,19420821,0,,HU,28.7N,93.3W,70,,,,,,,,,,,,,
AL,UNNAMED,1942,2,26,19420821,600,,HU,29.0N,93.9W,70,,,,,,,,,,,,,
AL,UNNAMED,1942,2,26,19420821,1200,,HU,29.4N,94.5W,65,,,,,,,,,,,,,
AL,UNNAMED,1942,2,26,19420821,1300,L,HU,29.5N,94.6W,65,,,,,,,,,,,,,
AL,UNNAMED,1942,2,26,19420821,1800,,TS,30.0N,95.1W,55,,,,,,,,,,,,,
AL,UNNAMED,1942,2,26,19420822,0,,TS,30.7N,95.7W,35,,,,,,,,,,,,,
AL,UNNAMED,1942,2,26,19420822,600,,TD,31.5N,95.9W,25,,,,,,,,,,,,,
AL,UNNAMED,1942,2,26,19420822,1200,,TD,32.8N,95.8W,25,,,,,,,,,,,,,
AL,UNNAMED,1942,2,26,19420822,1800,,TD,34.3N,95.2W,20,,,,,,,,,,,,,
AL,UNNAMED,1942,2,26,19420823,0,,TD,35.7N,93.8W,20,,,,,,,,,,,,,
AL,UNNAMED,1942,2,26,19420823,600,,EX,36.5N,91.8W,20,,,,,,,,,,,,,
AL,UNNAMED,1942,2,26,19420823,1200,,EX,37.0N,87.5W,20,,,,,,,,,,,,,
AL,UNNAMED,1942,3,38,19420823,1200,,TD,14.8N,74.0W,30,,,,,,,,,,,,,
AL,UNNAMED,1942,3,38,19420823,1800,,TD,15.0N,75.1W,30,,,,,,,,,,,,,
AL,UNNAMED,1942,3,38,19420824,0,,TD,15.2N,76.1W,30,,,,,,,,,,,,,
AL,UNNAMED,1942,3,38,19420824,600,,TD,15.4N,77.1W,30,,,,,,,,,,,,,
AL,UNNAMED,1942,3,38,19420824,1200,,TS,15.7N,78.0W,35,,,,,,,,,,,,,
AL,UNNAMED,1942,3,38,19420824,1800,,TS,15.8N,78.6W,35,,,,,,,,,,,,,
AL,UNNAMED,1942,3,38,19420825,0,,TS,16.0N,79.2W,40,,,,,,,,,,,,,
AL,UNNAMED,1942,3,38,19420825,600,,TS,16.4N,79.9W,40,,,,,,,,,,,,,
AL,UNNAMED,1942,3,38,19420825,1200,,TS,16.8N,80.5W,45,,,,,,,,,,,,,
AL,UNNAMED,1942,3,38,19420825,1800,,TS,17.0N,80.9W,50,,,,,,,,,,,,,
AL,UNNAMED,1942,3,38,19420826,0,,TS,17.2N,81.4W,50,,,,,,,,,,,,,
AL,UNNAMED,1942,3,38,19420826,600,,TS,17.4N,81.8W,50,,,,,,,,,,,,,
AL,UNNAMED,1942,3,38,19420826,1200,,TS,17.6N,82.2W,55,,,,,,,,,,,,,
AL,UNNAMED,1942,3,38,19420826,1800,,TS,17.8N,82.8W,55,,,,,,,,,,,,,
AL,UNNAMED,1942,3,38,19420827,0,,TS,18.0N,83.5W,60,,,,,,,,,,,,,
AL,UNNAMED,1942,3,38,19420827,600,,HU,18.3N,84.1W,70,,,,,,,,,,,,,
AL,UNNAMED,1942,3,38,19420827,1200,,HU,18.8N,84.6W,80,,,,,,,,,,,,,
AL,UNNAMED,1942,3,38,19420827,1800,,HU,19.4N,85.4W,90,,,,,,,,,,,,,
AL,UNNAMED,1942,3,38,19420828,0,,HU,20.3N,86.3W,90,,,,,,,,,,,,,
AL,UNNAMED,1942,3,38,19420828,600,,HU,21.2N,87.6W,70,,,,,,,,,,,,,
AL,UNNAMED,1942,3,38,19420828,1200,,HU,22.2N,88.8W,80,,,,,,,,,,,,,
AL,UNNAMED,1942,3,38,19420828,1800,,HU,23.0N,89.6W,90,,,,,,,,,,,,,
AL,UNNAMED,1942,3,38,19420829,0,,HU,23.8N,90.5W,95,,,,,,,,,,,,,
AL,UNNAMED,1942,3,38,19420829,600,,HU,24.6N,91.7W,100,,,,,,,,,,,,,
AL,UNNAMED,1942,3,38,19420829,1200,,HU,25.5N,92.8W,100,,,,,,,,,,,,,
AL,UNNAMED,1942,3,38,19420829,1800,,HU,26.3N,93.9W,100,,,,,,,,,,,,,
AL,UNNAMED,1942,3,38,19420830,0,,HU,27.1N,95.0W,100,,,,,,,,,,,,,
AL,UNNAMED,1942,3,38,19420830,600,,HU,27.9N,96.1W,100,950,,,,,,,,,,,,
AL,UNNAMED,1942,3,38,19420830,900,L,HU,28.3N,96.6W,100,950,,,,,,,,,,,,
AL,UNNAMED,1942,3,38,19420830,1200,,HU,28.8N,97.2W,85,952,,,,,,,,,,,,
AL,UNNAMED,1942,3,38,19420830,1800,,HU,29.4N,98.6W,65,,,,,,,,,,,,,
AL,UNNAMED,1942,3,38,19420831,0,,TS,30.2N,100.0W,45,,,,,,,,,,,,,
AL,UNNAMED,1942,3,38,19420831,600,,TS,31.0N,101.4W,40,,,,,,,,,,,,,
AL,UNNAMED,1942,3,38,19420831,1200,,TS,31.7N,102.5W,35,,,,,,,,,,,,,
AL,UNNAMED,1942,3,38,19420831,1800,,TS,32.2N,103.6W,35,,,,,,,,,,,,,
AL,UNNAMED,1942,3,38,19420901,0,,TD,32.3N,104.0W,30,,,,,,,,,,,,,
AL,UNNAMED,1942,3,38,19420901,600,,TD,32.5N,104.3W,25,,,,,,,,,,,,,
AL,UNNAMED,1942,3,38,19420901,1200,,TD,33.0N,104.5W,25,,,,,,,,,,,,,
AL,UNNAMED,1942,4,39,19420825,600,,HU,27.5N,62.5W,65,,,,,,,,,,,,,
AL,UNNAMED,1942,4,39,19420825,1200,,HU,28.6N,63.0W,65,,,,,,,,,,,,,
AL,UNNAMED,1942,4,39,19420825,1800,,HU,30.0N,63.4W,75,,,,,,,,,,,,,
AL,UNNAMED,1942,4,39,19420826,0,,HU,31.4N,63.5W,90,,,,,,,,,,,,,
AL,UNNAMED,1942,4,39,19420826,600,,HU,32.3N,63.1W,95,,,,,,,,,,,,,
AL,UNNAMED,1942,4,39,19420826,1200,,HU,33.2N,62.2W,95,,,,,,,,,,,,,
AL,UNNAMED,1942,4,39,19420826,1800,,HU,34.2N,60.4W,95,,,,,,,,,,,,,
AL,UNNAMED,1942,4,39,19420827,0,,HU,35.1N,58.7W,90,,,,,,,,,,,,,
AL,UNNAMED,1942,4,39,19420827,600,,HU,35.6N,57.8W,90,,,,,,,,,,,,,
AL,UNNAMED,1942,4,39,19420827,1200,,HU,35.9N,57.2W,85,,,,,,,,,,,,,
AL,UNNAMED,1942,4,39,19420827,1800,,HU,36.3N,56.7W,85,,,,,,,,,,,,,
AL,UNNAMED,1942,4,39,19420828,0,,HU,36.8N,56.2W,80,,,,,,,,,,,,,
AL,UNNAMED,1942,4,39,19420828,600,,HU,37.3N,55.7W,80,,,,,,,,,,,,,
AL,UNNAMED,1942,4,39,19420828,1200,,HU,37.8N,55.2W,75,,,,,,,,,,,,,
AL,UNNAMED,1942,4,39,19420828,1800,,HU,38.2N,54.5W,75,,,,,,,,,,,,,
AL,UNNAMED,1942,4,39,19420829,0,,HU,38.6N,53.9W,70,,,,,,,,,,,,,
AL,UNNAMED,1942,4,39,19420829,600,,HU,38.9N,53.4W,70,,,,,,,,,,,,,
AL,UNNAMED,1942,4,39,19420829,1200,,HU,39.0N,53.0W,65,,,,,,,,,,,,,
AL,UNNAMED,1942,4,39,19420829,1800,,TS,39.1N,52.7W,60,,,,,,,,,,,,,
AL,UNNAMED,1942,4,39,19420830,0,,TS,39.1N,52.4W,55,,,,,,,,,,,,,
AL,UNNAMED,1942,4,39,19420830,600,,TS,39.0N,52.2W,55,,,,,,,,,,,,,
AL,UNNAMED,1942,4,39,19420830,1200,,TS,39.0N,52.0W,50,,,,,,,,,,,,,
AL,UNNAMED,1942,4,39,19420830,1800,,TS,38.8N,52.0W,45,,,,,,,,,,,,,
AL,UNNAMED,1942,4,39,19420831,0,,TS,38.5N,52.2W,45,,,,,,,,,,,,,
AL,UNNAMED,1942,4,39,19420831,600,,TS,38.2N,52.6W,45,,,,,,,,,,,,,
AL,UNNAMED,1942,4,39,19420831,1200,,TS,38.0N,53.0W,45,,,,,,,,,,,,,
AL,UNNAMED,1942,4,39,19420831,1800,,TS,37.8N,53.2W,45,,,,,,,,,,,,,
AL,UNNAMED,1942,4,39,19420901,0,,TS,37.6N,53.4W,40,,,,,,,,,,,,,
AL,UNNAMED,1942,4,39,19420901,600,,TS,37.3N,53.6W,40,,,,,,,,,,,,,
AL,UNNAMED,1942,4,39,19420901,1200,,TS,37.0N,54.0W,35,,,,,,,,,,,,,
AL,UNNAMED,1942,4,39,19420901,1800,,TS,36.4N,54.7W,35,,,,,,,,,,,,,
AL,UNNAMED,1942,4,39,19420902,0,,TS,36.0N,55.2W,35,,,,,,,,,,,,,
AL,UNNAMED,1942,4,39,19420902,600,,TS,35.6N,56.5W,35,,,,,,,,,,,,,
AL,UNNAMED,1942,4,39,19420902,1200,,TS,35.2N,57.9W,35,,,,,,,,,,,,,
AL,UNNAMED,1942,4,39,19420902,1800,,TS,34.8N,59.2W,35,,,,,,,,,,,,,
AL,UNNAMED,1942,4,39,19420903,0,,TD,34.3N,60.2W,30,,,,,,,,,,,,,
AL,UNNAMED,1942,4,39,19420903,600,,TD,33.7N,60.7W,30,,,,,,,,,,,,,
AL,UNNAMED,1942,4,39,19420903,1200,,TD,33.0N,61.0W,25,,,,,,,,,,,,,
AL,UNNAMED,1942,4,39,19420903,1800,,TD,32.5N,61.2W,25,,,,,,,,,,,,,
AL,UNNAMED,1942,5,32,19420915,1800,,TS,12.5N,58.8W,35,,,,,,,,,,,,,
AL,UNNAMED,1942,5,32,19420916,0,,TS,13.3N,60.5W,35,,,,,,,,,,,,,
AL,UNNAMED,1942,5,32,19420916,600,,TS,14.0N,62.1W,35,,,,,,,,,,,,,
AL,UNNAMED,1942,5,32,19420916,1200,,TS,14.5N,63.7W,40,,,,,,,,,,,,,
AL,UNNAMED,1942,5,32,19420916,1800,,TS,14.9N,65.4W,40,,,,,,,,,,,,,
AL,UNNAMED,1942,5,32,19420917,0,,TS,15.3N,67.1W,40,,,,,,,,,,,,,
AL,UNNAMED,1942,5,32,19420917,600,,TS,15.7N,68.7W,45,,,,,,,,,,,,,
AL,UNNAMED,1942,5,32,19420917,1200,,TS,16.1N,70.3W,45,,,,,,,,,,,,,
AL,UNNAMED,1942,5,32,19420917,1800,,TS,16.3N,71.9W,45,,,,,,,,,,,,,
AL,UNNAMED,1942,5,32,19420918,0,,TS,16.4N,73.3W,45,,,,,,,,,,,,,
AL,UNNAMED,1942,5,32,19420918,600,,TS,16.5N,74.5W,45,,,,,,,,,,,,,
AL,UNNAMED,1942,5,32,19420918,1200,,TS,16.5N,75.5W,45,,,,,,,,,,,,,
AL,UNNAMED,1942,5,32,19420918,1800,,TS,16.5N,76.3W,45,,,,,,,,,,,,,
AL,UNNAMED,1942,5,32,19420919,0,,TS,16.5N,77.1W,45,,,,,,,,,,,,,
AL,UNNAMED,1942,5,32,19420919,600,,TS,16.5N,77.9W,45,,,,,,,,,,,,,
AL,UNNAMED,1942,5,32,19420919,1200,,TS,16.5N,78.7W,45,,,,,,,,,,,,,
AL,UNNAMED,1942,5,32,19420919,1800,,TS,16.5N,79.4W,45,,,,,,,,,,,,,
AL,UNNAMED,1942,5,32,19420920,0,,TS,16.5N,80.2W,45,,,,,,,,,,,,,
AL,UNNAMED,1942,5,32,19420920,600,,TS,16.6N,81.0W,45,,,,,,,,,,,,,
AL,UNNAMED,1942,5,32,19420920,1200,,TS,16.7N,81.8W,45,,,,,,,,,,,,,
AL,UNNAMED,1942,5,32,19420920,1800,,TS,16.8N,82.6W,45,,,,,,,,,,,,,
AL,UNNAMED,1942,5,32,19420921,0,,TS,16.8N,83.4W,45,,,,,,,,,,,,,
AL,UNNAMED,1942,5,32,19420921,600,,TS,16.8N,84.2W,40,,,,,,,,,,,,,
AL,UNNAMED,1942,5,32,19420921,1200,,TS,16.8N,85.0W,40,,,,,,,,,,,,,
AL,UNNAMED,1942,5,32,19420921,1800,,TS,16.8N,85.8W,40,,,,,,,,,,,,,
AL,UNNAMED,1942,5,32,19420922,0,,TS,16.8N,86.6W,40,,,,,,,,,,,,,
AL,UNNAMED,1942,5,32,19420922,600,,TS,16.8N,87.3W,40,,,,,,,,,,,,,
AL,UNNAMED,1942,5,32,19420922,1200,,TS,16.8N,88.0W,35,,,,,,,,,,,,,
AL,UNNAMED,1942,5,32,19420922,1800,,TD,16.8N,88.7W,30,,,,,,,,,,,,,
AL,UNNAMED,1942,5,32,19420923,0,,TD,16.8N,89.4W,30,,,,,,,,,,,,,
AL,UNNAMED,1942,5,32,19420923,600,,TD,16.8N,90.2W,25,,,,,,,,,,,,,
AL,UNNAMED,1942,5,32,19420923,1200,,TD,16.8N,91.0W,25,,,,,,,,,,,,,
AL,UNNAMED,1942,6,27,19420918,1200,,TS,35.0N,65.0W,35,,,,,,,,,,,,,
AL,UNNAMED,1942,6,27,19420918,1800,,TS,34.4N,65.2W,35,,,,,,,,,,,,,
AL,UNNAMED,1942,6,27,19420919,0,,TS,33.7N,66.0W,35,,,,,,,,,,,,,
AL,UNNAMED,1942,6,27,19420919,600,,TS,33.0N,67.2W,40,,,,,,,,,,,,,
AL,UNNAMED,1942,6,27,19420919,1200,,TS,32.5N,68.0W,40,,,,,,,,,,,,,
AL,UNNAMED,1942,6,27,19420919,1800,,TS,32.7N,68.5W,45,,,,,,,,,,,,,
AL,UNNAMED,1942,6,27,19420920,0,,TS,33.2N,68.9W,45,,,,,,,,,,,,,
AL,UNNAMED,1942,6,27,19420920,600,,TS,33.9N,69.2W,45,,,,,,,,,,,,,
AL,UNNAMED,1942,6,27,19420920,1200,,TS,34.5N,69.5W,45,,,,,,,,,,,,,
AL,UNNAMED,1942,6,27,19420920,1800,,TS,34.9N,69.5W,45,,,,,,,,,,,,,
AL,UNNAMED,1942,6,27,19420921,0,,TS,35.2N,69.2W,45,,,,,,,,,,,,,
AL,UNNAMED,1942,6,27,19420921,600,,TS,35.6N,68.9W,45,,,,,,,,,,,,,
AL,UNNAMED,1942,6,27,19420921,1200,,TS,36.0N,68.5W,40,,,,,,,,,,,,,
AL,UNNAMED,1942,6,27,19420921,1800,,TS,36.7N,68.1W,40,,,,,,,,,,,,,
AL,UNNAMED,1942,6,27,19420922,0,,EX,37.7N,67.7W,40,,,,,,,,,,,,,
AL,UNNAMED,1942,6,27,19420922,600,,EX,38.9N,67.1W,40,,,,,,,,,,,,,
AL,UNNAMED,1942,6,27,19420922,1200,,EX,40.0N,66.5W,35,,,,,,,,,,,,,
AL,UNNAMED,1942,6,27,19420922,1800,,EX,40.8N,65.5W,35,,,,,,,,,,,,,
AL,UNNAMED,1942,6,27,19420923,0,,EX,41.4N,64.2W,35,,,,,,,,,,,,,
AL,UNNAMED,1942,6,27,19420923,600,,EX,42.0N,62.8W,35,,,,,,,,,,,,,
AL,UNNAMED,1942,6,27,19420923,1200,,EX,42.5N,61.5W,35,,,,,,,,,,,,,
AL,UNNAMED,1942,6,27,19420923,1800,,EX,43.0N,60.6W,35,,,,,,,,,,,,,
AL,UNNAMED,1942,6,27,19420924,0,,EX,43.7N,59.7W,35,,,,,,,,,,,,,
AL,UNNAMED,1942,6,27,19420924,600,,EX,44.5N,58.8W,35,,,,,,,,,,,,,
AL,UNNAMED,1942,6,27,19420924,1200,,EX,45.5N,58.0W,35,,,,,,,,,,,,,
AL,UNNAMED,1942,6,27,19420924,1800,,EX,47.0N,56.9W,35,,,,,,,,,,,,,
AL,UNNAMED,1942,6,27,19420925,0,,EX,49.0N,55.0W,35,,,,,,,,,,,,,
AL,UNNAMED,1942,7,13,19420927,600,,TS,29.8N,63.5W,35,,,,,,,,,,,,,
AL,UNNAMED,1942,7,13,19420927,1200,,TS,30.0N,64.0W,35,,,,,,,,,,,,,
AL,UNNAMED,1942,7,13,19420927,1800,,TS,30.2N,64.5W,35,,,,,,,,,,,,,
AL,UNNAMED,1942,7,13,19420928,0,,TS,30.4N,65.0W,35,,,,,,,,,,,,,
AL,UNNAMED,1942,7,13,19420928,600,,TS,30.7N,65.5W,40,,,,,,,,,,,,,
AL,UNNAMED,1942,7,13,19420928,1200,,TS,31.0N,66.0W,40,,,,,,,,,,,,,
AL,UNNAMED,1942,7,13,19420928,1800,,TS,31.5N,66.3W,45,,,,,,,,,,,,,
AL,UNNAMED,1942,7,13,19420929,0,,TS,32.2N,66.6W,45,,,,,,,,,,,,,
AL,UNNAMED,1942,7,13,19420929,600,,TS,33.0N,66.9W,45,,,,,,,,,,,,,
AL,UNNAMED,1942,7,13,19420929,1200,,EX,33.9N,66.9W,40,,,,,,,,,,,,,
AL,UNNAMED,1942,7,13,19420929,1800,,EX,34.8N,66.4W,40,,,,,,,,,,,,,
AL,UNNAMED,1942,7,13,19420930,0,,EX,35.6N,65.5W,35,,,,,,,,,,,,,
AL,UNNAMED,1942,7,13,19420930,600,,EX,36.4N,64.1W,30,,,,,,,,,,,,,
AL,UNNAMED,1942,8,22,19420930,1200,,TD,24.0N,71.0W,30,,,,,,,,,,,,,
AL,UNNAMED,1942,8,22,19420930,1800,,TD,24.5N,70.8W,30,,,,,,,,,,,,,
AL,UNNAMED,1942,8,22,19421001,0,,TS,25.0N,70.6W,35,,,,,,,,,,,,,
AL,UNNAMED,1942,8,22,19421001,600,,TS,25.5N,70.4W,40,,,,,,,,,,,,,
AL,UNNAMED,1942,8,22,19421001,1200,,TS,26.0N,70.0W,45,,,,,,,,,,,,,
AL,UNNAMED,1942,8,22,19421001,1800,,TS,26.6N,69.1W,45,,,,,,,,,,,,,
AL,UNNAMED,1942,8,22,19421002,0,,TS,27.2N,68.0W,45,,,,,,,,,,,,,
AL,UNNAMED,1942,8,22,19421002,600,,TS,28.1N,66.8W,50,,,,,,,,,,,,,
AL,UNNAMED,1942,8,22,19421002,1200,,TS,29.1N,65.6W,55,,,,,,,,,,,,,
AL,UNNAMED,1942,8,22,19421002,1800,,TS,30.2N,64.4W,60,,,,,,,,,,,,,
AL,UNNAMED,1942,8,22,19421003,0,,TS,31.3N,63.3W,60,,,,,,,,,,,,,
AL,UNNAMED,1942,8,22,19421003,600,,TS,32.5N,62.2W,60,,,,,,,,,,,,,
AL,UNNAMED,1942,8,22,19421003,1200,,TS,33.8N,61.0W,60,,,,,,,,,,,,,
AL,UNNAMED,1942,8,22,19421003,1800,,TS,35.6N,59.4W,55,,,,,,,,,,,,,
AL,UNNAMED,1942,8,22,19421004,0,,TS,37.6N,57.6W,50,,,,,,,,,,,,,
AL,UNNAMED,1942,8,22,19421004,600,,TS,39.7N,55.6W,45,,,,,,,,,,,,,
AL,UNNAMED,1942,8,22,19421004,1200,,EX,42.0N,54.0W,40,,,,,,,,,,,,,
AL,UNNAMED,1942,8,22,19421004,1800,,EX,44.1N,53.0W,45,,,,,,,,,,,,,
AL,UNNAMED,1942,8,22,19421005,0,,EX,45.2N,52.2W,50,,,,,,,,,,,,,
AL,UNNAMED,1942,8,22,19421005,600,,EX,47.3N,51.6W,55,,,,,,,,,,,,,
AL,UNNAMED,1942,8,22,19421005,1200,,EX,49.0N,51.0W,60,,,,,,,,,,,,,
AL,UNNAMED,1942,8,22,19421005,1800,,EX,51.1N,50.5W,60,,,,,,,,,,,,,
AL,UNNAMED,1942,9,12,19421010,600,,TS,29.6N,71.3W,35,,,,,,,,,,,,,
AL,UNNAMED,1942,9,12,19421010,1200,,TS,30.0N,72.0W,35,,,,,,,,,,,,,
AL,UNNAMED,1942,9,12,19421010,1800,,TS,30.4N,72.7W,35,,,,,,,,,,,,,
AL,UNNAMED,1942,9,12,19421011,0,,TS,31.0N,73.3W,35,,,,,,,,,,,,,
AL,UNNAMED,1942,9,12,19421011,600,,TS,31.8N,73.9W,40,,,,,,,,,,,,,
AL,UNNAMED,1942,9,12,19421011,1200,,EX,33.0N,74.5W,40,,,,,,,,,,,,,
AL,UNNAMED,1942,9,12,19421011,1800,,EX,33.9N,75.0W,45,,,,,,,,,,,,,
AL,UNNAMED,1942,9,12,19421012,0,,EX,34.6N,75.4W,45,1000,,,,,,,,,,,,
AL,UNNAMED,1942,9,12,19421012,600,,EX,35.1N,75.7W,40,,,,,,,,,,,,,
AL,UNNAMED,1942,9,12,19421012,1200,,EX,35.5N,75.9W,40,,,,,,,,,,,,,
AL,UNNAMED,1942,9,12,19421012,1800,,EX,35.6N,76.3W,35,,,,,,,,,,,,,
AL,UNNAMED,1942,9,12,19421013,0,,EX,35.4N,76.8W,30,,,,,,,,,,,,,
AL,UNNAMED,1942,10,22,19421013,1200,,TD,19.4N,76.9W,30,,,,,,,,,,,,,
AL,UNNAMED,1942,10,22,19421013,1800,,TD,20.2N,76.4W,30,,,,,,,,,,,,,
AL,UNNAMED,1942,10,22,19421014,0,,TD,21.2N,76.1W,30,,,,,,,,,,,,,
AL,UNNAMED,1942,10,22,19421014,600,,TS,22.5N,76.0W,35,,,,,,,,,,,,,
AL,UNNAMED,1942,10,22,19421014,1200,,TS,23.7N,76.0W,35,,,,,,,,,,,,,
AL,UNNAMED,1942,10,22,19421014,1800,,TS,24.6N,76.0W,35,,,,,,,,,,,,,
AL,UNNAMED,1942,10,22,19421015,0,,TS,25.0N,76.0W,35,,,,,,,,,,,,,
AL,UNNAMED,1942,10,22,19421015,600,,TS,25.4N,76.1W,35,,,,,,,,,,,,,
AL,UNNAMED,1942,10,22,19421015,1200,,TS,26.0N,76.1W,35,,,,,,,,,,,,,
AL,UNNAMED,1942,10,22,19421015,1800,,TS,26.7N,75.9W,35,,,,,,,,,,,,,
AL,UNNAMED,1942,10,22,19421016,0,,TS,27.4N,75.4W,40,,,,,,,,,,,,,
AL,UNNAMED,1942,10,22,19421016,600,,TS,28.2N,74.8W,40,,,,,,,,,,,,,
AL,UNNAMED,1942,10,22,19421016,1200,,TS,29.0N,74.1W,45,,,,,,,,,,,,,
AL,UNNAMED,1942,10,22,19421016,1800,,TS,30.0N,73.4W,45,,,,,,,,,,,,,
AL,UNNAMED,1942,10,22,19421017,0,,TS,31.0N,72.6W,45,,,,,,,,,,,,,
AL,UNNAMED,1942,10,22,19421017,600,,TS,32.0N,72.1W,45,,,,,,,,,,,,,
AL,UNNAMED,1942,10,22,19421017,1200,,TS,33.0N,71.8W,45,,,,,,,,,,,,,
AL,UNNAMED,1942,10,22,19421017,1800,,TS,34.0N,70.9W,40,,,,,,,,,,,,,
AL,UNNAMED,1942,10,22,19421018,0,,TS,35.0N,69.6W,40,,,,,,,,,,,,,
AL,UNNAMED,1942,10,22,19421018,600,,TS,36.0N,68.3W,35,,,,,,,,,,,,,
AL,UNNAMED,1942,10,22,19421018,1200,,TS,37.0N,67.0W,35,,,,,,,,,,,,,
AL,UNNAMED,1942,10,22,19421018,1800,,EX,38.0N,66.0W,35,,,,,,,,,,,,,
AL,UNNAMED,1942,11,28,19421105,0,,TS,21.8N,72.0W,35,,,,,,,,,,,,,
AL,UNNAMED,1942,11,28,19421105,600,,TS,22.2N,72.2W,40,,,,,,,,,,,,,
AL,UNNAMED,1942,11,28,19421105,1200,,TS,22.5N,72.5W,40,,,,,,,,,,,,,
AL,UNNAMED,1942,11,28,19421105,1800,,TS,22.8N,73.3W,45,,,,,,,,,,,,,
AL,UNNAMED,1942,11,28,19421106,0,,TS,23.0N,74.5W,50,,,,,,,,,,,,,
AL,UNNAMED,1942,11,28,19421106,600,,TS,23.0N,75.7W,60,,,,,,,,,,,,,
AL,UNNAMED,1942,11,28,19421106,1200,,HU,22.7N,76.8W,65,,,,,,,,,,,,,
AL,UNNAMED,1942,11,28,19421106,1800,,HU,22.3N,77.8W,70,,,,,,,,,,,,,
AL,UNNAMED,1942,11,28,19421107,0,,TS,21.8N,79.1W,60,,,,,,,,,,,,,
AL,UNNAMED,1942,11,28,19421107,600,,TS,21.1N,80.4W,60,,,,,,,,,,,,,
AL,UNNAMED,1942,11,28,19421107,1200,,HU,20.3N,81.7W,65,,,,,,,,,,,,,
AL,UNNAMED,1942,11,28,19421107,1800,,HU,19.6N,82.9W,70,,,,,,,,,,,,,
AL,UNNAMED,1942,11,28,19421108,0,,HU,19.0N,84.0W,75,,,,,,,,,,,,,
AL,UNNAMED,1942,11,28,19421108,600,,HU,18.4N,85.0W,80,,,,,,,,,,,,,
AL,UNNAMED,1942,11,28,19421108,1200,,HU,17.9N,86.0W,85,,,,,,,,,,,,,
AL,UNNAMED,1942,11,28,19421108,1800,,HU,17.8N,87.0W,95,,,,,,,,,,,,,
AL,UNNAMED,1942,11,28,19421109,0,,HU,17.8N,88.1W,95,,,,,,,,,,,,,
AL,UNNAMED,1942,11,28,19421109,600,,HU,17.9N,88.9W,65,,,,,,,,,,,,,
AL,UNNAMED,1942,11,28,19421109,1200,,TS,18.2N,89.7W,50,,,,,,,,,,,,,
AL,UNNAMED,1942,11,28,19421109,1800,,TS,18.6N,90.2W,40,,,,,,,,,,,,,
AL,UNNAMED,1942,11,28,19421110,0,,TS,19.0N,90.7W,40,,,,,,,,,,,,,
AL,UNNAMED,1942,11,28,19421110,600,,TS,19.5N,91.1W,40,,,,,,,,,,,,,
AL,UNNAMED,1942,11,28,19421110,1200,,TS,20.0N,91.5W,40,,,,,,,,,,,,,
AL,UNNAMED,1942,11,28,19421110,1800,,TS,20.5N,91.7W,40,,,,,,,,,,,,,
AL,UNNAMED,1942,11,28,19421111,0,,TS,20.8N,91.8W,40,,,,,,,,,,,,,
AL,UNNAMED,1942,11,28,19421111,600,,TS,20.6N,91.5W,40,,,,,,,,,,,,,
AL,UNNAMED,1942,11,28,19421111,1200,,TS,20.0N,91.0W,40,,,,,,,,,,,,,
AL,UNNAMED,1942,11,28,19421111,1800,,TD,19.3N,89.8W,30,,,,,,,,,,,,,
AL,UNNAMED,1943,1,18,19430725,1800,,TS,28.0N,87.7W,35,,,,,,,,,,,,,
AL,UNNAMED,1943,1,18,19430726,0,,TS,28.1N,88.9W,45,,,,,,,,,,,,,
AL,UNNAMED,1943,1,18,19430726,600,,TS,28.1N,90.1W,50,,,,,,,,,,,,,
AL,UNNAMED,1943,1,18,19430726,1200,,TS,28.2N,91.1W,60,,,,,,,,,,,,,
AL,UNNAMED,1943,1,18,19430726,1800,,HU,28.4N,92.0W,70,,,,,,,,,,,,,
AL,UNNAMED,1943,1,18,19430727,0,,HU,28.6N,92.7W,80,,,,,,,,,,,,,
AL,UNNAMED,1943,1,18,19430727,600,,HU,28.9N,93.4W,90,,,,,,,,,,,,,
AL,UNNAMED,1943,1,18,19430727,1200,,HU,29.2N,94.0W,90,,,,,,,,,,,,,
AL,UNNAMED,1943,1,18,19430727,1800,L,HU,29.5N,94.6W,90,967,,,,,,,,,,,,
AL,UNNAMED,1943,1,18,19430728,0,,HU,29.7N,95.1W,75,975,,,,,,,,,,,,
AL,UNNAMED,1943,1,18,19430728,600,,TS,29.9N,95.6W,50,,,,,,,,,,,,,
AL,UNNAMED,1943,1,18,19430728,1200,,TS,30.2N,96.0W,40,,,,,,,,,,,,,
AL,UNNAMED,1943,1,18,19430728,1800,,TS,30.5N,96.4W,40,,,,,,,,,,,,,
AL,UNNAMED,1943,1,18,19430729,0,,TS,30.9N,96.8W,35,,,,,,,,,,,,,
AL,UNNAMED,1943,1,18,19430729,600,,TD,31.4N,97.1W,30,,,,,,,,,,,,,
AL,UNNAMED,1943,1,18,19430729,1200,,TD,32.0N,97.4W,30,,,,,,,,,,,,,
AL,UNNAMED,1943,1,18,19430729,1800,,TD,32.5N,97.7W,25,,,,,,,,,,,,,
AL,UNNAMED,1943,1,18,19430730,0,,TD,33.0N,98.0W,25,,,,,,,,,,,,,
AL,UNNAMED,1943,2,26,19430813,1200,,TS,17.1N,60.5W,35,,,,,,,,,,,,,
AL,UNNAMED,1943,2,26,19430813,1800,,TS,17.5N,61.5W,35,,,,,,,,,,,,,
AL,UNNAMED,1943,2,26,19430814,0,,TS,18.0N,62.5W,40,,,,,,,,,,,,,
AL,UNNAMED,1943,2,26,19430814,600,,TS,18.5N,64.5W,40,,,,,,,,,,,,,
AL,UNNAMED,1943,2,26,19430814,1200,,TS,19.2N,65.6W,40,,,,,,,,,,,,,
AL,UNNAMED,1943,2,26,19430814,1800,,TS,20.0N,66.9W,45,,,,,,,,,,,,,
AL,UNNAMED,1943,2,26,19430815,0,,TS,20.9N,68.3W,45,,,,,,,,,,,,,
AL,UNNAMED,1943,2,26,19430815,600,,TS,21.9N,69.7W,45,,,,,,,,,,,,,
AL,UNNAMED,1943,2,26,19430815,1200,,TS,23.0N,71.0W,45,,,,,,,,,,,,,
AL,UNNAMED,1943,2,26,19430815,1800,,TS,24.0N,71.7W,45,,,,,,,,,,,,,
AL,UNNAMED,1943,2,26,19430816,0,,TS,24.8N,72.0W,50,,,,,,,,,,,,,
AL,UNNAMED,1943,2,26,19430816,600,,TS,25.5N,72.1W,50,,,,,,,,,,,,,
AL,UNNAMED,1943,2,26,19430816,1200,,TS,26.2N,72.2W,50,,,,,,,,,,,,,
AL,UNNAMED,1943,2,26,19430816,1800,,TS,27.0N,72.3W,50,,,,,,,,,,,,,
AL,UNNAMED,1943,2,26,19430817,0,,TS,27.9N,72.8W,50,,,,,,,,,,,,,
AL,UNNAMED,1943,2,26,19430817,600,,TS,28.8N,73.6W,50,,,,,,,,,,,,,
AL,UNNAMED,1943,2,26,19430817,1200,,TS,29.6N,74.4W,50,,,,,,,,,,,,,
AL,UNNAMED,1943,2,26,19430817,1800,,TS,30.3N,75.0W,50,,,,,,,,,,,,,
AL,UNNAMED,1943,2,26,19430818,0,,TS,31.0N,75.4W,50,,,,,,,,,,,,,
AL,UNNAMED,1943,2,26,19430818,600,,TS,31.8N,75.4W,45,,,,,,,,,,,,,
AL,UNNAMED,1943,2,26,19430818,1200,,TS,32.7N,74.8W,45,,,,,,,,,,,,,
AL,UNNAMED,1943,2,26,19430818,1800,,TS,33.8N,73.7W,40,,,,,,,,,,,,,
AL,UNNAMED,1943,2,26,19430819,0,,TS,34.8N,72.5W,40,,,,,,,,,,,,,
AL,UNNAMED,1943,2,26,19430819,600,,TS,35.8N,71.3W,40,,,,,,,,,,,,,
AL,UNNAMED,1943,2,26,19430819,1200,,EX,36.7N,70.0W,35,,,,,,,,,,,,,
AL,UNNAMED,1943,2,26,19430819,1800,,EX,38.3N,67.9W,30,,,,,,,,,,,,,
AL,UNNAMED,1943,3,34,19430819,600,,TS,13.5N,55.5W,50,,,,,,,,,,,,,
AL,UNNAMED,1943,3,34,19430819,1200,,TS,14.1N,56.2W,55,,,,,,,,,,,,,
AL,UNNAMED,1943,3,34,19430819,1800,,TS,14.6N,56.9W,60,,,,,,,,,,,,,
AL,UNNAMED,1943,3,34,19430820,0,,HU,15.1N,57.5W,65,,,,,,,,,,,,,
AL,UNNAMED,1943,3,34,19430820,600,,HU,15.6N,58.1W,70,,,,,,,,,,,,,
AL,UNNAMED,1943,3,34,19430820,1200,,HU,16.2N,58.7W,70,,,,,,,,,,,,,
AL,UNNAMED,1943,3,34,19430820,1800,,HU,16.9N,59.3W,75,,,,,,,,,,,,,
AL,UNNAMED,1943,3,34,19430821,0,,HU,17.6N,60.0W,80,,,,,,,,,,,,,
AL,UNNAMED,1943,3,34,19430821,600,,HU,18.3N,60.8W,85,,,,,,,,,,,,,
AL,UNNAMED,1943,3,34,19430821,1200,,HU,19.0N,61.5W,85,,,,,,,,,,,,,
AL,UNNAMED,1943,3,34,19430821,1800,,HU,19.8N,62.2W,90,,,,,,,,,,,,,
AL,UNNAMED,1943,3,34,19430822,0,,HU,20.7N,62.8W,90,,,,,,,,,,,,,
AL,UNNAMED,1943,3,34,19430822,600,,HU,21.6N,63.4W,95,,,,,,,,,,,,,
AL,UNNAMED,1943,3,34,19430822,1200,,HU,22.5N,64.0W,95,,,,,,,,,,,,,
AL,UNNAMED,1943,3,34,19430822,1800,,HU,23.5N,64.5W,100,,,,,,,,,,,,,
AL,UNNAMED,1943,3,34,19430823,0,,HU,24.5N,65.0W,105,,,,,,,,,,,,,
AL,UNNAMED,1943,3,34,19430823,600,,HU,25.5N,65.5W,105,,,,,,,,,,,,,
AL,UNNAMED,1943,3,34,19430823,1200,,HU,26.5N,66.0W,110,,,,,,,,,,,,,
AL,UNNAMED,1943,3,34,19430823,1800,,HU,27.4N,66.4W,115,,,,,,,,,,,,,
AL,UNNAMED,1943,3,34,19430824,0,,HU,28.2N,66.7W,115,,,,,,,,,,,,,
AL,UNNAMED,1943,3,34,19430824,600,,HU,29.0N,67.0W,120,,,,,,,,,,,,,
AL,UNNAMED,1943,3,34,19430824,1200,,HU,30.0N,67.3W,120,,,,,,,,,,,,,
AL,UNNAMED,1943,3,34,19430824,1800,,HU,31.3N,67.5W,120,,,,,,,,,,,,,
AL,UNNAMED,1943,3,34,19430825,0,,HU,32.8N,67.6W,120,,,,,,,,,,,,,
AL,UNNAMED,1943,3,34,19430825,600,,HU,34.3N,67.6W,110,,,,,,,,,,,,,
AL,UNNAMED,1943,3,34,19430825,1200,,HU,36.0N,67.2W,100,,,,,,,,,,,,,
AL,UNNAMED,1943,3,34,19430825,1800,,HU,37.8N,65.7W,90,,,,,,,,,,,,,
AL,UNNAMED,1943,3,34,19430826,0,,EX,39.7N,62.6W,75,,,,,,,,,,,,,
AL,UNNAMED,1943,3,34,19430826,600,,EX,41.8N,57.7W,65,,,,,,,,,,,,,
AL,UNNAMED,1943,3,34,19430826,1200,,EX,43.9N,53.0W,60,,,,,,,,,,,,,
AL,UNNAMED,1943,3,34,19430826,1800,,EX,45.6N,50.3W,55,,,,,,,,,,,,,
AL,UNNAMED,1943,3,34,19430827,0,,EX,47.4N,47.5W,50,,,,,,,,,,,,,
AL,UNNAMED,1943,3,34,19430827,600,,EX,49.7N,44.8W,45,,,,,,,,,,,,,
AL,UNNAMED,1943,3,34,19430827,1200,,EX,52.0N,42.0W,45,,,,,,,,,,,,,
AL,UNNAMED,1943,4,36,19430901,600,,TS,24.5N,59.5W,60,,,,,,,,,,,,,
AL,UNNAMED,1943,4,36,19430901,1200,,HU,25.3N,59.9W,70,,,,,,,,,,,,,
AL,UNNAMED,1943,4,36,19430901,1800,,HU,26.4N,60.9W,75,,,,,,,,,,,,,
AL,UNNAMED,1943,4,36,19430902,0,,HU,27.6N,61.6W,80,,,,,,,,,,,,,
AL,UNNAMED,1943,4,36,19430902,600,,HU,28.8N,62.0W,80,,,,,,,,,,,,,
AL,UNNAMED,1943,4,36,19430902,1200,,HU,30.0N,62.2W,85,,,,,,,,,,,,,
AL,UNNAMED,1943,4,36,19430902,1800,,HU,30.6N,62.4W,85,,,,,,,,,,,,,
AL,UNNAMED,1943,4,36,19430903,0,,HU,31.0N,62.4W,90,,,,,,,,,,,,,
AL,UNNAMED,1943,4,36,19430903,600,,HU,31.4N,62.8W,95,,,,,,,,,,,,,
AL,UNNAMED,1943,4,36,19430903,1200,,HU,31.8N,62.8W,95,,,,,,,,,,,,,
AL,UNNAMED,1943,4,36,19430903,1800,,HU,32.2N,62.5W,100,,,,,,,,,,,,,
AL,UNNAMED,1943,4,36,19430904,0,,HU,32.4N,61.9W,100,,,,,,,,,,,,,
AL,UNNAMED,1943,4,36,19430904,600,,HU,32.5N,61.2W,105,,,,,,,,,,,,,
AL,UNNAMED,1943,4,36,19430904,1200,,HU,32.7N,60.8W,105,,,,,,,,,,,,,
AL,UNNAMED,1943,4,36,19430904,1800,,HU,32.9N,60.6W,105,,,,,,,,,,,,,
AL,UNNAMED,1943,4,36,19430905,0,,HU,33.2N,60.9W,100,,,,,,,,,,,,,
AL,UNNAMED,1943,4,36,19430905,600,,HU,33.5N,61.3W,95,,,,,,,,,,,,,
AL,UNNAMED,1943,4,36,19430905,1200,,HU,33.7N,61.6W,95,,,,,,,,,,,,,
AL,UNNAMED,1943,4,36,19430905,1800,,HU,33.9N,61.9W,95,,,,,,,,,,,,,
AL,UNNAMED,1943,4,36,19430906,0,,HU,34.2N,62.2W,95,,,,,,,,,,,,,
AL,UNNAMED,1943,4,36,19430906,600,,HU,34.4N,62.4W,95,,,,,,,,,,,,,
AL,UNNAMED,1943,4,36,19430906,1200,,HU,34.7N,62.6W,95,,,,,,,,,,,,,
AL,UNNAMED,1943,4,36,19430906,1800,,HU,34.9N,62.8W,95,,,,,,,,,,,,,
AL,UNNAMED,1943,4,36,19430907,0,,HU,35.1N,63.0W,95,,,,,,,,,,,,,
AL,UNNAMED,1943,4,36,19430907,600,,HU,35.4N,63.1W,95,,,,,,,,,,,,,
AL,UNNAMED,1943,4,36,19430907,1200,,HU,35.7N,63.2W,95,,,,,,,,,,,,,
AL,UNNAMED,1943,4,36,19430907,1800,,HU,36.1N,63.3W,90,,,,,,,,,,,,,
AL,UNNAMED,1943,4,36,19430908,0,,HU,36.5N,63.3W,90,,,,,,,,,,,,,
AL,UNNAMED,1943,4,36,19430908,600,,HU,36.9N,63.2W,90,,,,,,,,,,,,,
AL,UNNAMED,1943,4,36,19430908,1200,,HU,37.5N,63.1W,85,,,,,,,,,,,,,
AL,UNNAMED,1943,4,36,19430908,1800,,HU,38.6N,63.0W,80,,,,,,,,,,,,,
AL,UNNAMED,1943,4,36,19430909,0,,HU,40.1N,62.5W,75,,,,,,,,,,,,,
AL,UNNAMED,1943,4,36,19430909,600,,HU,42.2N,61.7W,70,,,,,,,,,,,,,
AL,UNNAMED,1943,4,36,19430909,1200,,TS,44.5N,60.8W,60,,,,,,,,,,,,,
AL,UNNAMED,1943,4,36,19430909,1800,,TS,46.8N,57.5W,55,,,,,,,,,,,,,
AL,UNNAMED,1943,4,36,19430910,0,,EX,49.5N,54.0W,45,,,,,,,,,,,,,
AL,UNNAMED,1943,5,18,19430913,0,,TD,26.0N,77.8W,30,,,,,,,,,,,,,
AL,UNNAMED,1943,5,18,19430913,600,,TS,26.8N,77.8W,35,,,,,,,,,,,,,
AL,UNNAMED,1943,5,18,19430913,1200,,TS,28.0N,77.5W,40,,,,,,,,,,,,,
AL,UNNAMED,1943,5,18,19430913,1800,,TS,29.5N,76.5W,45,,,,,,,,,,,,,
AL,UNNAMED,1943,5,18,19430914,0,,TS,31.0N,75.5W,45,,,,,,,,,,,,,
AL,UNNAMED,1943,5,18,19430914,600,,TS,32.5N,74.5W,45,,,,,,,,,,,,,
AL,UNNAMED,1943,5,18,19430914,1200,,TS,34.1N,73.5W,45,,,,,,,,,,,,,
AL,UNNAMED,1943,5,18,19430914,1800,,TS,35.5N,72.5W,45,,,,,,,,,,,,,
AL,UNNAMED,1943,5,18,19430915,0,,TS,36.8N,71.5W,45,,,,,,,,,,,,,
AL,UNNAMED,1943,5,18,19430915,600,,TS,38.3N,70.5W,45,,,,,,,,,,,,,
AL,UNNAMED,1943,5,18,19430915,1200,,EX,40.0N,69.2W,40,,,,,,,,,,,,,
AL,UNNAMED,1943,5,18,19430915,1800,,EX,41.8N,67.0W,40,,,,,,,,,,,,,
AL,UNNAMED,1943,5,18,19430916,0,,EX,43.5N,64.8W,40,,,,,,,,,,,,,
AL,UNNAMED,1943,5,18,19430916,600,,EX,45.2N,62.5W,40,,,,,,,,,,,,,
AL,UNNAMED,1943,5,18,19430916,1200,,EX,47.1N,60.1W,40,,,,,,,,,,,,,
AL,UNNAMED,1943,5,18,19430916,1800,,EX,49.0N,57.3W,35,,,,,,,,,,,,,
AL,UNNAMED,1943,5,18,19430917,0,,EX,51.2N,53.8W,35,,,,,,,,,,,,,
AL,UNNAMED,1943,5,18,19430917,600,,EX,54.0N,49.0W,35,,,,,,,,,,,,,
AL,UNNAMED,1943,6,20,19430915,1800,,TS,23.8N,93.9W,40,,,,,,,,,,,,,
AL,UNNAMED,1943,6,20,19430916,0,,TS,25.0N,94.3W,45,,,,,,,,,,,,,
AL,UNNAMED,1943,6,20,19430916,600,,TS,26.2N,94.7W,55,,,,,,,,,,,,,
AL,UNNAMED,1943,6,20,19430916,1200,,HU,27.0N,95.0W,65,,,,,,,,,,,,,
AL,UNNAMED,1943,6,20,19430916,1800,,HU,27.6N,95.3W,75,,,,,,,,,,,,,
AL,UNNAMED,1943,6,20,19430917,0,,HU,27.8N,95.4W,80,,,,,,,,,,,,,
AL,UNNAMED,1943,6,20,19430917,600,,HU,27.7N,95.4W,85,,,,,,,,,,,,,
AL,UNNAMED,1943,6,20,19430917,1200,,HU,27.4N,95.3W,85,,,,,,,,,,,,,
AL,UNNAMED,1943,6,20,19430917,1800,,HU,26.9N,95.1W,85,,,,,,,,,,,,,
AL,UNNAMED,1943,6,20,19430918,0,,HU,26.6N,94.8W,80,,,,,,,,,,,,,
AL,UNNAMED,1943,6,20,19430918,600,,HU,26.7N,94.5W,75,,,,,,,,,,,,,
AL,UNNAMED,1943,6,20,19430918,1200,,HU,27.1N,94.1W,75,,,,,,,,,,,,,
AL,UNNAMED,1943,6,20,19430918,1800,,HU,27.5N,93.8W,70,,,,,,,,,,,,,
AL,UNNAMED,1943,6,20,19430919,0,,TS,27.9N,93.5W,60,,,,,,,,,,,,,
AL,UNNAMED,1943,6,20,19430919,600,,TS,28.3N,93.0W,60,,,,,,,,,,,,,
AL,UNNAMED,1943,6,20,19430919,1200,,TS,28.7N,92.5W,50,,,,,,,,,,,,,
AL,UNNAMED,1943,6,20,19430919,1800,,TS,29.1N,92.1W,40,,,,,,,,,,,,,
AL,UNNAMED,1943,6,20,19430920,0,,TS,29.4N,92.0W,35,,,,,,,,,,,,,
AL,UNNAMED,1943,6,20,19430920,600,,TD,29.5N,92.0W,25,,,,,,,,,,,,,
AL,UNNAMED,1943,6,20,19430920,1200,,TD,29.5N,92.0W,25,,,,,,,,,,,,,
AL,UNNAMED,1943,7,16,19430928,600,,TS,29.0N,65.8W,35,,,,,,,,,,,,,
AL,UNNAMED,1943,7,16,19430928,1200,,TS,30.0N,66.3W,35,,,,,,,,,,,,,
AL,UNNAMED,1943,7,16,19430928,1800,,TS,31.5N,66.7W,40,,,,,,,,,,,,,
AL,UNNAMED,1943,7,16,19430929,0,,TS,32.7N,67.1W,40,,,,,,,,,,,,,
AL,UNNAMED,1943,7,16,19430929,600,,TS,33.8N,67.5W,45,,,,,,,,,,,,,
AL,UNNAMED,1943,7,16,19430929,1200,,TS,34.6N,68.2W,45,,,,,,,,,,,,,
AL,UNNAMED,1943,7,16,19430929,1800,,TS,35.2N,69.2W,50,,,,,,,,,,,,,
AL,UNNAMED,1943,7,16,19430930,0,,TS,35.7N,70.4W,50,,,,,,,,,,,,,
AL,UNNAMED,1943,7,16,19430930,600,,TS,36.1N,71.7W,50,,,,,,,,,,,,,
AL,UNNAMED,1943,7,16,19430930,1200,,TS,36.5N,73.0W,55,,,,,,,,,,,,,
AL,UNNAMED,1943,7,16,19430930,1800,,TS,37.0N,74.5W,55,,,,,,,,,,,,,
AL,UNNAMED,1943,7,16,19431001,0,L,TS,37.7N,75.7W,55,997,,,,,,,,,,,,
AL,UNNAMED,1943,7,16,19431001,600,,TS,38.5N,76.6W,45,,,,,,,,,,,,,
AL,UNNAMED,1943,7,16,19431001,1200,,TS,39.5N,76.8W,35,,,,,,,,,,,,,
AL,UNNAMED,1943,7,16,19431001,1800,,TD,40.5N,77.0W,30,,,,,,,,,,,,,
AL,UNNAMED,1943,7,16,19431002,0,,TD,41.5N,77.2W,25,,,,,,,,,,,,,
AL,UNNAMED,1943,8,11,19431001,600,,TS,24.0N,60.7W,60,,,,,,,,,,,,,
AL,UNNAMED,1943,8,11,19431001,1200,,TS,26.0N,62.0W,60,,,,,,,,,,,,,
AL,UNNAMED,1943,8,11,19431001,1800,,TS,28.0N,63.4W,60,,,,,,,,,,,,,
AL,UNNAMED,1943,8,11,19431002,0,,TS,30.0N,65.0W,55,,,,,,,,,,,,,
AL,UNNAMED,1943,8,11,19431002,600,,TS,32.0N,66.6W,50,,,,,,,,,,,,,
AL,UNNAMED,1943,8,11,19431002,1200,,TS,34.3N,67.5W,45,,,,,,,,,,,,,
AL,UNNAMED,1943,8,11,19431002,1800,,TS,37.0N,67.5W,45,,,,,,,,,,,,,
AL,UNNAMED,1943,8,11,19431003,0,,TS,40.0N,66.0W,45,,,,,,,,,,,,,
AL,UNNAMED,1943,8,11,19431003,600,,EX,43.5N,63.0W,45,,,,,,,,,,,,,
AL,UNNAMED,1943,8,11,19431003,1200,,EX,48.0N,59.0W,45,,,,,,,,,,,,,
AL,UNNAMED,1943,8,11,19431003,1800,,EX,53.0N,55.5W,40,,,,,,,,,,,,,
AL,UNNAMED,1943,9,25,19431011,600,,TS,12.7N,60.5W,45,,,,,,,,,,,,,
AL,UNNAMED,1943,9,25,19431011,1200,,TS,12.7N,61.0W,50,,,,,,,,,,,,,
AL,UNNAMED,1943,9,25,19431011,1800,,TS,12.8N,61.5W,50,,,,,,,,,,,,,
AL,UNNAMED,1943,9,25,19431012,0,,TS,12.8N,62.0W,55,,,,,,,,,,,,,
AL,UNNAMED,1943,9,25,19431012,600,,TS,12.9N,62.5W,60,,,,,,,,,,,,,
AL,UNNAMED,1943,9,25,19431012,1200,,HU,13.0N,63.0W,65,,,,,,,,,,,,,
AL,UNNAMED,1943,9,25,19431012,1800,,HU,13.2N,63.5W,70,,,,,,,,,,,,,
AL,UNNAMED,1943,9,25,19431013,0,,HU,13.4N,64.0W,70,,,,,,,,,,,,,
AL,UNNAMED,1943,9,25,19431013,600,,HU,13.6N,64.5W,75,,,,,,,,,,,,,
AL,UNNAMED,1943,9,25,19431013,1200,,HU,14.0N,65.0W,75,,,,,,,,,,,,,
AL,UNNAMED,1943,9,25,19431013,1800,,HU,14.5N,65.5W,75,,,,,,,,,,,,,
AL,UNNAMED,1943,9,25,19431014,0,,HU,15.1N,66.0W,75,,,,,,,,,,,,,
AL,UNNAMED,1943,9,25,19431014,600,,HU,15.7N,66.5W,80,,,,,,,,,,,,,
AL,UNNAMED,1943,9,25,19431014,1200,,HU,16.5N,67.0W,80,,,,,,,,,,,,,
AL,UNNAMED,1943,9,25,19431014,1800,,HU,17.5N,67.5W,80,,,,,,,,,,,,,
AL,UNNAMED,1943,9,25,19431015,0,,HU,18.7N,68.0W,80,,,,,,,,,,,,,
AL,UNNAMED,1943,9,25,19431015,600,,HU,20.0N,68.4W,85,,,,,,,,,,,,,
AL,UNNAMED,1943,9,25,19431015,1200,,HU,21.5N,68.5W,85,,,,,,,,,,,,,
AL,UNNAMED,1943,9,25,19431015,1800,,HU,23.1N,68.5W,90,,,,,,,,,,,,,
AL,UNNAMED,1943,9,25,19431016,0,,HU,24.8N,68.4W,90,,,,,,,,,,,,,
AL,UNNAMED,1943,9,25,19431016,600,,HU,26.6N,68.2W,95,,,,,,,,,,,,,
AL,UNNAMED,1943,9,25,19431016,1200,,HU,28.7N,68.0W,95,,,,,,,,,,,,,
AL,UNNAMED,1943,9,25,19431016,1800,,HU,31.0N,67.8W,95,,,,,,,,,,,,,
AL,UNNAMED,1943,9,25,19431017,0,,TS,33.6N,67.5W,60,,,,,,,,,,,,,
AL,UNNAMED,1943,9,25,19431017,600,,TS,37.0N,67.0W,45,,,,,,,,,,,,,
AL,UNNAMED,1943,10,26,19431020,1200,,TD,16.0N,81.0W,25,,,,,,,,,,,,,
AL,UNNAMED,1943,10,26,19431020,1800,,TD,16.2N,81.4W,30,,,,,,,,,,,,,
AL,UNNAMED,1943,10,26,19431021,0,,TS,16.4N,81.9W,35,,,,,,,,,,,,,
AL,UNNAMED,1943,10,26,19431021,600,,TS,16.6N,82.4W,40,,,,,,,,,,,,,
AL,UNNAMED,1943,10,26,19431021,1200,,TS,16.7N,83.0W,40,,,,,,,,,,,,,
AL,UNNAMED,1943,10,26,19431021,1800,,TS,16.7N,83.7W,40,,,,,,,,,,,,,
AL,UNNAMED,1943,10,26,19431022,0,,TS,16.8N,84.6W,40,,,,,,,,,,,,,
AL,UNNAMED,1943,10,26,19431022,600,,TS,16.9N,85.6W,40,,,,,,,,,,,,,
AL,UNNAMED,1943,10,26,19431022,1200,,TS,17.0N,86.5W,40,,,,,,,,,,,,,
AL,UNNAMED,1943,10,26,19431022,1800,,TS,17.2N,87.1W,35,,,,,,,,,,,,,
AL,UNNAMED,1943,10,26,19431023,0,,TS,17.5N,87.6W,35,,,,,,,,,,,,,
AL,UNNAMED,1943,10,26,19431023,600,,TS,17.8N,87.8W,35,,,,,,,,,,,,,
AL,UNNAMED,1943,10,26,19431023,1200,,TS,18.0N,88.0W,35,,,,,,,,,,,,,
AL,UNNAMED,1943,10,26,19431023,1800,,TS,18.0N,88.2W,35,,,,,,,,,,,,,
AL,UNNAMED,1943,10,26,19431024,0,,TS,17.9N,88.3W,35,,,,,,,,,,,,,
AL,UNNAMED,1943,10,26,19431024,600,,TS,17.7N,88.0W,35,,,,,,,,,,,,,
AL,UNNAMED,1943,10,26,19431024,1200,,TS,17.5N,87.5W,35,,,,,,,,,,,,,
AL,UNNAMED,1943,10,26,19431024,1800,,TS,17.4N,87.0W,35,,,,,,,,,,,,,
AL,UNNAMED,1943,10,26,19431025,0,,TS,17.3N,86.4W,35,,,,,,,,,,,,,
AL,UNNAMED,1943,10,26,19431025,600,,TS,17.3N,85.7W,35,,,,,,,,,,,,,
AL,UNNAMED,1943,10,26,19431025,1200,,TS,17.3N,85.0W,35,,,,,,,,,,,,,
AL,UNNAMED,1943,10,26,19431025,1800,,TS,17.5N,84.3W,35,,,,,,,,,,,,,
AL,UNNAMED,1943,10,26,19431026,0,,TS,17.7N,83.6W,35,,,,,,,,,,,,,
AL,UNNAMED,1943,10,26,19431026,600,,EX,18.0N,82.8W,35,,,,,,,,,,,,,
AL,UNNAMED,1943,10,26,19431026,1200,,EX,18.2N,82.0W,35,,,,,,,,,,,,,
AL,UNNAMED,1943,10,26,19431026,1800,,EX,18.3N,81.0W,30,,,,,,,,,,,,,
AL,UNNAMED,1944,1,28,19440713,600,,TD,19.6N,68.6W,30,,,,,,,,,,,,,
AL,UNNAMED,1944,1,28,19440713,1200,,TD,20.7N,69.5W,30,,,,,,,,,,,,,
AL,UNNAMED,1944,1,28,19440713,1800,,TD,21.5N,70.4W,30,,,,,,,,,,,,,
AL,UNNAMED,1944,1,28,19440714,0,,TS,22.3N,71.2W,35,,,,,,,,,,,,,
AL,UNNAMED,1944,1,28,19440714,600,,TS,23.1N,72.0W,35,,,,,,,,,,,,,
AL,UNNAMED,1944,1,28,19440714,1200,,TS,24.0N,72.8W,35,,,,,,,,,,,,,
AL,UNNAMED,1944,1,28,19440714,1800,,TS,25.1N,73.5W,40,,,,,,,,,,,,,
AL,UNNAMED,1944,1,28,19440715,0,,TS,26.2N,74.1W,45,,,,,,,,,,,,,
AL,UNNAMED,1944,1,28,19440715,600,,TS,27.4N,74.6W,50,,,,,,,,,,,,,
AL,UNNAMED,1944,1,28,19440715,1200,,TS,28.5N,75.0W,55,,,,,,,,,,,,,
AL,UNNAMED,1944,1,28,19440715,1800,,TS,29.4N,75.3W,55,,,,,,,,,,,,,
AL,UNNAMED,1944,1,28,19440716,0,,TS,30.2N,75.5W,60,,,,,,,,,,,,,
AL,UNNAMED,1944,1,28,19440716,600,,HU,30.9N,75.6W,65,,,,,,,,,,,,,
AL,UNNAMED,1944,1,28,19440716,1200,,HU,31.4N,75.5W,65,,,,,,,,,,,,,
AL,UNNAMED,1944,1,28,19440716,1800,,HU,31.8N,75.2W,65,,,,,,,,,,,,,
AL,UNNAMED,1944,1,28,19440717,0,,HU,32.2N,74.8W,70,,,,,,,,,,,,,
AL,UNNAMED,1944,1,28,19440717,600,,HU,32.5N,74.3W,70,,,,,,,,,,,,,
AL,UNNAMED,1944,1,28,19440717,1200,,HU,32.8N,73.5W,70,,,,,,,,,,,,,
AL,UNNAMED,1944,1,28,19440717,1800,,HU,33.1N,72.6W,70,,,,,,,,,,,,,
AL,UNNAMED,1944,1,28,19440718,0,,HU,33.3N,71.6W,65,,,,,,,,,,,,,
AL,UNNAMED,1944,1,28,19440718,600,,HU,33.6N,70.6W,65,,,,,,,,,,,,,
AL,UNNAMED,1944,1,28,19440718,1200,,HU,34.0N,69.5W,65,,,,,,,,,,,,,
AL,UNNAMED,1944,1,28,19440718,1800,,TS,35.0N,68.0W,60,,,,,,,,,,,,,
AL,UNNAMED,1944,1,28,19440719,0,,EX,36.5N,65.5W,60,,,,,,,,,,,,,
AL,UNNAMED,1944,1,28,19440719,600,,EX,38.2N,62.2W,60,,,,,,,,,,,,,
AL,UNNAMED,1944,1,28,19440719,1200,,EX,40.2N,58.2W,60,,,,,,,,,,,,,
AL,UNNAMED,1944,1,28,19440719,1800,,EX,42.2N,54.0W,50,,,,,,,,,,,,,
AL,UNNAMED,1944,1,28,19440720,0,,EX,44.2N,49.8W,45,,,,,,,,,,,,,
AL,UNNAMED,1944,2,15,19440724,600,,TS,13.4N,56.6W,35,,,,,,,,,,,,,
AL,UNNAMED,1944,2,15,19440724,1200,,TS,13.7N,58.4W,40,,,,,,,,,,,,,
AL,UNNAMED,1944,2,15,19440724,1800,,TS,14.0N,60.4W,45,,,,,,,,,,,,,
AL,UNNAMED,1944,2,15,19440725,0,,TS,14.3N,62.2W,50,,,,,,,,,,,,,
AL,UNNAMED,1944,2,15,19440725,600,,TS,14.7N,63.9W,55,,,,,,,,,,,,,
AL,UNNAMED,1944,2,15,19440725,1200,,TS,15.1N,65.6W,55,,,,,,,,,,,,,
AL,UNNAMED,1944,2,15,19440725,1800,,TS,15.6N,67.3W,55,,,,,,,,,,,,,
AL,UNNAMED,1944,2,15,19440726,0,,TS,16.1N,69.0W,55,,,,,,,,,,,,,
AL,UNNAMED,1944,2,15,19440726,600,,TS,16.4N,70.7W,55,,,,,,,,,,,,,
AL,UNNAMED,1944,2,15,19440726,1200,,TS,16.6N,72.5W,55,,,,,,,,,,,,,
AL,UNNAMED,1944,2,15,19440726,1800,,TS,16.6N,74.4W,50,,,,,,,,,,,,,
AL,UNNAMED,1944,2,15,19440727,0,,TS,16.6N,76.4W,45,,,,,,,,,,,,,
AL,UNNAMED,1944,2,15,19440727,600,,TS,16.8N,78.3W,35,,,,,,,,,,,,,
AL,UNNAMED,1944,2,15,19440727,1200,,TD,17.0N,80.0W,30,,,,,,,,,,,,,
AL,UNNAMED,1944,2,15,19440727,1800,,TD,17.2N,81.6W,25,,,,,,,,,,,,,
AL,UNNAMED,1944,3,21,19440730,1200,,TS,21.5N,69.0W,35,,,,,,,,,,,,,
AL,UNNAMED,1944,3,21,19440730,1800,,TS,22.5N,70.5W,40,,,,,,,,,,,,,
AL,UNNAMED,1944,3,21,19440731,0,,TS,23.4N,72.2W,45,,,,,,,,,,,,,
AL,UNNAMED,1944,3,21,19440731,600,,TS,24.3N,73.8W,50,,,,,,,,,,,,,
AL,UNNAMED,1944,3,21,19440731,1200,,TS,26.2N,75.2W,55,,,,,,,,,,,,,
AL,UNNAMED,1944,3,21,19440731,1800,,TS,27.2N,76.1W,60,,,,,,,,,,,,,
AL,UNNAMED,1944,3,21,19440801,0,,HU,28.2N,76.7W,65,,,,,,,,,,,,,
AL,UNNAMED,1944,3,21,19440801,600,,HU,29.3N,77.2W,65,,,,,,,,,,,,,
AL,UNNAMED,1944,3,21,19440801,1200,,HU,30.5N,77.7W,70,,,,,,,,,,,,,
AL,UNNAMED,1944,3,21,19440801,1800,,HU,32.0N,78.0W,70,,,,,,,,,,,,,
AL,UNNAMED,1944,3,21,19440801,2300,L,HU,33.9N,78.1W,70,985,,,,,,,,,,,,
AL,UNNAMED,1944,3,21,19440802,0,,TS,34.1N,78.2W,60,985,,,,,,,,,,,,
AL,UNNAMED,1944,3,21,19440802,600,,TS,35.7N,78.2W,45,,,,,,,,,,,,,
AL,UNNAMED,1944,3,21,19440802,1200,,TS,36.9N,78.0W,35,,,,,,,,,,,,,
AL,UNNAMED,1944,3,21,19440802,1800,,TS,37.8N,77.4W,35,,,,,,,,,,,,,
AL,UNNAMED,1944,3,21,19440803,0,,TS,38.5N,76.2W,35,,,,,,,,,,,,,
AL,UNNAMED,1944,3,21,19440803,600,,TS,39.2N,74.5W,35,,,,,,,,,,,,,
AL,UNNAMED,1944,3,21,19440803,1200,,TS,39.8N,72.8W,35,,,,,,,,,,,,,
AL,UNNAMED,1944,3,21,19440803,1800,,TS,40.3N,71.0W,35,,,,,,,,,,,,,
AL,UNNAMED,1944,3,21,19440804,0,,TD,40.8N,69.4W,30,,,,,,,,,,,,,
AL,UNNAMED,1944,3,21,19440804,600,,TD,41.3N,67.9W,30,,,,,,,,,,,,,
AL,UNNAMED,1944,4,32,19440816,1800,,TS,12.1N,59.5W,50,,,,,,,,,,,,,
AL,UNNAMED,1944,4,32,19440817,0,,TS,12.1N,60.5W,60,,,,,,,,,,,,,
AL,UNNAMED,1944,4,32,19440817,600,,HU,12.3N,61.5W,65,,,,,,,,,,,,,
AL,UNNAMED,1944,4,32,19440817,1200,,HU,12.7N,62.5W,70,,,,,,,,,,,,,
AL,UNNAMED,1944,4,32,19440817,1800,,HU,13.3N,63.5W,75,,,,,,,,,,,,,
AL,UNNAMED,1944,4,32,19440818,0,,HU,14.0N,64.5W,80,,,,,,,,,,,,,
AL,UNNAMED,1944,4,32,19440818,600,,HU,14.7N,65.5W,85,,,,,,,,,,,,,
AL,UNNAMED,1944,4,32,19440818,1200,,HU,15.2N,66.6W,90,973,,,,,,,,,,,,
AL,UNNAMED,1944,4,32,19440818,1800,,HU,15.5N,67.8W,90,,,,,,,,,,,,,
AL,UNNAMED,1944,4,32,19440819,0,,HU,15.7N,69.0W,90,,,,,,,,,,,,,
AL,UNNAMED,1944,4,32,19440819,600,,HU,15.8N,70.1W,95,,,,,,,,,,,,,
AL,UNNAMED,1944,4,32,19440819,1200,,HU,15.9N,71.2W,100,,,,,,,,,,,,,
AL,UNNAMED,1944,4,32,19440819,1800,,HU,16.2N,72.2W,105,,,,,,,,,,,,,
AL,UNNAMED,1944,4,32,19440820,0,,HU,16.7N,73.2W,105,,,,,,,,,,,,,
AL,UNNAMED,1944,4,32,19440820,600,,HU,17.4N,74.2W,105,,,,,,,,,,,,,
AL,UNNAMED,1944,4,32,19440820,1200,,HU,17.9N,75.3W,105,,,,,,,,,,,,,
AL,UNNAMED,1944,4,32,19440820,1800,,HU,18.3N,76.6W,90,,,,,,,,,,,,,
AL,UNNAMED,1944,4,32,19440821,0,,HU,18.6N,78.2W,75,,,,,,,,,,,,,
AL,UNNAMED,1944,4,32,19440821,600,,HU,18.8N,79.7W,75,,,,,,,,,,,,,
AL,UNNAMED,1944,4,32,19440821,1200,,HU,19.0N,81.1W,75,,,,,,,,,,,,,
AL,UNNAMED,1944,4,32,19440821,1800,,HU,19.2N,82.7W,75,,,,,,,,,,,,,
AL,UNNAMED,1944,4,32,19440822,0,,HU,19.4N,84.3W,80,,,,,,,,,,,,,
AL,UNNAMED,1944,4,32,19440822,600,,HU,19.7N,86.0W,80,,,,,,,,,,,,,
AL,UNNAMED,1944,4,32,19440822,1200,,HU,20.0N,87.7W,80,,,,,,,,,,,,,
AL,UNNAMED,1944,4,32,19440822,1800,,HU,20.2N,89.3W,65,,,,,,,,,,,,,
AL,UNNAMED,1944,4,32,19440823,0,,TS,20.4N,90.7W,55,,,,,,,,,,,,,
AL,UNNAMED,1944,4,32,19440823,600,,TS,20.6N,92.0W,50,,,,,,,,,,,,,
AL,UNNAMED,1944,4,32,19440823,1200,,TS,20.7N,93.3W,45,,,,,,,,,,,,,
AL,UNNAMED,1944,4,32,19440823,1800,,TS,20.8N,94.6W,45,,,,,,,,,,,,,
AL,UNNAMED,1944,4,32,19440824,0,,TS,20.7N,95.8W,40,,,,,,,,,,,,,
AL,UNNAMED,1944,4,32,19440824,600,,TS,20.6N,97.0W,35,,,,,,,,,,,,,
AL,UNNAMED,1944,4,32,19440824,1200,,TD,20.5N,98.2W,25,,,,,,,,,,,,,
AL,UNNAMED,1944,5,20,19440818,1200,,TD,20.5N,85.0W,25,,,,,,,,,,,,,
AL,UNNAMED,1944,5,20,19440818,1800,,TD,20.9N,85.6W,25,,,,,,,,,,,,,
AL,UNNAMED,1944,5,20,19440819,0,,TD,21.3N,86.2W,30,,,,,,,,,,,,,
AL,UNNAMED,1944,5,20,19440819,600,,TD,21.7N,86.8W,30,,,,,,,,,,,,,
AL,UNNAMED,1944,5,20,19440819,1200,,TD,22.0N,87.5W,30,,,,,,,,,,,,,
AL,UNNAMED,1944,5,20,19440819,1800,,TS,22.3N,88.3W,35,,,,,,,,,,,,,
AL,UNNAMED,1944,5,20,19440820,0,,TS,22.6N,89.2W,35,,,,,,,,,,,,,
AL,UNNAMED,1944,5,20,19440820,600,,TS,22.9N,90.1W,40,,,,,,,,,,,,,
AL,UNNAMED,1944,5,20,19440820,1200,,TS,23.0N,91.0W,40,,,,,,,,,,,,,
AL,UNNAMED,1944,5,20,19440820,1800,,TS,23.0N,91.9W,45,,,,,,,,,,,,,
AL,UNNAMED,1944,5,20,19440821,0,,TS,23.1N,92.8W,50,,,,,,,,,,,,,
AL,UNNAMED,1944,5,20,19440821,600,,TS,23.3N,93.7W,50,,,,,,,,,,,,,
AL,UNNAMED,1944,5,20,19440821,1200,,TS,23.5N,94.5W,50,,,,,,,,,,,,,
AL,UNNAMED,1944,5,20,19440821,1800,,TS,23.8N,95.2W,50,,,,,,,,,,,,,
AL,UNNAMED,1944,5,20,19440822,0,,TS,24.0N,95.8W,50,,,,,,,,,,,,,
AL,UNNAMED,1944,5,20,19440822,600,,TS,24.3N,96.4W,50,,,,,,,,,,,,,
AL,UNNAMED,1944,5,20,19440822,1200,,TS,24.7N,97.1W,45,,,,,,,,,,,,,
AL,UNNAMED,1944,5,20,19440822,1800,,TS,25.0N,97.8W,45,,,,,,,,,,,,,
AL,UNNAMED,1944,5,20,19440823,0,,TS,25.3N,98.7W,35,,,,,,,,,,,,,
AL,UNNAMED,1944,5,20,19440823,600,,TD,25.6N,99.8W,25,,,,,,,,,,,,,
AL,UNNAMED,1944,6,13,19440909,0,,TD,25.0N,95.0W,25,,,,,,,,,,,,,
AL,UNNAMED,1944,6,13,19440909,600,,TD,25.8N,94.8W,30,,,,,,,,,,,,,
AL,UNNAMED,1944,6,13,19440909,1200,,TS,26.5N,94.5W,35,,,,,,,,,,,,,
AL,UNNAMED,1944,6,13,19440909,1800,,TS,27.0N,94.1W,40,,,,,,,,,,,,,
AL,UNNAMED,1944,6,13,19440910,0,,TS,27.2N,93.5W,45,,,,,,,,,,,,,
AL,UNNAMED,1944,6,13,19440910,600,,TS,27.7N,92.6W,45,,,,,,,,,,,,,
AL,UNNAMED,1944,6,13,19440910,1200,,TS,28.4N,91.5W,50,,,,,,,,,,,,,
AL,UNNAMED,1944,6,13,19440910,1800,,TS,29.1N,89.6W,55,992,,,,,,,,,,,,
AL,UNNAMED,1944,6,13,19440910,1900,L,TS,29.3N,89.4W,55,992,,,,,,,,,,,,
AL,UNNAMED,1944,6,13,19440910,2300,L,TS,30.3N,88.3W,50,,,,,,,,,,,,,
AL,UNNAMED,1944,6,13,19440911,0,,TS,30.7N,88.1W,40,,,,,,,,,,,,,
AL,UNNAMED,1944,6,13,19440911,600,,TD,31.4N,87.0W,30,,,,,,,,,,,,,
AL,UNNAMED,1944,6,13,19440911,1200,,TD,32.0N,86.8W,25,,,,,,,,,,,,,
AL,UNNAMED,1944,7,32,19440909,600,,TS,20.8N,58.5W,45,,,,,,,,,,,,,
AL,UNNAMED,1944,7,32,19440909,1200,,TS,21.2N,59.7W,50,,,,,,,,,,,,,
AL,UNNAMED,1944,7,32,19440909,1800,,TS,21.6N,61.0W,55,,,,,,,,,,,,,
AL,UNNAMED,1944,7,32,19440910,0,,TS,22.0N,62.3W,60,,,,,,,,,,,,,
AL,UNNAMED,1944,7,32,19440910,600,,HU,22.5N,63.6W,65,,,,,,,,,,,,,
AL,UNNAMED,1944,7,32,19440910,1200,,HU,23.0N,65.0W,70,,,,,,,,,,,,,
AL,UNNAMED,1944,7,32,19440910,1800,,HU,23.6N,66.3W,75,,,,,,,,,,,,,
AL,UNNAMED,1944,7,32,19440911,0,,HU,24.3N,67.4W,80,,,,,,,,,,,,,
AL,UNNAMED,1944,7,32,19440911,600,,HU,25.0N,68.1W,85,,,,,,,,,,,,,
AL,UNNAMED,1944,7,32,19440911,1200,,HU,25.5N,68.7W,90,,,,,,,,,,,,,
AL,UNNAMED,1944,7,32,19440911,1800,,HU,25.7N,69.2W,95,,,,,,,,,,,,,
AL,UNNAMED,1944,7,32,19440912,0,,HU,25.8N,69.9W,105,,,,,,,,,,,,,
AL,UNNAMED,1944,7,32,19440912,600,,HU,25.9N,70.6W,110,,,,,,,,,,,,,
AL,UNNAMED,1944,7,32,19440912,1200,,HU,26.2N,71.5W,115,943,,,,,,,,,,,,
AL,UNNAMED,1944,7,32,19440912,1800,,HU,26.6N,72.8W,120,,,,,,,,,,,,,
AL,UNNAMED,1944,7,32,19440913,0,,HU,27.0N,74.0W,120,,,,,,,,,,,,,
AL,UNNAMED,1944,7,32,19440913,600,,HU,27.6N,74.7W,120,,,,,,,,,,,,,
AL,UNNAMED,1944,7,32,19440913,1200,,HU,28.5N,75.1W,125,,,,,,,,,,,,,
AL,UNNAMED,1944,7,32,19440913,1800,,HU,29.7N,75.5W,125,,,,,,,,,,,,,
AL,UNNAMED,1944,7,32,19440914,0,,HU,31.2N,75.7W,120,,,,,,,,,,,,,
AL,UNNAMED,1944,7,32,19440914,600,,HU,32.7N,75.7W,110,,,,,,,,,,,,,
AL,UNNAMED,1944,7,32,19440914,1200,,HU,34.5N,75.4W,105,940,,,,,,,,,,,,
AL,UNNAMED,1944,7,32,19440914,1800,,HU,37.1N,74.7W,100,,,,,,,,,,,,,
AL,UNNAMED,1944,7,32,19440915,0,,HU,39.9N,73.2W,90,954,,,,,,,,,,,,
AL,UNNAMED,1944,7,32,19440915,200,L,HU,40.9N,72.2W,90,954,,,,,,,,,,,,
AL,UNNAMED,1944,7,32,19440915,400,L,HU,41.4N,71.6W,85,957,,,,,,,,,,,,
AL,UNNAMED,1944,7,32,19440915,600,,HU,42.0N,71.0W,65,966,,,,,,,,,,,,
AL,UNNAMED,1944,7,32,19440915,1200,,EX,44.2N,68.5W,55,982,,,,,,,,,,,,
AL,UNNAMED,1944,7,32,19440915,1800,,EX,46.0N,63.7W,50,,,,,,,,,,,,,
AL,UNNAMED,1944,7,32,19440916,0,,EX,47.8N,58.2W,45,,,,,,,,,,,,,
AL,UNNAMED,1944,7,32,19440916,600,,EX,49.9N,52.6W,40,,,,,,,,,,,,,
AL,UNNAMED,1944,7,32,19440916,1200,,EX,52.0N,47.0W,35,,,,,,,,,,,,,
AL,UNNAMED,1944,8,14,19440919,600,,TS,19.3N,83.6W,40,,,,,,,,,,,,,
AL,UNNAMED,1944,8,14,19440919,1200,,TS,20.0N,84.2W,50,,,,,,,,,,,,,
AL,UNNAMED,1944,8,14,19440919,1800,,TS,20.6N,84.9W,60,,,,,,,,,,,,,
AL,UNNAMED,1944,8,14,19440920,0,,HU,20.9N,85.6W,70,,,,,,,,,,,,,
AL,UNNAMED,1944,8,14,19440920,600,,HU,21.0N,86.3W,70,,,,,,,,,,,,,
AL,UNNAMED,1944,8,14,19440920,1200,,TS,21.1N,87.2W,60,,,,,,,,,,,,,
AL,UNNAMED,1944,8,14,19440920,1800,,TS,20.9N,88.3W,55,,,,,,,,,,,,,
AL,UNNAMED,1944,8,14,19440921,0,,TS,20.5N,89.5W,50,,,,,,,,,,,,,
AL,UNNAMED,1944,8,14,19440921,600,,HU,20.0N,90.7W,65,,,,,,,,,,,,,
AL,UNNAMED,1944,8,14,19440921,1200,,HU,19.2N,92.0W,70,,,,,,,,,,,,,
AL,UNNAMED,1944,8,14,19440921,1800,,HU,18.5N,93.2W,70,,,,,,,,,,,,,
AL,UNNAMED,1944,8,14,19440922,0,,TS,17.9N,94.0W,60,,,,,,,,,,,,,
AL,UNNAMED,1944,8,14,19440922,600,,TS,17.2N,94.2W,45,,,,,,,,,,,,,
AL,UNNAMED,1944,8,14,19440922,1200,,TD,16.5N,94.0W,30,,,,,,,,,,,,,
AL,UNNAMED,1944,9,29,19440921,1200,,TS,17.1N,41.5W,35,,,,,,,,,,,,,
AL,UNNAMED,1944,9,29,19440921,1800,,TS,17.2N,43.5W,35,,,,,,,,,,,,,
AL,UNNAMED,1944,9,29,19440922,0,,TS,17.4N,45.6W,35,,,,,,,,,,,,,
AL,UNNAMED,1944,9,29,19440922,600,,TS,17.7N,47.7W,35,,,,,,,,,,,,,
AL,UNNAMED,1944,9,29,19440922,1200,,TS,18.2N,49.7W,40,,,,,,,,,,,,,
AL,UNNAMED,1944,9,29,19440922,1800,,TS,19.0N,51.4W,40,,,,,,,,,,,,,
AL,UNNAMED,1944,9,29,19440923,0,,TS,19.8N,52.7W,45,,,,,,,,,,,,,
AL,UNNAMED,1944,9,29,19440923,600,,TS,21.3N,54.1W,45,,,,,,,,,,,,,
AL,UNNAMED,1944,9,29,19440923,1200,,TS,23.0N,55.1W,50,,,,,,,,,,,,,
AL,UNNAMED,1944,9,29,19440923,1800,,TS,24.4N,55.7W,55,,,,,,,,,,,,,
AL,UNNAMED,1944,9,29,19440924,0,,TS,25.8N,55.9W,55,,,,,,,,,,,,,
AL,UNNAMED,1944,9,29,19440924,600,,TS,27.4N,55.9W,60,,,,,,,,,,,,,
AL,UNNAMED,1944,9,29,19440924,1200,,HU,29.2N,55.8W,65,,,,,,,,,,,,,
AL,UNNAMED,1944,9,29,19440924,1800,,HU,31.2N,55.5W,70,,,,,,,,,,,,,
AL,UNNAMED,1944,9,29,19440925,0,,HU,33.2N,55.0W,75,,,,,,,,,,,,,
AL,UNNAMED,1944,9,29,19440925,600,,HU,35.2N,54.1W,80,,,,,,,,,,,,,
AL,UNNAMED,1944,9,29,19440925,1200,,HU,37.0N,53.5W,85,,,,,,,,,,,,,
AL,UNNAMED,1944,9,29,19440925,1800,,HU,38.2N,53.3W,80,,,,,,,,,,,,,
AL,UNNAMED,1944,9,29,19440926,0,,HU,39.2N,53.3W,75,,,,,,,,,,,,,
AL,UNNAMED,1944,9,29,19440926,600,,HU,40.2N,53.2W,70,,,,,,,,,,,,,
AL,UNNAMED,1944,9,29,19440926,1200,,EX,41.5N,53.0W,60,,,,,,,,,,,,,
AL,UNNAMED,1944,9,29,19440926,1800,,EX,43.5N,52.0W,55,,,,,,,,,,,,,
AL,UNNAMED,1944,9,29,19440927,0,,EX,46.5N,50.0W,55,,,,,,,,,,,,,
AL,UNNAMED,1944,9,29,19440927,600,,EX,50.0N,47.2W,50,,,,,,,,,,,,,
AL,UNNAMED,1944,9,29,19440927,1200,,EX,53.0N,43.9W,50,,,,,,,,,,,,,
AL,UNNAMED,1944,9,29,19440927,1800,,EX,55.5N,40.0W,45,,,,,,,,,,,,,
AL,UNNAMED,1944,9,29,19440928,0,,EX,57.8N,34.7W,45,,,,,,,,,,,,,
AL,UNNAMED,1944,9,29,19440928,600,,EX,59.6N,28.5W,40,,,,,,,,,,,,,
AL,UNNAMED,1944,9,29,19440928,1200,,EX,61.4N,22.4W,40,,,,,,,,,,,,,
AL,UNNAMED,1944,10,13,19440930,0,,TS,33.1N,44.1W,35,,,,,,,,,,,,,
AL,UNNAMED,1944,10,13,19440930,600,,TS,33.8N,44.3W,35,,,,,,,,,,,,,
AL,UNNAMED,1944,10,13,19440930,1200,,TS,34.5N,44.5W,40,,,,,,,,,,,,,
AL,UNNAMED,1944,10,13,19440930,1800,,TS,35.2N,44.7W,40,,,,,,,,,,,,,
AL,UNNAMED,1944,10,13,19441001,0,,TS,35.9N,44.8W,45,,,,,,,,,,,,,
AL,UNNAMED,1944,10,13,19441001,600,,TS,36.7N,44.9W,45,,,,,,,,,,,,,
AL,UNNAMED,1944,10,13,19441001,1200,,TS,37.5N,45.0W,45,,,,,,,,,,,,,
AL,UNNAMED,1944,10,13,19441001,1800,,TS,38.5N,44.9W,45,,,,,,,,,,,,,
AL,UNNAMED,1944,10,13,19441002,0,,TS,39.5N,44.5W,40,,,,,,,,,,,,,
AL,UNNAMED,1944,10,13,19441002,600,,TS,40.5N,43.5W,35,,,,,,,,,,,,,
AL,UNNAMED,1944,10,13,19441002,1200,,TD,41.5N,41.5W,30,,,,,,,,,,,,,
AL,UNNAMED,1944,10,13,19441002,1800,,TD,42.6N,39.3W,30,,,,,,,,,,,,,
AL,UNNAMED,1944,10,13,19441003,0,,EX,43.8N,37.0W,30,,,,,,,,,,,,,
AL,UNNAMED,1944,11,13,19440930,600,,TS,14.4N,59.3W,35,,,,,,,,,,,,,
AL,UNNAMED,1944,11,13,19440930,1200,,TS,14.5N,59.5W,40,,,,,,,,,,,,,
AL,UNNAMED,1944,11,13,19440930,1800,,TS,14.6N,59.7W,40,,,,,,,,,,,,,
AL,UNNAMED,1944,11,13,19441001,0,,TS,14.8N,59.9W,40,,,,,,,,,,,,,
AL,UNNAMED,1944,11,13,19441001,600,,TS,15.0N,60.2W,40,,,,,,,,,,,,,
AL,UNNAMED,1944,11,13,19441001,1200,,TS,15.3N,60.7W,40,,,,,,,,,,,,,
AL,UNNAMED,1944,11,13,19441001,1800,,TS,15.8N,61.1W,40,,,,,,,,,,,,,
AL,UNNAMED,1944,11,13,19441002,0,,TS,16.6N,61.0W,40,,,,,,,,,,,,,
AL,UNNAMED,1944,11,13,19441002,600,,TS,17.8N,60.5W,40,,,,,,,,,,,,,
AL,UNNAMED,1944,11,13,19441002,1200,,TS,18.9N,59.7W,40,,,,,,,,,,,,,
AL,UNNAMED,1944,11,13,19441002,1800,,TS,19.8N,59.2W,35,,,,,,,,,,,,,
AL,UNNAMED,1944,11,13,19441003,0,,TS,20.3N,59.0W,35,,,,,,,,,,,,,
AL,UNNAMED,1944,11,13,19441003,600,,TD,20.5N,59.0W,30,,,,,,,,,,,,,
AL,UNNAMED,1944,12,20,19441011,0,,TS,35.5N,40.4W,35,,,,,,,,,,,,,
AL,UNNAMED,1944,12,20,19441011,600,,TS,35.5N,40.2W,35,,,,,,,,,,,,,
AL,UNNAMED,1944,12,20,19441011,1200,,TS,35.5N,40.0W,40,,,,,,,,,,,,,
AL,UNNAMED,1944,12,20,19441011,1800,,TS,35.5N,39.8W,45,,,,,,,,,,,,,
AL,UNNAMED,1944,12,20,19441012,0,,TS,35.6N,39.6W,50,,,,,,,,,,,,,
AL,UNNAMED,1944,12,20,19441012,600,,TS,35.7N,39.3W,60,,,,,,,,,,,,,
AL,UNNAMED,1944,12,20,19441012,1200,,HU,36.0N,39.0W,70,,,,,,,,,,,,,
AL,UNNAMED,1944,12,20,19441012,1800,,HU,36.6N,38.6W,70,,,,,,,,,,,,,
AL,UNNAMED,1944,12,20,19441013,0,,HU,37.5N,38.1W,70,,,,,,,,,,,,,
AL,UNNAMED,1944,12,20,19441013,600,,TS,38.3N,37.4W,60,,,,,,,,,,,,,
AL,UNNAMED,1944,12,20,19441013,1200,,TS,39.0N,36.5W,50,,,,,,,,,,,,,
AL,UNNAMED,1944,12,20,19441013,1800,,TS,39.7N,35.3W,50,,,,,,,,,,,,,
AL,UNNAMED,1944,12,20,19441014,0,,TS,40.4N,33.5W,45,,,,,,,,,,,,,
AL,UNNAMED,1944,12,20,19441014,600,,TS,41.0N,29.5W,45,,,,,,,,,,,,,
AL,UNNAMED,1944,12,20,19441014,1200,,TS,41.5N,25.5W,45,,,,,,,,,,,,,
AL,UNNAMED,1944,12,20,19441014,1800,,TS,41.2N,23.0W,45,,,,,,,,,,,,,
AL,UNNAMED,1944,12,20,19441015,0,,TS,40.5N,21.0W,45,,,,,,,,,,,,,
AL,UNNAMED,1944,12,20,19441015,600,,TS,39.7N,19.5W,50,,,,,,,,,,,,,
AL,UNNAMED,1944,12,20,19441015,1200,,EX,39.0N,18.0W,55,,,,,,,,,,,,,
AL,UNNAMED,1944,12,20,19441015,1800,,EX,38.5N,16.0W,55,,,,,,,,,,,,,
AL,UNNAMED,1944,13,51,19441012,1200,,TD,16.0N,80.5W,30,,,,,,,,,,,,,
AL,UNNAMED,1944,13,51,19441012,1800,,TS,16.4N,80.6W,35,,,,,,,,,,,,,
AL,UNNAMED,1944,13,51,19441013,0,,TS,16.8N,80.7W,40,,,,,,,,,,,,,
AL,UNNAMED,1944,13,51,19441013,600,,TS,17.1N,80.8W,50,,,,,,,,,,,,,
AL,UNNAMED,1944,13,51,19441013,1200,,TS,17.4N,80.9W,60,,,,,,,,,,,,,
AL,UNNAMED,1944,13,51,19441013,1800,,HU,17.6N,80.9W,70,,,,,,,,,,,,,
AL,UNNAMED,1944,13,51,19441014,0,,HU,17.8N,80.8W,80,976,,,,,,,,,,,,
AL,UNNAMED,1944,13,51,19441014,600,,HU,17.9N,80.7W,80,,,,,,,,,,,,,
AL,UNNAMED,1944,13,51,19441014,1200,,HU,18.0N,80.6W,80,,,,,,,,,,,,,
AL,UNNAMED,1944,13,51,19441014,1800,,HU,18.1N,80.6W,80,,,,,,,,,,,,,
AL,UNNAMED,1944,13,51,19441015,0,,HU,18.2N,80.5W,80,,,,,,,,,,,,,
AL,UNNAMED,1944,13,51,19441015,600,,HU,18.3N,80.5W,80,,,,,,,,,,,,,
AL,UNNAMED,1944,13,51,19441015,1200,,HU,18.5N,80.8W,85,,,,,,,,,,,,,
AL,UNNAMED,1944,13,51,19441015,1800,,HU,18.7N,81.3W,85,,,,,,,,,,,,,
AL,UNNAMED,1944,13,51,19441016,0,,HU,19.0N,81.7W,90,,,,,,,,,,,,,
AL,UNNAMED,1944,13,51,19441016,600,,HU,19.2N,82.1W,90,,,,,,,,,,,,,
AL,UNNAMED,1944,13,51,19441016,1200,,HU,19.4N,82.4W,90,,,,,,,,,,,,,
AL,UNNAMED,1944,13,51,19441016,1800,,HU,19.5N,82.7W,90,,,,,,,,,,,,,
AL,UNNAMED,1944,13,51,19441017,0,,HU,19.6N,82.9W,90,,,,,,,,,,,,,
AL,UNNAMED,1944,13,51,19441017,600,,HU,19.7N,82.9W,95,,,,,,,,,,,,,
AL,UNNAMED,1944,13,51,19441017,1200,,HU,20.0N,82.9W,95,,,,,,,,,,,,,
AL,UNNAMED,1944,13,51,19441017,1800,,HU,20.6N,82.9W,105,,,,,,,,,,,,,
AL,UNNAMED,1944,13,51,19441018,0,,HU,21.4N,82.9W,115,,,,,,,,,,,,,
AL,UNNAMED,1944,13,51,19441018,600,,HU,22.2N,82.9W,125,,,,,,,,,,,,,
AL,UNNAMED,1944,13,51,19441018,1200,,HU,23.1N,83.0W,115,937,,,,,,,,,,,,
AL,UNNAMED,1944,13,51,19441018,1800,,HU,24.0N,82.9W,105,949,,,,,,,,,,,,
AL,UNNAMED,1944,13,51,19441018,2100,L,HU,24.6N,82.9W,105,949,,,,,,,,,,,,
AL,UNNAMED,1944,13,51,19441019,0,,HU,25.3N,82.7W,100,,,,,,,,,,,,,
AL,UNNAMED,1944,13,51,19441019,600,,HU,26.9N,82.6W,90,962,,,,,,,,,,,,
AL,UNNAMED,1944,13,51,19441019,700,L,HU,27.2N,82.5W,90,962,,,,,,,,,,,,
AL,UNNAMED,1944,13,51,19441019,1200,,HU,28.4N,82.1W,75,968,,,,,,,,,,,,
AL,UNNAMED,1944,13,51,19441019,1800,,TS,29.8N,81.7W,60,976,,,,,,,,,,,,
AL,UNNAMED,1944,13,51,19441020,0,,TS,31.2N,81.4W,55,980,,,,,,,,,,,,
AL,UNNAMED,1944,13,51,19441020,600,,TS,32.4N,81.0W,50,985,,,,,,,,,,,,
AL,UNNAMED,1944,13,51,19441020,1200,,EX,33.7N,80.5W,50,988,,,,,,,,,,,,
AL,UNNAMED,1944,13,51,19441020,1800,,EX,35.4N,79.0W,45,993,,,,,,,,,,,,
AL,UNNAMED,1944,13,51,19441021,0,,EX,37.1N,76.9W,40,996,,,,,,,,,,,,
AL,UNNAMED,1944,13,51,19441021,600,,EX,38.3N,75.0W,40,,,,,,,,,,,,,
AL,UNNAMED,1944,13,51,19441021,1200,,EX,39.4N,73.3W,45,,,,,,,,,,,,,
AL,UNNAMED,1944,13,51,19441021,1800,,EX,40.7N,70.8W,45,,,,,,,,,,,,,
AL,UNNAMED,1944,13,51,19441022,0,,EX,42.7N,67.4W,45,,,,,,,,,,,,,
AL,UNNAMED,1944,13,51,19441022,600,,EX,44.9N,63.5W,45,,,,,,,,,,,,,
AL,UNNAMED,1944,13,51,19441022,1200,,EX,47.5N,59.5W,45,,,,,,,,,,,,,
AL,UNNAMED,1944,13,51,19441022,1800,,EX,50.5N,56.5W,45,,,,,,,,,,,,,
AL,UNNAMED,1944,13,51,19441023,0,,EX,54.0N,54.0W,45,,,,,,,,,,,,,
AL,UNNAMED,1944,13,51,19441023,600,,EX,57.0N,52.0W,45,,,,,,,,,,,,,
AL,UNNAMED,1944,13,51,19441023,1200,,EX,59.5N,50.0W,50,,,,,,,,,,,,,
AL,UNNAMED,1944,13,51,19441023,1800,,EX,61.5N,47.0W,50,,,,,,,,,,,,,
AL,UNNAMED,1944,13,51,19441024,0,,EX,63.0N,43.5W,45,,,,,,,,,,,,,
AL,UNNAMED,1944,13,51,19441024,600,,EX,64.5N,39.0W,40,,,,,,,,,,,,,
AL,UNNAMED,1944,13,51,19441024,1200,,EX,66.0N,34.0W,30,,,,,,,,,,,,,
AL,UNNAMED,1944,14,12,19441101,0,,TD,12.2N,81.3W,30,,,,,,,,,,,,,
AL,UNNAMED,1944,14,12,19441101,600,,TS,12.1N,81.4W,35,,,,,,,,,,,,,
AL,UNNAMED,1944,14,12,19441101,1200,,TS,12.0N,81.5W,40,,,,,,,,,,,,,
AL,UNNAMED,1944,14,12,19441101,1800,,TS,11.9N,81.7W,45,,,,,,,,,,,,,
AL,UNNAMED,1944,14,12,19441102,0,,TS,11.7N,82.0W,50,,,,,,,,,,,,,
AL,UNNAMED,1944,14,12,19441102,600,,TS,11.6N,82.3W,55,,,,,,,,,,,,,
AL,UNNAMED,1944,14,12,19441102,1200,,TS,11.5N,82.5W,60,,,,,,,,,,,,,
AL,UNNAMED,1944,14,12,19441102,1800,,TS,11.4N,82.5W,60,,,,,,,,,,,,,
AL,UNNAMED,1944,14,12,19441103,0,,TS,11.3N,82.4W,50,,,,,,,,,,,,,
AL,UNNAMED,1944,14,12,19441103,600,,TS,11.3N,82.2W,40,,,,,,,,,,,,,
AL,UNNAMED,1944,14,12,19441103,1200,,TD,11.3N,82.0W,30,,,,,,,,,,,,,
AL,UNNAMED,1944,14,12,19441103,1800,,TD,11.3N,81.8W,25,,,,,,,,,,,,,
AL,UNNAMED,1945,1,59,19450620,1200,,TS,19.0N,85.7W,35,,,,,,,,,,,,,
AL,UNNAMED,1945,1,59,19450620,1800,,TS,19.5N,85.9W,40,,,,,,,,,,,,,
AL,UNNAMED,1945,1,59,19450621,0,,TS,20.0N,86.1W,40,,,,,,,,,,,,,
AL,UNNAMED,1945,1,59,19450621,600,,TS,20.6N,86.2W,40,,,,,,,,,,,,,
AL,UNNAMED,1945,1,59,19450621,1200,,TS,21.4N,86.3W,40,,,,,,,,,,,,,
AL,UNNAMED,1945,1,59,19450621,1800,,TS,22.2N,86.3W,40,,,,,,,,,,,,,
AL,UNNAMED,1945,1,59,19450622,0,,TS,23.0N,86.4W,40,,,,,,,,,,,,,
AL,UNNAMED,1945,1,59,19450622,600,,TS,23.8N,86.4W,45,,,,,,,,,,,,,
AL,UNNAMED,1945,1,59,19450622,1200,,TS,24.5N,86.5W,45,,,,,,,,,,,,,
AL,UNNAMED,1945,1,59,19450622,1800,,TS,25.2N,86.6W,50,,,,,,,,,,,,,
AL,UNNAMED,1945,1,59,19450623,0,,TS,25.9N,86.6W,50,,,,,,,,,,,,,
AL,UNNAMED,1945,1,59,19450623,600,,TS,26.6N,86.6W,55,,,,,,,,,,,,,
AL,UNNAMED,1945,1,59,19450623,1200,,HU,27.2N,86.5W,70,,,,,,,,,,,,,
AL,UNNAMED,1945,1,59,19450623,1800,,HU,27.6N,86.0W,85,,,,,,,,,,,,,
AL,UNNAMED,1945,1,59,19450624,0,,HU,28.0N,85.0W,80,,,,,,,,,,,,,
AL,UNNAMED,1945,1,59,19450624,600,,HU,28.5N,83.5W,70,,,,,,,,,,,,,
AL,UNNAMED,1945,1,59,19450624,800,L,HU,28.6N,82.7W,70,,,,,,,,,,,,,
AL,UNNAMED,1945,1,59,19450624,1200,,TS,29.0N,82.0W,50,,,,,,,,,,,,,
AL,UNNAMED,1945,1,59,19450624,1800,,TS,29.8N,81.0W,60,,,,,,,,,,,,,
AL,UNNAMED,1945,1,59,19450625,0,,HU,30.7N,80.1W,65,,,,,,,,,,,,,
AL,UNNAMED,1945,1,59,19450625,600,,HU,31.7N,79.3W,65,,,,,,,,,,,,,
AL,UNNAMED,1945,1,59,19450625,1200,,HU,32.8N,78.5W,65,,,,,,,,,,,,,
AL,UNNAMED,1945,1,59,19450625,1800,,HU,33.8N,77.5W,65,,,,,,,,,,,,,
AL,UNNAMED,1945,1,59,19450626,0,,HU,34.6N,76.7W,65,,,,,,,,,,,,,
AL,UNNAMED,1945,1,59,19450626,100,L,HU,34.7N,76.6W,65,,,,,,,,,,,,,
AL,UNNAMED,1945,1,59,19450626,600,,HU,35.8N,75.5W,65,,,,,,,,,,,,,
AL,UNNAMED,1945,1,59,19450626,1200,,HU,37.3N,73.8W,65,,,,,,,,,,,,,
AL,UNNAMED,1945,1,59,19450626,1800,,HU,38.4N,72.3W,65,,,,,,,,,,,,,
AL,UNNAMED,1945,1,59,19450627,0,,HU,39.4N,71.1W,65,,,,,,,,,,,,,
AL,UNNAMED,1945,1,59,19450627,600,,EX,40.2N,70.1W,65,,,,,,,,,,,,,
AL,UNNAMED,1945,1,59,19450627,1200,,EX,40.8N,69.0W,65,,,,,,,,,,,,,
AL,UNNAMED,1945,1,59,19450627,1800,,EX,41.3N,68.1W,55,,,,,,,,,,,,,
AL,UNNAMED,1945,1,59,19450628,0,,EX,41.7N,67.3W,45,,,,,,,,,,,,,
AL,UNNAMED,1945,1,59,19450628,600,,EX,41.9N,66.5W,45,,,,,,,,,,,,,
AL,UNNAMED,1945,1,59,19450628,1200,,EX,42.2N,65.5W,45,,,,,,,,,,,,,
AL,UNNAMED,1945,1,59,19450628,1800,,EX,42.6N,64.4W,40,,,,,,,,,,,,,
AL,UNNAMED,1945,1,59,19450629,0,,EX,43.1N,63.2W,40,,,,,,,,,,,,,
AL,UNNAMED,1945,1,59,19450629,600,,EX,43.8N,61.7W,40,,,,,,,,,,,,,
AL,UNNAMED,1945,1,59,19450629,1200,,EX,44.8N,60.0W,40,,,,,,,,,,,,,
AL,UNNAMED,1945,1,59,19450629,1800,,EX,45.9N,58.3W,40,,,,,,,,,,,,,
AL,UNNAMED,1945,1,59,19450630,0,,EX,47.1N,56.6W,35,,,,,,,,,,,,,
AL,UNNAMED,1945,1,59,19450630,600,,EX,48.5N,54.8W,35,,,,,,,,,,,,,
AL,UNNAMED,1945,1,59,19450630,1200,,EX,50.0N,53.0W,35,,,,,,,,,,,,,
AL,UNNAMED,1945,1,59,19450630,1800,,EX,51.7N,50.5W,35,,,,,,,,,,,,,
AL,UNNAMED,1945,1,59,19450701,0,,EX,53.6N,47.5W,35,,,,,,,,,,,,,
AL,UNNAMED,1945,1,59,19450701,600,,EX,55.8N,44.2W,35,,,,,,,,,,,,,
AL,UNNAMED,1945,1,59,19450701,1200,,EX,57.8N,41.2W,35,,,,,,,,,,,,,
AL,UNNAMED,1945,1,59,19450701,1800,,EX,59.3N,39.0W,35,,,,,,,,,,,,,
AL,UNNAMED,1945,1,59,19450702,0,,EX,60.3N,37.3W,40,,,,,,,,,,,,,
AL,UNNAMED,1945,1,59,19450702,600,,EX,60.7N,35.8W,40,,,,,,,,,,,,,
AL,UNNAMED,1945,1,59,19450702,1200,,EX,61.0N,34.5W,40,,,,,,,,,,,,,
AL,UNNAMED,1945,1,59,19450702,1800,,EX,61.2N,33.3W,40,,,,,,,,,,,,,
AL,UNNAMED,1945,1,59,19450703,0,,EX,61.4N,32.3W,35,,,,,,,,,,,,,
AL,UNNAMED,1945,1,59,19450703,600,,EX,61.7N,31.3W,35,,,,,,,,,,,,,
AL,UNNAMED,1945,1,59,19450703,1200,,EX,62.0N,30.0W,30,,,,,,,,,,,,,
AL,UNNAMED,1945,1,59,19450703,1800,,EX,62.4N,28.6W,30,,,,,,,,,,,,,
AL,UNNAMED,1945,1,59,19450704,0,,EX,62.9N,27.1W,30,,,,,,,,,,,,,
AL,UNNAMED,1945,1,59,19450704,600,,EX,63.6N,25.6W,30,,,,,,,,,,,,,
AL,UNNAMED,1945,1,59,19450704,1200,,EX,64.5N,24.0W,25,,,,,,,,,,,,,
AL,UNNAMED,1945,2,13,19450719,600,,TD,25.7N,90.0W,30,,,,,,,,,,,,,
AL,UNNAMED,1945,2,13,19450719,1200,,TD,26.0N,90.8W,30,,,,,,,,,,,,,
AL,UNNAMED,1945,2,13,19450719,1800,,TD,26.3N,91.5W,30,,,,,,,,,,,,,
AL,UNNAMED,1945,2,13,19450720,0,,TS,26.6N,92.2W,35,,,,,,,,,,,,,
AL,UNNAMED,1945,2,13,19450720,600,,TS,26.8N,92.8W,35,,,,,,,,,,,,,
AL,UNNAMED,1945,2,13,19450720,1200,,TS,27.0N,93.4W,35,,,,,,,,,,,,,
AL,UNNAMED,1945,2,13,19450720,1800,,TS,27.3N,93.9W,35,,,,,,,,,,,,,
AL,UNNAMED,1945,2,13,19450721,0,,TS,27.6N,94.4W,35,,,,,,,,,,,,,
AL,UNNAMED,1945,2,13,19450721,600,,TS,27.8N,94.9W,35,,,,,,,,,,,,,
AL,UNNAMED,1945,2,13,19450721,1200,,TS,27.8N,95.4W,35,,,,,,,,,,,,,
AL,UNNAMED,1945,2,13,19450721,1800,,TS,27.6N,95.8W,35,,,,,,,,,,,,,
AL,UNNAMED,1945,2,13,19450722,0,,TD,27.2N,96.2W,30,,,,,,,,,,,,,
AL,UNNAMED,1945,2,13,19450722,600,,TD,26.9N,96.9W,25,,,,,,,,,,,,,
AL,UNNAMED,1945,3,12,19450802,0,,TS,13.6N,58.3W,35,,,,,,,,,,,,,
AL,UNNAMED,1945,3,12,19450802,600,,TS,14.1N,58.9W,40,,,,,,,,,,,,,
AL,UNNAMED,1945,3,12,19450802,1200,,TS,14.5N,59.7W,40,,,,,,,,,,,,,
AL,UNNAMED,1945,3,12,19450802,1800,,TS,15.0N,60.7W,45,,,,,,,,,,,,,
AL,UNNAMED,1945,3,12,19450803,0,,TS,15.6N,62.0W,45,,,,,,,,,,,,,
AL,UNNAMED,1945,3,12,19450803,600,,TS,16.1N,63.3W,50,,,,,,,,,,,,,
AL,UNNAMED,1945,3,12,19450803,1200,,TS,16.6N,64.7W,50,,,,,,,,,,,,,
AL,UNNAMED,1945,3,12,19450803,1800,,TS,16.9N,66.2W,50,,,,,,,,,,,,,
AL,UNNAMED,1945,3,12,19450804,0,,TS,17.2N,67.5W,50,,,,,,,,,,,,,
AL,UNNAMED,1945,3,12,19450804,600,,TS,17.6N,68.7W,50,,,,,,,,,,,,,
AL,UNNAMED,1945,3,12,19450804,1200,,TS,18.1N,70.0W,50,,,,,,,,,,,,,
AL,UNNAMED,1945,3,12,19450804,1800,,TD,18.7N,71.3W,30,,,,,,,,,,,,,
AL,UNNAMED,1945,4,15,19450817,1800,,TS,17.4N,53.5W,35,,,,,,,,,,,,,
AL,UNNAMED,1945,4,15,19450818,0,,TS,17.7N,54.9W,45,,,,,,,,,,,,,
AL,UNNAMED,1945,4,15,19450818,600,,TS,17.9N,56.4W,55,,,,,,,,,,,,,
AL,UNNAMED,1945,4,15,19450818,1200,,TS,18.2N,58.0W,60,,,,,,,,,,,,,
AL,UNNAMED,1945,4,15,19450818,1800,,TS,18.5N,59.7W,60,,,,,,,,,,,,,
AL,UNNAMED,1945,4,15,19450819,0,,TS,18.8N,61.5W,60,,,,,,,,,,,,,
AL,UNNAMED,1945,4,15,19450819,600,,TS,19.2N,63.3W,55,,,,,,,,,,,,,
AL,UNNAMED,1945,4,15,19450819,1200,,TS,19.6N,65.0W,50,,,,,,,,,,,,,
AL,UNNAMED,1945,4,15,19450819,1800,,TS,20.1N,66.7W,50,,,,,,,,,,,,,
AL,UNNAMED,1945,4,15,19450820,0,,TS,20.6N,68.3W,45,,,,,,,,,,,,,
AL,UNNAMED,1945,4,15,19450820,600,,TS,21.1N,69.9W,40,,,,,,,,,,,,,
AL,UNNAMED,1945,4,15,19450820,1200,,TS,21.4N,71.8W,40,,,,,,,,,,,,,
AL,UNNAMED,1945,4,15,19450820,1800,,TS,21.6N,73.8W,35,,,,,,,,,,,,,
AL,UNNAMED,1945,4,15,19450821,0,,TD,21.8N,75.6W,30,,,,,,,,,,,,,
AL,UNNAMED,1945,4,15,19450821,600,,TD,22.0N,77.2W,25,,,,,,,,,,,,,
AL,UNNAMED,1945,5,24,19450824,0,,TS,20.5N,94.4W,40,,,,,,,,,,,,,
AL,UNNAMED,1945,5,24,19450824,600,,TS,21.3N,94.7W,45,,,,,,,,,,,,,
AL,UNNAMED,1945,5,24,19450824,1200,,TS,22.0N,95.0W,50,,,,,,,,,,,,,
AL,UNNAMED,1945,5,24,19450824,1800,,TS,22.6N,95.3W,55,,,,,,,,,,,,,
AL,UNNAMED,1945,5,24,19450825,0,,TS,23.3N,95.6W,60,,,,,,,,,,,,,
AL,UNNAMED,1945,5,24,19450825,600,,HU,24.0N,95.8W,70,,,,,,,,,,,,,
AL,UNNAMED,1945,5,24,19450825,1200,,HU,24.7N,96.0W,80,,,,,,,,,,,,,
AL,UNNAMED,1945,5,24,19450825,1800,,HU,25.3N,96.2W,85,,,,,,,,,,,,,
AL,UNNAMED,1945,5,24,19450826,0,,HU,25.9N,96.4W,90,,,,,,,,,,,,,
AL,UNNAMED,1945,5,24,19450826,600,,HU,26.5N,96.6W,95,,,,,,,,,,,,,
AL,UNNAMED,1945,5,24,19450826,1200,,HU,27.0N,96.8W,100,,,,,,,,,,,,,
AL,UNNAMED,1945,5,24,19450826,1800,,HU,27.3N,96.9W,100,,,,,,,,,,,,,
AL,UNNAMED,1945,5,24,19450827,0,,HU,27.5N,97.0W,100,,,,,,,,,,,,,
AL,UNNAMED,1945,5,24,19450827,600,,HU,27.8N,97.0W,100,,,,,,,,,,,,,
AL,UNNAMED,1945,5,24,19450827,1200,L,HU,28.2N,96.7W,100,963,,,,,,,,,,,,
AL,UNNAMED,1945,5,24,19450827,1800,,HU,28.6N,96.3W,90,966,,,,,,,,,,,,
AL,UNNAMED,1945,5,24,19450828,0,,HU,28.9N,96.1W,75,,,,,,,,,,,,,
AL,UNNAMED,1945,5,24,19450828,600,,HU,29.4N,96.0W,65,980,,,,,,,,,,,,
AL,UNNAMED,1945,5,24,19450828,1200,,TS,29.9N,96.1W,50,987,,,,,,,,,,,,
AL,UNNAMED,1945,5,24,19450828,1800,,TS,30.5N,96.3W,40,993,,,,,,,,,,,,
AL,UNNAMED,1945,5,24,19450829,0,,TS,31.0N,96.6W,35,998,,,,,,,,,,,,
AL,UNNAMED,1945,5,24,19450829,600,,TD,31.5N,97.1W,30,1002,,,,,,,,,,,,
AL,UNNAMED,1945,5,24,19450829,1200,,TD,31.8N,97.5W,25,1006,,,,,,,,,,,,
AL,UNNAMED,1945,5,24,19450829,1800,,TD,32.1N,97.9W,20,1009,,,,,,,,,,,,
AL,UNNAMED,1945,6,15,19450829,600,,TS,13.6N,82.3W,35,,,,,,,,,,,,,
AL,UNNAMED,1945,6,15,19450829,1200,,TS,14.2N,81.8W,35,,,,,,,,,,,,,
AL,UNNAMED,1945,6,15,19450829,1800,,TS,14.8N,81.5W,40,,,,,,,,,,,,,
AL,UNNAMED,1945,6,15,19450830,0,,TS,15.5N,81.3W,40,,,,,,,,,,,,,
AL,UNNAMED,1945,6,15,19450830,600,,TS,16.4N,81.5W,45,,,,,,,,,,,,,
AL,UNNAMED,1945,6,15,19450830,1200,,TS,17.2N,82.2W,50,,,,,,,,,,,,,
AL,UNNAMED,1945,6,15,19450830,1800,,TS,17.6N,83.2W,50,,,,,,,,,,,,,
AL,UNNAMED,1945,6,15,19450831,0,,TS,17.7N,84.4W,55,,,,,,,,,,,,,
AL,UNNAMED,1945,6,15,19450831,600,,TS,17.8N,85.6W,55,,,,,,,,,,,,,
AL,UNNAMED,1945,6,15,19450831,1200,,TS,17.7N,86.9W,60,,,,,,,,,,,,,
AL,UNNAMED,1945,6,15,19450831,1800,,TS,17.4N,88.2W,60,990,,,,,,,,,,,,
AL,UNNAMED,1945,6,15,19450901,0,,TS,17.2N,89.4W,40,,,,,,,,,,,,,
AL,UNNAMED,1945,6,15,19450901,600,,TD,17.1N,90.4W,30,,,,,,,,,,,,,
AL,UNNAMED,1945,6,15,19450901,1200,,TD,17.0N,91.3W,25,,,,,,,,,,,,,
AL,UNNAMED,1945,6,15,19450901,1800,,TD,17.0N,92.0W,25,,,,,,,,,,,,,
AL,UNNAMED,1945,7,13,19450903,1800,,TD,21.0N,84.6W,30,,,,,,,,,,,,,
AL,UNNAMED,1945,7,13,19450904,0,,TD,22.1N,83.8W,30,,,,,,,,,,,,,
AL,UNNAMED,1945,7,13,19450904,600,,TD,23.2N,82.8W,30,,,,,,,,,,,,,
AL,UNNAMED,1945,7,13,19450904,1200,,TS,24.4N,82.1W,35,,,,,,,,,,,,,
AL,UNNAMED,1945,7,13,19450904,1800,,TS,25.5N,82.0W,35,,,,,,,,,,,,,
AL,UNNAMED,1945,7,13,19450905,0,L,TS,26.5N,82.1W,35,,,,,,,,,,,,,
AL,UNNAMED,1945,7,13,19450905,600,,TS,27.5N,83.8W,35,,,,,,,,,,,,,
AL,UNNAMED,1945,7,13,19450905,1200,,TD,28.5N,86.0W,30,,,,,,,,,,,,,
AL,UNNAMED,1945,7,13,19450905,1800,,TD,29.3N,87.5W,30,,,,,,,,,,,,,
AL,UNNAMED,1945,7,13,19450906,0,,TD,30.0N,88.8W,30,,,,,,,,,,,,,
AL,UNNAMED,1945,7,13,19450906,600,,TD,30.7N,89.8W,25,,,,,,,,,,,,,
AL,UNNAMED,1945,7,13,19450906,1200,,TD,31.3N,90.8W,25,,,,,,,,,,,,,
AL,UNNAMED,1945,7,13,19450906,1800,,TD,31.9N,91.9W,20,,,,,,,,,,,,,
AL,UNNAMED,1945,8,14,19450909,1200,,TS,16.4N,58.3W,45,,,,,,,,,,,,,
AL,UNNAMED,1945,8,14,19450909,1800,,TS,17.4N,59.2W,45,1009,,,,,,,,,,,,
AL,UNNAMED,1945,8,14,19450910,0,,TS,18.3N,60.0W,45,,,,,,,,,,,,,
AL,UNNAMED,1945,8,14,19450910,600,,TS,19.1N,60.8W,45,,,,,,,,,,,,,
AL,UNNAMED,1945,8,14,19450910,1200,,TS,20.1N,61.8W,50,,,,,,,,,,,,,
AL,UNNAMED,1945,8,14,19450910,1800,,TS,21.3N,63.2W,50,,,,,,,,,,,,,
AL,UNNAMED,1945,8,14,19450911,0,,TS,22.6N,64.9W,50,,,,,,,,,,,,,
AL,UNNAMED,1945,8,14,19450911,600,,TS,24.0N,66.1W,50,,,,,,,,,,,,,
AL,UNNAMED,1945,8,14,19450911,1200,,TS,25.5N,67.0W,45,,,,,,,,,,,,,
AL,UNNAMED,1945,8,14,19450911,1800,,TS,27.0N,67.3W,45,,,,,,,,,,,,,
AL,UNNAMED,1945,8,14,19450912,0,,TS,28.6N,67.4W,40,,,,,,,,,,,,,
AL,UNNAMED,1945,8,14,19450912,600,,TS,30.3N,67.3W,40,,,,,,,,,,,,,
AL,UNNAMED,1945,8,14,19450912,1200,,TS,32.2N,67.1W,35,,,,,,,,,,,,,
AL,UNNAMED,1945,8,14,19450912,1800,,TD,34.5N,66.7W,30,,,,,,,,,,,,,
AL,UNNAMED,1945,9,39,19450912,0,,HU,19.0N,58.5W,65,,,,,,,,,,,,,
AL,UNNAMED,1945,9,39,19450912,600,,HU,19.1N,59.9W,70,,,,,,,,,,,,,
AL,UNNAMED,1945,9,39,19450912,1200,,HU,19.2N,61.3W,75,,,,,,,,,,,,,
AL,UNNAMED,1945,9,39,19450912,1800,,HU,19.3N,62.6W,80,,,,,,,,,,,,,
AL,UNNAMED,1945,9,39,19450913,0,,HU,19.5N,63.8W,85,,,,,,,,,,,,,
AL,UNNAMED,1945,9,39,19450913,600,,HU,19.8N,64.9W,95,,,,,,,,,,,,,
AL,UNNAMED,1945,9,39,19450913,1200,,HU,20.2N,66.2W,95,,,,,,,,,,,,,
AL,UNNAMED,1945,9,39,19450913,1800,,HU,20.6N,68.0W,100,,,,,,,,,,,,,
AL,UNNAMED,1945,9,39,19450914,0,,HU,21.0N,70.0W,100,,,,,,,,,,,,,
AL,UNNAMED,1945,9,39,19450914,600,,HU,21.3N,71.7W,105,,,,,,,,,,,,,
AL,UNNAMED,1945,9,39,19450914,1200,,HU,21.6N,73.0W,105,,,,,,,,,,,,,
AL,UNNAMED,1945,9,39,19450914,1800,,HU,22.0N,74.4W,105,,,,,,,,,,,,,
AL,UNNAMED,1945,9,39,19450915,0,,HU,22.6N,75.8W,105,,,,,,,,,,,,,
AL,UNNAMED,1945,9,39,19450915,600,,HU,23.4N,77.2W,110,,,,,,,,,,,,,
AL,UNNAMED,1945,9,39,19450915,1200,,HU,24.2N,78.6W,115,,,,,,,,,,,,,
AL,UNNAMED,1945,9,39,19450915,1800,,HU,25.1N,80.0W,115,949,,,,,,,,,,,,
AL,UNNAMED,1945,9,39,19450915,1930,L,HU,25.3N,80.3W,115,949,,,,,,,,,,,,
AL,UNNAMED,1945,9,39,19450915,2000,L,HU,25.4N,80.4W,115,949,,,,,,,,,,,,
AL,UNNAMED,1945,9,39,19450916,0,,HU,25.9N,80.9W,100,954,,,,,,,,,,,,
AL,UNNAMED,1945,9,39,19450916,600,,HU,26.6N,81.5W,85,963,,,,,,,,,,,,
AL,UNNAMED,1945,9,39,19450916,1200,,HU,27.5N,81.8W,75,974,,,,,,,,,,,,
AL,UNNAMED,1945,9,39,19450916,1800,,HU,28.5N,81.7W,70,982,,,,,,,,,,,,
AL,UNNAMED,1945,9,39,19450917,0,,HU,29.6N,81.5W,65,987,,,,,,,,,,,,
AL,UNNAMED,1945,9,39,19450917,600,,TS,31.0N,81.2W,60,990,,,,,,,,,,,,
AL,UNNAMED,1945,9,39,19450917,1100,L,TS,32.1N,80.9W,60,990,,,,,,,,,,,,
AL,UNNAMED,1945,9,39,19450917,1200,,TS,32.3N,80.8W,60,990,,,,,,,,,,,,
AL,UNNAMED,1945,9,39,19450917,1800,,TS,33.4N,80.3W,50,996,,,,,,,,,,,,
AL,UNNAMED,1945,9,39,19450918,0,,TS,34.4N,79.9W,50,1000,,,,,,,,,,,,
AL,UNNAMED,1945,9,39,19450918,600,,TS,35.6N,79.3W,45,1006,,,,,,,,,,,,
AL,UNNAMED,1945,9,39,19450918,1200,,EX,36.8N,78.5W,40,1012,,,,,,,,,,,,
AL,UNNAMED,1945,9,39,19450918,1800,,EX,38.3N,77.0W,35,,,,,,,,,,,,,
AL,UNNAMED,1945,9,39,19450919,0,,EX,40.3N,75.0W,30,,,,,,,,,,,,,
AL,UNNAMED,1945,9,39,19450919,600,,EX,42.3N,72.4W,25,,,,,,,,,,,,,
AL,UNNAMED,1945,9,39,19450919,1200,,EX,44.1N,69.0W,25,,,,,,,,,,,,,
AL,UNNAMED,1945,9,39,19450919,1800,,EX,45.1N,65.0W,25,,,,,,,,,,,,,
AL,UNNAMED,1945,9,39,19450920,0,,EX,45.6N,60.6W,30,,,,,,,,,,,,,
AL,UNNAMED,1945,9,39,19450920,600,,EX,46.3N,54.8W,30,,,,,,,,,,,,,
AL,UNNAMED,1945,9,39,19450920,1200,,EX,47.0N,49.0W,35,,,,,,,,,,,,,
AL,UNNAMED,1945,9,39,19450920,1800,,EX,47.9N,46.1W,35,,,,,,,,,,,,,
AL,UNNAMED,1945,10,22,19451002,600,,TS,15.5N,81.0W,40,,,,,,,,,,,,,
AL,UNNAMED,1945,10,22,19451002,1200,,TS,15.6N,81.5W,50,,,,,,,,,,,,,
AL,UNNAMED,1945,10,22,19451002,1800,,TS,15.8N,82.0W,60,,,,,,,,,,,,,
AL,UNNAMED,1945,10,22,19451003,0,,HU,16.1N,82.5W,65,,,,,,,,,,,,,
AL,UNNAMED,1945,10,22,19451003,600,,HU,16.4N,83.1W,70,,,,,,,,,,,,,
AL,UNNAMED,1945,10,22,19451003,1200,,HU,16.6N,83.8W,70,987,,,,,,,,,,,,
AL,UNNAMED,1945,10,22,19451003,1800,,HU,16.8N,84.9W,75,982,,,,,,,,,,,,
AL,UNNAMED,1945,10,22,19451004,0,,HU,16.6N,86.1W,80,,,,,,,,,,,,,
AL,UNNAMED,1945,10,22,19451004,600,,HU,16.4N,87.4W,80,,,,,,,,,,,,,
AL,UNNAMED,1945,10,22,19451004,1200,,HU,16.2N,88.7W,80,,,,,,,,,,,,,
AL,UNNAMED,1945,10,22,19451004,1800,,TS,16.0N,90.0W,55,,,,,,,,,,,,,
AL,UNNAMED,1945,10,22,19451005,0,,TS,15.8N,91.3W,35,,,,,,,,,,,,,
AL,UNNAMED,1945,10,22,19451005,600,,TD,15.7N,92.6W,30,,,,,,,,,,,,,
AL,UNNAMED,1945,10,22,19451005,1200,,TD,15.5N,94.0W,30,,,,,,,,,,,,,
AL,UNNAMED,1945,10,22,19451005,1800,,TD,15.5N,95.7W,30,,,,,,,,,,,,,
AL,UNNAMED,1945,10,22,19451006,0,,TD,15.8N,97.7W,30,,,,,,,,,,,,,
AL,UNNAMED,1945,10,22,19451006,600,,TD,16.3N,99.7W,30,,,,,,,,,,,,,
AL,UNNAMED,1945,10,22,19451006,1200,,TD,17.0N,101.5W,30,,,,,,,,,,,,,
AL,UNNAMED,1945,10,22,19451006,1800,,TD,18.0N,102.7W,30,,,,,,,,,,,,,
AL,UNNAMED,1945,10,22,19451007,0,,TD,19.3N,103.5W,30,,,,,,,,,,,,,
AL,UNNAMED,1945,10,22,19451007,600,,TD,21.0N,104.1W,30,,,,,,,,,,,,,
AL,UNNAMED,1945,10,22,19451007,1200,,TD,23.0N,104.5W,25,,,,,,,,,,,,,
AL,UNNAMED,1945,11,26,19451010,1200,,TD,14.0N,77.9W,30,,,,,,,,,,,,,
AL,UNNAMED,1945,11,26,19451010,1800,,TD,14.9N,78.0W,30,,,,,,,,,,,,,
AL,UNNAMED,1945,11,26,19451011,0,,TS,15.8N,78.9W,35,,,,,,,,,,,,,
AL,UNNAMED,1945,11,26,19451011,600,,TS,16.8N,79.8W,35,,,,,,,,,,,,,
AL,UNNAMED,1945,11,26,19451011,1200,,TS,17.8N,80.3W,45,,,,,,,,,,,,,
AL,UNNAMED,1945,11,26,19451011,1800,,TS,18.8N,80.3W,55,,,,,,,,,,,,,
AL,UNNAMED,1945,11,26,19451012,0,,HU,19.6N,80.2W,65,,,,,,,,,,,,,
AL,UNNAMED,1945,11,26,19451012,600,,HU,20.5N,79.8W,75,,,,,,,,,,,,,
AL,UNNAMED,1945,11,26,19451012,1200,,HU,21.6N,79.3W,85,,,,,,,,,,,,,
AL,UNNAMED,1945,11,26,19451012,1800,,HU,22.9N,78.6W,80,,,,,,,,,,,,,
AL,UNNAMED,1945,11,26,19451013,0,,HU,24.2N,77.2W,80,,,,,,,,,,,,,
AL,UNNAMED,1945,11,26,19451013,600,,HU,25.6N,75.8W,75,982,,,,,,,,,,,,
AL,UNNAMED,1945,11,26,19451013,1200,,HU,27.2N,73.8W,70,,,,,,,,,,,,,
AL,UNNAMED,1945,11,26,19451013,1800,,HU,28.5N,70.5W,65,,,,,,,,,,,,,
AL,UNNAMED,1945,11,26,19451014,0,,EX,29.9N,68.0W,65,,,,,,,,,,,,,
AL,UNNAMED,1945,11,26,19451014,600,,EX,31.2N,64.2W,55,,,,,,,,,,,,,
AL,UNNAMED,1945,11,26,19451014,1200,,EX,32.4N,60.5W,40,,,,,,,,,,,,,
AL,UNNAMED,1945,11,26,19451014,1800,,EX,33.2N,57.5W,35,,,,,,,,,,,,,
AL,UNNAMED,1945,11,26,19451015,0,,EX,34.0N,54.5W,35,,,,,,,,,,,,,
AL,UNNAMED,1945,11,26,19451015,600,,EX,34.9N,50.5W,35,,,,,,,,,,,,,
AL,UNNAMED,1945,11,26,19451015,1200,,EX,35.8N,45.5W,35,,,,,,,,,,,,,
AL,UNNAMED,1945,11,26,19451015,1800,,EX,36.7N,42.2W,35,,,,,,,,,,,,,
AL,UNNAMED,1945,11,26,19451016,0,,EX,37.2N,40.0W,30,,,,,,,,,,,,,
AL,UNNAMED,1945,11,26,19451016,600,,EX,37.8N,37.7W,30,,,,,,,,,,,,,
AL,UNNAMED,1945,11,26,19451016,1200,,EX,38.3N,35.0W,30,,,,,,,,,,,,,
AL,UNNAMED,1945,11,26,19451016,1800,,EX,39.0N,32.2W,30,,,,,,,,,,,,,
AL,UNNAMED,1946,1,14,19460613,1200,,TD,27.5N,86.5W,25,,,,,,,,,,,,,
AL,UNNAMED,1946,1,14,19460613,1800,,TD,27.8N,86.8W,30,,,,,,,,,,,,,
AL,UNNAMED,1946,1,14,19460614,0,,TD,28.1N,87.2W,30,,,,,,,,,,,,,
AL,UNNAMED,1946,1,14,19460614,600,,TS,28.4N,87.6W,35,,,,,,,,,,,,,
AL,UNNAMED,1946,1,14,19460614,1200,,TS,28.6N,88.0W,35,,,,,,,,,,,,,
AL,UNNAMED,1946,1,14,19460614,1800,,TS,28.7N,88.7W,35,,,,,,,,,,,,,
AL,UNNAMED,1946,1,14,19460615,0,,TS,28.7N,89.5W,35,,,,,,,,,,,,,
AL,UNNAMED,1946,1,14,19460615,600,,TS,28.8N,90.3W,35,,,,,,,,,,,,,
AL,UNNAMED,1946,1,14,19460615,1200,,TS,28.8N,91.0W,35,,,,,,,,,,,,,
AL,UNNAMED,1946,1,14,19460615,1800,,TS,28.9N,91.7W,35,,,,,,,,,,,,,
AL,UNNAMED,1946,1,14,19460616,0,,TD,29.1N,92.4W,30,,,,,,,,,,,,,
AL,UNNAMED,1946,1,14,19460616,600,,TD,29.4N,93.1W,30,,,,,,,,,,,,,
AL,UNNAMED,1946,1,14,19460616,1200,,TD,29.7N,93.8W,25,,,,,,,,,,,,,
AL,UNNAMED,1946,1,14,19460616,1800,,TD,30.1N,94.8W,20,,,,,,,,,,,,,
AL,UNNAMED,1946,2,24,19460705,600,,EX,31.4N,79.3W,30,,,,,,,,,,,,,
AL,UNNAMED,1946,2,24,19460705,1200,,EX,32.0N,79.2W,30,,,,,,,,,,,,,
AL,UNNAMED,1946,2,24,19460705,1800,,EX,32.6N,78.9W,35,,,,,,,,,,,,,
AL,UNNAMED,1946,2,24,19460706,0,,TS,33.2N,78.6W,40,,,,,,,,,,,,,
AL,UNNAMED,1946,2,24,19460706,600,,TS,33.7N,78.3W,45,,,,,,,,,,,,,
AL,UNNAMED,1946,2,24,19460706,800,L,TS,33.9N,78.2W,45,,,,,,,,,,,,,
AL,UNNAMED,1946,2,24,19460706,1200,,TS,34.4N,78.0W,45,1005,,,,,,,,,,,,
AL,UNNAMED,1946,2,24,19460706,1800,,TS,35.1N,77.0W,45,,,,,,,,,,,,,
AL,UNNAMED,1946,2,24,19460707,0,,TS,35.8N,75.6W,45,,,,,,,,,,,,,
AL,UNNAMED,1946,2,24,19460707,600,,TS,36.8N,73.6W,55,,,,,,,,,,,,,
AL,UNNAMED,1946,2,24,19460707,1200,,HU,37.8N,72.1W,65,,,,,,,,,,,,,
AL,UNNAMED,1946,2,24,19460707,1800,,HU,38.2N,70.6W,70,,,,,,,,,,,,,
AL,UNNAMED,1946,2,24,19460708,0,,HU,38.2N,69.1W,70,,,,,,,,,,,,,
AL,UNNAMED,1946,2,24,19460708,600,,HU,38.1N,67.6W,70,,,,,,,,,,,,,
AL,UNNAMED,1946,2,24,19460708,1200,,HU,38.0N,66.0W,70,,,,,,,,,,,,,
AL,UNNAMED,1946,2,24,19460708,1800,,HU,38.0N,64.2W,70,,,,,,,,,,,,,
AL,UNNAMED,1946,2,24,19460709,0,,EX,38.4N,62.2W,65,,,,,,,,,,,,,
AL,UNNAMED,1946,2,24,19460709,600,,EX,39.1N,60.2W,60,,,,,,,,,,,,,
AL,UNNAMED,1946,2,24,19460709,1200,,EX,40.0N,58.5W,55,,,,,,,,,,,,,
AL,UNNAMED,1946,2,24,19460709,1800,,EX,41.0N,57.2W,50,,,,,,,,,,,,,
AL,UNNAMED,1946,2,24,19460710,0,,EX,42.1N,56.0W,45,,,,,,,,,,,,,
AL,UNNAMED,1946,2,24,19460710,600,,EX,43.3N,55.0W,40,,,,,,,,,,,,,
AL,UNNAMED,1946,2,24,19460710,1200,,EX,44.8N,54.0W,40,,,,,,,,,,,,,
AL,UNNAMED,1946,2,24,19460710,1800,,EX,46.5N,53.0W,35,,,,,,,,,,,,,
AL,UNNAMED,1946,3,6,19460825,0,,TS,21.0N,94.0W,35,,,,,,,,,,,,,
AL,UNNAMED,1946,3,6,19460825,600,,TS,21.2N,94.8W,35,,,,,,,,,,,,,
AL,UNNAMED,1946,3,6,19460825,1200,,TS,21.5N,96.0W,35,,,,,,,,,,,,,
AL,UNNAMED,1946,3,6,19460825,1800,,TS,22.0N,97.6W,35,,,,,,,,,,,,,
AL,UNNAMED,1946,3,6,19460825,1900,L,TS,22.1N,97.8W,35,,,,,,,,,,,,,
AL,UNNAMED,1946,3,6,19460826,0,,TD,22.5N,99.5W,30,,,,,,,,,,,,,
AL,UNNAMED,1946,4,26,19460912,0,,TS,23.5N,79.0W,35,,,,,,,,,,,,,
AL,UNNAMED,1946,4,26,19460912,600,,TS,24.0N,79.2W,40,,,,,,,,,,,,,
AL,UNNAMED,1946,4,26,19460912,1200,,TS,24.5N,78.7W,50,,,,,,,,,,,,,
AL,UNNAMED,1946,4,26,19460912,1700,L,TS,25.0N,78.2W,55,,,,,,,,,,,,,
AL,UNNAMED,1946,4,26,19460912,1800,,TS,25.2N,78.0W,55,,,,,,,,,,,,,
AL,UNNAMED,1946,4,26,19460912,2300,L,TS,25.9N,77.3W,65,,,,,,,,,,,,,
AL,UNNAMED,1946,4,26,19460913,0,,HU,26.0N,77.2W,65,,,,,,,,,,,,,
AL,UNNAMED,1946,4,26,19460913,600,,HU,26.9N,76.3W,75,,,,,,,,,,,,,
AL,UNNAMED,1946,4,26,19460913,1200,,HU,27.8N,75.2W,85,,,,,,,,,,,,,
AL,UNNAMED,1946,4,26,19460913,1800,,HU,29.2N,73.8W,85,975,,,,,,,,,,,,
AL,UNNAMED,1946,4,26,19460914,0,,HU,30.8N,72.5W,80,,,,,,,,,,,,,
AL,UNNAMED,1946,4,26,19460914,600,,HU,32.7N,71.3W,80,,,,,,,,,,,,,
AL,UNNAMED,1946,4,26,19460914,1200,,HU,34.8N,70.2W,75,,,,,,,,,,,,,
AL,UNNAMED,1946,4,26,19460914,1800,,HU,36.9N,69.0W,70,,,,,,,,,,,,,
AL,UNNAMED,1946,4,26,19460915,0,,TS,39.0N,67.5W,60,,,,,,,,,,,,,
AL,UNNAMED,1946,4,26,19460915,600,,EX,41.0N,66.0W,55,,,,,,,,,,,,,
AL,UNNAMED,1946,4,26,19460915,1200,,EX,43.0N,64.2W,50,,,,,,,,,,,,,
AL,UNNAMED,1946,4,26,19460915,1800,,EX,44.8N,61.5W,50,,,,,,,,,,,,,
AL,UNNAMED,1946,4,26,19460916,0,,EX,46.5N,58.5W,50,,,,,,,,,,,,,
AL,UNNAMED,1946,4,26,19460916,600,,EX,48.7N,54.2W,50,,,,,,,,,,,,,
AL,UNNAMED,1946,4,26,19460916,1200,,EX,49.7N,50.4W,45,,,,,,,,,,,,,
AL,UNNAMED,1946,4,26,19460916,1800,,EX,50.1N,46.8W,45,,,,,,,,,,,,,
AL,UNNAMED,1946,4,26,19460917,0,,EX,50.4N,43.2W,45,,,,,,,,,,,,,
AL,UNNAMED,1946,4,26,19460917,600,,EX,50.8N,39.1W,45,,,,,,,,,,,,,
AL,UNNAMED,1946,4,26,19460917,1200,,EX,51.5N,35.0W,40,,,,,,,,,,,,,
AL,UNNAMED,1946,4,26,19460917,1800,,EX,52.5N,30.5W,35,,,,,,,,,,,,,
AL,UNNAMED,1946,5,20,19461001,1200,,TD,32.5N,36.5W,30,,,,,,,,,,,,,
AL,UNNAMED,1946,5,20,19461001,1800,,TS,32.7N,36.3W,35,,,,,,,,,,,,,
AL,UNNAMED,1946,5,20,19461002,0,,TS,33.0N,36.0W,40,,,,,,,,,,,,,
AL,UNNAMED,1946,5,20,19461002,600,,TS,33.2N,35.4W,45,,,,,,,,,,,,,
AL,UNNAMED,1946,5,20,19461002,1200,,TS,33.5N,34.5W,50,,,,,,,,,,,,,
AL,UNNAMED,1946,5,20,19461002,1800,,TS,33.7N,33.3W,50,,,,,,,,,,,,,
AL,UNNAMED,1946,5,20,19461003,0,,TS,33.9N,31.8W,50,,,,,,,,,,,,,
AL,UNNAMED,1946,5,20,19461003,600,,TS,34.2N,30.3W,50,,,,,,,,,,,,,
AL,UNNAMED,1946,5,20,19461003,1200,,EX,34.5N,29.5W,55,,,,,,,,,,,,,
AL,UNNAMED,1946,5,20,19461003,1800,,EX,35.0N,29.2W,60,,,,,,,,,,,,,
AL,UNNAMED,1946,5,20,19461004,0,,EX,35.6N,29.2W,65,,,,,,,,,,,,,
AL,UNNAMED,1946,5,20,19461004,600,,EX,36.3N,29.2W,70,,,,,,,,,,,,,
AL,UNNAMED,1946,5,20,19461004,1200,,EX,37.0N,29.5W,75,,,,,,,,,,,,,
AL,UNNAMED,1946,5,20,19461004,1800,,EX,37.7N,29.7W,80,,,,,,,,,,,,,
AL,UNNAMED,1946,5,20,19461005,0,,EX,38.2N,29.7W,80,,,,,,,,,,,,,
AL,UNNAMED,1946,5,20,19461005,600,,EX,38.8N,29.5W,75,,,,,,,,,,,,,
AL,UNNAMED,1946,5,20,19461005,1200,,EX,39.5N,29.0W,70,,,,,,,,,,,,,
AL,UNNAMED,1946,5,20,19461005,1800,,EX,40.5N,28.3W,65,,,,,,,,,,,,,
AL,UNNAMED,1946,5,20,19461006,0,,EX,41.7N,27.5W,60,,,,,,,,,,,,,
AL,UNNAMED,1946,5,20,19461006,600,,EX,43.0N,26.5W,55,,,,,,,,,,,,,
AL,UNNAMED,1946,6,39,19461005,1800,,TS,18.2N,87.5W,35,,,,,,,,,,,,,
AL,UNNAMED,1946,6,39,19461006,0,,TS,18.8N,86.7W,45,,,,,,,,,,,,,
AL,UNNAMED,1946,6,39,19461006,600,,TS,19.4N,86.0W,55,,,,,,,,,,,,,
AL,UNNAMED,1946,6,39,19461006,1200,,HU,20.0N,85.2W,65,993,,,,,,,,,,,,
AL,UNNAMED,1946,6,39,19461006,1800,,HU,20.7N,84.5W,75,,,,,,,,,,,,,
AL,UNNAMED,1946,6,39,19461007,0,,HU,21.5N,84.1W,80,,,,,,,,,,,,,
AL,UNNAMED,1946,6,39,19461007,400,L,HU,22.2N,83.9W,80,977,,,,,,,,,,,,
AL,UNNAMED,1946,6,39,19461007,600,,HU,22.5N,83.8W,80,977,,,,,,,,,,,,
AL,UNNAMED,1946,6,39,19461007,1200,,HU,23.7N,83.6W,85,,,,,,,,,,,,,
AL,UNNAMED,1946,6,39,19461007,1800,,HU,25.4N,83.3W,80,979,,,,,,,,,,,,
AL,UNNAMED,1946,6,39,19461008,0,,HU,27.0N,82.9W,75,980,,,,,,,,,,,,
AL,UNNAMED,1946,6,39,19461008,200,L,HU,27.5N,82.6W,75,980,,,,,,,,,,,,
AL,UNNAMED,1946,6,39,19461008,600,,HU,28.6N,82.5W,65,,,,,,,,,,,,,
AL,UNNAMED,1946,6,39,19461008,1200,,TS,30.8N,82.1W,55,,,,,,,,,,,,,
AL,UNNAMED,1946,6,39,19461008,1800,,TS,32.5N,81.7W,50,,,,,,,,,,,,,
AL,UNNAMED,1946,6,39,19461009,0,,TS,33.5N,81.6W,40,,,,,,,,,,,,,
AL,UNNAMED,1946,6,39,19461009,600,,EX,34.0N,81.3W,35,,,,,,,,,,,,,
AL,UNNAMED,1946,6,39,19461009,1200,,EX,34.3N,80.6W,30,,,,,,,,,,,,,
AL,UNNAMED,1946,6,39,19461009,1800,,EX,34.7N,78.8W,30,,,,,,,,,,,,,
AL,UNNAMED,1946,6,39,19461010,0,,EX,35.3N,76.8W,30,,,,,,,,,,,,,
AL,UNNAMED,1946,6,39,19461010,600,,EX,35.9N,75.0W,35,,,,,,,,,,,,,
AL,UNNAMED,1946,6,39,19461010,1200,,EX,36.2N,73.3W,40,,,,,,,,,,,,,
AL,UNNAMED,1946,6,39,19461010,1800,,EX,35.9N,71.0W,40,,,,,,,,,,,,,
AL,UNNAMED,1946,6,39,19461011,0,,EX,35.3N,67.7W,35,,,,,,,,,,,,,
AL,UNNAMED,1946,6,39,19461011,600,,EX,34.5N,65.0W,35,,,,,,,,,,,,,
AL,UNNAMED,1946,6,39,19461011,1200,,EX,33.8N,63.5W,30,,,,,,,,,,,,,
AL,UNNAMED,1946,6,39,19461011,1800,,EX,33.2N,62.7W,25,,,,,,,,,,,,,
AL,UNNAMED,1946,6,39,19461012,0,,EX,32.6N,62.1W,25,,,,,,,,,,,,,
AL,UNNAMED,1946,6,39,19461012,600,,EX,32.1N,61.7W,25,,,,,,,,,,,,,
AL,UNNAMED,1946,6,39,19461012,1200,,EX,31.5N,61.4W,25,,,,,,,,,,,,,
AL,UNNAMED,1946,6,39,19461012,1800,,EX,30.4N,61.2W,25,,,,,,,,,,,,,
AL,UNNAMED,1946,6,39,19461013,0,,EX,29.2N,61.3W,25,,,,,,,,,,,,,
AL,UNNAMED,1946,6,39,19461013,600,,EX,28.1N,62.0W,25,,,,,,,,,,,,,
AL,UNNAMED,1946,6,39,19461013,1200,,EX,27.2N,62.9W,25,,,,,,,,,,,,,
AL,UNNAMED,1946,6,39,19461013,1800,,EX,26.6N,64.0W,25,,,,,,,,,,,,,
AL,UNNAMED,1946,6,39,19461014,0,,EX,26.2N,65.2W,25,,,,,,,,,,,,,
AL,UNNAMED,1946,6,39,19461014,600,,EX,25.8N,66.5W,25,,,,,,,,,,,,,
AL,UNNAMED,1946,6,39,19461014,1200,,EX,25.5N,68.0W,25,,,,,,,,,,,,,
AL,UNNAMED,1946,6,39,19461014,1800,,EX,25.3N,69.5W,25,,,,,,,,,,,,,
AL,UNNAMED,1946,7,13,19461031,1800,,TD,21.9N,73.5W,30,,,,,,,,,,,,,
AL,UNNAMED,1946,7,13,19461101,0,,TS,23.0N,75.3W,35,,,,,,,,,,,,,
AL,UNNAMED,1946,7,13,19461101,300,L,TS,23.4N,75.8W,35,,,,,,,,,,,,,
AL,UNNAMED,1946,7,13,19461101,600,,TS,23.9N,76.5W,40,,,,,,,,,,,,,
AL,UNNAMED,1946,7,13,19461101,1200,L,TS,24.6N,77.8W,40,,,,,,,,,,,,,
AL,UNNAMED,1946,7,13,19461101,1800,,TS,25.8N,79.3W,40,1002,,,,,,,,,,,,
AL,UNNAMED,1946,7,13,19461101,2200,L,TS,26.6N,80.1W,40,1002,,,,,,,,,,,,
AL,UNNAMED,1946,7,13,19461102,0,,TS,26.8N,80.3W,35,,,,,,,,,,,,,
AL,UNNAMED,1946,7,13,19461102,600,,TD,27.7N,81.2W,30,,,,,,,,,,,,,
AL,UNNAMED,1946,7,13,19461102,1200,,TD,28.5N,81.8W,25,,,,,,,,,,,,,
AL,UNNAMED,1946,7,13,19461102,1800,,TD,29.1N,82.0W,25,,,,,,,,,,,,,
AL,UNNAMED,1946,7,13,19461103,0,,TD,29.7N,81.8W,20,,,,,,,,,,,,,
AL,UNNAMED,1946,7,13,19461103,600,,TD,30.9N,80.7W,20,,,,,,,,,,,,,
AL,UNNAMED,1947,1,10,19470731,600,,TD,19.5N,93.6W,30,,,,,,,,,,,,,
AL,UNNAMED,1947,1,10,19470731,1200,,TS,20.2N,93.8W,35,,,,,,,,,,,,,
AL,UNNAMED,1947,1,10,19470731,1800,,TS,21.0N,94.0W,35,,,,,,,,,,,,,
AL,UNNAMED,1947,1,10,19470801,0,,TS,22.0N,94.3W,35,,,,,,,,,,,,,
AL,UNNAMED,1947,1,10,19470801,600,,TS,23.0N,94.7W,35,,,,,,,,,,,,,
AL,UNNAMED,1947,1,10,19470801,1200,,TS,24.1N,95.4W,35,,,,,,,,,,,,,
AL,UNNAMED,1947,1,10,19470801,1800,,TS,24.9N,96.3W,40,,,,,,,,,,,,,
AL,UNNAMED,1947,1,10,19470802,0,L,TS,25.6N,97.3W,45,,,,,,,,,,,,,
AL,UNNAMED,1947,1,10,19470802,600,,TS,26.0N,98.1W,40,,,,,,,,,,,,,
AL,UNNAMED,1947,1,10,19470802,1200,,TD,26.1N,98.5W,30,,,,,,,,,,,,,
AL,UNNAMED,1947,2,31,19470809,600,,TD,12.7N,75.5W,25,,,,,,,,,,,,,
AL,UNNAMED,1947,2,31,19470809,1200,,TD,13.0N,76.2W,25,,,,,,,,,,,,,
AL,UNNAMED,1947,2,31,19470809,1800,,TD,13.3N,76.9W,25,,,,,,,,,,,,,
AL,UNNAMED,1947,2,31,19470810,0,,TD,13.7N,77.6W,25,,,,,,,,,,,,,
AL,UNNAMED,1947,2,31,19470810,600,,TD,14.1N,78.3W,25,,,,,,,,,,,,,
AL,UNNAMED,1947,2,31,19470810,1200,,TD,14.5N,79.0W,25,,,,,,,,,,,,,
AL,UNNAMED,1947,2,31,19470810,1800,,TD,15.0N,79.7W,25,,,,,,,,,,,,,
AL,UNNAMED,1947,2,31,19470811,0,,TD,15.5N,80.4W,30,,,,,,,,,,,,,
AL,UNNAMED,1947,2,31,19470811,600,,TD,16.0N,81.2W,30,,,,,,,,,,,,,
AL,UNNAMED,1947,2,31,19470811,1200,,TD,16.5N,82.0W,30,,,,,,,,,,,,,
AL,UNNAMED,1947,2,31,19470811,1800,,TD,17.2N,83.0W,30,,,,,,,,,,,,,
AL,UNNAMED,1947,2,31,19470812,0,,TS,18.1N,84.2W,35,,,,,,,,,,,,,
AL,UNNAMED,1947,2,31,19470812,600,,TS,19.1N,85.4W,40,,,,,,,,,,,,,
AL,UNNAMED,1947,2,31,19470812,1200,,TS,19.7N,86.6W,45,,,,,,,,,,,,,
AL,UNNAMED,1947,2,31,19470812,1600,L,TS,19.9N,87.5W,45,,,,,,,,,,,,,
AL,UNNAMED,1947,2,31,19470812,1800,,TS,20.0N,87.9W,40,,,,,,,,,,,,,
AL,UNNAMED,1947,2,31,19470813,0,,TS,20.3N,89.3W,40,,,,,,,,,,,,,
AL,UNNAMED,1947,2,31,19470813,600,,TS,20.6N,90.7W,45,,,,,,,,,,,,,
AL,UNNAMED,1947,2,31,19470813,1200,,TS,20.8N,91.9W,50,,,,,,,,,,,,,
AL,UNNAMED,1947,2,31,19470813,1800,,TS,20.8N,92.9W,60,,,,,,,,,,,,,
AL,UNNAMED,1947,2,31,19470814,0,,HU,20.8N,93.8W,70,,,,,,,,,,,,,
AL,UNNAMED,1947,2,31,19470814,600,,HU,21.1N,94.4W,80,,,,,,,,,,,,,
AL,UNNAMED,1947,2,31,19470814,1200,,HU,21.6N,95.0W,90,,,,,,,,,,,,,
AL,UNNAMED,1947,2,31,19470814,1800,,HU,21.9N,95.8W,90,977,,,,,,,,,,,,
AL,UNNAMED,1947,2,31,19470815,0,,HU,22.0N,96.6W,95,,,,,,,,,,,,,
AL,UNNAMED,1947,2,31,19470815,600,,HU,21.9N,97.2W,95,,,,,,,,,,,,,
AL,UNNAMED,1947,2,31,19470815,1000,L,HU,21.7N,97.5W,95,,,,,,,,,,,,,
AL,UNNAMED,1947,2,31,19470815,1200,,HU,21.6N,97.8W,85,,,,,,,,,,,,,
AL,UNNAMED,1947,2,31,19470815,1800,,HU,21.3N,98.3W,65,,,,,,,,,,,,,
AL,UNNAMED,1947,2,31,19470816,0,,TS,21.0N,98.6W,45,,,,,,,,,,,,,
AL,UNNAMED,1947,2,31,19470816,600,,TD,20.3N,98.8W,30,,,,,,,,,,,,,
AL,UNNAMED,1947,3,39,19470818,1800,,TD,23.3N,82.0W,30,,,,,,,,,,,,,
AL,UNNAMED,1947,3,39,19470819,0,,TD,23.0N,82.7W,30,,,,,,,,,,,,,
AL,UNNAMED,1947,3,39,19470819,600,,TS,23.0N,83.3W,35,,,,,,,,,,,,,
AL,UNNAMED,1947,3,39,19470819,1200,,TS,23.4N,83.9W,40,,,,,,,,,,,,,
AL,UNNAMED,1947,3,39,19470819,1800,,TS,24.1N,84.4W,45,,,,,,,,,,,,,
AL,UNNAMED,1947,3,39,19470820,0,,TS,24.1N,85.4W,45,,,,,,,,,,,,,
AL,UNNAMED,1947,3,39,19470820,600,,TS,24.2N,86.3W,45,,,,,,,,,,,,,
AL,UNNAMED,1947,3,39,19470820,1200,,TS,24.4N,87.0W,40,,,,,,,,,,,,,
AL,UNNAMED,1947,3,39,19470820,1800,,TS,24.6N,87.3W,40,,,,,,,,,,,,,
AL,UNNAMED,1947,3,39,19470821,0,,TS,25.2N,87.5W,40,,,,,,,,,,,,,
AL,UNNAMED,1947,3,39,19470821,600,,TS,26.0N,87.7W,40,,,,,,,,,,,,,
AL,UNNAMED,1947,3,39,19470821,1200,,TS,26.8N,88.0W,40,,,,,,,,,,,,,
AL,UNNAMED,1947,3,39,19470821,1800,,TS,27.7N,88.4W,40,,,,,,,,,,,,,
AL,UNNAMED,1947,3,39,19470822,0,,TS,28.3N,89.2W,40,1004,,,,,,,,,,,,
AL,UNNAMED,1947,3,39,19470822,600,,TS,28.6N,89.8W,40,,,,,,,,,,,,,
AL,UNNAMED,1947,3,39,19470822,1200,,TS,28.9N,90.2W,40,,,,,,,,,,,,,
AL,UNNAMED,1947,3,39,19470822,1400,L,TS,29.1N,90.3W,40,,,,,,,,,,,,,
AL,UNNAMED,1947,3,39,19470822,1800,,TS,29.4N,90.8W,35,,,,,,,,,,,,,
AL,UNNAMED,1947,3,39,19470823,0,,TS,29.0N,91.3W,35,,,,,,,,,,,,,
AL,UNNAMED,1947,3,39,19470823,600,,TS,28.4N,91.7W,40,,,,,,,,,,,,,
AL,UNNAMED,1947,3,39,19470823,1200,,TS,27.9N,92.3W,45,,,,,,,,,,,,,
AL,UNNAMED,1947,3,39,19470823,1800,,TS,28.0N,92.9W,55,,,,,,,,,,,,,
AL,UNNAMED,1947,3,39,19470824,0,,TS,28.3N,93.5W,60,,,,,,,,,,,,,
AL,UNNAMED,1947,3,39,19470824,600,,HU,28.6N,93.9W,65,,,,,,,,,,,,,
AL,UNNAMED,1947,3,39,19470824,1200,,HU,28.9N,94.1W,70,,,,,,,,,,,,,
AL,UNNAMED,1947,3,39,19470824,1800,,HU,29.1N,94.5W,70,984,,,,,,,,,,,,
AL,UNNAMED,1947,3,39,19470824,2200,L,HU,29.2N,94.9W,70,984,,,,,,,,,,,,
AL,UNNAMED,1947,3,39,19470825,0,,HU,29.3N,95.0W,65,,,,,,,,,,,,,
AL,UNNAMED,1947,3,39,19470825,600,,TS,29.6N,95.5W,50,,,,,,,,,,,,,
AL,UNNAMED,1947,3,39,19470825,1200,,TS,30.0N,96.0W,35,,,,,,,,,,,,,
AL,UNNAMED,1947,3,39,19470825,1800,,TD,30.4N,96.5W,30,,,,,,,,,,,,,
AL,UNNAMED,1947,3,39,19470826,0,,TD,30.8N,97.0W,30,,,,,,,,,,,,,
AL,UNNAMED,1947,3,39,19470826,600,,TD,31.2N,97.3W,25,,,,,,,,,,,,,
AL,UNNAMED,1947,3,39,19470826,1200,,TD,31.6N,97.6W,20,,,,,,,,,,,,,
AL,UNNAMED,1947,3,39,19470826,1800,,TD,32.0N,97.9W,20,,,,,,,,,,,,,
AL,UNNAMED,1947,3,39,19470827,0,,TD,32.4N,98.1W,20,,,,,,,,,,,,,
AL,UNNAMED,1947,3,39,19470827,600,,TD,33.0N,98.0W,20,,,,,,,,,,,,,
AL,UNNAMED,1947,3,39,19470827,1200,,TD,33.8N,97.9W,15,,,,,,,,,,,,,
AL,UNNAMED,1947,3,39,19470827,1800,,TD,35.0N,97.9W,15,,,,,,,,,,,,,
AL,UNNAMED,1947,4,73,19470904,600,,TD,14.5N,20.1W,30,,,,,,,,,,,,,
AL,UNNAMED,1947,4,73,19470904,1200,,TD,14.3N,21.5W,30,,,,,,,,,,,,,
AL,UNNAMED,1947,4,73,19470904,1800,,TD,14.2N,22.8W,30,,,,,,,,,,,,,
AL,UNNAMED,1947,4,73,19470905,0,,TS,14.1N,24.0W,35,,,,,,,,,,,,,
AL,UNNAMED,1947,4,73,19470905,600,,TS,14.0N,25.0W,35,,,,,,,,,,,,,
AL,UNNAMED,1947,4,73,19470905,1200,,TS,14.0N,26.1W,40,,,,,,,,,,,,,
AL,UNNAMED,1947,4,73,19470905,1800,,TS,14.0N,27.1W,40,,,,,,,,,,,,,
AL,UNNAMED,1947,4,73,19470906,0,,TS,14.1N,28.2W,45,,,,,,,,,,,,,
AL,UNNAMED,1947,4,73,19470906,600,,TS,14.2N,29.3W,45,,,,,,,,,,,,,
AL,UNNAMED,1947,4,73,19470906,1200,,TS,14.3N,30.4W,50,,,,,,,,,,,,,
AL,UNNAMED,1947,4,73,19470906,1800,,TS,14.3N,31.5W,50,,,,,,,,,,,,,
AL,UNNAMED,1947,4,73,19470907,0,,TS,14.2N,32.6W,50,,,,,,,,,,,,,
AL,UNNAMED,1947,4,73,19470907,600,,TS,14.1N,33.7W,50,,,,,,,,,,,,,
AL,UNNAMED,1947,4,73,19470907,1200,,TS,14.0N,34.8W,50,,,,,,,,,,,,,
AL,UNNAMED,1947,4,73,19470907,1800,,TS,13.9N,36.0W,50,,,,,,,,,,,,,
AL,UNNAMED,1947,4,73,19470908,0,,TS,13.8N,37.2W,50,,,,,,,,,,,,,
AL,UNNAMED,1947,4,73,19470908,600,,TS,13.7N,38.5W,50,,,,,,,,,,,,,
AL,UNNAMED,1947,4,73,19470908,1200,,TS,13.6N,39.8W,50,,,,,,,,,,,,,
AL,UNNAMED,1947,4,73,19470908,1800,,TS,13.5N,41.0W,50,,,,,,,,,,,,,
AL,UNNAMED,1947,4,73,19470909,0,,TS,13.4N,42.0W,50,,,,,,,,,,,,,
AL,UNNAMED,1947,4,73,19470909,600,,TS,13.3N,42.9W,50,,,,,,,,,,,,,
AL,UNNAMED,1947,4,73,19470909,1200,,TS,13.2N,43.8W,50,,,,,,,,,,,,,
AL,UNNAMED,1947,4,73,19470909,1800,,TS,13.2N,44.8W,50,,,,,,,,,,,,,
AL,UNNAMED,1947,4,73,19470910,0,,TS,13.3N,45.7W,50,,,,,,,,,,,,,
AL,UNNAMED,1947,4,73,19470910,600,,TS,13.5N,46.7W,50,,,,,,,,,,,,,
AL,UNNAMED,1947,4,73,19470910,1200,,TS,13.8N,47.6W,50,,,,,,,,,,,,,
AL,UNNAMED,1947,4,73,19470910,1800,,TS,14.1N,48.4W,50,,,,,,,,,,,,,
AL,UNNAMED,1947,4,73,19470911,0,,TS,14.4N,49.0W,50,,,,,,,,,,,,,
AL,UNNAMED,1947,4,73,19470911,600,,TS,14.8N,49.8W,50,,,,,,,,,,,,,
AL,UNNAMED,1947,4,73,19470911,1200,,TS,15.2N,51.0W,50,999,,,,,,,,,,,,
AL,UNNAMED,1947,4,73,19470911,1800,,TS,15.7N,52.5W,55,,,,,,,,,,,,,
AL,UNNAMED,1947,4,73,19470912,0,,HU,16.3N,54.5W,65,,,,,,,,,,,,,
AL,UNNAMED,1947,4,73,19470912,600,,HU,16.9N,56.5W,75,,,,,,,,,,,,,
AL,UNNAMED,1947,4,73,19470912,1200,,HU,17.6N,58.4W,85,977,,,,,,,,,,,,
AL,UNNAMED,1947,4,73,19470912,1800,,HU,18.6N,60.3W,90,,,,,,,,,,,,,
AL,UNNAMED,1947,4,73,19470913,0,,HU,19.6N,62.2W,95,,,,,,,,,,,,,
AL,UNNAMED,1947,4,73,19470913,600,,HU,20.6N,64.0W,100,,,,,,,,,,,,,
AL,UNNAMED,1947,4,73,19470913,1200,,HU,21.4N,65.4W,105,,,,,,,,,,,,,
AL,UNNAMED,1947,4,73,19470913,1800,,HU,22.0N,66.4W,110,952,,,,,,,,,,,,
AL,UNNAMED,1947,4,73,19470914,0,,HU,22.6N,67.4W,115,,,,,,,,,,,,,
AL,UNNAMED,1947,4,73,19470914,600,,HU,23.2N,68.4W,120,,,,,,,,,,,,,
AL,UNNAMED,1947,4,73,19470914,1200,,HU,23.7N,69.4W,125,,,,,,,,,,,,,
AL,UNNAMED,1947,4,73,19470914,1800,,HU,24.2N,70.4W,125,938,,,,,,,,,,,,
AL,UNNAMED,1947,4,73,19470915,0,,HU,24.8N,71.6W,125,,,,,,,,,,,,,
AL,UNNAMED,1947,4,73,19470915,600,,HU,25.4N,72.8W,125,,,,,,,,,,,,,
AL,UNNAMED,1947,4,73,19470915,1200,,HU,26.0N,73.7W,120,,,,,,,,,,,,,
AL,UNNAMED,1947,4,73,19470915,1800,,HU,26.5N,74.5W,115,,,,,,,,,,,,,
AL,UNNAMED,1947,4,73,19470916,0,,HU,26.7N,75.2W,110,951,,,,,,,,,,,,
AL,UNNAMED,1947,4,73,19470916,600,,HU,26.8N,75.7W,110,,,,,,,,,,,,,
AL,UNNAMED,1947,4,73,19470916,1200,,HU,26.9N,76.2W,105,956,,,,,,,,,,,,
AL,UNNAMED,1947,4,73,19470916,1800,,HU,26.7N,76.9W,105,954,,,,,,,,,,,,
AL,UNNAMED,1947,4,73,19470916,1900,L,HU,26.7N,77.1W,105,954,,,,,,,,,,,,
AL,UNNAMED,1947,4,73,19470917,0,,HU,26.6N,77.8W,105,,,,,,,,,,,,,
AL,UNNAMED,1947,4,73,19470917,600,,HU,26.5N,78.6W,110,,,,,,,,,,,,,
AL,UNNAMED,1947,4,73,19470917,1200,,HU,26.3N,79.5W,115,943,,,,,,,,,,,,
AL,UNNAMED,1947,4,73,19470917,1630,L,HU,26.1N,80.1W,115,943,,,,,,,,,,,,
AL,UNNAMED,1947,4,73,19470917,1800,,HU,26.1N,80.4W,105,951,,,,,,,,,,,,
AL,UNNAMED,1947,4,73,19470918,0,,HU,26.2N,81.3W,90,,,,,,,,,,,,,
AL,UNNAMED,1947,4,73,19470918,600,,HU,26.5N,82.3W,85,,,,,,,,,,,,,
AL,UNNAMED,1947,4,73,19470918,1200,,HU,26.8N,83.4W,85,,,,,,,,,,,,,
AL,UNNAMED,1947,4,73,19470918,1800,,HU,27.2N,84.5W,90,,,,,,,,,,,,,
AL,UNNAMED,1947,4,73,19470919,0,,HU,27.7N,85.7W,95,,,,,,,,,,,,,
AL,UNNAMED,1947,4,73,19470919,600,,HU,28.4N,87.3W,95,,,,,,,,,,,,,
AL,UNNAMED,1947,4,73,19470919,1200,,HU,29.4N,89.0W,95,966,,,,,,,,,,,,
AL,UNNAMED,1947,4,73,19470919,1400,L,HU,29.6N,89.5W,95,966,,,,,,,,,,,,
AL,UNNAMED,1947,4,73,19470919,1800,,HU,30.1N,90.7W,80,970,,,,,,,,,,,,
AL,UNNAMED,1947,4,73,19470920,0,,TS,30.8N,92.2W,60,981,,,,,,,,,,,,
AL,UNNAMED,1947,4,73,19470920,600,,TS,31.6N,93.7W,40,987,,,,,,,,,,,,
AL,UNNAMED,1947,4,73,19470920,1200,,TS,32.7N,95.2W,35,994,,,,,,,,,,,,
AL,UNNAMED,1947,4,73,19470920,1800,,TD,33.7N,95.9W,30,996,,,,,,,,,,,,
AL,UNNAMED,1947,4,73,19470921,0,,TD,35.0N,95.0W,25,997,,,,,,,,,,,,
AL,UNNAMED,1947,4,73,19470921,600,,TD,36.4N,93.3W,20,999,,,,,,,,,,,,
AL,UNNAMED,1947,4,73,19470921,1200,,EX,38.0N,91.5W,20,1000,,,,,,,,,,,,
AL,UNNAMED,1947,5,10,19470907,0,,TD,27.7N,85.6W,25,,,,,,,,,,,,,
AL,UNNAMED,1947,5,10,19470907,600,,TD,27.9N,86.1W,25,,,,,,,,,,,,,
AL,UNNAMED,1947,5,10,19470907,1200,,TD,28.2N,86.7W,30,,,,,,,,,,,,,
AL,UNNAMED,1947,5,10,19470907,1800,,TS,28.5N,87.3W,35,,,,,,,,,,,,,
AL,UNNAMED,1947,5,10,19470908,0,,TS,29.0N,87.6W,40,,,,,,,,,,,,,
AL,UNNAMED,1947,5,10,19470908,600,,TS,29.5N,87.7W,50,,,,,,,,,,,,,
AL,UNNAMED,1947,5,10,19470908,1200,,TS,30.0N,88.0W,45,,,,,,,,,,,,,
AL,UNNAMED,1947,5,10,19470908,1400,L,TS,30.3N,88.2W,45,,,,,,,,,,,,,
AL,UNNAMED,1947,5,10,19470908,1800,,TS,30.7N,88.7W,35,,,,,,,,,,,,,
AL,UNNAMED,1947,5,10,19470909,0,,TD,31.5N,89.5W,25,,,,,,,,,,,,,
AL,UNNAMED,1947,6,27,19470920,600,,TS,19.2N,77.7W,35,,,,,,,,,,,,,
AL,UNNAMED,1947,6,27,19470920,1200,,TS,19.5N,78.7W,35,,,,,,,,,,,,,
AL,UNNAMED,1947,6,27,19470920,1800,,TS,19.7N,79.4W,35,,,,,,,,,,,,,
AL,UNNAMED,1947,6,27,19470921,0,,TS,19.9N,80.0W,35,,,,,,,,,,,,,
AL,UNNAMED,1947,6,27,19470921,600,,TS,20.2N,80.6W,40,,,,,,,,,,,,,
AL,UNNAMED,1947,6,27,19470921,1200,,TS,20.5N,81.2W,40,,,,,,,,,,,,,
AL,UNNAMED,1947,6,27,19470921,1800,,TS,21.1N,82.0W,45,,,,,,,,,,,,,
AL,UNNAMED,1947,6,27,19470921,2200,L,TS,21.6N,82.6W,45,,,,,,,,,,,,,
AL,UNNAMED,1947,6,27,19470922,0,,TS,22.0N,82.8W,45,,,,,,,,,,,,,
AL,UNNAMED,1947,6,27,19470922,300,L,TS,22.5N,83.1W,45,,,,,,,,,,,,,
AL,UNNAMED,1947,6,27,19470922,600,,TS,23.0N,83.3W,45,,,,,,,,,,,,,
AL,UNNAMED,1947,6,27,19470922,1200,,TS,23.8N,83.4W,45,,,,,,,,,,,,,
AL,UNNAMED,1947,6,27,19470922,1800,,TS,24.7N,83.4W,50,993,,,,,,,,,,,,
AL,UNNAMED,1947,6,27,19470923,0,,TS,25.7N,83.4W,50,994,,,,,,,,,,,,
AL,UNNAMED,1947,6,27,19470923,600,,TS,26.7N,83.4W,50,,,,,,,,,,,,,
AL,UNNAMED,1947,6,27,19470923,1200,,TS,27.6N,83.2W,55,,,,,,,,,,,,,
AL,UNNAMED,1947,6,27,19470923,1800,,TS,28.5N,82.9W,55,,,,,,,,,,,,,
AL,UNNAMED,1947,6,27,19470923,2200,L,TS,28.9N,82.7W,55,,,,,,,,,,,,,
AL,UNNAMED,1947,6,27,19470924,0,,EX,29.4N,82.6W,50,987,,,,,,,,,,,,
AL,UNNAMED,1947,6,27,19470924,600,,EX,30.7N,82.1W,45,,,,,,,,,,,,,
AL,UNNAMED,1947,6,27,19470924,1200,,EX,32.4N,81.2W,40,,,,,,,,,,,,,
AL,UNNAMED,1947,6,27,19470924,1800,,EX,33.6N,80.2W,40,,,,,,,,,,,,,
AL,UNNAMED,1947,6,27,19470925,0,,EX,34.6N,78.8W,35,,,,,,,,,,,,,
AL,UNNAMED,1947,6,27,19470925,600,,EX,35.6N,76.9W,35,,,,,,,,,,,,,
AL,UNNAMED,1947,6,27,19470925,1200,,EX,36.6N,74.8W,40,,,,,,,,,,,,,
AL,UNNAMED,1947,6,27,19470925,1800,,EX,37.3N,72.3W,35,,,,,,,,,,,,,
AL,UNNAMED,1947,6,27,19470926,0,,EX,38.0N,68.3W,35,,,,,,,,,,,,,
AL,UNNAMED,1947,7,16,19471005,1800,,EX,25.0N,78.5W,25,,,,,,,,,,,,,
AL,UNNAMED,1947,7,16,19471006,0,,EX,25.9N,78.1W,30,,,,,,,,,,,,,
AL,UNNAMED,1947,7,16,19471006,600,,EX,26.8N,78.0W,35,,,,,,,,,,,,,
AL,UNNAMED,1947,7,16,19471006,1200,,EX,27.8N,78.1W,35,,,,,,,,,,,,,
AL,UNNAMED,1947,7,16,19471006,1800,,EX,28.8N,78.6W,45,,,,,,,,,,,,,
AL,UNNAMED,1947,7,16,19471007,0,,TS,30.2N,80.0W,50,,,,,,,,,,,,,
AL,UNNAMED,1947,7,16,19471007,400,L,TS,30.8N,81.5W,50,,,,,,,,,,,,,
AL,UNNAMED,1947,7,16,19471007,600,,TS,30.9N,82.1W,45,,,,,,,,,,,,,
AL,UNNAMED,1947,7,16,19471007,1200,,TD,30.6N,84.9W,30,,,,,,,,,,,,,
AL,UNNAMED,1947,7,16,19471007,1800,,TD,30.3N,86.0W,30,,,,,,,,,,,,,
AL,UNNAMED,1947,7,16,19471008,0,,TD,29.6N,84.5W,25,,,,,,,,,,,,,
AL,UNNAMED,1947,7,16,19471008,600,,TD,30.0N,83.8W,25,,,,,,,,,,,,,
AL,UNNAMED,1947,7,16,19471008,1200,,TD,31.2N,83.4W,20,,,,,,,,,,,,,
AL,UNNAMED,1947,7,16,19471008,1800,,TD,32.5N,83.2W,20,,,,,,,,,,,,,
AL,UNNAMED,1947,7,16,19471009,0,,TD,33.5N,83.0W,20,,,,,,,,,,,,,
AL,UNNAMED,1947,7,16,19471009,600,,TD,34.0N,82.6W,20,,,,,,,,,,,,,
AL,UNNAMED,1947,8,13,19471008,0,,TS,34.7N,42.8W,40,,,,,,,,,,,,,
AL,UNNAMED,1947,8,13,19471008,600,,TS,35.1N,42.5W,45,,,,,,,,,,,,,
AL,UNNAMED,1947,8,13,19471008,1200,,TS,35.5N,42.2W,50,,,,,,,,,,,,,
AL,UNNAMED,1947,8,13,19471008,1800,,TS,35.9N,41.9W,50,,,,,,,,,,,,,
AL,UNNAMED,1947,8,13,19471009,0,,TS,36.3N,41.7W,50,,,,,,,,,,,,,
AL,UNNAMED,1947,8,13,19471009,600,,TS,36.7N,41.5W,50,,,,,,,,,,,,,
AL,UNNAMED,1947,8,13,19471009,1200,,TS,37.0N,41.0W,50,,,,,,,,,,,,,
AL,UNNAMED,1947,8,13,19471009,1800,,TS,37.4N,40.2W,50,,,,,,,,,,,,,
AL,UNNAMED,1947,8,13,19471010,0,,TS,37.7N,39.2W,50,,,,,,,,,,,,,
AL,UNNAMED,1947,8,13,19471010,600,,TS,38.0N,38.0W,50,,,,,,,,,,,,,
AL,UNNAMED,1947,8,13,19471010,1200,,TS,38.3N,36.8W,50,,,,,,,,,,,,,
AL,UNNAMED,1947,8,13,19471010,1800,,TS,38.6N,35.5W,50,,,,,,,,,,,,,
AL,UNNAMED,1947,8,13,19471011,0,,EX,39.1N,34.0W,45,,,,,,,,,,,,,
AL,UNNAMED,1947,9,36,19471008,1800,,TD,13.5N,82.3W,25,,,,,,,,,,,,,
AL,UNNAMED,1947,9,36,19471009,0,,TD,14.2N,82.5W,25,,,,,,,,,,,,,
AL,UNNAMED,1947,9,36,19471009,600,,TD,14.9N,82.7W,30,,,,,,,,,,,,,
AL,UNNAMED,1947,9,36,19471009,1200,,TD,15.6N,83.0W,30,,,,,,,,,,,,,
AL,UNNAMED,1947,9,36,19471009,1800,,TS,16.4N,83.3W,35,,,,,,,,,,,,,
AL,UNNAMED,1947,9,36,19471010,0,,TS,17.2N,83.5W,40,,,,,,,,,,,,,
AL,UNNAMED,1947,9,36,19471010,600,,TS,18.1N,83.7W,40,,,,,,,,,,,,,
AL,UNNAMED,1947,9,36,19471010,1200,,TS,19.1N,84.0W,45,,,,,,,,,,,,,
AL,UNNAMED,1947,9,36,19471010,1800,,TS,20.1N,84.1W,50,1000,,,,,,,,,,,,
AL,UNNAMED,1947,9,36,19471011,0,,TS,21.1N,83.9W,55,,,,,,,,,,,,,
AL,UNNAMED,1947,9,36,19471011,600,,TS,22.1N,83.7W,55,,,,,,,,,,,,,
AL,UNNAMED,1947,9,36,19471011,700,L,TS,22.2N,83.6W,55,,,,,,,,,,,,,
AL,UNNAMED,1947,9,36,19471011,1200,,TS,23.2N,83.4W,60,,,,,,,,,,,,,
AL,UNNAMED,1947,9,36,19471011,1800,,HU,24.3N,82.9W,75,983,,,,,,,,,,,,
AL,UNNAMED,1947,9,36,19471012,0,,HU,25.2N,81.8W,80,975,,,,,,,,,,,,
AL,UNNAMED,1947,9,36,19471012,200,L,HU,25.4N,81.2W,80,975,,,,,,,,,,,,
AL,UNNAMED,1947,9,36,19471012,600,,HU,25.8N,80.5W,70,,,,,,,,,,,,,
AL,UNNAMED,1947,9,36,19471012,1200,,HU,26.6N,79.5W,70,,,,,,,,,,,,,
AL,UNNAMED,1947,9,36,19471012,1800,,HU,27.3N,78.5W,65,,,,,,,,,,,,,
AL,UNNAMED,1947,9,36,19471013,0,,TS,28.1N,77.2W,60,,,,,,,,,,,,,
AL,UNNAMED,1947,9,36,19471013,600,,TS,29.3N,75.8W,60,,,,,,,,,,,,,
AL,UNNAMED,1947,9,36,19471013,1200,,HU,30.6N,75.0W,65,,,,,,,,,,,,,
AL,UNNAMED,1947,9,36,19471013,1800,,HU,31.6N,74.9W,70,982,,,,,,,,,,,,
AL,UNNAMED,1947,9,36,19471014,0,,HU,32.1N,75.6W,70,,,,,,,,,,,,,
AL,UNNAMED,1947,9,36,19471014,600,,HU,32.3N,76.4W,75,,,,,,,,,,,,,
AL,UNNAMED,1947,9,36,19471014,1200,,HU,32.1N,77.1W,75,,,,,,,,,,,,,
AL,UNNAMED,1947,9,36,19471014,1800,,HU,31.9N,77.6W,80,975,,,,,,,,,,,,
AL,UNNAMED,1947,9,36,19471015,0,,HU,31.7N,78.4W,85,966,,,,,,,,,,,,
AL,UNNAMED,1947,9,36,19471015,600,,HU,31.6N,79.5W,90,,,,,,,,,,,,,
AL,UNNAMED,1947,9,36,19471015,1100,L,HU,31.8N,80.9W,90,,,,,,,,,,,,,
AL,UNNAMED,1947,9,36,19471015,1200,,HU,31.8N,81.1W,90,,,,,,,,,,,,,
AL,UNNAMED,1947,9,36,19471015,1800,,TS,31.6N,83.1W,55,,,,,,,,,,,,,
AL,UNNAMED,1947,9,36,19471016,0,,TS,31.3N,83.9W,40,,,,,,,,,,,,,
AL,UNNAMED,1947,9,36,19471016,600,,TD,31.1N,84.5W,30,,,,,,,,,,,,,
AL,UNNAMED,1947,9,36,19471016,1200,,TD,31.8N,85.2W,25,,,,,,,,,,,,,
AL,UNNAMED,1947,9,36,19471016,1800,,TD,32.5N,86.3W,25,,,,,,,,,,,,,
AL,UNNAMED,1947,10,22,19471017,0,,TS,19.0N,63.2W,35,,,,,,,,,,,,,
AL,UNNAMED,1947,10,22,19471017,600,,TS,19.5N,64.7W,40,,,,,,,,,,,,,
AL,UNNAMED,1947,10,22,19471017,1200,,TS,20.0N,66.2W,45,1000,,,,,,,,,,,,
AL,UNNAMED,1947,10,22,19471017,1800,,TS,20.7N,67.5W,50,,,,,,,,,,,,,
AL,UNNAMED,1947,10,22,19471018,0,,TS,21.4N,68.7W,60,,,,,,,,,,,,,
AL,UNNAMED,1947,10,22,19471018,600,,HU,22.1N,69.6W,65,,,,,,,,,,,,,
AL,UNNAMED,1947,10,22,19471018,1200,,HU,22.8N,70.2W,70,990,,,,,,,,,,,,
AL,UNNAMED,1947,10,22,19471018,1800,,HU,23.7N,70.4W,80,981,,,,,,,,,,,,
AL,UNNAMED,1947,10,22,19471019,0,,HU,24.7N,70.5W,85,,,,,,,,,,,,,
AL,UNNAMED,1947,10,22,19471019,600,,HU,25.9N,70.2W,90,,,,,,,,,,,,,
AL,UNNAMED,1947,10,22,19471019,1200,,HU,27.3N,69.9W,100,,,,,,,,,,,,,
AL,UNNAMED,1947,10,22,19471019,1800,,HU,28.6N,69.2W,105,,,,,,,,,,,,,
AL,UNNAMED,1947,10,22,19471020,0,,HU,29.9N,68.1W,105,,,,,,,,,,,,,
AL,UNNAMED,1947,10,22,19471020,600,,HU,31.3N,66.9W,105,,,,,,,,,,,,,
AL,UNNAMED,1947,10,22,19471020,1200,,HU,32.7N,65.7W,100,,,,,,,,,,,,,
AL,UNNAMED,1947,10,22,19471020,1800,,HU,33.7N,65.1W,100,961,,,,,,,,,,,,
AL,UNNAMED,1947,10,22,19471021,0,,HU,34.8N,64.0W,95,,,,,,,,,,,,,
AL,UNNAMED,1947,10,22,19471021,600,,HU,36.1N,61.4W,90,,,,,,,,,,,,,
AL,UNNAMED,1947,10,22,19471021,1200,,HU,37.5N,59.0W,85,,,,,,,,,,,,,
AL,UNNAMED,1947,10,22,19471021,1800,,HU,38.4N,56.6W,85,,,,,,,,,,,,,
AL,UNNAMED,1947,10,22,19471022,0,,HU,39.0N,52.0W,80,,,,,,,,,,,,,
AL,UNNAMED,1947,10,22,19471022,600,,EX,39.5N,47.0W,65,,,,,,,,,,,,,
AL,UNNAMED,1948,1,28,19480522,600,,TD,17.1N,73.2W,30,,,,,,,,,,,,,
AL,UNNAMED,1948,1,28,19480522,1200,,TD,18.2N,73.1W,30,,,,,,,,,,,,,
AL,UNNAMED,1948,1,28,19480522,1800,,TD,19.3N,73.0W,30,,,,,,,,,,,,,
AL,UNNAMED,1948,1,28,19480523,0,,TD,20.4N,72.9W,30,,,,,,,,,,,,,
AL,UNNAMED,1948,1,28,19480523,600,,TD,21.4N,72.7W,30,,,,,,,,,,,,,
AL,UNNAMED,1948,1,28,19480523,1200,,TD,22.4N,72.3W,30,,,,,,,,,,,,,
AL,UNNAMED,1948,1,28,19480523,1800,,TD,23.4N,71.6W,30,,,,,,,,,,,,,
AL,UNNAMED,1948,1,28,19480524,0,,TD,24.4N,70.6W,30,,,,,,,,,,,,,
AL,UNNAMED,1948,1,28,19480524,600,,TD,25.4N,69.6W,30,,,,,,,,,,,,,
AL,UNNAMED,1948,1,28,19480524,1200,,TS,26.3N,69.0W,35,,,,,,,,,,,,,
AL,UNNAMED,1948,1,28,19480524,1800,,TS,27.2N,68.8W,35,,,,,,,,,,,,,
AL,UNNAMED,1948,1,28,19480525,0,,TS,28.1N,68.7W,40,,,,,,,,,,,,,
AL,UNNAMED,1948,1,28,19480525,600,,TS,28.9N,68.9W,40,,,,,,,,,,,,,
AL,UNNAMED,1948,1,28,19480525,1200,,TS,29.4N,69.0W,45,,,,,,,,,,,,,
AL,UNNAMED,1948,1,28,19480525,1800,,TS,29.7N,69.0W,45,,,,,,,,,,,,,
AL,UNNAMED,1948,1,28,19480526,0,,TS,29.7N,68.9W,45,,,,,,,,,,,,,
AL,UNNAMED,1948,1,28,19480526,600,,TS,29.5N,68.8W,45,,,,,,,,,,,,,
AL,UNNAMED,1948,1,28,19480526,1200,,TS,29.5N,68.6W,45,,,,,,,,,,,,,
AL,UNNAMED,1948,1,28,19480526,1800,,TS,29.7N,68.4W,40,,,,,,,,,,,,,
AL,UNNAMED,1948,1,28,19480527,0,,TS,30.1N,68.2W,40,,,,,,,,,,,,,
AL,UNNAMED,1948,1,28,19480527,600,,TS,30.6N,68.1W,40,,,,,,,,,,,,,
AL,UNNAMED,1948,1,28,19480527,1200,,TS,31.3N,68.0W,40,,,,,,,,,,,,,
AL,UNNAMED,1948,1,28,19480527,1800,,TS,32.0N,68.2W,40,,,,,,,,,,,,,
AL,UNNAMED,1948,1,28,19480528,0,,TS,32.8N,68.5W,35,,,,,,,,,,,,,
AL,UNNAMED,1948,1,28,19480528,600,,TD,33.7N,68.8W,30,,,,,,,,,,,,,
AL,UNNAMED,1948,1,28,19480528,1200,,TD,34.6N,69.0W,30,,,,,,,,,,,,,
AL,UNNAMED,1948,1,28,19480528,1800,,TD,35.4N,69.0W,25,,,,,,,,,,,,,
AL,UNNAMED,1948,1,28,19480529,0,,TD,36.1N,69.0W,25,,,,,,,,,,,,,
AL,UNNAMED,1948,2,18,19480707,1800,,TD,27.5N,89.4W,30,,,,,,,,,,,,,
AL,UNNAMED,1948,2,18,19480708,0,,TD,27.6N,89.4W,30,,,,,,,,,,,,,
AL,UNNAMED,1948,2,18,19480708,600,,TD,27.7N,89.4W,30,,,,,,,,,,,,,
AL,UNNAMED,1948,2,18,19480708,1200,,TD,28.0N,89.2W,30,,,,,,,,,,,,,
AL,UNNAMED,1948,2,18,19480708,1800,,TD,28.5N,88.8W,30,,,,,,,,,,,,,
AL,UNNAMED,1948,2,18,19480709,0,,TS,29.2N,88.2W,35,,,,,,,,,,,,,
AL,UNNAMED,1948,2,18,19480709,600,,TS,30.2N,87.4W,35,,,,,,,,,,,,,
AL,UNNAMED,1948,2,18,19480709,700,L,TS,30.3N,87.3W,35,,,,,,,,,,,,,
AL,UNNAMED,1948,2,18,19480709,1200,,TS,30.8N,86.9W,35,,,,,,,,,,,,,
AL,UNNAMED,1948,2,18,19480709,1800,,TD,31.3N,86.6W,30,,,,,,,,,,,,,
AL,UNNAMED,1948,2,18,19480710,0,,TD,31.8N,86.6W,30,,,,,,,,,,,,,
AL,UNNAMED,1948,2,18,19480710,600,,TD,32.3N,86.5W,30,,,,,,,,,,,,,
AL,UNNAMED,1948,2,18,19480710,1200,,TD,32.7N,86.3W,25,,,,,,,,,,,,,
AL,UNNAMED,1948,2,18,19480710,1800,,TD,33.3N,86.3W,25,,,,,,,,,,,,,
AL,UNNAMED,1948,2,18,19480711,0,,TD,34.0N,86.5W,20,,,,,,,,,,,,,
AL,UNNAMED,1948,2,18,19480711,600,,TD,34.6N,86.6W,20,,,,,,,,,,,,,
AL,UNNAMED,1948,2,18,19480711,1200,,TD,35.2N,86.6W,15,,,,,,,,,,,,,
AL,UNNAMED,1948,2,18,19480711,1800,,TD,35.8N,86.6W,15,,,,,,,,,,,,,
AL,UNNAMED,1948,3,44,19480826,0,,TS,20.4N,60.6W,55,,,,,,,,,,,,,
AL,UNNAMED,1948,3,44,19480826,600,,TS,21.3N,61.6W,60,,,,,,,,,,,,,
AL,UNNAMED,1948,3,44,19480826,1200,,HU,22.2N,62.6W,65,,,,,,,,,,,,,
AL,UNNAMED,1948,3,44,19480826,1800,,HU,23.0N,63.6W,70,,,,,,,,,,,,,
AL,UNNAMED,1948,3,44,19480827,0,,HU,23.8N,64.5W,75,,,,,,,,,,,,,
AL,UNNAMED,1948,3,44,19480827,600,,HU,24.7N,65.4W,80,,,,,,,,,,,,,
AL,UNNAMED,1948,3,44,19480827,1200,,HU,25.5N,66.3W,85,,,,,,,,,,,,,
AL,UNNAMED,1948,3,44,19480827,1800,,HU,26.3N,67.2W,90,,,,,,,,,,,,,
AL,UNNAMED,1948,3,44,19480828,0,,HU,26.8N,68.1W,95,,,,,,,,,,,,,
AL,UNNAMED,1948,3,44,19480828,600,,HU,27.2N,68.9W,95,,,,,,,,,,,,,
AL,UNNAMED,1948,3,44,19480828,1200,,HU,27.6N,69.7W,100,,,,,,,,,,,,,
AL,UNNAMED,1948,3,44,19480828,1800,,HU,28.1N,70.6W,105,,,,,,,,,,,,,
AL,UNNAMED,1948,3,44,19480829,0,,HU,28.6N,71.5W,105,,,,,,,,,,,,,
AL,UNNAMED,1948,3,44,19480829,600,,HU,28.9N,72.3W,105,,,,,,,,,,,,,
AL,UNNAMED,1948,3,44,19480829,1200,,HU,29.1N,73.1W,100,,,,,,,,,,,,,
AL,UNNAMED,1948,3,44,19480829,1800,,HU,29.5N,73.9W,100,,,,,,,,,,,,,
AL,UNNAMED,1948,3,44,19480830,0,,HU,30.0N,74.5W,95,,,,,,,,,,,,,
AL,UNNAMED,1948,3,44,19480830,600,,HU,30.6N,74.9W,95,,,,,,,,,,,,,
AL,UNNAMED,1948,3,44,19480830,1200,,HU,31.2N,75.2W,90,,,,,,,,,,,,,
AL,UNNAMED,1948,3,44,19480830,1800,,HU,31.9N,75.3W,85,,,,,,,,,,,,,
AL,UNNAMED,1948,3,44,19480831,0,,HU,32.6N,74.9W,80,,,,,,,,,,,,,
AL,UNNAMED,1948,3,44,19480831,600,,HU,33.3N,74.4W,75,,,,,,,,,,,,,
AL,UNNAMED,1948,3,44,19480831,1200,,HU,34.2N,73.3W,70,,,,,,,,,,,,,
AL,UNNAMED,1948,3,44,19480831,1800,,HU,35.3N,71.6W,70,,,,,,,,,,,,,
AL,UNNAMED,1948,3,44,19480901,0,,HU,37.0N,68.7W,65,,,,,,,,,,,,,
AL,UNNAMED,1948,3,44,19480901,600,,TS,39.0N,65.1W,60,,,,,,,,,,,,,
AL,UNNAMED,1948,3,44,19480901,1200,,EX,41.0N,62.0W,60,,,,,,,,,,,,,
AL,UNNAMED,1948,3,44,19480901,1800,,EX,42.9N,59.4W,60,,,,,,,,,,,,,
AL,UNNAMED,1948,3,44,19480902,0,,EX,45.0N,57.4W,55,,,,,,,,,,,,,
AL,UNNAMED,1948,3,44,19480902,600,,EX,48.0N,56.0W,55,,,,,,,,,,,,,
AL,UNNAMED,1948,3,44,19480902,1200,,EX,51.0N,54.0W,50,,,,,,,,,,,,,
AL,UNNAMED,1948,3,44,19480902,1800,,EX,52.8N,52.0W,50,,,,,,,,,,,,,
AL,UNNAMED,1948,3,44,19480903,0,,EX,53.8N,50.0W,50,,,,,,,,,,,,,
AL,UNNAMED,1948,3,44,19480903,600,,EX,54.9N,47.8W,50,,,,,,,,,,,,,
AL,UNNAMED,1948,3,44,19480903,1200,,EX,56.0N,45.5W,50,,,,,,,,,,,,,
AL,UNNAMED,1948,3,44,19480903,1800,,EX,57.0N,43.5W,50,,,,,,,,,,,,,
AL,UNNAMED,1948,3,44,19480904,0,,EX,58.0N,41.8W,45,,,,,,,,,,,,,
AL,UNNAMED,1948,3,44,19480904,600,,EX,58.9N,40.0W,45,,,,,,,,,,,,,
AL,UNNAMED,1948,3,44,19480904,1200,,EX,59.8N,38.2W,40,,,,,,,,,,,,,
AL,UNNAMED,1948,3,44,19480904,1800,,EX,60.6N,35.8W,40,,,,,,,,,,,,,
AL,UNNAMED,1948,3,44,19480905,0,,EX,61.3N,32.5W,35,,,,,,,,,,,,,
AL,UNNAMED,1948,3,44,19480905,600,,EX,61.9N,28.0W,35,,,,,,,,,,,,,
AL,UNNAMED,1948,3,44,19480905,1200,,EX,62.5N,23.0W,30,,,,,,,,,,,,,
AL,UNNAMED,1948,3,44,19480905,1800,,EX,63.0N,17.0W,30,,,,,,,,,,,,,
AL,UNNAMED,1948,4,10,19480830,1800,,TS,12.9N,55.4W,50,,,,,,,,,,,,,
AL,UNNAMED,1948,4,10,19480831,0,,TS,13.1N,56.6W,50,,,,,,,,,,,,,
AL,UNNAMED,1948,4,10,19480831,600,,TS,13.3N,57.8W,50,,,,,,,,,,,,,
AL,UNNAMED,1948,4,10,19480831,1200,,TS,13.5N,59.0W,45,,,,,,,,,,,,,
AL,UNNAMED,1948,4,10,19480831,1800,,TS,13.7N,60.2W,40,,,,,,,,,,,,,
AL,UNNAMED,1948,4,10,19480831,2200,L,TS,13.8N,60.9W,40,,,,,,,,,,,,,
AL,UNNAMED,1948,4,10,19480901,0,,TS,13.9N,61.3W,40,,,,,,,,,,,,,
AL,UNNAMED,1948,4,10,19480901,600,,TS,14.1N,62.3W,35,,,,,,,,,,,,,
AL,UNNAMED,1948,4,10,19480901,1200,,TD,14.2N,63.1W,30,1007,,,,,,,,,,,,
AL,UNNAMED,1948,4,10,19480901,1800,,TD,14.3N,64.0W,25,,,,,,,,,,,,,
AL,UNNAMED,1948,5,22,19480901,1800,,TD,24.3N,94.8W,25,,,,,,,,,,,,,
AL,UNNAMED,1948,5,22,19480902,0,,TD,24.3N,94.8W,30,,,,,,,,,,,,,
AL,UNNAMED,1948,5,22,19480902,600,,TD,24.3N,94.8W,30,,,,,,,,,,,,,
AL,UNNAMED,1948,5,22,19480902,1200,,TS,24.3N,94.7W,35,,,,,,,,,,,,,
AL,UNNAMED,1948,5,22,19480902,1800,,TS,24.3N,94.3W,40,,,,,,,,,,,,,
AL,UNNAMED,1948,5,22,19480903,0,,TS,24.5N,93.8W,40,,,,,,,,,,,,,
AL,UNNAMED,1948,5,22,19480903,600,,TS,25.1N,93.2W,45,,,,,,,,,,,,,
AL,UNNAMED,1948,5,22,19480903,1200,,TS,25.9N,92.6W,50,998,,,,,,,,,,,,
AL,UNNAMED,1948,5,22,19480903,1800,,TS,26.9N,91.9W,60,990,,,,,,,,,,,,
AL,UNNAMED,1948,5,22,19480904,0,,HU,27.9N,91.3W,65,,,,,,,,,,,,,
AL,UNNAMED,1948,5,22,19480904,600,,HU,28.9N,90.6W,70,983,,,,,,,,,,,,
AL,UNNAMED,1948,5,22,19480904,700,L,HU,29.1N,90.5W,70,983,,,,,,,,,,,,
AL,UNNAMED,1948,5,22,19480904,1200,,TS,29.9N,90.0W,60,986,,,,,,,,,,,,
AL,UNNAMED,1948,5,22,19480904,1800,,TS,31.1N,89.4W,45,,,,,,,,,,,,,
AL,UNNAMED,1948,5,22,19480905,0,,TS,32.3N,89.1W,35,,,,,,,,,,,,,
AL,UNNAMED,1948,5,22,19480905,600,,TD,33.5N,89.1W,30,,,,,,,,,,,,,
AL,UNNAMED,1948,5,22,19480905,1200,,TD,34.8N,89.2W,25,,,,,,,,,,,,,
AL,UNNAMED,1948,5,22,19480905,1800,,TD,35.8N,89.3W,25,,,,,,,,,,,,,
AL,UNNAMED,1948,5,22,19480906,0,,TD,36.5N,89.3W,25,,,,,,,,,,,,,
AL,UNNAMED,1948,5,22,19480906,600,,TD,37.5N,89.1W,25,,,,,,,,,,,,,
AL,UNNAMED,1948,5,22,19480906,1200,,TD,38.8N,88.6W,20,,,,,,,,,,,,,
AL,UNNAMED,1948,5,22,19480906,1800,,TD,40.0N,87.6W,20,,,,,,,,,,,,,
AL,UNNAMED,1948,6,54,19480904,600,,TS,14.3N,20.2W,35,,,,,,,,,,,,,
AL,UNNAMED,1948,6,54,19480904,1200,,TS,14.2N,21.3W,40,,,,,,,,,,,,,
AL,UNNAMED,1948,6,54,19480904,1800,,TS,14.2N,22.4W,40,,,,,,,,,,,,,
AL,UNNAMED,1948,6,54,19480905,0,,TS,14.3N,23.6W,40,,,,,,,,,,,,,
AL,UNNAMED,1948,6,54,19480905,600,,TS,14.4N,24.8W,40,,,,,,,,,,,,,
AL,UNNAMED,1948,6,54,19480905,1200,,TS,14.5N,26.0W,45,,,,,,,,,,,,,
AL,UNNAMED,1948,6,54,19480905,1800,,TS,14.6N,27.3W,45,,,,,,,,,,,,,
AL,UNNAMED,1948,6,54,19480906,0,,TS,14.8N,28.7W,45,,,,,,,,,,,,,
AL,UNNAMED,1948,6,54,19480906,600,,TS,15.0N,30.1W,45,,,,,,,,,,,,,
AL,UNNAMED,1948,6,54,19480906,1200,,TS,15.2N,31.5W,50,,,,,,,,,,,,,
AL,UNNAMED,1948,6,54,19480906,1800,,TS,15.5N,32.9W,50,,,,,,,,,,,,,
AL,UNNAMED,1948,6,54,19480907,0,,TS,16.0N,34.3W,50,,,,,,,,,,,,,
AL,UNNAMED,1948,6,54,19480907,600,,TS,16.6N,35.7W,50,,,,,,,,,,,,,
AL,UNNAMED,1948,6,54,19480907,1200,,TS,17.0N,37.0W,50,,,,,,,,,,,,,
AL,UNNAMED,1948,6,54,19480907,1800,,TS,17.2N,38.3W,50,,,,,,,,,,,,,
AL,UNNAMED,1948,6,54,19480908,0,,TS,17.3N,39.6W,50,,,,,,,,,,,,,
AL,UNNAMED,1948,6,54,19480908,600,,TS,17.3N,40.8W,50,,,,,,,,,,,,,
AL,UNNAMED,1948,6,54,19480908,1200,,TS,17.3N,42.0W,50,,,,,,,,,,,,,
AL,UNNAMED,1948,6,54,19480908,1800,,TS,17.3N,43.2W,50,,,,,,,,,,,,,
AL,UNNAMED,1948,6,54,19480909,0,,TS,17.3N,44.3W,50,,,,,,,,,,,,,
AL,UNNAMED,1948,6,54,19480909,600,,TS,17.3N,45.4W,50,,,,,,,,,,,,,
AL,UNNAMED,1948,6,54,19480909,1200,,TS,17.3N,46.6W,50,,,,,,,,,,,,,
AL,UNNAMED,1948,6,54,19480909,1800,,TS,17.3N,47.9W,50,,,,,,,,,,,,,
AL,UNNAMED,1948,6,54,19480910,0,,TS,17.4N,49.2W,50,,,,,,,,,,,,,
AL,UNNAMED,1948,6,54,19480910,600,,TS,17.6N,50.5W,50,,,,,,,,,,,,,
AL,UNNAMED,1948,6,54,19480910,1200,,TS,18.0N,51.8W,50,,,,,,,,,,,,,
AL,UNNAMED,1948,6,54,19480910,1800,,TS,18.5N,53.1W,50,,,,,,,,,,,,,
AL,UNNAMED,1948,6,54,19480911,0,,TS,19.4N,54.5W,55,,,,,,,,,,,,,
AL,UNNAMED,1948,6,54,19480911,600,,HU,20.4N,55.9W,65,,,,,,,,,,,,,
AL,UNNAMED,1948,6,54,19480911,1200,,HU,21.6N,57.4W,80,,,,,,,,,,,,,
AL,UNNAMED,1948,6,54,19480911,1800,,HU,22.9N,59.0W,90,,,,,,,,,,,,,
AL,UNNAMED,1948,6,54,19480912,0,,HU,24.0N,61.0W,100,,,,,,,,,,,,,
AL,UNNAMED,1948,6,54,19480912,600,,HU,24.6N,62.0W,105,,,,,,,,,,,,,
AL,UNNAMED,1948,6,54,19480912,1200,,HU,25.4N,62.8W,110,,,,,,,,,,,,,
AL,UNNAMED,1948,6,54,19480912,1800,,HU,26.8N,63.6W,110,,,,,,,,,,,,,
AL,UNNAMED,1948,6,54,19480913,0,,HU,28.5N,64.4W,115,,,,,,,,,,,,,
AL,UNNAMED,1948,6,54,19480913,600,,HU,29.8N,65.2W,115,,,,,,,,,,,,,
AL,UNNAMED,1948,6,54,19480913,1200,,HU,31.0N,65.8W,115,,,,,,,,,,,,,
AL,UNNAMED,1948,6,54,19480913,1800,,HU,32.3N,65.8W,110,,,,,,,,,,,,,
AL,UNNAMED,1948,6,54,19480914,0,,HU,33.7N,65.5W,105,,,,,,,,,,,,,
AL,UNNAMED,1948,6,54,19480914,600,,HU,35.1N,64.9W,100,,,,,,,,,,,,,
AL,UNNAMED,1948,6,54,19480914,1200,,HU,36.5N,64.0W,95,,,,,,,,,,,,,
AL,UNNAMED,1948,6,54,19480914,1800,,HU,38.5N,62.6W,85,,,,,,,,,,,,,
AL,UNNAMED,1948,6,54,19480915,0,,HU,40.3N,60.4W,80,,,,,,,,,,,,,
AL,UNNAMED,1948,6,54,19480915,600,,EX,42.0N,57.4W,75,,,,,,,,,,,,,
AL,UNNAMED,1948,6,54,19480915,1200,,EX,44.6N,53.4W,70,,,,,,,,,,,,,
AL,UNNAMED,1948,6,54,19480915,1800,,EX,47.1N,48.8W,65,,,,,,,,,,,,,
AL,UNNAMED,1948,6,54,19480916,0,,EX,49.8N,44.2W,60,,,,,,,,,,,,,
AL,UNNAMED,1948,6,54,19480916,600,,EX,53.0N,40.0W,55,,,,,,,,,,,,,
AL,UNNAMED,1948,6,54,19480916,1200,,EX,56.3N,35.0W,55,,,,,,,,,,,,,
AL,UNNAMED,1948,6,54,19480916,1800,,EX,58.3N,29.0W,55,,,,,,,,,,,,,
AL,UNNAMED,1948,6,54,19480917,0,,EX,60.0N,22.0W,60,,,,,,,,,,,,,
AL,UNNAMED,1948,6,54,19480917,600,,EX,61.5N,14.0W,60,,,,,,,,,,,,,
AL,UNNAMED,1948,6,54,19480917,1200,,EX,62.5N,6.0W,60,,,,,,,,,,,,,
AL,UNNAMED,1948,7,14,19480907,1200,,EX,36.0N,58.0W,40,,,,,,,,,,,,,
AL,UNNAMED,1948,7,14,19480907,1800,,TS,35.8N,60.0W,45,,,,,,,,,,,,,
AL,UNNAMED,1948,7,14,19480908,0,,TS,36.0N,61.5W,45,,,,,,,,,,,,,
AL,UNNAMED,1948,7,14,19480908,600,,TS,36.3N,62.5W,50,,,,,,,,,,,,,
AL,UNNAMED,1948,7,14,19480908,1200,,TS,36.8N,63.2W,50,,,,,,,,,,,,,
AL,UNNAMED,1948,7,14,19480908,1800,,TS,37.3N,63.7W,55,,,,,,,,,,,,,
AL,UNNAMED,1948,7,14,19480909,0,,TS,37.9N,64.0W,55,,,,,,,,,,,,,
AL,UNNAMED,1948,7,14,19480909,600,,TS,38.5N,64.0W,50,,,,,,,,,,,,,
AL,UNNAMED,1948,7,14,19480909,1200,,TS,39.1N,63.9W,45,,,,,,,,,,,,,
AL,UNNAMED,1948,7,14,19480909,1800,,TS,40.1N,63.4W,45,,,,,,,,,,,,,
AL,UNNAMED,1948,7,14,19480910,0,,EX,41.3N,62.3W,40,,,,,,,,,,,,,
AL,UNNAMED,1948,7,14,19480910,600,,EX,42.5N,61.0W,40,,,,,,,,,,,,,
AL,UNNAMED,1948,7,14,19480910,1200,,EX,44.0N,58.5W,40,,,,,,,,,,,,,
AL,UNNAMED,1948,7,14,19480910,1800,,EX,46.0N,55.0W,35,,,,,,,,,,,,,
AL,UNNAMED,1948,8,36,19480918,600,,TS,18.2N,79.2W,40,,,,,,,,,,,,,
AL,UNNAMED,1948,8,36,19480918,1200,,TS,18.2N,79.8W,50,,,,,,,,,,,,,
AL,UNNAMED,1948,8,36,19480918,1800,,TS,18.3N,80.4W,60,994,,,,,,,,,,,,
AL,UNNAMED,1948,8,36,19480919,0,,HU,18.5N,80.8W,70,,,,,,,,,,,,,
AL,UNNAMED,1948,8,36,19480919,600,,HU,18.8N,81.1W,80,,,,,,,,,,,,,
AL,UNNAMED,1948,8,36,19480919,1200,,HU,19.2N,81.5W,90,,,,,,,,,,,,,
AL,UNNAMED,1948,8,36,19480919,1800,,HU,19.6N,81.9W,105,951,,,,,,,,,,,,
AL,UNNAMED,1948,8,36,19480920,0,,HU,20.0N,82.2W,110,,,,,,,,,,,,,
AL,UNNAMED,1948,8,36,19480920,600,,HU,20.5N,82.3W,110,,,,,,,,,,,,,
AL,UNNAMED,1948,8,36,19480920,1200,,HU,21.2N,82.3W,110,,,,,,,,,,,,,
AL,UNNAMED,1948,8,36,19480920,1800,,HU,21.9N,82.3W,110,,,,,,,,,,,,,
AL,UNNAMED,1948,8,36,19480920,2200,L,HU,22.3N,82.1W,110,,,,,,,,,,,,,
AL,UNNAMED,1948,8,36,19480921,0,,HU,22.6N,82.1W,110,,,,,,,,,,,,,
AL,UNNAMED,1948,8,36,19480921,100,L,HU,22.7N,82.0W,110,,,,,,,,,,,,,
AL,UNNAMED,1948,8,36,19480921,600,,HU,23.3N,81.9W,100,,,,,,,,,,,,,
AL,UNNAMED,1948,8,36,19480921,1200,,HU,24.0N,81.7W,105,,,,,,,,,,,,,
AL,UNNAMED,1948,8,36,19480921,1700,L,HU,24.6N,81.6W,105,955,,,,,,,,,,,,
AL,UNNAMED,1948,8,36,19480921,1800,,HU,24.7N,81.5W,105,955,,,,,,,,,,,,
AL,UNNAMED,1948,8,36,19480922,0,,HU,25.4N,81.4W,115,,,,,,,,,,,,,
AL,UNNAMED,1948,8,36,19480922,500,L,HU,25.8N,81.3W,115,940,,,,,,,,,,,,
AL,UNNAMED,1948,8,36,19480922,600,,HU,26.0N,81.2W,115,940,,,,,,,,,,,,
AL,UNNAMED,1948,8,36,19480922,1200,,HU,26.5N,80.8W,85,,,,,,,,,,,,,
AL,UNNAMED,1948,8,36,19480922,1800,,HU,27.3N,80.1W,80,965,,,,,,,,,,,,
AL,UNNAMED,1948,8,36,19480923,0,,HU,27.9N,78.9W,80,,,,,,,,,,,,,
AL,UNNAMED,1948,8,36,19480923,600,,HU,28.5N,77.6W,85,,,,,,,,,,,,,
AL,UNNAMED,1948,8,36,19480923,1200,,HU,29.6N,75.7W,90,,,,,,,,,,,,,
AL,UNNAMED,1948,8,36,19480923,1800,,HU,31.0N,73.6W,90,,,,,,,,,,,,,
AL,UNNAMED,1948,8,36,19480924,0,,HU,33.0N,71.6W,85,,,,,,,,,,,,,
AL,UNNAMED,1948,8,36,19480924,600,,EX,35.1N,69.5W,75,,,,,,,,,,,,,
AL,UNNAMED,1948,8,36,19480924,1200,,EX,37.1N,66.9W,65,,,,,,,,,,,,,
AL,UNNAMED,1948,8,36,19480924,1800,,EX,39.3N,62.0W,60,,,,,,,,,,,,,
AL,UNNAMED,1948,8,36,19480925,0,,EX,41.5N,57.5W,55,,,,,,,,,,,,,
AL,UNNAMED,1948,8,36,19480925,600,,EX,43.3N,52.8W,50,,,,,,,,,,,,,
AL,UNNAMED,1948,8,36,19480925,1200,,EX,44.6N,48.6W,45,,,,,,,,,,,,,
AL,UNNAMED,1948,8,36,19480925,1800,,EX,46.0N,43.7W,45,,,,,,,,,,,,,
AL,UNNAMED,1948,8,36,19480926,0,,EX,47.5N,39.0W,45,,,,,,,,,,,,,
AL,UNNAMED,1948,9,56,19481003,1200,,TD,16.7N,83.5W,30,,,,,,,,,,,,,
AL,UNNAMED,1948,9,56,19481003,1800,,TD,17.4N,84.3W,30,,,,,,,,,,,,,
AL,UNNAMED,1948,9,56,19481004,0,,TS,18.1N,84.7W,35,,,,,,,,,,,,,
AL,UNNAMED,1948,9,56,19481004,600,,TS,18.8N,85.0W,45,,,,,,,,,,,,,
AL,UNNAMED,1948,9,56,19481004,1200,,TS,19.5N,85.2W,55,,,,,,,,,,,,,
AL,UNNAMED,1948,9,56,19481004,1800,,HU,20.2N,85.0W,70,991,,,,,,,,,,,,
AL,UNNAMED,1948,9,56,19481005,0,,HU,21.2N,84.2W,90,,,,,,,,,,,,,
AL,UNNAMED,1948,9,56,19481005,600,,HU,22.3N,83.3W,110,,,,,,,,,,,,,
AL,UNNAMED,1948,9,56,19481005,700,L,HU,22.4N,83.2W,110,,,,,,,,,,,,,
AL,UNNAMED,1948,9,56,19481005,1200,,HU,23.5N,82.3W,105,,,,,,,,,,,,,
AL,UNNAMED,1948,9,56,19481005,1800,L,HU,24.7N,81.2W,90,,,,,,,,,,,,,
AL,UNNAMED,1948,9,56,19481005,2000,L,HU,25.1N,80.9W,90,,,,,,,,,,,,,
AL,UNNAMED,1948,9,56,19481006,0,,HU,25.8N,80.2W,80,979,,,,,,,,,,,,
AL,UNNAMED,1948,9,56,19481006,600,,HU,26.8N,79.2W,85,,,,,,,,,,,,,
AL,UNNAMED,1948,9,56,19481006,1200,,HU,27.7N,77.9W,85,,,,,,,,,,,,,
AL,UNNAMED,1948,9,56,19481006,1800,,HU,28.7N,76.4W,85,,,,,,,,,,,,,
AL,UNNAMED,1948,9,56,19481007,0,,HU,29.7N,74.7W,85,,,,,,,,,,,,,
AL,UNNAMED,1948,9,56,19481007,600,,HU,30.7N,72.8W,85,,,,,,,,,,,,,
AL,UNNAMED,1948,9,56,19481007,1200,,HU,31.4N,70.0W,90,,,,,,,,,,,,,
AL,UNNAMED,1948,9,56,19481007,1800,,HU,31.9N,67.0W,90,,,,,,,,,,,,,
AL,UNNAMED,1948,9,56,19481007,2200,L,HU,32.3N,64.9W,90,,,,,,,,,,,,,
AL,UNNAMED,1948,9,56,19481008,0,,HU,32.4N,63.6W,90,971,,,,,,,,,,,,
AL,UNNAMED,1948,9,56,19481008,600,,HU,32.5N,60.1W,80,,,,,,,,,,,,,
AL,UNNAMED,1948,9,56,19481008,1200,,HU,32.4N,56.6W,75,,,,,,,,,,,,,
AL,UNNAMED,1948,9,56,19481008,1800,,HU,32.1N,53.2W,70,,,,,,,,,,,,,
AL,UNNAMED,1948,9,56,19481009,0,,HU,31.8N,51.0W,65,,,,,,,,,,,,,
AL,UNNAMED,1948,9,56,19481009,600,,TS,31.4N,49.2W,60,,,,,,,,,,,,,
AL,UNNAMED,1948,9,56,19481009,1200,,TS,31.0N,47.5W,55,,,,,,,,,,,,,
AL,UNNAMED,1948,9,56,19481009,1800,,TS,31.0N,45.8W,55,,,,,,,,,,,,,
AL,UNNAMED,1948,9,56,19481010,0,,TS,31.2N,44.1W,50,,,,,,,,,,,,,
AL,UNNAMED,1948,9,56,19481010,600,,TS,31.5N,42.4W,50,,,,,,,,,,,,,
AL,UNNAMED,1948,9,56,19481010,1200,,TS,31.8N,41.0W,45,,,,,,,,,,,,,
AL,UNNAMED,1948,9,56,19481010,1800,,TS,31.8N,40.0W,50,,,,,,,,,,,,,
AL,UNNAMED,1948,9,56,19481011,0,,TS,32.0N,39.3W,50,,,,,,,,,,,,,
AL,UNNAMED,1948,9,56,19481011,600,,TS,31.8N,38.7W,50,,,,,,,,,,,,,
AL,UNNAMED,1948,9,56,19481011,1200,,TS,31.5N,38.2W,45,,,,,,,,,,,,,
AL,UNNAMED,1948,9,56,19481011,1800,,TS,31.0N,38.0W,45,,,,,,,,,,,,,
AL,UNNAMED,1948,9,56,19481012,0,,TS,30.6N,38.2W,45,,,,,,,,,,,,,
AL,UNNAMED,1948,9,56,19481012,600,,TS,30.3N,38.5W,45,,,,,,,,,,,,,
AL,UNNAMED,1948,9,56,19481012,1200,,TS,30.2N,39.0W,45,,,,,,,,,,,,,
AL,UNNAMED,1948,9,56,19481012,1800,,TS,30.2N,39.6W,40,,,,,,,,,,,,,
AL,UNNAMED,1948,9,56,19481013,0,,TS,30.3N,40.3W,40,,,,,,,,,,,,,
AL,UNNAMED,1948,9,56,19481013,600,,TS,30.5N,40.7W,35,,,,,,,,,,,,,
AL,UNNAMED,1948,9,56,19481013,1200,,TS,30.8N,41.3W,35,,,,,,,,,,,,,
AL,UNNAMED,1948,9,56,19481013,1800,,TS,31.2N,42.6W,40,,,,,,,,,,,,,
AL,UNNAMED,1948,9,56,19481014,0,,TS,31.6N,43.9W,45,,,,,,,,,,,,,
AL,UNNAMED,1948,9,56,19481014,600,,TS,32.1N,45.2W,50,,,,,,,,,,,,,
AL,UNNAMED,1948,9,56,19481014,1200,,TS,32.6N,46.4W,55,,,,,,,,,,,,,
AL,UNNAMED,1948,9,56,19481014,1800,,TS,33.4N,47.0W,60,,,,,,,,,,,,,
AL,UNNAMED,1948,9,56,19481015,0,,TS,34.4N,47.5W,60,989,,,,,,,,,,,,
AL,UNNAMED,1948,9,56,19481015,600,,TS,35.4N,47.8W,55,,,,,,,,,,,,,
AL,UNNAMED,1948,9,56,19481015,1200,,TS,36.4N,47.7W,55,,,,,,,,,,,,,
AL,UNNAMED,1948,9,56,19481015,1800,,TS,38.0N,47.9W,50,,,,,,,,,,,,,
AL,UNNAMED,1948,9,56,19481016,0,,TS,40.7N,46.6W,50,,,,,,,,,,,,,
AL,UNNAMED,1948,9,56,19481016,600,,EX,43.7N,43.0W,45,,,,,,,,,,,,,
AL,UNNAMED,1948,9,56,19481016,1200,,EX,46.5N,37.5W,40,,,,,,,,,,,,,
AL,UNNAMED,1948,10,11,19481108,1800,,TS,25.8N,66.0W,45,,,,,,,,,,,,,
AL,UNNAMED,1948,10,11,19481109,0,,TS,26.2N,67.8W,50,996,,,,,,,,,,,,
AL,UNNAMED,1948,10,11,19481109,600,,TS,26.6N,69.5W,50,,,,,,,,,,,,,
AL,UNNAMED,1948,10,11,19481109,1200,,TS,27.1N,71.2W,55,,,,,,,,,,,,,
AL,UNNAMED,1948,10,11,19481109,1800,,TS,27.8N,72.8W,60,994,,,,,,,,,,,,
AL,UNNAMED,1948,10,11,19481110,0,,HU,28.9N,73.9W,65,990,,,,,,,,,,,,
AL,UNNAMED,1948,10,11,19481110,600,,HU,30.1N,74.4W,65,,,,,,,,,,,,,
AL,UNNAMED,1948,10,11,19481110,1200,,HU,31.4N,74.8W,65,,,,,,,,,,,,,
AL,UNNAMED,1948,10,11,19481110,1800,,TS,33.6N,75.0W,60,,,,,,,,,,,,,
AL,UNNAMED,1948,10,11,19481111,0,,TS,35.7N,73.9W,55,994,,,,,,,,,,,,
AL,UNNAMED,1948,10,11,19481111,600,,EX,36.8N,72.5W,40,,,,,,,,,,,,,
AL,UNNAMED,1949,1,37,19490821,0,,TS,21.2N,61.5W,55,,,,,,,,,,,,,
AL,UNNAMED,1949,1,37,19490821,600,,TS,21.9N,63.2W,60,,,,,,,,,,,,,
AL,UNNAMED,1949,1,37,19490821,1200,,HU,22.6N,64.9W,65,,,,,,,,,,,,,
AL,UNNAMED,1949,1,37,19490821,1800,,HU,23.3N,66.6W,70,993,,,,,,,,,,,,
AL,UNNAMED,1949,1,37,19490822,0,,HU,24.0N,68.3W,75,,,,,,,,,,,,,
AL,UNNAMED,1949,1,37,19490822,600,,HU,24.7N,70.0W,75,,,,,,,,,,,,,
AL,UNNAMED,1949,1,37,19490822,1200,,HU,25.4N,71.6W,80,984,,,,,,,,,,,,
AL,UNNAMED,1949,1,37,19490822,1800,,HU,26.2N,73.1W,85,974,,,,,,,,,,,,
AL,UNNAMED,1949,1,37,19490823,0,,HU,27.2N,74.3W,85,,,,,,,,,,,,,
AL,UNNAMED,1949,1,37,19490823,600,,HU,28.2N,75.3W,85,,,,,,,,,,,,,
AL,UNNAMED,1949,1,37,19490823,1200,,HU,29.2N,76.1W,90,,,,,,,,,,,,,
AL,UNNAMED,1949,1,37,19490823,1800,,HU,30.2N,76.6W,90,,,,,,,,,,,,,
AL,UNNAMED,1949,1,37,19490824,0,,HU,31.5N,76.7W,95,,,,,,,,,,,,,
AL,UNNAMED,1949,1,37,19490824,600,,HU,32.9N,76.6W,95,,,,,,,,,,,,,
AL,UNNAMED,1949,1,37,19490824,1200,,HU,34.3N,76.1W,90,977,,,,,,,,,,,,
AL,UNNAMED,1949,1,37,19490824,1800,,HU,35.7N,74.5W,90,,,,,,,,,,,,,
AL,UNNAMED,1949,1,37,19490825,0,,HU,36.7N,71.7W,85,,,,,,,,,,,,,
AL,UNNAMED,1949,1,37,19490825,600,,HU,37.4N,67.7W,85,,,,,,,,,,,,,
AL,UNNAMED,1949,1,37,19490825,1200,,EX,38.2N,61.3W,80,963,,,,,,,,,,,,
AL,UNNAMED,1949,1,37,19490825,1800,,EX,39.6N,56.7W,75,,,,,,,,,,,,,
AL,UNNAMED,1949,1,37,19490826,0,,EX,41.3N,54.0W,70,,,,,,,,,,,,,
AL,UNNAMED,1949,1,37,19490826,600,,EX,43.0N,51.9W,65,,,,,,,,,,,,,
AL,UNNAMED,1949,1,37,19490826,1200,,EX,44.7N,50.0W,65,,,,,,,,,,,,,
AL,UNNAMED,1949,1,37,19490826,1800,,EX,46.1N,47.5W,60,,,,,,,,,,,,,
AL,UNNAMED,1949,1,37,19490827,0,,EX,47.4N,45.0W,60,,,,,,,,,,,,,
AL,UNNAMED,1949,1,37,19490827,600,,EX,49.2N,42.5W,55,,,,,,,,,,,,,
AL,UNNAMED,1949,1,37,19490827,1200,,EX,51.2N,40.0W,50,,,,,,,,,,,,,
AL,UNNAMED,1949,1,37,19490827,1800,,EX,52.8N,37.8W,50,,,,,,,,,,,,,
AL,UNNAMED,1949,1,37,19490828,0,,EX,54.2N,35.7W,50,,,,,,,,,,,,,
AL,UNNAMED,1949,1,37,19490828,600,,EX,56.0N,33.0W,45,,,,,,,,,,,,,
AL,UNNAMED,1949,1,37,19490828,1200,,EX,58.0N,30.0W,40,,,,,,,,,,,,,
AL,UNNAMED,1949,1,37,19490828,1800,,EX,60.0N,27.4W,40,,,,,,,,,,,,,
AL,UNNAMED,1949,1,37,19490829,0,,EX,61.5N,24.7W,50,,,,,,,,,,,,,
AL,UNNAMED,1949,1,37,19490829,600,,EX,62.9N,21.9W,45,,,,,,,,,,,,,
AL,UNNAMED,1949,1,37,19490829,1200,,EX,64.0N,19.0W,40,,,,,,,,,,,,,
AL,UNNAMED,1949,1,37,19490829,1800,,EX,65.0N,16.0W,40,,,,,,,,,,,,,
AL,UNNAMED,1949,1,37,19490830,0,,EX,66.0N,13.0W,35,,,,,,,,,,,,,
AL,UNNAMED,1949,2,40,19490823,600,,TS,18.0N,60.0W,50,,,,,,,,,,,,,
AL,UNNAMED,1949,2,40,19490823,1200,,TS,18.2N,61.4W,50,,,,,,,,,,,,,
AL,UNNAMED,1949,2,40,19490823,1800,,TS,18.5N,62.7W,55,,,,,,,,,,,,,
AL,UNNAMED,1949,2,40,19490824,0,,TS,19.0N,64.2W,60,,,,,,,,,,,,,
AL,UNNAMED,1949,2,40,19490824,600,,TS,19.7N,65.8W,60,,,,,,,,,,,,,
AL,UNNAMED,1949,2,40,19490824,1200,,HU,20.5N,67.3W,65,,,,,,,,,,,,,
AL,UNNAMED,1949,2,40,19490824,1800,,HU,21.3N,68.6W,70,,,,,,,,,,,,,
AL,UNNAMED,1949,2,40,19490825,0,,HU,22.1N,69.8W,70,,,,,,,,,,,,,
AL,UNNAMED,1949,2,40,19490825,600,,HU,23.0N,71.1W,75,,,,,,,,,,,,,
AL,UNNAMED,1949,2,40,19490825,1200,,HU,23.6N,72.4W,75,,,,,,,,,,,,,
AL,UNNAMED,1949,2,40,19490825,1800,,HU,24.0N,73.7W,80,,,,,,,,,,,,,
AL,UNNAMED,1949,2,40,19490826,0,,HU,24.2N,75.0W,90,,,,,,,,,,,,,
AL,UNNAMED,1949,2,40,19490826,600,,HU,24.6N,76.4W,100,,,,,,,,,,,,,
AL,UNNAMED,1949,2,40,19490826,1200,,HU,25.2N,77.8W,110,,,,,,,,,,,,,
AL,UNNAMED,1949,2,40,19490826,1800,,HU,25.9N,79.0W,115,,,,,,,,,,,,,
AL,UNNAMED,1949,2,40,19490826,2300,L,HU,26.6N,80.0W,115,954,,,,,,,,,,,,
AL,UNNAMED,1949,2,40,19490827,0,,HU,26.6N,80.1W,115,954,,,,,,,,,,,,
AL,UNNAMED,1949,2,40,19490827,600,,HU,27.3N,81.2W,85,965,,,,,,,,,,,,
AL,UNNAMED,1949,2,40,19490827,1200,,HU,28.2N,82.2W,65,974,,,,,,,,,,,,
AL,UNNAMED,1949,2,40,19490827,1800,,HU,29.1N,82.8W,65,980,,,,,,,,,,,,
AL,UNNAMED,1949,2,40,19490828,0,,HU,30.3N,82.9W,65,987,,,,,,,,,,,,
AL,UNNAMED,1949,2,40,19490828,600,,HU,31.8N,82.9W,65,988,,,,,,,,,,,,
AL,UNNAMED,1949,2,40,19490828,1200,,TS,33.2N,82.7W,55,996,,,,,,,,,,,,
AL,UNNAMED,1949,2,40,19490828,1800,,TS,34.7N,82.2W,50,1000,,,,,,,,,,,,
AL,UNNAMED,1949,2,40,19490829,0,,TS,36.4N,80.6W,50,1002,,,,,,,,,,,,
AL,UNNAMED,1949,2,40,19490829,600,,TS,38.6N,78.2W,50,1000,,,,,,,,,,,,
AL,UNNAMED,1949,2,40,19490829,1200,,TS,40.8N,76.6W,50,998,,,,,,,,,,,,
AL,UNNAMED,1949,2,40,19490829,1800,,EX,43.8N,72.5W,45,,,,,,,,,,,,,
AL,UNNAMED,1949,2,40,19490830,0,,EX,46.8N,68.2W,45,,,,,,,,,,,,,
AL,UNNAMED,1949,2,40,19490830,600,,EX,49.5N,64.9W,45,,,,,,,,,,,,,
AL,UNNAMED,1949,2,40,19490830,1200,,EX,52.2N,62.5W,45,,,,,,,,,,,,,
AL,UNNAMED,1949,2,40,19490830,1800,,EX,54.1N,59.2W,40,,,,,,,,,,,,,
AL,UNNAMED,1949,2,40,19490831,0,,EX,54.8N,54.7W,35,,,,,,,,,,,,,
AL,UNNAMED,1949,2,40,19490831,600,,EX,54.8N,51.0W,35,,,,,,,,,,,,,
AL,UNNAMED,1949,2,40,19490831,1200,,EX,54.9N,46.9W,35,,,,,,,,,,,,,
AL,UNNAMED,1949,2,40,19490831,1800,,EX,54.7N,42.0W,35,,,,,,,,,,,,,
AL,UNNAMED,1949,2,40,19490901,0,,EX,54.0N,35.0W,40,,,,,,,,,,,,,
AL,UNNAMED,1949,2,40,19490901,600,,EX,53.5N,25.0W,45,,,,,,,,,,,,,
AL,UNNAMED,1949,2,40,19490901,1200,,EX,53.2N,19.0W,50,,,,,,,,,,,,,
AL,UNNAMED,1949,2,40,19490901,1800,,EX,53.0N,17.0W,50,,,,,,,,,,,,,
AL,UNNAMED,1949,3,14,19490830,1800,,TD,11.9N,55.8W,30,,,,,,,,,,,,,
AL,UNNAMED,1949,3,14,19490831,0,,TD,12.2N,56.5W,30,,,,,,,,,,,,,
AL,UNNAMED,1949,3,14,19490831,600,,TS,12.6N,57.3W,35,,,,,,,,,,,,,
AL,UNNAMED,1949,3,14,19490831,1200,,TS,13.0N,58.1W,35,,,,,,,,,,,,,
AL,UNNAMED,1949,3,14,19490831,1800,,TS,13.3N,59.0W,40,,,,,,,,,,,,,
AL,UNNAMED,1949,3,14,19490901,0,,TS,13.6N,60.0W,40,,,,,,,,,,,,,
AL,UNNAMED,1949,3,14,19490901,600,L,TS,13.9N,61.0W,40,,,,,,,,,,,,,
AL,UNNAMED,1949,3,14,19490901,1200,,TS,14.2N,62.0W,40,,,,,,,,,,,,,
AL,UNNAMED,1949,3,14,19490901,1800,,TS,14.7N,63.2W,40,,,,,,,,,,,,,
AL,UNNAMED,1949,3,14,19490902,0,,TS,15.0N,64.4W,40,,,,,,,,,,,,,
AL,UNNAMED,1949,3,14,19490902,600,,TS,15.2N,65.2W,40,,,,,,,,,,,,,
AL,UNNAMED,1949,3,14,19490902,1200,,TS,15.3N,66.0W,40,,,,,,,,,,,,,
AL,UNNAMED,1949,3,14,19490902,1800,,TD,15.3N,66.9W,30,,,,,,,,,,,,,
AL,UNNAMED,1949,3,14,19490903,0,,TD,15.3N,68.0W,25,,,,,,,,,,,,,
AL,UNNAMED,1949,4,35,19490903,0,,TD,18.5N,65.4W,30,,,,,,,,,,,,,
AL,UNNAMED,1949,4,35,19490903,600,,TS,18.9N,65.9W,40,,,,,,,,,,,,,
AL,UNNAMED,1949,4,35,19490903,1200,,TS,19.8N,66.3W,55,,,,,,,,,,,,,
AL,UNNAMED,1949,4,35,19490903,1800,,HU,21.0N,66.6W,70,987,,,,,,,,,,,,
AL,UNNAMED,1949,4,35,19490904,0,,HU,22.1N,66.8W,65,,,,,,,,,,,,,
AL,UNNAMED,1949,4,35,19490904,600,,TS,23.0N,67.0W,60,995,,,,,,,,,,,,
AL,UNNAMED,1949,4,35,19490904,1200,,TS,23.5N,67.2W,60,994,,,,,,,,,,,,
AL,UNNAMED,1949,4,35,19490904,1800,,TS,24.1N,67.4W,60,994,,,,,,,,,,,,
AL,UNNAMED,1949,4,35,19490905,0,,HU,24.7N,67.4W,65,,,,,,,,,,,,,
AL,UNNAMED,1949,4,35,19490905,600,,HU,25.2N,67.2W,70,,,,,,,,,,,,,
AL,UNNAMED,1949,4,35,19490905,1200,,HU,25.6N,67.0W,75,,,,,,,,,,,,,
AL,UNNAMED,1949,4,35,19490905,1800,,HU,25.9N,66.7W,80,982,,,,,,,,,,,,
AL,UNNAMED,1949,4,35,19490906,0,,HU,26.0N,66.4W,90,974,,,,,,,,,,,,
AL,UNNAMED,1949,4,35,19490906,600,,HU,26.0N,65.9W,95,,,,,,,,,,,,,
AL,UNNAMED,1949,4,35,19490906,1200,,HU,26.1N,65.3W,100,,,,,,,,,,,,,
AL,UNNAMED,1949,4,35,19490906,1800,,HU,26.3N,64.9W,100,,,,,,,,,,,,,
AL,UNNAMED,1949,4,35,19490907,0,,HU,26.5N,64.7W,100,,,,,,,,,,,,,
AL,UNNAMED,1949,4,35,19490907,600,,HU,26.7N,64.5W,100,,,,,,,,,,,,,
AL,UNNAMED,1949,4,35,19490907,1200,,HU,27.2N,64.4W,100,,,,,,,,,,,,,
AL,UNNAMED,1949,4,35,19490907,1800,,HU,28.4N,64.4W,105,,,,,,,,,,,,,
AL,UNNAMED,1949,4,35,19490908,0,,HU,29.7N,64.3W,110,,,,,,,,,,,,,
AL,UNNAMED,1949,4,35,19490908,600,,HU,30.7N,64.1W,110,,,,,,,,,,,,,
AL,UNNAMED,1949,4,35,19490908,1200,,HU,31.7N,63.8W,110,,,,,,,,,,,,,
AL,UNNAMED,1949,4,35,19490908,1800,,HU,33.0N,63.2W,110,,,,,,,,,,,,,
AL,UNNAMED,1949,4,35,19490909,0,,HU,34.4N,62.1W,110,,,,,,,,,,,,,
AL,UNNAMED,1949,4,35,19490909,600,,HU,35.8N,61.0W,105,,,,,,,,,,,,,
AL,UNNAMED,1949,4,35,19490909,1200,,HU,37.6N,59.8W,95,,,,,,,,,,,,,
AL,UNNAMED,1949,4,35,19490909,1800,,HU,39.9N,58.7W,85,,,,,,,,,,,,,
AL,UNNAMED,1949,4,35,19490910,0,,HU,42.4N,57.8W,75,,,,,,,,,,,,,
AL,UNNAMED,1949,4,35,19490910,600,,EX,45.0N,56.3W,65,,,,,,,,,,,,,
AL,UNNAMED,1949,4,35,19490910,1200,,EX,48.9N,53.2W,60,,,,,,,,,,,,,
AL,UNNAMED,1949,4,35,19490910,1800,,EX,53.3N,50.9W,60,,,,,,,,,,,,,
AL,UNNAMED,1949,4,35,19490911,0,,EX,56.8N,48.8W,60,,,,,,,,,,,,,
AL,UNNAMED,1949,4,35,19490911,600,,EX,58.7N,47.7W,50,,,,,,,,,,,,,
AL,UNNAMED,1949,4,35,19490911,1200,,EX,61.0N,46.9W,45,,,,,,,,,,,,,
AL,UNNAMED,1949,5,11,19490903,600,,TS,23.7N,89.0W,35,,,,,,,,,,,,,
AL,UNNAMED,1949,5,11,19490903,1200,,TS,24.2N,89.0W,40,,,,,,,,,,,,,
AL,UNNAMED,1949,5,11,19490903,1800,,TS,25.0N,89.3W,45,,,,,,,,,,,,,
AL,UNNAMED,1949,5,11,19490904,0,,TS,26.3N,89.8W,50,,,,,,,,,,,,,
AL,UNNAMED,1949,5,11,19490904,600,,TS,27.8N,90.2W,50,,,,,,,,,,,,,
AL,UNNAMED,1949,5,11,19490904,1200,L,TS,29.3N,90.6W,50,,,,,,,,,,,,,
AL,UNNAMED,1949,5,11,19490904,1800,,TS,30.3N,90.8W,40,,,,,,,,,,,,,
AL,UNNAMED,1949,5,11,19490905,0,,TS,31.3N,90.6W,35,,,,,,,,,,,,,
AL,UNNAMED,1949,5,11,19490905,600,,TD,32.3N,90.1W,30,,,,,,,,,,,,,
AL,UNNAMED,1949,5,11,19490905,1200,,TD,33.4N,89.4W,25,,,,,,,,,,,,,
AL,UNNAMED,1949,5,11,19490905,1800,,TD,34.8N,88.5W,20,,,,,,,,,,,,,
AL,UNNAMED,1949,6,47,19490905,600,,TS,27.3N,40.4W,35,,,,,,,,,,,,,
AL,UNNAMED,1949,6,47,19490905,1200,,TS,28.3N,41.2W,35,,,,,,,,,,,,,
AL,UNNAMED,1949,6,47,19490905,1800,,TS,29.2N,42.0W,35,,,,,,,,,,,,,
AL,UNNAMED,1949,6,47,19490906,0,,TS,30.2N,42.8W,40,,,,,,,,,,,,,
AL,UNNAMED,1949,6,47,19490906,600,,TS,31.6N,43.5W,40,,,,,,,,,,,,,
AL,UNNAMED,1949,6,47,19490906,1200,,TS,32.9N,43.7W,40,,,,,,,,,,,,,
AL,UNNAMED,1949,6,47,19490906,1800,,TS,34.0N,43.5W,40,,,,,,,,,,,,,
AL,UNNAMED,1949,6,47,19490907,0,,TS,34.3N,42.7W,40,,,,,,,,,,,,,
AL,UNNAMED,1949,6,47,19490907,600,,TS,34.4N,41.7W,40,,,,,,,,,,,,,
AL,UNNAMED,1949,6,47,19490907,1200,,TS,34.5N,41.0W,40,,,,,,,,,,,,,
AL,UNNAMED,1949,6,47,19490907,1800,,TS,34.7N,41.0W,40,,,,,,,,,,,,,
AL,UNNAMED,1949,6,47,19490908,0,,TS,35.0N,40.7W,40,,,,,,,,,,,,,
AL,UNNAMED,1949,6,47,19490908,600,,TS,35.3N,41.0W,40,,,,,,,,,,,,,
AL,UNNAMED,1949,6,47,19490908,1200,,TS,35.5N,41.0W,40,,,,,,,,,,,,,
AL,UNNAMED,1949,6,47,19490908,1800,,TS,35.5N,40.7W,40,,,,,,,,,,,,,
AL,UNNAMED,1949,6,47,19490909,0,,TS,35.0N,40.7W,40,,,,,,,,,,,,,
AL,UNNAMED,1949,6,47,19490909,600,,TS,34.5N,41.9W,40,,,,,,,,,,,,,
AL,UNNAMED,1949,6,47,19490909,1200,,TS,34.2N,43.3W,40,,,,,,,,,,,,,
AL,UNNAMED,1949,6,47,19490909,1800,,TS,34.3N,43.8W,40,,,,,,,,,,,,,
AL,UNNAMED,1949,6,47,19490910,0,,TS,34.4N,44.2W,40,,,,,,,,,,,,,
AL,UNNAMED,1949,6,47,19490910,600,,TS,34.6N,44.5W,40,,,,,,,,,,,,,
AL,UNNAMED,1949,6,47,19490910,1200,,TS,35.2N,44.5W,40,,,,,,,,,,,,,
AL,UNNAMED,1949,6,47,19490910,1800,,TS,36.0N,44.6W,40,,,,,,,,,,,,,
AL,UNNAMED,1949,6,47,19490911,0,,TS,37.1N,44.6W,40,,,,,,,,,,,,,
AL,UNNAMED,1949,6,47,19490911,600,,TS,38.3N,44.2W,40,,,,,,,,,,,,,
AL,UNNAMED,1949,6,47,19490911,1200,,TS,39.6N,43.8W,40,,,,,,,,,,,,,
AL,UNNAMED,1949,6,47,19490911,1800,,TS,41.4N,43.0W,45,,,,,,,,,,,,,
AL,UNNAMED,1949,6,47,19490912,0,,TS,43.6N,41.1W,55,996,,,,,,,,,,,,
AL,UNNAMED,1949,6,47,19490912,600,,EX,46.0N,39.0W,55,,,,,,,,,,,,,
AL,UNNAMED,1949,6,47,19490912,1200,,EX,47.8N,37.5W,55,,,,,,,,,,,,,
AL,UNNAMED,1949,6,47,19490912,1800,,EX,48.5N,37.0W,55,,,,,,,,,,,,,
AL,UNNAMED,1949,6,47,19490913,0,,EX,48.4N,37.2W,60,,,,,,,,,,,,,
AL,UNNAMED,1949,6,47,19490913,600,,EX,48.0N,38.2W,60,,,,,,,,,,,,,
AL,UNNAMED,1949,6,47,19490913,1200,,EX,47.4N,39.5W,60,,,,,,,,,,,,,
AL,UNNAMED,1949,6,47,19490913,1800,,EX,46.7N,40.5W,60,,,,,,,,,,,,,
AL,UNNAMED,1949,6,47,19490914,0,,EX,45.9N,41.3W,65,,,,,,,,,,,,,
AL,UNNAMED,1949,6,47,19490914,600,,EX,45.2N,41.9W,65,,,,,,,,,,,,,
AL,UNNAMED,1949,6,47,19490914,1200,,EX,44.7N,42.2W,65,,,,,,,,,,,,,
AL,UNNAMED,1949,6,47,19490914,1800,,EX,44.2N,41.8W,65,,,,,,,,,,,,,
AL,UNNAMED,1949,6,47,19490915,0,,EX,43.7N,40.8W,65,,,,,,,,,,,,,
AL,UNNAMED,1949,6,47,19490915,600,,EX,43.2N,39.4W,55,,,,,,,,,,,,,
AL,UNNAMED,1949,6,47,19490915,1200,,EX,42.8N,38.0W,45,,,,,,,,,,,,,
AL,UNNAMED,1949,6,47,19490915,1800,,EX,42.8N,36.8W,40,,,,,,,,,,,,,
AL,UNNAMED,1949,6,47,19490916,0,,EX,43.0N,35.8W,35,,,,,,,,,,,,,
AL,UNNAMED,1949,6,47,19490916,600,,EX,43.7N,34.9W,35,,,,,,,,,,,,,
AL,UNNAMED,1949,6,47,19490916,1200,,EX,45.0N,34.0W,35,,,,,,,,,,,,,
AL,UNNAMED,1949,6,47,19490916,1800,,EX,46.5N,33.2W,30,,,,,,,,,,,,,
AL,UNNAMED,1949,7,14,19490911,1800,,EX,31.0N,72.8W,40,,,,,,,,,,,,,
AL,UNNAMED,1949,7,14,19490912,0,,EX,32.0N,72.5W,40,,,,,,,,,,,,,
AL,UNNAMED,1949,7,14,19490912,600,,EX,32.7N,73.0W,40,,,,,,,,,,,,,
AL,UNNAMED,1949,7,14,19490912,1200,,TS,33.2N,74.0W,40,,,,,,,,,,,,,
AL,UNNAMED,1949,7,14,19490912,1800,,TS,33.6N,75.1W,45,,,,,,,,,,,,,
AL,UNNAMED,1949,7,14,19490913,0,,TS,33.9N,76.3W,40,,,,,,,,,,,,,
AL,UNNAMED,1949,7,14,19490913,600,,TS,34.2N,77.6W,35,,,,,,,,,,,,,
AL,UNNAMED,1949,7,14,19490913,800,L,TS,34.3N,77.8W,35,,,,,,,,,,,,,
AL,UNNAMED,1949,7,14,19490913,1200,,TD,34.4N,78.7W,30,,,,,,,,,,,,,
AL,UNNAMED,1949,7,14,19490913,1800,,TD,34.5N,79.1W,25,,,,,,,,,,,,,
AL,UNNAMED,1949,7,14,19490914,0,,TD,34.9N,79.1W,25,,,,,,,,,,,,,
AL,UNNAMED,1949,7,14,19490914,600,,TD,35.3N,78.7W,25,,,,,,,,,,,,,
AL,UNNAMED,1949,7,14,19490914,1200,,TD,35.8N,78.0W,25,,,,,,,,,,,,,
AL,UNNAMED,1949,7,14,19490914,1800,,TD,36.6N,77.3W,25,,,,,,,,,,,,,
AL,UNNAMED,1949,8,16,19490913,600,,TS,16.0N,32.0W,35,,,,,,,,,,,,,
AL,UNNAMED,1949,8,16,19490913,1200,,TS,17.0N,32.6W,35,,,,,,,,,,,,,
AL,UNNAMED,1949,8,16,19490913,1800,,TS,17.8N,32.9W,35,,,,,,,,,,,,,
AL,UNNAMED,1949,8,16,19490914,0,,TS,18.8N,32.6W,40,,,,,,,,,,,,,
AL,UNNAMED,1949,8,16,19490914,600,,TS,20.0N,32.5W,40,,,,,,,,,,,,,
AL,UNNAMED,1949,8,16,19490914,1200,,TS,21.1N,32.3W,45,,,,,,,,,,,,,
AL,UNNAMED,1949,8,16,19490914,1800,,TS,21.8N,32.1W,50,,,,,,,,,,,,,
AL,UNNAMED,1949,8,16,19490915,0,,TS,22.7N,31.8W,50,,,,,,,,,,,,,
AL,UNNAMED,1949,8,16,19490915,600,,TS,23.6N,31.7W,50,,,,,,,,,,,,,
AL,UNNAMED,1949,8,16,19490915,1200,,TS,24.5N,31.5W,50,,,,,,,,,,,,,
AL,UNNAMED,1949,8,16,19490915,1800,,TS,25.4N,31.3W,50,,,,,,,,,,,,,
AL,UNNAMED,1949,8,16,19490916,0,,TS,26.4N,31.0W,45,,,,,,,,,,,,,
AL,UNNAMED,1949,8,16,19490916,600,,TS,27.6N,30.6W,40,,,,,,,,,,,,,
AL,UNNAMED,1949,8,16,19490916,1200,,TS,28.7N,30.1W,40,,,,,,,,,,,,,
AL,UNNAMED,1949,8,16,19490916,1800,,TS,29.4N,29.8W,35,,,,,,,,,,,,,
AL,UNNAMED,1949,8,16,19490917,0,,TD,30.0N,29.7W,30,,,,,,,,,,,,,
AL,UNNAMED,1949,9,27,19490920,1200,,TS,26.0N,91.8W,35,,,,,,,,,,,,,
AL,UNNAMED,1949,9,27,19490920,1800,,TS,26.4N,92.3W,35,,,,,,,,,,,,,
AL,UNNAMED,1949,9,27,19490921,0,,TS,26.6N,92.8W,40,,,,,,,,,,,,,
AL,UNNAMED,1949,9,27,19490921,600,,TS,26.6N,93.3W,40,,,,,,,,,,,,,
AL,UNNAMED,1949,9,27,19490921,1200,,TS,26.6N,93.5W,45,,,,,,,,,,,,,
AL,UNNAMED,1949,9,27,19490921,1800,,TS,26.6N,94.0W,50,,,,,,,,,,,,,
AL,UNNAMED,1949,9,27,19490922,0,,TS,26.2N,94.4W,50,,,,,,,,,,,,,
AL,UNNAMED,1949,9,27,19490922,600,,TS,25.8N,94.5W,50,,,,,,,,,,,,,
AL,UNNAMED,1949,9,27,19490922,1200,,TS,25.6N,94.5W,50,,,,,,,,,,,,,
AL,UNNAMED,1949,9,27,19490922,1800,,TS,25.5N,94.3W,50,,,,,,,,,,,,,
AL,UNNAMED,1949,9,27,19490923,0,,TS,25.3N,94.0W,50,,,,,,,,,,,,,
AL,UNNAMED,1949,9,27,19490923,600,,TS,24.8N,94.1W,50,,,,,,,,,,,,,
AL,UNNAMED,1949,9,27,19490923,1200,,TS,24.0N,94.2W,50,,,,,,,,,,,,,
AL,UNNAMED,1949,9,27,19490923,1800,,TS,22.8N,94.6W,55,,,,,,,,,,,,,
AL,UNNAMED,1949,9,27,19490924,0,,TS,22.2N,95.2W,60,,,,,,,,,,,,,
AL,UNNAMED,1949,9,27,19490924,600,,HU,22.0N,95.7W,65,,,,,,,,,,,,,
AL,UNNAMED,1949,9,27,19490924,1200,,HU,21.9N,96.1W,70,,,,,,,,,,,,,
AL,UNNAMED,1949,9,27,19490924,1800,,HU,21.9N,96.5W,75,,,,,,,,,,,,,
AL,UNNAMED,1949,9,27,19490925,0,,HU,21.6N,96.7W,80,,,,,,,,,,,,,
AL,UNNAMED,1949,9,27,19490925,600,,HU,21.2N,96.8W,80,,,,,,,,,,,,,
AL,UNNAMED,1949,9,27,19490925,1200,,HU,20.9N,96.6W,80,,,,,,,,,,,,,
AL,UNNAMED,1949,9,27,19490925,1800,,HU,20.6N,96.4W,75,,,,,,,,,,,,,
AL,UNNAMED,1949,9,27,19490926,0,,HU,20.3N,96.2W,65,,,,,,,,,,,,,
AL,UNNAMED,1949,9,27,19490926,600,,TS,19.7N,96.3W,55,,,,,,,,,,,,,
AL,UNNAMED,1949,9,27,19490926,800,L,TS,19.5N,96.3W,55,,,,,,,,,,,,,
AL,UNNAMED,1949,9,27,19490926,1200,,TS,19.0N,96.3W,35,,,,,,,,,,,,,
AL,UNNAMED,1949,9,27,19490926,1800,,TD,18.1N,96.5W,20,,,,,,,,,,,,,
AL,UNNAMED,1949,10,11,19490920,1200,,TS,14.2N,60.8W,40,,,,,,,,,,,,,
AL,UNNAMED,1949,10,11,19490920,1800,,TS,14.7N,61.8W,45,,,,,,,,,,,,,
AL,UNNAMED,1949,10,11,19490921,0,,TS,15.2N,62.9W,50,,,,,,,,,,,,,
AL,UNNAMED,1949,10,11,19490921,600,,TS,15.8N,64.1W,60,,,,,,,,,,,,,
AL,UNNAMED,1949,10,11,19490921,1200,,HU,16.4N,65.3W,65,,,,,,,,,,,,,
AL,UNNAMED,1949,10,11,19490921,1800,,HU,17.1N,66.6W,70,,,,,,,,,,,,,
AL,UNNAMED,1949,10,11,19490922,0,,HU,17.5N,67.6W,70,,,,,,,,,,,,,
AL,UNNAMED,1949,10,11,19490922,600,,HU,17.8N,68.6W,65,,,,,,,,,,,,,
AL,UNNAMED,1949,10,11,19490922,1200,,TS,18.2N,69.5W,55,,,,,,,,,,,,,
AL,UNNAMED,1949,10,11,19490922,1500,L,TS,18.4N,70.0W,55,,,,,,,,,,,,,
AL,UNNAMED,1949,10,11,19490922,1800,,TS,18.5N,70.6W,35,,,,,,,,,,,,,
AL,UNNAMED,1949,11,41,19490927,600,,TD,13.2N,90.0W,30,,,,,,,,,,,,,
AL,UNNAMED,1949,11,41,19490927,1200,,TD,13.3N,90.1W,30,,,,,,,,,,,,,
AL,UNNAMED,1949,11,41,19490927,1800,,TD,13.4N,90.2W,30,,,,,,,,,,,,,
AL,UNNAMED,1949,11,41,19490928,0,,TD,13.5N,90.2W,30,,,,,,,,,,,,,
AL,UNNAMED,1949,11,41,19490928,600,,TD,13.7N,90.2W,30,,,,,,,,,,,,,
AL,UNNAMED,1949,11,41,19490928,1200,,TD,14.0N,90.2W,30,,,,,,,,,,,,,
AL,UNNAMED,1949,11,41,19490928,1800,,TD,14.2N,90.3W,30,,,,,,,,,,,,,
AL,UNNAMED,1949,11,41,19490929,0,,TD,14.4N,90.5W,30,,,,,,,,,,,,,
AL,UNNAMED,1949,11,41,19490929,600,,TD,14.6N,90.7W,30,,,,,,,,,,,,,
AL,UNNAMED,1949,11,41,19490929,1200,,TD,15.0N,91.1W,30,,,,,,,,,,,,,
AL,UNNAMED,1949,11,41,19490929,1800,,TD,15.5N,90.9W,30,,,,,,,,,,,,,
AL,UNNAMED,1949,11,41,19490930,0,,TD,16.0N,90.9W,30,,,,,,,,,,,,,
AL,UNNAMED,1949,11,41,19490930,600,,TD,16.5N,90.8W,30,,,,,,,,,,,,,
AL,UNNAMED,1949,11,41,19490930,1200,,TD,17.0N,90.6W,30,,,,,,,,,,,,,
AL,UNNAMED,1949,11,41,19490930,1800,,TD,17.5N,90.5W,30,,,,,,,,,,,,,
AL,UNNAMED,1949,11,41,19491001,0,,TD,18.0N,90.7W,30,,,,,,,,,,,,,
AL,UNNAMED,1949,11,41,19491001,600,,TD,18.6N,91.5W,30,,,,,,,,,,,,,
AL,UNNAMED,1949,11,41,19491001,1200,,TS,19.1N,92.0W,35,,,,,,,,,,,,,
AL,UNNAMED,1949,11,41,19491001,1800,,TS,19.5N,92.3W,40,,,,,,,,,,,,,
AL,UNNAMED,1949,11,41,19491002,0,,TS,20.0N,92.7W,50,,,,,,,,,,,,,
AL,UNNAMED,1949,11,41,19491002,600,,TS,20.6N,93.5W,55,,,,,,,,,,,,,
AL,UNNAMED,1949,11,41,19491002,1200,,TS,21.3N,93.9W,60,,,,,,,,,,,,,
AL,UNNAMED,1949,11,41,19491002,1800,,HU,22.0N,94.3W,65,,,,,,,,,,,,,
AL,UNNAMED,1949,11,41,19491003,0,,HU,22.7N,94.6W,75,,,,,,,,,,,,,
AL,UNNAMED,1949,11,41,19491003,600,,HU,23.5N,95.0W,85,,,,,,,,,,,,,
AL,UNNAMED,1949,11,41,19491003,1200,,HU,24.7N,95.4W,95,,,,,,,,,,,,,
AL,UNNAMED,1949,11,41,19491003,1800,,HU,26.3N,95.5W,95,,,,,,,,,,,,,
AL,UNNAMED,1949,11,41,19491004,0,,HU,27.8N,95.6W,95,,,,,,,,,,,,,
AL,UNNAMED,1949,11,41,19491004,500,L,HU,28.8N,95.6W,95,965,,,,,,,,,,,,
AL,UNNAMED,1949,11,41,19491004,600,,HU,29.1N,95.6W,95,965,,,,,,,,,,,,
AL,UNNAMED,1949,11,41,19491004,1200,,TS,30.1N,95.2W,55,982,,,,,,,,,,,,
AL,UNNAMED,1949,11,41,19491004,1800,,TS,31.0N,95.0W,40,,,,,,,,,,,,,
AL,UNNAMED,1949,11,41,19491005,0,,TS,31.6N,94.8W,35,998,,,,,,,,,,,,
AL,UNNAMED,1949,11,41,19491005,600,,TD,32.1N,94.4W,30,,,,,,,,,,,,,
AL,UNNAMED,1949,11,41,19491005,1200,,TD,33.0N,93.9W,25,,,,,,,,,,,,,
AL,UNNAMED,1949,11,41,19491005,1800,,TD,34.1N,92.9W,25,,,,,,,,,,,,,
AL,UNNAMED,1949,11,41,19491006,0,,TD,35.4N,91.7W,25,,,,,,,,,,,,,
AL,UNNAMED,1949,11,41,19491006,600,,EX,37.7N,90.7W,25,,,,,,,,,,,,,
AL,UNNAMED,1949,11,41,19491006,1200,,EX,39.8N,89.6W,25,,,,,,,,,,,,,
AL,UNNAMED,1949,11,41,19491006,1800,,EX,41.9N,88.6W,25,,,,,,,,,,,,,
AL,UNNAMED,1949,11,41,19491007,0,,EX,43.9N,87.5W,25,,,,,,,,,,,,,
AL,UNNAMED,1949,12,21,19491002,1800,,TS,24.0N,56.8W,35,,,,,,,,,,,,,
AL,UNNAMED,1949,12,21,19491003,0,,TS,25.0N,56.8W,35,,,,,,,,,,,,,
AL,UNNAMED,1949,12,21,19491003,600,,TS,25.9N,56.7W,35,,,,,,,,,,,,,
AL,UNNAMED,1949,12,21,19491003,1200,,TS,26.5N,56.5W,40,,,,,,,,,,,,,
AL,UNNAMED,1949,12,21,19491003,1800,,TS,26.8N,56.3W,40,,,,,,,,,,,,,
AL,UNNAMED,1949,12,21,19491004,0,,TS,26.8N,56.1W,45,,,,,,,,,,,,,
AL,UNNAMED,1949,12,21,19491004,600,,TS,26.9N,55.8W,45,,,,,,,,,,,,,
AL,UNNAMED,1949,12,21,19491004,1200,,TS,27.2N,55.0W,50,,,,,,,,,,,,,
AL,UNNAMED,1949,12,21,19491004,1800,,TS,28.0N,53.6W,50,,,,,,,,,,,,,
AL,UNNAMED,1949,12,21,19491005,0,,TS,28.8N,51.8W,50,,,,,,,,,,,,,
AL,UNNAMED,1949,12,21,19491005,600,,TS,29.7N,49.8W,50,,,,,,,,,,,,,
AL,UNNAMED,1949,12,21,19491005,1200,,TS,30.5N,48.0W,50,,,,,,,,,,,,,
AL,UNNAMED,1949,12,21,19491005,1800,,TS,30.8N,46.5W,50,,,,,,,,,,,,,
AL,UNNAMED,1949,12,21,19491006,0,,TS,31.0N,45.5W,45,,,,,,,,,,,,,
AL,UNNAMED,1949,12,21,19491006,600,,TS,31.5N,44.4W,45,,,,,,,,,,,,,
AL,UNNAMED,1949,12,21,19491006,1200,,TS,32.0N,43.0W,45,,,,,,,,,,,,,
AL,UNNAMED,1949,12,21,19491006,1800,,TS,32.5N,41.6W,40,,,,,,,,,,,,,
AL,UNNAMED,1949,12,21,19491007,0,,TS,33.0N,40.2W,40,,,,,,,,,,,,,
AL,UNNAMED,1949,12,21,19491007,600,,TS,33.5N,38.8W,35,,,,,,,,,,,,,
AL,UNNAMED,1949,12,21,19491007,1200,,EX,34.0N,37.0W,35,,,,,,,,,,,,,
AL,UNNAMED,1949,12,21,19491007,1800,,EX,34.8N,34.5W,30,,,,,,,,,,,,,
AL,UNNAMED,1949,13,35,19491013,600,,TD,20.8N,74.7W,30,,,,,,,,,,,,,
AL,UNNAMED,1949,13,35,19491013,1200,,TD,21.5N,74.1W,30,,,,,,,,,,,,,
AL,UNNAMED,1949,13,35,19491013,1800,,TS,22.2N,73.5W,35,,,,,,,,,,,,,
AL,UNNAMED,1949,13,35,19491014,0,,TS,22.9N,72.9W,40,,,,,,,,,,,,,
AL,UNNAMED,1949,13,35,19491014,600,,TS,23.5N,72.4W,50,,,,,,,,,,,,,
AL,UNNAMED,1949,13,35,19491014,1200,,TS,24.2N,71.9W,60,,,,,,,,,,,,,
AL,UNNAMED,1949,13,35,19491014,1800,,HU,25.0N,71.4W,65,995,,,,,,,,,,,,
AL,UNNAMED,1949,13,35,19491015,0,,HU,25.9N,71.0W,70,,,,,,,,,,,,,
AL,UNNAMED,1949,13,35,19491015,600,,HU,26.8N,70.5W,75,,,,,,,,,,,,,
AL,UNNAMED,1949,13,35,19491015,1200,,HU,27.6N,70.0W,80,,,,,,,,,,,,,
AL,UNNAMED,1949,13,35,19491015,1800,,HU,29.2N,69.6W,80,,,,,,,,,,,,,
AL,UNNAMED,1949,13,35,19491016,0,,HU,30.9N,69.2W,80,,,,,,,,,,,,,
AL,UNNAMED,1949,13,35,19491016,600,,HU,32.6N,68.7W,80,,,,,,,,,,,,,
AL,UNNAMED,1949,13,35,19491016,1200,,HU,34.5N,68.0W,80,,,,,,,,,,,,,
AL,UNNAMED,1949,13,35,19491016,1800,,HU,35.5N,66.9W,75,,,,,,,,,,,,,
AL,UNNAMED,1949,13,35,19491017,0,,HU,35.9N,65.8W,65,,,,,,,,,,,,,
AL,UNNAMED,1949,13,35,19491017,600,,TS,36.3N,64.7W,60,,,,,,,,,,,,,
AL,UNNAMED,1949,13,35,19491017,1200,,TS,36.7N,63.6W,55,,,,,,,,,,,,,
AL,UNNAMED,1949,13,35,19491017,1800,,TS,37.1N,62.9W,55,,,,,,,,,,,,,
AL,UNNAMED,1949,13,35,19491018,0,,TS,37.2N,62.7W,55,,,,,,,,,,,,,
AL,UNNAMED,1949,13,35,19491018,600,,TS,37.3N,62.6W,55,,,,,,,,,,,,,
AL,UNNAMED,1949,13,35,19491018,1200,,TS,37.8N,62.5W,55,,,,,,,,,,,,,
AL,UNNAMED,1949,13,35,19491018,1800,,TS,38.9N,62.5W,55,,,,,,,,,,,,,
AL,UNNAMED,1949,13,35,19491019,0,,TS,40.0N,62.4W,50,,,,,,,,,,,,,
AL,UNNAMED,1949,13,35,19491019,600,,EX,41.2N,62.2W,50,,,,,,,,,,,,,
AL,UNNAMED,1949,13,35,19491019,1200,,EX,42.1N,61.9W,50,,,,,,,,,,,,,
AL,UNNAMED,1949,13,35,19491019,1800,,EX,43.0N,61.0W,50,,,,,,,,,,,,,
AL,UNNAMED,1949,13,35,19491020,0,,EX,43.0N,60.0W,45,,,,,,,,,,,,,
AL,UNNAMED,1949,13,35,19491020,600,,EX,42.5N,60.2W,40,,,,,,,,,,,,,
AL,UNNAMED,1949,13,35,19491020,1200,,EX,41.5N,60.8W,35,,,,,,,,,,,,,
AL,UNNAMED,1949,13,35,19491020,1800,,EX,41.7N,60.5W,35,,,,,,,,,,,,,
AL,UNNAMED,1949,13,35,19491021,0,,EX,42.5N,59.0W,35,,,,,,,,,,,,,
AL,UNNAMED,1949,13,35,19491021,600,,EX,43.5N,56.0W,35,,,,,,,,,,,,,
AL,UNNAMED,1949,13,35,19491021,1200,,EX,44.7N,51.0W,35,,,,,,,,,,,,,
AL,UNNAMED,1949,13,35,19491021,1800,,EX,45.0N,45.0W,35,,,,,,,,,,,,,
AL,UNNAMED,1949,14,17,19491013,600,,TS,21.8N,49.2W,35,,,,,,,,,,,,,
AL,UNNAMED,1949,14,17,19491013,1200,,TS,22.1N,50.1W,35,,,,,,,,,,,,,
AL,UNNAMED,1949,14,17,19491013,1800,,TS,22.5N,50.9W,35,,,,,,,,,,,,,
AL,UNNAMED,1949,14,17,19491014,0,,TS,22.9N,51.6W,35,,,,,,,,,,,,,
AL,UNNAMED,1949,14,17,19491014,600,,TS,23.3N,52.1W,40,,,,,,,,,,,,,
AL,UNNAMED,1949,14,17,19491014,1200,,TS,24.0N,52.3W,40,,,,,,,,,,,,,
AL,UNNAMED,1949,14,17,19491014,1800,,TS,25.2N,52.5W,45,,,,,,,,,,,,,
AL,UNNAMED,1949,14,17,19491015,0,,TS,26.8N,53.0W,50,,,,,,,,,,,,,
AL,UNNAMED,1949,14,17,19491015,600,,TS,28.1N,54.0W,50,,,,,,,,,,,,,
AL,UNNAMED,1949,14,17,19491015,1200,,TS,29.1N,55.0W,50,,,,,,,,,,,,,
AL,UNNAMED,1949,14,17,19491015,1800,,TS,30.2N,56.2W,50,,,,,,,,,,,,,
AL,UNNAMED,1949,14,17,19491016,0,,TS,32.1N,56.9W,50,,,,,,,,,,,,,
AL,UNNAMED,1949,14,17,19491016,600,,TS,33.6N,56.7W,45,,,,,,,,,,,,,
AL,UNNAMED,1949,14,17,19491016,1200,,TS,35.0N,55.7W,40,,,,,,,,,,,,,
AL,UNNAMED,1949,14,17,19491016,1800,,TS,36.1N,54.6W,35,,,,,,,,,,,,,
AL,UNNAMED,1949,14,17,19491017,0,,TS,37.2N,53.1W,35,,,,,,,,,,,,,
AL,UNNAMED,1949,14,17,19491017,600,,TS,38.0N,51.2W,35,,,,,,,,,,,,,
AL,UNNAMED,1949,15,19,19491101,1200,,TS,26.0N,45.5W,35,,,,,,,,,,,,,
AL,UNNAMED,1949,15,19,19491101,1800,,TS,25.0N,46.5W,40,,,,,,,,,,,,,
AL,UNNAMED,1949,15,19,19491102,0,,TS,24.1N,47.7W,40,,,,,,,,,,,,,
AL,UNNAMED,1949,15,19,19491102,600,,TS,23.3N,49.0W,40,,,,,,,,,,,,,
AL,UNNAMED,1949,15,19,19491102,1200,,TS,22.5N,51.0W,45,,,,,,,,,,,,,
AL,UNNAMED,1949,15,19,19491102,1800,,TS,21.8N,53.6W,45,,,,,,,,,,,,,
AL,UNNAMED,1949,15,19,19491103,0,,TS,21.2N,56.0W,45,,,,,,,,,,,,,
AL,UNNAMED,1949,15,19,19491103,600,,TS,20.8N,58.0W,45,,,,,,,,,,,,,
AL,UNNAMED,1949,15,19,19491103,1200,,TS,20.5N,60.0W,45,,,,,,,,,,,,,
AL,UNNAMED,1949,15,19,19491103,1800,,TS,20.8N,62.0W,45,,,,,,,,,,,,,
AL,UNNAMED,1949,15,19,19491104,0,,TS,21.5N,64.0W,40,,,,,,,,,,,,,
AL,UNNAMED,1949,15,19,19491104,600,,TS,22.4N,65.3W,35,,,,,,,,,,,,,
AL,UNNAMED,1949,15,19,19491104,1200,,TS,23.5N,66.0W,35,,,,,,,,,,,,,
AL,UNNAMED,1949,15,19,19491104,1800,,TD,25.0N,66.2W,30,,,,,,,,,,,,,
AL,UNNAMED,1949,15,19,19491105,0,,TD,26.7N,66.0W,30,,,,,,,,,,,,,
AL,UNNAMED,1949,15,19,19491105,600,,EX,29.0N,65.0W,30,,,,,,,,,,,,,
AL,UNNAMED,1949,15,19,19491105,1200,,EX,31.8N,63.5W,30,,,,,,,,,,,,,
AL,UNNAMED,1949,15,19,19491105,1800,,EX,36.0N,63.0W,30,,,,,,,,,,,,,
AL,UNNAMED,1949,15,19,19491106,0,,EX,41.5N,63.0W,30,,,,,,,,,,,,,
AL,UNNAMED,1949,16,9,19491103,600,,TS,18.0N,82.5W,35,,,,,,,,,,,,,
AL,UNNAMED,1949,16,9,19491103,1200,,TS,18.0N,83.2W,45,,,,,,,,,,,,,
AL,UNNAMED,1949,16,9,19491103,1800,,TS,17.5N,83.6W,55,993,,,,,,,,,,,,
AL,UNNAMED,1949,16,9,19491104,0,,TS,17.0N,83.9W,50,,,,,,,,,,,,,
AL,UNNAMED,1949,16,9,19491104,600,,TS,16.3N,84.1W,45,,,,,,,,,,,,,
AL,UNNAMED,1949,16,9,19491104,1200,,TS,15.8N,84.2W,40,,,,,,,,,,,,,
AL,UNNAMED,1949,16,9,19491104,1400,L,TS,15.6N,84.1W,40,,,,,,,,,,,,,
AL,UNNAMED,1949,16,9,19491104,1800,,TD,15.2N,83.9W,30,,,,,,,,,,,,,
AL,UNNAMED,1949,16,9,19491105,0,,TD,14.5N,83.6W,25,,,,,,,,,,,,,
AL,ABLE,1950,1,51,19500812,0,,TS,17.1N,55.5W,35,,,,,,,,,,,,,
AL,ABLE,1950,1,51,19500812,600,,TS,17.7N,56.3W,40,,,,,,,,,,,,,
AL,ABLE,1950,1,51,19500812,1200,,TS,18.2N,57.4W,45,,,,,,,,,,,,,
AL,ABLE,1950,1,51,19500812,1800,,TS,19.0N,58.6W,50,,,,,,,,,,,,,
AL,ABLE,1950,1,51,19500813,0,,TS,20.0N,60.0W,50,,,,,,,,,,,,,
AL,ABLE,1950,1,51,19500813,600,,TS,20.7N,61.1W,50,,,,,,,,,,,,,
AL,ABLE,1950,1,51,19500813,1200,,TS,21.3N,62.2W,55,,,,,,,,,,,,,
AL,ABLE,1950,1,51,19500813,1800,,TS,22.0N,63.2W,55,997,,,,,,,,,,,,
AL,ABLE,1950,1,51,19500814,0,,TS,22.7N,63.8W,60,995,,,,,,,,,,,,
AL,ABLE,1950,1,51,19500814,600,,TS,23.1N,64.6W,60,,,,,,,,,,,,,
AL,ABLE,1950,1,51,19500814,1200,,TS,23.4N,65.4W,60,995,,,,,,,,,,,,
AL,ABLE,1950,1,51,19500814,1800,,HU,23.9N,66.0W,65,989,,,,,,,,,,,,
AL,ABLE,1950,1,51,19500815,0,,HU,24.4N,66.2W,65,,,,,,,,,,,,,
AL,ABLE,1950,1,51,19500815,600,,HU,24.8N,66.5W,65,,,,,,,,,,,,,
AL,ABLE,1950,1,51,19500815,1200,,HU,25.2N,66.8W,70,987,,,,,,,,,,,,
AL,ABLE,1950,1,51,19500815,1800,,HU,25.5N,67.5W,75,,,,,,,,,,,,,
AL,ABLE,1950,1,51,19500816,0,,HU,25.7N,68.1W,80,,,,,,,,,,,,,
AL,ABLE,1950,1,51,19500816,600,,HU,25.7N,68.7W,80,,,,,,,,,,,,,
AL,ABLE,1950,1,51,19500816,1200,,HU,25.5N,69.3W,80,980,,,,,,,,,,,,
AL,ABLE,1950,1,51,19500816,1800,,HU,25.4N,69.8W,85,,,,,,,,,,,,,
AL,ABLE,1950,1,51,19500817,0,,HU,25.4N,70.6W,90,,,,,,,,,,,,,
AL,ABLE,1950,1,51,19500817,600,,HU,25.4N,71.5W,95,,,,,,,,,,,,,
AL,ABLE,1950,1,51,19500817,1200,,HU,25.5N,72.6W,100,962,,,,,,,,,,,,
AL,ABLE,1950,1,51,19500817,1800,,HU,25.9N,73.3W,100,,,,,,,,,,,,,
AL,ABLE,1950,1,51,19500818,0,,HU,26.7N,73.9W,100,,,,,,,,,,,,,
AL,ABLE,1950,1,51,19500818,600,,HU,27.3N,74.4W,100,,,,,,,,,,,,,
AL,ABLE,1950,1,51,19500818,1200,,HU,27.9N,74.9W,100,958,,,,,,,,,,,,
AL,ABLE,1950,1,51,19500818,1800,,HU,28.4N,75.3W,105,,,,,,,,,,,,,
AL,ABLE,1950,1,51,19500819,0,,HU,29.1N,75.5W,105,,,,,,,,,,,,,
AL,ABLE,1950,1,51,19500819,600,,HU,29.9N,75.5W,105,,,,,,,,,,,,,
AL,ABLE,1950,1,51,19500819,1200,,HU,30.7N,75.5W,105,953,,,,,,,,,,,,
AL,ABLE,1950,1,51,19500819,1800,,HU,31.7N,75.5W,110,,,,,,,,,,,,,
AL,ABLE,1950,1,51,19500820,0,,HU,32.8N,75.2W,110,,,,,,,,,,,,,
AL,ABLE,1950,1,51,19500820,600,,HU,34.4N,74.3W,105,,,,,,,,,,,,,
AL,ABLE,1950,1,51,19500820,1200,,HU,36.0N,72.7W,100,,,,,,,,,,,,,
AL,ABLE,1950,1,51,19500820,1800,,HU,37.6N,71.0W,90,,,,,,,,,,,,,
AL,ABLE,1950,1,51,19500821,0,,HU,39.3N,69.4W,80,,,,,,,,,,,,,
AL,ABLE,1950,1,51,19500821,600,,HU,41.2N,67.3W,70,,,,,,,,,,,,,
AL,ABLE,1950,1,51,19500821,1200,,HU,43.3N,65.0W,65,,,,,,,,,,,,,
AL,ABLE,1950,1,51,19500821,1600,L,HU,44.6N,63.7W,65,,,,,,,,,,,,,
AL,ABLE,1950,1,51,19500821,1800,,TS,45.5N,62.6W,45,,,,,,,,,,,,,
AL,ABLE,1950,1,51,19500822,0,,EX,47.9N,59.8W,35,,,,,,,,,,,,,
AL,ABLE,1950,1,51,19500822,600,,EX,50.0N,56.8W,30,,,,,,,,,,,,,
AL,ABLE,1950,1,51,19500822,1200,,EX,52.0N,53.8W,30,,,,,,,,,,,,,
AL,ABLE,1950,1,51,19500822,1800,,EX,53.6N,50.7W,30,,,,,,,,,,,,,
AL,ABLE,1950,1,51,19500823,0,,EX,54.7N,47.7W,35,,,,,,,,,,,,,
AL,ABLE,1950,1,51,19500823,600,,EX,55.3N,44.8W,35,,,,,,,,,,,,,
AL,ABLE,1950,1,51,19500823,1200,,EX,55.3N,41.8W,35,,,,,,,,,,,,,
AL,ABLE,1950,1,51,19500823,1800,,EX,54.5N,37.7W,30,,,,,,,,,,,,,
AL,ABLE,1950,1,51,19500824,0,,EX,53.5N,33.7W,30,,,,,,,,,,,,,
AL,ABLE,1950,1,51,19500824,600,,EX,52.5N,30.3W,30,,,,,,,,,,,,,
AL,BAKER,1950,2,60,19500818,1200,,TD,12.0N,54.0W,30,,,,,,,,,,,,,
AL,BAKER,1950,2,60,19500818,1800,,TD,12.5N,54.2W,30,,,,,,,,,,,,,
AL,BAKER,1950,2,60,19500819,0,,TD,13.0N,54.4W,30,,,,,,,,,,,,,
AL,BAKER,1950,2,60,19500819,600,,TD,13.5N,54.7W,30,,,,,,,,,,,,,
AL,BAKER,1950,2,60,19500819,1200,,TS,14.0N,55.0W,35,,,,,,,,,,,,,
AL,BAKER,1950,2,60,19500819,1800,,TS,14.5N,55.4W,40,,,,,,,,,,,,,
AL,BAKER,1950,2,60,19500820,0,,TS,15.0N,55.9W,45,,,,,,,,,,,,,
AL,BAKER,1950,2,60,19500820,600,,TS,15.5N,56.4W,50,,,,,,,,,,,,,
AL,BAKER,1950,2,60,19500820,1200,,TS,16.0N,57.0W,55,,,,,,,,,,,,,
AL,BAKER,1950,2,60,19500820,1800,,TS,16.3N,57.9W,60,,,,,,,,,,,,,
AL,BAKER,1950,2,60,19500821,0,,HU,16.6N,58.8W,65,,,,,,,,,,,,,
AL,BAKER,1950,2,60,19500821,600,,HU,16.8N,59.8W,70,,,,,,,,,,,,,
AL,BAKER,1950,2,60,19500821,1200,,HU,16.9N,60.6W,70,990,,,,,,,,,,,,
AL,BAKER,1950,2,60,19500821,1800,,HU,17.0N,61.0W,75,987,,,,,,,,,,,,
AL,BAKER,1950,2,60,19500822,0,,HU,17.0N,61.4W,85,,,,,,,,,,,,,
AL,BAKER,1950,2,60,19500822,600,,HU,16.9N,61.8W,75,,,,,,,,,,,,,
AL,BAKER,1950,2,60,19500822,1200,L,TS,16.8N,62.2W,60,,,,,,,,,,,,,
AL,BAKER,1950,2,60,19500822,1800,,TS,16.8N,62.9W,45,1003,,,,,,,,,,,,
AL,BAKER,1950,2,60,19500823,0,,TS,17.0N,64.0W,45,,,,,,,,,,,,,
AL,BAKER,1950,2,60,19500823,600,,TS,17.4N,65.1W,40,,,,,,,,,,,,,
AL,BAKER,1950,2,60,19500823,1200,,TS,17.8N,66.2W,35,,,,,,,,,,,,,
AL,BAKER,1950,2,60,19500823,1800,,TD,18.2N,67.3W,30,,,,,,,,,,,,,
AL,BAKER,1950,2,60,19500824,0,,TD,18.6N,68.6W,30,,,,,,,,,,,,,
AL,BAKER,1950,2,60,19500824,600,,TD,19.4N,70.0W,25,,,,,,,,,,,,,
AL,BAKER,1950,2,60,19500824,1200,,TD,20.3N,71.7W,30,,,,,,,,,,,,,
AL,BAKER,1950,2,60,19500824,1800,,TS,20.9N,73.4W,40,,,,,,,,,,,,,
AL,BAKER,1950,2,60,19500825,0,,TS,21.3N,74.8W,45,,,,,,,,,,,,,
AL,BAKER,1950,2,60,19500825,600,,TS,21.6N,76.6W,45,,,,,,,,,,,,,
AL,BAKER,1950,2,60,19500825,1200,,TS,21.7N,78.1W,35,,,,,,,,,,,,,
AL,BAKER,1950,2,60,19500825,1800,,TD,21.7N,79.1W,30,,,,,,,,,,,,,
AL,BAKER,1950,2,60,19500826,0,,TS,21.7N,80.1W,35,,,,,,,,,,,,,
AL,BAKER,1950,2,60,19500826,600,,TS,21.7N,81.2W,45,,,,,,,,,,,,,
AL,BAKER,1950,2,60,19500826,1200,,TS,21.8N,81.9W,45,,,,,,,,,,,,,
AL,BAKER,1950,2,60,19500826,1800,,TS,21.9N,82.5W,50,,,,,,,,,,,,,
AL,BAKER,1950,2,60,19500827,0,,TS,22.0N,83.2W,50,,,,,,,,,,,,,
AL,BAKER,1950,2,60,19500827,600,,TS,22.2N,84.0W,45,,,,,,,,,,,,,
AL,BAKER,1950,2,60,19500827,1200,,TS,22.3N,84.6W,50,,,,,,,,,,,,,
AL,BAKER,1950,2,60,19500827,1800,,TS,22.4N,85.3W,55,996,,,,,,,,,,,,
AL,BAKER,1950,2,60,19500828,0,,TS,22.6N,86.1W,55,,,,,,,,,,,,,
AL,BAKER,1950,2,60,19500828,600,,TS,22.8N,86.8W,55,,,,,,,,,,,,,
AL,BAKER,1950,2,60,19500828,1200,,TS,23.0N,87.2W,55,998,,,,,,,,,,,,
AL,BAKER,1950,2,60,19500828,1800,,TS,23.2N,87.5W,55,996,,,,,,,,,,,,
AL,BAKER,1950,2,60,19500829,0,,HU,23.5N,87.7W,65,,,,,,,,,,,,,
AL,BAKER,1950,2,60,19500829,600,,HU,23.7N,88.0W,75,,,,,,,,,,,,,
AL,BAKER,1950,2,60,19500829,1200,,HU,23.9N,88.3W,80,,,,,,,,,,,,,
AL,BAKER,1950,2,60,19500829,1800,,HU,24.1N,88.4W,85,,,,,,,,,,,,,
AL,BAKER,1950,2,60,19500830,0,,HU,24.7N,88.6W,90,,,,,,,,,,,,,
AL,BAKER,1950,2,60,19500830,600,,HU,25.7N,88.8W,90,,,,,,,,,,,,,
AL,BAKER,1950,2,60,19500830,1200,,HU,27.0N,89.0W,90,,,,,,,,,,,,,
AL,BAKER,1950,2,60,19500830,1800,,HU,28.2N,88.7W,85,,,,,,,,,,,,,
AL,BAKER,1950,2,60,19500831,0,,HU,29.4N,88.2W,75,979,,,,,,,,,,,,
AL,BAKER,1950,2,60,19500831,300,L,HU,30.2N,88.0W,75,979,,,,,,,,,,,,
AL,BAKER,1950,2,60,19500831,400,L,HU,30.7N,87.9W,75,,,,,,,,,,,,,
AL,BAKER,1950,2,60,19500831,600,,TS,31.1N,87.9W,60,,,,,,,,,,,,,
AL,BAKER,1950,2,60,19500831,1200,,TS,33.4N,88.2W,40,,,,,,,,,,,,,
AL,BAKER,1950,2,60,19500831,1800,,TS,34.8N,88.7W,35,,,,,,,,,,,,,
AL,BAKER,1950,2,60,19500901,0,,TD,36.0N,89.0W,25,,,,,,,,,,,,,
AL,BAKER,1950,2,60,19500901,600,,TD,36.7N,89.0W,20,,,,,,,,,,,,,
AL,BAKER,1950,2,60,19500901,1200,,TD,36.7N,89.2W,15,,,,,,,,,,,,,
AL,BAKER,1950,2,60,19500901,1800,,TD,37.0N,89.7W,15,,,,,,,,,,,,,
AL,CHARLIE,1950,3,61,19500821,1200,,TS,11.1N,26.4W,35,,,,,,,,,,,,,
AL,CHARLIE,1950,3,61,19500821,1800,,TS,11.0N,27.6W,35,,,,,,,,,,,,,
AL,CHARLIE,1950,3,61,19500822,0,,TS,10.9N,28.9W,35,,,,,,,,,,,,,
AL,CHARLIE,1950,3,61,19500822,600,,TS,10.8N,30.1W,35,,,,,,,,,,,,,
AL,CHARLIE,1950,3,61,19500822,1200,,TS,10.7N,31.4W,35,,,,,,,,,,,,,
AL,CHARLIE,1950,3,61,19500822,1800,,TS,10.6N,32.7W,35,,,,,,,,,,,,,
AL,CHARLIE,1950,3,61,19500823,0,,TS,10.6N,34.0W,35,,,,,,,,,,,,,
AL,CHARLIE,1950,3,61,19500823,600,,TS,10.6N,35.2W,35,,,,,,,,,,,,,
AL,CHARLIE,1950,3,61,19500823,1200,,TS,10.7N,36.4W,35,,,,,,,,,,,,,
AL,CHARLIE,1950,3,61,19500823,1800,,TS,10.8N,37.5W,35,,,,,,,,,,,,,
AL,CHARLIE,1950,3,61,19500824,0,,TS,11.0N,38.6W,35,,,,,,,,,,,,,
AL,CHARLIE,1950,3,61,19500824,600,,TS,11.2N,39.7W,35,,,,,,,,,,,,,
AL,CHARLIE,1950,3,61,19500824,1200,,TS,11.5N,40.7W,35,,,,,,,,,,,,,
AL,CHARLIE,1950,3,61,19500824,1800,,TS,11.9N,41.7W,40,,,,,,,,,,,,,
AL,CHARLIE,1950,3,61,19500825,0,,TS,12.4N,42.7W,40,,,,,,,,,,,,,
AL,CHARLIE,1950,3,61,19500825,600,,TS,12.9N,43.6W,40,,,,,,,,,,,,,
AL,CHARLIE,1950,3,61,19500825,1200,,TS,13.5N,44.5W,40,,,,,,,,,,,,,
AL,CHARLIE,1950,3,61,19500825,1800,,TS,14.2N,45.4W,40,,,,,,,,,,,,,
AL,CHARLIE,1950,3,61,19500826,0,,TS,14.9N,46.2W,45,,,,,,,,,,,,,
AL,CHARLIE,1950,3,61,19500826,600,,TS,15.7N,47.1W,45,,,,,,,,,,,,,
AL,CHARLIE,1950,3,61,19500826,1200,,TS,16.5N,48.0W,45,,,,,,,,,,,,,
AL,CHARLIE,1950,3,61,19500826,1800,,TS,17.3N,49.0W,45,,,,,,,,,,,,,
AL,CHARLIE,1950,3,61,19500827,0,,TS,18.1N,50.0W,50,,,,,,,,,,,,,
AL,CHARLIE,1950,3,61,19500827,600,,TS,18.9N,51.0W,55,,,,,,,,,,,,,
AL,CHARLIE,1950,3,61,19500827,1200,,TS,19.8N,52.0W,55,,,,,,,,,,,,,
AL,CHARLIE,1950,3,61,19500827,1800,,TS,20.9N,52.9W,60,,,,,,,,,,,,,
AL,CHARLIE,1950,3,61,19500828,0,,HU,22.3N,53.7W,65,,,,,,,,,,,,,
AL,CHARLIE,1950,3,61,19500828,600,,HU,23.8N,54.6W,70,,,,,,,,,,,,,
AL,CHARLIE,1950,3,61,19500828,1200,,HU,25.0N,55.5W,75,,,,,,,,,,,,,
AL,CHARLIE,1950,3,61,19500828,1800,,HU,26.1N,56.4W,80,,,,,,,,,,,,,
AL,CHARLIE,1950,3,61,19500829,0,,HU,27.1N,57.1W,80,,,,,,,,,,,,,
AL,CHARLIE,1950,3,61,19500829,600,,HU,28.3N,57.3W,80,,,,,,,,,,,,,
AL,CHARLIE,1950,3,61,19500829,1200,,HU,29.5N,57.5W,85,974,,,,,,,,,,,,
AL,CHARLIE,1950,3,61,19500829,1800,,HU,30.4N,57.5W,90,,,,,,,,,,,,,
AL,CHARLIE,1950,3,61,19500830,0,,HU,31.2N,57.1W,90,,,,,,,,,,,,,
AL,CHARLIE,1950,3,61,19500830,600,,HU,31.9N,56.6W,90,,,,,,,,,,,,,
AL,CHARLIE,1950,3,61,19500830,1200,,HU,32.5N,56.1W,90,,,,,,,,,,,,,
AL,CHARLIE,1950,3,61,19500830,1800,,HU,32.8N,56.0W,90,,,,,,,,,,,,,
AL,CHARLIE,1950,3,61,19500831,0,,HU,32.9N,56.2W,90,,,,,,,,,,,,,
AL,CHARLIE,1950,3,61,19500831,600,,HU,32.8N,56.4W,90,,,,,,,,,,,,,
AL,CHARLIE,1950,3,61,19500831,1200,,HU,32.8N,56.7W,95,,,,,,,,,,,,,
AL,CHARLIE,1950,3,61,19500831,1800,,HU,32.8N,57.3W,95,,,,,,,,,,,,,
AL,CHARLIE,1950,3,61,19500901,0,,HU,32.8N,57.9W,95,,,,,,,,,,,,,
AL,CHARLIE,1950,3,61,19500901,600,,HU,32.7N,58.4W,90,,,,,,,,,,,,,
AL,CHARLIE,1950,3,61,19500901,1200,,HU,32.6N,58.9W,85,,,,,,,,,,,,,
AL,CHARLIE,1950,3,61,19500901,1800,,HU,32.7N,59.5W,85,,,,,,,,,,,,,
AL,CHARLIE,1950,3,61,19500902,0,,HU,33.0N,60.1W,80,,,,,,,,,,,,,
AL,CHARLIE,1950,3,61,19500902,600,,HU,33.3N,60.7W,80,,,,,,,,,,,,,
AL,CHARLIE,1950,3,61,19500902,1200,,HU,33.7N,61.2W,75,,,,,,,,,,,,,
AL,CHARLIE,1950,3,61,19500902,1800,,HU,34.3N,61.4W,75,980,,,,,,,,,,,,
AL,CHARLIE,1950,3,61,19500903,0,,HU,34.9N,61.5W,75,,,,,,,,,,,,,
AL,CHARLIE,1950,3,61,19500903,600,,HU,35.4N,61.3W,75,,,,,,,,,,,,,
AL,CHARLIE,1950,3,61,19500903,1200,,HU,36.0N,61.0W,75,,,,,,,,,,,,,
AL,CHARLIE,1950,3,61,19500903,1800,,HU,36.3N,60.7W,70,,,,,,,,,,,,,
AL,CHARLIE,1950,3,61,19500904,0,,HU,36.6N,60.1W,65,,,,,,,,,,,,,
AL,CHARLIE,1950,3,61,19500904,600,,HU,37.1N,59.3W,65,,,,,,,,,,,,,
AL,CHARLIE,1950,3,61,19500904,1200,,TS,37.8N,58.2W,60,,,,,,,,,,,,,
AL,CHARLIE,1950,3,61,19500904,1800,,EX,38.6N,57.1W,55,,,,,,,,,,,,,
AL,CHARLIE,1950,3,61,19500905,0,,EX,40.0N,55.8W,55,,,,,,,,,,,,,
AL,CHARLIE,1950,3,61,19500905,600,,EX,42.2N,53.0W,50,,,,,,,,,,,,,
AL,CHARLIE,1950,3,61,19500905,1200,,EX,44.8N,47.4W,50,,,,,,,,,,,,,
AL,DOG,1950,4,74,19500830,1800,,HU,15.2N,55.6W,80,,,,,,,,,,,,,
AL,DOG,1950,4,74,19500831,0,,HU,15.5N,56.9W,90,,,,,,,,,,,,,
AL,DOG,1950,4,74,19500831,600,,HU,15.9N,58.1W,100,,,,,,,,,,,,,
AL,DOG,1950,4,74,19500831,1200,,HU,16.2N,59.2W,110,953,,,,,,,,,,,,
AL,DOG,1950,4,74,19500831,1800,,HU,16.5N,60.1W,115,,,,,,,,,,,,,
AL,DOG,1950,4,74,19500901,0,,HU,16.8N,60.9W,115,,,,,,,,,,,,,
AL,DOG,1950,4,74,19500901,600,,HU,17.2N,61.7W,115,,,,,,,,,,,,,
AL,DOG,1950,4,74,19500901,1200,,HU,17.7N,62.4W,110,,,,,,,,,,,,,
AL,DOG,1950,4,74,19500901,1800,,HU,18.2N,63.1W,105,,,,,,,,,,,,,
AL,DOG,1950,4,74,19500902,0,,HU,18.6N,63.5W,105,,,,,,,,,,,,,
AL,DOG,1950,4,74,19500902,600,,HU,19.1N,63.9W,100,,,,,,,,,,,,,
AL,DOG,1950,4,74,19500902,1200,,HU,19.5N,64.3W,100,962,,,,,,,,,,,,
AL,DOG,1950,4,74,19500902,1800,,HU,20.1N,64.7W,105,,,,,,,,,,,,,
AL,DOG,1950,4,74,19500903,0,,HU,20.6N,64.9W,105,,,,,,,,,,,,,
AL,DOG,1950,4,74,19500903,600,,HU,21.1N,65.0W,105,,,,,,,,,,,,,
AL,DOG,1950,4,74,19500903,1200,,HU,21.6N,65.1W,105,,,,,,,,,,,,,
AL,DOG,1950,4,74,19500903,1800,,HU,22.1N,65.2W,105,,,,,,,,,,,,,
AL,DOG,1950,4,74,19500904,0,,HU,22.4N,65.4W,105,,,,,,,,,,,,,
AL,DOG,1950,4,74,19500904,600,,HU,22.7N,65.7W,105,,,,,,,,,,,,,
AL,DOG,1950,4,74,19500904,1200,,HU,23.1N,66.0W,105,,,,,,,,,,,,,
AL,DOG,1950,4,74,19500904,1800,,HU,23.4N,66.4W,110,,,,,,,,,,,,,
AL,DOG,1950,4,74,19500905,0,,HU,23.7N,66.8W,115,,,,,,,,,,,,,
AL,DOG,1950,4,74,19500905,600,,HU,24.1N,67.3W,120,,,,,,,,,,,,,
AL,DOG,1950,4,74,19500905,1200,,HU,24.6N,67.7W,125,,,,,,,,,,,,,
AL,DOG,1950,4,74,19500905,1800,,HU,25.3N,68.2W,125,,,,,,,,,,,,,
AL,DOG,1950,4,74,19500906,0,,HU,26.1N,68.4W,125,,,,,,,,,,,,,
AL,DOG,1950,4,74,19500906,600,,HU,26.8N,68.4W,120,,,,,,,,,,,,,
AL,DOG,1950,4,74,19500906,1200,,HU,27.5N,68.2W,120,,,,,,,,,,,,,
AL,DOG,1950,4,74,19500906,1800,,HU,28.2N,68.1W,120,,,,,,,,,,,,,
AL,DOG,1950,4,74,19500907,0,,HU,28.9N,68.0W,115,,,,,,,,,,,,,
AL,DOG,1950,4,74,19500907,600,,HU,29.6N,67.9W,105,,,,,,,,,,,,,
AL,DOG,1950,4,74,19500907,1200,,HU,30.2N,67.6W,100,,,,,,,,,,,,,
AL,DOG,1950,4,74,19500907,1800,,HU,30.4N,67.4W,85,972,,,,,,,,,,,,
AL,DOG,1950,4,74,19500908,0,,HU,30.6N,67.3W,80,,,,,,,,,,,,,
AL,DOG,1950,4,74,19500908,600,,HU,30.8N,67.4W,75,,,,,,,,,,,,,
AL,DOG,1950,4,74,19500908,1200,,HU,30.9N,67.6W,75,,,,,,,,,,,,,
AL,DOG,1950,4,74,19500908,1800,,HU,31.0N,67.9W,75,,,,,,,,,,,,,
AL,DOG,1950,4,74,19500909,0,,HU,31.0N,68.2W,70,,,,,,,,,,,,,
AL,DOG,1950,4,74,19500909,600,,HU,30.9N,68.5W,70,,,,,,,,,,,,,
AL,DOG,1950,4,74,19500909,1200,,HU,30.6N,68.9W,70,,,,,,,,,,,,,
AL,DOG,1950,4,74,19500909,1800,,HU,30.5N,69.3W,65,987,,,,,,,,,,,,
AL,DOG,1950,4,74,19500910,0,,HU,30.4N,70.0W,65,,,,,,,,,,,,,
AL,DOG,1950,4,74,19500910,600,,HU,30.5N,70.6W,65,,,,,,,,,,,,,
AL,DOG,1950,4,74,19500910,1200,,HU,31.0N,71.0W,65,986,,,,,,,,,,,,
AL,DOG,1950,4,74,19500910,1800,,HU,32.0N,71.5W,65,986,,,,,,,,,,,,
AL,DOG,1950,4,74,19500911,0,,HU,33.3N,72.1W,75,982,,,,,,,,,,,,
AL,DOG,1950,4,74,19500911,600,,HU,34.9N,72.2W,80,978,,,,,,,,,,,,
AL,DOG,1950,4,74,19500911,1200,,HU,36.4N,71.9W,85,974,,,,,,,,,,,,
AL,DOG,1950,4,74,19500911,1800,,HU,37.9N,71.4W,85,972,,,,,,,,,,,,
AL,DOG,1950,4,74,19500912,0,,EX,39.0N,70.0W,80,,,,,,,,,,,,,
AL,DOG,1950,4,74,19500912,600,,EX,39.7N,68.4W,75,,,,,,,,,,,,,
AL,DOG,1950,4,74,19500912,1200,,EX,40.4N,66.9W,70,979,,,,,,,,,,,,
AL,DOG,1950,4,74,19500912,1800,,EX,41.1N,65.7W,70,,,,,,,,,,,,,
AL,DOG,1950,4,74,19500913,0,,EX,41.5N,64.4W,70,,,,,,,,,,,,,
AL,DOG,1950,4,74,19500913,600,,EX,41.9N,62.7W,65,,,,,,,,,,,,,
AL,DOG,1950,4,74,19500913,1200,,EX,42.2N,60.7W,60,,,,,,,,,,,,,
AL,DOG,1950,4,74,19500913,1800,,EX,42.3N,58.3W,55,,,,,,,,,,,,,
AL,DOG,1950,4,74,19500914,0,,EX,42.3N,55.9W,55,,,,,,,,,,,,,
AL,DOG,1950,4,74,19500914,600,,EX,42.5N,53.2W,50,,,,,,,,,,,,,
AL,DOG,1950,4,74,19500914,1200,,EX,42.8N,50.0W,50,,,,,,,,,,,,,
AL,DOG,1950,4,74,19500914,1800,,EX,43.0N,45.5W,50,,,,,,,,,,,,,
AL,DOG,1950,4,74,19500915,0,,EX,43.4N,41.5W,55,,,,,,,,,,,,,
AL,DOG,1950,4,74,19500915,600,,EX,44.5N,37.5W,60,,,,,,,,,,,,,
AL,DOG,1950,4,74,19500915,1200,,EX,46.0N,33.2W,60,,,,,,,,,,,,,
AL,DOG,1950,4,74,19500915,1800,,EX,47.5N,28.5W,60,,,,,,,,,,,,,
AL,DOG,1950,4,74,19500916,0,,EX,49.2N,23.2W,65,,,,,,,,,,,,,
AL,DOG,1950,4,74,19500916,600,,EX,50.9N,18.6W,65,,,,,,,,,,,,,
AL,DOG,1950,4,74,19500916,1200,,EX,52.8N,14.7W,65,,,,,,,,,,,,,
AL,DOG,1950,4,74,19500916,1800,,EX,54.3N,11.6W,65,,,,,,,,,,,,,
AL,DOG,1950,4,74,19500917,0,,EX,55.6N,9.1W,65,,,,,,,,,,,,,
AL,DOG,1950,4,74,19500917,600,,EX,56.8N,6.6W,65,,,,,,,,,,,,,
AL,DOG,1950,4,74,19500917,1200,,EX,57.8N,4.5W,60,,,,,,,,,,,,,
AL,DOG,1950,4,74,19500917,1800,,EX,58.8N,3.8W,55,,,,,,,,,,,,,
AL,DOG,1950,4,74,19500918,0,,EX,59.8N,3.8W,55,,,,,,,,,,,,,
AL,EASY,1950,5,39,19500901,600,,TS,19.7N,83.2W,40,,,,,,,,,,,,,
AL,EASY,1950,5,39,19500901,1200,,TS,19.9N,83.2W,45,,,,,,,,,,,,,
AL,EASY,1950,5,39,19500901,1800,,TS,20.1N,83.2W,50,,,,,,,,,,,,,
AL,EASY,1950,5,39,19500902,0,,TS,20.3N,83.2W,50,,,,,,,,,,,,,
AL,EASY,1950,5,39,19500902,600,,TS,20.5N,83.3W,55,,,,,,,,,,,,,
AL,EASY,1950,5,39,19500902,1200,,TS,20.7N,83.3W,55,996,,,,,,,,,,,,
AL,EASY,1950,5,39,19500902,1800,,TS,20.9N,83.2W,55,995,,,,,,,,,,,,
AL,EASY,1950,5,39,19500903,0,,HU,21.4N,82.7W,70,,,,,,,,,,,,,
AL,EASY,1950,5,39,19500903,100,L,HU,21.5N,82.6W,70,,,,,,,,,,,,,
AL,EASY,1950,5,39,19500903,600,,HU,22.4N,82.4W,80,,,,,,,,,,,,,
AL,EASY,1950,5,39,19500903,700,L,HU,22.7N,82.3W,80,,,,,,,,,,,,,
AL,EASY,1950,5,39,19500903,1200,,HU,23.8N,82.3W,75,980,,,,,,,,,,,,
AL,EASY,1950,5,39,19500903,1800,,HU,24.9N,82.6W,75,980,,,,,,,,,,,,
AL,EASY,1950,5,39,19500904,0,,HU,26.2N,82.8W,80,,,,,,,,,,,,,
AL,EASY,1950,5,39,19500904,600,,HU,27.1N,83.3W,85,,,,,,,,,,,,,
AL,EASY,1950,5,39,19500904,1200,,HU,27.7N,83.5W,85,973,,,,,,,,,,,,
AL,EASY,1950,5,39,19500904,1800,,HU,28.0N,83.8W,85,973,,,,,,,,,,,,
AL,EASY,1950,5,39,19500905,0,,HU,28.1N,83.7W,95,,,,,,,,,,,,,
AL,EASY,1950,5,39,19500905,600,,HU,28.5N,83.3W,105,,,,,,,,,,,,,
AL,EASY,1950,5,39,19500905,1200,,HU,28.8N,83.0W,105,,,,,,,,,,,,,
AL,EASY,1950,5,39,19500905,1700,L,HU,29.1N,82.8W,105,960,,,,,,,,,,,,
AL,EASY,1950,5,39,19500905,1800,,HU,29.1N,82.8W,105,960,,,,,,,,,,,,
AL,EASY,1950,5,39,19500906,0,,HU,28.7N,82.8W,95,,,,,,,,,,,,,
AL,EASY,1950,5,39,19500906,400,L,HU,28.5N,82.7W,90,,,,,,,,,,,,,
AL,EASY,1950,5,39,19500906,600,,HU,28.4N,82.6W,75,,,,,,,,,,,,,
AL,EASY,1950,5,39,19500906,1200,,TS,28.2N,82.1W,60,,,,,,,,,,,,,
AL,EASY,1950,5,39,19500906,1800,,TS,28.6N,81.7W,40,,,,,,,,,,,,,
AL,EASY,1950,5,39,19500907,0,,TS,29.3N,81.6W,40,,,,,,,,,,,,,
AL,EASY,1950,5,39,19500907,600,,TS,30.2N,81.9W,35,,,,,,,,,,,,,
AL,EASY,1950,5,39,19500907,1200,,TD,31.2N,83.0W,30,,,,,,,,,,,,,
AL,EASY,1950,5,39,19500907,1800,,TD,32.0N,84.8W,25,,,,,,,,,,,,,
AL,EASY,1950,5,39,19500908,0,,TD,33.1N,85.9W,25,,,,,,,,,,,,,
AL,EASY,1950,5,39,19500908,600,,TD,33.9N,87.0W,20,,,,,,,,,,,,,
AL,EASY,1950,5,39,19500908,1200,,TD,35.2N,88.3W,20,,,,,,,,,,,,,
AL,EASY,1950,5,39,19500908,1800,,TD,35.2N,88.5W,20,,,,,,,,,,,,,
AL,EASY,1950,5,39,19500909,0,,TD,35.3N,89.3W,20,,,,,,,,,,,,,
AL,EASY,1950,5,39,19500909,600,,TD,35.0N,89.8W,20,,,,,,,,,,,,,
AL,EASY,1950,5,39,19500909,1200,,TD,35.6N,89.9W,20,,,,,,,,,,,,,
AL,EASY,1950,5,39,19500909,1800,,TD,35.9N,90.2W,20,,,,,,,,,,,,,
AL,FOX,1950,6,38,19500908,600,,TS,15.5N,41.0W,40,,,,,,,,,,,,,
AL,FOX,1950,6,38,19500908,1200,,TS,15.5N,41.8W,40,,,,,,,,,,,,,
AL,FOX,1950,6,38,19500908,1800,,TS,15.6N,42.8W,40,,,,,,,,,,,,,
AL,FOX,1950,6,38,19500909,0,,TS,15.7N,43.8W,45,,,,,,,,,,,,,
AL,FOX,1950,6,38,19500909,600,,TS,15.9N,44.6W,45,,,,,,,,,,,,,
AL,FOX,1950,6,38,19500909,1200,,TS,16.1N,45.3W,50,,,,,,,,,,,,,
AL,FOX,1950,6,38,19500909,1800,,TS,16.4N,46.0W,50,,,,,,,,,,,,,
AL,FOX,1950,6,38,19500910,0,,TS,16.7N,46.7W,50,,,,,,,,,,,,,
AL,FOX,1950,6,38,19500910,600,,TS,17.1N,47.3W,55,,,,,,,,,,,,,
AL,FOX,1950,6,38,19500910,1200,,TS,17.5N,48.0W,55,,,,,,,,,,,,,
AL,FOX,1950,6,38,19500910,1800,,TS,17.9N,48.8W,55,995,,,,,,,,,,,,
AL,FOX,1950,6,38,19500911,0,,TS,18.3N,49.6W,60,,,,,,,,,,,,,
AL,FOX,1950,6,38,19500911,600,,HU,18.7N,50.2W,65,,,,,,,,,,,,,
AL,FOX,1950,6,38,19500911,1200,,HU,19.1N,50.7W,70,,,,,,,,,,,,,
AL,FOX,1950,6,38,19500911,1800,,HU,19.6N,51.2W,75,986,,,,,,,,,,,,
AL,FOX,1950,6,38,19500912,0,,HU,20.2N,51.8W,75,,,,,,,,,,,,,
AL,FOX,1950,6,38,19500912,600,,HU,21.0N,52.5W,80,,,,,,,,,,,,,
AL,FOX,1950,6,38,19500912,1200,,HU,21.7N,53.4W,80,,,,,,,,,,,,,
AL,FOX,1950,6,38,19500912,1800,,HU,22.3N,54.2W,85,977,,,,,,,,,,,,
AL,FOX,1950,6,38,19500913,0,,HU,22.7N,55.0W,90,,,,,,,,,,,,,
AL,FOX,1950,6,38,19500913,600,,HU,22.9N,55.8W,95,,,,,,,,,,,,,
AL,FOX,1950,6,38,19500913,1200,,HU,23.1N,56.5W,95,,,,,,,,,,,,,
AL,FOX,1950,6,38,19500913,1800,,HU,23.3N,57.2W,100,,,,,,,,,,,,,
AL,FOX,1950,6,38,19500914,0,,HU,23.6N,57.8W,105,,,,,,,,,,,,,
AL,FOX,1950,6,38,19500914,600,,HU,23.8N,58.4W,110,,,,,,,,,,,,,
AL,FOX,1950,6,38,19500914,1200,,HU,24.1N,58.9W,115,,,,,,,,,,,,,
AL,FOX,1950,6,38,19500914,1800,,HU,24.9N,59.4W,120,,,,,,,,,,,,,
AL,FOX,1950,6,38,19500915,0,,HU,25.9N,59.7W,120,,,,,,,,,,,,,
AL,FOX,1950,6,38,19500915,600,,HU,27.0N,59.8W,120,,,,,,,,,,,,,
AL,FOX,1950,6,38,19500915,1200,,HU,28.2N,59.7W,120,946,,,,,,,,,,,,
AL,FOX,1950,6,38,19500915,1800,,HU,30.2N,59.3W,115,,,,,,,,,,,,,
AL,FOX,1950,6,38,19500916,0,,HU,32.6N,58.2W,110,,,,,,,,,,,,,
AL,FOX,1950,6,38,19500916,600,,HU,34.7N,56.5W,105,,,,,,,,,,,,,
AL,FOX,1950,6,38,19500916,1200,,HU,36.5N,54.5W,100,,,,,,,,,,,,,
AL,FOX,1950,6,38,19500916,1800,,HU,37.8N,52.2W,90,,,,,,,,,,,,,
AL,FOX,1950,6,38,19500917,0,,HU,39.5N,48.5W,85,,,,,,,,,,,,,
AL,FOX,1950,6,38,19500917,600,,HU,42.5N,43.5W,70,,,,,,,,,,,,,
AL,FOX,1950,6,38,19500917,1200,,EX,45.5N,39.5W,55,,,,,,,,,,,,,
AL,GEORGE,1950,7,42,19500927,600,,TS,24.6N,51.0W,35,,,,,,,,,,,,,
AL,GEORGE,1950,7,42,19500927,1200,,TS,25.2N,51.5W,35,,,,,,,,,,,,,
AL,GEORGE,1950,7,42,19500927,1800,,TS,25.7N,52.0W,35,,,,,,,,,,,,,
AL,GEORGE,1950,7,42,19500928,0,,TS,26.3N,52.5W,40,,,,,,,,,,,,,
AL,GEORGE,1950,7,42,19500928,600,,TS,27.1N,53.1W,40,,,,,,,,,,,,,
AL,GEORGE,1950,7,42,19500928,1200,,TS,27.8N,54.0W,40,,,,,,,,,,,,,
AL,GEORGE,1950,7,42,19500928,1800,,TS,28.3N,55.0W,40,,,,,,,,,,,,,
AL,GEORGE,1950,7,42,19500929,0,,TS,28.7N,56.0W,40,,,,,,,,,,,,,
AL,GEORGE,1950,7,42,19500929,600,,TS,28.9N,57.2W,40,,,,,,,,,,,,,
AL,GEORGE,1950,7,42,19500929,1200,,TS,29.0N,58.5W,40,,,,,,,,,,,,,
AL,GEORGE,1950,7,42,19500929,1800,,TS,29.1N,59.6W,40,,,,,,,,,,,,,
AL,GEORGE,1950,7,42,19500930,0,,TS,29.2N,60.8W,40,,,,,,,,,,,,,
AL,GEORGE,1950,7,42,19500930,600,,TS,29.3N,62.0W,40,,,,,,,,,,,,,
AL,GEORGE,1950,7,42,19500930,1200,,TS,29.4N,63.0W,45,,,,,,,,,,,,,
AL,GEORGE,1950,7,42,19500930,1800,,TS,29.5N,63.4W,50,,,,,,,,,,,,,
AL,GEORGE,1950,7,42,19501001,0,,TS,29.6N,63.7W,55,,,,,,,,,,,,,
AL,GEORGE,1950,7,42,19501001,600,,TS,29.7N,64.0W,60,,,,,,,,,,,,,
AL,GEORGE,1950,7,42,19501001,1200,,HU,29.8N,64.3W,65,,,,,,,,,,,,,
AL,GEORGE,1950,7,42,19501001,1800,,HU,29.8N,64.5W,70,978,,,,,,,,,,,,
AL,GEORGE,1950,7,42,19501002,0,,HU,30.0N,64.7W,75,,,,,,,,,,,,,
AL,GEORGE,1950,7,42,19501002,600,,HU,30.4N,64.9W,80,,,,,,,,,,,,,
AL,GEORGE,1950,7,42,19501002,1200,,HU,30.8N,65.1W,85,,,,,,,,,,,,,
AL,GEORGE,1950,7,42,19501002,1800,,HU,31.0N,65.7W,85,,,,,,,,,,,,,
AL,GEORGE,1950,7,42,19501003,0,,HU,31.2N,66.2W,90,,,,,,,,,,,,,
AL,GEORGE,1950,7,42,19501003,600,,HU,31.5N,66.8W,90,,,,,,,,,,,,,
AL,GEORGE,1950,7,42,19501003,1200,,HU,31.9N,67.5W,90,969,,,,,,,,,,,,
AL,GEORGE,1950,7,42,19501003,1800,,HU,32.9N,67.8W,95,,,,,,,,,,,,,
AL,GEORGE,1950,7,42,19501004,0,,HU,34.2N,68.0W,95,,,,,,,,,,,,,
AL,GEORGE,1950,7,42,19501004,600,,HU,35.7N,67.3W,95,,,,,,,,,,,,,
AL,GEORGE,1950,7,42,19501004,1200,,HU,37.3N,65.7W,95,960,,,,,,,,,,,,
AL,GEORGE,1950,7,42,19501004,1800,,HU,39.1N,63.7W,95,,,,,,,,,,,,,
AL,GEORGE,1950,7,42,19501005,0,,EX,41.4N,60.7W,85,,,,,,,,,,,,,
AL,GEORGE,1950,7,42,19501005,600,,EX,44.3N,56.6W,70,,,,,,,,,,,,,
AL,GEORGE,1950,7,42,19501005,1200,,EX,47.2N,51.2W,65,,,,,,,,,,,,,
AL,GEORGE,1950,7,42,19501005,1800,,EX,49.9N,45.9W,60,,,,,,,,,,,,,
AL,GEORGE,1950,7,42,19501006,0,,EX,52.5N,39.7W,55,,,,,,,,,,,,,
AL,GEORGE,1950,7,42,19501006,600,,EX,54.9N,34.1W,55,,,,,,,,,,,,,
AL,GEORGE,1950,7,42,19501006,1200,,EX,57.3N,28.6W,55,,,,,,,,,,,,,
AL,GEORGE,1950,7,42,19501006,1800,,EX,58.7N,24.7W,55,,,,,,,,,,,,,
AL,GEORGE,1950,7,42,19501007,0,,EX,59.5N,21.0W,55,,,,,,,,,,,,,
AL,GEORGE,1950,7,42,19501007,600,,EX,60.5N,15.2W,55,,,,,,,,,,,,,
AL,GEORGE,1950,7,42,19501007,1200,,EX,61.8N,7.5W,55,,,,,,,,,,,,,
AL,HOW,1950,8,15,19501001,600,,TD,25.6N,88.4W,30,,,,,,,,,,,,,
AL,HOW,1950,8,15,19501001,1200,,TD,25.8N,88.5W,30,,,,,,,,,,,,,
AL,HOW,1950,8,15,19501001,1800,,TS,26.0N,88.6W,35,,,,,,,,,,,,,
AL,HOW,1950,8,15,19501002,0,,TS,26.1N,88.9W,35,,,,,,,,,,,,,
AL,HOW,1950,8,15,19501002,600,,TS,26.3N,89.5W,35,,,,,,,,,,,,,
AL,HOW,1950,8,15,19501002,1200,,TS,26.4N,90.3W,35,,,,,,,,,,,,,
AL,HOW,1950,8,15,19501002,1800,,TS,26.2N,91.1W,40,,,,,,,,,,,,,
AL,HOW,1950,8,15,19501003,0,,TS,26.0N,92.1W,40,,,,,,,,,,,,,
AL,HOW,1950,8,15,19501003,600,,TS,25.5N,93.5W,40,,,,,,,,,,,,,
AL,HOW,1950,8,15,19501003,1200,,TS,25.0N,94.8W,40,,,,,,,,,,,,,
AL,HOW,1950,8,15,19501003,1800,,TS,24.7N,95.8W,40,,,,,,,,,,,,,
AL,HOW,1950,8,15,19501004,0,,TS,24.4N,96.6W,40,,,,,,,,,,,,,
AL,HOW,1950,8,15,19501004,600,,TS,24.0N,97.2W,35,,,,,,,,,,,,,
AL,HOW,1950,8,15,19501004,1200,,TD,23.5N,97.8W,30,,,,,,,,,,,,,
AL,HOW,1950,8,15,19501004,1800,,TD,23.0N,98.4W,25,,,,,,,,,,,,,
AL,ITEM,1950,9,16,19501008,600,,TS,23.3N,90.4W,35,,,,,,,,,,,,,
AL,ITEM,1950,9,16,19501008,1200,,TS,23.3N,91.0W,40,,,,,,,,,,,,,
AL,ITEM,1950,9,16,19501008,1800,,TS,23.1N,91.6W,45,,,,,,,,,,,,,
AL,ITEM,1950,9,16,19501009,0,,TS,22.4N,92.2W,45,1002,,,,,,,,,,,,
AL,ITEM,1950,9,16,19501009,600,,TS,21.8N,92.7W,50,,,,,,,,,,,,,
AL,ITEM,1950,9,16,19501009,1200,,TS,21.3N,93.2W,55,,,,,,,,,,,,,
AL,ITEM,1950,9,16,19501009,1800,,HU,20.8N,93.8W,65,,,,,,,,,,,,,
AL,ITEM,1950,9,16,19501010,0,,HU,20.5N,94.3W,75,990,,,,,,,,,,,,
AL,ITEM,1950,9,16,19501010,600,,HU,20.2N,94.7W,80,,,,,,,,,,,,,
AL,ITEM,1950,9,16,19501010,1200,,HU,19.8N,95.1W,85,,,,,,,,,,,,,
AL,ITEM,1950,9,16,19501010,1800,,HU,19.4N,95.4W,90,980,,,,,,,,,,,,
AL,ITEM,1950,9,16,19501011,0,,HU,19.1N,95.7W,90,,,,,,,,,,,,,
AL,ITEM,1950,9,16,19501011,400,L,HU,18.9N,95.9W,90,,,,,,,,,,,,,
AL,ITEM,1950,9,16,19501011,600,,HU,18.8N,95.9W,75,,,,,,,,,,,,,
AL,ITEM,1950,9,16,19501011,1200,,TS,18.5N,96.0W,40,,,,,,,,,,,,,
AL,ITEM,1950,9,16,19501011,1800,,TD,18.2N,96.0W,25,,,,,,,,,,,,,
AL,JIG,1950,10,27,19501011,1200,,TS,22.4N,47.0W,40,,,,,,,,,,,,,
AL,JIG,1950,10,27,19501011,1800,,TS,22.7N,48.0W,40,,,,,,,,,,,,,
AL,JIG,1950,10,27,19501012,0,,TS,23.0N,49.0W,45,,,,,,,,,,,,,
AL,JIG,1950,10,27,19501012,600,,TS,23.3N,50.1W,45,,,,,,,,,,,,,
AL,JIG,1950,10,27,19501012,1200,,TS,23.6N,51.2W,50,,,,,,,,,,,,,
AL,JIG,1950,10,27,19501012,1800,,TS,23.9N,52.3W,55,,,,,,,,,,,,,
AL,JIG,1950,10,27,19501013,0,,TS,24.3N,53.4W,55,,,,,,,,,,,,,
AL,JIG,1950,10,27,19501013,600,,TS,24.8N,54.4W,60,,,,,,,,,,,,,
AL,JIG,1950,10,27,19501013,1200,,HU,25.4N,55.5W,65,,,,,,,,,,,,,
AL,JIG,1950,10,27,19501013,1800,,HU,26.1N,56.7W,70,,,,,,,,,,,,,
AL,JIG,1950,10,27,19501014,0,,HU,27.0N,57.7W,75,,,,,,,,,,,,,
AL,JIG,1950,10,27,19501014,600,,HU,28.0N,58.6W,75,,,,,,,,,,,,,
AL,JIG,1950,10,27,19501014,1200,,HU,29.0N,59.4W,80,,,,,,,,,,,,,
AL,JIG,1950,10,27,19501014,1800,,HU,29.9N,60.1W,80,,,,,,,,,,,,,
AL,JIG,1950,10,27,19501015,0,,HU,30.8N,60.3W,85,,,,,,,,,,,,,
AL,JIG,1950,10,27,19501015,600,,HU,31.9N,60.2W,90,,,,,,,,,,,,,
AL,JIG,1950,10,27,19501015,1200,,HU,33.0N,59.7W,100,,,,,,,,,,,,,
AL,JIG,1950,10,27,19501015,1800,,HU,34.1N,58.5W,100,,,,,,,,,,,,,
AL,JIG,1950,10,27,19501016,0,,HU,35.1N,57.4W,90,,,,,,,,,,,,,
AL,JIG,1950,10,27,19501016,600,,EX,36.0N,56.1W,80,,,,,,,,,,,,,
AL,JIG,1950,10,27,19501016,1200,,EX,36.9N,54.6W,75,,,,,,,,,,,,,
AL,JIG,1950,10,27,19501016,1800,,EX,38.1N,52.2W,75,,,,,,,,,,,,,
AL,JIG,1950,10,27,19501017,0,,EX,39.5N,49.2W,75,,,,,,,,,,,,,
AL,JIG,1950,10,27,19501017,600,,EX,41.0N,46.0W,75,,,,,,,,,,,,,
AL,JIG,1950,10,27,19501017,1200,,EX,43.0N,42.8W,70,,,,,,,,,,,,,
AL,JIG,1950,10,27,19501017,1800,,EX,45.0N,39.9W,65,,,,,,,,,,,,,
AL,JIG,1950,10,27,19501018,0,,EX,47.5N,37.5W,65,,,,,,,,,,,,,
AL,KING,1950,11,31,19501013,600,,TD,16.0N,84.2W,25,,,,,,,,,,,,,
AL,KING,1950,11,31,19501013,1200,,TD,16.0N,83.9W,25,,,,,,,,,,,,,
AL,KING,1950,11,31,19501013,1800,,TD,16.0N,83.8W,25,,,,,,,,,,,,,
AL,KING,1950,11,31,19501014,0,,TD,16.0N,83.7W,30,,,,,,,,,,,,,
AL,KING,1950,11,31,19501014,600,,TD,16.1N,83.6W,30,,,,,,,,,,,,,
AL,KING,1950,11,31,19501014,1200,,TD,16.2N,83.5W,30,,,,,,,,,,,,,
AL,KING,1950,11,31,19501014,1800,,TS,16.3N,83.3W,35,,,,,,,,,,,,,
AL,KING,1950,11,31,19501015,0,,TS,16.6N,82.7W,40,,,,,,,,,,,,,
AL,KING,1950,11,31,19501015,600,,TS,16.9N,82.0W,45,,,,,,,,,,,,,
AL,KING,1950,11,31,19501015,1200,,TS,17.2N,81.0W,50,,,,,,,,,,,,,
AL,KING,1950,11,31,19501015,1800,,TS,17.7N,80.0W,55,992,,,,,,,,,,,,
AL,KING,1950,11,31,19501016,0,,HU,18.4N,79.3W,65,,,,,,,,,,,,,
AL,KING,1950,11,31,19501016,600,,HU,18.9N,79.0W,70,,,,,,,,,,,,,
AL,KING,1950,11,31,19501016,1200,,HU,19.3N,78.7W,75,985,,,,,,,,,,,,
AL,KING,1950,11,31,19501016,1800,,HU,20.0N,78.3W,80,,,,,,,,,,,,,
AL,KING,1950,11,31,19501016,2200,L,HU,20.9N,78.3W,80,,,,,,,,,,,,,
AL,KING,1950,11,31,19501017,0,,HU,21.1N,78.2W,75,,,,,,,,,,,,,
AL,KING,1950,11,31,19501017,600,,HU,22.2N,78.3W,65,,,,,,,,,,,,,
AL,KING,1950,11,31,19501017,1200,,HU,23.2N,79.0W,70,988,,,,,,,,,,,,
AL,KING,1950,11,31,19501017,1800,,HU,24.0N,79.5W,90,,,,,,,,,,,,,
AL,KING,1950,11,31,19501018,0,,HU,24.7N,79.8W,105,,,,,,,,,,,,,
AL,KING,1950,11,31,19501018,500,L,HU,25.7N,80.2W,115,955,,,,,,,,,,,,
AL,KING,1950,11,31,19501018,600,,HU,25.9N,80.3W,115,955,,,,,,,,,,,,
AL,KING,1950,11,31,19501018,1200,,HU,27.1N,81.0W,80,975,,,,,,,,,,,,
AL,KING,1950,11,31,19501018,1800,,HU,28.6N,81.5W,70,983,,,,,,,,,,,,
AL,KING,1950,11,31,19501019,0,,HU,30.0N,82.4W,65,989,,,,,,,,,,,,
AL,KING,1950,11,31,19501019,600,,TS,31.1N,83.5W,45,992,,,,,,,,,,,,
AL,KING,1950,11,31,19501019,1200,,TS,31.7N,84.5W,35,996,,,,,,,,,,,,
AL,KING,1950,11,31,19501019,1800,,TD,32.1N,85.3W,25,999,,,,,,,,,,,,
AL,KING,1950,11,31,19501020,0,,TD,32.5N,86.0W,20,1000,,,,,,,,,,,,
AL,KING,1950,11,31,19501020,600,,TD,32.9N,86.5W,20,1002,,,,,,,,,,,,
AL,UNNAMED,1950,12,31,19501017,600,,TS,22.0N,42.0W,35,,,,,,,,,,,,,
AL,UNNAMED,1950,12,31,19501017,1200,,TS,22.5N,42.7W,35,,,,,,,,,,,,,
AL,UNNAMED,1950,12,31,19501017,1800,,TS,22.9N,43.3W,35,,,,,,,,,,,,,
AL,UNNAMED,1950,12,31,19501018,0,,TS,23.4N,43.8W,35,,,,,,,,,,,,,
AL,UNNAMED,1950,12,31,19501018,600,,TS,24.2N,44.5W,40,,,,,,,,,,,,,
AL,UNNAMED,1950,12,31,19501018,1200,,TS,24.9N,44.8W,40,,,,,,,,,,,,,
AL,UNNAMED,1950,12,31,19501018,1800,,TS,25.4N,44.9W,40,,,,,,,,,,,,,
AL,UNNAMED,1950,12,31,19501019,0,,TS,25.9N,44.8W,45,,,,,,,,,,,,,
AL,UNNAMED,1950,12,31,19501019,600,,TS,26.5N,44.6W,45,,,,,,,,,,,,,
AL,UNNAMED,1950,12,31,19501019,1200,,TS,27.2N,43.9W,45,,,,,,,,,,,,,
AL,UNNAMED,1950,12,31,19501019,1800,,TS,28.2N,43.0W,50,,,,,,,,,,,,,
AL,UNNAMED,1950,12,31,19501020,0,,TS,29.2N,41.8W,50,,,,,,,,,,,,,
AL,UNNAMED,1950,12,31,19501020,600,,TS,30.1N,40.4W,55,,,,,,,,,,,,,
AL,UNNAMED,1950,12,31,19501020,1200,,TS,30.8N,39.0W,55,,,,,,,,,,,,,
AL,UNNAMED,1950,12,31,19501020,1800,,TS,31.4N,37.5W,55,,,,,,,,,,,,,
AL,UNNAMED,1950,12,31,19501021,0,,TS,32.2N,35.8W,60,,,,,,,,,,,,,
AL,UNNAMED,1950,12,31,19501021,600,,TS,33.3N,34.1W,60,,,,,,,,,,,,,
AL,UNNAMED,1950,12,31,19501021,1200,,TS,35.0N,32.7W,60,,,,,,,,,,,,,
AL,UNNAMED,1950,12,31,19501021,1800,,TS,35.8N,31.9W,60,,,,,,,,,,,,,
AL,UNNAMED,1950,12,31,19501022,0,,TS,36.8N,31.2W,60,,,,,,,,,,,,,
AL,UNNAMED,1950,12,31,19501022,600,,TS,37.9N,30.3W,55,,,,,,,,,,,,,
AL,UNNAMED,1950,12,31,19501022,1200,,TS,39.2N,29.2W,55,,,,,,,,,,,,,
AL,UNNAMED,1950,12,31,19501022,1800,,TS,39.3N,27.4W,50,,,,,,,,,,,,,
AL,UNNAMED,1950,12,31,19501023,0,,TS,38.6N,26.1W,50,,,,,,,,,,,,,
AL,UNNAMED,1950,12,31,19501023,600,,TS,37.8N,24.9W,45,,,,,,,,,,,,,
AL,UNNAMED,1950,12,31,19501023,1200,,TS,37.0N,24.0W,40,,,,,,,,,,,,,
AL,UNNAMED,1950,12,31,19501023,1800,,TS,36.2N,23.1W,40,,,,,,,,,,,,,
AL,UNNAMED,1950,12,31,19501024,0,,TS,35.4N,22.4W,35,,,,,,,,,,,,,
AL,UNNAMED,1950,12,31,19501024,600,,TD,34.5N,22.0W,30,,,,,,,,,,,,,
AL,UNNAMED,1950,12,31,19501024,1200,,TD,33.4N,21.7W,30,,,,,,,,,,,,,
AL,UNNAMED,1950,12,31,19501024,1800,,TD,32.1N,21.7W,25,,,,,,,,,,,,,
AL,LOVE,1950,13,21,19501018,0,,TS,25.5N,89.5W,40,,,,,,,,,,,,,
AL,LOVE,1950,13,21,19501018,600,,TS,25.8N,90.5W,50,,,,,,,,,,,,,
AL,LOVE,1950,13,21,19501018,1200,,TS,26.3N,90.5W,60,,,,,,,,,,,,,
AL,LOVE,1950,13,21,19501018,1800,,TS,26.7N,91.0W,60,,,,,,,,,,,,,
AL,LOVE,1950,13,21,19501019,0,,TS,26.6N,91.4W,60,,,,,,,,,,,,,
AL,LOVE,1950,13,21,19501019,600,,TS,26.4N,91.6W,60,,,,,,,,,,,,,
AL,LOVE,1950,13,21,19501019,1200,,TS,26.0N,91.6W,60,990,,,,,,,,,,,,
AL,LOVE,1950,13,21,19501019,1800,,HU,25.6N,91.0W,65,990,,,,,,,,,,,,
AL,LOVE,1950,13,21,19501020,0,,HU,25.4N,89.6W,70,987,,,,,,,,,,,,
AL,LOVE,1950,13,21,19501020,600,,HU,25.7N,88.3W,70,,,,,,,,,,,,,
AL,LOVE,1950,13,21,19501020,1200,,HU,26.0N,87.3W,70,,,,,,,,,,,,,
AL,LOVE,1950,13,21,19501020,1800,,HU,26.4N,86.5W,70,991,,,,,,,,,,,,
AL,LOVE,1950,13,21,19501021,0,,HU,27.1N,85.2W,70,,,,,,,,,,,,,
AL,LOVE,1950,13,21,19501021,600,,TS,28.5N,84.0W,60,,,,,,,,,,,,,
AL,LOVE,1950,13,21,19501021,1100,L,TS,29.7N,83.4W,50,,,,,,,,,,,,,
AL,LOVE,1950,13,21,19501021,1200,,TS,29.9N,83.3W,50,,,,,,,,,,,,,
AL,LOVE,1950,13,21,19501021,1800,,TD,30.8N,82.7W,30,,,,,,,,,,,,,
AL,LOVE,1950,13,21,19501022,0,,TD,31.5N,82.2W,30,,,,,,,,,,,,,
AL,LOVE,1950,13,21,19501022,600,,TD,32.0N,81.8W,30,,,,,,,,,,,,,
AL,LOVE,1950,13,21,19501022,1200,,TD,32.5N,81.4W,30,,,,,,,,,,,,,
AL,LOVE,1950,13,21,19501022,1800,,EX,33.0N,81.2W,30,,,,,,,,,,,,,
AL,MIKE,1950,14,14,19501025,1200,,TD,24.7N,42.2W,25,,,,,,,,,,,,,
AL,MIKE,1950,14,14,19501025,1800,,TD,25.3N,43.7W,25,,,,,,,,,,,,,
AL,MIKE,1950,14,14,19501026,0,,TD,25.8N,45.1W,30,,,,,,,,,,,,,
AL,MIKE,1950,14,14,19501026,600,,TD,26.2N,46.3W,30,,,,,,,,,,,,,
AL,MIKE,1950,14,14,19501026,1200,,TS,26.5N,47.2W,35,,,,,,,,,,,,,
AL,MIKE,1950,14,14,19501026,1800,,TS,26.8N,47.8W,40,,,,,,,,,,,,,
AL,MIKE,1950,14,14,19501027,0,,TS,27.1N,48.2W,40,,,,,,,,,,,,,
AL,MIKE,1950,14,14,19501027,600,,TS,27.4N,48.6W,40,,,,,,,,,,,,,
AL,MIKE,1950,14,14,19501027,1200,,TS,27.7N,49.0W,35,,,,,,,,,,,,,
AL,MIKE,1950,14,14,19501027,1800,,TS,28.2N,49.4W,35,,,,,,,,,,,,,
AL,MIKE,1950,14,14,19501028,0,,TD,28.9N,49.8W,30,,,,,,,,,,,,,
AL,MIKE,1950,14,14,19501028,600,,TD,29.7N,50.2W,30,,,,,,,,,,,,,
AL,MIKE,1950,14,14,19501028,1200,,TD,30.6N,50.5W,30,,,,,,,,,,,,,
AL,MIKE,1950,14,14,19501028,1800,,TD,31.8N,50.5W,25,,,,,,,,,,,,,
AL,UNNAMED,1950,15,10,19501027,1200,,TS,26.0N,26.0W,35,,,,,,,,,,,,,
AL,UNNAMED,1950,15,10,19501027,1800,,TS,26.7N,26.6W,40,,,,,,,,,,,,,
AL,UNNAMED,1950,15,10,19501028,0,,TS,27.3N,27.2W,45,,,,,,,,,,,,,
AL,UNNAMED,1950,15,10,19501028,600,,TS,27.7N,27.9W,45,,,,,,,,,,,,,
AL,UNNAMED,1950,15,10,19501028,1200,,TS,28.0N,28.6W,45,,,,,,,,,,,,,
AL,UNNAMED,1950,15,10,19501028,1800,,TS,28.0N,29.4W,40,,,,,,,,,,,,,
AL,UNNAMED,1950,15,10,19501029,0,,TS,27.9N,30.3W,35,,,,,,,,,,,,,
AL,UNNAMED,1950,15,10,19501029,600,,TD,27.8N,31.3W,30,,,,,,,,,,,,,
AL,UNNAMED,1950,15,10,19501029,1200,,TD,27.5N,32.5W,30,,,,,,,,,,,,,
AL,UNNAMED,1950,15,10,19501029,1800,,TD,27.0N,33.8W,30,,,,,,,,,,,,,
AL,UNNAMED,1950,16,10,19501110,0,,TS,33.7N,58.5W,45,,,,,,,,,,,,,
AL,UNNAMED,1950,16,10,19501110,600,,TS,33.7N,59.6W,55,,,,,,,,,,,,,
AL,UNNAMED,1950,16,10,19501110,1200,,TS,33.7N,60.4W,60,,,,,,,,,,,,,
AL,UNNAMED,1950,16,10,19501110,1800,,TS,33.9N,61.0W,60,,,,,,,,,,,,,
AL,UNNAMED,1950,16,10,19501111,0,,TS,34.3N,61.0W,55,,,,,,,,,,,,,
AL,UNNAMED,1950,16,10,19501111,600,,TS,34.9N,60.3W,45,,,,,,,,,,,,,
AL,UNNAMED,1950,16,10,19501111,1200,,TS,35.4N,59.2W,40,,,,,,,,,,,,,
AL,UNNAMED,1950,16,10,19501111,1800,,TS,35.9N,58.1W,35,,,,,,,,,,,,,
AL,UNNAMED,1950,16,10,19501112,0,,TD,36.9N,57.0W,30,,,,,,,,,,,,,
AL,UNNAMED,1950,16,10,19501112,600,,TD,38.0N,55.7W,30,,,,,,,,,,,,,
AL,UNNAMED,1951,1,41,19510102,1200,,EX,30.5N,58.0W,50,,,,,,,,,,,,,
AL,UNNAMED,1951,1,41,19510102,1800,,EX,29.9N,56.8W,45,,,,,,,,,,,,,
AL,UNNAMED,1951,1,41,19510103,0,,EX,29.0N,55.7W,45,,,,,,,,,,,,,
AL,UNNAMED,1951,1,41,19510103,600,,EX,27.5N,54.8W,45,,,,,,,,,,,,,
AL,UNNAMED,1951,1,41,19510103,1200,,EX,26.5N,54.5W,45,,,,,,,,,,,,,
AL,UNNAMED,1951,1,41,19510103,1800,,EX,26.1N,55.2W,45,,,,,,,,,,,,,
AL,UNNAMED,1951,1,41,19510104,0,,EX,25.8N,56.1W,45,,,,,,,,,,,,,
AL,UNNAMED,1951,1,41,19510104,600,,EX,25.5N,57.0W,45,,,,,,,,,,,,,
AL,UNNAMED,1951,1,41,19510104,1200,,EX,25.1N,57.9W,45,,,,,,,,,,,,,
AL,UNNAMED,1951,1,41,19510104,1800,,TS,24.0N,58.9W,45,,,,,,,,,,,,,
AL,UNNAMED,1951,1,41,19510105,0,,TS,22.7N,60.0W,45,,,,,,,,,,,,,
AL,UNNAMED,1951,1,41,19510105,600,,TS,22.1N,60.7W,45,,,,,,,,,,,,,
AL,UNNAMED,1951,1,41,19510105,1200,,TS,21.7N,61.1W,45,,,,,,,,,,,,,
AL,UNNAMED,1951,1,41,19510105,1800,,TS,21.5N,61.3W,45,,,,,,,,,,,,,
AL,UNNAMED,1951,1,41,19510106,0,,TS,21.3N,61.5W,50,,,,,,,,,,,,,
AL,UNNAMED,1951,1,41,19510106,600,,TS,21.0N,61.7W,50,,,,,,,,,,,,,
AL,UNNAMED,1951,1,41,19510106,1200,,TS,20.7N,62.0W,55,,,,,,,,,,,,,
AL,UNNAMED,1951,1,41,19510106,1800,,TS,20.3N,62.4W,55,,,,,,,,,,,,,
AL,UNNAMED,1951,1,41,19510107,0,,TS,20.2N,62.9W,55,,,,,,,,,,,,,
AL,UNNAMED,1951,1,41,19510107,600,,TS,20.2N,63.7W,55,,,,,,,,,,,,,
AL,UNNAMED,1951,1,41,19510107,1200,,TS,20.6N,64.5W,55,,,,,,,,,,,,,
AL,UNNAMED,1951,1,41,19510107,1800,,TS,21.0N,65.2W,55,,,,,,,,,,,,,
AL,UNNAMED,1951,1,41,19510108,0,,TS,21.3N,65.8W,55,,,,,,,,,,,,,
AL,UNNAMED,1951,1,41,19510108,600,,TS,21.6N,66.2W,55,,,,,,,,,,,,,
AL,UNNAMED,1951,1,41,19510108,1200,,TS,21.9N,66.5W,50,,,,,,,,,,,,,
AL,UNNAMED,1951,1,41,19510108,1800,,TS,22.3N,66.5W,50,,,,,,,,,,,,,
AL,UNNAMED,1951,1,41,19510109,0,,TS,23.0N,66.1W,50,,,,,,,,,,,,,
AL,UNNAMED,1951,1,41,19510109,600,,TS,24.3N,65.5W,50,,,,,,,,,,,,,
AL,UNNAMED,1951,1,41,19510109,1200,,TS,26.0N,64.9W,50,,,,,,,,,,,,,
AL,UNNAMED,1951,1,41,19510109,1800,,TS,27.5N,64.2W,50,,,,,,,,,,,,,
AL,UNNAMED,1951,1,41,19510110,0,,EX,28.9N,63.4W,50,,,,,,,,,,,,,
AL,UNNAMED,1951,1,41,19510110,600,,EX,30.6N,62.1W,50,,,,,,,,,,,,,
AL,UNNAMED,1951,1,41,19510110,1200,,EX,32.6N,60.5W,50,,,,,,,,,,,,,
AL,UNNAMED,1951,1,41,19510110,1800,,EX,34.2N,58.8W,50,,,,,,,,,,,,,
AL,UNNAMED,1951,1,41,19510111,0,,EX,35.2N,57.2W,50,,,,,,,,,,,,,
AL,UNNAMED,1951,1,41,19510111,600,,EX,37.0N,55.5W,50,,,,,,,,,,,,,
AL,UNNAMED,1951,1,41,19510111,1200,,EX,39.0N,53.5W,45,,,,,,,,,,,,,
AL,UNNAMED,1951,1,41,19510111,1800,,EX,41.3N,50.7W,45,,,,,,,,,,,,,
AL,UNNAMED,1951,1,41,19510112,0,,EX,42.5N,48.0W,45,,,,,,,,,,,,,
AL,UNNAMED,1951,1,41,19510112,600,,EX,43.6N,45.0W,40,,,,,,,,,,,,,
AL,UNNAMED,1951,1,41,19510112,1200,,EX,44.7N,41.0W,40,,,,,,,,,,,,,
AL,ABLE,1951,2,36,19510516,0,,TD,32.0N,68.0W,30,,,,,,,,,,,,,
AL,ABLE,1951,2,36,19510516,600,,TD,31.9N,70.8W,30,,,,,,,,,,,,,
AL,ABLE,1951,2,36,19510516,1200,,TS,31.6N,73.8W,35,,,,,,,,,,,,,
AL,ABLE,1951,2,36,19510516,1800,,TS,30.6N,76.4W,35,,,,,,,,,,,,,
AL,ABLE,1951,2,36,19510517,0,,TS,29.4N,77.5W,45,,,,,,,,,,,,,
AL,ABLE,1951,2,36,19510517,600,,TS,28.8N,78.4W,55,,,,,,,,,,,,,
AL,ABLE,1951,2,36,19510517,1200,,HU,28.2N,78.8W,65,,,,,,,,,,,,,
AL,ABLE,1951,2,36,19510517,1800,,HU,27.5N,78.9W,70,983,,,,,,,,,,,,
AL,ABLE,1951,2,36,19510518,0,,HU,27.1N,78.6W,75,,,,,,,,,,,,,
AL,ABLE,1951,2,36,19510518,600,,HU,26.9N,78.3W,75,,,,,,,,,,,,,
AL,ABLE,1951,2,36,19510518,1200,L,HU,27.0N,77.9W,75,982,,,,,,,,,,,,
AL,ABLE,1951,2,36,19510518,1800,,HU,27.2N,77.5W,70,985,,,,,,,,,,,,
AL,ABLE,1951,2,36,19510519,0,,HU,27.4N,77.2W,70,,,,,,,,,,,,,
AL,ABLE,1951,2,36,19510519,600,,HU,27.7N,76.9W,70,,,,,,,,,,,,,
AL,ABLE,1951,2,36,19510519,1200,,HU,28.1N,76.6W,75,982,,,,,,,,,,,,
AL,ABLE,1951,2,36,19510519,1800,,HU,28.7N,76.3W,75,,,,,,,,,,,,,
AL,ABLE,1951,2,36,19510520,0,,HU,29.5N,76.0W,75,980,,,,,,,,,,,,
AL,ABLE,1951,2,36,19510520,600,,HU,30.5N,75.7W,75,,,,,,,,,,,,,
AL,ABLE,1951,2,36,19510520,1200,,HU,31.4N,75.4W,75,,,,,,,,,,,,,
AL,ABLE,1951,2,36,19510520,1800,,HU,32.4N,75.2W,75,979,,,,,,,,,,,,
AL,ABLE,1951,2,36,19510521,0,,HU,33.5N,75.0W,75,,,,,,,,,,,,,
AL,ABLE,1951,2,36,19510521,600,,HU,34.7N,74.6W,75,,,,,,,,,,,,,
AL,ABLE,1951,2,36,19510521,1200,,HU,35.6N,74.2W,75,978,,,,,,,,,,,,
AL,ABLE,1951,2,36,19510521,1800,,HU,36.1N,73.8W,75,976,,,,,,,,,,,,
AL,ABLE,1951,2,36,19510522,0,,HU,36.3N,73.2W,80,,,,,,,,,,,,,
AL,ABLE,1951,2,36,19510522,600,,HU,36.5N,72.3W,80,,,,,,,,,,,,,
AL,ABLE,1951,2,36,19510522,1200,,HU,36.6N,71.1W,80,973,,,,,,,,,,,,
AL,ABLE,1951,2,36,19510522,1800,,HU,36.7N,69.9W,80,,,,,,,,,,,,,
AL,ABLE,1951,2,36,19510523,0,,HU,36.8N,68.7W,80,,,,,,,,,,,,,
AL,ABLE,1951,2,36,19510523,600,,HU,37.0N,67.0W,80,,,,,,,,,,,,,
AL,ABLE,1951,2,36,19510523,1200,,HU,37.3N,65.0W,75,984,,,,,,,,,,,,
AL,ABLE,1951,2,36,19510523,1800,,HU,37.6N,63.5W,65,,,,,,,,,,,,,
AL,ABLE,1951,2,36,19510524,0,,TS,38.0N,62.2W,55,,,,,,,,,,,,,
AL,ABLE,1951,2,36,19510524,600,,TS,38.7N,61.2W,50,,,,,,,,,,,,,
AL,ABLE,1951,2,36,19510524,1200,,TS,39.7N,60.0W,45,,,,,,,,,,,,,
AL,ABLE,1951,2,36,19510524,1800,,TS,40.5N,58.7W,35,994,,,,,,,,,,,,
AL,BAKER,1951,3,15,19510802,600,,TD,20.9N,52.9W,30,,,,,,,,,,,,,
AL,BAKER,1951,3,15,19510802,1200,,TS,21.8N,53.9W,35,,,,,,,,,,,,,
AL,BAKER,1951,3,15,19510802,1800,,TS,22.7N,54.9W,45,,,,,,,,,,,,,
AL,BAKER,1951,3,15,19510803,0,,TS,23.7N,55.9W,45,,,,,,,,,,,,,
AL,BAKER,1951,3,15,19510803,600,,TS,25.0N,56.9W,50,,,,,,,,,,,,,
AL,BAKER,1951,3,15,19510803,1200,,TS,26.4N,57.9W,50,,,,,,,,,,,,,
AL,BAKER,1951,3,15,19510803,1800,,TS,27.7N,58.9W,50,,,,,,,,,,,,,
AL,BAKER,1951,3,15,19510804,0,,TS,29.0N,59.8W,50,,,,,,,,,,,,,
AL,BAKER,1951,3,15,19510804,600,,TS,30.4N,60.5W,50,,,,,,,,,,,,,
AL,BAKER,1951,3,15,19510804,1200,,TS,31.9N,60.8W,45,999,,,,,,,,,,,,
AL,BAKER,1951,3,15,19510804,1800,,TS,33.6N,60.9W,40,,,,,,,,,,,,,
AL,BAKER,1951,3,15,19510805,0,,TS,35.3N,60.0W,40,,,,,,,,,,,,,
AL,BAKER,1951,3,15,19510805,600,,TS,37.0N,58.8W,40,,,,,,,,,,,,,
AL,BAKER,1951,3,15,19510805,1200,,TS,38.8N,57.5W,45,,,,,,,,,,,,,
AL,BAKER,1951,3,15,19510805,1800,,TS,40.6N,56.1W,50,996,,,,,,,,,,,,
AL,CHARLIE,1951,4,52,19510812,0,,TD,12.1N,44.1W,30,,,,,,,,,,,,,
AL,CHARLIE,1951,4,52,19510812,600,,TD,12.1N,45.3W,30,,,,,,,,,,,,,
AL,CHARLIE,1951,4,52,19510812,1200,,TD,12.2N,46.2W,30,,,,,,,,,,,,,
AL,CHARLIE,1951,4,52,19510812,1800,,TD,12.4N,46.9W,30,,,,,,,,,,,,,
AL,CHARLIE,1951,4,52,19510813,0,,TD,12.6N,47.6W,30,,,,,,,,,,,,,
AL,CHARLIE,1951,4,52,19510813,600,,TD,12.7N,48.4W,30,,,,,,,,,,,,,
AL,CHARLIE,1951,4,52,19510813,1200,,TD,12.8N,49.2W,30,,,,,,,,,,,,,
AL,CHARLIE,1951,4,52,19510813,1800,,TD,12.9N,50.0W,30,,,,,,,,,,,,,
AL,CHARLIE,1951,4,52,19510814,0,,TS,13.0N,50.8W,35,,,,,,,,,,,,,
AL,CHARLIE,1951,4,52,19510814,600,,TS,13.2N,51.6W,40,,,,,,,,,,,,,
AL,CHARLIE,1951,4,52,19510814,1200,,TS,13.4N,52.4W,40,,,,,,,,,,,,,
AL,CHARLIE,1951,4,52,19510814,1800,,TS,13.6N,53.6W,40,,,,,,,,,,,,,
AL,CHARLIE,1951,4,52,19510815,0,,TS,13.8N,55.3W,45,,,,,,,,,,,,,
AL,CHARLIE,1951,4,52,19510815,600,,TS,14.1N,57.1W,50,,,,,,,,,,,,,
AL,CHARLIE,1951,4,52,19510815,1200,,TS,14.4N,58.9W,55,999,,,,,,,,,,,,
AL,CHARLIE,1951,4,52,19510815,1800,,TS,14.8N,60.7W,60,,,,,,,,,,,,,
AL,CHARLIE,1951,4,52,19510816,0,,TS,15.2N,62.6W,60,,,,,,,,,,,,,
AL,CHARLIE,1951,4,52,19510816,600,,HU,15.6N,64.6W,65,,,,,,,,,,,,,
AL,CHARLIE,1951,4,52,19510816,1200,,HU,15.9N,66.7W,65,992,,,,,,,,,,,,
AL,CHARLIE,1951,4,52,19510816,1800,,HU,16.2N,68.6W,70,,,,,,,,,,,,,
AL,CHARLIE,1951,4,52,19510817,0,,HU,16.3N,70.2W,75,,,,,,,,,,,,,
AL,CHARLIE,1951,4,52,19510817,600,,HU,16.4N,71.7W,80,,,,,,,,,,,,,
AL,CHARLIE,1951,4,52,19510817,1200,,HU,16.6N,73.1W,85,978,,,,,,,,,,,,
AL,CHARLIE,1951,4,52,19510817,1800,,HU,17.1N,74.6W,95,971,,,,,,,,,,,,
AL,CHARLIE,1951,4,52,19510818,0,,HU,17.6N,76.2W,110,,,,,,,,,,,,,
AL,CHARLIE,1951,4,52,19510818,300,L,HU,17.9N,76.9W,110,,,,,,,,,,,,,
AL,CHARLIE,1951,4,52,19510818,600,,HU,18.1N,77.8W,85,,,,,,,,,,,,,
AL,CHARLIE,1951,4,52,19510818,1200,,HU,18.3N,79.4W,75,,,,,,,,,,,,,
AL,CHARLIE,1951,4,52,19510818,1800,,HU,18.6N,80.9W,75,,,,,,,,,,,,,
AL,CHARLIE,1951,4,52,19510819,0,,HU,18.9N,82.2W,80,982,,,,,,,,,,,,
AL,CHARLIE,1951,4,52,19510819,600,,HU,19.2N,83.4W,85,,,,,,,,,,,,,
AL,CHARLIE,1951,4,52,19510819,1200,,HU,19.4N,84.5W,85,976,,,,,,,,,,,,
AL,CHARLIE,1951,4,52,19510819,1800,,HU,19.8N,85.6W,100,,,,,,,,,,,,,
AL,CHARLIE,1951,4,52,19510820,0,,HU,20.2N,86.7W,115,,,,,,,,,,,,,
AL,CHARLIE,1951,4,52,19510820,200,L,HU,20.3N,87.0W,115,,,,,,,,,,,,,
AL,CHARLIE,1951,4,52,19510820,300,L,HU,20.4N,87.3W,115,,,,,,,,,,,,,
AL,CHARLIE,1951,4,52,19510820,600,,HU,20.6N,87.9W,90,,,,,,,,,,,,,
AL,CHARLIE,1951,4,52,19510820,1200,,HU,21.0N,89.2W,70,,,,,,,,,,,,,
AL,CHARLIE,1951,4,52,19510820,1800,,HU,21.4N,90.4W,65,,,,,,,,,,,,,
AL,CHARLIE,1951,4,52,19510821,0,,HU,21.6N,91.6W,65,989,,,,,,,,,,,,
AL,CHARLIE,1951,4,52,19510821,600,,HU,21.6N,92.7W,65,,,,,,,,,,,,,
AL,CHARLIE,1951,4,52,19510821,1200,,HU,21.6N,93.7W,65,,,,,,,,,,,,,
AL,CHARLIE,1951,4,52,19510821,1800,,HU,21.6N,94.3W,65,988,,,,,,,,,,,,
AL,CHARLIE,1951,4,52,19510822,0,,HU,21.7N,94.9W,70,982,,,,,,,,,,,,
AL,CHARLIE,1951,4,52,19510822,600,,HU,21.9N,95.7W,80,,,,,,,,,,,,,
AL,CHARLIE,1951,4,52,19510822,1200,,HU,22.1N,96.6W,85,972,,,,,,,,,,,,
AL,CHARLIE,1951,4,52,19510822,1800,,HU,22.2N,97.5W,100,968,,,,,,,,,,,,
AL,CHARLIE,1951,4,52,19510822,1900,L,HU,22.3N,97.8W,100,968,,,,,,,,,,,,
AL,CHARLIE,1951,4,52,19510823,0,,HU,22.3N,98.2W,65,,,,,,,,,,,,,
AL,CHARLIE,1951,4,52,19510823,600,,TS,22.4N,98.8W,45,,,,,,,,,,,,,
AL,CHARLIE,1951,4,52,19510823,1200,,TS,22.4N,99.4W,35,,,,,,,,,,,,,
AL,CHARLIE,1951,4,52,19510823,1800,,TD,22.4N,99.9W,25,,,,,,,,,,,,,
AL,DOG,1951,5,38,19510827,600,,TD,12.3N,25.6W,25,,,,,,,,,,,,,
AL,DOG,1951,5,38,19510827,1200,,TD,12.3N,26.6W,25,,,,,,,,,,,,,
AL,DOG,1951,5,38,19510827,1800,,TD,12.3N,27.6W,25,,,,,,,,,,,,,
AL,DOG,1951,5,38,19510828,0,,TD,12.3N,28.7W,25,,,,,,,,,,,,,
AL,DOG,1951,5,38,19510828,600,,TD,12.3N,29.8W,25,,,,,,,,,,,,,
AL,DOG,1951,5,38,19510828,1200,,TD,12.3N,31.0W,25,,,,,,,,,,,,,
AL,DOG,1951,5,38,19510828,1800,,TD,12.3N,32.3W,25,,,,,,,,,,,,,
AL,DOG,1951,5,38,19510829,0,,TD,12.3N,33.6W,25,,,,,,,,,,,,,
AL,DOG,1951,5,38,19510829,600,,TD,12.3N,34.9W,25,,,,,,,,,,,,,
AL,DOG,1951,5,38,19510829,1200,,TD,12.3N,36.3W,25,,,,,,,,,,,,,
AL,DOG,1951,5,38,19510829,1800,,TD,12.4N,38.0W,25,,,,,,,,,,,,,
AL,DOG,1951,5,38,19510830,0,,TD,12.6N,39.6W,25,,,,,,,,,,,,,
AL,DOG,1951,5,38,19510830,600,,TD,12.8N,41.2W,30,,,,,,,,,,,,,
AL,DOG,1951,5,38,19510830,1200,,TD,13.0N,42.8W,30,,,,,,,,,,,,,
AL,DOG,1951,5,38,19510830,1800,,TD,13.2N,44.4W,30,,,,,,,,,,,,,
AL,DOG,1951,5,38,19510831,0,,TS,13.4N,46.1W,35,,,,,,,,,,,,,
AL,DOG,1951,5,38,19510831,600,,TS,13.6N,47.7W,40,,,,,,,,,,,,,
AL,DOG,1951,5,38,19510831,1200,,TS,13.7N,49.4W,45,,,,,,,,,,,,,
AL,DOG,1951,5,38,19510831,1800,,TS,13.8N,51.1W,45,,,,,,,,,,,,,
AL,DOG,1951,5,38,19510901,0,,TS,13.9N,52.8W,50,,,,,,,,,,,,,
AL,DOG,1951,5,38,19510901,600,,TS,14.0N,54.4W,50,,,,,,,,,,,,,
AL,DOG,1951,5,38,19510901,1200,,TS,14.1N,56.0W,55,,,,,,,,,,,,,
AL,DOG,1951,5,38,19510901,1800,,TS,14.1N,57.3W,60,,,,,,,,,,,,,
AL,DOG,1951,5,38,19510902,0,,HU,14.1N,58.4W,65,,,,,,,,,,,,,
AL,DOG,1951,5,38,19510902,600,,HU,14.1N,59.7W,70,,,,,,,,,,,,,
AL,DOG,1951,5,38,19510902,1200,,HU,14.2N,61.1W,80,,,,,,,,,,,,,
AL,DOG,1951,5,38,19510902,1800,,HU,14.2N,62.7W,75,,,,,,,,,,,,,
AL,DOG,1951,5,38,19510903,0,,HU,14.3N,64.3W,70,992,,,,,,,,,,,,
AL,DOG,1951,5,38,19510903,600,,HU,14.4N,65.8W,70,,,,,,,,,,,,,
AL,DOG,1951,5,38,19510903,1200,,HU,14.6N,67.4W,70,,,,,,,,,,,,,
AL,DOG,1951,5,38,19510903,1800,,HU,14.8N,69.4W,70,993,,,,,,,,,,,,
AL,DOG,1951,5,38,19510904,0,,HU,15.0N,71.4W,65,,,,,,,,,,,,,
AL,DOG,1951,5,38,19510904,600,,TS,15.1N,73.0W,55,,,,,,,,,,,,,
AL,DOG,1951,5,38,19510904,1200,,TS,15.1N,74.2W,45,1004,,,,,,,,,,,,
AL,DOG,1951,5,38,19510904,1800,,TS,15.2N,75.3W,40,,,,,,,,,,,,,
AL,DOG,1951,5,38,19510905,0,,TS,15.4N,76.4W,35,,,,,,,,,,,,,
AL,DOG,1951,5,38,19510905,600,,TD,15.5N,77.9W,30,,,,,,,,,,,,,
AL,DOG,1951,5,38,19510905,1200,,TD,15.5N,79.5W,25,,,,,,,,,,,,,
AL,EASY,1951,6,55,19510901,600,,TD,12.5N,32.0W,30,,,,,,,,,,,,,
AL,EASY,1951,6,55,19510901,1200,,TD,13.2N,33.3W,30,,,,,,,,,,,,,
AL,EASY,1951,6,55,19510901,1800,,TS,14.0N,34.5W,35,,,,,,,,,,,,,
AL,EASY,1951,6,55,19510902,0,,TS,14.6N,35.5W,35,,,,,,,,,,,,,
AL,EASY,1951,6,55,19510902,600,,TS,14.8N,36.4W,40,,,,,,,,,,,,,
AL,EASY,1951,6,55,19510902,1200,,TS,15.0N,37.4W,40,,,,,,,,,,,,,
AL,EASY,1951,6,55,19510902,1800,,TS,15.3N,38.6W,40,,,,,,,,,,,,,
AL,EASY,1951,6,55,19510903,0,,TS,15.7N,40.2W,45,,,,,,,,,,,,,
AL,EASY,1951,6,55,19510903,600,,TS,16.1N,41.8W,55,,,,,,,,,,,,,
AL,EASY,1951,6,55,19510903,1200,,HU,16.4N,43.3W,65,,,,,,,,,,,,,
AL,EASY,1951,6,55,19510903,1800,,HU,16.6N,44.5W,70,,,,,,,,,,,,,
AL,EASY,1951,6,55,19510904,0,,HU,16.7N,45.7W,75,,,,,,,,,,,,,
AL,EASY,1951,6,55,19510904,600,,HU,16.9N,46.9W,80,,,,,,,,,,,,,
AL,EASY,1951,6,55,19510904,1200,,HU,17.2N,48.2W,85,,,,,,,,,,,,,
AL,EASY,1951,6,55,19510904,1800,,HU,17.8N,49.7W,90,,,,,,,,,,,,,
AL,EASY,1951,6,55,19510905,0,,HU,18.7N,51.3W,95,,,,,,,,,,,,,
AL,EASY,1951,6,55,19510905,600,,HU,19.7N,52.9W,95,,,,,,,,,,,,,
AL,EASY,1951,6,55,19510905,1200,,HU,20.6N,54.4W,90,,,,,,,,,,,,,
AL,EASY,1951,6,55,19510905,1800,,HU,21.2N,55.9W,90,,,,,,,,,,,,,
AL,EASY,1951,6,55,19510906,0,,HU,21.5N,57.4W,85,,,,,,,,,,,,,
AL,EASY,1951,6,55,19510906,600,,HU,21.9N,59.1W,85,,,,,,,,,,,,,
AL,EASY,1951,6,55,19510906,1200,,HU,22.3N,60.6W,90,967,,,,,,,,,,,,
AL,EASY,1951,6,55,19510906,1800,,HU,22.6N,61.9W,100,957,,,,,,,,,,,,
AL,EASY,1951,6,55,19510907,0,,HU,23.0N,63.2W,110,,,,,,,,,,,,,
AL,EASY,1951,6,55,19510907,600,,HU,23.6N,64.6W,115,,,,,,,,,,,,,
AL,EASY,1951,6,55,19510907,1200,,HU,24.5N,66.0W,120,,,,,,,,,,,,,
AL,EASY,1951,6,55,19510907,1800,,HU,25.4N,66.9W,125,937,,,,,,,,,,,,
AL,EASY,1951,6,55,19510908,0,,HU,26.2N,67.5W,130,,,,,,,,,,,,,
AL,EASY,1951,6,55,19510908,600,,HU,27.1N,67.6W,130,,,,,,,,,,,,,
AL,EASY,1951,6,55,19510908,1200,,HU,27.9N,67.4W,125,,,,,,,,,,,,,
AL,EASY,1951,6,55,19510908,1800,,HU,28.6N,67.1W,120,,,,,,,,,,,,,
AL,EASY,1951,6,55,19510909,0,,HU,29.4N,66.4W,110,,,,,,,,,,,,,
AL,EASY,1951,6,55,19510909,600,,HU,29.9N,65.5W,100,,,,,,,,,,,,,
AL,EASY,1951,6,55,19510909,1200,,HU,30.5N,64.3W,95,,,,,,,,,,,,,
AL,EASY,1951,6,55,19510909,1800,,HU,31.6N,62.6W,90,,,,,,,,,,,,,
AL,EASY,1951,6,55,19510910,0,,HU,33.0N,61.1W,85,,,,,,,,,,,,,
AL,EASY,1951,6,55,19510910,600,,HU,34.2N,59.7W,85,,,,,,,,,,,,,
AL,EASY,1951,6,55,19510910,1200,,HU,35.4N,58.1W,85,,,,,,,,,,,,,
AL,EASY,1951,6,55,19510910,1800,,HU,36.7N,56.7W,80,,,,,,,,,,,,,
AL,EASY,1951,6,55,19510911,0,,HU,37.9N,55.5W,80,,,,,,,,,,,,,
AL,EASY,1951,6,55,19510911,600,,HU,39.0N,54.1W,75,,,,,,,,,,,,,
AL,EASY,1951,6,55,19510911,1200,,HU,39.5N,52.6W,70,,,,,,,,,,,,,
AL,EASY,1951,6,55,19510911,1800,,EX,39.5N,51.2W,70,,,,,,,,,,,,,
AL,EASY,1951,6,55,19510912,0,,EX,39.5N,49.9W,65,,,,,,,,,,,,,
AL,EASY,1951,6,55,19510912,600,,EX,39.5N,48.6W,65,,,,,,,,,,,,,
AL,EASY,1951,6,55,19510912,1200,,EX,39.5N,47.0W,60,,,,,,,,,,,,,
AL,EASY,1951,6,55,19510912,1800,,EX,39.5N,45.5W,60,,,,,,,,,,,,,
AL,EASY,1951,6,55,19510913,0,,EX,39.7N,44.0W,60,,,,,,,,,,,,,
AL,EASY,1951,6,55,19510913,600,,EX,40.7N,41.5W,60,,,,,,,,,,,,,
AL,EASY,1951,6,55,19510913,1200,,EX,41.9N,39.3W,60,,,,,,,,,,,,,
AL,EASY,1951,6,55,19510913,1800,,EX,43.2N,37.0W,60,,,,,,,,,,,,,
AL,EASY,1951,6,55,19510914,0,,EX,44.2N,32.2W,60,,,,,,,,,,,,,
AL,EASY,1951,6,55,19510914,600,,EX,45.2N,28.0W,65,,,,,,,,,,,,,
AL,EASY,1951,6,55,19510914,1200,,EX,46.3N,22.5W,65,,,,,,,,,,,,,
AL,EASY,1951,6,55,19510914,1800,,EX,47.5N,17.1W,60,,,,,,,,,,,,,
AL,FOX,1951,7,35,19510902,1800,,TD,12.6N,20.3W,30,,,,,,,,,,,,,
AL,FOX,1951,7,35,19510903,0,,TS,12.7N,21.8W,40,,,,,,,,,,,,,
AL,FOX,1951,7,35,19510903,600,,TS,12.8N,23.3W,45,,,,,,,,,,,,,
AL,FOX,1951,7,35,19510903,1200,,TS,13.0N,24.7W,50,,,,,,,,,,,,,
AL,FOX,1951,7,35,19510903,1800,,TS,13.2N,26.0W,50,,,,,,,,,,,,,
AL,FOX,1951,7,35,19510904,0,,TS,13.4N,27.3W,55,,,,,,,,,,,,,
AL,FOX,1951,7,35,19510904,600,,TS,13.6N,29.0W,55,,,,,,,,,,,,,
AL,FOX,1951,7,35,19510904,1200,,TS,14.2N,31.0W,55,,,,,,,,,,,,,
AL,FOX,1951,7,35,19510904,1800,,TS,14.9N,32.8W,60,,,,,,,,,,,,,
AL,FOX,1951,7,35,19510905,0,,HU,15.6N,34.5W,65,,,,,,,,,,,,,
AL,FOX,1951,7,35,19510905,600,,HU,16.3N,36.2W,70,,,,,,,,,,,,,
AL,FOX,1951,7,35,19510905,1200,,HU,16.8N,37.8W,75,,,,,,,,,,,,,
AL,FOX,1951,7,35,19510905,1800,,HU,17.3N,39.3W,75,,,,,,,,,,,,,
AL,FOX,1951,7,35,19510906,0,,HU,17.8N,40.7W,80,,,,,,,,,,,,,
AL,FOX,1951,7,35,19510906,600,,HU,18.3N,42.1W,85,,,,,,,,,,,,,
AL,FOX,1951,7,35,19510906,1200,,HU,18.9N,43.7W,90,,,,,,,,,,,,,
AL,FOX,1951,7,35,19510906,1800,,HU,19.6N,45.6W,90,,,,,,,,,,,,,
AL,FOX,1951,7,35,19510907,0,,HU,20.3N,47.3W,95,,,,,,,,,,,,,
AL,FOX,1951,7,35,19510907,600,,HU,21.1N,49.0W,95,,,,,,,,,,,,,
AL,FOX,1951,7,35,19510907,1200,,HU,22.0N,50.7W,100,,,,,,,,,,,,,
AL,FOX,1951,7,35,19510907,1800,,HU,23.1N,52.4W,100,,,,,,,,,,,,,
AL,FOX,1951,7,35,19510908,0,,HU,24.3N,53.8W,100,,,,,,,,,,,,,
AL,FOX,1951,7,35,19510908,600,,HU,25.5N,55.2W,95,,,,,,,,,,,,,
AL,FOX,1951,7,35,19510908,1200,,HU,27.2N,56.6W,95,,,,,,,,,,,,,
AL,FOX,1951,7,35,19510908,1800,,HU,29.6N,57.9W,95,,,,,,,,,,,,,
AL,FOX,1951,7,35,19510909,0,,HU,32.2N,58.7W,90,,,,,,,,,,,,,
AL,FOX,1951,7,35,19510909,600,,HU,35.1N,59.1W,90,,,,,,,,,,,,,
AL,FOX,1951,7,35,19510909,1200,,HU,37.8N,58.2W,85,,,,,,,,,,,,,
AL,FOX,1951,7,35,19510909,1800,,HU,40.3N,54.6W,80,,,,,,,,,,,,,
AL,FOX,1951,7,35,19510910,0,,EX,42.3N,50.5W,75,,,,,,,,,,,,,
AL,FOX,1951,7,35,19510910,600,,EX,44.5N,43.9W,75,,,,,,,,,,,,,
AL,FOX,1951,7,35,19510910,1200,,EX,47.2N,36.8W,75,,,,,,,,,,,,,
AL,FOX,1951,7,35,19510910,1800,,EX,50.0N,29.8W,75,,,,,,,,,,,,,
AL,FOX,1951,7,35,19510911,0,,EX,53.5N,24.0W,65,,,,,,,,,,,,,
AL,FOX,1951,7,35,19510911,600,,EX,57.5N,21.2W,55,,,,,,,,,,,,,
AL,GEORGE,1951,8,11,19510919,1800,,TD,19.4N,93.2W,30,,,,,,,,,,,,,
AL,GEORGE,1951,8,11,19510920,0,,TS,19.5N,93.4W,40,,,,,,,,,,,,,
AL,GEORGE,1951,8,11,19510920,600,,TS,19.7N,93.7W,40,,,,,,,,,,,,,
AL,GEORGE,1951,8,11,19510920,1200,,TS,20.2N,94.2W,45,,,,,,,,,,,,,
AL,GEORGE,1951,8,11,19510920,1800,,TS,20.8N,95.2W,50,999,,,,,,,,,,,,
AL,GEORGE,1951,8,11,19510921,0,,TS,21.0N,95.8W,50,,,,,,,,,,,,,
AL,GEORGE,1951,8,11,19510921,600,,TS,21.2N,96.4W,50,,,,,,,,,,,,,
AL,GEORGE,1951,8,11,19510921,1200,,TS,21.5N,97.1W,50,,,,,,,,,,,,,
AL,GEORGE,1951,8,11,19510921,1400,L,TS,21.6N,97.4W,50,,,,,,,,,,,,,
AL,GEORGE,1951,8,11,19510921,1800,,TS,21.8N,97.8W,35,,,,,,,,,,,,,
AL,GEORGE,1951,8,11,19510922,0,,TD,22.3N,98.6W,25,,,,,,,,,,,,,
AL,HOW,1951,9,53,19510929,0,,TD,20.2N,85.8W,25,,,,,,,,,,,,,
AL,HOW,1951,9,53,19510929,600,,TD,21.1N,86.6W,25,,,,,,,,,,,,,
AL,HOW,1951,9,53,19510929,1200,,TD,21.9N,87.2W,25,,,,,,,,,,,,,
AL,HOW,1951,9,53,19510929,1800,,TD,22.7N,87.3W,25,,,,,,,,,,,,,
AL,HOW,1951,9,53,19510930,0,,TD,23.3N,87.3W,25,,,,,,,,,,,,,
AL,HOW,1951,9,53,19510930,600,,TD,23.9N,87.4W,30,,,,,,,,,,,,,
AL,HOW,1951,9,53,19510930,1200,,TD,24.5N,87.5W,30,,,,,,,,,,,,,
AL,HOW,1951,9,53,19510930,1800,,TS,25.0N,87.6W,35,,,,,,,,,,,,,
AL,HOW,1951,9,53,19511001,0,,TS,25.5N,87.7W,35,,,,,,,,,,,,,
AL,HOW,1951,9,53,19511001,600,,TS,25.8N,87.6W,35,,,,,,,,,,,,,
AL,HOW,1951,9,53,19511001,1200,,TS,26.1N,86.8W,40,1003,,,,,,,,,,,,
AL,HOW,1951,9,53,19511001,1800,,TS,26.3N,86.0W,40,,,,,,,,,,,,,
AL,HOW,1951,9,53,19511002,0,,TS,26.4N,84.8W,45,,,,,,,,,,,,,
AL,HOW,1951,9,53,19511002,600,,TS,26.6N,83.3W,55,,,,,,,,,,,,,
AL,HOW,1951,9,53,19511002,1000,L,TS,26.7N,82.3W,55,,,,,,,,,,,,,
AL,HOW,1951,9,53,19511002,1200,,TS,26.8N,81.7W,45,,,,,,,,,,,,,
AL,HOW,1951,9,53,19511002,1800,,TS,27.6N,80.1W,50,,,,,,,,,,,,,
AL,HOW,1951,9,53,19511003,0,,TS,28.8N,78.7W,60,,,,,,,,,,,,,
AL,HOW,1951,9,53,19511003,600,,HU,30.1N,77.3W,70,,,,,,,,,,,,,
AL,HOW,1951,9,53,19511003,1200,,HU,31.4N,76.5W,75,982,,,,,,,,,,,,
AL,HOW,1951,9,53,19511003,1800,,HU,32.1N,76.1W,80,979,,,,,,,,,,,,
AL,HOW,1951,9,53,19511004,0,,HU,32.8N,75.7W,85,,,,,,,,,,,,,
AL,HOW,1951,9,53,19511004,600,,HU,33.6N,75.2W,85,,,,,,,,,,,,,
AL,HOW,1951,9,53,19511004,1200,,HU,34.3N,74.6W,85,,,,,,,,,,,,,
AL,HOW,1951,9,53,19511004,1800,,HU,34.9N,74.0W,80,975,,,,,,,,,,,,
AL,HOW,1951,9,53,19511005,0,,HU,35.4N,73.4W,80,,,,,,,,,,,,,
AL,HOW,1951,9,53,19511005,600,,HU,36.1N,72.6W,80,,,,,,,,,,,,,
AL,HOW,1951,9,53,19511005,1200,,HU,36.9N,71.6W,85,972,,,,,,,,,,,,
AL,HOW,1951,9,53,19511005,1800,,HU,37.7N,70.4W,85,,,,,,,,,,,,,
AL,HOW,1951,9,53,19511006,0,,HU,38.4N,69.2W,85,,,,,,,,,,,,,
AL,HOW,1951,9,53,19511006,600,,HU,39.1N,67.6W,85,,,,,,,,,,,,,
AL,HOW,1951,9,53,19511006,1200,,EX,39.7N,65.4W,80,,,,,,,,,,,,,
AL,HOW,1951,9,53,19511006,1800,,EX,40.3N,61.2W,75,963,,,,,,,,,,,,
AL,HOW,1951,9,53,19511007,0,,EX,41.2N,56.7W,75,,,,,,,,,,,,,
AL,HOW,1951,9,53,19511007,600,,EX,42.3N,51.0W,75,,,,,,,,,,,,,
AL,HOW,1951,9,53,19511007,1200,,EX,43.5N,45.5W,75,,,,,,,,,,,,,
AL,HOW,1951,9,53,19511007,1800,,EX,44.7N,39.8W,75,,,,,,,,,,,,,
AL,HOW,1951,9,53,19511008,0,,EX,46.4N,34.0W,75,,,,,,,,,,,,,
AL,HOW,1951,9,53,19511008,600,,EX,49.3N,29.3W,75,,,,,,,,,,,,,
AL,HOW,1951,9,53,19511008,1200,,EX,52.3N,26.3W,75,,,,,,,,,,,,,
AL,HOW,1951,9,53,19511008,1800,,EX,56.3N,23.0W,75,,,,,,,,,,,,,
AL,HOW,1951,9,53,19511009,0,,EX,59.3N,21.0W,70,,,,,,,,,,,,,
AL,HOW,1951,9,53,19511009,600,,EX,64.0N,19.5W,65,,,,,,,,,,,,,
AL,HOW,1951,9,53,19511009,1200,,EX,67.0N,17.0W,60,,,,,,,,,,,,,
AL,HOW,1951,9,53,19511009,1800,,EX,70.0N,13.0W,60,,,,,,,,,,,,,
AL,HOW,1951,9,53,19511010,0,,EX,73.0N,8.0W,55,,,,,,,,,,,,,
AL,HOW,1951,9,53,19511010,600,,EX,75.5N,2.0W,55,,,,,,,,,,,,,
AL,HOW,1951,9,53,19511010,1200,,EX,78.0N,5.0E,50,,,,,,,,,,,,,
AL,HOW,1951,9,53,19511010,1800,,EX,79.5N,14.0E,50,,,,,,,,,,,,,
AL,HOW,1951,9,53,19511011,0,,EX,80.3N,24.0E,50,,,,,,,,,,,,,
AL,HOW,1951,9,53,19511011,600,,EX,80.8N,35.0E,50,,,,,,,,,,,,,
AL,HOW,1951,9,53,19511011,1200,,EX,81.0N,48.0E,50,,,,,,,,,,,,,
AL,HOW,1951,9,53,19511011,1800,,EX,81.0N,63.0E,50,,,,,,,,,,,,,
AL,ITEM,1951,10,23,19511012,600,,TD,15.5N,80.2W,30,,,,,,,,,,,,,
AL,ITEM,1951,10,23,19511012,1200,,TD,16.2N,80.6W,30,,,,,,,,,,,,,
AL,ITEM,1951,10,23,19511012,1800,,TD,16.9N,81.1W,30,,,,,,,,,,,,,
AL,ITEM,1951,10,23,19511013,0,,TD,17.4N,81.5W,30,,,,,,,,,,,,,
AL,ITEM,1951,10,23,19511013,600,,TS,17.8N,81.8W,35,,,,,,,,,,,,,
AL,ITEM,1951,10,23,19511013,1200,,TS,18.1N,82.1W,35,,,,,,,,,,,,,
AL,ITEM,1951,10,23,19511013,1800,,TS,18.5N,82.2W,40,,,,,,,,,,,,,
AL,ITEM,1951,10,23,19511014,0,,TS,18.9N,82.2W,45,,,,,,,,,,,,,
AL,ITEM,1951,10,23,19511014,600,,TS,19.5N,82.0W,50,,,,,,,,,,,,,
AL,ITEM,1951,10,23,19511014,1200,,TS,20.1N,81.9W,55,,,,,,,,,,,,,
AL,ITEM,1951,10,23,19511014,1800,,TS,20.5N,81.8W,55,1000,,,,,,,,,,,,
AL,ITEM,1951,10,23,19511015,0,,TS,20.7N,81.8W,55,,,,,,,,,,,,,
AL,ITEM,1951,10,23,19511015,600,,TS,20.8N,81.9W,55,,,,,,,,,,,,,
AL,ITEM,1951,10,23,19511015,1200,,TS,20.9N,81.9W,55,,,,,,,,,,,,,
AL,ITEM,1951,10,23,19511015,1800,,TS,21.1N,81.9W,55,998,,,,,,,,,,,,
AL,ITEM,1951,10,23,19511016,0,,TS,21.3N,82.0W,45,,,,,,,,,,,,,
AL,ITEM,1951,10,23,19511016,600,,TS,21.5N,82.0W,35,,,,,,,,,,,,,
AL,ITEM,1951,10,23,19511016,1200,,TD,21.7N,82.0W,25,1009,,,,,,,,,,,,
AL,ITEM,1951,10,23,19511016,1800,,TD,22.0N,82.1W,25,,,,,,,,,,,,,
AL,ITEM,1951,10,23,19511017,0,,TD,22.3N,82.3W,25,,,,,,,,,,,,,
AL,ITEM,1951,10,23,19511017,600,,TD,22.7N,82.5W,25,,,,,,,,,,,,,
AL,ITEM,1951,10,23,19511017,1200,,TD,23.2N,82.7W,25,,,,,,,,,,,,,
AL,ITEM,1951,10,23,19511017,1800,,TD,23.6N,82.9W,25,,,,,,,,,,,,,
AL,JIG,1951,11,20,19511015,600,,TS,27.7N,76.0W,50,,,,,,,,,,,,,
AL,JIG,1951,11,20,19511015,1200,,HU,29.0N,75.5W,65,,,,,,,,,,,,,
AL,JIG,1951,11,20,19511015,1800,,HU,30.3N,74.9W,65,,,,,,,,,,,,,
AL,JIG,1951,11,20,19511016,0,,HU,31.1N,74.4W,65,990,,,,,,,,,,,,
AL,JIG,1951,11,20,19511016,600,,HU,31.5N,73.9W,65,,,,,,,,,,,,,
AL,JIG,1951,11,20,19511016,1200,,TS,31.7N,73.3W,60,1000,,,,,,,,,,,,
AL,JIG,1951,11,20,19511016,1800,,TS,32.0N,72.6W,55,,,,,,,,,,,,,
AL,JIG,1951,11,20,19511017,0,,TS,32.4N,71.9W,55,999,,,,,,,,,,,,
AL,JIG,1951,11,20,19511017,600,,TS,32.9N,71.0W,55,,,,,,,,,,,,,
AL,JIG,1951,11,20,19511017,1200,,TS,33.4N,70.2W,55,,,,,,,,,,,,,
AL,JIG,1951,11,20,19511017,1800,,TS,33.6N,69.9W,55,,,,,,,,,,,,,
AL,JIG,1951,11,20,19511018,0,,EX,33.8N,70.3W,60,,,,,,,,,,,,,
AL,JIG,1951,11,20,19511018,600,,EX,33.7N,71.1W,60,,,,,,,,,,,,,
AL,JIG,1951,11,20,19511018,1200,,EX,33.5N,72.0W,60,,,,,,,,,,,,,
AL,JIG,1951,11,20,19511018,1800,,EX,33.2N,72.3W,55,,,,,,,,,,,,,
AL,JIG,1951,11,20,19511019,0,,EX,32.2N,72.6W,55,,,,,,,,,,,,,
AL,JIG,1951,11,20,19511019,600,,EX,31.6N,72.7W,50,,,,,,,,,,,,,
AL,JIG,1951,11,20,19511019,1200,,EX,31.0N,72.1W,50,,,,,,,,,,,,,
AL,JIG,1951,11,20,19511019,1800,,EX,30.4N,71.3W,50,,,,,,,,,,,,,
AL,JIG,1951,11,20,19511020,0,,EX,29.8N,70.7W,50,,,,,,,,,,,,,
AL,UNNAMED,1951,12,36,19511203,1200,,EX,39.0N,53.0W,60,,,,,,,,,,,,,
AL,UNNAMED,1951,12,36,19511203,1800,,EX,38.8N,50.5W,65,,,,,,,,,,,,,
AL,UNNAMED,1951,12,36,19511204,0,,EX,38.6N,48.1W,65,,,,,,,,,,,,,
AL,UNNAMED,1951,12,36,19511204,600,,EX,38.3N,45.7W,65,,,,,,,,,,,,,
AL,UNNAMED,1951,12,36,19511204,1200,,EX,38.0N,44.5W,65,,,,,,,,,,,,,
AL,UNNAMED,1951,12,36,19511204,1800,,EX,37.7N,44.4W,65,,,,,,,,,,,,,
AL,UNNAMED,1951,12,36,19511205,0,,EX,37.5N,44.9W,65,,,,,,,,,,,,,
AL,UNNAMED,1951,12,36,19511205,600,,EX,37.3N,45.4W,65,,,,,,,,,,,,,
AL,UNNAMED,1951,12,36,19511205,1200,,EX,37.0N,46.0W,65,,,,,,,,,,,,,
AL,UNNAMED,1951,12,36,19511205,1800,,EX,36.7N,46.8W,60,,,,,,,,,,,,,
AL,UNNAMED,1951,12,36,19511206,0,,EX,36.4N,47.7W,60,,,,,,,,,,,,,
AL,UNNAMED,1951,12,36,19511206,600,,EX,36.0N,48.4W,60,,,,,,,,,,,,,
AL,UNNAMED,1951,12,36,19511206,1200,,EX,35.5N,48.6W,60,,,,,,,,,,,,,
AL,UNNAMED,1951,12,36,19511206,1800,,EX,35.1N,48.0W,60,,,,,,,,,,,,,
AL,UNNAMED,1951,12,36,19511207,0,,EX,34.8N,47.0W,60,,,,,,,,,,,,,
AL,UNNAMED,1951,12,36,19511207,600,,TS,34.6N,46.4W,60,,,,,,,,,,,,,
AL,UNNAMED,1951,12,36,19511207,1200,,HU,34.5N,46.0W,65,,,,,,,,,,,,,
AL,UNNAMED,1951,12,36,19511207,1800,,HU,34.4N,46.2W,70,,,,,,,,,,,,,
AL,UNNAMED,1951,12,36,19511208,0,,HU,34.0N,46.3W,70,,,,,,,,,,,,,
AL,UNNAMED,1951,12,36,19511208,600,,HU,33.3N,46.4W,65,,,,,,,,,,,,,
AL,UNNAMED,1951,12,36,19511208,1200,,TS,32.7N,46.3W,60,,,,,,,,,,,,,
AL,UNNAMED,1951,12,36,19511208,1800,,TS,32.6N,45.7W,55,,,,,,,,,,,,,
AL,UNNAMED,1951,12,36,19511209,0,,TS,32.5N,44.8W,55,,,,,,,,,,,,,
AL,UNNAMED,1951,12,36,19511209,600,,TS,32.5N,43.7W,50,,,,,,,,,,,,,
AL,UNNAMED,1951,12,36,19511209,1200,,TS,32.7N,42.3W,50,,,,,,,,,,,,,
AL,UNNAMED,1951,12,36,19511209,1800,,TS,33.5N,40.2W,50,,,,,,,,,,,,,
AL,UNNAMED,1951,12,36,19511210,0,,TS,35.0N,37.6W,50,,,,,,,,,,,,,
AL,UNNAMED,1951,12,36,19511210,600,,TS,36.5N,34.8W,55,,,,,,,,,,,,,
AL,UNNAMED,1951,12,36,19511210,1200,,TS,37.8N,32.0W,55,,,,,,,,,,,,,
AL,UNNAMED,1951,12,36,19511210,1800,,TS,38.8N,30.0W,55,,,,,,,,,,,,,
AL,UNNAMED,1951,12,36,19511211,0,,TS,39.0N,28.8W,50,,,,,,,,,,,,,
AL,UNNAMED,1951,12,36,19511211,600,,EX,39.0N,27.7W,45,,,,,,,,,,,,,
AL,UNNAMED,1951,12,36,19511211,1200,,EX,39.2N,26.5W,40,,,,,,,,,,,,,
AL,UNNAMED,1951,12,36,19511211,1800,,EX,39.6N,25.5W,40,,,,,,,,,,,,,
AL,UNNAMED,1951,12,36,19511212,0,,EX,40.5N,24.7W,35,,,,,,,,,,,,,
AL,UNNAMED,1951,12,36,19511212,600,,EX,41.5N,24.0W,35,,,,,,,,,,,,,
AL,UNNAMED,1952,1,13,19520202,600,,LO,18.5N,87.2W,25,,,,,,,,,,,,,
AL,UNNAMED,1952,1,13,19520202,1200,,LO,19.5N,87.4W,25,,,,,,,,,,,,,
AL,UNNAMED,1952,1,13,19520202,1800,,LO,21.8N,85.5W,30,,,,,,,,,,,,,
AL,UNNAMED,1952,1,13,19520203,0,,LO,23.7N,82.8W,40,,,,,,,,,,,,,
AL,UNNAMED,1952,1,13,19520203,600,,TS,26.2N,80.6W,55,,,,,,,,,,,,,
AL,UNNAMED,1952,1,13,19520203,1200,,TS,28.9N,78.6W,55,,,,,,,,,,,,,
AL,UNNAMED,1952,1,13,19520203,1800,,TS,31.0N,77.3W,60,,,,,,,,,,,,,
AL,UNNAMED,1952,1,13,19520204,0,,TS,33.1N,75.8W,60,,,,,,,,,,,,,
AL,UNNAMED,1952,1,13,19520204,600,,EX,35.4N,74.3W,60,,,,,,,,,,,,,
AL,UNNAMED,1952,1,13,19520204,1200,,EX,38.4N,72.0W,60,,,,,,,,,,,,,
AL,UNNAMED,1952,1,13,19520204,1800,,EX,41.4N,69.7W,55,,,,,,,,,,,,,
AL,UNNAMED,1952,1,13,19520205,0,,EX,43.8N,68.4W,50,,,,,,,,,,,,,
AL,UNNAMED,1952,1,13,19520205,600,,EX,46.5N,67.4W,45,,,,,,,,,,,,,
AL,ABLE,1952,2,66,19520818,600,,TD,14.6N,19.0W,25,,,,,,,,,,,,,
AL,ABLE,1952,2,66,19520818,1200,,TD,14.4N,19.6W,25,,,,,,,,,,,,,
AL,ABLE,1952,2,66,19520818,1800,,TD,14.3N,20.5W,25,,,,,,,,,,,,,
AL,ABLE,1952,2,66,19520819,0,,TD,14.1N,21.5W,25,,,,,,,,,,,,,
AL,ABLE,1952,2,66,19520819,600,,TD,13.9N,22.6W,25,,,,,,,,,,,,,
AL,ABLE,1952,2,66,19520819,1200,,TD,13.7N,23.7W,25,,,,,,,,,,,,,
AL,ABLE,1952,2,66,19520819,1800,,TD,13.4N,25.1W,25,,,,,,,,,,,,,
AL,ABLE,1952,2,66,19520820,0,,TD,13.2N,26.6W,25,,,,,,,,,,,,,
AL,ABLE,1952,2,66,19520820,600,,TD,13.0N,28.2W,25,,,,,,,,,,,,,
AL,ABLE,1952,2,66,19520820,1200,,TD,12.8N,29.8W,25,,,,,,,,,,,,,
AL,ABLE,1952,2,66,19520820,1800,,TD,12.6N,31.4W,25,,,,,,,,,,,,,
AL,ABLE,1952,2,66,19520821,0,,TD,12.4N,33.1W,25,,,,,,,,,,,,,
AL,ABLE,1952,2,66,19520821,600,,TD,12.3N,34.8W,25,,,,,,,,,,,,,
AL,ABLE,1952,2,66,19520821,1200,,TD,12.3N,36.6W,25,,,,,,,,,,,,,
AL,ABLE,1952,2,66,19520821,1800,,TD,12.3N,38.4W,25,,,,,,,,,,,,,
AL,ABLE,1952,2,66,19520822,0,,TD,12.3N,40.1W,25,,,,,,,,,,,,,
AL,ABLE,1952,2,66,19520822,600,,TD,12.6N,41.8W,25,,,,,,,,,,,,,
AL,ABLE,1952,2,66,19520822,1200,,TD,13.0N,43.4W,25,,,,,,,,,,,,,
AL,ABLE,1952,2,66,19520822,1800,,TD,13.5N,45.0W,25,,,,,,,,,,,,,
AL,ABLE,1952,2,66,19520823,0,,TD,14.0N,46.6W,25,,,,,,,,,,,,,
AL,ABLE,1952,2,66,19520823,600,,TD,14.5N,48.2W,25,,,,,,,,,,,,,
AL,ABLE,1952,2,66,19520823,1200,,TD,15.0N,49.8W,25,,,,,,,,,,,,,
AL,ABLE,1952,2,66,19520823,1800,,TD,15.5N,51.2W,25,,,,,,,,,,,,,
AL,ABLE,1952,2,66,19520824,0,,TD,16.0N,52.4W,25,,,,,,,,,,,,,
AL,ABLE,1952,2,66,19520824,600,,TD,16.5N,53.6W,25,,,,,,,,,,,,,
AL,ABLE,1952,2,66,19520824,1200,,TD,17.0N,54.8W,30,,,,,,,,,,,,,
AL,ABLE,1952,2,66,19520824,1800,,TS,17.5N,55.8W,35,,,,,,,,,,,,,
AL,ABLE,1952,2,66,19520825,0,,TS,18.0N,56.7W,35,,,,,,,,,,,,,
AL,ABLE,1952,2,66,19520825,600,,TS,18.6N,57.6W,35,,,,,,,,,,,,,
AL,ABLE,1952,2,66,19520825,1200,,TS,19.3N,58.4W,35,,,,,,,,,,,,,
AL,ABLE,1952,2,66,19520825,1800,,TS,19.8N,59.1W,40,,,,,,,,,,,,,
AL,ABLE,1952,2,66,19520826,0,,TS,20.0N,59.9W,40,,,,,,,,,,,,,
AL,ABLE,1952,2,66,19520826,600,,TS,20.3N,60.8W,45,,,,,,,,,,,,,
AL,ABLE,1952,2,66,19520826,1200,,TS,20.7N,61.7W,45,,,,,,,,,,,,,
AL,ABLE,1952,2,66,19520826,1800,,TS,21.1N,62.4W,50,,,,,,,,,,,,,
AL,ABLE,1952,2,66,19520827,0,,TS,21.4N,63.1W,50,,,,,,,,,,,,,
AL,ABLE,1952,2,66,19520827,600,,TS,21.7N,63.8W,55,,,,,,,,,,,,,
AL,ABLE,1952,2,66,19520827,1200,,TS,21.9N,64.6W,55,1003,,,,,,,,,,,,
AL,ABLE,1952,2,66,19520827,1800,,TS,22.2N,65.6W,60,998,,,,,,,,,,,,
AL,ABLE,1952,2,66,19520828,0,,TS,22.7N,66.7W,60,,,,,,,,,,,,,
AL,ABLE,1952,2,66,19520828,600,,TS,23.4N,68.0W,55,,,,,,,,,,,,,
AL,ABLE,1952,2,66,19520828,1200,,TS,24.2N,69.3W,55,1002,,,,,,,,,,,,
AL,ABLE,1952,2,66,19520828,1800,,TS,25.1N,70.6W,50,1003,,,,,,,,,,,,
AL,ABLE,1952,2,66,19520829,0,,TS,25.9N,71.9W,50,,,,,,,,,,,,,
AL,ABLE,1952,2,66,19520829,600,,TS,26.7N,73.4W,55,,,,,,,,,,,,,
AL,ABLE,1952,2,66,19520829,1200,,TS,27.4N,74.9W,60,999,,,,,,,,,,,,
AL,ABLE,1952,2,66,19520829,1800,,HU,27.9N,76.3W,65,,,,,,,,,,,,,
AL,ABLE,1952,2,66,19520830,0,,HU,28.5N,77.7W,65,,,,,,,,,,,,,
AL,ABLE,1952,2,66,19520830,600,,HU,29.1N,78.8W,70,,,,,,,,,,,,,
AL,ABLE,1952,2,66,19520830,1200,,HU,29.8N,79.5W,70,992,,,,,,,,,,,,
AL,ABLE,1952,2,66,19520830,1800,,HU,30.7N,79.9W,80,983,,,,,,,,,,,,
AL,ABLE,1952,2,66,19520831,0,,HU,31.7N,80.4W,85,,,,,,,,,,,,,
AL,ABLE,1952,2,66,19520831,300,L,HU,32.3N,80.6W,85,,,,,,,,,,,,,
AL,ABLE,1952,2,66,19520831,600,,HU,32.9N,80.8W,65,,,,,,,,,,,,,
AL,ABLE,1952,2,66,19520831,1200,,TS,34.2N,80.9W,45,,,,,,,,,,,,,
AL,ABLE,1952,2,66,19520831,1800,,TS,35.4N,80.6W,40,,,,,,,,,,,,,
AL,ABLE,1952,2,66,19520901,0,,TS,36.6N,79.9W,40,,,,,,,,,,,,,
AL,ABLE,1952,2,66,19520901,600,,TS,38.1N,78.6W,45,,,,,,,,,,,,,
AL,ABLE,1952,2,66,19520901,1200,,TS,39.5N,77.1W,50,,,,,,,,,,,,,
AL,ABLE,1952,2,66,19520901,1800,,TS,40.8N,75.0W,50,,,,,,,,,,,,,
AL,ABLE,1952,2,66,19520902,0,,TS,42.2N,72.9W,45,,,,,,,,,,,,,
AL,ABLE,1952,2,66,19520902,600,,TD,43.0N,71.5W,30,,,,,,,,,,,,,
AL,ABLE,1952,2,66,19520902,1200,,TD,43.9N,70.0W,25,,,,,,,,,,,,,
AL,ABLE,1952,2,66,19520902,1800,,TD,45.5N,68.2W,25,,,,,,,,,,,,,
AL,ABLE,1952,2,66,19520903,0,,TD,47.2N,65.8W,25,,,,,,,,,,,,,
AL,ABLE,1952,2,66,19520903,600,,TD,48.5N,63.5W,20,,,,,,,,,,,,,
AL,UNNAMED,1952,3,6,19520827,1800,,TS,32.2N,77.6W,45,,,,,,,,,,,,,
AL,UNNAMED,1952,3,6,19520828,0,,TS,33.3N,78.2W,45,1000,,,,,,,,,,,,
AL,UNNAMED,1952,3,6,19520828,200,L,TS,33.7N,78.7W,45,1000,,,,,,,,,,,,
AL,UNNAMED,1952,3,6,19520828,600,,TS,34.4N,79.5W,40,,,,,,,,,,,,,
AL,UNNAMED,1952,3,6,19520828,1200,,TD,35.7N,81.0W,30,,,,,,,,,,,,,
AL,UNNAMED,1952,3,6,19520828,1800,,TD,37.5N,82.3W,20,,,,,,,,,,,,,
AL,BAKER,1952,4,40,19520831,600,,TS,15.4N,53.9W,50,,,,,,,,,,,,,
AL,BAKER,1952,4,40,19520831,1200,,TS,16.1N,55.1W,55,,,,,,,,,,,,,
AL,BAKER,1952,4,40,19520831,1800,,TS,16.8N,56.3W,60,,,,,,,,,,,,,
AL,BAKER,1952,4,40,19520901,0,,TS,17.5N,57.5W,60,,,,,,,,,,,,,
AL,BAKER,1952,4,40,19520901,600,,TS,18.2N,58.7W,60,1003,,,,,,,,,,,,
AL,BAKER,1952,4,40,19520901,1200,,TS,19.1N,59.7W,60,,,,,,,,,,,,,
AL,BAKER,1952,4,40,19520901,1800,,HU,20.1N,60.5W,65,,,,,,,,,,,,,
AL,BAKER,1952,4,40,19520902,0,,HU,21.1N,61.2W,65,,,,,,,,,,,,,
AL,BAKER,1952,4,40,19520902,600,,HU,22.0N,62.1W,65,,,,,,,,,,,,,
AL,BAKER,1952,4,40,19520902,1200,,HU,22.8N,63.0W,65,993,,,,,,,,,,,,
AL,BAKER,1952,4,40,19520902,1800,,HU,23.7N,64.2W,65,996,,,,,,,,,,,,
AL,BAKER,1952,4,40,19520903,0,,HU,24.5N,65.3W,65,,,,,,,,,,,,,
AL,BAKER,1952,4,40,19520903,600,,HU,25.2N,66.3W,65,,,,,,,,,,,,,
AL,BAKER,1952,4,40,19520903,1200,,HU,25.9N,67.1W,65,993,,,,,,,,,,,,
AL,BAKER,1952,4,40,19520903,1800,,HU,26.5N,68.0W,65,993,,,,,,,,,,,,
AL,BAKER,1952,4,40,19520904,0,,HU,27.4N,69.0W,65,,,,,,,,,,,,,
AL,BAKER,1952,4,40,19520904,600,,HU,28.4N,69.8W,70,,,,,,,,,,,,,
AL,BAKER,1952,4,40,19520904,1200,,HU,29.5N,70.4W,70,,,,,,,,,,,,,
AL,BAKER,1952,4,40,19520904,1800,,HU,30.7N,70.7W,70,983,,,,,,,,,,,,
AL,BAKER,1952,4,40,19520905,0,,HU,31.6N,70.9W,70,,,,,,,,,,,,,
AL,BAKER,1952,4,40,19520905,600,,HU,32.2N,71.1W,70,,,,,,,,,,,,,
AL,BAKER,1952,4,40,19520905,1200,,HU,32.7N,71.2W,70,,,,,,,,,,,,,
AL,BAKER,1952,4,40,19520905,1800,,HU,33.1N,71.0W,70,983,,,,,,,,,,,,
AL,BAKER,1952,4,40,19520906,0,,HU,33.4N,70.7W,75,,,,,,,,,,,,,
AL,BAKER,1952,4,40,19520906,600,,HU,33.7N,70.4W,75,,,,,,,,,,,,,
AL,BAKER,1952,4,40,19520906,1200,,HU,34.3N,69.7W,75,981,,,,,,,,,,,,
AL,BAKER,1952,4,40,19520906,1800,,HU,35.1N,69.0W,80,978,,,,,,,,,,,,
AL,BAKER,1952,4,40,19520907,0,,HU,36.2N,67.9W,90,,,,,,,,,,,,,
AL,BAKER,1952,4,40,19520907,600,,HU,37.6N,66.0W,95,,,,,,,,,,,,,
AL,BAKER,1952,4,40,19520907,1200,,HU,38.9N,63.5W,95,,,,,,,,,,,,,
AL,BAKER,1952,4,40,19520907,1800,,HU,40.4N,60.1W,95,969,,,,,,,,,,,,
AL,BAKER,1952,4,40,19520908,0,,EX,42.5N,56.4W,90,,,,,,,,,,,,,
AL,BAKER,1952,4,40,19520908,600,,EX,45.4N,52.3W,85,,,,,,,,,,,,,
AL,BAKER,1952,4,40,19520908,1200,,EX,48.0N,48.9W,80,,,,,,,,,,,,,
AL,BAKER,1952,4,40,19520908,1800,,EX,50.0N,47.3W,75,,,,,,,,,,,,,
AL,BAKER,1952,4,40,19520909,0,,EX,51.8N,47.0W,75,,,,,,,,,,,,,
AL,BAKER,1952,4,40,19520909,600,,EX,53.8N,46.0W,75,,,,,,,,,,,,,
AL,BAKER,1952,4,40,19520909,1200,,EX,55.8N,45.0W,70,,,,,,,,,,,,,
AL,BAKER,1952,4,40,19520909,1800,,EX,57.0N,44.0W,55,,,,,,,,,,,,,
AL,BAKER,1952,4,40,19520910,0,,EX,57.7N,43.0W,45,,,,,,,,,,,,,
AL,UNNAMED,1952,5,27,19520908,0,,TS,42.0N,23.0W,35,,,,,,,,,,,,,
AL,UNNAMED,1952,5,27,19520908,600,,TS,41.8N,25.0W,35,,,,,,,,,,,,,
AL,UNNAMED,1952,5,27,19520908,1200,,TS,41.6N,27.0W,40,,,,,,,,,,,,,
AL,UNNAMED,1952,5,27,19520908,1800,,TS,41.1N,28.1W,40,,,,,,,,,,,,,
AL,UNNAMED,1952,5,27,19520909,0,,TS,40.6N,28.5W,45,,,,,,,,,,,,,
AL,UNNAMED,1952,5,27,19520909,600,,TS,40.3N,27.6W,45,,,,,,,,,,,,,
AL,UNNAMED,1952,5,27,19520909,1200,,TS,40.0N,26.5W,45,,,,,,,,,,,,,
AL,UNNAMED,1952,5,27,19520909,1800,,TS,39.8N,26.0W,40,,,,,,,,,,,,,
AL,UNNAMED,1952,5,27,19520910,0,,TS,39.5N,25.8W,40,,,,,,,,,,,,,
AL,UNNAMED,1952,5,27,19520910,600,,TS,39.3N,25.4W,35,,,,,,,,,,,,,
AL,UNNAMED,1952,5,27,19520910,1200,,TS,39.0N,25.0W,35,,,,,,,,,,,,,
AL,UNNAMED,1952,5,27,19520910,1800,,TD,38.6N,24.4W,30,,,,,,,,,,,,,
AL,UNNAMED,1952,5,27,19520911,0,,TD,38.5N,23.7W,30,,,,,,,,,,,,,
AL,UNNAMED,1952,5,27,19520911,600,,TD,38.7N,23.0W,30,,,,,,,,,,,,,
AL,UNNAMED,1952,5,27,19520911,1200,,EX,38.7N,22.3W,30,,,,,,,,,,,,,
AL,UNNAMED,1952,5,27,19520911,1800,,EX,38.3N,20.3W,35,,,,,,,,,,,,,
AL,UNNAMED,1952,5,27,19520912,0,,EX,37.5N,16.8W,35,,,,,,,,,,,,,
AL,UNNAMED,1952,5,27,19520912,600,,EX,37.3N,13.9W,35,,,,,,,,,,,,,
AL,UNNAMED,1952,5,27,19520912,1200,,EX,37.2N,11.2W,35,,,,,,,,,,,,,
AL,UNNAMED,1952,5,27,19520912,1800,,EX,37.0N,9.0W,35,,,,,,,,,,,,,
AL,UNNAMED,1952,5,27,19520913,0,,EX,37.2N,7.8W,35,,,,,,,,,,,,,
AL,UNNAMED,1952,5,27,19520913,600,,EX,39.0N,5.8W,35,,,,,,,,,,,,,
AL,UNNAMED,1952,5,27,19520913,1200,,EX,41.0N,3.8W,35,,,,,,,,,,,,,
AL,UNNAMED,1952,5,27,19520913,1800,,EX,41.7N,2.0W,35,,,,,,,,,,,,,
AL,UNNAMED,1952,5,27,19520914,0,,EX,42.3N,0.2W,35,,,,,,,,,,,,,
AL,UNNAMED,1952,5,27,19520914,600,,EX,43.2N,359.1W,35,,,,,,,,,,,,,
AL,UNNAMED,1952,5,27,19520914,1200,,EX,44.0N,358.4W,35,,,,,,,,,,,,,
AL,CHARLIE,1952,6,29,19520924,0,,TD,20.0N,69.2W,30,,,,,,,,,,,,,
AL,CHARLIE,1952,6,29,19520924,600,,TD,20.8N,70.0W,30,,,,,,,,,,,,,
AL,CHARLIE,1952,6,29,19520924,1200,,TD,21.7N,70.8W,30,,,,,,,,,,,,,
AL,CHARLIE,1952,6,29,19520924,1800,,TS,22.7N,71.7W,35,,,,,,,,,,,,,
AL,CHARLIE,1952,6,29,19520925,0,,TS,23.5N,72.8W,45,,,,,,,,,,,,,
AL,CHARLIE,1952,6,29,19520925,600,,TS,24.5N,73.4W,50,,,,,,,,,,,,,
AL,CHARLIE,1952,6,29,19520925,1200,,TS,25.5N,74.0W,60,,,,,,,,,,,,,
AL,CHARLIE,1952,6,29,19520925,1800,,HU,26.5N,74.6W,70,993,,,,,,,,,,,,
AL,CHARLIE,1952,6,29,19520926,0,,HU,27.2N,74.9W,75,989,,,,,,,,,,,,
AL,CHARLIE,1952,6,29,19520926,600,,HU,27.9N,74.8W,85,,,,,,,,,,,,,
AL,CHARLIE,1952,6,29,19520926,1200,,HU,29.0N,74.3W,95,969,,,,,,,,,,,,
AL,CHARLIE,1952,6,29,19520926,1800,,HU,30.3N,73.1W,105,,,,,,,,,,,,,
AL,CHARLIE,1952,6,29,19520927,0,,HU,31.5N,71.6W,105,,,,,,,,,,,,,
AL,CHARLIE,1952,6,29,19520927,600,,HU,32.5N,70.2W,100,,,,,,,,,,,,,
AL,CHARLIE,1952,6,29,19520927,1200,,HU,33.8N,68.6W,100,958,,,,,,,,,,,,
AL,CHARLIE,1952,6,29,19520927,1800,,HU,35.1N,65.9W,95,,,,,,,,,,,,,
AL,CHARLIE,1952,6,29,19520928,0,,HU,36.7N,63.0W,95,,,,,,,,,,,,,
AL,CHARLIE,1952,6,29,19520928,600,,EX,38.4N,60.8W,90,,,,,,,,,,,,,
AL,CHARLIE,1952,6,29,19520928,1200,,EX,39.5N,58.7W,85,,,,,,,,,,,,,
AL,CHARLIE,1952,6,29,19520928,1800,,EX,39.9N,57.1W,85,,,,,,,,,,,,,
AL,CHARLIE,1952,6,29,19520929,0,,EX,40.3N,55.5W,75,,,,,,,,,,,,,
AL,CHARLIE,1952,6,29,19520929,600,,EX,40.6N,54.1W,70,,,,,,,,,,,,,
AL,CHARLIE,1952,6,29,19520929,1200,,EX,40.6N,52.9W,65,,,,,,,,,,,,,
AL,CHARLIE,1952,6,29,19520929,1800,,EX,40.4N,51.5W,60,,,,,,,,,,,,,
AL,CHARLIE,1952,6,29,19520930,0,,EX,39.9N,50.1W,55,,,,,,,,,,,,,
AL,CHARLIE,1952,6,29,19520930,600,,EX,39.7N,48.6W,50,,,,,,,,,,,,,
AL,CHARLIE,1952,6,29,19520930,1200,,EX,39.5N,47.2W,45,,,,,,,,,,,,,
AL,CHARLIE,1952,6,29,19520930,1800,,EX,39.5N,46.0W,40,,,,,,,,,,,,,
AL,CHARLIE,1952,6,29,19521001,0,,EX,40.0N,44.7W,35,,,,,,,,,,,,,
AL,DOG,1952,7,26,19520924,1200,,TD,12.6N,48.7W,30,,,,,,,,,,,,,
AL,DOG,1952,7,26,19520924,1800,,TS,12.9N,49.5W,35,,,,,,,,,,,,,
AL,DOG,1952,7,26,19520925,0,,TS,13.2N,50.2W,40,,,,,,,,,,,,,
AL,DOG,1952,7,26,19520925,600,,TS,13.7N,50.9W,50,,,,,,,,,,,,,
AL,DOG,1952,7,26,19520925,1200,,TS,14.2N,51.6W,50,,,,,,,,,,,,,
AL,DOG,1952,7,26,19520925,1800,,TS,14.7N,52.1W,50,,,,,,,,,,,,,
AL,DOG,1952,7,26,19520926,0,,TS,15.2N,52.5W,55,,,,,,,,,,,,,
AL,DOG,1952,7,26,19520926,600,,TS,15.7N,52.9W,55,,,,,,,,,,,,,
AL,DOG,1952,7,26,19520926,1200,,TS,16.2N,53.4W,55,,,,,,,,,,,,,
AL,DOG,1952,7,26,19520926,1800,,TS,16.6N,54.0W,60,998,,,,,,,,,,,,
AL,DOG,1952,7,26,19520927,0,,TS,17.0N,54.6W,60,,,,,,,,,,,,,
AL,DOG,1952,7,26,19520927,600,,TS,17.5N,55.1W,55,,,,,,,,,,,,,
AL,DOG,1952,7,26,19520927,1200,,TS,18.0N,55.5W,45,1002,,,,,,,,,,,,
AL,DOG,1952,7,26,19520927,1800,,TS,18.7N,55.9W,45,1001,,,,,,,,,,,,
AL,DOG,1952,7,26,19520928,0,,TS,19.3N,56.3W,40,,,,,,,,,,,,,
AL,DOG,1952,7,26,19520928,600,,TS,19.9N,56.7W,40,,,,,,,,,,,,,
AL,DOG,1952,7,26,19520928,1200,,TS,20.4N,57.0W,40,1001,,,,,,,,,,,,
AL,DOG,1952,7,26,19520928,1800,,TS,20.8N,57.5W,35,,,,,,,,,,,,,
AL,DOG,1952,7,26,19520929,0,,TS,21.1N,57.9W,35,,,,,,,,,,,,,
AL,DOG,1952,7,26,19520929,600,,TS,21.3N,58.2W,35,,,,,,,,,,,,,
AL,DOG,1952,7,26,19520929,1200,,TD,21.4N,58.5W,30,,,,,,,,,,,,,
AL,DOG,1952,7,26,19520929,1800,,TD,21.5N,58.9W,30,1009,,,,,,,,,,,,
AL,DOG,1952,7,26,19520930,0,,TD,21.7N,59.2W,30,,,,,,,,,,,,,
AL,DOG,1952,7,26,19520930,600,,TD,21.9N,59.4W,30,,,,,,,,,,,,,
AL,DOG,1952,7,26,19520930,1200,,TD,22.1N,59.6W,25,1008,,,,,,,,,,,,
AL,DOG,1952,7,26,19520930,1800,,TD,22.2N,59.8W,25,,,,,,,,,,,,,
AL,UNNAMED,1952,8,21,19520925,1200,,TD,12.4N,22.7W,25,,,,,,,,,,,,,
AL,UNNAMED,1952,8,21,19520925,1800,,TD,12.6N,23.9W,30,,,,,,,,,,,,,
AL,UNNAMED,1952,8,21,19520926,0,,TD,12.9N,24.9W,30,,,,,,,,,,,,,
AL,UNNAMED,1952,8,21,19520926,600,,TS,13.2N,25.7W,35,,,,,,,,,,,,,
AL,UNNAMED,1952,8,21,19520926,1200,,TS,13.5N,26.3W,35,,,,,,,,,,,,,
AL,UNNAMED,1952,8,21,19520926,1800,,TS,13.8N,26.8W,40,,,,,,,,,,,,,
AL,UNNAMED,1952,8,21,19520927,0,,TS,14.1N,27.2W,40,,,,,,,,,,,,,
AL,UNNAMED,1952,8,21,19520927,600,,TS,14.5N,27.4W,40,,,,,,,,,,,,,
AL,UNNAMED,1952,8,21,19520927,1200,,TS,15.0N,27.5W,40,,,,,,,,,,,,,
AL,UNNAMED,1952,8,21,19520927,1800,,TS,15.7N,27.4W,35,,,,,,,,,,,,,
AL,UNNAMED,1952,8,21,19520928,0,,TS,16.5N,27.2W,35,,,,,,,,,,,,,
AL,UNNAMED,1952,8,21,19520928,600,,TD,17.3N,27.1W,30,,,,,,,,,,,,,
AL,UNNAMED,1952,8,21,19520928,1200,,TD,18.0N,27.0W,30,,,,,,,,,,,,,
AL,UNNAMED,1952,8,21,19520928,1800,,TD,18.7N,27.0W,30,,,,,,,,,,,,,
AL,UNNAMED,1952,8,21,19520929,0,,TD,19.5N,27.0W,30,,,,,,,,,,,,,
AL,UNNAMED,1952,8,21,19520929,600,,TD,20.3N,27.0W,30,,,,,,,,,,,,,
AL,UNNAMED,1952,8,21,19520929,1200,,TD,21.0N,27.0W,30,,,,,,,,,,,,,
AL,UNNAMED,1952,8,21,19520929,1800,,TD,21.7N,27.0W,25,,,,,,,,,,,,,
AL,UNNAMED,1952,8,21,19520930,0,,TD,22.4N,27.0W,25,,,,,,,,,,,,,
AL,UNNAMED,1952,8,21,19520930,600,,TD,23.2N,27.0W,25,,,,,,,,,,,,,
AL,UNNAMED,1952,8,21,19520930,1200,,TD,24.0N,27.0W,25,,,,,,,,,,,,,
AL,EASY,1952,9,21,19521006,1200,,TD,15.2N,51.0W,30,,,,,,,,,,,,,
AL,EASY,1952,9,21,19521006,1800,,TD,15.3N,51.0W,30,,,,,,,,,,,,,
AL,EASY,1952,9,21,19521007,0,,TS,15.4N,50.9W,35,,,,,,,,,,,,,
AL,EASY,1952,9,21,19521007,600,,TS,15.7N,50.8W,40,,,,,,,,,,,,,
AL,EASY,1952,9,21,19521007,1200,,TS,16.2N,50.7W,45,,,,,,,,,,,,,
AL,EASY,1952,9,21,19521007,1800,,TS,16.7N,50.6W,50,995,,,,,,,,,,,,
AL,EASY,1952,9,21,19521008,0,,TS,17.1N,50.5W,60,,,,,,,,,,,,,
AL,EASY,1952,9,21,19521008,600,,HU,17.4N,50.5W,70,,,,,,,,,,,,,
AL,EASY,1952,9,21,19521008,1200,,HU,17.7N,50.5W,80,,,,,,,,,,,,,
AL,EASY,1952,9,21,19521008,1800,,HU,18.0N,50.4W,90,968,,,,,,,,,,,,
AL,EASY,1952,9,21,19521009,0,,HU,18.1N,50.1W,85,,,,,,,,,,,,,
AL,EASY,1952,9,21,19521009,600,,HU,18.1N,49.8W,75,,,,,,,,,,,,,
AL,EASY,1952,9,21,19521009,1200,,TS,18.0N,49.5W,60,,,,,,,,,,,,,
AL,EASY,1952,9,21,19521009,1800,,TS,17.7N,49.4W,40,1001,,,,,,,,,,,,
AL,EASY,1952,9,21,19521010,0,,TS,17.0N,49.5W,40,,,,,,,,,,,,,
AL,EASY,1952,9,21,19521010,600,,TS,16.3N,49.7W,40,,,,,,,,,,,,,
AL,EASY,1952,9,21,19521010,1200,,TS,15.7N,50.1W,35,,,,,,,,,,,,,
AL,EASY,1952,9,21,19521010,1800,,TS,15.4N,50.5W,35,,,,,,,,,,,,,
AL,EASY,1952,9,21,19521011,0,,TS,15.2N,51.0W,35,,,,,,,,,,,,,
AL,EASY,1952,9,21,19521011,600,,TD,14.9N,51.9W,30,,,,,,,,,,,,,
AL,EASY,1952,9,21,19521011,1200,,TD,14.5N,53.0W,30,,,,,,,,,,,,,
AL,FOX,1952,10,36,19521020,1200,,TD,11.4N,77.7W,25,,,,,,,,,,,,,
AL,FOX,1952,10,36,19521020,1800,,TD,12.5N,78.5W,30,,,,,,,,,,,,,
AL,FOX,1952,10,36,19521021,0,,TD,13.6N,79.3W,30,,,,,,,,,,,,,
AL,FOX,1952,10,36,19521021,600,,TD,14.7N,80.2W,30,,,,,,,,,,,,,
AL,FOX,1952,10,36,19521021,1200,,TS,15.7N,81.1W,35,,,,,,,,,,,,,
AL,FOX,1952,10,36,19521021,1800,,TS,16.6N,81.8W,45,1003,,,,,,,,,,,,
AL,FOX,1952,10,36,19521022,0,,TS,17.0N,82.0W,50,,,,,,,,,,,,,
AL,FOX,1952,10,36,19521022,600,,TS,17.1N,82.0W,55,,,,,,,,,,,,,
AL,FOX,1952,10,36,19521022,1200,,TS,17.2N,82.0W,55,,,,,,,,,,,,,
AL,FOX,1952,10,36,19521022,1800,,TS,17.3N,82.0W,60,993,,,,,,,,,,,,
AL,FOX,1952,10,36,19521023,0,,HU,17.6N,82.0W,75,,,,,,,,,,,,,
AL,FOX,1952,10,36,19521023,600,,HU,17.9N,82.0W,95,,,,,,,,,,,,,
AL,FOX,1952,10,36,19521023,1200,,HU,18.3N,82.0W,110,942,,,,,,,,,,,,
AL,FOX,1952,10,36,19521023,1800,,HU,18.8N,82.0W,115,,,,,,,,,,,,,
AL,FOX,1952,10,36,19521024,0,,HU,19.4N,81.9W,115,,,,,,,,,,,,,
AL,FOX,1952,10,36,19521024,600,,HU,20.0N,81.6W,120,,,,,,,,,,,,,
AL,FOX,1952,10,36,19521024,1200,,HU,21.0N,81.3W,120,940,,,,,,,,,,,,
AL,FOX,1952,10,36,19521024,1800,L,HU,22.0N,80.9W,125,934,,,,,,,,,,,,
AL,FOX,1952,10,36,19521025,0,,HU,22.8N,80.5W,85,,,,,,,,,,,,,
AL,FOX,1952,10,36,19521025,600,,HU,23.4N,79.9W,70,,,,,,,,,,,,,
AL,FOX,1952,10,36,19521025,1200,,HU,23.9N,79.3W,65,,,,,,,,,,,,,
AL,FOX,1952,10,36,19521025,1800,,TS,24.4N,78.4W,60,991,,,,,,,,,,,,
AL,FOX,1952,10,36,19521025,1900,L,TS,24.4N,78.3W,60,991,,,,,,,,,,,,
AL,FOX,1952,10,36,19521026,0,,HU,24.7N,77.5W,65,,,,,,,,,,,,,
AL,FOX,1952,10,36,19521026,600,,HU,24.8N,76.6W,75,,,,,,,,,,,,,
AL,FOX,1952,10,36,19521026,1000,L,HU,24.7N,76.2W,75,,,,,,,,,,,,,
AL,FOX,1952,10,36,19521026,1200,,HU,24.6N,75.9W,75,,,,,,,,,,,,,
AL,FOX,1952,10,36,19521026,1500,L,HU,24.5N,75.6W,75,,,,,,,,,,,,,
AL,FOX,1952,10,36,19521026,1800,,HU,24.4N,75.2W,70,,,,,,,,,,,,,
AL,FOX,1952,10,36,19521027,0,,TS,24.4N,74.5W,55,994,,,,,,,,,,,,
AL,FOX,1952,10,36,19521027,600,,TS,25.3N,74.3W,50,,,,,,,,,,,,,
AL,FOX,1952,10,36,19521027,1200,,TS,26.4N,74.2W,45,,,,,,,,,,,,,
AL,FOX,1952,10,36,19521027,1800,,EX,27.6N,73.8W,40,,,,,,,,,,,,,
AL,FOX,1952,10,36,19521028,0,,EX,28.8N,72.8W,35,,,,,,,,,,,,,
AL,FOX,1952,10,36,19521028,600,,EX,30.0N,71.7W,30,,,,,,,,,,,,,
AL,FOX,1952,10,36,19521028,1200,,EX,31.4N,70.4W,25,,,,,,,,,,,,,
AL,UNNAMED,1952,11,25,19521124,1800,,EX,22.5N,60.0W,30,,,,,,,,,,,,,
AL,UNNAMED,1952,11,25,19521125,0,,EX,23.2N,58.5W,35,,,,,,,,,,,,,
AL,UNNAMED,1952,11,25,19521125,600,,EX,24.1N,57.0W,40,,,,,,,,,,,,,
AL,UNNAMED,1952,11,25,19521125,1200,,EX,25.1N,56.0W,45,,,,,,,,,,,,,
AL,UNNAMED,1952,11,25,19521125,1800,,EX,26.0N,55.3W,45,,,,,,,,,,,,,
AL,UNNAMED,1952,11,25,19521126,0,,TS,26.7N,55.0W,45,,,,,,,,,,,,,
AL,UNNAMED,1952,11,25,19521126,600,,TS,27.4N,54.8W,45,992,,,,,,,,,,,,
AL,UNNAMED,1952,11,25,19521126,1200,,TS,28.0N,55.3W,45,,,,,,,,,,,,,
AL,UNNAMED,1952,11,25,19521126,1800,,TS,28.4N,56.5W,45,,,,,,,,,,,,,
AL,UNNAMED,1952,11,25,19521127,0,,TS,28.8N,58.0W,50,,,,,,,,,,,,,
AL,UNNAMED,1952,11,25,19521127,600,,TS,29.2N,59.3W,50,,,,,,,,,,,,,
AL,UNNAMED,1952,11,25,19521127,1200,,TS,29.3N,60.3W,50,,,,,,,,,,,,,
AL,UNNAMED,1952,11,25,19521127,1800,,TS,29.0N,61.3W,50,,,,,,,,,,,,,
AL,UNNAMED,1952,11,25,19521128,0,,TS,28.4N,62.3W,50,,,,,,,,,,,,,
AL,UNNAMED,1952,11,25,19521128,600,,TS,27.8N,62.6W,50,,,,,,,,,,,,,
AL,UNNAMED,1952,11,25,19521128,1200,,TS,27.2N,62.7W,50,,,,,,,,,,,,,
AL,UNNAMED,1952,11,25,19521128,1800,,TS,26.9N,62.7W,45,,,,,,,,,,,,,
AL,UNNAMED,1952,11,25,19521129,0,,TS,26.6N,62.4W,45,,,,,,,,,,,,,
AL,UNNAMED,1952,11,25,19521129,600,,TS,26.3N,61.3W,40,,,,,,,,,,,,,
AL,UNNAMED,1952,11,25,19521129,1200,,TS,26.2N,60.2W,40,,,,,,,,,,,,,
AL,UNNAMED,1952,11,25,19521129,1800,,TS,26.2N,58.8W,35,,,,,,,,,,,,,
AL,UNNAMED,1952,11,25,19521130,0,,TS,26.2N,57.6W,35,,,,,,,,,,,,,
AL,UNNAMED,1952,11,25,19521130,600,,TD,26.5N,57.0W,30,,,,,,,,,,,,,
AL,UNNAMED,1952,11,25,19521130,1200,,TD,26.7N,56.7W,30,,,,,,,,,,,,,
AL,UNNAMED,1952,11,25,19521130,1800,,EX,27.0N,56.3W,30,,,,,,,,,,,,,
AL,ALICE,1953,1,53,19530525,1800,,TD,14.4N,81.8W,25,,,,,,,,,,,,,
AL,ALICE,1953,1,53,19530526,0,,TD,14.9N,82.3W,30,,,,,,,,,,,,,
AL,ALICE,1953,1,53,19530526,600,,TD,15.2N,82.8W,30,,,,,,,,,,,,,
AL,ALICE,1953,1,53,19530526,1200,,TS,15.5N,83.3W,35,,,,,,,,,,,,,
AL,ALICE,1953,1,53,19530526,1800,L,TS,15.4N,83.9W,35,,,,,,,,,,,,,
AL,ALICE,1953,1,53,19530527,0,,TS,15.1N,84.5W,35,,,,,,,,,,,,,
AL,ALICE,1953,1,53,19530527,600,,TD,14.8N,84.9W,30,,,,,,,,,,,,,
AL,ALICE,1953,1,53,19530527,1200,,TD,14.4N,85.0W,25,,,,,,,,,,,,,
AL,ALICE,1953,1,53,19530527,1800,,TD,14.0N,84.9W,25,,,,,,,,,,,,,
AL,ALICE,1953,1,53,19530528,0,,TD,13.6N,84.5W,25,,,,,,,,,,,,,
AL,ALICE,1953,1,53,19530528,600,,TD,13.2N,84.0W,25,,,,,,,,,,,,,
AL,ALICE,1953,1,53,19530528,1200,,TD,13.1N,83.5W,30,,,,,,,,,,,,,
AL,ALICE,1953,1,53,19530528,1800,,TD,13.7N,83.0W,30,,,,,,,,,,,,,
AL,ALICE,1953,1,53,19530529,0,,TD,14.7N,82.5W,30,,,,,,,,,,,,,
AL,ALICE,1953,1,53,19530529,600,,TD,15.9N,82.1W,30,,,,,,,,,,,,,
AL,ALICE,1953,1,53,19530529,1200,,TD,17.3N,82.1W,30,,,,,,,,,,,,,
AL,ALICE,1953,1,53,19530529,1800,,TS,18.2N,82.2W,35,,,,,,,,,,,,,
AL,ALICE,1953,1,53,19530530,0,,TS,19.0N,82.5W,35,,,,,,,,,,,,,
AL,ALICE,1953,1,53,19530530,600,,TS,19.7N,83.1W,35,,,,,,,,,,,,,
AL,ALICE,1953,1,53,19530530,1200,,TS,20.2N,83.7W,40,,,,,,,,,,,,,
AL,ALICE,1953,1,53,19530530,1800,,TS,20.5N,84.0W,40,1000,,,,,,,,,,,,
AL,ALICE,1953,1,53,19530531,0,,TS,20.9N,84.1W,45,,,,,,,,,,,,,
AL,ALICE,1953,1,53,19530531,600,,TS,21.3N,84.2W,45,,,,,,,,,,,,,
AL,ALICE,1953,1,53,19530531,1200,,TS,21.8N,84.3W,45,,,,,,,,,,,,,
AL,ALICE,1953,1,53,19530531,1300,L,TS,21.9N,84.3W,45,,,,,,,,,,,,,
AL,ALICE,1953,1,53,19530531,1800,,TS,22.2N,84.5W,40,1003,,,,,,,,,,,,
AL,ALICE,1953,1,53,19530601,0,,TS,22.7N,84.7W,45,,,,,,,,,,,,,
AL,ALICE,1953,1,53,19530601,600,,TS,23.3N,84.8W,45,,,,,,,,,,,,,
AL,ALICE,1953,1,53,19530601,1200,,TS,23.9N,85.0W,50,,,,,,,,,,,,,
AL,ALICE,1953,1,53,19530601,1800,,TS,24.2N,85.4W,50,997,,,,,,,,,,,,
AL,ALICE,1953,1,53,19530602,0,,TS,24.0N,85.2W,50,996,,,,,,,,,,,,
AL,ALICE,1953,1,53,19530602,600,,TS,23.5N,84.9W,50,,,,,,,,,,,,,
AL,ALICE,1953,1,53,19530602,1200,,TS,23.2N,84.6W,45,,,,,,,,,,,,,
AL,ALICE,1953,1,53,19530602,1800,,TS,23.1N,84.3W,40,999,,,,,,,,,,,,
AL,ALICE,1953,1,53,19530603,0,,TS,23.0N,84.0W,40,,,,,,,,,,,,,
AL,ALICE,1953,1,53,19530603,600,,TS,23.1N,83.7W,40,,,,,,,,,,,,,
AL,ALICE,1953,1,53,19530603,1200,,TS,23.2N,83.4W,40,,,,,,,,,,,,,
AL,ALICE,1953,1,53,19530603,1800,,TS,23.4N,82.9W,40,,,,,,,,,,,,,
AL,ALICE,1953,1,53,19530604,0,,TS,23.6N,82.8W,40,,,,,,,,,,,,,
AL,ALICE,1953,1,53,19530604,600,,TS,24.0N,83.2W,45,,,,,,,,,,,,,
AL,ALICE,1953,1,53,19530604,1200,,TS,24.5N,83.8W,50,,,,,,,,,,,,,
AL,ALICE,1953,1,53,19530604,1800,,TS,25.2N,84.4W,50,,,,,,,,,,,,,
AL,ALICE,1953,1,53,19530605,0,,TS,25.9N,85.0W,55,,,,,,,,,,,,,
AL,ALICE,1953,1,53,19530605,600,,TS,26.6N,85.7W,55,,,,,,,,,,,,,
AL,ALICE,1953,1,53,19530605,1200,,TS,27.3N,85.8W,60,,,,,,,,,,,,,
AL,ALICE,1953,1,53,19530605,1800,,TS,28.0N,85.8W,60,,,,,,,,,,,,,
AL,ALICE,1953,1,53,19530606,0,,TS,28.7N,85.8W,55,994,,,,,,,,,,,,
AL,ALICE,1953,1,53,19530606,600,,TS,29.3N,85.9W,50,,,,,,,,,,,,,
AL,ALICE,1953,1,53,19530606,1200,,TS,29.8N,85.9W,45,,,,,,,,,,,,,
AL,ALICE,1953,1,53,19530606,1700,L,TS,30.3N,85.9W,40,,,,,,,,,,,,,
AL,ALICE,1953,1,53,19530606,1800,,TS,30.4N,85.9W,40,,,,,,,,,,,,,
AL,ALICE,1953,1,53,19530607,0,,TD,30.8N,85.8W,25,,,,,,,,,,,,,
AL,ALICE,1953,1,53,19530607,600,,TD,31.1N,85.5W,20,,,,,,,,,,,,,
AL,UNNAMED,1953,2,18,19530711,1800,,TD,26.1N,81.3W,25,,,,,,,,,,,,,
AL,UNNAMED,1953,2,18,19530712,0,,TD,26.6N,80.9W,30,,,,,,,,,,,,,
AL,UNNAMED,1953,2,18,19530712,600,,TD,27.2N,80.5W,30,,,,,,,,,,,,,
AL,UNNAMED,1953,2,18,19530712,1200,,TS,27.7N,80.1W,35,,,,,,,,,,,,,
AL,UNNAMED,1953,2,18,19530712,1800,,TS,28.2N,79.2W,35,,,,,,,,,,,,,
AL,UNNAMED,1953,2,18,19530713,0,,TS,28.7N,78.3W,35,,,,,,,,,,,,,
AL,UNNAMED,1953,2,18,19530713,600,,TS,29.1N,77.4W,35,,,,,,,,,,,,,
AL,UNNAMED,1953,2,18,19530713,1200,,TS,29.5N,76.3W,35,,,,,,,,,,,,,
AL,UNNAMED,1953,2,18,19530713,1800,,TS,30.2N,75.2W,40,,,,,,,,,,,,,
AL,UNNAMED,1953,2,18,19530714,0,,TS,30.9N,74.3W,40,,,,,,,,,,,,,
AL,UNNAMED,1953,2,18,19530714,600,,TS,32.0N,74.0W,40,,,,,,,,,,,,,
AL,UNNAMED,1953,2,18,19530714,1200,,TS,33.1N,73.8W,40,,,,,,,,,,,,,
AL,UNNAMED,1953,2,18,19530714,1800,,TS,34.3N,73.6W,40,,,,,,,,,,,,,
AL,UNNAMED,1953,2,18,19530715,0,,TS,35.6N,73.3W,40,,,,,,,,,,,,,
AL,UNNAMED,1953,2,18,19530715,600,,TS,36.9N,72.5W,45,,,,,,,,,,,,,
AL,UNNAMED,1953,2,18,19530715,1200,,EX,38.2N,71.7W,45,,,,,,,,,,,,,
AL,UNNAMED,1953,2,18,19530715,1800,,EX,39.7N,70.5W,45,,,,,,,,,,,,,
AL,UNNAMED,1953,2,18,19530716,0,,EX,41.4N,68.6W,45,,,,,,,,,,,,,
AL,BARBARA,1953,3,26,19530811,600,,TD,22.8N,74.4W,25,,,,,,,,,,,,,
AL,BARBARA,1953,3,26,19530811,1200,,TD,23.8N,74.6W,30,,,,,,,,,,,,,
AL,BARBARA,1953,3,26,19530811,1800,,TS,25.2N,74.8W,40,,,,,,,,,,,,,
AL,BARBARA,1953,3,26,19530812,0,,TS,26.6N,75.0W,45,,,,,,,,,,,,,
AL,BARBARA,1953,3,26,19530812,600,,TS,27.9N,75.3W,55,,,,,,,,,,,,,
AL,BARBARA,1953,3,26,19530812,1200,,TS,29.1N,75.6W,60,1005,,,,,,,,,,,,
AL,BARBARA,1953,3,26,19530812,1800,,HU,29.8N,75.9W,65,,,,,,,,,,,,,
AL,BARBARA,1953,3,26,19530813,0,,HU,30.5N,76.1W,65,1002,,,,,,,,,,,,
AL,BARBARA,1953,3,26,19530813,600,,HU,31.3N,76.3W,65,,,,,,,,,,,,,
AL,BARBARA,1953,3,26,19530813,1200,,HU,32.3N,76.5W,65,995,,,,,,,,,,,,
AL,BARBARA,1953,3,26,19530813,1800,,HU,33.4N,76.4W,70,987,,,,,,,,,,,,
AL,BARBARA,1953,3,26,19530814,0,,HU,34.6N,76.2W,80,,,,,,,,,,,,,
AL,BARBARA,1953,3,26,19530814,300,L,HU,35.0N,76.1W,80,,,,,,,,,,,,,
AL,BARBARA,1953,3,26,19530814,500,L,HU,35.4N,76.1W,75,,,,,,,,,,,,,
AL,BARBARA,1953,3,26,19530814,600,,HU,35.6N,76.0W,75,,,,,,,,,,,,,
AL,BARBARA,1953,3,26,19530814,900,L,HU,36.1N,75.9W,70,,,,,,,,,,,,,
AL,BARBARA,1953,3,26,19530814,1200,,HU,36.6N,75.7W,75,,,,,,,,,,,,,
AL,BARBARA,1953,3,26,19530814,1800,,HU,37.6N,74.9W,80,973,,,,,,,,,,,,
AL,BARBARA,1953,3,26,19530815,0,,HU,38.7N,73.0W,75,,,,,,,,,,,,,
AL,BARBARA,1953,3,26,19530815,600,,HU,40.1N,70.5W,70,,,,,,,,,,,,,
AL,BARBARA,1953,3,26,19530815,1200,,TS,41.5N,67.7W,60,,,,,,,,,,,,,
AL,BARBARA,1953,3,26,19530815,1800,,TS,43.1N,64.1W,60,,,,,,,,,,,,,
AL,BARBARA,1953,3,26,19530816,0,,EX,46.0N,60.5W,55,,,,,,,,,,,,,
AL,BARBARA,1953,3,26,19530816,600,,EX,49.0N,59.3W,50,,,,,,,,,,,,,
AL,BARBARA,1953,3,26,19530816,1200,,EX,52.8N,59.1W,45,,,,,,,,,,,,,
AL,BARBARA,1953,3,26,19530816,1800,,EX,54.0N,59.0W,45,,,,,,,,,,,,,
AL,CAROL,1953,4,52,19530828,600,,TD,14.0N,20.5W,25,,,,,,,,,,,,,
AL,CAROL,1953,4,52,19530828,1200,,TD,13.9N,21.6W,25,,,,,,,,,,,,,
AL,CAROL,1953,4,52,19530828,1800,,TD,13.8N,22.8W,25,,,,,,,,,,,,,
AL,CAROL,1953,4,52,19530829,0,,TD,13.7N,24.0W,25,,,,,,,,,,,,,
AL,CAROL,1953,4,52,19530829,600,,TD,13.6N,25.3W,30,,,,,,,,,,,,,
AL,CAROL,1953,4,52,19530829,1200,,TD,13.5N,26.7W,30,,,,,,,,,,,,,
AL,CAROL,1953,4,52,19530829,1800,,TD,13.6N,28.2W,30,,,,,,,,,,,,,
AL,CAROL,1953,4,52,19530830,0,,TD,13.8N,29.9W,30,,,,,,,,,,,,,
AL,CAROL,1953,4,52,19530830,600,,TD,13.9N,31.6W,30,,,,,,,,,,,,,
AL,CAROL,1953,4,52,19530830,1200,,TD,14.0N,33.3W,30,,,,,,,,,,,,,
AL,CAROL,1953,4,52,19530830,1800,,TD,14.0N,35.0W,30,,,,,,,,,,,,,
AL,CAROL,1953,4,52,19530831,0,,TD,14.0N,36.7W,30,,,,,,,,,,,,,
AL,CAROL,1953,4,52,19530831,600,,TS,14.0N,38.4W,35,,,,,,,,,,,,,
AL,CAROL,1953,4,52,19530831,1200,,TS,14.0N,40.1W,40,,,,,,,,,,,,,
AL,CAROL,1953,4,52,19530831,1800,,TS,14.0N,41.8W,50,,,,,,,,,,,,,
AL,CAROL,1953,4,52,19530901,0,,TS,14.0N,43.4W,60,,,,,,,,,,,,,
AL,CAROL,1953,4,52,19530901,600,,HU,14.0N,45.0W,70,,,,,,,,,,,,,
AL,CAROL,1953,4,52,19530901,1200,,HU,14.0N,46.6W,80,,,,,,,,,,,,,
AL,CAROL,1953,4,52,19530901,1800,,HU,14.1N,48.2W,90,,,,,,,,,,,,,
AL,CAROL,1953,4,52,19530902,0,,HU,14.4N,49.7W,100,,,,,,,,,,,,,
AL,CAROL,1953,4,52,19530902,600,,HU,15.0N,51.2W,110,,,,,,,,,,,,,
AL,CAROL,1953,4,52,19530902,1200,,HU,15.7N,52.7W,120,944,,,,,,,,,,,,
AL,CAROL,1953,4,52,19530902,1800,,HU,16.5N,54.3W,125,,,,,,,,,,,,,
AL,CAROL,1953,4,52,19530903,0,,HU,17.3N,55.9W,130,,,,,,,,,,,,,
AL,CAROL,1953,4,52,19530903,600,,HU,18.2N,57.3W,135,,,,,,,,,,,,,
AL,CAROL,1953,4,52,19530903,1200,,HU,19.1N,58.7W,140,,,,,,,,,,,,,
AL,CAROL,1953,4,52,19530903,1800,,HU,20.0N,60.1W,140,929,,,,,,,,,,,,
AL,CAROL,1953,4,52,19530904,0,,HU,21.2N,61.3W,135,,,,,,,,,,,,,
AL,CAROL,1953,4,52,19530904,600,,HU,22.4N,62.4W,125,,,,,,,,,,,,,
AL,CAROL,1953,4,52,19530904,1200,,HU,23.6N,63.2W,120,,,,,,,,,,,,,
AL,CAROL,1953,4,52,19530904,1800,,HU,24.9N,64.0W,115,942,,,,,,,,,,,,
AL,CAROL,1953,4,52,19530905,0,,HU,26.2N,64.8W,115,,,,,,,,,,,,,
AL,CAROL,1953,4,52,19530905,600,,HU,27.5N,65.7W,115,,,,,,,,,,,,,
AL,CAROL,1953,4,52,19530905,1200,,HU,28.8N,66.5W,110,945,,,,,,,,,,,,
AL,CAROL,1953,4,52,19530905,1800,,HU,29.9N,67.2W,105,,,,,,,,,,,,,
AL,CAROL,1953,4,52,19530906,0,,HU,31.0N,67.9W,100,,,,,,,,,,,,,
AL,CAROL,1953,4,52,19530906,600,,HU,32.2N,68.6W,95,,,,,,,,,,,,,
AL,CAROL,1953,4,52,19530906,1200,,HU,33.4N,69.4W,90,,,,,,,,,,,,,
AL,CAROL,1953,4,52,19530906,1800,,HU,35.0N,70.0W,85,962,,,,,,,,,,,,
AL,CAROL,1953,4,52,19530907,0,,HU,37.0N,70.5W,80,,,,,,,,,,,,,
AL,CAROL,1953,4,52,19530907,600,,HU,38.8N,70.0W,75,,,,,,,,,,,,,
AL,CAROL,1953,4,52,19530907,1200,,HU,40.6N,68.4W,75,,,,,,,,,,,,,
AL,CAROL,1953,4,52,19530907,1800,,HU,43.4N,66.8W,75,,,,,,,,,,,,,
AL,CAROL,1953,4,52,19530907,2000,L,HU,44.2N,66.4W,75,,,,,,,,,,,,,
AL,CAROL,1953,4,52,19530907,2200,L,HU,45.3N,65.8W,70,,,,,,,,,,,,,
AL,CAROL,1953,4,52,19530908,0,,TS,46.4N,65.2W,60,,,,,,,,,,,,,
AL,CAROL,1953,4,52,19530908,600,,EX,49.1N,63.0W,50,,,,,,,,,,,,,
AL,CAROL,1953,4,52,19530908,1200,,EX,51.8N,60.8W,45,,,,,,,,,,,,,
AL,CAROL,1953,4,52,19530908,1800,,EX,54.5N,58.4W,45,,,,,,,,,,,,,
AL,CAROL,1953,4,52,19530909,0,,EX,57.0N,56.2W,45,,,,,,,,,,,,,
AL,CAROL,1953,4,52,19530909,600,,EX,59.5N,54.1W,45,,,,,,,,,,,,,
AL,CAROL,1953,4,52,19530909,1200,,EX,61.8N,52.0W,45,,,,,,,,,,,,,
AL,UNNAMED,1953,5,13,19530829,1800,,TD,26.3N,80.9W,25,1007,,,,,,,,,,,,
AL,UNNAMED,1953,5,13,19530830,0,,TD,26.9N,79.3W,30,,,,,,,,,,,,,
AL,UNNAMED,1953,5,13,19530830,600,,TD,27.2N,78.4W,30,,,,,,,,,,,,,
AL,UNNAMED,1953,5,13,19530830,1200,,TD,27.5N,77.7W,30,,,,,,,,,,,,,
AL,UNNAMED,1953,5,13,19530830,1800,,TS,27.8N,77.5W,35,,,,,,,,,,,,,
AL,UNNAMED,1953,5,13,19530831,0,,TS,28.1N,77.8W,35,,,,,,,,,,,,,
AL,UNNAMED,1953,5,13,19530831,600,,TS,28.6N,78.1W,35,,,,,,,,,,,,,
AL,UNNAMED,1953,5,13,19530831,1200,,TS,29.2N,78.6W,35,,,,,,,,,,,,,
AL,UNNAMED,1953,5,13,19530831,1800,,TS,30.0N,79.3W,35,1008,,,,,,,,,,,,
AL,UNNAMED,1953,5,13,19530901,0,,TS,30.7N,80.0W,35,,,,,,,,,,,,,
AL,UNNAMED,1953,5,13,19530901,600,,TD,31.4N,80.8W,30,,,,,,,,,,,,,
AL,UNNAMED,1953,5,13,19530901,1200,,TD,32.2N,81.7W,30,,,,,,,,,,,,,
AL,UNNAMED,1953,5,13,19530901,1800,,TD,32.5N,82.8W,25,,,,,,,,,,,,,
AL,DOLLY,1953,6,35,19530908,600,,TD,18.3N,65.1W,30,,,,,,,,,,,,,
AL,DOLLY,1953,6,35,19530908,1200,,TS,18.7N,66.4W,35,,,,,,,,,,,,,
AL,DOLLY,1953,6,35,19530908,1800,,TS,19.1N,67.5W,40,,,,,,,,,,,,,
AL,DOLLY,1953,6,35,19530909,0,,TS,19.6N,68.5W,45,,,,,,,,,,,,,
AL,DOLLY,1953,6,35,19530909,600,,TS,20.2N,69.0W,45,,,,,,,,,,,,,
AL,DOLLY,1953,6,35,19530909,1200,,TS,20.7N,69.4W,50,1005,,,,,,,,,,,,
AL,DOLLY,1953,6,35,19530909,1800,,TS,21.3N,69.7W,55,,,,,,,,,,,,,
AL,DOLLY,1953,6,35,19530910,0,,TS,22.1N,69.9W,60,,,,,,,,,,,,,
AL,DOLLY,1953,6,35,19530910,600,,TS,23.0N,70.1W,60,999,,,,,,,,,,,,
AL,DOLLY,1953,6,35,19530910,1200,,HU,23.9N,70.5W,65,990,,,,,,,,,,,,
AL,DOLLY,1953,6,35,19530910,1800,,HU,24.9N,70.8W,65,989,,,,,,,,,,,,
AL,DOLLY,1953,6,35,19530911,0,,HU,25.9N,70.5W,65,,,,,,,,,,,,,
AL,DOLLY,1953,6,35,19530911,600,,HU,27.0N,69.9W,65,,,,,,,,,,,,,
AL,DOLLY,1953,6,35,19530911,1200,,HU,28.5N,69.0W,65,,,,,,,,,,,,,
AL,DOLLY,1953,6,35,19530911,1800,,HU,29.9N,67.8W,65,,,,,,,,,,,,,
AL,DOLLY,1953,6,35,19530912,0,,TS,31.3N,66.3W,60,,,,,,,,,,,,,
AL,DOLLY,1953,6,35,19530912,500,L,TS,32.3N,64.8W,55,996,,,,,,,,,,,,
AL,DOLLY,1953,6,35,19530912,600,,TS,32.7N,64.4W,55,996,,,,,,,,,,,,
AL,DOLLY,1953,6,35,19530912,1200,,TS,34.7N,61.8W,55,994,,,,,,,,,,,,
AL,DOLLY,1953,6,35,19530912,1800,,TS,36.8N,59.1W,55,,,,,,,,,,,,,
AL,DOLLY,1953,6,35,19530913,0,,EX,38.5N,56.4W,50,,,,,,,,,,,,,
AL,DOLLY,1953,6,35,19530913,600,,EX,40.0N,53.3W,50,,,,,,,,,,,,,
AL,DOLLY,1953,6,35,19530913,1200,,EX,41.5N,49.5W,50,,,,,,,,,,,,,
AL,DOLLY,1953,6,35,19530913,1800,,EX,42.4N,46.3W,55,,,,,,,,,,,,,
AL,DOLLY,1953,6,35,19530914,0,,EX,42.8N,44.1W,55,,,,,,,,,,,,,
AL,DOLLY,1953,6,35,19530914,600,,EX,43.2N,42.1W,50,,,,,,,,,,,,,
AL,DOLLY,1953,6,35,19530914,1200,,EX,43.2N,40.7W,45,,,,,,,,,,,,,
AL,DOLLY,1953,6,35,19530914,1800,,EX,43.0N,39.3W,45,,,,,,,,,,,,,
AL,DOLLY,1953,6,35,19530915,0,,EX,43.0N,37.8W,45,,,,,,,,,,,,,
AL,DOLLY,1953,6,35,19530915,600,,EX,43.0N,36.2W,45,,,,,,,,,,,,,
AL,DOLLY,1953,6,35,19530915,1200,,EX,43.3N,34.4W,45,,,,,,,,,,,,,
AL,DOLLY,1953,6,35,19530915,1800,,EX,43.2N,31.9W,40,,,,,,,,,,,,,
AL,DOLLY,1953,6,35,19530916,0,,EX,42.6N,28.3W,40,,,,,,,,,,,,,
AL,DOLLY,1953,6,35,19530916,600,,EX,42.3N,26.1W,35,,,,,,,,,,,,,
AL,DOLLY,1953,6,35,19530916,1200,,EX,42.0N,23.8W,30,,,,,,,,,,,,,
AL,EDNA,1953,7,28,19530915,0,,TS,18.9N,64.0W,45,,,,,,,,,,,,,
AL,EDNA,1953,7,28,19530915,600,,TS,19.9N,65.3W,55,,,,,,,,,,,,,
AL,EDNA,1953,7,28,19530915,1200,,HU,20.9N,66.8W,65,995,,,,,,,,,,,,
AL,EDNA,1953,7,28,19530915,1800,,HU,21.9N,68.0W,75,987,,,,,,,,,,,,
AL,EDNA,1953,7,28,19530916,0,,HU,22.9N,69.1W,75,,,,,,,,,,,,,
AL,EDNA,1953,7,28,19530916,600,,HU,23.7N,70.0W,80,,,,,,,,,,,,,
AL,EDNA,1953,7,28,19530916,1200,,HU,24.6N,70.8W,80,977,,,,,,,,,,,,
AL,EDNA,1953,7,28,19530916,1800,,HU,25.8N,71.1W,90,969,,,,,,,,,,,,
AL,EDNA,1953,7,28,19530917,0,,HU,27.1N,70.8W,95,,,,,,,,,,,,,
AL,EDNA,1953,7,28,19530917,600,,HU,28.2N,70.4W,95,,,,,,,,,,,,,
AL,EDNA,1953,7,28,19530917,1200,,HU,29.3N,69.1W,95,966,,,,,,,,,,,,
AL,EDNA,1953,7,28,19530917,1800,,HU,30.7N,67.6W,100,962,,,,,,,,,,,,
AL,EDNA,1953,7,28,19530918,0,,HU,32.3N,65.8W,100,,,,,,,,,,,,,
AL,EDNA,1953,7,28,19530918,600,,HU,34.3N,63.4W,95,,,,,,,,,,,,,
AL,EDNA,1953,7,28,19530918,1200,,HU,36.5N,60.0W,85,,,,,,,,,,,,,
AL,EDNA,1953,7,28,19530918,1800,,HU,38.9N,56.1W,80,,,,,,,,,,,,,
AL,EDNA,1953,7,28,19530919,0,,EX,41.0N,51.8W,70,,,,,,,,,,,,,
AL,EDNA,1953,7,28,19530919,600,,EX,42.6N,48.0W,65,,,,,,,,,,,,,
AL,EDNA,1953,7,28,19530919,1200,,EX,44.3N,42.8W,60,,,,,,,,,,,,,
AL,EDNA,1953,7,28,19530919,1800,,EX,46.2N,36.9W,60,,,,,,,,,,,,,
AL,EDNA,1953,7,28,19530920,0,,EX,48.1N,30.9W,60,,,,,,,,,,,,,
AL,EDNA,1953,7,28,19530920,600,,EX,49.7N,25.0W,70,,,,,,,,,,,,,
AL,EDNA,1953,7,28,19530920,1200,,EX,51.3N,21.3W,80,,,,,,,,,,,,,
AL,EDNA,1953,7,28,19530920,1800,,EX,52.6N,16.7W,80,,,,,,,,,,,,,
AL,EDNA,1953,7,28,19530921,0,,EX,53.8N,13.0W,75,,,,,,,,,,,,,
AL,EDNA,1953,7,28,19530921,600,,EX,54.1N,9.2W,70,,,,,,,,,,,,,
AL,EDNA,1953,7,28,19530921,1200,,EX,54.3N,6.6W,65,,,,,,,,,,,,,
AL,EDNA,1953,7,28,19530921,1800,,EX,54.6N,4.0W,60,,,,,,,,,,,,,
AL,UNNAMED,1953,8,23,19530915,1800,,TD,23.2N,90.4W,30,,,,,,,,,,,,,
AL,UNNAMED,1953,8,23,19530916,0,,TS,24.0N,89.2W,35,,,,,,,,,,,,,
AL,UNNAMED,1953,8,23,19530916,600,,TS,25.0N,88.1W,40,,,,,,,,,,,,,
AL,UNNAMED,1953,8,23,19530916,1200,,TS,25.9N,86.9W,45,,,,,,,,,,,,,
AL,UNNAMED,1953,8,23,19530916,1800,,TS,26.3N,85.9W,45,,,,,,,,,,,,,
AL,UNNAMED,1953,8,23,19530917,0,,TS,26.4N,85.0W,45,1004,,,,,,,,,,,,
AL,UNNAMED,1953,8,23,19530917,600,,TS,26.2N,84.7W,40,,,,,,,,,,,,,
AL,UNNAMED,1953,8,23,19530917,1200,,TS,25.9N,85.3W,40,,,,,,,,,,,,,
AL,UNNAMED,1953,8,23,19530917,1800,,TS,25.9N,85.6W,40,,,,,,,,,,,,,
AL,UNNAMED,1953,8,23,19530918,0,,TS,25.9N,85.9W,40,,,,,,,,,,,,,
AL,UNNAMED,1953,8,23,19530918,600,,TS,26.0N,86.3W,35,,,,,,,,,,,,,
AL,UNNAMED,1953,8,23,19530918,1200,,TS,26.4N,87.0W,35,,,,,,,,,,,,,
AL,UNNAMED,1953,8,23,19530918,1800,,TD,26.9N,86.8W,30,,,,,,,,,,,,,
AL,UNNAMED,1953,8,23,19530919,0,,TD,27.3N,86.7W,30,,,,,,,,,,,,,
AL,UNNAMED,1953,8,23,19530919,600,,TD,27.7N,86.5W,30,,,,,,,,,,,,,
AL,UNNAMED,1953,8,23,19530919,1200,,TD,28.1N,86.3W,30,,,,,,,,,,,,,
AL,UNNAMED,1953,8,23,19530919,1800,,TD,28.5N,85.8W,30,,,,,,,,,,,,,
AL,UNNAMED,1953,8,23,19530920,0,,TD,28.8N,85.1W,30,,,,,,,,,,,,,
AL,UNNAMED,1953,8,23,19530920,600,,TS,29.0N,84.4W,35,,,,,,,,,,,,,
AL,UNNAMED,1953,8,23,19530920,1200,,TS,29.0N,83.5W,35,,,,,,,,,,,,,
AL,UNNAMED,1953,8,23,19530920,1700,L,TS,29.0N,82.8W,35,,,,,,,,,,,,,
AL,UNNAMED,1953,8,23,19530920,1800,,TS,29.0N,82.7W,35,,,,,,,,,,,,,
AL,UNNAMED,1953,8,23,19530921,0,,TD,29.0N,81.9W,25,,,,,,,,,,,,,
AL,FLORENCE,1953,9,19,19530923,1200,,TS,15.0N,78.0W,40,,,,,,,,,,,,,
AL,FLORENCE,1953,9,19,19530923,1800,,TS,16.3N,79.5W,45,,,,,,,,,,,,,
AL,FLORENCE,1953,9,19,19530924,0,,TS,17.6N,81.0W,45,,,,,,,,,,,,,
AL,FLORENCE,1953,9,19,19530924,600,,TS,18.9N,82.5W,50,,,,,,,,,,,,,
AL,FLORENCE,1953,9,19,19530924,1200,,TS,20.2N,84.0W,50,,,,,,,,,,,,,
AL,FLORENCE,1953,9,19,19530924,1800,,TS,21.3N,85.4W,55,1001,,,,,,,,,,,,
AL,FLORENCE,1953,9,19,19530925,0,,HU,22.4N,86.4W,65,,,,,,,,,,,,,
AL,FLORENCE,1953,9,19,19530925,600,,HU,23.4N,87.0W,80,,,,,,,,,,,,,
AL,FLORENCE,1953,9,19,19530925,1200,,HU,24.6N,87.6W,90,968,,,,,,,,,,,,
AL,FLORENCE,1953,9,19,19530925,1800,,HU,25.9N,87.5W,100,,,,,,,,,,,,,
AL,FLORENCE,1953,9,19,19530926,0,,HU,27.4N,87.2W,95,,,,,,,,,,,,,
AL,FLORENCE,1953,9,19,19530926,600,,HU,28.9N,86.8W,90,,,,,,,,,,,,,
AL,FLORENCE,1953,9,19,19530926,1200,,HU,29.9N,86.4W,80,,,,,,,,,,,,,
AL,FLORENCE,1953,9,19,19530926,1500,L,HU,30.3N,86.2W,80,,,,,,,,,,,,,
AL,FLORENCE,1953,9,19,19530926,1800,,HU,30.7N,86.1W,70,,,,,,,,,,,,,
AL,FLORENCE,1953,9,19,19530927,0,,TS,31.0N,85.6W,50,,,,,,,,,,,,,
AL,FLORENCE,1953,9,19,19530927,600,,EX,31.2N,84.7W,40,,,,,,,,,,,,,
AL,FLORENCE,1953,9,19,19530927,1200,,EX,31.6N,83.1W,40,,,,,,,,,,,,,
AL,FLORENCE,1953,9,19,19530927,1800,,EX,32.1N,81.3W,40,,,,,,,,,,,,,
AL,GAIL,1953,10,41,19531002,600,,TS,13.1N,35.5W,45,,,,,,,,,,,,,
AL,GAIL,1953,10,41,19531002,1200,,TS,13.5N,37.0W,50,,,,,,,,,,,,,
AL,GAIL,1953,10,41,19531002,1800,,TS,13.8N,38.5W,55,,,,,,,,,,,,,
AL,GAIL,1953,10,41,19531003,0,,TS,14.1N,40.0W,60,,,,,,,,,,,,,
AL,GAIL,1953,10,41,19531003,600,,HU,14.6N,41.4W,65,,,,,,,,,,,,,
AL,GAIL,1953,10,41,19531003,1200,,HU,14.8N,42.8W,70,986,,,,,,,,,,,,
AL,GAIL,1953,10,41,19531003,1800,,HU,14.7N,43.6W,70,,,,,,,,,,,,,
AL,GAIL,1953,10,41,19531004,0,,HU,14.6N,44.0W,70,,,,,,,,,,,,,
AL,GAIL,1953,10,41,19531004,600,,HU,14.6N,44.3W,70,,,,,,,,,,,,,
AL,GAIL,1953,10,41,19531004,1200,,HU,14.6N,44.5W,65,,,,,,,,,,,,,
AL,GAIL,1953,10,41,19531004,1800,,HU,14.9N,44.5W,65,,,,,,,,,,,,,
AL,GAIL,1953,10,41,19531005,0,,TS,15.5N,44.2W,60,,,,,,,,,,,,,
AL,GAIL,1953,10,41,19531005,600,,TS,16.8N,43.4W,60,,,,,,,,,,,,,
AL,GAIL,1953,10,41,19531005,1200,,TS,18.0N,42.5W,60,,,,,,,,,,,,,
AL,GAIL,1953,10,41,19531005,1800,,TS,19.2N,41.7W,60,,,,,,,,,,,,,
AL,GAIL,1953,10,41,19531006,0,,TS,20.0N,41.7W,60,,,,,,,,,,,,,
AL,GAIL,1953,10,41,19531006,600,,TS,20.5N,42.0W,60,,,,,,,,,,,,,
AL,GAIL,1953,10,41,19531006,1200,,TS,20.9N,42.7W,60,,,,,,,,,,,,,
AL,GAIL,1953,10,41,19531006,1800,,TS,21.2N,43.7W,60,,,,,,,,,,,,,
AL,GAIL,1953,10,41,19531007,0,,TS,21.4N,44.8W,60,,,,,,,,,,,,,
AL,GAIL,1953,10,41,19531007,600,,TS,21.6N,46.0W,60,,,,,,,,,,,,,
AL,GAIL,1953,10,41,19531007,1200,,TS,21.8N,47.3W,60,,,,,,,,,,,,,
AL,GAIL,1953,10,41,19531007,1800,,TS,22.0N,48.7W,60,,,,,,,,,,,,,
AL,GAIL,1953,10,41,19531008,0,,TS,22.3N,50.1W,60,,,,,,,,,,,,,
AL,GAIL,1953,10,41,19531008,600,,TS,22.6N,51.5W,60,,,,,,,,,,,,,
AL,GAIL,1953,10,41,19531008,1200,,TS,23.0N,53.0W,60,,,,,,,,,,,,,
AL,GAIL,1953,10,41,19531008,1800,,TS,23.2N,54.5W,60,,,,,,,,,,,,,
AL,GAIL,1953,10,41,19531009,0,,TS,23.3N,56.0W,60,,,,,,,,,,,,,
AL,GAIL,1953,10,41,19531009,600,,TS,23.7N,57.0W,60,,,,,,,,,,,,,
AL,GAIL,1953,10,41,19531009,1200,,TS,24.2N,57.6W,60,,,,,,,,,,,,,
AL,GAIL,1953,10,41,19531009,1800,,TS,24.8N,58.2W,60,,,,,,,,,,,,,
AL,GAIL,1953,10,41,19531010,0,,TS,25.2N,59.0W,60,,,,,,,,,,,,,
AL,GAIL,1953,10,41,19531010,600,,TS,25.7N,60.0W,55,,,,,,,,,,,,,
AL,GAIL,1953,10,41,19531010,1200,,TS,26.2N,61.0W,55,,,,,,,,,,,,,
AL,GAIL,1953,10,41,19531010,1800,,TS,27.0N,61.5W,55,,,,,,,,,,,,,
AL,GAIL,1953,10,41,19531011,0,,TS,28.0N,61.7W,50,,,,,,,,,,,,,
AL,GAIL,1953,10,41,19531011,600,,TS,29.1N,61.2W,50,,,,,,,,,,,,,
AL,GAIL,1953,10,41,19531011,1200,,TS,30.4N,60.5W,50,,,,,,,,,,,,,
AL,GAIL,1953,10,41,19531011,1800,,TS,31.6N,59.8W,50,997,,,,,,,,,,,,
AL,GAIL,1953,10,41,19531012,0,,TS,33.0N,59.0W,55,,,,,,,,,,,,,
AL,GAIL,1953,10,41,19531012,600,,EX,34.5N,58.0W,55,,,,,,,,,,,,,
AL,UNNAMED,1953,11,19,19531003,1800,,TD,22.7N,81.3W,30,,,,,,,,,,,,,
AL,UNNAMED,1953,11,19,19531004,0,,TS,22.9N,80.7W,35,,,,,,,,,,,,,
AL,UNNAMED,1953,11,19,19531004,600,,TS,23.1N,80.5W,35,,,,,,,,,,,,,
AL,UNNAMED,1953,11,19,19531004,1200,,TS,23.4N,80.3W,35,,,,,,,,,,,,,
AL,UNNAMED,1953,11,19,19531004,1800,,TS,24.3N,80.0W,35,,,,,,,,,,,,,
AL,UNNAMED,1953,11,19,19531005,0,,TS,25.3N,79.7W,35,,,,,,,,,,,,,
AL,UNNAMED,1953,11,19,19531005,600,,TS,26.5N,79.0W,35,,,,,,,,,,,,,
AL,UNNAMED,1953,11,19,19531005,1200,,TS,27.8N,78.3W,35,,,,,,,,,,,,,
AL,UNNAMED,1953,11,19,19531005,1800,,TS,29.1N,77.6W,35,,,,,,,,,,,,,
AL,UNNAMED,1953,11,19,19531006,0,,TS,30.7N,76.6W,40,,,,,,,,,,,,,
AL,UNNAMED,1953,11,19,19531006,600,,TS,33.4N,75.3W,40,,,,,,,,,,,,,
AL,UNNAMED,1953,11,19,19531006,1200,,EX,36.3N,72.5W,45,,,,,,,,,,,,,
AL,UNNAMED,1953,11,19,19531006,1800,,EX,38.8N,69.0W,50,,,,,,,,,,,,,
AL,UNNAMED,1953,11,19,19531007,0,,EX,41.5N,64.1W,55,,,,,,,,,,,,,
AL,UNNAMED,1953,11,19,19531007,600,,EX,45.0N,58.0W,55,,,,,,,,,,,,,
AL,UNNAMED,1953,11,19,19531007,1200,,EX,47.8N,53.9W,55,,,,,,,,,,,,,
AL,UNNAMED,1953,11,19,19531007,1800,,EX,48.8N,49.9W,55,,,,,,,,,,,,,
AL,UNNAMED,1953,11,19,19531008,0,,EX,49.8N,46.5W,55,,,,,,,,,,,,,
AL,UNNAMED,1953,11,19,19531008,600,,EX,51.2N,43.6W,55,,,,,,,,,,,,,
AL,HAZEL,1953,12,40,19531007,600,,TD,20.5N,86.4W,25,,,,,,,,,,,,,
AL,HAZEL,1953,12,40,19531007,1200,,TD,20.9N,86.3W,30,,,,,,,,,,,,,
AL,HAZEL,1953,12,40,19531007,1800,,TS,21.3N,86.2W,35,,,,,,,,,,,,,
AL,HAZEL,1953,12,40,19531008,0,,TS,21.7N,86.1W,35,,,,,,,,,,,,,
AL,HAZEL,1953,12,40,19531008,600,,TS,22.2N,86.1W,40,,,,,,,,,,,,,
AL,HAZEL,1953,12,40,19531008,1200,,TS,22.7N,86.0W,45,,,,,,,,,,,,,
AL,HAZEL,1953,12,40,19531008,1800,,TS,23.2N,85.7W,45,1002,,,,,,,,,,,,
AL,HAZEL,1953,12,40,19531009,0,,TS,24.1N,85.2W,55,,,,,,,,,,,,,
AL,HAZEL,1953,12,40,19531009,600,,HU,25.2N,84.4W,65,,,,,,,,,,,,,
AL,HAZEL,1953,12,40,19531009,1200,,HU,26.2N,83.3W,75,,,,,,,,,,,,,
AL,HAZEL,1953,12,40,19531009,1500,L,HU,26.7N,82.2W,75,,,,,,,,,,,,,
AL,HAZEL,1953,12,40,19531009,1600,L,HU,26.7N,82.1W,75,,,,,,,,,,,,,
AL,HAZEL,1953,12,40,19531009,1800,,HU,27.1N,81.4W,65,,,,,,,,,,,,,
AL,HAZEL,1953,12,40,19531010,0,,TS,28.5N,79.1W,60,,,,,,,,,,,,,
AL,HAZEL,1953,12,40,19531010,600,,TS,30.0N,76.2W,60,,,,,,,,,,,,,
AL,HAZEL,1953,12,40,19531010,1200,,EX,31.4N,73.6W,60,,,,,,,,,,,,,
AL,HAZEL,1953,12,40,19531010,1800,,EX,32.6N,71.4W,60,989,,,,,,,,,,,,
AL,HAZEL,1953,12,40,19531011,0,,EX,33.8N,69.8W,55,,,,,,,,,,,,,
AL,HAZEL,1953,12,40,19531011,600,,EX,35.0N,68.1W,50,,,,,,,,,,,,,
AL,HAZEL,1953,12,40,19531011,1200,,EX,36.2N,65.5W,50,,,,,,,,,,,,,
AL,HAZEL,1953,12,40,19531011,1800,,EX,37.8N,62.6W,50,,,,,,,,,,,,,
AL,HAZEL,1953,12,40,19531012,0,,EX,39.3N,59.7W,50,,,,,,,,,,,,,
AL,HAZEL,1953,12,40,19531012,600,,EX,40.9N,56.5W,50,,,,,,,,,,,,,
AL,HAZEL,1953,12,40,19531012,1200,,EX,43.0N,53.0W,50,,,,,,,,,,,,,
AL,HAZEL,1953,12,40,19531012,1800,,EX,46.0N,49.0W,55,,,,,,,,,,,,,
AL,HAZEL,1953,12,40,19531013,0,,EX,49.0N,45.5W,60,,,,,,,,,,,,,
AL,HAZEL,1953,12,40,19531013,600,,EX,51.5N,42.7W,65,,,,,,,,,,,,,
AL,HAZEL,1953,12,40,19531013,1200,,EX,53.0N,42.0W,65,,,,,,,,,,,,,
AL,HAZEL,1953,12,40,19531013,1800,,EX,54.0N,41.7W,65,,,,,,,,,,,,,
AL,HAZEL,1953,12,40,19531014,0,,EX,54.9N,41.2W,65,,,,,,,,,,,,,
AL,HAZEL,1953,12,40,19531014,600,,EX,55.5N,40.5W,65,,,,,,,,,,,,,
AL,HAZEL,1953,12,40,19531014,1200,,EX,56.0N,39.5W,65,,,,,,,,,,,,,
AL,HAZEL,1953,12,40,19531014,1800,,EX,56.5N,38.0W,65,,,,,,,,,,,,,
AL,HAZEL,1953,12,40,19531015,0,,EX,57.0N,36.0W,65,,,,,,,,,,,,,
AL,HAZEL,1953,12,40,19531015,600,,EX,57.5N,33.5W,65,,,,,,,,,,,,,
AL,HAZEL,1953,12,40,19531015,1200,,EX,58.2N,32.0W,65,,,,,,,,,,,,,
AL,HAZEL,1953,12,40,19531015,1800,,EX,59.3N,30.8W,60,,,,,,,,,,,,,
AL,HAZEL,1953,12,40,19531016,0,,EX,60.8N,30.0W,55,,,,,,,,,,,,,
AL,HAZEL,1953,12,40,19531016,600,,EX,61.9N,29.3W,50,,,,,,,,,,,,,
AL,HAZEL,1953,12,40,19531016,1200,,EX,62.5N,28.1W,45,,,,,,,,,,,,,
AL,UNNAMED,1953,13,15,19531123,600,,TS,22.1N,55.3W,35,,,,,,,,,,,,,
AL,UNNAMED,1953,13,15,19531123,1200,,TS,23.0N,55.0W,35,,,,,,,,,,,,,
AL,UNNAMED,1953,13,15,19531123,1800,,TS,24.0N,54.7W,35,,,,,,,,,,,,,
AL,UNNAMED,1953,13,15,19531124,0,,TS,25.2N,54.4W,40,,,,,,,,,,,,,
AL,UNNAMED,1953,13,15,19531124,600,,TS,26.5N,54.2W,40,,,,,,,,,,,,,
AL,UNNAMED,1953,13,15,19531124,1200,,TS,27.8N,54.5W,45,,,,,,,,,,,,,
AL,UNNAMED,1953,13,15,19531124,1800,,TS,28.9N,55.1W,45,999,,,,,,,,,,,,
AL,UNNAMED,1953,13,15,19531125,0,,TS,29.1N,55.7W,45,,,,,,,,,,,,,
AL,UNNAMED,1953,13,15,19531125,600,,TS,29.2N,56.1W,45,,,,,,,,,,,,,
AL,UNNAMED,1953,13,15,19531125,1200,,TS,29.4N,56.5W,40,,,,,,,,,,,,,
AL,UNNAMED,1953,13,15,19531125,1800,,TS,29.8N,56.9W,35,,,,,,,,,,,,,
AL,UNNAMED,1953,13,15,19531126,0,,TS,30.4N,57.1W,35,,,,,,,,,,,,,
AL,UNNAMED,1953,13,15,19531126,600,,TD,31.2N,57.1W,30,,,,,,,,,,,,,
AL,UNNAMED,1953,13,15,19531126,1200,,TD,32.2N,57.1W,30,,,,,,,,,,,,,
AL,UNNAMED,1953,13,15,19531126,1800,,TD,33.4N,57.1W,25,,,,,,,,,,,,,
AL,UNNAMED,1953,14,9,19531207,1800,,TS,18.0N,52.5W,35,,,,,,,,,,,,,
AL,UNNAMED,1953,14,9,19531208,0,,TS,19.1N,53.3W,40,,,,,,,,,,,,,
AL,UNNAMED,1953,14,9,19531208,600,,TS,20.1N,54.2W,50,,,,,,,,,,,,,
AL,UNNAMED,1953,14,9,19531208,1200,,TS,20.8N,55.5W,55,,,,,,,,,,,,,
AL,UNNAMED,1953,14,9,19531208,1800,,TS,20.9N,57.0W,55,,,,,,,,,,,,,
AL,UNNAMED,1953,14,9,19531209,0,,TS,21.0N,58.5W,50,,,,,,,,,,,,,
AL,UNNAMED,1953,14,9,19531209,600,,TS,21.0N,59.7W,40,,,,,,,,,,,,,
AL,UNNAMED,1953,14,9,19531209,1200,,TS,21.0N,60.7W,35,,,,,,,,,,,,,
AL,UNNAMED,1953,14,9,19531209,1800,,TD,21.0N,61.7W,30,,,,,,,,,,,,,
AL,UNNAMED,1954,1,14,19540528,1200,,TD,30.7N,80.0W,30,,,,,,,,,,,,,
AL,UNNAMED,1954,1,14,19540528,1800,,TS,31.3N,79.3W,35,1005,,,,,,,,,,,,
AL,UNNAMED,1954,1,14,19540529,0,,TS,32.2N,78.2W,40,,,,,,,,,,,,,
AL,UNNAMED,1954,1,14,19540529,600,,TS,33.2N,77.2W,40,,,,,,,,,,,,,
AL,UNNAMED,1954,1,14,19540529,1200,,TS,34.5N,76.0W,40,,,,,,,,,,,,,
AL,UNNAMED,1954,1,14,19540529,1800,,TS,35.0N,74.0W,40,,,,,,,,,,,,,
AL,UNNAMED,1954,1,14,19540530,0,,TS,35.8N,72.4W,45,,,,,,,,,,,,,
AL,UNNAMED,1954,1,14,19540530,600,,TS,38.1N,71.3W,45,,,,,,,,,,,,,
AL,UNNAMED,1954,1,14,19540530,1200,,EX,39.5N,69.5W,40,,,,,,,,,,,,,
AL,UNNAMED,1954,1,14,19540530,1800,,EX,40.8N,66.2W,40,,,,,,,,,,,,,
AL,UNNAMED,1954,1,14,19540531,0,,EX,43.7N,60.9W,35,,,,,,,,,,,,,
AL,UNNAMED,1954,1,14,19540531,600,,EX,45.3N,56.9W,35,,,,,,,,,,,,,
AL,UNNAMED,1954,1,14,19540531,1200,,EX,47.0N,51.5W,35,,,,,,,,,,,,,
AL,UNNAMED,1954,1,14,19540531,1800,,EX,48.0N,47.0W,35,,,,,,,,,,,,,
AL,UNNAMED,1954,2,29,19540618,0,,TD,25.8N,80.8W,25,,,,,,,,,,,,,
AL,UNNAMED,1954,2,29,19540618,600,,TD,25.7N,80.8W,25,,,,,,,,,,,,,
AL,UNNAMED,1954,2,29,19540618,1200,,TD,25.7N,80.8W,30,,,,,,,,,,,,,
AL,UNNAMED,1954,2,29,19540618,1800,,TD,25.8N,80.8W,30,,,,,,,,,,,,,
AL,UNNAMED,1954,2,29,19540619,0,,TD,25.8N,80.8W,30,,,,,,,,,,,,,
AL,UNNAMED,1954,2,29,19540619,600,,TD,25.9N,80.8W,30,,,,,,,,,,,,,
AL,UNNAMED,1954,2,29,19540619,1200,,TD,26.1N,80.7W,30,,,,,,,,,,,,,
AL,UNNAMED,1954,2,29,19540619,1800,,TD,26.6N,80.6W,30,,,,,,,,,,,,,
AL,UNNAMED,1954,2,29,19540620,0,,TD,27.1N,80.4W,30,,,,,,,,,,,,,
AL,UNNAMED,1954,2,29,19540620,600,,TD,27.6N,80.1W,30,,,,,,,,,,,,,
AL,UNNAMED,1954,2,29,19540620,1200,,TS,28.0N,79.5W,35,,,,,,,,,,,,,
AL,UNNAMED,1954,2,29,19540620,1800,,TS,28.4N,78.8W,45,,,,,,,,,,,,,
AL,UNNAMED,1954,2,29,19540621,0,,TS,28.8N,77.9W,50,,,,,,,,,,,,,
AL,UNNAMED,1954,2,29,19540621,600,,TS,29.2N,77.0W,50,,,,,,,,,,,,,
AL,UNNAMED,1954,2,29,19540621,1200,,TS,29.7N,76.3W,50,,,,,,,,,,,,,
AL,UNNAMED,1954,2,29,19540621,1800,,TS,30.4N,75.9W,50,,,,,,,,,,,,,
AL,UNNAMED,1954,2,29,19540622,0,,TS,31.2N,75.7W,50,,,,,,,,,,,,,
AL,UNNAMED,1954,2,29,19540622,600,,TS,32.1N,75.6W,50,,,,,,,,,,,,,
AL,UNNAMED,1954,2,29,19540622,1200,,TS,32.9N,75.4W,55,,,,,,,,,,,,,
AL,UNNAMED,1954,2,29,19540622,1800,,TS,33.8N,74.9W,60,,,,,,,,,,,,,
AL,UNNAMED,1954,2,29,19540623,0,,TS,34.8N,74.0W,60,,,,,,,,,,,,,
AL,UNNAMED,1954,2,29,19540623,600,,TS,35.9N,72.6W,55,,,,,,,,,,,,,
AL,UNNAMED,1954,2,29,19540623,1200,,TS,37.0N,70.9W,50,,,,,,,,,,,,,
AL,UNNAMED,1954,2,29,19540623,1800,,TS,38.4N,69.2W,50,,,,,,,,,,,,,
AL,UNNAMED,1954,2,29,19540624,0,,TS,41.0N,67.5W,45,,,,,,,,,,,,,
AL,UNNAMED,1954,2,29,19540624,600,,EX,43.0N,65.9W,40,,,,,,,,,,,,,
AL,UNNAMED,1954,2,29,19540624,1200,,EX,45.5N,64.5W,35,,,,,,,,,,,,,
AL,UNNAMED,1954,2,29,19540624,1800,,EX,47.5N,63.5W,30,,,,,,,,,,,,,
AL,UNNAMED,1954,2,29,19540625,0,,EX,49.5N,62.7W,30,,,,,,,,,,,,,
AL,ALICE,1954,3,13,19540624,1200,,TS,22.2N,93.7W,50,,,,,,,,,,,,,
AL,ALICE,1954,3,13,19540624,1800,,TS,22.8N,94.5W,55,,,,,,,,,,,,,
AL,ALICE,1954,3,13,19540625,0,,HU,23.5N,95.4W,65,,,,,,,,,,,,,
AL,ALICE,1954,3,13,19540625,600,,HU,24.2N,96.3W,80,,,,,,,,,,,,,
AL,ALICE,1954,3,13,19540625,1200,,HU,24.8N,97.2W,95,,,,,,,,,,,,,
AL,ALICE,1954,3,13,19540625,1400,L,HU,25.0N,97.6W,95,,,,,,,,,,,,,
AL,ALICE,1954,3,13,19540625,1800,,HU,25.6N,98.1W,70,,,,,,,,,,,,,
AL,ALICE,1954,3,13,19540626,0,,TS,26.6N,99.0W,50,,,,,,,,,,,,,
AL,ALICE,1954,3,13,19540626,600,,TS,27.8N,99.8W,40,,,,,,,,,,,,,
AL,ALICE,1954,3,13,19540626,1200,,TS,28.8N,100.6W,35,,,,,,,,,,,,,
AL,ALICE,1954,3,13,19540626,1800,,TD,29.4N,101.5W,30,,,,,,,,,,,,,
AL,ALICE,1954,3,13,19540627,0,,TD,29.7N,102.7W,25,,,,,,,,,,,,,
AL,ALICE,1954,3,13,19540627,600,,TD,30.0N,104.0W,25,,,,,,,,,,,,,
AL,UNNAMED,1954,4,15,19540710,1200,,TS,31.8N,81.0W,35,,,,,,,,,,,,,
AL,UNNAMED,1954,4,15,19540710,1800,,TS,32.0N,80.4W,35,,,,,,,,,,,,,
AL,UNNAMED,1954,4,15,19540711,0,,TS,32.2N,79.8W,40,,,,,,,,,,,,,
AL,UNNAMED,1954,4,15,19540711,600,,TS,32.3N,79.0W,40,,,,,,,,,,,,,
AL,UNNAMED,1954,4,15,19540711,1200,,TS,32.4N,78.2W,45,,,,,,,,,,,,,
AL,UNNAMED,1954,4,15,19540711,1800,,TS,32.6N,77.4W,45,,,,,,,,,,,,,
AL,UNNAMED,1954,4,15,19540712,0,,TS,32.9N,76.6W,45,,,,,,,,,,,,,
AL,UNNAMED,1954,4,15,19540712,600,,TS,33.3N,75.8W,45,,,,,,,,,,,,,
AL,UNNAMED,1954,4,15,19540712,1200,,TS,33.9N,74.8W,45,,,,,,,,,,,,,
AL,UNNAMED,1954,4,15,19540712,1800,,TS,34.7N,73.8W,45,,,,,,,,,,,,,
AL,UNNAMED,1954,4,15,19540713,0,,TS,35.6N,72.9W,45,,,,,,,,,,,,,
AL,UNNAMED,1954,4,15,19540713,600,,TS,36.5N,72.1W,40,,,,,,,,,,,,,
AL,UNNAMED,1954,4,15,19540713,1200,,TS,37.2N,71.4W,40,,,,,,,,,,,,,
AL,UNNAMED,1954,4,15,19540713,1800,,TS,37.9N,70.7W,35,,,,,,,,,,,,,
AL,UNNAMED,1954,4,15,19540714,0,,TS,38.6N,70.0W,35,,,,,,,,,,,,,
AL,BARBARA,1954,5,14,19540727,1200,,TD,27.8N,90.1W,25,,,,,,,,,,,,,
AL,BARBARA,1954,5,14,19540727,1800,,TD,28.0N,90.3W,30,,,,,,,,,,,,,
AL,BARBARA,1954,5,14,19540728,0,,TD,28.2N,90.5W,30,,,,,,,,,,,,,
AL,BARBARA,1954,5,14,19540728,600,,TS,28.3N,90.7W,35,,,,,,,,,,,,,
AL,BARBARA,1954,5,14,19540728,1200,,TS,28.3N,91.1W,40,,,,,,,,,,,,,
AL,BARBARA,1954,5,14,19540728,1800,,TS,28.5N,91.5W,50,,,,,,,,,,,,,
AL,BARBARA,1954,5,14,19540729,0,,TS,28.7N,92.0W,50,,,,,,,,,,,,,
AL,BARBARA,1954,5,14,19540729,600,,TS,29.2N,92.5W,50,,,,,,,,,,,,,
AL,BARBARA,1954,5,14,19540729,1000,L,TS,29.7N,92.8W,50,999,,,,,,,,,,,,
AL,BARBARA,1954,5,14,19540729,1200,,TS,29.9N,93.0W,50,999,,,,,,,,,,,,
AL,BARBARA,1954,5,14,19540729,1800,,TS,30.4N,93.7W,40,1002,,,,,,,,,,,,
AL,BARBARA,1954,5,14,19540730,0,,TD,30.7N,94.6W,30,,,,,,,,,,,,,
AL,BARBARA,1954,5,14,19540730,600,,TD,31.0N,95.6W,25,,,,,,,,,,,,,
AL,BARBARA,1954,5,14,19540730,1200,,TD,31.5N,96.7W,25,,,,,,,,,,,,,
AL,CAROL,1954,6,30,19540825,1200,,TD,23.8N,75.0W,30,,,,,,,,,,,,,
AL,CAROL,1954,6,30,19540825,1800,,TD,25.0N,75.5W,30,,,,,,,,,,,,,
AL,CAROL,1954,6,30,19540826,0,,TS,26.1N,76.0W,35,,,,,,,,,,,,,
AL,CAROL,1954,6,30,19540826,600,,TS,27.0N,76.3W,40,,,,,,,,,,,,,
AL,CAROL,1954,6,30,19540826,1200,,TS,27.8N,76.4W,45,,,,,,,,,,,,,
AL,CAROL,1954,6,30,19540826,1800,,TS,28.5N,76.3W,45,1002,,,,,,,,,,,,
AL,CAROL,1954,6,30,19540827,0,,TS,29.0N,76.2W,45,,,,,,,,,,,,,
AL,CAROL,1954,6,30,19540827,600,,TS,29.3N,76.3W,50,1002,,,,,,,,,,,,
AL,CAROL,1954,6,30,19540827,1200,,TS,29.6N,76.4W,60,995,,,,,,,,,,,,
AL,CAROL,1954,6,30,19540827,1800,,HU,29.8N,76.5W,70,984,,,,,,,,,,,,
AL,CAROL,1954,6,30,19540828,0,,HU,30.0N,76.7W,80,981,,,,,,,,,,,,
AL,CAROL,1954,6,30,19540828,600,,HU,30.2N,76.9W,85,,,,,,,,,,,,,
AL,CAROL,1954,6,30,19540828,1200,,HU,30.3N,77.2W,85,975,,,,,,,,,,,,
AL,CAROL,1954,6,30,19540828,1800,,HU,30.4N,77.4W,85,,,,,,,,,,,,,
AL,CAROL,1954,6,30,19540829,0,,HU,30.4N,77.5W,85,,,,,,,,,,,,,
AL,CAROL,1954,6,30,19540829,600,,HU,30.3N,77.6W,80,,,,,,,,,,,,,
AL,CAROL,1954,6,30,19540829,1200,,HU,30.5N,77.7W,80,,,,,,,,,,,,,
AL,CAROL,1954,6,30,19540829,1800,,HU,30.8N,77.8W,80,,,,,,,,,,,,,
AL,CAROL,1954,6,30,19540830,0,,HU,31.1N,77.8W,80,,,,,,,,,,,,,
AL,CAROL,1954,6,30,19540830,600,,HU,31.6N,77.7W,85,,,,,,,,,,,,,
AL,CAROL,1954,6,30,19540830,1200,,HU,32.2N,77.6W,90,,,,,,,,,,,,,
AL,CAROL,1954,6,30,19540830,1800,,HU,33.0N,77.2W,95,962,,,,,,,,,,,,
AL,CAROL,1954,6,30,19540831,0,,HU,34.2N,76.1W,95,960,,,,,,,,,,,,
AL,CAROL,1954,6,30,19540831,600,,HU,36.6N,74.1W,100,,,,,,,,,,,,,
AL,CAROL,1954,6,30,19540831,1200,,HU,39.5N,72.8W,100,955,,,,,,,,,,,,
AL,CAROL,1954,6,30,19540831,1400,L,HU,40.9N,72.2W,100,955,,,,,,,,,,,,
AL,CAROL,1954,6,30,19540831,1500,L,HU,41.3N,72.0W,100,957,,,,,,,,,,,,
AL,CAROL,1954,6,30,19540831,1800,,EX,43.1N,71.4W,80,970,,,,,,,,,,,,
AL,CAROL,1954,6,30,19540901,0,,EX,46.2N,70.9W,50,987,,,,,,,,,,,,
AL,CAROL,1954,6,30,19540901,600,,EX,48.5N,70.5W,40,992,,,,,,,,,,,,
AL,DOLLY,1954,7,18,19540831,1200,,TS,20.5N,68.6W,35,,,,,,,,,,,,,
AL,DOLLY,1954,7,18,19540831,1800,,TS,22.3N,69.4W,40,,,,,,,,,,,,,
AL,DOLLY,1954,7,18,19540901,0,,TS,24.6N,69.7W,50,,,,,,,,,,,,,
AL,DOLLY,1954,7,18,19540901,600,,TS,26.6N,69.8W,60,,,,,,,,,,,,,
AL,DOLLY,1954,7,18,19540901,1200,,HU,28.8N,69.8W,70,,,,,,,,,,,,,
AL,DOLLY,1954,7,18,19540901,1800,,HU,31.7N,69.8W,75,,,,,,,,,,,,,
AL,DOLLY,1954,7,18,19540902,0,,HU,34.6N,69.3W,70,994,,,,,,,,,,,,
AL,DOLLY,1954,7,18,19540902,600,,HU,37.0N,67.3W,65,,,,,,,,,,,,,
AL,DOLLY,1954,7,18,19540902,1200,,HU,39.7N,63.8W,65,,,,,,,,,,,,,
AL,DOLLY,1954,7,18,19540902,1800,,EX,42.1N,60.5W,65,,,,,,,,,,,,,
AL,DOLLY,1954,7,18,19540903,0,,EX,44.3N,56.4W,60,,,,,,,,,,,,,
AL,DOLLY,1954,7,18,19540903,600,,EX,45.8N,51.9W,55,,,,,,,,,,,,,
AL,DOLLY,1954,7,18,19540903,1200,,EX,46.8N,47.4W,50,,,,,,,,,,,,,
AL,DOLLY,1954,7,18,19540903,1800,,EX,47.6N,42.9W,45,,,,,,,,,,,,,
AL,DOLLY,1954,7,18,19540904,0,,EX,48.3N,38.3W,45,,,,,,,,,,,,,
AL,DOLLY,1954,7,18,19540904,600,,EX,48.5N,33.5W,45,,,,,,,,,,,,,
AL,DOLLY,1954,7,18,19540904,1200,,EX,48.5N,28.5W,45,,,,,,,,,,,,,
AL,DOLLY,1954,7,18,19540904,1800,,EX,48.5N,23.5W,40,,,,,,,,,,,,,
AL,EDNA,1954,8,41,19540905,0,,TD,19.8N,65.3W,25,,,,,,,,,,,,,
AL,EDNA,1954,8,41,19540905,600,,TD,20.1N,66.2W,30,,,,,,,,,,,,,
AL,EDNA,1954,8,41,19540905,1200,,TS,20.5N,67.1W,35,,,,,,,,,,,,,
AL,EDNA,1954,8,41,19540905,1800,,TS,20.9N,68.0W,40,,,,,,,,,,,,,
AL,EDNA,1954,8,41,19540906,0,,TS,21.2N,68.9W,45,,,,,,,,,,,,,
AL,EDNA,1954,8,41,19540906,600,,TS,21.4N,69.7W,45,,,,,,,,,,,,,
AL,EDNA,1954,8,41,19540906,1200,,TS,21.5N,70.4W,50,,,,,,,,,,,,,
AL,EDNA,1954,8,41,19540906,1800,,TS,21.7N,71.0W,50,,,,,,,,,,,,,
AL,EDNA,1954,8,41,19540907,0,,TS,22.0N,71.5W,55,,,,,,,,,,,,,
AL,EDNA,1954,8,41,19540907,600,,TS,22.4N,72.1W,60,,,,,,,,,,,,,
AL,EDNA,1954,8,41,19540907,1200,,HU,22.9N,72.8W,65,995,,,,,,,,,,,,
AL,EDNA,1954,8,41,19540907,1800,,HU,23.6N,73.5W,70,992,,,,,,,,,,,,
AL,EDNA,1954,8,41,19540908,0,,HU,24.2N,74.3W,75,990,,,,,,,,,,,,
AL,EDNA,1954,8,41,19540908,600,,HU,24.8N,74.8W,80,,,,,,,,,,,,,
AL,EDNA,1954,8,41,19540908,1200,,HU,25.5N,75.2W,85,979,,,,,,,,,,,,
AL,EDNA,1954,8,41,19540908,1800,,HU,26.3N,75.4W,95,968,,,,,,,,,,,,
AL,EDNA,1954,8,41,19540909,0,,HU,26.9N,75.6W,95,,,,,,,,,,,,,
AL,EDNA,1954,8,41,19540909,600,,HU,27.6N,76.0W,100,,,,,,,,,,,,,
AL,EDNA,1954,8,41,19540909,1200,,HU,28.2N,76.4W,105,,,,,,,,,,,,,
AL,EDNA,1954,8,41,19540909,1800,,HU,28.8N,76.5W,110,945,,,,,,,,,,,,
AL,EDNA,1954,8,41,19540910,0,,HU,29.6N,76.3W,110,,,,,,,,,,,,,
AL,EDNA,1954,8,41,19540910,600,,HU,30.5N,76.1W,110,,,,,,,,,,,,,
AL,EDNA,1954,8,41,19540910,1200,,HU,31.5N,75.9W,110,,,,,,,,,,,,,
AL,EDNA,1954,8,41,19540910,1800,,HU,32.7N,75.5W,110,,,,,,,,,,,,,
AL,EDNA,1954,8,41,19540911,0,,HU,34.0N,74.8W,110,943,,,,,,,,,,,,
AL,EDNA,1954,8,41,19540911,600,,HU,36.0N,73.8W,105,,,,,,,,,,,,,
AL,EDNA,1954,8,41,19540911,1200,,HU,38.1N,72.5W,100,,,,,,,,,,,,,
AL,EDNA,1954,8,41,19540911,1800,,HU,41.1N,70.7W,95,950,,,,,,,,,,,,
AL,EDNA,1954,8,41,19540911,1830,L,HU,41.4N,70.5W,95,950,,,,,,,,,,,,
AL,EDNA,1954,8,41,19540911,1900,L,HU,41.7N,70.3W,95,952,,,,,,,,,,,,
AL,EDNA,1954,8,41,19540911,1930,L,HU,41.9N,70.1W,90,954,,,,,,,,,,,,
AL,EDNA,1954,8,41,19540912,0,,EX,43.8N,68.1W,70,,,,,,,,,,,,,
AL,EDNA,1954,8,41,19540912,600,,EX,48.7N,64.0W,60,,,,,,,,,,,,,
AL,EDNA,1954,8,41,19540912,1200,,EX,52.4N,60.5W,60,,,,,,,,,,,,,
AL,EDNA,1954,8,41,19540912,1800,,EX,54.5N,58.0W,60,,,,,,,,,,,,,
AL,EDNA,1954,8,41,19540913,0,,EX,56.3N,56.5W,60,,,,,,,,,,,,,
AL,EDNA,1954,8,41,19540913,600,,EX,57.9N,55.5W,60,,,,,,,,,,,,,
AL,EDNA,1954,8,41,19540913,1200,,EX,59.0N,54.5W,60,,,,,,,,,,,,,
AL,EDNA,1954,8,41,19540913,1800,,EX,59.5N,53.0W,60,,,,,,,,,,,,,
AL,EDNA,1954,8,41,19540914,0,,EX,59.4N,51.0W,60,,,,,,,,,,,,,
AL,EDNA,1954,8,41,19540914,600,,EX,59.0N,48.9W,50,,,,,,,,,,,,,
AL,UNNAMED,1954,9,8,19540906,600,,TD,34.0N,44.2W,30,,,,,,,,,,,,,
AL,UNNAMED,1954,9,8,19540906,1200,,TS,35.5N,43.5W,35,,,,,,,,,,,,,
AL,UNNAMED,1954,9,8,19540906,1800,,TS,36.8N,42.5W,35,,,,,,,,,,,,,
AL,UNNAMED,1954,9,8,19540907,0,,TS,38.0N,41.0W,40,1004,,,,,,,,,,,,
AL,UNNAMED,1954,9,8,19540907,600,,TS,39.5N,39.5W,40,,,,,,,,,,,,,
AL,UNNAMED,1954,9,8,19540907,1200,,TS,41.5N,37.0W,40,,,,,,,,,,,,,
AL,UNNAMED,1954,9,8,19540907,1800,,TS,44.0N,34.0W,35,,,,,,,,,,,,,
AL,UNNAMED,1954,9,8,19540908,0,,EX,47.0N,30.5W,30,,,,,,,,,,,,,
AL,FLORENCE,1954,10,11,19540910,1200,,TD,22.5N,94.5W,30,,,,,,,,,,,,,
AL,FLORENCE,1954,10,11,19540910,1800,,TS,22.5N,94.8W,35,,,,,,,,,,,,,
AL,FLORENCE,1954,10,11,19540911,0,,TS,22.4N,95.0W,45,,,,,,,,,,,,,
AL,FLORENCE,1954,10,11,19540911,600,,TS,22.3N,95.2W,45,,,,,,,,,,,,,
AL,FLORENCE,1954,10,11,19540911,1200,,TS,22.0N,95.3W,45,,,,,,,,,,,,,
AL,FLORENCE,1954,10,11,19540911,1800,,TS,21.5N,95.5W,45,,,,,,,,,,,,,
AL,FLORENCE,1954,10,11,19540912,0,,TS,21.0N,95.9W,50,1001,,,,,,,,,,,,
AL,FLORENCE,1954,10,11,19540912,600,,TS,20.6N,96.4W,55,,,,,,,,,,,,,
AL,FLORENCE,1954,10,11,19540912,1100,L,TS,20.4N,96.8W,55,,,,,,,,,,,,,
AL,FLORENCE,1954,10,11,19540912,1200,,TS,20.4N,97.0W,55,,,,,,,,,,,,,
AL,FLORENCE,1954,10,11,19540912,1800,,TD,20.2N,97.8W,30,,,,,,,,,,,,,
AL,UNNAMED,1954,11,11,19540915,1200,,TD,25.5N,89.0W,30,,,,,,,,,,,,,
AL,UNNAMED,1954,11,11,19540915,1800,,TD,25.7N,90.0W,30,,,,,,,,,,,,,
AL,UNNAMED,1954,11,11,19540916,0,,TS,25.8N,90.9W,35,,,,,,,,,,,,,
AL,UNNAMED,1954,11,11,19540916,600,,TS,25.9N,91.8W,35,,,,,,,,,,,,,
AL,UNNAMED,1954,11,11,19540916,1200,,TS,25.8N,92.4W,40,1004,,,,,,,,,,,,
AL,UNNAMED,1954,11,11,19540916,1800,,TS,25.6N,93.0W,40,1004,,,,,,,,,,,,
AL,UNNAMED,1954,11,11,19540917,0,,TS,25.4N,93.5W,40,1004,,,,,,,,,,,,
AL,UNNAMED,1954,11,11,19540917,600,,TS,25.3N,94.0W,35,,,,,,,,,,,,,
AL,UNNAMED,1954,11,11,19540917,1200,,TD,25.2N,94.5W,30,,,,,,,,,,,,,
AL,UNNAMED,1954,11,11,19540917,1800,,TD,25.1N,95.0W,30,,,,,,,,,,,,,
AL,UNNAMED,1954,11,11,19540918,0,,TD,25.0N,95.5W,25,,,,,,,,,,,,,
AL,GILDA,1954,12,24,19540924,1800,,TS,14.1N,75.8W,35,,,,,,,,,,,,,
AL,GILDA,1954,12,24,19540925,0,,TS,14.3N,76.9W,35,,,,,,,,,,,,,
AL,GILDA,1954,12,24,19540925,600,,TS,14.4N,78.2W,40,,,,,,,,,,,,,
AL,GILDA,1954,12,24,19540925,1200,,TS,14.6N,79.6W,40,,,,,,,,,,,,,
AL,GILDA,1954,12,24,19540925,1800,,TS,14.9N,81.4W,45,,,,,,,,,,,,,
AL,GILDA,1954,12,24,19540926,0,,TS,15.5N,83.0W,50,,,,,,,,,,,,,
AL,GILDA,1954,12,24,19540926,600,,TS,16.0N,84.2W,55,,,,,,,,,,,,,
AL,GILDA,1954,12,24,19540926,1200,,TS,16.3N,85.2W,60,,,,,,,,,,,,,
AL,GILDA,1954,12,24,19540926,1800,,TS,16.5N,86.0W,60,,,,,,,,,,,,,
AL,GILDA,1954,12,24,19540927,0,,TS,16.6N,86.8W,55,998,,,,,,,,,,,,
AL,GILDA,1954,12,24,19540927,600,,TS,16.6N,87.2W,55,,,,,,,,,,,,,
AL,GILDA,1954,12,24,19540927,1200,,TS,16.6N,87.8W,55,,,,,,,,,,,,,
AL,GILDA,1954,12,24,19540927,1700,L,TS,16.7N,88.4W,55,,,,,,,,,,,,,
AL,GILDA,1954,12,24,19540927,1800,,TS,16.7N,88.6W,55,,,,,,,,,,,,,
AL,GILDA,1954,12,24,19540928,0,,TS,16.9N,89.2W,45,,,,,,,,,,,,,
AL,GILDA,1954,12,24,19540928,600,,TS,17.4N,89.6W,35,,,,,,,,,,,,,
AL,GILDA,1954,12,24,19540928,1200,,TD,18.0N,90.2W,30,,,,,,,,,,,,,
AL,GILDA,1954,12,24,19540928,1800,,TD,18.6N,90.8W,30,,,,,,,,,,,,,
AL,GILDA,1954,12,24,19540929,0,,TD,19.2N,91.5W,30,,,,,,,,,,,,,
AL,GILDA,1954,12,24,19540929,600,,TD,19.7N,92.5W,30,,,,,,,,,,,,,
AL,GILDA,1954,12,24,19540929,1200,,TD,20.0N,93.9W,30,,,,,,,,,,,,,
AL,GILDA,1954,12,24,19540929,1800,,TD,20.3N,95.4W,30,,,,,,,,,,,,,
AL,GILDA,1954,12,24,19540930,0,,TD,20.8N,96.8W,30,,,,,,,,,,,,,
AL,GILDA,1954,12,24,19540930,600,,TD,21.7N,98.0W,25,,,,,,,,,,,,,
AL,UNNAMED,1954,13,48,19540925,600,,TD,29.2N,56.5W,25,,,,,,,,,,,,,
AL,UNNAMED,1954,13,48,19540925,1200,,TD,29.0N,56.0W,25,,,,,,,,,,,,,
AL,UNNAMED,1954,13,48,19540925,1800,,TD,28.8N,55.5W,25,,,,,,,,,,,,,
AL,UNNAMED,1954,13,48,19540926,0,,TD,28.6N,54.9W,30,,,,,,,,,,,,,
AL,UNNAMED,1954,13,48,19540926,600,,TD,28.4N,54.3W,30,,,,,,,,,,,,,
AL,UNNAMED,1954,13,48,19540926,1200,,TD,28.5N,53.7W,30,,,,,,,,,,,,,
AL,UNNAMED,1954,13,48,19540926,1800,,TD,28.7N,53.0W,30,,,,,,,,,,,,,
AL,UNNAMED,1954,13,48,19540927,0,,TD,29.1N,52.3W,30,,,,,,,,,,,,,
AL,UNNAMED,1954,13,48,19540927,600,,TD,29.6N,51.6W,30,,,,,,,,,,,,,
AL,UNNAMED,1954,13,48,19540927,1200,,TD,29.8N,51.0W,30,,,,,,,,,,,,,
AL,UNNAMED,1954,13,48,19540927,1800,,TD,29.9N,50.7W,30,,,,,,,,,,,,,
AL,UNNAMED,1954,13,48,19540928,0,,TD,29.9N,50.4W,30,,,,,,,,,,,,,
AL,UNNAMED,1954,13,48,19540928,600,,TD,29.9N,50.2W,30,,,,,,,,,,,,,
AL,UNNAMED,1954,13,48,19540928,1200,,TD,29.9N,50.0W,30,,,,,,,,,,,,,
AL,UNNAMED,1954,13,48,19540928,1800,,TD,29.9N,49.7W,30,,,,,,,,,,,,,
AL,UNNAMED,1954,13,48,19540929,0,,TD,29.9N,49.4W,30,,,,,,,,,,,,,
AL,UNNAMED,1954,13,48,19540929,600,,TD,29.9N,49.1W,30,,,,,,,,,,,,,
AL,UNNAMED,1954,13,48,19540929,1200,,TD,30.0N,48.7W,30,,,,,,,,,,,,,
AL,UNNAMED,1954,13,48,19540929,1800,,TS,30.2N,48.6W,35,,,,,,,,,,,,,
AL,UNNAMED,1954,13,48,19540930,0,,TS,30.6N,48.6W,40,,,,,,,,,,,,,
AL,UNNAMED,1954,13,48,19540930,600,,TS,31.0N,48.8W,45,,,,,,,,,,,,,
AL,UNNAMED,1954,13,48,19540930,1200,,TS,31.2N,49.0W,45,,,,,,,,,,,,,
AL,UNNAMED,1954,13,48,19540930,1800,,TS,31.3N,49.5W,45,,,,,,,,,,,,,
AL,UNNAMED,1954,13,48,19541001,0,,TS,31.4N,50.3W,50,,,,,,,,,,,,,
AL,UNNAMED,1954,13,48,19541001,600,,TS,31.5N,51.2W,55,,,,,,,,,,,,,
AL,UNNAMED,1954,13,48,19541001,1200,,TS,31.5N,52.0W,60,,,,,,,,,,,,,
AL,UNNAMED,1954,13,48,19541001,1800,,HU,31.4N,52.8W,65,,,,,,,,,,,,,
AL,UNNAMED,1954,13,48,19541002,0,,HU,31.1N,53.5W,65,,,,,,,,,,,,,
AL,UNNAMED,1954,13,48,19541002,600,,HU,30.7N,54.1W,70,,,,,,,,,,,,,
AL,UNNAMED,1954,13,48,19541002,1200,,HU,30.4N,54.7W,70,,,,,,,,,,,,,
AL,UNNAMED,1954,13,48,19541002,1800,,HU,30.5N,54.5W,75,,,,,,,,,,,,,
AL,UNNAMED,1954,13,48,19541003,0,,HU,30.7N,55.6W,75,,,,,,,,,,,,,
AL,UNNAMED,1954,13,48,19541003,600,,HU,31.1N,55.9W,75,,,,,,,,,,,,,
AL,UNNAMED,1954,13,48,19541003,1200,,HU,31.5N,56.0W,75,,,,,,,,,,,,,
AL,UNNAMED,1954,13,48,19541003,1800,,HU,31.8N,55.7W,75,,,,,,,,,,,,,
AL,UNNAMED,1954,13,48,19541004,0,,HU,32.1N,55.1W,75,,,,,,,,,,,,,
AL,UNNAMED,1954,13,48,19541004,600,,HU,32.5N,54.2W,80,,,,,,,,,,,,,
AL,UNNAMED,1954,13,48,19541004,1200,,HU,33.0N,53.0W,80,,,,,,,,,,,,,
AL,UNNAMED,1954,13,48,19541004,1800,,HU,33.6N,51.7W,80,,,,,,,,,,,,,
AL,UNNAMED,1954,13,48,19541005,0,,HU,34.3N,50.3W,80,,,,,,,,,,,,,
AL,UNNAMED,1954,13,48,19541005,600,,HU,35.1N,48.9W,85,,,,,,,,,,,,,
AL,UNNAMED,1954,13,48,19541005,1200,,HU,36.0N,47.5W,85,,,,,,,,,,,,,
AL,UNNAMED,1954,13,48,19541005,1800,,HU,37.0N,45.3W,85,,,,,,,,,,,,,
AL,UNNAMED,1954,13,48,19541006,0,,HU,38.2N,42.0W,80,,,,,,,,,,,,,
AL,UNNAMED,1954,13,48,19541006,600,,HU,40.5N,38.0W,75,,,,,,,,,,,,,
AL,UNNAMED,1954,13,48,19541006,1200,,HU,44.0N,34.5W,70,,,,,,,,,,,,,
AL,UNNAMED,1954,13,48,19541006,1800,,EX,49.0N,31.7W,65,,,,,,,,,,,,,
AL,UNNAMED,1954,13,48,19541007,0,,EX,54.2N,29.0W,60,,,,,,,,,,,,,
AL,HAZEL,1954,14,56,19541005,600,,TS,12.0N,58.5W,40,,,,,,,,,,,,,
AL,HAZEL,1954,14,56,19541005,1200,,TS,12.0N,59.5W,50,,,,,,,,,,,,,
AL,HAZEL,1954,14,56,19541005,1800,,TS,12.1N,60.5W,55,1002,,,,,,,,,,,,
AL,HAZEL,1954,14,56,19541006,0,L,HU,12.2N,61.6W,65,,,,,,,,,,,,,
AL,HAZEL,1954,14,56,19541006,600,,HU,12.3N,62.9W,70,,,,,,,,,,,,,
AL,HAZEL,1954,14,56,19541006,1200,,HU,12.5N,64.3W,70,998,,,,,,,,,,,,
AL,HAZEL,1954,14,56,19541006,1800,,HU,12.6N,65.6W,70,998,,,,,,,,,,,,
AL,HAZEL,1954,14,56,19541007,0,,HU,12.7N,66.7W,70,,,,,,,,,,,,,
AL,HAZEL,1954,14,56,19541007,600,,HU,12.9N,67.7W,70,,,,,,,,,,,,,
AL,HAZEL,1954,14,56,19541007,1200,,HU,13.2N,68.7W,70,997,,,,,,,,,,,,
AL,HAZEL,1954,14,56,19541007,1800,,HU,13.5N,69.7W,70,994,,,,,,,,,,,,
AL,HAZEL,1954,14,56,19541008,0,,HU,13.6N,70.6W,75,,,,,,,,,,,,,
AL,HAZEL,1954,14,56,19541008,600,,HU,13.6N,71.3W,75,,,,,,,,,,,,,
AL,HAZEL,1954,14,56,19541008,1200,,HU,13.6N,71.8W,75,986,,,,,,,,,,,,
AL,HAZEL,1954,14,56,19541008,1800,,HU,13.7N,72.0W,80,,,,,,,,,,,,,
AL,HAZEL,1954,14,56,19541009,0,,HU,13.8N,72.4W,85,,,,,,,,,,,,,
AL,HAZEL,1954,14,56,19541009,600,,HU,13.9N,73.2W,90,,,,,,,,,,,,,
AL,HAZEL,1954,14,56,19541009,1200,,HU,14.0N,74.0W,95,,,,,,,,,,,,,
AL,HAZEL,1954,14,56,19541009,1800,,HU,14.2N,74.7W,100,,,,,,,,,,,,,
AL,HAZEL,1954,14,56,19541010,0,,HU,14.4N,75.2W,105,,,,,,,,,,,,,
AL,HAZEL,1954,14,56,19541010,600,,HU,14.7N,75.5W,105,,,,,,,,,,,,,
AL,HAZEL,1954,14,56,19541010,1200,,HU,15.0N,75.6W,105,,,,,,,,,,,,,
AL,HAZEL,1954,14,56,19541010,1800,,HU,15.3N,75.6W,105,,,,,,,,,,,,,
AL,HAZEL,1954,14,56,19541011,0,,HU,15.6N,75.5W,105,,,,,,,,,,,,,
AL,HAZEL,1954,14,56,19541011,600,,HU,15.9N,75.3W,105,,,,,,,,,,,,,
AL,HAZEL,1954,14,56,19541011,1200,,HU,16.4N,75.1W,105,,,,,,,,,,,,,
AL,HAZEL,1954,14,56,19541011,1800,,HU,16.9N,74.9W,105,,,,,,,,,,,,,
AL,HAZEL,1954,14,56,19541012,0,,HU,17.4N,74.7W,105,,,,,,,,,,,,,
AL,HAZEL,1954,14,56,19541012,600,,HU,18.0N,74.3W,105,,,,,,,,,,,,,
AL,HAZEL,1954,14,56,19541012,900,L,HU,18.3N,74.2W,105,,,,,,,,,,,,,
AL,HAZEL,1954,14,56,19541012,1200,,HU,18.6N,74.0W,85,,,,,,,,,,,,,
AL,HAZEL,1954,14,56,19541012,1800,,HU,19.1N,73.7W,85,,,,,,,,,,,,,
AL,HAZEL,1954,14,56,19541013,0,L,HU,19.6N,73.4W,85,,,,,,,,,,,,,
AL,HAZEL,1954,14,56,19541013,600,,HU,20.1N,73.1W,85,,,,,,,,,,,,,
AL,HAZEL,1954,14,56,19541013,1200,,HU,20.8N,73.1W,85,,,,,,,,,,,,,
AL,HAZEL,1954,14,56,19541013,1400,L,HU,21.0N,73.1W,85,,,,,,,,,,,,,
AL,HAZEL,1954,14,56,19541013,1800,,HU,21.7N,73.3W,85,972,,,,,,,,,,,,
AL,HAZEL,1954,14,56,19541014,0,,HU,22.7N,73.5W,85,974,,,,,,,,,,,,
AL,HAZEL,1954,14,56,19541014,600,,HU,23.8N,73.8W,90,,,,,,,,,,,,,
AL,HAZEL,1954,14,56,19541014,1200,,HU,25.2N,74.6W,100,,,,,,,,,,,,,
AL,HAZEL,1954,14,56,19541014,1800,,HU,27.0N,75.7W,110,,,,,,,,,,,,,
AL,HAZEL,1954,14,56,19541015,0,,HU,28.8N,76.8W,115,,,,,,,,,,,,,
AL,HAZEL,1954,14,56,19541015,600,,HU,30.7N,78.0W,115,,,,,,,,,,,,,
AL,HAZEL,1954,14,56,19541015,1200,,HU,32.7N,78.7W,115,938,,,,,,,,,,,,
AL,HAZEL,1954,14,56,19541015,1530,L,HU,33.9N,78.6W,115,938,,,,,,,,,,,,
AL,HAZEL,1954,14,56,19541015,1800,,EX,36.0N,78.3W,80,970,,,,,,,,,,,,
AL,HAZEL,1954,14,56,19541016,0,,EX,40.2N,77.2W,70,,,,,,,,,,,,,
AL,HAZEL,1954,14,56,19541016,600,,EX,46.0N,79.3W,60,,,,,,,,,,,,,
AL,HAZEL,1954,14,56,19541016,1200,,EX,48.8N,80.0W,50,982,,,,,,,,,,,,
AL,HAZEL,1954,14,56,19541016,1800,,EX,51.5N,79.5W,45,988,,,,,,,,,,,,
AL,HAZEL,1954,14,56,19541017,0,,EX,53.2N,79.5W,45,,,,,,,,,,,,,
AL,HAZEL,1954,14,56,19541017,600,,EX,54.5N,79.5W,35,,,,,,,,,,,,,
AL,HAZEL,1954,14,56,19541017,1200,,EX,55.5N,79.5W,35,,,,,,,,,,,,,
AL,HAZEL,1954,14,56,19541017,1800,,EX,56.3N,78.8W,35,,,,,,,,,,,,,
AL,HAZEL,1954,14,56,19541018,0,,EX,57.0N,77.0W,30,,,,,,,,,,,,,
AL,HAZEL,1954,14,56,19541018,600,,EX,58.1N,75.0W,25,,,,,,,,,,,,,
AL,UNNAMED,1954,15,21,19541116,1800,,TD,23.7N,43.5W,30,,,,,,,,,,,,,
AL,UNNAMED,1954,15,21,19541117,0,,TD,23.8N,44.5W,30,,,,,,,,,,,,,
AL,UNNAMED,1954,15,21,19541117,600,,TD,23.9N,45.5W,30,,,,,,,,,,,,,
AL,UNNAMED,1954,15,21,19541117,1200,,TS,23.9N,46.3W,35,,,,,,,,,,,,,
AL,UNNAMED,1954,15,21,19541117,1800,,TS,23.7N,47.0W,35,,,,,,,,,,,,,
AL,UNNAMED,1954,15,21,19541118,0,,TS,23.5N,47.5W,35,,,,,,,,,,,,,
AL,UNNAMED,1954,15,21,19541118,600,,TS,23.7N,47.9W,35,,,,,,,,,,,,,
AL,UNNAMED,1954,15,21,19541118,1200,,TS,24.0N,48.4W,35,,,,,,,,,,,,,
AL,UNNAMED,1954,15,21,19541118,1800,,TS,24.2N,49.0W,35,1005,,,,,,,,,,,,
AL,UNNAMED,1954,15,21,19541119,0,,TD,24.3N,49.5W,30,,,,,,,,,,,,,
AL,UNNAMED,1954,15,21,19541119,600,,TD,24.5N,50.1W,30,,,,,,,,,,,,,
AL,UNNAMED,1954,15,21,19541119,1200,,TD,24.6N,50.7W,30,,,,,,,,,,,,,
AL,UNNAMED,1954,15,21,19541119,1800,,TD,24.4N,51.5W,30,,,,,,,,,,,,,
AL,UNNAMED,1954,15,21,19541120,0,,TD,24.1N,52.3W,30,,,,,,,,,,,,,
AL,UNNAMED,1954,15,21,19541120,600,,TD,24.1N,53.0W,30,,,,,,,,,,,,,
AL,UNNAMED,1954,15,21,19541120,1200,,TD,24.3N,53.6W,30,,,,,,,,,,,,,
AL,UNNAMED,1954,15,21,19541120,1800,,TD,24.5N,54.1W,30,,,,,,,,,,,,,
AL,UNNAMED,1954,15,21,19541121,0,,TD,24.6N,55.1W,30,,,,,,,,,,,,,
AL,UNNAMED,1954,15,21,19541121,600,,TD,24.8N,55.8W,30,,,,,,,,,,,,,
AL,UNNAMED,1954,15,21,19541121,1200,,TD,25.0N,56.5W,30,,,,,,,,,,,,,
AL,UNNAMED,1954,15,21,19541121,1800,,TD,25.2N,57.2W,25,,,,,,,,,,,,,
AL,ALICE,1954,16,29,19541230,600,,TD,22.1N,50.9W,30,,,,,,,,,,,,,
AL,ALICE,1954,16,29,19541230,1200,,TS,22.0N,51.6W,35,1007,,,,,,,,,,,,
AL,ALICE,1954,16,29,19541230,1800,,TS,21.6N,52.4W,40,,,,,,,,,,,,,
AL,ALICE,1954,16,29,19541231,0,,TS,21.3N,53.3W,50,,,,,,,,,,,,,
AL,ALICE,1954,16,29,19541231,600,,TS,21.0N,54.3W,55,,,,,,,,,,,,,
AL,ALICE,1954,16,29,19541231,1200,,HU,20.6N,55.2W,65,,,,,,,,,,,,,
AL,ALICE,1954,16,29,19541231,1800,,HU,20.3N,56.0W,65,,,,,,,,,,,,,
AL,ALICE,1954,16,29,19550101,0,,HU,20.1N,56.8W,70,,,,,,,,,,,,,
AL,ALICE,1954,16,29,19550101,600,,HU,19.9N,57.4W,70,,,,,,,,,,,,,
AL,ALICE,1954,16,29,19550101,1200,,HU,19.7N,58.1W,75,,,,,,,,,,,,,
AL,ALICE,1954,16,29,19550101,1800,,HU,19.3N,59.2W,80,,,,,,,,,,,,,
AL,ALICE,1954,16,29,19550102,0,,HU,18.8N,60.5W,80,,,,,,,,,,,,,
AL,ALICE,1954,16,29,19550102,600,,HU,18.5N,61.6W,75,,,,,,,,,,,,,
AL,ALICE,1954,16,29,19550102,1200,,HU,18.3N,62.4W,70,,,,,,,,,,,,,
AL,ALICE,1954,16,29,19550102,1800,,HU,18.1N,62.8W,65,991,,,,,,,,,,,,
AL,ALICE,1954,16,29,19550102,2100,L,HU,18.0N,63.0W,65,991,,,,,,,,,,,,
AL,ALICE,1954,16,29,19550103,0,,TS,17.8N,63.2W,60,,,,,,,,,,,,,
AL,ALICE,1954,16,29,19550103,600,,TS,17.4N,63.6W,60,,,,,,,,,,,,,
AL,ALICE,1954,16,29,19550103,1200,,TS,16.8N,64.1W,55,999,,,,,,,,,,,,
AL,ALICE,1954,16,29,19550103,1800,,TS,16.3N,64.7W,55,,,,,,,,,,,,,
AL,ALICE,1954,16,29,19550104,0,,TS,15.9N,65.0W,50,1000,,,,,,,,,,,,
AL,ALICE,1954,16,29,19550104,600,,TS,15.5N,65.2W,45,,,,,,,,,,,,,
AL,ALICE,1954,16,29,19550104,1200,,TS,15.1N,65.0W,40,,,,,,,,,,,,,
AL,ALICE,1954,16,29,19550104,1800,,TS,14.7N,64.8W,35,,,,,,,,,,,,,
AL,ALICE,1954,16,29,19550105,0,,TS,14.4N,64.8W,35,,,,,,,,,,,,,
AL,ALICE,1954,16,29,19550105,600,,TD,14.0N,64.8W,30,,,,,,,,,,,,,
AL,ALICE,1954,16,29,19550105,1200,,TD,13.6N,65.0W,25,,,,,,,,,,,,,
AL,ALICE,1954,16,29,19550105,1800,,TD,13.3N,65.0W,25,,,,,,,,,,,,,
AL,ALICE,1954,16,29,19550106,0,,TD,13.0N,65.0W,25,,,,,,,,,,,,,
AL,BRENDA,1955,1,14,19550731,600,,TD,27.5N,87.5W,30,,,,,,,,,,,,,
AL,BRENDA,1955,1,14,19550731,1200,,TS,27.6N,87.9W,40,,,,,,,,,,,,,
AL,BRENDA,1955,1,14,19550731,1800,,TS,27.8N,88.2W,50,,,,,,,,,,,,,
AL,BRENDA,1955,1,14,19550801,0,,TS,28.2N,88.4W,60,,,,,,,,,,,,,
AL,BRENDA,1955,1,14,19550801,600,,TS,28.6N,88.6W,60,,,,,,,,,,,,,
AL,BRENDA,1955,1,14,19550801,1200,,TS,29.3N,89.0W,60,,,,,,,,,,,,,
AL,BRENDA,1955,1,14,19550801,1700,L,TS,29.7N,89.4W,55,,,,,,,,,,,,,
AL,BRENDA,1955,1,14,19550801,1800,,TS,29.9N,89.5W,55,,,,,,,,,,,,,
AL,BRENDA,1955,1,14,19550802,0,,TS,30.6N,90.4W,40,,,,,,,,,,,,,
AL,BRENDA,1955,1,14,19550802,600,,TD,31.1N,91.6W,30,,,,,,,,,,,,,
AL,BRENDA,1955,1,14,19550802,1200,,TD,31.5N,92.8W,25,,,,,,,,,,,,,
AL,BRENDA,1955,1,14,19550802,1800,,TD,31.8N,93.8W,25,,,,,,,,,,,,,
AL,BRENDA,1955,1,14,19550803,0,,TD,32.2N,94.7W,25,,,,,,,,,,,,,
AL,BRENDA,1955,1,14,19550803,600,,TD,32.7N,95.0W,20,,,,,,,,,,,,,
AL,CONNIE,1955,2,49,19550803,600,,TD,15.3N,40.0W,30,,,,,,,,,,,,,
AL,CONNIE,1955,2,49,19550803,1200,,TS,15.7N,42.1W,35,,,,,,,,,,,,,
AL,CONNIE,1955,2,49,19550803,1800,,TS,16.1N,44.2W,40,1004,,,,,,,,,,,,
AL,CONNIE,1955,2,49,19550804,0,,TS,16.4N,46.0W,50,,,,,,,,,,,,,
AL,CONNIE,1955,2,49,19550804,600,,TS,16.7N,47.7W,60,,,,,,,,,,,,,
AL,CONNIE,1955,2,49,19550804,1200,,HU,17.0N,49.3W,70,,,,,,,,,,,,,
AL,CONNIE,1955,2,49,19550804,1800,,HU,17.4N,50.9W,70,,,,,,,,,,,,,
AL,CONNIE,1955,2,49,19550805,0,,HU,17.7N,52.3W,70,,,,,,,,,,,,,
AL,CONNIE,1955,2,49,19550805,600,,HU,18.0N,54.2W,70,,,,,,,,,,,,,
AL,CONNIE,1955,2,49,19550805,1200,,HU,18.3N,56.1W,75,,,,,,,,,,,,,
AL,CONNIE,1955,2,49,19550805,1800,,HU,18.5N,57.9W,75,985,,,,,,,,,,,,
AL,CONNIE,1955,2,49,19550806,0,,HU,18.7N,59.5W,80,,,,,,,,,,,,,
AL,CONNIE,1955,2,49,19550806,600,,HU,19.0N,60.9W,85,,,,,,,,,,,,,
AL,CONNIE,1955,2,49,19550806,1200,,HU,19.3N,62.4W,90,,,,,,,,,,,,,
AL,CONNIE,1955,2,49,19550806,1800,,HU,19.6N,63.9W,100,968,,,,,,,,,,,,
AL,CONNIE,1955,2,49,19550807,0,,HU,20.4N,65.2W,105,,,,,,,,,,,,,
AL,CONNIE,1955,2,49,19550807,600,,HU,21.2N,66.4W,110,,,,,,,,,,,,,
AL,CONNIE,1955,2,49,19550807,1200,,HU,22.0N,67.6W,115,952,,,,,,,,,,,,
AL,CONNIE,1955,2,49,19550807,1800,,HU,22.8N,68.8W,120,944,,,,,,,,,,,,
AL,CONNIE,1955,2,49,19550808,0,,HU,23.9N,70.0W,120,,,,,,,,,,,,,
AL,CONNIE,1955,2,49,19550808,600,,HU,25.0N,71.1W,115,,,,,,,,,,,,,
AL,CONNIE,1955,2,49,19550808,1200,,HU,26.1N,71.8W,110,944,,,,,,,,,,,,
AL,CONNIE,1955,2,49,19550808,1800,,HU,27.0N,72.3W,105,944,,,,,,,,,,,,
AL,CONNIE,1955,2,49,19550809,0,,HU,27.9N,72.9W,105,,,,,,,,,,,,,
AL,CONNIE,1955,2,49,19550809,600,,HU,28.7N,73.4W,100,,,,,,,,,,,,,
AL,CONNIE,1955,2,49,19550809,1200,,HU,29.4N,73.8W,100,959,,,,,,,,,,,,
AL,CONNIE,1955,2,49,19550809,1800,,HU,30.0N,74.2W,95,961,,,,,,,,,,,,
AL,CONNIE,1955,2,49,19550810,0,,HU,30.4N,74.8W,90,,,,,,,,,,,,,
AL,CONNIE,1955,2,49,19550810,600,,HU,30.7N,75.3W,85,,,,,,,,,,,,,
AL,CONNIE,1955,2,49,19550810,1200,,HU,30.9N,75.8W,85,972,,,,,,,,,,,,
AL,CONNIE,1955,2,49,19550810,1800,,HU,31.1N,76.4W,85,970,,,,,,,,,,,,
AL,CONNIE,1955,2,49,19550811,0,,HU,31.3N,76.9W,80,973,,,,,,,,,,,,
AL,CONNIE,1955,2,49,19550811,600,,HU,31.6N,77.0W,80,,,,,,,,,,,,,
AL,CONNIE,1955,2,49,19550811,1200,,HU,32.1N,77.0W,75,978,,,,,,,,,,,,
AL,CONNIE,1955,2,49,19550811,1800,,HU,32.7N,77.1W,75,977,,,,,,,,,,,,
AL,CONNIE,1955,2,49,19550812,0,,HU,33.2N,77.0W,80,,,,,,,,,,,,,
AL,CONNIE,1955,2,49,19550812,600,,HU,33.7N,76.9W,80,,,,,,,,,,,,,
AL,CONNIE,1955,2,49,19550812,1200,,HU,34.3N,76.8W,85,965,,,,,,,,,,,,
AL,CONNIE,1955,2,49,19550812,1500,L,HU,34.7N,76.7W,85,962,,,,,,,,,,,,
AL,CONNIE,1955,2,49,19550812,1800,,HU,35.0N,76.6W,85,962,,,,,,,,,,,,
AL,CONNIE,1955,2,49,19550813,0,,HU,36.3N,76.1W,75,969,,,,,,,,,,,,
AL,CONNIE,1955,2,49,19550813,600,,TS,37.7N,76.2W,60,974,,,,,,,,,,,,
AL,CONNIE,1955,2,49,19550813,1200,,TS,39.1N,76.6W,50,982,,,,,,,,,,,,
AL,CONNIE,1955,2,49,19550813,1800,,TS,40.5N,77.4W,45,995,,,,,,,,,,,,
AL,CONNIE,1955,2,49,19550814,0,,TS,41.9N,79.3W,45,998,,,,,,,,,,,,
AL,CONNIE,1955,2,49,19550814,600,,TS,42.9N,81.3W,40,1002,,,,,,,,,,,,
AL,CONNIE,1955,2,49,19550814,1200,,TS,43.7N,82.5W,40,1006,,,,,,,,,,,,
AL,CONNIE,1955,2,49,19550814,1800,,TS,44.5N,83.3W,35,1010,,,,,,,,,,,,
AL,CONNIE,1955,2,49,19550815,0,,TS,45.4N,83.0W,35,1011,,,,,,,,,,,,
AL,DIANE,1955,3,67,19550807,600,,TD,15.7N,41.2W,25,,,,,,,,,,,,,
AL,DIANE,1955,3,67,19550807,1200,,TD,16.0N,42.5W,25,,,,,,,,,,,,,
AL,DIANE,1955,3,67,19550807,1800,,TD,16.1N,43.8W,25,,,,,,,,,,,,,
AL,DIANE,1955,3,67,19550808,0,,TD,16.2N,45.2W,25,,,,,,,,,,,,,
AL,DIANE,1955,3,67,19550808,600,,TD,16.3N,46.6W,25,,,,,,,,,,,,,
AL,DIANE,1955,3,67,19550808,1200,,TD,16.5N,48.0W,25,,,,,,,,,,,,,
AL,DIANE,1955,3,67,19550808,1800,,TD,16.6N,49.7W,25,,,,,,,,,,,,,
AL,DIANE,1955,3,67,19550809,0,,TD,16.7N,50.7W,25,,,,,,,,,,,,,
AL,DIANE,1955,3,67,19550809,600,,TD,16.8N,51.9W,30,,,,,,,,,,,,,
AL,DIANE,1955,3,67,19550809,1200,,TD,17.0N,53.1W,30,,,,,,,,,,,,,
AL,DIANE,1955,3,67,19550809,1800,,TS,17.3N,54.5W,35,,,,,,,,,,,,,
AL,DIANE,1955,3,67,19550810,0,,TS,17.7N,56.0W,35,,,,,,,,,,,,,
AL,DIANE,1955,3,67,19550810,600,,TS,18.2N,57.4W,35,,,,,,,,,,,,,
AL,DIANE,1955,3,67,19550810,1200,,TS,19.0N,58.6W,35,,,,,,,,,,,,,
AL,DIANE,1955,3,67,19550810,1800,,TS,20.0N,59.5W,40,,,,,,,,,,,,,
AL,DIANE,1955,3,67,19550811,0,,TS,21.2N,60.0W,45,,,,,,,,,,,,,
AL,DIANE,1955,3,67,19550811,600,,TS,22.3N,60.6W,45,,,,,,,,,,,,,
AL,DIANE,1955,3,67,19550811,1200,,TS,23.3N,61.3W,45,,,,,,,,,,,,,
AL,DIANE,1955,3,67,19550811,1800,,TS,23.8N,61.8W,45,1004,,,,,,,,,,,,
AL,DIANE,1955,3,67,19550812,0,,TS,24.2N,61.6W,50,,,,,,,,,,,,,
AL,DIANE,1955,3,67,19550812,600,,TS,24.6N,61.4W,60,,,,,,,,,,,,,
AL,DIANE,1955,3,67,19550812,1200,,HU,25.0N,61.2W,70,,,,,,,,,,,,,
AL,DIANE,1955,3,67,19550812,1800,,HU,25.5N,61.0W,75,975,,,,,,,,,,,,
AL,DIANE,1955,3,67,19550813,0,,HU,26.0N,60.8W,70,980,,,,,,,,,,,,
AL,DIANE,1955,3,67,19550813,600,,HU,26.7N,61.4W,70,,,,,,,,,,,,,
AL,DIANE,1955,3,67,19550813,1200,,HU,27.3N,61.4W,80,,,,,,,,,,,,,
AL,DIANE,1955,3,67,19550813,1800,,HU,27.4N,62.6W,90,969,,,,,,,,,,,,
AL,DIANE,1955,3,67,19550814,0,,HU,27.2N,63.8W,90,,,,,,,,,,,,,
AL,DIANE,1955,3,67,19550814,600,,HU,27.3N,64.7W,80,976,,,,,,,,,,,,
AL,DIANE,1955,3,67,19550814,1200,,HU,27.5N,65.7W,75,980,,,,,,,,,,,,
AL,DIANE,1955,3,67,19550814,1800,,HU,27.8N,66.8W,75,,,,,,,,,,,,,
AL,DIANE,1955,3,67,19550815,0,,HU,28.2N,68.1W,75,,,,,,,,,,,,,
AL,DIANE,1955,3,67,19550815,600,,HU,28.7N,69.5W,80,973,,,,,,,,,,,,
AL,DIANE,1955,3,67,19550815,1200,,HU,29.2N,70.9W,80,,,,,,,,,,,,,
AL,DIANE,1955,3,67,19550815,1800,,HU,29.7N,72.3W,80,973,,,,,,,,,,,,
AL,DIANE,1955,3,67,19550816,0,,HU,30.0N,73.4W,75,,,,,,,,,,,,,
AL,DIANE,1955,3,67,19550816,600,,HU,30.4N,74.4W,75,,,,,,,,,,,,,
AL,DIANE,1955,3,67,19550816,1200,,HU,30.9N,75.3W,75,982,,,,,,,,,,,,
AL,DIANE,1955,3,67,19550816,1800,,HU,31.7N,76.2W,75,983,,,,,,,,,,,,
AL,DIANE,1955,3,67,19550817,0,,HU,32.5N,76.9W,70,984,,,,,,,,,,,,
AL,DIANE,1955,3,67,19550817,600,,HU,33.2N,77.4W,65,,,,,,,,,,,,,
AL,DIANE,1955,3,67,19550817,1200,L,TS,34.0N,77.9W,60,985,,,,,,,,,,,,
AL,DIANE,1955,3,67,19550817,1800,,TS,35.1N,78.4W,55,990,,,,,,,,,,,,
AL,DIANE,1955,3,67,19550818,0,,TS,36.5N,78.7W,50,993,,,,,,,,,,,,
AL,DIANE,1955,3,67,19550818,600,,TS,37.8N,78.8W,45,999,,,,,,,,,,,,
AL,DIANE,1955,3,67,19550818,1200,,TS,38.8N,78.1W,40,1001,,,,,,,,,,,,
AL,DIANE,1955,3,67,19550818,1800,,TS,39.6N,76.9W,35,1004,,,,,,,,,,,,
AL,DIANE,1955,3,67,19550819,0,,TS,40.2N,75.7W,35,1003,,,,,,,,,,,,
AL,DIANE,1955,3,67,19550819,600,,TS,40.5N,74.5W,40,1001,,,,,,,,,,,,
AL,DIANE,1955,3,67,19550819,1200,,TS,40.7N,73.0W,40,998,,,,,,,,,,,,
AL,DIANE,1955,3,67,19550819,1800,,TS,40.9N,71.5W,40,,,,,,,,,,,,,
AL,DIANE,1955,3,67,19550820,0,,TS,41.0N,69.9W,40,,,,,,,,,,,,,
AL,DIANE,1955,3,67,19550820,600,,TS,41.2N,67.5W,45,,,,,,,,,,,,,
AL,DIANE,1955,3,67,19550820,1200,,TS,41.5N,64.5W,45,,,,,,,,,,,,,
AL,DIANE,1955,3,67,19550820,1800,,TS,42.3N,61.8W,45,,,,,,,,,,,,,
AL,DIANE,1955,3,67,19550821,0,,EX,43.0N,58.4W,50,,,,,,,,,,,,,
AL,DIANE,1955,3,67,19550821,600,,EX,43.8N,53.5W,50,,,,,,,,,,,,,
AL,DIANE,1955,3,67,19550821,1200,,EX,45.0N,48.0W,50,,,,,,,,,,,,,
AL,DIANE,1955,3,67,19550821,1800,,EX,47.0N,42.0W,50,,,,,,,,,,,,,
AL,DIANE,1955,3,67,19550822,0,,EX,49.0N,36.0W,55,,,,,,,,,,,,,
AL,DIANE,1955,3,67,19550822,600,,EX,52.5N,34.0W,55,,,,,,,,,,,,,
AL,DIANE,1955,3,67,19550822,1200,,EX,56.0N,33.0W,55,,,,,,,,,,,,,
AL,DIANE,1955,3,67,19550822,1800,,EX,58.5N,32.5W,55,,,,,,,,,,,,,
AL,DIANE,1955,3,67,19550823,0,,EX,60.5N,32.0W,50,,,,,,,,,,,,,
AL,DIANE,1955,3,67,19550823,600,,EX,62.0N,32.0W,45,,,,,,,,,,,,,
AL,DIANE,1955,3,67,19550823,1200,,EX,63.5N,31.0W,40,,,,,,,,,,,,,
AL,DIANE,1955,3,67,19550823,1800,,EX,65.0N,29.0W,35,,,,,,,,,,,,,
AL,EDITH,1955,4,60,19550821,1200,,TD,11.4N,42.0W,25,,,,,,,,,,,,,
AL,EDITH,1955,4,60,19550821,1800,,TD,12.0N,43.1W,25,,,,,,,,,,,,,
AL,EDITH,1955,4,60,19550822,0,,TD,12.5N,44.2W,25,,,,,,,,,,,,,
AL,EDITH,1955,4,60,19550822,600,,TD,13.0N,45.3W,25,,,,,,,,,,,,,
AL,EDITH,1955,4,60,19550822,1200,,TD,13.5N,46.5W,25,,,,,,,,,,,,,
AL,EDITH,1955,4,60,19550822,1800,,TD,14.0N,47.7W,25,,,,,,,,,,,,,
AL,EDITH,1955,4,60,19550823,0,,TD,14.5N,48.8W,25,,,,,,,,,,,,,
AL,EDITH,1955,4,60,19550823,600,,TD,14.9N,49.9W,30,,,,,,,,,,,,,
AL,EDITH,1955,4,60,19550823,1200,,TS,15.3N,51.0W,45,,,,,,,,,,,,,
AL,EDITH,1955,4,60,19550823,1800,,TS,15.8N,52.1W,45,,,,,,,,,,,,,
AL,EDITH,1955,4,60,19550824,0,,TS,16.6N,53.2W,45,,,,,,,,,,,,,
AL,EDITH,1955,4,60,19550824,600,,TS,17.7N,54.1W,45,,,,,,,,,,,,,
AL,EDITH,1955,4,60,19550824,1200,,TS,19.0N,55.0W,45,,,,,,,,,,,,,
AL,EDITH,1955,4,60,19550824,1800,,TS,20.2N,55.9W,45,,,,,,,,,,,,,
AL,EDITH,1955,4,60,19550825,0,,TS,21.3N,56.9W,50,,,,,,,,,,,,,
AL,EDITH,1955,4,60,19550825,600,,TS,22.3N,58.0W,50,,,,,,,,,,,,,
AL,EDITH,1955,4,60,19550825,1200,,TS,22.9N,59.0W,50,,,,,,,,,,,,,
AL,EDITH,1955,4,60,19550825,1800,,TS,23.4N,60.0W,50,998,,,,,,,,,,,,
AL,EDITH,1955,4,60,19550826,0,,TS,23.8N,60.9W,55,,,,,,,,,,,,,
AL,EDITH,1955,4,60,19550826,600,,TS,24.2N,61.7W,60,,,,,,,,,,,,,
AL,EDITH,1955,4,60,19550826,1200,,HU,24.7N,62.4W,65,,,,,,,,,,,,,
AL,EDITH,1955,4,60,19550826,1800,,HU,25.3N,63.1W,65,987,,,,,,,,,,,,
AL,EDITH,1955,4,60,19550827,0,,TS,25.9N,63.4W,60,,,,,,,,,,,,,
AL,EDITH,1955,4,60,19550827,600,,TS,26.3N,63.6W,55,,,,,,,,,,,,,
AL,EDITH,1955,4,60,19550827,1200,,TS,26.7N,63.8W,50,992,,,,,,,,,,,,
AL,EDITH,1955,4,60,19550827,1800,,TS,27.1N,64.0W,50,993,,,,,,,,,,,,
AL,EDITH,1955,4,60,19550828,0,,TS,27.4N,64.2W,50,991,,,,,,,,,,,,
AL,EDITH,1955,4,60,19550828,600,,TS,27.6N,64.3W,50,,,,,,,,,,,,,
AL,EDITH,1955,4,60,19550828,1200,,TS,27.9N,64.2W,55,,,,,,,,,,,,,
AL,EDITH,1955,4,60,19550828,1800,,TS,28.3N,64.0W,55,990,,,,,,,,,,,,
AL,EDITH,1955,4,60,19550829,0,,TS,28.8N,63.8W,60,,,,,,,,,,,,,
AL,EDITH,1955,4,60,19550829,600,,HU,29.4N,63.6W,65,,,,,,,,,,,,,
AL,EDITH,1955,4,60,19550829,1200,,HU,30.2N,63.1W,70,,,,,,,,,,,,,
AL,EDITH,1955,4,60,19550829,1800,,HU,31.3N,62.4W,75,,,,,,,,,,,,,
AL,EDITH,1955,4,60,19550830,0,,HU,32.4N,61.5W,80,,,,,,,,,,,,,
AL,EDITH,1955,4,60,19550830,600,,HU,33.6N,60.5W,85,,,,,,,,,,,,,
AL,EDITH,1955,4,60,19550830,1200,,HU,35.0N,59.4W,85,967,,,,,,,,,,,,
AL,EDITH,1955,4,60,19550830,1800,,HU,36.5N,58.1W,85,,,,,,,,,,,,,
AL,EDITH,1955,4,60,19550831,0,,HU,38.0N,56.0W,75,,,,,,,,,,,,,
AL,EDITH,1955,4,60,19550831,600,,HU,39.6N,54.2W,65,,,,,,,,,,,,,
AL,EDITH,1955,4,60,19550831,1200,,EX,40.6N,52.6W,55,,,,,,,,,,,,,
AL,EDITH,1955,4,60,19550831,1800,,EX,40.8N,51.4W,50,,,,,,,,,,,,,
AL,EDITH,1955,4,60,19550901,0,,EX,40.5N,50.0W,45,,,,,,,,,,,,,
AL,EDITH,1955,4,60,19550901,600,,EX,39.6N,50.3W,40,,,,,,,,,,,,,
AL,EDITH,1955,4,60,19550901,1200,,EX,38.5N,50.8W,40,,,,,,,,,,,,,
AL,EDITH,1955,4,60,19550901,1800,,EX,37.7N,51.6W,40,,,,,,,,,,,,,
AL,EDITH,1955,4,60,19550902,0,,EX,37.2N,52.6W,40,,,,,,,,,,,,,
AL,EDITH,1955,4,60,19550902,600,,EX,37.0N,53.5W,40,,,,,,,,,,,,,
AL,EDITH,1955,4,60,19550902,1200,,EX,37.2N,54.5W,35,,,,,,,,,,,,,
AL,EDITH,1955,4,60,19550902,1800,,EX,37.6N,55.6W,35,,,,,,,,,,,,,
AL,EDITH,1955,4,60,19550903,0,,EX,38.0N,56.7W,35,,,,,,,,,,,,,
AL,EDITH,1955,4,60,19550903,600,,EX,38.3N,56.8W,35,,,,,,,,,,,,,
AL,EDITH,1955,4,60,19550903,1200,,EX,38.1N,57.4W,35,,,,,,,,,,,,,
AL,EDITH,1955,4,60,19550903,1800,,EX,37.8N,58.0W,35,,,,,,,,,,,,,
AL,EDITH,1955,4,60,19550904,0,,EX,37.5N,58.2W,35,,,,,,,,,,,,,
AL,EDITH,1955,4,60,19550904,600,,EX,37.0N,58.2W,35,,,,,,,,,,,,,
AL,EDITH,1955,4,60,19550904,1200,,EX,37.2N,57.5W,35,,,,,,,,,,,,,
AL,EDITH,1955,4,60,19550904,1800,,EX,37.5N,56.3W,35,,,,,,,,,,,,,
AL,EDITH,1955,4,60,19550905,0,,EX,39.0N,55.5W,30,,,,,,,,,,,,,
AL,EDITH,1955,4,60,19550905,600,,EX,40.5N,55.0W,25,,,,,,,,,,,,,
AL,UNNAMED,1955,5,14,19550825,1800,,TD,24.6N,85.1W,30,,,,,,,,,,,,,
AL,UNNAMED,1955,5,14,19550826,0,,TS,25.1N,85.3W,35,,,,,,,,,,,,,
AL,UNNAMED,1955,5,14,19550826,600,,TS,26.0N,85.7W,35,,,,,,,,,,,,,
AL,UNNAMED,1955,5,14,19550826,1200,,TS,27.4N,86.1W,35,,,,,,,,,,,,,
AL,UNNAMED,1955,5,14,19550826,1800,,TS,28.9N,87.0W,40,1004,,,,,,,,,,,,
AL,UNNAMED,1955,5,14,19550827,0,,TS,29.7N,88.3W,45,,,,,,,,,,,,,
AL,UNNAMED,1955,5,14,19550827,400,L,TS,30.0N,89.2W,45,,,,,,,,,,,,,
AL,UNNAMED,1955,5,14,19550827,600,,TS,30.1N,89.7W,45,,,,,,,,,,,,,
AL,UNNAMED,1955,5,14,19550827,1200,,TS,30.3N,91.3W,40,,,,,,,,,,,,,
AL,UNNAMED,1955,5,14,19550827,1800,,TS,30.5N,92.9W,35,,,,,,,,,,,,,
AL,UNNAMED,1955,5,14,19550828,0,,TD,30.5N,93.7W,30,,,,,,,,,,,,,
AL,UNNAMED,1955,5,14,19550828,600,,TD,30.6N,94.2W,25,,,,,,,,,,,,,
AL,UNNAMED,1955,5,14,19550828,1200,,TD,31.0N,94.8W,25,,,,,,,,,,,,,
AL,UNNAMED,1955,5,14,19550828,1800,,TD,31.5N,95.3W,25,,,,,,,,,,,,,
AL,FLORA,1955,6,31,19550902,600,,TS,19.0N,31.1W,35,,,,,,,,,,,,,
AL,FLORA,1955,6,31,19550902,1200,,TS,19.2N,33.1W,35,,,,,,,,,,,,,
AL,FLORA,1955,6,31,19550902,1800,,TS,19.4N,35.1W,40,,,,,,,,,,,,,
AL,FLORA,1955,6,31,19550903,0,,TS,19.8N,37.0W,45,,,,,,,,,,,,,
AL,FLORA,1955,6,31,19550903,600,,TS,20.4N,38.7W,55,,,,,,,,,,,,,
AL,FLORA,1955,6,31,19550903,1200,,HU,21.0N,40.2W,65,,,,,,,,,,,,,
AL,FLORA,1955,6,31,19550903,1800,,HU,21.6N,41.7W,65,,,,,,,,,,,,,
AL,FLORA,1955,6,31,19550904,0,,HU,22.2N,43.2W,65,,,,,,,,,,,,,
AL,FLORA,1955,6,31,19550904,600,,HU,22.9N,44.8W,65,,,,,,,,,,,,,
AL,FLORA,1955,6,31,19550904,1200,,HU,23.7N,46.6W,65,,,,,,,,,,,,,
AL,FLORA,1955,6,31,19550904,1800,,HU,24.7N,48.5W,65,989,,,,,,,,,,,,
AL,FLORA,1955,6,31,19550905,0,,HU,25.6N,50.0W,70,,,,,,,,,,,,,
AL,FLORA,1955,6,31,19550905,600,,HU,26.5N,51.3W,75,,,,,,,,,,,,,
AL,FLORA,1955,6,31,19550905,1200,,HU,27.4N,52.4W,80,975,,,,,,,,,,,,
AL,FLORA,1955,6,31,19550905,1800,,HU,28.2N,53.3W,80,971,,,,,,,,,,,,
AL,FLORA,1955,6,31,19550906,0,,HU,29.3N,53.9W,75,977,,,,,,,,,,,,
AL,FLORA,1955,6,31,19550906,600,,HU,29.8N,54.4W,75,,,,,,,,,,,,,
AL,FLORA,1955,6,31,19550906,1200,,HU,30.5N,54.8W,80,,,,,,,,,,,,,
AL,FLORA,1955,6,31,19550906,1800,,HU,31.3N,55.2W,90,967,,,,,,,,,,,,
AL,FLORA,1955,6,31,19550907,0,,HU,32.1N,55.4W,90,,,,,,,,,,,,,
AL,FLORA,1955,6,31,19550907,600,,HU,33.0N,55.4W,90,,,,,,,,,,,,,
AL,FLORA,1955,6,31,19550907,1200,,HU,33.9N,55.2W,90,,,,,,,,,,,,,
AL,FLORA,1955,6,31,19550907,1800,,HU,34.9N,54.8W,90,,,,,,,,,,,,,
AL,FLORA,1955,6,31,19550908,0,,HU,36.2N,53.9W,90,,,,,,,,,,,,,
AL,FLORA,1955,6,31,19550908,600,,HU,37.6N,52.7W,85,,,,,,,,,,,,,
AL,FLORA,1955,6,31,19550908,1200,,HU,39.1N,51.4W,85,,,,,,,,,,,,,
AL,FLORA,1955,6,31,19550908,1800,,HU,40.7N,49.7W,80,975,,,,,,,,,,,,
AL,FLORA,1955,6,31,19550909,0,,HU,42.2N,47.0W,75,,,,,,,,,,,,,
AL,FLORA,1955,6,31,19550909,600,,EX,44.0N,44.0W,70,976,,,,,,,,,,,,
AL,FLORA,1955,6,31,19550909,1200,,EX,46.0N,39.0W,65,,,,,,,,,,,,,
AL,FLORA,1955,6,31,19550909,1800,,EX,48.0N,32.0W,60,,,,,,,,,,,,,
AL,GLADYS,1955,7,14,19550903,1800,,TD,19.5N,93.3W,25,,,,,,,,,,,,,
AL,GLADYS,1955,7,14,19550904,0,,TD,19.6N,94.0W,25,,,,,,,,,,,,,
AL,GLADYS,1955,7,14,19550904,600,,TD,20.0N,94.7W,25,,,,,,,,,,,,,
AL,GLADYS,1955,7,14,19550904,1200,,TD,20.8N,95.3W,30,,,,,,,,,,,,,
AL,GLADYS,1955,7,14,19550904,1800,,TS,21.6N,95.7W,35,,,,,,,,,,,,,
AL,GLADYS,1955,7,14,19550905,0,,TS,22.3N,96.1W,40,,,,,,,,,,,,,
AL,GLADYS,1955,7,14,19550905,600,,TS,22.6N,96.5W,50,,,,,,,,,,,,,
AL,GLADYS,1955,7,14,19550905,1200,,HU,23.0N,97.0W,65,997,,,,,,,,,,,,
AL,GLADYS,1955,7,14,19550905,1800,,HU,23.3N,97.5W,65,996,,,,,,,,,,,,
AL,GLADYS,1955,7,14,19550905,2200,L,HU,23.1N,97.8W,65,996,,,,,,,,,,,,
AL,GLADYS,1955,7,14,19550906,0,,TS,22.9N,97.9W,50,,,,,,,,,,,,,
AL,GLADYS,1955,7,14,19550906,600,,TS,22.1N,97.9W,40,,,,,,,,,,,,,
AL,GLADYS,1955,7,14,19550906,1200,,TS,21.4N,97.8W,35,,,,,,,,,,,,,
AL,GLADYS,1955,7,14,19550906,1800,,TD,21.2N,97.5W,25,,,,,,,,,,,,,
AL,IONE,1955,8,69,19550910,600,,TD,13.6N,41.4W,25,,,,,,,,,,,,,
AL,IONE,1955,8,69,19550910,1200,,TS,14.0N,43.0W,35,,,,,,,,,,,,,
AL,IONE,1955,8,69,19550910,1800,,TS,14.4N,44.6W,35,,,,,,,,,,,,,
AL,IONE,1955,8,69,19550911,0,,TS,14.8N,46.2W,35,,,,,,,,,,,,,
AL,IONE,1955,8,69,19550911,600,,TS,15.1N,47.8W,35,,,,,,,,,,,,,
AL,IONE,1955,8,69,19550911,1200,,TS,15.2N,49.3W,35,,,,,,,,,,,,,
AL,IONE,1955,8,69,19550911,1800,,TS,14.9N,50.8W,35,,,,,,,,,,,,,
AL,IONE,1955,8,69,19550912,0,,TS,14.6N,52.1W,35,,,,,,,,,,,,,
AL,IONE,1955,8,69,19550912,600,,TS,14.3N,53.4W,35,,,,,,,,,,,,,
AL,IONE,1955,8,69,19550912,1200,,TS,14.0N,54.6W,35,,,,,,,,,,,,,
AL,IONE,1955,8,69,19550912,1800,,TS,14.0N,55.8W,35,1007,,,,,,,,,,,,
AL,IONE,1955,8,69,19550913,0,,TS,14.4N,56.9W,35,,,,,,,,,,,,,
AL,IONE,1955,8,69,19550913,600,,TS,14.9N,58.0W,35,,,,,,,,,,,,,
AL,IONE,1955,8,69,19550913,1200,,TS,15.5N,58.8W,35,,,,,,,,,,,,,
AL,IONE,1955,8,69,19550913,1800,,TS,16.1N,59.3W,40,,,,,,,,,,,,,
AL,IONE,1955,8,69,19550914,0,,TS,16.7N,59.7W,45,,,,,,,,,,,,,
AL,IONE,1955,8,69,19550914,600,,TS,17.3N,60.1W,45,,,,,,,,,,,,,
AL,IONE,1955,8,69,19550914,1200,,TS,17.9N,60.6W,50,1001,,,,,,,,,,,,
AL,IONE,1955,8,69,19550914,1800,,TS,18.5N,61.4W,50,1000,,,,,,,,,,,,
AL,IONE,1955,8,69,19550915,0,,TS,19.3N,62.3W,55,,,,,,,,,,,,,
AL,IONE,1955,8,69,19550915,600,,HU,20.6N,63.3W,65,,,,,,,,,,,,,
AL,IONE,1955,8,69,19550915,1200,,HU,21.9N,64.4W,70,990,,,,,,,,,,,,
AL,IONE,1955,8,69,19550915,1800,,HU,22.8N,65.6W,70,,,,,,,,,,,,,
AL,IONE,1955,8,69,19550916,0,,HU,23.3N,67.0W,75,,,,,,,,,,,,,
AL,IONE,1955,8,69,19550916,600,,HU,23.7N,68.3W,75,,,,,,,,,,,,,
AL,IONE,1955,8,69,19550916,1200,,HU,24.1N,69.3W,75,985,,,,,,,,,,,,
AL,IONE,1955,8,69,19550916,1800,,HU,24.6N,70.2W,80,,,,,,,,,,,,,
AL,IONE,1955,8,69,19550917,0,,HU,25.1N,71.1W,85,,,,,,,,,,,,,
AL,IONE,1955,8,69,19550917,600,,HU,25.7N,71.9W,90,971,,,,,,,,,,,,
AL,IONE,1955,8,69,19550917,1200,,HU,26.3N,72.5W,105,950,,,,,,,,,,,,
AL,IONE,1955,8,69,19550917,1800,,HU,27.0N,73.2W,120,938,,,,,,,,,,,,
AL,IONE,1955,8,69,19550918,0,,HU,27.9N,74.0W,120,,,,,,,,,,,,,
AL,IONE,1955,8,69,19550918,600,,HU,28.8N,74.7W,115,,,,,,,,,,,,,
AL,IONE,1955,8,69,19550918,1200,,HU,29.8N,75.3W,110,943,,,,,,,,,,,,
AL,IONE,1955,8,69,19550918,1800,,HU,31.2N,75.8W,105,,,,,,,,,,,,,
AL,IONE,1955,8,69,19550919,0,,HU,32.6N,76.1W,100,,,,,,,,,,,,,
AL,IONE,1955,8,69,19550919,600,,HU,33.8N,76.5W,95,,,,,,,,,,,,,
AL,IONE,1955,8,69,19550919,1100,L,HU,34.7N,76.7W,90,955,,,,,,,,,,,,
AL,IONE,1955,8,69,19550919,1200,,HU,34.8N,76.7W,90,955,,,,,,,,,,,,
AL,IONE,1955,8,69,19550919,1800,,HU,35.3N,76.7W,75,,,,,,,,,,,,,
AL,IONE,1955,8,69,19550920,0,,HU,36.0N,76.4W,65,,,,,,,,,,,,,
AL,IONE,1955,8,69,19550920,600,,HU,36.6N,75.7W,65,976,,,,,,,,,,,,
AL,IONE,1955,8,69,19550920,1200,,HU,37.1N,74.2W,70,,,,,,,,,,,,,
AL,IONE,1955,8,69,19550920,1800,,HU,38.0N,72.0W,75,982,,,,,,,,,,,,
AL,IONE,1955,8,69,19550921,0,,HU,39.3N,68.3W,80,976,,,,,,,,,,,,
AL,IONE,1955,8,69,19550921,600,,EX,41.5N,64.0W,80,,,,,,,,,,,,,
AL,IONE,1955,8,69,19550921,1200,,EX,45.0N,59.4W,75,,,,,,,,,,,,,
AL,IONE,1955,8,69,19550921,1800,,EX,48.5N,55.0W,75,,,,,,,,,,,,,
AL,IONE,1955,8,69,19550922,0,,EX,50.3N,54.5W,70,,,,,,,,,,,,,
AL,IONE,1955,8,69,19550922,600,,EX,50.7N,54.5W,70,,,,,,,,,,,,,
AL,IONE,1955,8,69,19550922,1200,,EX,51.0N,53.8W,65,,,,,,,,,,,,,
AL,IONE,1955,8,69,19550922,1800,,EX,52.5N,51.0W,65,,,,,,,,,,,,,
AL,IONE,1955,8,69,19550923,0,,EX,53.4N,46.8W,60,,,,,,,,,,,,,
AL,IONE,1955,8,69,19550923,600,,EX,53.3N,43.7W,55,,,,,,,,,,,,,
AL,IONE,1955,8,69,19550923,1200,,EX,53.1N,40.6W,50,,,,,,,,,,,,,
AL,IONE,1955,8,69,19550923,1800,,EX,54.6N,35.0W,45,,,,,,,,,,,,,
AL,IONE,1955,8,69,19550924,0,,EX,57.2N,29.3W,45,,,,,,,,,,,,,
AL,IONE,1955,8,69,19550924,600,,EX,60.0N,22.0W,45,,,,,,,,,,,,,
AL,IONE,1955,8,69,19550924,1200,,EX,62.5N,15.5W,45,,,,,,,,,,,,,
AL,IONE,1955,8,69,19550924,1800,,EX,65.0N,14.0W,40,,,,,,,,,,,,,
AL,IONE,1955,8,69,19550925,0,,EX,67.5N,11.5W,40,,,,,,,,,,,,,
AL,IONE,1955,8,69,19550925,600,,EX,69.0N,9.5W,35,,,,,,,,,,,,,
AL,IONE,1955,8,69,19550925,1200,,EX,70.0N,8.0W,35,,,,,,,,,,,,,
AL,IONE,1955,8,69,19550925,1800,,EX,70.9N,7.0W,35,,,,,,,,,,,,,
AL,IONE,1955,8,69,19550926,0,,EX,71.6N,7.0W,35,,,,,,,,,,,,,
AL,IONE,1955,8,69,19550926,600,,EX,72.1N,9.0W,35,,,,,,,,,,,,,
AL,IONE,1955,8,69,19550926,1200,,EX,72.5N,12.0W,35,,,,,,,,,,,,,
AL,IONE,1955,8,69,19550926,1800,,EX,72.8N,14.0W,30,,,,,,,,,,,,,
AL,IONE,1955,8,69,19550927,0,,EX,73.0N,15.0W,30,,,,,,,,,,,,,
AL,HILDA,1955,9,39,19550912,0,,TS,19.2N,66.1W,40,,,,,,,,,,,,,
AL,HILDA,1955,9,39,19550912,600,,TS,19.5N,67.0W,45,,,,,,,,,,,,,
AL,HILDA,1955,9,39,19550912,1200,,TS,19.8N,68.0W,50,,,,,,,,,,,,,
AL,HILDA,1955,9,39,19550912,1500,R,TS,20.0N,68.5W,55,996,,,,,,,,,,,,
AL,HILDA,1955,9,39,19550912,1800,,TS,20.1N,69.1W,60,,,,,,,,,,,,,
AL,HILDA,1955,9,39,19550913,0,,HU,20.3N,70.2W,70,,,,,,,,,,,,,
AL,HILDA,1955,9,39,19550913,600,,HU,20.5N,71.3W,70,,,,,,,,,,,,,
AL,HILDA,1955,9,39,19550913,1200,,HU,20.4N,72.5W,70,,,,,,,,,,,,,
AL,HILDA,1955,9,39,19550913,1800,,HU,20.2N,73.6W,70,986,,,,,,,,,,,,
AL,HILDA,1955,9,39,19550913,2100,L,HU,20.2N,74.2W,70,986,,,,,,,,,,,,
AL,HILDA,1955,9,39,19550914,0,,TS,20.1N,74.8W,60,,,,,,,,,,,,,
AL,HILDA,1955,9,39,19550914,600,,TS,20.1N,76.2W,55,,,,,,,,,,,,,
AL,HILDA,1955,9,39,19550914,1200,,TS,20.1N,77.7W,50,,,,,,,,,,,,,
AL,HILDA,1955,9,39,19550914,1800,,TS,19.9N,79.2W,50,,,,,,,,,,,,,
AL,HILDA,1955,9,39,19550915,0,,TS,19.5N,80.6W,60,995,,,,,,,,,,,,
AL,HILDA,1955,9,39,19550915,300,L,HU,19.3N,81.2W,65,995,,,,,,,,,,,,
AL,HILDA,1955,9,39,19550915,600,,HU,19.2N,82.1W,75,,,,,,,,,,,,,
AL,HILDA,1955,9,39,19550915,1200,,HU,19.1N,83.4W,90,980,,,,,,,,,,,,
AL,HILDA,1955,9,39,19550915,1800,,HU,19.1N,84.4W,100,,,,,,,,,,,,,
AL,HILDA,1955,9,39,19550916,0,,HU,19.2N,85.4W,105,963,,,,,,,,,,,,
AL,HILDA,1955,9,39,19550916,600,,HU,19.4N,86.4W,105,,,,,,,,,,,,,
AL,HILDA,1955,9,39,19550916,1200,,HU,19.6N,87.4W,105,,,,,,,,,,,,,
AL,HILDA,1955,9,39,19550916,1400,L,HU,19.7N,87.7W,105,,,,,,,,,,,,,
AL,HILDA,1955,9,39,19550916,1800,,HU,19.9N,88.4W,80,,,,,,,,,,,,,
AL,HILDA,1955,9,39,19550917,0,,TS,20.2N,89.3W,60,,,,,,,,,,,,,
AL,HILDA,1955,9,39,19550917,600,,TS,20.5N,90.2W,55,,,,,,,,,,,,,
AL,HILDA,1955,9,39,19550917,1200,,TS,20.8N,91.1W,55,,,,,,,,,,,,,
AL,HILDA,1955,9,39,19550917,1800,,HU,21.0N,92.0W,65,985,,,,,,,,,,,,
AL,HILDA,1955,9,39,19550918,0,,HU,21.1N,92.8W,75,,,,,,,,,,,,,
AL,HILDA,1955,9,39,19550918,600,,HU,21.3N,93.5W,80,,,,,,,,,,,,,
AL,HILDA,1955,9,39,19550918,1200,,HU,21.5N,94.2W,85,970,,,,,,,,,,,,
AL,HILDA,1955,9,39,19550918,1800,,HU,21.8N,94.9W,90,,,,,,,,,,,,,
AL,HILDA,1955,9,39,19550919,0,,HU,22.0N,95.9W,100,,,,,,,,,,,,,
AL,HILDA,1955,9,39,19550919,600,,HU,22.1N,97.0W,105,,,,,,,,,,,,,
AL,HILDA,1955,9,39,19550919,1100,L,HU,22.3N,97.9W,105,952,,,,,,,,,,,,
AL,HILDA,1955,9,39,19550919,1200,,HU,22.3N,98.1W,105,952,,,,,,,,,,,,
AL,HILDA,1955,9,39,19550919,1800,,TS,22.2N,98.8W,50,,,,,,,,,,,,,
AL,HILDA,1955,9,39,19550920,0,,TD,22.0N,99.1W,30,,,,,,,,,,,,,
AL,HILDA,1955,9,39,19550920,600,,TD,21.8N,99.5W,25,,,,,,,,,,,,,
AL,JANET,1955,10,40,19550921,1200,,TS,13.2N,52.6W,40,,,,,,,,,,,,,
AL,JANET,1955,10,40,19550921,1800,,TS,13.2N,54.3W,50,,,,,,,,,,,,,
AL,JANET,1955,10,40,19550922,0,,TS,13.2N,56.0W,60,,,,,,,,,,,,,
AL,JANET,1955,10,40,19550922,600,,HU,13.1N,57.5W,70,,,,,,,,,,,,,
AL,JANET,1955,10,40,19550922,1200,,HU,13.0N,58.9W,80,979,,,,,,,,,,,,
AL,JANET,1955,10,40,19550922,1800,,HU,12.8N,60.2W,90,,,,,,,,,,,,,
AL,JANET,1955,10,40,19550923,0,L,HU,12.6N,61.4W,90,,,,,,,,,,,,,
AL,JANET,1955,10,40,19550923,600,,HU,12.5N,62.5W,80,,,,,,,,,,,,,
AL,JANET,1955,10,40,19550923,1200,,HU,12.7N,63.6W,70,,,,,,,,,,,,,
AL,JANET,1955,10,40,19550923,1800,,TS,13.0N,64.8W,60,996,,,,,,,,,,,,
AL,JANET,1955,10,40,19550924,0,,TS,13.2N,65.9W,60,,,,,,,,,,,,,
AL,JANET,1955,10,40,19550924,600,,TS,13.5N,67.0W,55,,,,,,,,,,,,,
AL,JANET,1955,10,40,19550924,1200,,TS,13.7N,68.2W,55,996,,,,,,,,,,,,
AL,JANET,1955,10,40,19550924,1800,,TS,13.8N,69.4W,60,995,,,,,,,,,,,,
AL,JANET,1955,10,40,19550925,0,,HU,13.8N,70.7W,65,,,,,,,,,,,,,
AL,JANET,1955,10,40,19550925,600,,HU,13.8N,71.8W,65,,,,,,,,,,,,,
AL,JANET,1955,10,40,19550925,1200,,HU,13.9N,72.9W,65,993,,,,,,,,,,,,
AL,JANET,1955,10,40,19550925,1800,,HU,14.2N,74.2W,70,988,,,,,,,,,,,,
AL,JANET,1955,10,40,19550926,0,,HU,14.5N,75.4W,70,,,,,,,,,,,,,
AL,JANET,1955,10,40,19550926,600,,HU,14.7N,76.4W,80,,,,,,,,,,,,,
AL,JANET,1955,10,40,19550926,1200,,HU,15.0N,77.2W,90,970,,,,,,,,,,,,
AL,JANET,1955,10,40,19550926,1800,,HU,15.3N,78.0W,100,,,,,,,,,,,,,
AL,JANET,1955,10,40,19550927,0,,HU,15.8N,78.9W,110,,,,,,,,,,,,,
AL,JANET,1955,10,40,19550927,600,,HU,16.4N,80.2W,120,,,,,,,,,,,,,
AL,JANET,1955,10,40,19550927,1200,,HU,17.0N,82.1W,130,,,,,,,,,,,,,
AL,JANET,1955,10,40,19550927,1500,R,HU,17.3N,83.0W,135,938,,,,,,,,,,,,
AL,JANET,1955,10,40,19550927,1700,L,HU,17.4N,83.9W,140,,,,,,,,,,,,,
AL,JANET,1955,10,40,19550927,1800,,HU,17.5N,84.1W,140,,,,,,,,,,,,,
AL,JANET,1955,10,40,19550928,0,,HU,18.0N,86.1W,150,,,,,,,,,,,,,
AL,JANET,1955,10,40,19550928,500,L,HU,18.4N,87.8W,150,914,,,,,,,,,,,,
AL,JANET,1955,10,40,19550928,600,,HU,18.5N,88.2W,150,914,,,,,,,,,,,,
AL,JANET,1955,10,40,19550928,1200,,HU,18.9N,90.2W,105,950,,,,,,,,,,,,
AL,JANET,1955,10,40,19550928,1800,,HU,19.2N,91.7W,90,,,,,,,,,,,,,
AL,JANET,1955,10,40,19550929,0,,HU,19.5N,93.1W,90,,,,,,,,,,,,,
AL,JANET,1955,10,40,19550929,600,,HU,19.7N,94.2W,95,,,,,,,,,,,,,
AL,JANET,1955,10,40,19550929,1200,,HU,19.8N,95.3W,95,,,,,,,,,,,,,
AL,JANET,1955,10,40,19550929,1800,L,HU,19.8N,96.4W,95,,,,,,,,,,,,,
AL,JANET,1955,10,40,19550930,0,,TS,20.0N,97.7W,60,,,,,,,,,,,,,
AL,JANET,1955,10,40,19550930,600,,TS,20.3N,99.1W,35,,,,,,,,,,,,,
AL,JANET,1955,10,40,19550930,1200,,TD,20.5N,100.5W,25,,,,,,,,,,,,,
AL,UNNAMED,1955,11,22,19550923,1200,,TD,20.0N,45.5W,30,,,,,,,,,,,,,
AL,UNNAMED,1955,11,22,19550923,1800,,TD,20.6N,47.0W,30,,,,,,,,,,,,,
AL,UNNAMED,1955,11,22,19550924,0,,TD,21.1N,48.5W,30,,,,,,,,,,,,,
AL,UNNAMED,1955,11,22,19550924,600,,TD,21.6N,50.3W,30,,,,,,,,,,,,,
AL,UNNAMED,1955,11,22,19550924,1200,,TD,22.0N,51.0W,30,,,,,,,,,,,,,
AL,UNNAMED,1955,11,22,19550924,1800,,TD,22.8N,51.6W,30,,,,,,,,,,,,,
AL,UNNAMED,1955,11,22,19550925,0,,TD,24.1N,52.2W,30,,,,,,,,,,,,,
AL,UNNAMED,1955,11,22,19550925,600,,TD,25.6N,52.6W,30,,,,,,,,,,,,,
AL,UNNAMED,1955,11,22,19550925,1200,,TD,27.0N,53.0W,30,,,,,,,,,,,,,
AL,UNNAMED,1955,11,22,19550925,1800,,TD,28.3N,53.2W,30,,,,,,,,,,,,,
AL,UNNAMED,1955,11,22,19550926,0,,TD,29.6N,53.4W,30,,,,,,,,,,,,,
AL,UNNAMED,1955,11,22,19550926,600,,TD,30.8N,53.5W,30,,,,,,,,,,,,,
AL,UNNAMED,1955,11,22,19550926,1200,,TS,32.0N,53.5W,35,,,,,,,,,,,,,
AL,UNNAMED,1955,11,22,19550926,1800,,TS,33.1N,53.0W,40,,,,,,,,,,,,,
AL,UNNAMED,1955,11,22,19550927,0,,TS,34.2N,51.5W,40,,,,,,,,,,,,,
AL,UNNAMED,1955,11,22,19550927,600,,TS,35.4N,49.5W,40,,,,,,,,,,,,,
AL,UNNAMED,1955,11,22,19550927,1200,,EX,37.0N,47.0W,40,,,,,,,,,,,,,
AL,UNNAMED,1955,11,22,19550927,1800,,EX,40.5N,45.5W,45,,,,,,,,,,,,,
AL,UNNAMED,1955,11,22,19550928,0,,EX,44.0N,41.0W,45,,,,,,,,,,,,,
AL,UNNAMED,1955,11,22,19550928,600,,EX,47.0N,37.5W,45,,,,,,,,,,,,,
AL,UNNAMED,1955,11,22,19550928,1200,,EX,50.0N,34.0W,40,,,,,,,,,,,,,
AL,UNNAMED,1955,11,22,19550928,1800,,EX,53.5N,30.0W,35,,,,,,,,,,,,,
AL,UNNAMED,1955,12,18,19551010,600,,TS,28.8N,42.2W,40,,,,,,,,,,,,,
AL,UNNAMED,1955,12,18,19551010,1200,,TS,28.8N,42.6W,45,,,,,,,,,,,,,
AL,UNNAMED,1955,12,18,19551010,1800,,TS,28.8N,43.0W,50,,,,,,,,,,,,,
AL,UNNAMED,1955,12,18,19551011,0,,TS,28.8N,43.4W,50,,,,,,,,,,,,,
AL,UNNAMED,1955,12,18,19551011,600,,TS,28.8N,43.8W,55,,,,,,,,,,,,,
AL,UNNAMED,1955,12,18,19551011,1200,,TS,28.8N,44.2W,55,,,,,,,,,,,,,
AL,UNNAMED,1955,12,18,19551011,1800,,TS,29.0N,44.4W,50,,,,,,,,,,,,,
AL,UNNAMED,1955,12,18,19551012,0,,TS,29.4N,44.4W,50,,,,,,,,,,,,,
AL,UNNAMED,1955,12,18,19551012,600,,TS,29.7N,44.2W,50,,,,,,,,,,,,,
AL,UNNAMED,1955,12,18,19551012,1200,,TS,30.0N,43.8W,50,,,,,,,,,,,,,
AL,UNNAMED,1955,12,18,19551012,1800,,TS,30.3N,43.1W,50,,,,,,,,,,,,,
AL,UNNAMED,1955,12,18,19551013,0,,TS,30.6N,42.0W,50,,,,,,,,,,,,,
AL,UNNAMED,1955,12,18,19551013,600,,TS,31.1N,41.0W,50,,,,,,,,,,,,,
AL,UNNAMED,1955,12,18,19551013,1200,,TS,31.9N,40.0W,50,,,,,,,,,,,,,
AL,UNNAMED,1955,12,18,19551013,1800,,TS,32.9N,39.0W,50,,,,,,,,,,,,,
AL,UNNAMED,1955,12,18,19551014,0,,TS,35.0N,38.0W,50,,,,,,,,,,,,,
AL,UNNAMED,1955,12,18,19551014,600,,TS,37.2N,37.0W,50,,,,,,,,,,,,,
AL,UNNAMED,1955,12,18,19551014,1200,,TS,40.0N,36.0W,50,,,,,,,,,,,,,
AL,KATIE,1955,13,20,19551014,1800,,TD,12.5N,79.3W,25,,,,,,,,,,,,,
AL,KATIE,1955,13,20,19551015,0,,TD,12.7N,78.7W,30,,,,,,,,,,,,,
AL,KATIE,1955,13,20,19551015,600,,TS,12.9N,78.0W,35,,,,,,,,,,,,,
AL,KATIE,1955,13,20,19551015,1200,,TS,13.2N,77.2W,40,,,,,,,,,,,,,
AL,KATIE,1955,13,20,19551015,1800,,TS,13.7N,76.4W,45,,,,,,,,,,,,,
AL,KATIE,1955,13,20,19551016,0,,TS,14.3N,75.3W,50,,,,,,,,,,,,,
AL,KATIE,1955,13,20,19551016,600,,TS,14.8N,74.5W,55,,,,,,,,,,,,,
AL,KATIE,1955,13,20,19551016,1200,,HU,15.4N,73.7W,65,,,,,,,,,,,,,
AL,KATIE,1955,13,20,19551016,1800,,HU,16.2N,72.9W,75,984,,,,,,,,,,,,
AL,KATIE,1955,13,20,19551017,0,,HU,17.1N,72.3W,85,,,,,,,,,,,,,
AL,KATIE,1955,13,20,19551017,500,L,HU,18.0N,71.7W,95,,,,,,,,,,,,,
AL,KATIE,1955,13,20,19551017,600,,HU,18.1N,71.7W,95,,,,,,,,,,,,,
AL,KATIE,1955,13,20,19551017,1200,,TS,19.3N,71.1W,50,,,,,,,,,,,,,
AL,KATIE,1955,13,20,19551017,1800,,TS,20.5N,70.6W,50,1000,,,,,,,,,,,,
AL,KATIE,1955,13,20,19551018,0,,TS,21.9N,70.0W,50,,,,,,,,,,,,,
AL,KATIE,1955,13,20,19551018,600,,TS,23.3N,69.2W,50,,,,,,,,,,,,,
AL,KATIE,1955,13,20,19551018,1200,,TS,24.7N,68.3W,50,,,,,,,,,,,,,
AL,KATIE,1955,13,20,19551018,1800,,TS,26.9N,67.1W,50,999,,,,,,,,,,,,
AL,KATIE,1955,13,20,19551019,0,,TS,29.5N,65.4W,45,,,,,,,,,,,,,
AL,KATIE,1955,13,20,19551019,600,,TS,32.0N,63.3W,40,,,,,,,,,,,,,
AL,UNNAMED,1956,1,15,19560612,0,,TD,20.0N,91.5W,25,,,,,,,,,,,,,
AL,UNNAMED,1956,1,15,19560612,600,,TD,20.3N,91.5W,25,,,,,,,,,,,,,
AL,UNNAMED,1956,1,15,19560612,1200,,TD,20.8N,91.5W,30,,,,,,,,,,,,,
AL,UNNAMED,1956,1,15,19560612,1800,,TS,21.6N,91.5W,35,,,,,,,,,,,,,
AL,UNNAMED,1956,1,15,19560613,0,,TS,23.0N,91.5W,40,,,,,,,,,,,,,
AL,UNNAMED,1956,1,15,19560613,600,,TS,25.1N,91.3W,45,,,,,,,,,,,,,
AL,UNNAMED,1956,1,15,19560613,1200,,TS,27.5N,90.9W,50,1004,,,,,,,,,,,,
AL,UNNAMED,1956,1,15,19560613,1700,L,TS,29.1N,90.7W,50,,,,,,,,,,,,,
AL,UNNAMED,1956,1,15,19560613,1800,,TS,29.4N,90.6W,50,,,,,,,,,,,,,
AL,UNNAMED,1956,1,15,19560614,0,,TS,31.0N,90.6W,35,1001,,,,,,,,,,,,
AL,UNNAMED,1956,1,15,19560614,600,,TD,32.4N,91.0W,30,,,,,,,,,,,,,
AL,UNNAMED,1956,1,15,19560614,1200,,TD,33.8N,91.7W,25,1006,,,,,,,,,,,,
AL,UNNAMED,1956,1,15,19560614,1800,,TD,34.5N,92.8W,25,,,,,,,,,,,,,
AL,UNNAMED,1956,1,15,19560615,0,,TD,34.9N,93.3W,25,,,,,,,,,,,,,
AL,UNNAMED,1956,1,15,19560615,600,,TD,35.2N,93.8W,20,,,,,,,,,,,,,
AL,ANNA,1956,2,9,19560725,1800,,TD,20.8N,92.5W,30,,,,,,,,,,,,,
AL,ANNA,1956,2,9,19560726,0,,TS,21.0N,93.3W,35,1006,,,,,,,,,,,,
AL,ANNA,1956,2,9,19560726,600,,TS,21.2N,94.4W,50,,,,,,,,,,,,,
AL,ANNA,1956,2,9,19560726,1200,,HU,21.4N,95.6W,65,991,,,,,,,,,,,,
AL,ANNA,1956,2,9,19560726,1800,,HU,21.6N,96.9W,75,,,,,,,,,,,,,
AL,ANNA,1956,2,9,19560726,2100,L,HU,21.7N,97.5W,75,,,,,,,,,,,,,
AL,ANNA,1956,2,9,19560727,0,,TS,21.8N,98.1W,60,,,,,,,,,,,,,
AL,ANNA,1956,2,9,19560727,600,,TS,22.0N,98.9W,35,,,,,,,,,,,,,
AL,ANNA,1956,2,9,19560727,1200,,TD,22.1N,99.5W,25,,,,,,,,,,,,,
AL,BETSY,1956,3,50,19560809,600,,TS,13.5N,47.2W,50,,,,,,,,,,,,,
AL,BETSY,1956,3,50,19560809,1200,,TS,13.7N,48.8W,55,,,,,,,,,,,,,
AL,BETSY,1956,3,50,19560809,1800,,TS,13.9N,50.2W,60,,,,,,,,,,,,,
AL,BETSY,1956,3,50,19560810,0,,HU,14.0N,51.6W,65,,,,,,,,,,,,,
AL,BETSY,1956,3,50,19560810,600,,HU,14.1N,53.0W,70,,,,,,,,,,,,,
AL,BETSY,1956,3,50,19560810,1200,,HU,14.3N,54.5W,80,,,,,,,,,,,,,
AL,BETSY,1956,3,50,19560810,1800,,HU,14.7N,56.0W,90,979,,,,,,,,,,,,
AL,BETSY,1956,3,50,19560811,0,,HU,15.0N,57.6W,90,,,,,,,,,,,,,
AL,BETSY,1956,3,50,19560811,600,,HU,15.2N,59.1W,90,,,,,,,,,,,,,
AL,BETSY,1956,3,50,19560811,1200,,HU,15.5N,60.4W,90,,,,,,,,,,,,,
AL,BETSY,1956,3,50,19560811,1800,,HU,16.0N,61.8W,90,979,,,,,,,,,,,,
AL,BETSY,1956,3,50,19560812,0,,HU,16.5N,63.2W,85,,,,,,,,,,,,,
AL,BETSY,1956,3,50,19560812,600,,HU,17.1N,64.5W,85,,,,,,,,,,,,,
AL,BETSY,1956,3,50,19560812,1200,,HU,17.9N,65.9W,85,981,,,,,,,,,,,,
AL,BETSY,1956,3,50,19560812,1800,,HU,18.8N,67.3W,80,,,,,,,,,,,,,
AL,BETSY,1956,3,50,19560813,0,,HU,19.8N,68.7W,85,,,,,,,,,,,,,
AL,BETSY,1956,3,50,19560813,600,,HU,20.9N,70.0W,95,,,,,,,,,,,,,
AL,BETSY,1956,3,50,19560813,1200,,HU,22.0N,71.4W,100,972,,,,,,,,,,,,
AL,BETSY,1956,3,50,19560813,1800,,HU,23.0N,72.7W,100,,,,,,,,,,,,,
AL,BETSY,1956,3,50,19560814,0,,HU,24.0N,73.9W,100,,,,,,,,,,,,,
AL,BETSY,1956,3,50,19560814,600,,HU,24.9N,75.0W,105,,,,,,,,,,,,,
AL,BETSY,1956,3,50,19560814,1200,,HU,25.7N,76.0W,105,960,,,,,,,,,,,,
AL,BETSY,1956,3,50,19560814,1800,,HU,26.5N,76.7W,100,,,,,,,,,,,,,
AL,BETSY,1956,3,50,19560815,0,,HU,27.2N,76.9W,90,968,,,,,,,,,,,,
AL,BETSY,1956,3,50,19560815,600,,HU,27.8N,77.0W,90,,,,,,,,,,,,,
AL,BETSY,1956,3,50,19560815,1200,,HU,28.3N,76.7W,95,963,,,,,,,,,,,,
AL,BETSY,1956,3,50,19560815,1800,,HU,28.8N,76.2W,95,,,,,,,,,,,,,
AL,BETSY,1956,3,50,19560816,0,,HU,29.3N,75.7W,90,,,,,,,,,,,,,
AL,BETSY,1956,3,50,19560816,600,,HU,29.9N,75.2W,80,973,,,,,,,,,,,,
AL,BETSY,1956,3,50,19560816,1200,,HU,30.8N,74.3W,85,,,,,,,,,,,,,
AL,BETSY,1956,3,50,19560816,1800,,HU,32.2N,73.4W,95,,,,,,,,,,,,,
AL,BETSY,1956,3,50,19560817,0,,HU,33.7N,72.4W,100,954,,,,,,,,,,,,
AL,BETSY,1956,3,50,19560817,600,,HU,35.1N,71.2W,95,,,,,,,,,,,,,
AL,BETSY,1956,3,50,19560817,1200,,HU,36.6N,69.8W,85,,,,,,,,,,,,,
AL,BETSY,1956,3,50,19560817,1800,,HU,38.0N,68.4W,75,,,,,,,,,,,,,
AL,BETSY,1956,3,50,19560818,0,,HU,39.5N,66.7W,70,,,,,,,,,,,,,
AL,BETSY,1956,3,50,19560818,600,,HU,40.8N,64.7W,65,,,,,,,,,,,,,
AL,BETSY,1956,3,50,19560818,1200,,TS,41.7N,62.1W,60,,,,,,,,,,,,,
AL,BETSY,1956,3,50,19560818,1800,,TS,42.4N,58.6W,55,,,,,,,,,,,,,
AL,BETSY,1956,3,50,19560819,0,,EX,42.8N,55.0W,55,,,,,,,,,,,,,
AL,BETSY,1956,3,50,19560819,600,,EX,43.1N,51.7W,55,,,,,,,,,,,,,
AL,BETSY,1956,3,50,19560819,1200,,EX,43.2N,48.6W,55,,,,,,,,,,,,,
AL,BETSY,1956,3,50,19560819,1800,,EX,43.1N,45.1W,50,,,,,,,,,,,,,
AL,BETSY,1956,3,50,19560820,0,,EX,42.9N,41.6W,45,,,,,,,,,,,,,
AL,BETSY,1956,3,50,19560820,600,,EX,42.5N,38.5W,40,,,,,,,,,,,,,
AL,BETSY,1956,3,50,19560820,1200,,EX,42.1N,36.5W,35,,,,,,,,,,,,,
AL,BETSY,1956,3,50,19560820,1800,,EX,42.0N,34.0W,30,,,,,,,,,,,,,
AL,BETSY,1956,3,50,19560821,0,,EX,42.0N,32.0W,25,,,,,,,,,,,,,
AL,BETSY,1956,3,50,19560821,600,,EX,42.0N,31.0W,25,,,,,,,,,,,,,
AL,BETSY,1956,3,50,19560821,1200,,EX,42.0N,30.0W,25,,,,,,,,,,,,,
AL,CARLA,1956,4,38,19560907,0,,TD,24.8N,75.0W,30,,,,,,,,,,,,,
AL,CARLA,1956,4,38,19560907,600,,TD,25.3N,75.0W,30,,,,,,,,,,,,,
AL,CARLA,1956,4,38,19560907,1200,,TD,26.0N,74.8W,30,,,,,,,,,,,,,
AL,CARLA,1956,4,38,19560907,1800,,TD,27.0N,74.4W,30,,,,,,,,,,,,,
AL,CARLA,1956,4,38,19560908,0,,TD,27.9N,74.0W,30,,,,,,,,,,,,,
AL,CARLA,1956,4,38,19560908,600,,TD,28.7N,73.6W,30,,,,,,,,,,,,,
AL,CARLA,1956,4,38,19560908,1200,,TS,29.3N,73.3W,35,,,,,,,,,,,,,
AL,CARLA,1956,4,38,19560908,1800,,TS,30.0N,73.0W,35,,,,,,,,,,,,,
AL,CARLA,1956,4,38,19560909,0,,TS,30.7N,72.5W,35,1003,,,,,,,,,,,,
AL,CARLA,1956,4,38,19560909,600,,TS,31.4N,72.0W,35,1002,,,,,,,,,,,,
AL,CARLA,1956,4,38,19560909,1200,,TS,32.0N,70.8W,40,1000,,,,,,,,,,,,
AL,CARLA,1956,4,38,19560909,1800,,TS,32.5N,69.2W,50,,,,,,,,,,,,,
AL,CARLA,1956,4,38,19560910,0,,TS,33.2N,67.0W,50,,,,,,,,,,,,,
AL,CARLA,1956,4,38,19560910,600,,EX,34.3N,64.2W,55,,,,,,,,,,,,,
AL,CARLA,1956,4,38,19560910,1200,,EX,35.6N,61.2W,60,,,,,,,,,,,,,
AL,CARLA,1956,4,38,19560910,1800,,EX,37.7N,58.7W,60,,,,,,,,,,,,,
AL,CARLA,1956,4,38,19560911,0,,EX,39.7N,56.1W,60,,,,,,,,,,,,,
AL,CARLA,1956,4,38,19560911,600,,EX,41.8N,53.0W,60,,,,,,,,,,,,,
AL,CARLA,1956,4,38,19560911,1200,,EX,45.5N,50.0W,55,,,,,,,,,,,,,
AL,CARLA,1956,4,38,19560911,1800,,EX,50.0N,45.0W,50,,,,,,,,,,,,,
AL,CARLA,1956,4,38,19560912,0,,EX,53.0N,41.0W,50,,,,,,,,,,,,,
AL,CARLA,1956,4,38,19560912,600,,EX,53.5N,38.0W,50,,,,,,,,,,,,,
AL,CARLA,1956,4,38,19560912,1200,,EX,54.5N,34.0W,50,,,,,,,,,,,,,
AL,CARLA,1956,4,38,19560912,1800,,EX,56.1N,30.0W,50,,,,,,,,,,,,,
AL,CARLA,1956,4,38,19560913,0,,EX,57.8N,26.5W,55,,,,,,,,,,,,,
AL,CARLA,1956,4,38,19560913,600,,EX,59.0N,23.0W,60,,,,,,,,,,,,,
AL,CARLA,1956,4,38,19560913,1200,,EX,59.5N,19.0W,60,,,,,,,,,,,,,
AL,CARLA,1956,4,38,19560913,1800,,EX,60.5N,14.5W,60,,,,,,,,,,,,,
AL,CARLA,1956,4,38,19560914,0,,EX,62.0N,9.5W,55,,,,,,,,,,,,,
AL,CARLA,1956,4,38,19560914,600,,EX,64.0N,4.0W,55,,,,,,,,,,,,,
AL,CARLA,1956,4,38,19560914,1200,,EX,66.0N,1.5E,55,,,,,,,,,,,,,
AL,CARLA,1956,4,38,19560914,1800,,EX,67.5N,7.0E,50,,,,,,,,,,,,,
AL,CARLA,1956,4,38,19560915,0,,EX,68.5N,10.0E,50,,,,,,,,,,,,,
AL,CARLA,1956,4,38,19560915,600,,EX,69.3N,13.0E,50,,,,,,,,,,,,,
AL,CARLA,1956,4,38,19560915,1200,,EX,70.2N,14.7E,50,,,,,,,,,,,,,
AL,CARLA,1956,4,38,19560915,1800,,EX,71.0N,15.7E,45,,,,,,,,,,,,,
AL,CARLA,1956,4,38,19560916,0,,EX,72.0N,16.0W,40,,,,,,,,,,,,,
AL,CARLA,1956,4,38,19560916,600,,EX,73.0N,16.0E,35,,,,,,,,,,,,,
AL,DORA,1956,5,12,19560910,600,,TD,20.5N,91.1W,30,,,,,,,,,,,,,
AL,DORA,1956,5,12,19560910,1200,,TS,20.8N,92.1W,35,,,,,,,,,,,,,
AL,DORA,1956,5,12,19560910,1800,,TS,21.1N,93.0W,35,1010,,,,,,,,,,,,
AL,DORA,1956,5,12,19560911,0,,TS,21.3N,93.8W,40,,,,,,,,,,,,,
AL,DORA,1956,5,12,19560911,600,,TS,21.5N,94.4W,40,,,,,,,,,,,,,
AL,DORA,1956,5,12,19560911,1200,,TS,21.7N,95.0W,45,,,,,,,,,,,,,
AL,DORA,1956,5,12,19560911,1800,,TS,21.7N,95.5W,45,1004,,,,,,,,,,,,
AL,DORA,1956,5,12,19560912,0,,TS,21.5N,95.9W,45,,,,,,,,,,,,,
AL,DORA,1956,5,12,19560912,600,,TS,21.3N,96.3W,50,,,,,,,,,,,,,
AL,DORA,1956,5,12,19560912,1200,,TS,21.1N,96.8W,50,1004,,,,,,,,,,,,
AL,DORA,1956,5,12,19560912,1800,L,TS,20.9N,97.3W,50,1000,,,,,,,,,,,,
AL,DORA,1956,5,12,19560913,0,,TD,20.7N,97.8W,25,,,,,,,,,,,,,
AL,ETHEL,1956,6,11,19560911,1800,,TD,23.5N,75.7W,25,,,,,,,,,,,,,
AL,ETHEL,1956,6,11,19560912,0,,TD,24.0N,75.5W,30,,,,,,,,,,,,,
AL,ETHEL,1956,6,11,19560912,600,,TS,24.8N,74.9W,35,,,,,,,,,,,,,
AL,ETHEL,1956,6,11,19560912,1200,,TS,25.7N,74.1W,40,,,,,,,,,,,,,
AL,ETHEL,1956,6,11,19560912,1800,,TS,26.6N,73.2W,50,999,,,,,,,,,,,,
AL,ETHEL,1956,6,11,19560913,0,,TS,27.3N,72.7W,50,,,,,,,,,,,,,
AL,ETHEL,1956,6,11,19560913,600,,TS,27.8N,72.3W,45,,,,,,,,,,,,,
AL,ETHEL,1956,6,11,19560913,1200,,TS,28.2N,72.0W,35,1007,,,,,,,,,,,,
AL,ETHEL,1956,6,11,19560913,1800,,TS,28.6N,71.8W,35,,,,,,,,,,,,,
AL,ETHEL,1956,6,11,19560914,0,,TD,29.0N,71.7W,30,,,,,,,,,,,,,
AL,ETHEL,1956,6,11,19560914,600,,TD,29.4N,71.7W,25,,,,,,,,,,,,,
AL,FLOSSY,1956,7,52,19560920,1800,,TD,18.0N,86.5W,25,,,,,,,,,,,,,
AL,FLOSSY,1956,7,52,19560921,0,,TD,18.1N,87.0W,25,,,,,,,,,,,,,
AL,FLOSSY,1956,7,52,19560921,600,,TD,18.3N,87.7W,25,,,,,,,,,,,,,
AL,FLOSSY,1956,7,52,19560921,1200,,TD,18.5N,88.4W,25,,,,,,,,,,,,,
AL,FLOSSY,1956,7,52,19560921,1800,,TD,18.9N,89.1W,25,,,,,,,,,,,,,
AL,FLOSSY,1956,7,52,19560922,0,,TD,19.5N,89.7W,25,,,,,,,,,,,,,
AL,FLOSSY,1956,7,52,19560922,600,,TD,20.4N,90.1W,30,,,,,,,,,,,,,
AL,FLOSSY,1956,7,52,19560922,1200,,TS,21.5N,90.4W,35,,,,,,,,,,,,,
AL,FLOSSY,1956,7,52,19560922,1800,,TS,22.6N,90.7W,40,,,,,,,,,,,,,
AL,FLOSSY,1956,7,52,19560923,0,,TS,23.8N,90.9W,50,,,,,,,,,,,,,
AL,FLOSSY,1956,7,52,19560923,600,,TS,25.0N,91.1W,55,994,,,,,,,,,,,,
AL,FLOSSY,1956,7,52,19560923,1200,,TS,26.2N,91.3W,60,,,,,,,,,,,,,
AL,FLOSSY,1956,7,52,19560923,1800,,HU,27.1N,91.3W,70,,,,,,,,,,,,,
AL,FLOSSY,1956,7,52,19560924,0,,HU,28.0N,90.9W,75,984,,,,,,,,,,,,
AL,FLOSSY,1956,7,52,19560924,600,,HU,28.7N,90.1W,75,,,,,,,,,,,,,
AL,FLOSSY,1956,7,52,19560924,1000,L,HU,29.1N,89.4W,75,980,,,,,,,,,,,,
AL,FLOSSY,1956,7,52,19560924,1200,,HU,29.4N,88.9W,75,980,,,,,,,,,,,,
AL,FLOSSY,1956,7,52,19560924,1800,,HU,29.9N,87.6W,80,,,,,,,,,,,,,
AL,FLOSSY,1956,7,52,19560925,0,L,HU,30.4N,86.4W,80,974,,,,,,,,,,,,
AL,FLOSSY,1956,7,52,19560925,600,,TS,30.8N,85.4W,50,,,,,,,,,,,,,
AL,FLOSSY,1956,7,52,19560925,1200,,TS,31.2N,84.4W,40,,,,,,,,,,,,,
AL,FLOSSY,1956,7,52,19560925,1800,,EX,31.9N,83.2W,35,998,,,,,,,,,,,,
AL,FLOSSY,1956,7,52,19560926,0,,EX,32.6N,81.8W,40,999,,,,,,,,,,,,
AL,FLOSSY,1956,7,52,19560926,600,,EX,33.4N,80.3W,45,999,,,,,,,,,,,,
AL,FLOSSY,1956,7,52,19560926,1200,,EX,34.1N,79.1W,45,1001,,,,,,,,,,,,
AL,FLOSSY,1956,7,52,19560926,1800,,EX,34.5N,78.4W,45,1001,,,,,,,,,,,,
AL,FLOSSY,1956,7,52,19560927,0,,EX,34.8N,78.0W,50,1002,,,,,,,,,,,,
AL,FLOSSY,1956,7,52,19560927,600,,EX,35.0N,77.6W,50,1005,,,,,,,,,,,,
AL,FLOSSY,1956,7,52,19560927,1200,,EX,35.3N,77.2W,50,1008,,,,,,,,,,,,
AL,FLOSSY,1956,7,52,19560927,1800,,EX,35.6N,76.6W,50,1009,,,,,,,,,,,,
AL,FLOSSY,1956,7,52,19560928,0,,EX,36.3N,75.7W,50,1011,,,,,,,,,,,,
AL,FLOSSY,1956,7,52,19560928,600,,EX,37.4N,74.5W,50,,,,,,,,,,,,,
AL,FLOSSY,1956,7,52,19560928,1200,,EX,38.5N,73.0W,45,,,,,,,,,,,,,
AL,FLOSSY,1956,7,52,19560928,1800,,EX,39.5N,71.5W,40,,,,,,,,,,,,,
AL,FLOSSY,1956,7,52,19560929,0,,EX,40.1N,69.5W,35,,,,,,,,,,,,,
AL,FLOSSY,1956,7,52,19560929,600,,EX,40.3N,67.5W,30,,,,,,,,,,,,,
AL,FLOSSY,1956,7,52,19560929,1200,,EX,40.5N,64.0W,30,,,,,,,,,,,,,
AL,FLOSSY,1956,7,52,19560929,1800,,EX,40.3N,61.0W,30,,,,,,,,,,,,,
AL,FLOSSY,1956,7,52,19560930,0,,EX,39.8N,59.5W,30,,,,,,,,,,,,,
AL,FLOSSY,1956,7,52,19560930,600,,EX,38.5N,58.5W,30,,,,,,,,,,,,,
AL,FLOSSY,1956,7,52,19560930,1200,,EX,37.5N,57.5W,30,,,,,,,,,,,,,
AL,FLOSSY,1956,7,52,19560930,1800,,EX,36.7N,56.0W,30,,,,,,,,,,,,,
AL,FLOSSY,1956,7,52,19561001,0,,EX,36.0N,55.5W,30,,,,,,,,,,,,,
AL,FLOSSY,1956,7,52,19561001,600,,EX,36.0N,55.8W,35,,,,,,,,,,,,,
AL,FLOSSY,1956,7,52,19561001,1200,,EX,37.0N,56.0W,35,,,,,,,,,,,,,
AL,FLOSSY,1956,7,52,19561001,1800,,EX,38.5N,56.0W,40,,,,,,,,,,,,,
AL,FLOSSY,1956,7,52,19561002,0,,EX,40.0N,56.2W,45,,,,,,,,,,,,,
AL,FLOSSY,1956,7,52,19561002,600,,EX,41.5N,56.5W,50,,,,,,,,,,,,,
AL,FLOSSY,1956,7,52,19561002,1200,,EX,43.0N,56.5W,50,,,,,,,,,,,,,
AL,FLOSSY,1956,7,52,19561002,1800,,EX,44.5N,56.5W,45,,,,,,,,,,,,,
AL,FLOSSY,1956,7,52,19561003,0,,EX,46.0N,56.5W,40,,,,,,,,,,,,,
AL,FLOSSY,1956,7,52,19561003,600,,EX,47.5N,56.5W,40,,,,,,,,,,,,,
AL,GRETA,1956,8,30,19561031,0,,TD,20.0N,74.7W,25,,,,,,,,,,,,,
AL,GRETA,1956,8,30,19561031,600,,TD,20.4N,74.8W,25,,,,,,,,,,,,,
AL,GRETA,1956,8,30,19561031,1200,,TD,20.8N,75.0W,25,,,,,,,,,,,,,
AL,GRETA,1956,8,30,19561031,1800,,TD,21.9N,75.3W,30,1003,,,,,,,,,,,,
AL,GRETA,1956,8,30,19561101,0,,TD,23.0N,75.0W,30,,,,,,,,,,,,,
AL,GRETA,1956,8,30,19561101,600,,TS,24.2N,74.2W,35,,,,,,,,,,,,,
AL,GRETA,1956,8,30,19561101,1200,,TS,25.7N,73.0W,45,,,,,,,,,,,,,
AL,GRETA,1956,8,30,19561101,1800,,TS,27.2N,72.2W,50,,,,,,,,,,,,,
AL,GRETA,1956,8,30,19561102,0,,TS,28.5N,72.3W,50,992,,,,,,,,,,,,
AL,GRETA,1956,8,30,19561102,600,,TS,28.4N,72.8W,50,,,,,,,,,,,,,
AL,GRETA,1956,8,30,19561102,1200,,TS,27.8N,72.7W,50,,,,,,,,,,,,,
AL,GRETA,1956,8,30,19561102,1800,,TS,27.3N,72.5W,55,,,,,,,,,,,,,
AL,GRETA,1956,8,30,19561103,0,,TS,27.0N,72.3W,55,,,,,,,,,,,,,
AL,GRETA,1956,8,30,19561103,600,,TS,26.5N,72.2W,60,,,,,,,,,,,,,
AL,GRETA,1956,8,30,19561103,1200,,TS,25.7N,72.1W,60,982,,,,,,,,,,,,
AL,GRETA,1956,8,30,19561103,1800,,TS,24.6N,71.6W,60,,,,,,,,,,,,,
AL,GRETA,1956,8,30,19561104,0,,HU,23.8N,70.7W,65,,,,,,,,,,,,,
AL,GRETA,1956,8,30,19561104,600,,HU,23.1N,69.6W,70,,,,,,,,,,,,,
AL,GRETA,1956,8,30,19561104,1200,,HU,22.6N,68.4W,80,,,,,,,,,,,,,
AL,GRETA,1956,8,30,19561104,1800,,HU,22.2N,67.1W,85,970,,,,,,,,,,,,
AL,GRETA,1956,8,30,19561105,0,,HU,22.2N,65.7W,85,,,,,,,,,,,,,
AL,GRETA,1956,8,30,19561105,600,,HU,23.5N,63.9W,85,,,,,,,,,,,,,
AL,GRETA,1956,8,30,19561105,1200,,HU,25.3N,61.7W,85,970,,,,,,,,,,,,
AL,GRETA,1956,8,30,19561105,1800,,HU,27.1N,59.5W,85,,,,,,,,,,,,,
AL,GRETA,1956,8,30,19561106,0,,HU,28.2N,57.5W,85,,,,,,,,,,,,,
AL,GRETA,1956,8,30,19561106,600,,HU,29.3N,55.8W,85,,,,,,,,,,,,,
AL,GRETA,1956,8,30,19561106,1200,,EX,30.4N,53.0W,85,,,,,,,,,,,,,
AL,GRETA,1956,8,30,19561106,1800,,EX,31.4N,50.2W,75,,,,,,,,,,,,,
AL,GRETA,1956,8,30,19561107,0,,EX,32.5N,47.0W,65,,,,,,,,,,,,,
AL,GRETA,1956,8,30,19561107,600,,EX,33.7N,42.0W,55,,,,,,,,,,,,,
AL,UNNAMED,1956,9,14,19560607,600,,TS,34.0N,75.1W,35,,,,,,,,,,,,,
AL,UNNAMED,1956,9,14,19560607,1200,,TS,33.7N,75.6W,35,1002,,,,,,,,,,,,
AL,UNNAMED,1956,9,14,19560607,1800,,TS,33.3N,76.0W,35,,,,,,,,,,,,,
AL,UNNAMED,1956,9,14,19560608,0,,TS,32.6N,76.2W,35,,,,,,,,,,,,,
AL,UNNAMED,1956,9,14,19560608,600,,TS,31.6N,76.3W,40,,,,,,,,,,,,,
AL,UNNAMED,1956,9,14,19560608,1200,,TS,31.2N,76.2W,40,,,,,,,,,,,,,
AL,UNNAMED,1956,9,14,19560608,1800,,TS,31.4N,75.8W,40,,,,,,,,,,,,,
AL,UNNAMED,1956,9,14,19560609,0,,TS,31.6N,74.9W,35,,,,,,,,,,,,,
AL,UNNAMED,1956,9,14,19560609,600,,TS,31.8N,73.7W,35,,,,,,,,,,,,,
AL,UNNAMED,1956,9,14,19560609,1200,,TD,32.7N,72.6W,30,,,,,,,,,,,,,
AL,UNNAMED,1956,9,14,19560609,1800,,TD,33.8N,71.5W,30,,,,,,,,,,,,,
AL,UNNAMED,1956,9,14,19560610,0,,EX,34.8N,70.0W,30,,,,,,,,,,,,,
AL,UNNAMED,1956,9,14,19560610,600,,EX,35.8N,68.2W,30,,,,,,,,,,,,,
AL,UNNAMED,1956,9,14,19560610,1200,,EX,37.0N,66.4W,30,,,,,,,,,,,,,
AL,UNNAMED,1956,10,12,19561009,600,,TS,15.3N,46.0W,40,,,,,,,,,,,,,
AL,UNNAMED,1956,10,12,19561009,1200,,TS,15.3N,46.8W,40,,,,,,,,,,,,,
AL,UNNAMED,1956,10,12,19561009,1800,,TS,15.3N,47.6W,40,,,,,,,,,,,,,
AL,UNNAMED,1956,10,12,19561010,0,,TS,15.5N,48.4W,40,,,,,,,,,,,,,
AL,UNNAMED,1956,10,12,19561010,600,,TS,16.0N,49.2W,35,,,,,,,,,,,,,
AL,UNNAMED,1956,10,12,19561010,1200,,TD,17.0N,49.5W,30,,,,,,,,,,,,,
AL,UNNAMED,1956,10,12,19561010,1800,,TD,17.8N,49.5W,30,,,,,,,,,,,,,
AL,UNNAMED,1956,10,12,19561011,0,,TD,18.4N,49.2W,30,,,,,,,,,,,,,
AL,UNNAMED,1956,10,12,19561011,600,,TD,18.7N,48.9W,30,,,,,,,,,,,,,
AL,UNNAMED,1956,10,12,19561011,1200,,TD,19.0N,48.5W,30,,,,,,,,,,,,,
AL,UNNAMED,1956,10,12,19561011,1800,,TD,19.3N,47.8W,30,,,,,,,,,,,,,
AL,UNNAMED,1956,10,12,19561012,0,,TD,19.7N,46.5W,30,,,,,,,,,,,,,
AL,UNNAMED,1956,11,20,19561014,1200,,TS,22.6N,79.8W,35,,,,,,,,,,,,,
AL,UNNAMED,1956,11,20,19561014,1800,,TS,22.9N,80.0W,45,,,,,,,,,,,,,
AL,UNNAMED,1956,11,20,19561015,0,,TS,23.2N,80.1W,50,,,,,,,,,,,,,
AL,UNNAMED,1956,11,20,19561015,600,,TS,23.7N,80.2W,50,,,,,,,,,,,,,
AL,UNNAMED,1956,11,20,19561015,1200,,TS,24.2N,80.3W,50,,,,,,,,,,,,,
AL,UNNAMED,1956,11,20,19561015,1800,,TS,24.8N,80.5W,50,,,,,,,,,,,,,
AL,UNNAMED,1956,11,20,19561015,2100,L,TS,25.2N,80.6W,50,,,,,,,,,,,,,
AL,UNNAMED,1956,11,20,19561016,0,,TS,25.6N,80.6W,55,,,,,,,,,,,,,
AL,UNNAMED,1956,11,20,19561016,600,,TS,26.9N,80.7W,55,,,,,,,,,,,,,
AL,UNNAMED,1956,11,20,19561016,1200,,TS,28.2N,80.7W,50,999,,,,,,,,,,,,
AL,UNNAMED,1956,11,20,19561016,1800,,TS,29.2N,80.6W,50,,,,,,,,,,,,,
AL,UNNAMED,1956,11,20,19561017,0,,TS,30.1N,80.3W,50,997,,,,,,,,,,,,
AL,UNNAMED,1956,11,20,19561017,600,,TS,31.1N,79.8W,50,996,,,,,,,,,,,,
AL,UNNAMED,1956,11,20,19561017,1200,,TS,32.3N,78.9W,50,,,,,,,,,,,,,
AL,UNNAMED,1956,11,20,19561017,1800,,EX,33.7N,77.9W,50,,,,,,,,,,,,,
AL,UNNAMED,1956,11,20,19561018,0,,EX,35.2N,77.0W,45,,,,,,,,,,,,,
AL,UNNAMED,1956,11,20,19561018,600,,EX,36.4N,75.9W,45,999,,,,,,,,,,,,
AL,UNNAMED,1956,11,20,19561018,1200,,EX,37.5N,74.5W,45,,,,,,,,,,,,,
AL,UNNAMED,1956,11,20,19561018,1800,,EX,38.5N,72.0W,45,,,,,,,,,,,,,
AL,UNNAMED,1956,11,20,19561019,0,,EX,39.2N,68.0W,45,,,,,,,,,,,,,
AL,UNNAMED,1956,12,11,19561119,0,,TD,25.0N,47.0W,25,,,,,,,,,,,,,
AL,UNNAMED,1956,12,11,19561119,600,,TD,25.0N,47.3W,30,,,,,,,,,,,,,
AL,UNNAMED,1956,12,11,19561119,1200,,TS,25.0N,47.8W,35,,,,,,,,,,,,,
AL,UNNAMED,1956,12,11,19561119,1800,,TS,25.1N,48.3W,40,,,,,,,,,,,,,
AL,UNNAMED,1956,12,11,19561120,0,,TS,25.3N,48.7W,40,,,,,,,,,,,,,
AL,UNNAMED,1956,12,11,19561120,600,,TS,25.5N,49.1W,40,,,,,,,,,,,,,
AL,UNNAMED,1956,12,11,19561120,1200,,TS,25.6N,49.0W,40,,,,,,,,,,,,,
AL,UNNAMED,1956,12,11,19561120,1800,,TS,25.3N,48.7W,40,,,,,,,,,,,,,
AL,UNNAMED,1956,12,11,19561121,0,,TS,25.0N,49.0W,35,,,,,,,,,,,,,
AL,UNNAMED,1956,12,11,19561121,600,,TS,25.1N,49.7W,35,,,,,,,,,,,,,
AL,UNNAMED,1956,12,11,19561121,1200,,TD,25.5N,50.5W,30,,,,,,,,,,,,,
AL,UNNAMED,1957,1,32,19570608,600,,TS,25.0N,89.2W,35,,,,,,,,,,,,,
AL,UNNAMED,1957,1,32,19570608,1200,,TS,26.5N,87.8W,40,1002,,,,,,,,,,,,
AL,UNNAMED,1957,1,32,19570608,1800,,TS,28.2N,86.2W,45,,,,,,,,,,,,,
AL,UNNAMED,1957,1,32,19570609,0,,TS,30.0N,84.3W,45,1000,,,,,,,,,,,,
AL,UNNAMED,1957,1,32,19570609,30,L,TS,30.1N,84.2W,45,1000,,,,,,,,,,,,
AL,UNNAMED,1957,1,32,19570609,600,,TS,31.6N,82.3W,35,1003,,,,,,,,,,,,
AL,UNNAMED,1957,1,32,19570609,1200,,TS,32.1N,80.2W,35,1000,,,,,,,,,,,,
AL,UNNAMED,1957,1,32,19570609,1800,,TS,32.3N,78.2W,45,,,,,,,,,,,,,
AL,UNNAMED,1957,1,32,19570610,0,,TS,32.4N,76.1W,55,,,,,,,,,,,,,
AL,UNNAMED,1957,1,32,19570610,600,,EX,32.6N,74.2W,65,,,,,,,,,,,,,
AL,UNNAMED,1957,1,32,19570610,1200,,EX,32.8N,72.6W,65,996,,,,,,,,,,,,
AL,UNNAMED,1957,1,32,19570610,1800,,EX,32.4N,71.6W,65,,,,,,,,,,,,,
AL,UNNAMED,1957,1,32,19570611,0,,EX,31.9N,70.7W,60,,,,,,,,,,,,,
AL,UNNAMED,1957,1,32,19570611,600,,EX,31.4N,69.9W,55,,,,,,,,,,,,,
AL,UNNAMED,1957,1,32,19570611,1200,,EX,30.8N,69.2W,50,,,,,,,,,,,,,
AL,UNNAMED,1957,1,32,19570611,1800,,EX,30.9N,68.5W,50,,,,,,,,,,,,,
AL,UNNAMED,1957,1,32,19570612,0,,EX,31.0N,68.0W,45,,,,,,,,,,,,,
AL,UNNAMED,1957,1,32,19570612,600,,EX,31.1N,67.5W,40,,,,,,,,,,,,,
AL,UNNAMED,1957,1,32,19570612,1200,,EX,31.4N,67.2W,40,,,,,,,,,,,,,
AL,UNNAMED,1957,1,32,19570612,1800,,EX,31.8N,66.7W,40,,,,,,,,,,,,,
AL,UNNAMED,1957,1,32,19570613,0,,EX,32.2N,66.1W,40,,,,,,,,,,,,,
AL,UNNAMED,1957,1,32,19570613,600,,EX,32.2N,65.3W,40,,,,,,,,,,,,,
AL,UNNAMED,1957,1,32,19570613,1200,,EX,32.3N,63.9W,40,,,,,,,,,,,,,
AL,UNNAMED,1957,1,32,19570613,1800,,EX,32.7N,62.4W,40,,,,,,,,,,,,,
AL,UNNAMED,1957,1,32,19570614,0,,EX,33.2N,61.1W,40,,,,,,,,,,,,,
AL,UNNAMED,1957,1,32,19570614,600,,EX,33.7N,59.8W,40,,,,,,,,,,,,,
AL,UNNAMED,1957,1,32,19570614,1200,,EX,34.1N,58.8W,40,,,,,,,,,,,,,
AL,UNNAMED,1957,1,32,19570614,1800,,EX,34.5N,58.2W,40,,,,,,,,,,,,,
AL,UNNAMED,1957,1,32,19570615,0,,EX,34.5N,58.0W,35,,,,,,,,,,,,,
AL,UNNAMED,1957,1,32,19570615,600,,EX,34.0N,58.5W,35,,,,,,,,,,,,,
AL,UNNAMED,1957,1,32,19570615,1200,,EX,33.5N,59.5W,30,,,,,,,,,,,,,
AL,UNNAMED,1957,1,32,19570615,1800,,EX,33.0N,60.5W,25,,,,,,,,,,,,,
AL,AUDREY,1957,2,20,19570624,1200,,TD,21.0N,93.0W,30,,,,,,,,,,,,,
AL,AUDREY,1957,2,20,19570624,1800,,TS,21.2N,93.1W,35,,,,,,,,,,,,,
AL,AUDREY,1957,2,20,19570625,0,,TS,21.4N,93.2W,40,,,,,,,,,,,,,
AL,AUDREY,1957,2,20,19570625,600,,TS,21.6N,93.3W,45,,,,,,,,,,,,,
AL,AUDREY,1957,2,20,19570625,1200,,TS,22.0N,93.4W,55,,,,,,,,,,,,,
AL,AUDREY,1957,2,20,19570625,1800,,HU,22.6N,93.5W,65,989,,,,,,,,,,,,
AL,AUDREY,1957,2,20,19570626,0,,HU,23.1N,93.5W,75,979,,,,,,,,,,,,
AL,AUDREY,1957,2,20,19570626,600,,HU,23.9N,93.6W,80,,,,,,,,,,,,,
AL,AUDREY,1957,2,20,19570626,1200,,HU,24.8N,93.7W,80,,,,,,,,,,,,,
AL,AUDREY,1957,2,20,19570626,1800,,HU,25.6N,93.8W,80,973,,,,,,,,,,,,
AL,AUDREY,1957,2,20,19570627,0,,HU,26.6N,93.7W,90,,,,,,,,,,,,,
AL,AUDREY,1957,2,20,19570627,600,,HU,28.0N,93.8W,100,,,,,,,,,,,,,
AL,AUDREY,1957,2,20,19570627,1200,,HU,29.3N,93.8W,110,946,,,,,,,,,,,,
AL,AUDREY,1957,2,20,19570627,1330,L,HU,29.8N,93.7W,110,946,,,,,,,,,,,,
AL,AUDREY,1957,2,20,19570627,1800,,HU,30.6N,93.5W,80,,,,,,,,,,,,,
AL,AUDREY,1957,2,20,19570628,0,,TS,32.0N,92.8W,55,,,,,,,,,,,,,
AL,AUDREY,1957,2,20,19570628,600,,TS,33.3N,91.2W,40,,,,,,,,,,,,,
AL,AUDREY,1957,2,20,19570628,1200,,TS,34.7N,89.0W,35,,,,,,,,,,,,,
AL,AUDREY,1957,2,20,19570628,1800,,TS,36.5N,86.1W,35,,,,,,,,,,,,,
AL,AUDREY,1957,2,20,19570629,0,,EX,39.4N,80.9W,40,,,,,,,,,,,,,
AL,BERTHA,1957,3,14,19570808,0,,TD,27.0N,87.4W,25,,,,,,,,,,,,,
AL,BERTHA,1957,3,14,19570808,600,,TD,27.0N,88.0W,30,,,,,,,,,,,,,
AL,BERTHA,1957,3,14,19570808,1200,,TS,27.0N,88.6W,35,,,,,,,,,,,,,
AL,BERTHA,1957,3,14,19570808,1800,,TS,27.2N,89.2W,45,,,,,,,,,,,,,
AL,BERTHA,1957,3,14,19570809,0,,TS,27.5N,89.9W,55,1000,,,,,,,,,,,,
AL,BERTHA,1957,3,14,19570809,600,,TS,27.8N,90.6W,50,,,,,,,,,,,,,
AL,BERTHA,1957,3,14,19570809,1200,,TS,28.3N,91.3W,45,,,,,,,,,,,,,
AL,BERTHA,1957,3,14,19570809,1800,,TS,29.0N,92.2W,50,1005,,,,,,,,,,,,
AL,BERTHA,1957,3,14,19570810,0,,TS,29.5N,93.1W,55,,,,,,,,,,,,,
AL,BERTHA,1957,3,14,19570810,600,L,TS,29.7N,93.9W,55,998,,,,,,,,,,,,
AL,BERTHA,1957,3,14,19570810,1200,,TS,30.1N,94.6W,40,,,,,,,,,,,,,
AL,BERTHA,1957,3,14,19570810,1800,,TD,30.8N,95.1W,30,,,,,,,,,,,,,
AL,BERTHA,1957,3,14,19570811,0,,TD,31.7N,95.2W,25,,,,,,,,,,,,,
AL,BERTHA,1957,3,14,19570811,600,,TD,32.7N,95.2W,25,,,,,,,,,,,,,
AL,CARRIE,1957,4,95,19570902,600,,TD,13.0N,21.3W,25,,,,,,,,,,,,,
AL,CARRIE,1957,4,95,19570902,1200,,TD,13.0N,22.2W,25,,,,,,,,,,,,,
AL,CARRIE,1957,4,95,19570902,1800,,TD,13.0N,23.1W,25,,,,,,,,,,,,,
AL,CARRIE,1957,4,95,19570903,0,,TD,13.1N,24.0W,25,,,,,,,,,,,,,
AL,CARRIE,1957,4,95,19570903,600,,TD,13.4N,25.0W,30,,,,,,,,,,,,,
AL,CARRIE,1957,4,95,19570903,1200,,TS,13.7N,25.9W,35,,,,,,,,,,,,,
AL,CARRIE,1957,4,95,19570903,1800,,TS,13.9N,26.8W,35,,,,,,,,,,,,,
AL,CARRIE,1957,4,95,19570904,0,,TS,14.1N,27.7W,40,,,,,,,,,,,,,
AL,CARRIE,1957,4,95,19570904,600,,TS,14.3N,28.6W,45,,,,,,,,,,,,,
AL,CARRIE,1957,4,95,19570904,1200,,TS,14.5N,29.6W,50,,,,,,,,,,,,,
AL,CARRIE,1957,4,95,19570904,1800,,TS,14.5N,30.6W,55,,,,,,,,,,,,,
AL,CARRIE,1957,4,95,19570905,0,,TS,14.5N,31.6W,60,,,,,,,,,,,,,
AL,CARRIE,1957,4,95,19570905,600,,HU,14.5N,32.6W,65,,,,,,,,,,,,,
AL,CARRIE,1957,4,95,19570905,1200,,HU,14.7N,33.6W,70,,,,,,,,,,,,,
AL,CARRIE,1957,4,95,19570905,1800,,HU,14.9N,34.6W,75,,,,,,,,,,,,,
AL,CARRIE,1957,4,95,19570906,0,,HU,15.1N,35.6W,80,,,,,,,,,,,,,
AL,CARRIE,1957,4,95,19570906,600,,HU,15.4N,36.6W,80,,,,,,,,,,,,,
AL,CARRIE,1957,4,95,19570906,1200,,HU,15.7N,37.5W,85,,,,,,,,,,,,,
AL,CARRIE,1957,4,95,19570906,1800,,HU,15.9N,38.3W,95,,,,,,,,,,,,,
AL,CARRIE,1957,4,95,19570907,0,,HU,16.1N,39.1W,100,,,,,,,,,,,,,
AL,CARRIE,1957,4,95,19570907,600,,HU,16.4N,40.0W,105,,,,,,,,,,,,,
AL,CARRIE,1957,4,95,19570907,1200,,HU,16.7N,41.0W,110,,,,,,,,,,,,,
AL,CARRIE,1957,4,95,19570907,1800,,HU,17.0N,42.0W,115,,,,,,,,,,,,,
AL,CARRIE,1957,4,95,19570908,0,,HU,17.4N,42.9W,120,945,,,,,,,,,,,,
AL,CARRIE,1957,4,95,19570908,600,,HU,17.7N,43.7W,120,,,,,,,,,,,,,
AL,CARRIE,1957,4,95,19570908,1200,,HU,17.9N,44.5W,120,,,,,,,,,,,,,
AL,CARRIE,1957,4,95,19570908,1800,,HU,18.0N,45.2W,120,,,,,,,,,,,,,
AL,CARRIE,1957,4,95,19570909,0,,HU,18.1N,46.1W,115,,,,,,,,,,,,,
AL,CARRIE,1957,4,95,19570909,600,,HU,18.3N,47.2W,105,,,,,,,,,,,,,
AL,CARRIE,1957,4,95,19570909,1200,,HU,18.7N,48.2W,95,,,,,,,,,,,,,
AL,CARRIE,1957,4,95,19570909,1800,,HU,19.1N,49.1W,85,975,,,,,,,,,,,,
AL,CARRIE,1957,4,95,19570910,0,,HU,19.4N,49.9W,80,,,,,,,,,,,,,
AL,CARRIE,1957,4,95,19570910,600,,HU,19.7N,50.7W,75,977,,,,,,,,,,,,
AL,CARRIE,1957,4,95,19570910,1200,,HU,19.9N,51.4W,70,985,,,,,,,,,,,,
AL,CARRIE,1957,4,95,19570910,1800,,HU,20.1N,52.0W,65,,,,,,,,,,,,,
AL,CARRIE,1957,4,95,19570911,0,,HU,20.3N,52.3W,65,,,,,,,,,,,,,
AL,CARRIE,1957,4,95,19570911,600,,HU,20.6N,52.4W,65,985,,,,,,,,,,,,
AL,CARRIE,1957,4,95,19570911,1200,,HU,20.9N,52.4W,65,984,,,,,,,,,,,,
AL,CARRIE,1957,4,95,19570911,1800,,HU,21.2N,52.4W,70,978,,,,,,,,,,,,
AL,CARRIE,1957,4,95,19570912,0,,HU,21.6N,52.4W,80,,,,,,,,,,,,,
AL,CARRIE,1957,4,95,19570912,600,,HU,22.1N,52.5W,85,,,,,,,,,,,,,
AL,CARRIE,1957,4,95,19570912,1200,,HU,22.8N,52.6W,90,960,,,,,,,,,,,,
AL,CARRIE,1957,4,95,19570912,1800,,HU,23.6N,52.7W,95,957,,,,,,,,,,,,
AL,CARRIE,1957,4,95,19570913,0,,HU,24.3N,52.6W,100,,,,,,,,,,,,,
AL,CARRIE,1957,4,95,19570913,600,,HU,25.0N,52.5W,105,951,,,,,,,,,,,,
AL,CARRIE,1957,4,95,19570913,1200,,HU,25.7N,52.4W,100,953,,,,,,,,,,,,
AL,CARRIE,1957,4,95,19570913,1800,,HU,26.4N,52.2W,90,963,,,,,,,,,,,,
AL,CARRIE,1957,4,95,19570914,0,,HU,27.1N,52.3W,90,,,,,,,,,,,,,
AL,CARRIE,1957,4,95,19570914,600,,HU,27.7N,52.5W,90,964,,,,,,,,,,,,
AL,CARRIE,1957,4,95,19570914,1200,,HU,28.1N,53.0W,90,964,,,,,,,,,,,,
AL,CARRIE,1957,4,95,19570914,1800,,HU,28.4N,54.0W,90,963,,,,,,,,,,,,
AL,CARRIE,1957,4,95,19570915,0,,HU,28.8N,55.2W,90,,,,,,,,,,,,,
AL,CARRIE,1957,4,95,19570915,600,,HU,29.3N,56.5W,85,967,,,,,,,,,,,,
AL,CARRIE,1957,4,95,19570915,1200,,HU,30.0N,57.8W,90,965,,,,,,,,,,,,
AL,CARRIE,1957,4,95,19570915,1800,,HU,30.8N,58.9W,90,961,,,,,,,,,,,,
AL,CARRIE,1957,4,95,19570916,0,,HU,31.4N,59.9W,90,964,,,,,,,,,,,,
AL,CARRIE,1957,4,95,19570916,600,,HU,32.0N,60.9W,85,966,,,,,,,,,,,,
AL,CARRIE,1957,4,95,19570916,1200,,HU,32.5N,62.0W,80,969,,,,,,,,,,,,
AL,CARRIE,1957,4,95,19570916,1800,,HU,33.2N,62.9W,80,,,,,,,,,,,,,
AL,CARRIE,1957,4,95,19570917,0,,HU,33.9N,63.6W,80,970,,,,,,,,,,,,
AL,CARRIE,1957,4,95,19570917,600,,HU,34.6N,64.3W,75,974,,,,,,,,,,,,
AL,CARRIE,1957,4,95,19570917,1200,,HU,35.3N,64.2W,75,975,,,,,,,,,,,,
AL,CARRIE,1957,4,95,19570917,1800,,HU,35.8N,63.3W,75,978,,,,,,,,,,,,
AL,CARRIE,1957,4,95,19570918,0,,HU,36.0N,62.1W,70,,,,,,,,,,,,,
AL,CARRIE,1957,4,95,19570918,600,,HU,36.0N,60.7W,70,978,,,,,,,,,,,,
AL,CARRIE,1957,4,95,19570918,1200,,HU,35.9N,59.3W,70,978,,,,,,,,,,,,
AL,CARRIE,1957,4,95,19570918,1800,,HU,35.5N,57.8W,70,,,,,,,,,,,,,
AL,CARRIE,1957,4,95,19570919,0,,HU,35.2N,56.2W,75,,,,,,,,,,,,,
AL,CARRIE,1957,4,95,19570919,600,,HU,34.9N,54.8W,75,,,,,,,,,,,,,
AL,CARRIE,1957,4,95,19570919,1200,,HU,34.7N,53.4W,80,970,,,,,,,,,,,,
AL,CARRIE,1957,4,95,19570919,1800,,HU,34.5N,51.9W,85,,,,,,,,,,,,,
AL,CARRIE,1957,4,95,19570920,0,,HU,34.4N,50.6W,85,,,,,,,,,,,,,
AL,CARRIE,1957,4,95,19570920,600,,HU,34.3N,49.2W,90,,,,,,,,,,,,,
AL,CARRIE,1957,4,95,19570920,1200,,HU,34.2N,47.7W,95,,,,,,,,,,,,,
AL,CARRIE,1957,4,95,19570920,1800,,HU,34.2N,46.0W,95,,,,,,,,,,,,,
AL,CARRIE,1957,4,95,19570921,0,,HU,34.3N,44.0W,90,,,,,,,,,,,,,
AL,CARRIE,1957,4,95,19570921,600,,HU,34.5N,42.0W,90,,,,,,,,,,,,,
AL,CARRIE,1957,4,95,19570921,1200,,HU,34.7N,40.0W,85,,,,,,,,,,,,,
AL,CARRIE,1957,4,95,19570921,1800,,HU,35.0N,38.0W,80,,,,,,,,,,,,,
AL,CARRIE,1957,4,95,19570922,0,,HU,35.5N,35.6W,80,,,,,,,,,,,,,
AL,CARRIE,1957,4,95,19570922,600,,HU,36.1N,32.8W,75,,,,,,,,,,,,,
AL,CARRIE,1957,4,95,19570922,1200,,HU,37.5N,29.5W,75,,,,,,,,,,,,,
AL,CARRIE,1957,4,95,19570922,1800,,HU,39.2N,26.2W,70,,,,,,,,,,,,,
AL,CARRIE,1957,4,95,19570923,0,,EX,41.5N,23.2W,70,,,,,,,,,,,,,
AL,CARRIE,1957,4,95,19570923,600,,EX,44.0N,21.0W,70,,,,,,,,,,,,,
AL,CARRIE,1957,4,95,19570923,1200,,EX,46.0N,19.2W,65,,,,,,,,,,,,,
AL,CARRIE,1957,4,95,19570923,1800,,EX,48.0N,17.4W,60,,,,,,,,,,,,,
AL,CARRIE,1957,4,95,19570924,0,,EX,50.0N,16.0W,55,,,,,,,,,,,,,
AL,CARRIE,1957,4,95,19570924,600,,EX,51.0N,14.5W,55,,,,,,,,,,,,,
AL,CARRIE,1957,4,95,19570924,1200,,EX,51.2N,12.8W,50,,,,,,,,,,,,,
AL,CARRIE,1957,4,95,19570924,1800,,EX,51.2N,11.0W,45,,,,,,,,,,,,,
AL,CARRIE,1957,4,95,19570925,0,,EX,51.2N,9.4W,40,,,,,,,,,,,,,
AL,CARRIE,1957,4,95,19570925,600,,EX,51.0N,8.0W,35,,,,,,,,,,,,,
AL,CARRIE,1957,4,95,19570925,1200,,EX,50.5N,7.0W,35,,,,,,,,,,,,,
AL,CARRIE,1957,4,95,19570925,1800,,EX,50.0N,6.0W,35,,,,,,,,,,,,,
AL,DEBBIE,1957,5,10,19570907,600,,TS,23.9N,89.8W,35,,,,,,,,,,,,,
AL,DEBBIE,1957,5,10,19570907,1200,,TS,25.0N,89.5W,35,,,,,,,,,,,,,
AL,DEBBIE,1957,5,10,19570907,1800,,TS,26.3N,89.0W,35,,,,,,,,,,,,,
AL,DEBBIE,1957,5,10,19570908,0,,TS,27.7N,88.5W,35,,,,,,,,,,,,,
AL,DEBBIE,1957,5,10,19570908,600,,TS,28.9N,87.9W,35,,,,,,,,,,,,,
AL,DEBBIE,1957,5,10,19570908,1200,,TS,29.7N,87.0W,35,1003,,,,,,,,,,,,
AL,DEBBIE,1957,5,10,19570908,1700,L,TS,30.3N,86.1W,35,,,,,,,,,,,,,
AL,DEBBIE,1957,5,10,19570908,1800,,TS,30.4N,86.0W,35,,,,,,,,,,,,,
AL,DEBBIE,1957,5,10,19570909,0,,TD,31.6N,85.1W,30,,,,,,,,,,,,,
AL,DEBBIE,1957,5,10,19570909,600,,TD,33.1N,84.4W,25,,,,,,,,,,,,,
AL,ESTHER,1957,6,15,19570916,0,,TD,20.8N,93.0W,30,,,,,,,,,,,,,
AL,ESTHER,1957,6,15,19570916,600,,TS,21.4N,93.0W,35,,,,,,,,,,,,,
AL,ESTHER,1957,6,15,19570916,1200,,TS,22.0N,93.0W,40,,,,,,,,,,,,,
AL,ESTHER,1957,6,15,19570916,1800,,TS,22.7N,93.0W,40,,,,,,,,,,,,,
AL,ESTHER,1957,6,15,19570917,0,,TS,23.4N,93.0W,40,1000,,,,,,,,,,,,
AL,ESTHER,1957,6,15,19570917,600,,TS,24.1N,93.0W,40,,,,,,,,,,,,,
AL,ESTHER,1957,6,15,19570917,1200,,TS,24.5N,93.0W,40,,,,,,,,,,,,,
AL,ESTHER,1957,6,15,19570917,1800,,TS,25.1N,92.8W,40,1004,,,,,,,,,,,,
AL,ESTHER,1957,6,15,19570918,0,,TS,26.4N,92.3W,45,,,,,,,,,,,,,
AL,ESTHER,1957,6,15,19570918,600,,TS,27.9N,91.6W,50,1000,,,,,,,,,,,,
AL,ESTHER,1957,6,15,19570918,1200,L,TS,29.2N,90.9W,55,,,,,,,,,,,,,
AL,ESTHER,1957,6,15,19570918,1800,,TS,30.4N,90.7W,50,,,,,,,,,,,,,
AL,ESTHER,1957,6,15,19570919,0,,TS,31.5N,90.7W,35,1002,,,,,,,,,,,,
AL,ESTHER,1957,6,15,19570919,600,,TD,32.5N,90.9W,25,,,,,,,,,,,,,
AL,ESTHER,1957,6,15,19570919,1200,,TD,33.5N,91.0W,25,,,,,,,,,,,,,
AL,FRIEDA,1957,7,29,19570920,1200,,TD,31.7N,65.8W,25,,,,,,,,,,,,,
AL,FRIEDA,1957,7,29,19570920,1800,,TD,31.0N,65.8W,25,,,,,,,,,,,,,
AL,FRIEDA,1957,7,29,19570921,0,,TD,29.7N,65.9W,25,,,,,,,,,,,,,
AL,FRIEDA,1957,7,29,19570921,600,,TD,28.2N,65.9W,30,,,,,,,,,,,,,
AL,FRIEDA,1957,7,29,19570921,1200,,TD,27.2N,65.8W,30,1005,,,,,,,,,,,,
AL,FRIEDA,1957,7,29,19570921,1800,,TD,27.5N,65.5W,30,1004,,,,,,,,,,,,
AL,FRIEDA,1957,7,29,19570922,0,,TS,27.8N,65.5W,35,,,,,,,,,,,,,
AL,FRIEDA,1957,7,29,19570922,600,,TS,27.5N,66.7W,40,1001,,,,,,,,,,,,
AL,FRIEDA,1957,7,29,19570922,1200,,TS,26.7N,68.2W,40,,,,,,,,,,,,,
AL,FRIEDA,1957,7,29,19570922,1800,,TS,26.7N,69.8W,45,,,,,,,,,,,,,
AL,FRIEDA,1957,7,29,19570923,0,,TS,26.8N,70.5W,45,,,,,,,,,,,,,
AL,FRIEDA,1957,7,29,19570923,600,,TS,26.9N,71.3W,45,,,,,,,,,,,,,
AL,FRIEDA,1957,7,29,19570923,1200,,TS,27.3N,71.8W,45,1004,,,,,,,,,,,,
AL,FRIEDA,1957,7,29,19570923,1800,,TS,28.0N,72.2W,45,,,,,,,,,,,,,
AL,FRIEDA,1957,7,29,19570924,0,,TS,29.0N,72.2W,45,,,,,,,,,,,,,
AL,FRIEDA,1957,7,29,19570924,600,,TS,30.4N,72.0W,45,,,,,,,,,,,,,
AL,FRIEDA,1957,7,29,19570924,1200,,TS,31.5N,71.0W,45,1002,,,,,,,,,,,,
AL,FRIEDA,1957,7,29,19570924,1800,,TS,32.2N,70.0W,50,,,,,,,,,,,,,
AL,FRIEDA,1957,7,29,19570925,0,,TS,33.2N,68.5W,60,995,,,,,,,,,,,,
AL,FRIEDA,1957,7,29,19570925,600,,HU,34.4N,66.6W,70,,,,,,,,,,,,,
AL,FRIEDA,1957,7,29,19570925,1200,,HU,35.8N,64.5W,75,,,,,,,,,,,,,
AL,FRIEDA,1957,7,29,19570925,1800,,HU,37.4N,62.6W,75,975,,,,,,,,,,,,
AL,FRIEDA,1957,7,29,19570926,0,,HU,38.8N,60.8W,75,976,,,,,,,,,,,,
AL,FRIEDA,1957,7,29,19570926,600,,EX,40.2N,59.0W,70,,,,,,,,,,,,,
AL,FRIEDA,1957,7,29,19570926,1200,,EX,41.4N,57.2W,65,,,,,,,,,,,,,
AL,FRIEDA,1957,7,29,19570926,1800,,EX,42.6N,55.8W,60,,,,,,,,,,,,,
AL,FRIEDA,1957,7,29,19570927,0,,EX,44.0N,54.5W,55,,,,,,,,,,,,,
AL,FRIEDA,1957,7,29,19570927,600,,EX,45.8N,53.5W,50,,,,,,,,,,,,,
AL,FRIEDA,1957,7,29,19570927,1200,,EX,48.0N,52.5W,50,,,,,,,,,,,,,
AL,UNNAMED,1957,8,20,19571023,0,,TD,23.3N,58.0W,30,,,,,,,,,,,,,
AL,UNNAMED,1957,8,20,19571023,600,,TS,24.3N,59.3W,35,,,,,,,,,,,,,
AL,UNNAMED,1957,8,20,19571023,1200,,TS,25.0N,60.6W,40,,,,,,,,,,,,,
AL,UNNAMED,1957,8,20,19571023,1800,,TS,25.2N,61.9W,40,,,,,,,,,,,,,
AL,UNNAMED,1957,8,20,19571024,0,,TS,24.9N,63.2W,45,998,,,,,,,,,,,,
AL,UNNAMED,1957,8,20,19571024,600,,TS,24.9N,64.2W,45,,,,,,,,,,,,,
AL,UNNAMED,1957,8,20,19571024,1200,,TS,25.4N,65.0W,45,,,,,,,,,,,,,
AL,UNNAMED,1957,8,20,19571024,1800,,TS,26.2N,65.6W,50,,,,,,,,,,,,,
AL,UNNAMED,1957,8,20,19571025,0,,TS,27.2N,65.8W,50,,,,,,,,,,,,,
AL,UNNAMED,1957,8,20,19571025,600,,TS,28.2N,65.4W,50,991,,,,,,,,,,,,
AL,UNNAMED,1957,8,20,19571025,1200,,TS,29.2N,64.8W,50,,,,,,,,,,,,,
AL,UNNAMED,1957,8,20,19571025,1800,,TS,30.5N,63.8W,50,995,,,,,,,,,,,,
AL,UNNAMED,1957,8,20,19571026,0,,TS,32.3N,62.8W,45,,,,,,,,,,,,,
AL,UNNAMED,1957,8,20,19571026,600,,TS,34.7N,61.5W,45,,,,,,,,,,,,,
AL,UNNAMED,1957,8,20,19571026,1200,,TS,36.2N,59.5W,45,,,,,,,,,,,,,
AL,UNNAMED,1957,8,20,19571026,1800,,TS,37.0N,57.0W,45,,,,,,,,,,,,,
AL,UNNAMED,1957,8,20,19571027,0,,TS,37.5N,54.0W,40,,,,,,,,,,,,,
AL,UNNAMED,1957,8,20,19571027,600,,TS,37.9N,50.5W,35,,,,,,,,,,,,,
AL,UNNAMED,1957,8,20,19571027,1200,,TD,38.3N,47.5W,30,,,,,,,,,,,,,
AL,UNNAMED,1957,8,20,19571027,1800,,TD,38.8N,44.6W,25,,,,,,,,,,,,,
AL,ALMA,1958,1,10,19580614,600,,TD,21.1N,94.5W,30,,,,,,,,,,,,,
AL,ALMA,1958,1,10,19580614,1200,,TS,21.7N,95.0W,40,,,,,,,,,,,,,
AL,ALMA,1958,1,10,19580614,1800,,TS,22.5N,95.6W,50,,,,,,,,,,,,,
AL,ALMA,1958,1,10,19580615,0,,TS,23.5N,96.4W,55,,,,,,,,,,,,,
AL,ALMA,1958,1,10,19580615,600,,TS,24.5N,97.3W,55,,,,,,,,,,,,,
AL,ALMA,1958,1,10,19580615,800,L,TS,24.9N,97.6W,55,,,,,,,,,,,,,
AL,ALMA,1958,1,10,19580615,1200,,TS,25.6N,98.1W,45,,,,,,,,,,,,,
AL,ALMA,1958,1,10,19580615,1800,,TD,26.7N,99.0W,30,,,,,,,,,,,,,
AL,ALMA,1958,1,10,19580616,0,,TD,27.9N,100.1W,25,,,,,,,,,,,,,
AL,ALMA,1958,1,10,19580616,600,,TD,29.1N,101.0W,20,,,,,,,,,,,,,
AL,BECKY,1958,2,37,19580808,1200,,TD,16.5N,20.5W,25,,,,,,,,,,,,,
AL,BECKY,1958,2,37,19580808,1800,,TD,16.7N,21.8W,25,,,,,,,,,,,,,
AL,BECKY,1958,2,37,19580809,0,,TD,16.9N,23.3W,30,,,,,,,,,,,,,
AL,BECKY,1958,2,37,19580809,600,,TS,17.2N,25.0W,35,,,,,,,,,,,,,
AL,BECKY,1958,2,37,19580809,1200,,TS,17.4N,26.8W,40,,,,,,,,,,,,,
AL,BECKY,1958,2,37,19580809,1800,,TS,17.5N,28.6W,45,,,,,,,,,,,,,
AL,BECKY,1958,2,37,19580810,0,,TS,17.5N,30.4W,45,,,,,,,,,,,,,
AL,BECKY,1958,2,37,19580810,600,,TS,17.5N,32.2W,45,,,,,,,,,,,,,
AL,BECKY,1958,2,37,19580810,1200,,TS,17.5N,34.0W,45,,,,,,,,,,,,,
AL,BECKY,1958,2,37,19580810,1800,,TS,17.5N,35.8W,45,,,,,,,,,,,,,
AL,BECKY,1958,2,37,19580811,0,,TS,17.5N,37.9W,45,,,,,,,,,,,,,
AL,BECKY,1958,2,37,19580811,600,,TS,17.6N,40.0W,45,,,,,,,,,,,,,
AL,BECKY,1958,2,37,19580811,1200,,TS,17.7N,42.0W,45,,,,,,,,,,,,,
AL,BECKY,1958,2,37,19580811,1800,,TS,17.9N,44.0W,45,,,,,,,,,,,,,
AL,BECKY,1958,2,37,19580812,0,,TS,18.1N,46.1W,45,,,,,,,,,,,,,
AL,BECKY,1958,2,37,19580812,600,,TS,18.2N,48.3W,45,,,,,,,,,,,,,
AL,BECKY,1958,2,37,19580812,1200,,TS,18.3N,50.5W,45,,,,,,,,,,,,,
AL,BECKY,1958,2,37,19580812,1800,,TS,18.5N,52.9W,45,1006,,,,,,,,,,,,
AL,BECKY,1958,2,37,19580813,0,,TS,18.8N,55.0W,45,,,,,,,,,,,,,
AL,BECKY,1958,2,37,19580813,600,,TS,19.2N,56.7W,45,,,,,,,,,,,,,
AL,BECKY,1958,2,37,19580813,1200,,TS,19.8N,58.4W,45,,,,,,,,,,,,,
AL,BECKY,1958,2,37,19580813,1800,,TS,20.4N,60.4W,40,,,,,,,,,,,,,
AL,BECKY,1958,2,37,19580814,0,,TS,21.3N,62.4W,40,,,,,,,,,,,,,
AL,BECKY,1958,2,37,19580814,600,,TS,22.2N,64.7W,40,,,,,,,,,,,,,
AL,BECKY,1958,2,37,19580814,1200,,TS,23.0N,67.4W,40,,,,,,,,,,,,,
AL,BECKY,1958,2,37,19580814,1800,,TS,24.0N,69.8W,40,,,,,,,,,,,,,
AL,BECKY,1958,2,37,19580815,0,,TS,25.3N,71.7W,40,,,,,,,,,,,,,
AL,BECKY,1958,2,37,19580815,600,,TS,27.0N,73.2W,40,,,,,,,,,,,,,
AL,BECKY,1958,2,37,19580815,1200,,TS,28.5N,73.9W,40,,,,,,,,,,,,,
AL,BECKY,1958,2,37,19580815,1800,,TS,29.5N,73.9W,40,,,,,,,,,,,,,
AL,BECKY,1958,2,37,19580816,0,,TS,31.0N,73.8W,40,,,,,,,,,,,,,
AL,BECKY,1958,2,37,19580816,600,,TS,32.2N,73.7W,40,,,,,,,,,,,,,
AL,BECKY,1958,2,37,19580816,1200,,TS,33.5N,73.0W,40,1004,,,,,,,,,,,,
AL,BECKY,1958,2,37,19580816,1800,,TS,34.8N,72.1W,45,,,,,,,,,,,,,
AL,BECKY,1958,2,37,19580817,0,,TS,36.3N,69.0W,50,,,,,,,,,,,,,
AL,BECKY,1958,2,37,19580817,600,,TS,39.2N,65.5W,55,,,,,,,,,,,,,
AL,BECKY,1958,2,37,19580817,1200,,TS,42.5N,62.3W,60,,,,,,,,,,,,,
AL,CLEO,1958,3,47,19580811,600,,TD,12.0N,20.5W,25,,,,,,,,,,,,,
AL,CLEO,1958,3,47,19580811,1200,,TD,12.0N,23.0W,25,,,,,,,,,,,,,
AL,CLEO,1958,3,47,19580811,1800,,TD,12.0N,25.5W,30,,,,,,,,,,,,,
AL,CLEO,1958,3,47,19580812,0,,TD,12.0N,27.8W,30,,,,,,,,,,,,,
AL,CLEO,1958,3,47,19580812,600,,TS,12.0N,29.8W,35,,,,,,,,,,,,,
AL,CLEO,1958,3,47,19580812,1200,,TS,12.0N,31.8W,40,,,,,,,,,,,,,
AL,CLEO,1958,3,47,19580812,1800,,TS,12.0N,33.8W,50,,,,,,,,,,,,,
AL,CLEO,1958,3,47,19580813,0,,HU,12.0N,35.8W,65,,,,,,,,,,,,,
AL,CLEO,1958,3,47,19580813,600,,HU,12.2N,37.8W,80,,,,,,,,,,,,,
AL,CLEO,1958,3,47,19580813,1200,,HU,12.4N,39.6W,85,,,,,,,,,,,,,
AL,CLEO,1958,3,47,19580813,1800,,HU,12.7N,41.2W,85,,,,,,,,,,,,,
AL,CLEO,1958,3,47,19580814,0,,HU,13.1N,42.7W,90,,,,,,,,,,,,,
AL,CLEO,1958,3,47,19580814,600,,HU,13.5N,44.2W,95,,,,,,,,,,,,,
AL,CLEO,1958,3,47,19580814,1200,,HU,14.0N,45.7W,100,,,,,,,,,,,,,
AL,CLEO,1958,3,47,19580814,1800,,HU,14.6N,47.1W,100,960,,,,,,,,,,,,
AL,CLEO,1958,3,47,19580815,0,,HU,15.2N,48.3W,105,,,,,,,,,,,,,
AL,CLEO,1958,3,47,19580815,600,,HU,15.9N,49.0W,110,,,,,,,,,,,,,
AL,CLEO,1958,3,47,19580815,1200,,HU,16.7N,49.4W,115,951,,,,,,,,,,,,
AL,CLEO,1958,3,47,19580815,1800,,HU,18.1N,49.6W,120,947,,,,,,,,,,,,
AL,CLEO,1958,3,47,19580816,0,,HU,19.8N,49.9W,115,953,,,,,,,,,,,,
AL,CLEO,1958,3,47,19580816,600,,HU,21.3N,50.4W,115,956,,,,,,,,,,,,
AL,CLEO,1958,3,47,19580816,1200,,HU,22.7N,51.0W,110,954,,,,,,,,,,,,
AL,CLEO,1958,3,47,19580816,1800,,HU,24.1N,51.6W,100,,,,,,,,,,,,,
AL,CLEO,1958,3,47,19580817,0,,HU,25.4N,52.4W,95,,,,,,,,,,,,,
AL,CLEO,1958,3,47,19580817,600,,HU,26.7N,53.4W,90,959,,,,,,,,,,,,
AL,CLEO,1958,3,47,19580817,1200,,HU,28.1N,54.4W,85,965,,,,,,,,,,,,
AL,CLEO,1958,3,47,19580817,1800,,HU,29.4N,55.3W,85,968,,,,,,,,,,,,
AL,CLEO,1958,3,47,19580818,0,,HU,30.6N,55.9W,85,,,,,,,,,,,,,
AL,CLEO,1958,3,47,19580818,600,,HU,31.8N,56.4W,80,,,,,,,,,,,,,
AL,CLEO,1958,3,47,19580818,1200,,HU,33.1N,56.5W,80,973,,,,,,,,,,,,
AL,CLEO,1958,3,47,19580818,1800,,HU,34.4N,56.2W,80,972,,,,,,,,,,,,
AL,CLEO,1958,3,47,19580819,0,,HU,35.8N,55.7W,80,,,,,,,,,,,,,
AL,CLEO,1958,3,47,19580819,600,,HU,37.6N,54.9W,85,,,,,,,,,,,,,
AL,CLEO,1958,3,47,19580819,1200,,HU,39.9N,52.4W,85,973,,,,,,,,,,,,
AL,CLEO,1958,3,47,19580819,1800,,HU,42.4N,49.9W,80,980,,,,,,,,,,,,
AL,CLEO,1958,3,47,19580820,0,,EX,44.8N,47.1W,75,,,,,,,,,,,,,
AL,CLEO,1958,3,47,19580820,600,,EX,46.6N,43.8W,65,,,,,,,,,,,,,
AL,CLEO,1958,3,47,19580820,1200,,EX,47.0N,40.0W,60,,,,,,,,,,,,,
AL,CLEO,1958,3,47,19580820,1800,,EX,47.0N,36.5W,55,,,,,,,,,,,,,
AL,CLEO,1958,3,47,19580821,0,,EX,46.3N,33.0W,50,,,,,,,,,,,,,
AL,CLEO,1958,3,47,19580821,600,,EX,45.2N,29.5W,40,,,,,,,,,,,,,
AL,CLEO,1958,3,47,19580821,1200,,EX,44.0N,26.0W,35,,,,,,,,,,,,,
AL,CLEO,1958,3,47,19580821,1800,,EX,42.8N,23.0W,35,,,,,,,,,,,,,
AL,CLEO,1958,3,47,19580822,0,,EX,41.8N,21.0W,30,,,,,,,,,,,,,
AL,CLEO,1958,3,47,19580822,600,,EX,40.9N,19.2W,25,,,,,,,,,,,,,
AL,CLEO,1958,3,47,19580822,1200,,EX,40.0N,18.0W,25,,,,,,,,,,,,,
AL,CLEO,1958,3,47,19580822,1800,,EX,39.2N,17.0W,25,,,,,,,,,,,,,
AL,DAISY,1958,4,30,19580823,1800,,TD,25.0N,73.0W,25,,,,,,,,,,,,,
AL,DAISY,1958,4,30,19580824,0,,TD,25.2N,73.3W,25,,,,,,,,,,,,,
AL,DAISY,1958,4,30,19580824,600,,TD,25.5N,73.6W,30,,,,,,,,,,,,,
AL,DAISY,1958,4,30,19580824,1200,,TS,25.8N,74.0W,35,,,,,,,,,,,,,
AL,DAISY,1958,4,30,19580824,1800,,TS,26.1N,74.5W,40,,,,,,,,,,,,,
AL,DAISY,1958,4,30,19580825,0,,TS,26.3N,74.9W,50,1002,,,,,,,,,,,,
AL,DAISY,1958,4,30,19580825,600,,TS,26.5N,75.3W,50,1000,,,,,,,,,,,,
AL,DAISY,1958,4,30,19580825,1200,,TS,26.7N,75.5W,55,996,,,,,,,,,,,,
AL,DAISY,1958,4,30,19580825,1800,,TS,27.1N,75.8W,55,997,,,,,,,,,,,,
AL,DAISY,1958,4,30,19580826,0,,TS,27.5N,76.3W,60,992,,,,,,,,,,,,
AL,DAISY,1958,4,30,19580826,600,,HU,27.8N,76.8W,70,,,,,,,,,,,,,
AL,DAISY,1958,4,30,19580826,1200,,HU,28.1N,77.0W,85,975,,,,,,,,,,,,
AL,DAISY,1958,4,30,19580826,1800,,HU,28.5N,77.1W,85,975,,,,,,,,,,,,
AL,DAISY,1958,4,30,19580827,0,,HU,28.8N,76.9W,90,972,,,,,,,,,,,,
AL,DAISY,1958,4,30,19580827,600,,HU,29.0N,76.5W,100,,,,,,,,,,,,,
AL,DAISY,1958,4,30,19580827,1200,,HU,29.2N,76.0W,110,952,,,,,,,,,,,,
AL,DAISY,1958,4,30,19580827,1800,,HU,29.6N,75.6W,115,948,,,,,,,,,,,,
AL,DAISY,1958,4,30,19580828,0,,HU,30.3N,75.0W,115,,,,,,,,,,,,,
AL,DAISY,1958,4,30,19580828,600,,HU,31.5N,74.6W,110,,,,,,,,,,,,,
AL,DAISY,1958,4,30,19580828,1200,,HU,33.1N,74.2W,100,,,,,,,,,,,,,
AL,DAISY,1958,4,30,19580828,1800,,HU,34.7N,74.1W,95,965,,,,,,,,,,,,
AL,DAISY,1958,4,30,19580829,0,,HU,36.3N,73.9W,95,965,,,,,,,,,,,,
AL,DAISY,1958,4,30,19580829,600,,HU,38.0N,72.6W,90,969,,,,,,,,,,,,
AL,DAISY,1958,4,30,19580829,1200,,HU,40.0N,70.4W,80,,,,,,,,,,,,,
AL,DAISY,1958,4,30,19580829,1800,,EX,41.5N,67.9W,70,980,,,,,,,,,,,,
AL,DAISY,1958,4,30,19580830,0,,EX,42.0N,65.0W,65,,,,,,,,,,,,,
AL,DAISY,1958,4,30,19580830,600,,EX,42.5N,61.0W,60,,,,,,,,,,,,,
AL,DAISY,1958,4,30,19580830,1200,,EX,42.2N,57.0W,50,,,,,,,,,,,,,
AL,DAISY,1958,4,30,19580830,1800,,EX,42.2N,53.0W,50,,,,,,,,,,,,,
AL,DAISY,1958,4,30,19580831,0,,EX,42.2N,49.0W,50,,,,,,,,,,,,,
AL,ELLA,1958,5,35,19580830,600,,TD,12.5N,58.0W,30,,,,,,,,,,,,,
AL,ELLA,1958,5,35,19580830,1200,,TS,13.8N,60.0W,35,,,,,,,,,,,,,
AL,ELLA,1958,5,35,19580830,1800,,TS,14.8N,61.9W,35,,,,,,,,,,,,,
AL,ELLA,1958,5,35,19580831,0,,TS,15.5N,63.8W,40,,,,,,,,,,,,,
AL,ELLA,1958,5,35,19580831,600,,TS,15.9N,65.5W,50,,,,,,,,,,,,,
AL,ELLA,1958,5,35,19580831,1200,,HU,16.0N,67.2W,65,,,,,,,,,,,,,
AL,ELLA,1958,5,35,19580831,1800,,HU,16.3N,69.0W,70,,,,,,,,,,,,,
AL,ELLA,1958,5,35,19580901,0,,HU,16.8N,70.7W,75,983,,,,,,,,,,,,
AL,ELLA,1958,5,35,19580901,600,,HU,17.5N,72.1W,85,,,,,,,,,,,,,
AL,ELLA,1958,5,35,19580901,1200,L,HU,18.2N,73.4W,95,,,,,,,,,,,,,
AL,ELLA,1958,5,35,19580901,1800,,HU,19.1N,74.8W,70,995,,,,,,,,,,,,
AL,ELLA,1958,5,35,19580902,0,L,HU,20.0N,76.2W,70,,,,,,,,,,,,,
AL,ELLA,1958,5,35,19580902,600,,TS,20.7N,77.4W,55,,,,,,,,,,,,,
AL,ELLA,1958,5,35,19580902,1200,,TS,21.1N,78.2W,50,,,,,,,,,,,,,
AL,ELLA,1958,5,35,19580902,1800,,TS,21.3N,79.2W,45,1004,,,,,,,,,,,,
AL,ELLA,1958,5,35,19580903,0,,TS,21.5N,80.4W,50,,,,,,,,,,,,,
AL,ELLA,1958,5,35,19580903,600,,TS,21.7N,81.7W,50,,,,,,,,,,,,,
AL,ELLA,1958,5,35,19580903,1100,L,TS,21.8N,82.7W,55,1003,,,,,,,,,,,,
AL,ELLA,1958,5,35,19580903,1200,,TS,21.9N,83.0W,55,1003,,,,,,,,,,,,
AL,ELLA,1958,5,35,19580903,1700,L,TS,22.1N,84.0W,60,,,,,,,,,,,,,
AL,ELLA,1958,5,35,19580903,1800,,TS,22.1N,84.2W,60,,,,,,,,,,,,,
AL,ELLA,1958,5,35,19580904,0,,TS,22.4N,85.4W,60,1001,,,,,,,,,,,,
AL,ELLA,1958,5,35,19580904,600,,TS,22.8N,86.6W,60,,,,,,,,,,,,,
AL,ELLA,1958,5,35,19580904,1200,,TS,23.2N,87.7W,60,,,,,,,,,,,,,
AL,ELLA,1958,5,35,19580904,1800,,TS,23.8N,88.8W,60,,,,,,,,,,,,,
AL,ELLA,1958,5,35,19580905,0,,TS,24.7N,90.1W,55,,,,,,,,,,,,,
AL,ELLA,1958,5,35,19580905,600,,TS,25.6N,91.5W,55,,,,,,,,,,,,,
AL,ELLA,1958,5,35,19580905,1200,,TS,26.3N,92.8W,50,1002,,,,,,,,,,,,
AL,ELLA,1958,5,35,19580905,1800,,TS,26.8N,94.0W,50,,,,,,,,,,,,,
AL,ELLA,1958,5,35,19580906,0,,TS,27.1N,95.3W,50,1001,,,,,,,,,,,,
AL,ELLA,1958,5,35,19580906,600,,TS,27.4N,96.8W,50,1001,,,,,,,,,,,,
AL,ELLA,1958,5,35,19580906,800,L,TS,27.5N,97.2W,50,1001,,,,,,,,,,,,
AL,ELLA,1958,5,35,19580906,1200,,TD,27.5N,98.0W,30,,,,,,,,,,,,,
AL,ELLA,1958,5,35,19580906,1800,,TD,27.5N,98.8W,25,1002,,,,,,,,,,,,
AL,ELLA,1958,5,35,19580907,0,,TD,27.5N,99.5W,25,1005,,,,,,,,,,,,
AL,FIFI,1958,6,30,19580904,1200,,TD,10.1N,44.8W,25,,,,,,,,,,,,,
AL,FIFI,1958,6,30,19580904,1800,,TD,10.6N,46.7W,25,,,,,,,,,,,,,
AL,FIFI,1958,6,30,19580905,0,,TD,11.4N,48.5W,30,,,,,,,,,,,,,
AL,FIFI,1958,6,30,19580905,600,,TS,12.4N,50.3W,35,,,,,,,,,,,,,
AL,FIFI,1958,6,30,19580905,1200,,TS,13.5N,52.1W,40,,,,,,,,,,,,,
AL,FIFI,1958,6,30,19580905,1800,,TS,14.4N,53.7W,45,1000,,,,,,,,,,,,
AL,FIFI,1958,6,30,19580906,0,,TS,15.2N,54.9W,55,,,,,,,,,,,,,
AL,FIFI,1958,6,30,19580906,600,,HU,15.9N,56.1W,65,,,,,,,,,,,,,
AL,FIFI,1958,6,30,19580906,1200,,HU,16.6N,57.1W,75,,,,,,,,,,,,,
AL,FIFI,1958,6,30,19580906,1800,,HU,17.5N,58.3W,70,,,,,,,,,,,,,
AL,FIFI,1958,6,30,19580907,0,,TS,18.5N,59.6W,60,1004,,,,,,,,,,,,
AL,FIFI,1958,6,30,19580907,600,,TS,19.5N,60.9W,60,,,,,,,,,,,,,
AL,FIFI,1958,6,30,19580907,1200,,TS,20.5N,62.1W,60,1003,,,,,,,,,,,,
AL,FIFI,1958,6,30,19580907,1800,,TS,21.1N,63.1W,60,1000,,,,,,,,,,,,
AL,FIFI,1958,6,30,19580908,0,,TS,21.6N,63.8W,55,1003,,,,,,,,,,,,
AL,FIFI,1958,6,30,19580908,600,,TS,22.1N,64.4W,55,,,,,,,,,,,,,
AL,FIFI,1958,6,30,19580908,1200,,TS,22.6N,64.9W,55,,,,,,,,,,,,,
AL,FIFI,1958,6,30,19580908,1800,,TS,22.9N,65.4W,55,1000,,,,,,,,,,,,
AL,FIFI,1958,6,30,19580909,0,,TS,23.2N,65.8W,50,,,,,,,,,,,,,
AL,FIFI,1958,6,30,19580909,600,,TS,23.4N,66.1W,45,,,,,,,,,,,,,
AL,FIFI,1958,6,30,19580909,1200,,TS,23.6N,66.3W,40,1003,,,,,,,,,,,,
AL,FIFI,1958,6,30,19580909,1800,,TS,23.8N,66.4W,35,1007,,,,,,,,,,,,
AL,FIFI,1958,6,30,19580910,0,,TS,24.1N,66.6W,35,,,,,,,,,,,,,
AL,FIFI,1958,6,30,19580910,600,,TS,24.6N,66.8W,35,,,,,,,,,,,,,
AL,FIFI,1958,6,30,19580910,1200,,TD,25.3N,67.0W,30,,,,,,,,,,,,,
AL,FIFI,1958,6,30,19580910,1800,,TD,26.1N,67.1W,30,1009,,,,,,,,,,,,
AL,FIFI,1958,6,30,19580911,0,,TD,26.9N,66.9W,30,,,,,,,,,,,,,
AL,FIFI,1958,6,30,19580911,600,,TD,27.6N,66.7W,30,,,,,,,,,,,,,
AL,FIFI,1958,6,30,19580911,1200,,TD,28.4N,65.8W,25,1010,,,,,,,,,,,,
AL,FIFI,1958,6,30,19580911,1800,,TD,29.6N,64.5W,25,1009,,,,,,,,,,,,
AL,GERDA,1958,7,34,19580914,600,,TS,17.4N,67.5W,40,,,,,,,,,,,,,
AL,GERDA,1958,7,34,19580914,1200,,TS,17.5N,69.4W,45,,,,,,,,,,,,,
AL,GERDA,1958,7,34,19580914,1800,,TS,17.8N,70.6W,50,1004,,,,,,,,,,,,
AL,GERDA,1958,7,34,19580914,2100,L,TS,18.0N,71.2W,50,1004,,,,,,,,,,,,
AL,GERDA,1958,7,34,19580915,0,,TS,18.1N,71.9W,40,,,,,,,,,,,,,
AL,GERDA,1958,7,34,19580915,600,,DB,18.3N,73.4W,40,,,,,,,,,,,,,
AL,GERDA,1958,7,34,19580915,1200,,DB,18.5N,75.9W,35,,,,,,,,,,,,,
AL,GERDA,1958,7,34,19580915,1800,,DB,18.7N,78.6W,35,,,,,,,,,,,,,
AL,GERDA,1958,7,34,19580916,0,,DB,18.8N,81.5W,30,,,,,,,,,,,,,
AL,GERDA,1958,7,34,19580916,600,,DB,18.5N,84.5W,30,,,,,,,,,,,,,
AL,GERDA,1958,7,34,19580916,1200,,DB,18.1N,87.0W,25,,,,,,,,,,,,,
AL,GERDA,1958,7,34,19580916,1800,,DB,17.6N,89.2W,25,,,,,,,,,,,,,
AL,GERDA,1958,7,34,19580917,0,,DB,17.6N,90.5W,25,,,,,,,,,,,,,
AL,GERDA,1958,7,34,19580917,600,,DB,18.0N,91.4W,25,,,,,,,,,,,,,
AL,GERDA,1958,7,34,19580917,1200,,DB,18.6N,92.0W,25,,,,,,,,,,,,,
AL,GERDA,1958,7,34,19580917,1800,,DB,19.3N,92.5W,25,,,,,,,,,,,,,
AL,GERDA,1958,7,34,19580918,0,,DB,19.9N,93.0W,25,,,,,,,,,,,,,
AL,GERDA,1958,7,34,19580918,600,,DB,20.4N,93.5W,25,,,,,,,,,,,,,
AL,GERDA,1958,7,34,19580918,1200,,DB,20.8N,94.0W,25,,,,,,,,,,,,,
AL,GERDA,1958,7,34,19580918,1800,,DB,21.2N,94.4W,25,,,,,,,,,,,,,
AL,GERDA,1958,7,34,19580919,0,,DB,21.6N,94.8W,25,,,,,,,,,,,,,
AL,GERDA,1958,7,34,19580919,600,,DB,21.8N,95.2W,25,,,,,,,,,,,,,
AL,GERDA,1958,7,34,19580919,1200,,TD,22.1N,95.8W,30,,,,,,,,,,,,,
AL,GERDA,1958,7,34,19580919,1800,,TS,22.5N,96.5W,35,1004,,,,,,,,,,,,
AL,GERDA,1958,7,34,19580920,0,,TS,23.3N,97.2W,40,1001,,,,,,,,,,,,
AL,GERDA,1958,7,34,19580920,600,,TS,24.1N,97.6W,40,,,,,,,,,,,,,
AL,GERDA,1958,7,34,19580920,800,L,TS,24.5N,97.7W,40,,,,,,,,,,,,,
AL,GERDA,1958,7,34,19580920,1200,,TS,25.5N,97.8W,35,1003,,,,,,,,,,,,
AL,GERDA,1958,7,34,19580920,1800,,TD,27.0N,97.8W,30,1003,,,,,,,,,,,,
AL,GERDA,1958,7,34,19580921,0,,TD,28.4N,97.5W,30,,,,,,,,,,,,,
AL,GERDA,1958,7,34,19580921,600,,TD,29.6N,97.0W,25,,,,,,,,,,,,,
AL,GERDA,1958,7,34,19580921,1200,,TD,30.5N,96.0W,25,,,,,,,,,,,,,
AL,GERDA,1958,7,34,19580921,1800,,TD,31.1N,94.6W,25,,,,,,,,,,,,,
AL,GERDA,1958,7,34,19580922,0,,TD,31.3N,93.0W,25,,,,,,,,,,,,,
AL,HELENE,1958,8,54,19580921,600,,TD,17.0N,52.0W,25,,,,,,,,,,,,,
AL,HELENE,1958,8,54,19580921,1200,,TD,17.6N,54.2W,25,,,,,,,,,,,,,
AL,HELENE,1958,8,54,19580921,1800,,TD,18.3N,56.3W,25,,,,,,,,,,,,,
AL,HELENE,1958,8,54,19580922,0,,TD,19.1N,58.4W,25,,,,,,,,,,,,,
AL,HELENE,1958,8,54,19580922,600,,TD,20.1N,60.4W,25,,,,,,,,,,,,,
AL,HELENE,1958,8,54,19580922,1200,,TD,21.1N,62.4W,25,,,,,,,,,,,,,
AL,HELENE,1958,8,54,19580922,1800,,TD,21.9N,64.1W,30,1013,,,,,,,,,,,,
AL,HELENE,1958,8,54,19580923,0,,TS,22.4N,65.2W,35,,,,,,,,,,,,,
AL,HELENE,1958,8,54,19580923,600,,TS,23.0N,66.2W,40,,,,,,,,,,,,,
AL,HELENE,1958,8,54,19580923,1200,,TS,23.5N,67.2W,40,1003,,,,,,,,,,,,
AL,HELENE,1958,8,54,19580923,1800,,TS,24.0N,68.4W,45,1000,,,,,,,,,,,,
AL,HELENE,1958,8,54,19580924,0,,TS,24.6N,69.6W,50,,,,,,,,,,,,,
AL,HELENE,1958,8,54,19580924,600,,TS,25.6N,70.7W,55,,,,,,,,,,,,,
AL,HELENE,1958,8,54,19580924,1200,,TS,26.5N,71.7W,60,997,,,,,,,,,,,,
AL,HELENE,1958,8,54,19580924,1800,,TS,27.2N,72.4W,60,995,,,,,,,,,,,,
AL,HELENE,1958,8,54,19580925,0,,HU,27.7N,73.0W,65,,,,,,,,,,,,,
AL,HELENE,1958,8,54,19580925,600,,HU,28.3N,73.5W,70,,,,,,,,,,,,,
AL,HELENE,1958,8,54,19580925,1200,,HU,28.8N,73.9W,70,,,,,,,,,,,,,
AL,HELENE,1958,8,54,19580925,1800,,HU,29.2N,74.2W,70,982,,,,,,,,,,,,
AL,HELENE,1958,8,54,19580926,0,,HU,29.5N,74.7W,70,981,,,,,,,,,,,,
AL,HELENE,1958,8,54,19580926,600,,HU,29.7N,75.4W,80,974,,,,,,,,,,,,
AL,HELENE,1958,8,54,19580926,1200,,HU,30.2N,76.2W,95,963,,,,,,,,,,,,
AL,HELENE,1958,8,54,19580926,1800,,HU,30.9N,77.3W,110,948,,,,,,,,,,,,
AL,HELENE,1958,8,54,19580927,0,,HU,31.6N,78.3W,115,943,,,,,,,,,,,,
AL,HELENE,1958,8,54,19580927,600,,HU,32.3N,78.6W,125,933,,,,,,,,,,,,
AL,HELENE,1958,8,54,19580927,900,I,HU,32.7N,78.6W,130,930,,,,,,,,,,,,
AL,HELENE,1958,8,54,19580927,1200,,HU,33.1N,78.5W,120,938,,,,,,,,,,,,
AL,HELENE,1958,8,54,19580927,1800,,HU,33.9N,77.6W,120,,,,,,,,,,,,,
AL,HELENE,1958,8,54,19580928,0,,HU,34.7N,75.9W,115,938,,,,,,,,,,,,
AL,HELENE,1958,8,54,19580928,600,,HU,35.5N,73.8W,110,950,,,,,,,,,,,,
AL,HELENE,1958,8,54,19580928,1200,,HU,36.6N,71.3W,100,955,,,,,,,,,,,,
AL,HELENE,1958,8,54,19580928,1800,,HU,38.0N,68.3W,100,,,,,,,,,,,,,
AL,HELENE,1958,8,54,19580929,0,,HU,40.0N,65.0W,95,957,,,,,,,,,,,,
AL,HELENE,1958,8,54,19580929,600,,EX,43.0N,62.5W,85,,,,,,,,,,,,,
AL,HELENE,1958,8,54,19580929,1200,,EX,46.5N,60.2W,75,,,,,,,,,,,,,
AL,HELENE,1958,8,54,19580929,1800,,EX,49.5N,56.0W,70,,,,,,,,,,,,,
AL,HELENE,1958,8,54,19580930,0,,EX,51.5N,51.5W,65,,,,,,,,,,,,,
AL,HELENE,1958,8,54,19580930,600,,EX,53.5N,48.8W,60,,,,,,,,,,,,,
AL,HELENE,1958,8,54,19580930,1200,,EX,55.0N,46.0W,60,,,,,,,,,,,,,
AL,HELENE,1958,8,54,19580930,1800,,EX,56.2N,41.5W,60,,,,,,,,,,,,,
AL,HELENE,1958,8,54,19581001,0,,EX,57.0N,37.3W,60,,,,,,,,,,,,,
AL,HELENE,1958,8,54,19581001,600,,EX,57.0N,34.5W,60,,,,,,,,,,,,,
AL,HELENE,1958,8,54,19581001,1200,,EX,56.5N,32.0W,65,,,,,,,,,,,,,
AL,HELENE,1958,8,54,19581001,1800,,EX,55.8N,30.0W,70,,,,,,,,,,,,,
AL,HELENE,1958,8,54,19581002,0,,EX,55.0N,27.0W,70,,,,,,,,,,,,,
AL,HELENE,1958,8,54,19581002,600,,EX,54.0N,23.0W,65,,,,,,,,,,,,,
AL,HELENE,1958,8,54,19581002,1200,,EX,52.3N,20.5W,55,,,,,,,,,,,,,
AL,HELENE,1958,8,54,19581002,1800,,EX,50.7N,19.0W,50,,,,,,,,,,,,,
AL,HELENE,1958,8,54,19581003,0,,EX,51.0N,16.0W,50,,,,,,,,,,,,,
AL,HELENE,1958,8,54,19581003,600,,EX,51.2N,13.8W,45,,,,,,,,,,,,,
AL,HELENE,1958,8,54,19581003,1200,,EX,51.2N,12.8W,40,,,,,,,,,,,,,
AL,HELENE,1958,8,54,19581003,1800,,EX,51.2N,11.5W,40,,,,,,,,,,,,,
AL,HELENE,1958,8,54,19581004,0,,EX,51.2N,8.5W,35,,,,,,,,,,,,,
AL,HELENE,1958,8,54,19581004,600,,EX,51.2N,5.5W,35,,,,,,,,,,,,,
AL,ILSA,1958,9,26,19580924,600,,TS,17.5N,51.5W,50,,,,,,,,,,,,,
AL,ILSA,1958,9,26,19580924,1200,,TS,17.7N,52.9W,50,,,,,,,,,,,,,
AL,ILSA,1958,9,26,19580924,1800,,TS,17.9N,54.3W,50,998,,,,,,,,,,,,
AL,ILSA,1958,9,26,19580925,0,,TS,18.0N,55.6W,55,,,,,,,,,,,,,
AL,ILSA,1958,9,26,19580925,600,,TS,18.1N,56.8W,60,,,,,,,,,,,,,
AL,ILSA,1958,9,26,19580925,1200,,HU,18.3N,58.1W,65,986,,,,,,,,,,,,
AL,ILSA,1958,9,26,19580925,1800,,HU,18.6N,59.3W,70,980,,,,,,,,,,,,
AL,ILSA,1958,9,26,19580926,0,,HU,19.0N,60.0W,80,,,,,,,,,,,,,
AL,ILSA,1958,9,26,19580926,600,,HU,19.4N,60.5W,90,962,,,,,,,,,,,,
AL,ILSA,1958,9,26,19580926,1200,,HU,19.7N,60.8W,95,956,,,,,,,,,,,,
AL,ILSA,1958,9,26,19580926,1800,,HU,20.0N,61.1W,95,957,,,,,,,,,,,,
AL,ILSA,1958,9,26,19580927,0,,HU,20.4N,61.3W,90,966,,,,,,,,,,,,
AL,ILSA,1958,9,26,19580927,600,,HU,20.9N,61.3W,70,,,,,,,,,,,,,
AL,ILSA,1958,9,26,19580927,800,R,HU,21.2N,61.2W,65,990,,,,,,,,,,,,
AL,ILSA,1958,9,26,19580927,1200,,HU,21.9N,61.1W,65,,,,,,,,,,,,,
AL,ILSA,1958,9,26,19580927,1800,,HU,23.2N,61.0W,65,,,,,,,,,,,,,
AL,ILSA,1958,9,26,19580928,0,,HU,24.5N,61.1W,65,,,,,,,,,,,,,
AL,ILSA,1958,9,26,19580928,600,,HU,25.9N,61.5W,65,989,,,,,,,,,,,,
AL,ILSA,1958,9,26,19580928,1200,,HU,27.6N,61.9W,75,,,,,,,,,,,,,
AL,ILSA,1958,9,26,19580928,1800,,HU,29.3N,61.8W,80,980,,,,,,,,,,,,
AL,ILSA,1958,9,26,19580929,0,,HU,31.0N,61.0W,80,980,,,,,,,,,,,,
AL,ILSA,1958,9,26,19580929,600,,HU,32.9N,59.4W,80,978,,,,,,,,,,,,
AL,ILSA,1958,9,26,19580929,1200,,HU,35.0N,58.0W,80,,,,,,,,,,,,,
AL,ILSA,1958,9,26,19580929,1800,,HU,37.4N,54.9W,80,,,,,,,,,,,,,
AL,ILSA,1958,9,26,19580930,0,,EX,39.9N,51.8W,70,,,,,,,,,,,,,
AL,ILSA,1958,9,26,19580930,600,,EX,43.8N,46.0W,60,,,,,,,,,,,,,
AL,JANICE,1958,10,39,19581004,1200,,TD,18.5N,81.1W,30,,,,,,,,,,,,,
AL,JANICE,1958,10,39,19581004,1800,,TD,19.0N,81.2W,30,,,,,,,,,,,,,
AL,JANICE,1958,10,39,19581005,0,,TD,19.4N,81.3W,30,1005,,,,,,,,,,,,
AL,JANICE,1958,10,39,19581005,600,,TD,19.8N,81.4W,30,,,,,,,,,,,,,
AL,JANICE,1958,10,39,19581005,1200,,TS,20.3N,81.4W,35,1002,,,,,,,,,,,,
AL,JANICE,1958,10,39,19581005,1800,,TS,20.9N,81.2W,45,,,,,,,,,,,,,
AL,JANICE,1958,10,39,19581006,0,,TS,21.6N,80.6W,45,,,,,,,,,,,,,
AL,JANICE,1958,10,39,19581006,300,L,TS,22.0N,80.3W,50,,,,,,,,,,,,,
AL,JANICE,1958,10,39,19581006,600,,TS,22.4N,79.9W,45,,,,,,,,,,,,,
AL,JANICE,1958,10,39,19581006,1200,,TS,23.3N,78.8W,55,,,,,,,,,,,,,
AL,JANICE,1958,10,39,19581006,1600,L,TS,24.2N,78.0W,55,991,,,,,,,,,,,,
AL,JANICE,1958,10,39,19581006,1800,,TS,24.5N,77.6W,55,991,,,,,,,,,,,,
AL,JANICE,1958,10,39,19581006,2100,L,HU,25.1N,77.1W,60,,,,,,,,,,,,,
AL,JANICE,1958,10,39,19581006,2300,L,HU,25.5N,76.8W,60,,,,,,,,,,,,,
AL,JANICE,1958,10,39,19581007,0,,HU,25.8N,76.6W,65,987,,,,,,,,,,,,
AL,JANICE,1958,10,39,19581007,600,,HU,27.2N,75.6W,65,,,,,,,,,,,,,
AL,JANICE,1958,10,39,19581007,1200,,HU,28.3N,75.1W,70,,,,,,,,,,,,,
AL,JANICE,1958,10,39,19581007,1800,,HU,28.9N,74.8W,70,983,,,,,,,,,,,,
AL,JANICE,1958,10,39,19581008,0,,HU,29.4N,74.5W,70,,,,,,,,,,,,,
AL,JANICE,1958,10,39,19581008,600,,HU,30.0N,74.2W,70,986,,,,,,,,,,,,
AL,JANICE,1958,10,39,19581008,1200,,HU,30.7N,73.8W,70,,,,,,,,,,,,,
AL,JANICE,1958,10,39,19581008,1800,,HU,31.4N,73.3W,70,988,,,,,,,,,,,,
AL,JANICE,1958,10,39,19581009,0,,HU,31.8N,72.8W,70,984,,,,,,,,,,,,
AL,JANICE,1958,10,39,19581009,600,,HU,32.0N,72.1W,70,,,,,,,,,,,,,
AL,JANICE,1958,10,39,19581009,1200,,HU,32.2N,70.9W,70,982,,,,,,,,,,,,
AL,JANICE,1958,10,39,19581009,1800,,HU,32.7N,69.6W,75,,,,,,,,,,,,,
AL,JANICE,1958,10,39,19581010,0,,HU,33.3N,68.4W,80,,,,,,,,,,,,,
AL,JANICE,1958,10,39,19581010,600,,HU,34.0N,67.1W,85,968,,,,,,,,,,,,
AL,JANICE,1958,10,39,19581010,1200,,HU,34.8N,65.7W,80,973,,,,,,,,,,,,
AL,JANICE,1958,10,39,19581010,1800,,HU,36.0N,63.9W,80,,,,,,,,,,,,,
AL,JANICE,1958,10,39,19581011,0,,HU,37.2N,61.5W,80,,,,,,,,,,,,,
AL,JANICE,1958,10,39,19581011,600,,HU,38.4N,59.0W,80,,,,,,,,,,,,,
AL,JANICE,1958,10,39,19581011,1200,,HU,39.9N,55.9W,80,974,,,,,,,,,,,,
AL,JANICE,1958,10,39,19581011,1800,,HU,41.5N,51.5W,80,,,,,,,,,,,,,
AL,JANICE,1958,10,39,19581012,0,,EX,43.3N,47.0W,70,,,,,,,,,,,,,
AL,JANICE,1958,10,39,19581012,600,,EX,45.0N,43.0W,60,,,,,,,,,,,,,
AL,JANICE,1958,10,39,19581012,1200,,EX,46.2N,38.2W,50,,,,,,,,,,,,,
AL,JANICE,1958,10,39,19581012,1800,,EX,47.2N,33.5W,45,,,,,,,,,,,,,
AL,JANICE,1958,10,39,19581013,0,,EX,48.0N,28.2W,45,,,,,,,,,,,,,
AL,UNNAMED,1958,11,18,19580525,0,,TD,25.0N,80.5W,25,1003,,,,,,,,,,,,
AL,UNNAMED,1958,11,18,19580525,600,,TD,26.0N,79.3W,25,1003,,,,,,,,,,,,
AL,UNNAMED,1958,11,18,19580525,1200,,TD,27.0N,79.0W,30,1003,,,,,,,,,,,,
AL,UNNAMED,1958,11,18,19580525,1800,,TS,27.9N,78.9W,35,1002,,,,,,,,,,,,
AL,UNNAMED,1958,11,18,19580526,0,,TS,28.5N,78.8W,35,,,,,,,,,,,,,
AL,UNNAMED,1958,11,18,19580526,600,,TS,29.2N,78.2W,35,,,,,,,,,,,,,
AL,UNNAMED,1958,11,18,19580526,1200,,TS,30.2N,77.4W,35,1001,,,,,,,,,,,,
AL,UNNAMED,1958,11,18,19580526,1800,,TS,31.5N,76.0W,35,,,,,,,,,,,,,
AL,UNNAMED,1958,11,18,19580527,0,,TS,33.0N,74.0W,40,,,,,,,,,,,,,
AL,UNNAMED,1958,11,18,19580527,600,,TS,34.5N,72.0W,45,,,,,,,,,,,,,
AL,UNNAMED,1958,11,18,19580527,1200,,TS,35.8N,70.5W,50,,,,,,,,,,,,,
AL,UNNAMED,1958,11,18,19580527,1800,,EX,37.0N,70.0W,50,,,,,,,,,,,,,
AL,UNNAMED,1958,11,18,19580528,0,,EX,38.0N,69.5W,50,,,,,,,,,,,,,
AL,UNNAMED,1958,11,18,19580528,600,,EX,38.8N,68.5W,55,,,,,,,,,,,,,
AL,UNNAMED,1958,11,18,19580528,1200,,EX,39.6N,67.0W,50,,,,,,,,,,,,,
AL,UNNAMED,1958,11,18,19580528,1800,,EX,41.0N,65.0W,45,,,,,,,,,,,,,
AL,UNNAMED,1958,11,18,19580529,0,,EX,43.0N,64.5W,40,,,,,,,,,,,,,
AL,UNNAMED,1958,11,18,19580529,600,,EX,45.0N,65.0W,35,,,,,,,,,,,,,
AL,UNNAMED,1958,12,13,19581015,1800,,TD,21.3N,68.7W,30,,,,,,,,,,,,,
AL,UNNAMED,1958,12,13,19581016,0,,TD,22.7N,68.5W,30,,,,,,,,,,,,,
AL,UNNAMED,1958,12,13,19581016,600,,TS,24.0N,67.5W,35,,,,,,,,,,,,,
AL,UNNAMED,1958,12,13,19581016,1200,,TS,25.0N,67.2W,40,,,,,,,,,,,,,
AL,UNNAMED,1958,12,13,19581016,1800,,TS,25.5N,66.8W,40,,,,,,,,,,,,,
AL,UNNAMED,1958,12,13,19581017,0,,TS,26.5N,66.0W,40,,,,,,,,,,,,,
AL,UNNAMED,1958,12,13,19581017,600,,TS,28.5N,65.0W,45,,,,,,,,,,,,,
AL,UNNAMED,1958,12,13,19581017,1200,,EX,31.0N,63.5W,50,,,,,,,,,,,,,
AL,UNNAMED,1958,12,13,19581017,1800,,EX,33.5N,62.0W,55,,,,,,,,,,,,,
AL,UNNAMED,1958,12,13,19581018,0,,EX,35.5N,60.0W,60,,,,,,,,,,,,,
AL,UNNAMED,1958,12,13,19581018,600,,EX,37.5N,58.0W,60,,,,,,,,,,,,,
AL,UNNAMED,1958,12,13,19581018,1200,,EX,41.0N,55.5W,60,,,,,,,,,,,,,
AL,UNNAMED,1958,12,13,19581018,1800,,EX,45.0N,53.0W,60,,,,,,,,,,,,,
AL,ARLENE,1959,1,24,19590528,600,,TD,23.3N,86.5W,25,,,,,,,,,,,,,
AL,ARLENE,1959,1,24,19590528,1200,,TD,24.0N,87.0W,30,,,,,,,,,,,,,
AL,ARLENE,1959,1,24,19590528,1800,,TD,24.7N,87.5W,30,,,,,,,,,,,,,
AL,ARLENE,1959,1,24,19590529,0,,TS,25.5N,88.2W,35,,,,,,,,,,,,,
AL,ARLENE,1959,1,24,19590529,600,,TS,26.5N,89.0W,40,,,,,,,,,,,,,
AL,ARLENE,1959,1,24,19590529,1200,,TS,27.4N,90.1W,45,1000,,,,,,,,,,,,
AL,ARLENE,1959,1,24,19590529,1800,,TS,27.7N,91.2W,45,1002,,,,,,,,,,,,
AL,ARLENE,1959,1,24,19590530,0,,TS,27.8N,91.8W,45,1000,,,,,,,,,,,,
AL,ARLENE,1959,1,24,19590530,600,,TS,28.0N,91.9W,45,999,,,,,,,,,,,,
AL,ARLENE,1959,1,24,19590530,1200,,TS,28.5N,91.9W,50,996,,,,,,,,,,,,
AL,ARLENE,1959,1,24,19590530,1800,,TS,29.2N,91.8W,55,993,,,,,,,,,,,,
AL,ARLENE,1959,1,24,19590530,2200,L,TS,29.6N,91.6W,55,,,,,,,,,,,,,
AL,ARLENE,1959,1,24,19590531,0,,TS,29.8N,91.6W,55,,,,,,,,,,,,,
AL,ARLENE,1959,1,24,19590531,600,,TS,30.4N,91.4W,40,,,,,,,,,,,,,
AL,ARLENE,1959,1,24,19590531,1200,,TD,30.9N,91.2W,30,,,,,,,,,,,,,
AL,ARLENE,1959,1,24,19590531,1800,,TD,31.5N,90.9W,25,,,,,,,,,,,,,
AL,ARLENE,1959,1,24,19590601,0,,TD,32.1N,90.5W,25,,,,,,,,,,,,,
AL,ARLENE,1959,1,24,19590601,600,,TD,32.4N,89.9W,25,,,,,,,,,,,,,
AL,ARLENE,1959,1,24,19590601,1200,,TD,32.6N,89.1W,25,,,,,,,,,,,,,
AL,ARLENE,1959,1,24,19590601,1800,,TD,32.7N,88.3W,25,,,,,,,,,,,,,
AL,ARLENE,1959,1,24,19590602,0,,TD,32.8N,87.2W,20,,,,,,,,,,,,,
AL,ARLENE,1959,1,24,19590602,600,,TD,32.9N,85.0W,20,,,,,,,,,,,,,
AL,ARLENE,1959,1,24,19590602,1200,,TD,33.5N,82.7W,20,,,,,,,,,,,,,
AL,ARLENE,1959,1,24,19590602,1800,,TD,34.4N,80.0W,20,,,,,,,,,,,,,
AL,BEULAH,1959,2,15,19590615,1800,,TS,21.1N,94.7W,35,,,,,,,,,,,,,
AL,BEULAH,1959,2,15,19590616,0,,TS,21.6N,95.2W,40,,,,,,,,,,,,,
AL,BEULAH,1959,2,15,19590616,600,,TS,22.1N,95.7W,50,,,,,,,,,,,,,
AL,BEULAH,1959,2,15,19590616,1200,,TS,22.5N,96.1W,55,,,,,,,,,,,,,
AL,BEULAH,1959,2,15,19590616,1800,,TS,22.8N,96.3W,60,987,,,,,,,,,,,,
AL,BEULAH,1959,2,15,19590617,0,,TS,22.9N,96.4W,60,,,,,,,,,,,,,
AL,BEULAH,1959,2,15,19590617,600,,TS,23.0N,96.5W,60,985,,,,,,,,,,,,
AL,BEULAH,1959,2,15,19590617,1200,,TS,23.0N,96.7W,50,992,,,,,,,,,,,,
AL,BEULAH,1959,2,15,19590617,1800,,TS,22.9N,96.9W,50,992,,,,,,,,,,,,
AL,BEULAH,1959,2,15,19590618,0,,TS,22.6N,97.0W,45,997,,,,,,,,,,,,
AL,BEULAH,1959,2,15,19590618,600,,TS,22.3N,97.1W,40,,,,,,,,,,,,,
AL,BEULAH,1959,2,15,19590618,1200,,TS,22.1N,97.2W,35,1001,,,,,,,,,,,,
AL,BEULAH,1959,2,15,19590618,1800,,TS,22.0N,97.3W,35,1001,,,,,,,,,,,,
AL,BEULAH,1959,2,15,19590619,0,,TD,21.8N,97.4W,30,,,,,,,,,,,,,
AL,BEULAH,1959,2,15,19590619,600,,TD,21.4N,97.6W,25,,,,,,,,,,,,,
AL,UNNAMED,1959,3,20,19590618,0,,TS,26.3N,86.3W,35,,,,,,,,,,,,,
AL,UNNAMED,1959,3,20,19590618,600,,TS,27.7N,83.7W,40,1002,,,,,,,,,,,,
AL,UNNAMED,1959,3,20,19590618,800,L,TS,28.0N,82.8W,40,1002,,,,,,,,,,,,
AL,UNNAMED,1959,3,20,19590618,1200,,TS,29.0N,80.5W,40,,,,,,,,,,,,,
AL,UNNAMED,1959,3,20,19590618,1800,,TS,30.4N,77.5W,45,,,,,,,,,,,,,
AL,UNNAMED,1959,3,20,19590619,0,,TS,32.0N,74.0W,55,,,,,,,,,,,,,
AL,UNNAMED,1959,3,20,19590619,600,,HU,34.5N,70.0W,65,,,,,,,,,,,,,
AL,UNNAMED,1959,3,20,19590619,1200,,HU,38.4N,65.0W,75,974,,,,,,,,,,,,
AL,UNNAMED,1959,3,20,19590619,1800,,EX,41.2N,62.5W,75,,,,,,,,,,,,,
AL,UNNAMED,1959,3,20,19590620,0,,EX,43.7N,61.0W,70,,,,,,,,,,,,,
AL,UNNAMED,1959,3,20,19590620,600,,EX,45.5N,62.0W,60,,,,,,,,,,,,,
AL,UNNAMED,1959,3,20,19590620,1200,,EX,46.0N,63.0W,50,,,,,,,,,,,,,
AL,UNNAMED,1959,3,20,19590620,1800,,EX,45.6N,63.0W,50,,,,,,,,,,,,,
AL,UNNAMED,1959,3,20,19590621,0,,EX,45.4N,62.0W,45,,,,,,,,,,,,,
AL,UNNAMED,1959,3,20,19590621,600,,EX,46.3N,58.0W,45,,,,,,,,,,,,,
AL,UNNAMED,1959,3,20,19590621,1200,,EX,47.3N,54.5W,40,,,,,,,,,,,,,
AL,UNNAMED,1959,3,20,19590621,1800,,EX,48.2N,51.5W,35,,,,,,,,,,,,,
AL,UNNAMED,1959,3,20,19590622,0,,EX,48.8N,49.0W,35,,,,,,,,,,,,,
AL,UNNAMED,1959,3,20,19590622,600,,EX,49.0N,47.0W,30,,,,,,,,,,,,,
AL,UNNAMED,1959,3,20,19590622,1200,,EX,49.0N,45.0W,30,,,,,,,,,,,,,
AL,CINDY,1959,4,35,19590704,1200,,TD,31.5N,79.0W,25,,,,,,,,,,,,,
AL,CINDY,1959,4,35,19590704,1800,,TD,31.0N,79.0W,25,,,,,,,,,,,,,
AL,CINDY,1959,4,35,19590705,0,,TD,30.5N,78.9W,25,,,,,,,,,,,,,
AL,CINDY,1959,4,35,19590705,600,,TD,30.0N,78.7W,25,,,,,,,,,,,,,
AL,CINDY,1959,4,35,19590705,1200,,TD,29.8N,78.5W,25,,,,,,,,,,,,,
AL,CINDY,1959,4,35,19590705,1800,,TD,29.8N,78.3W,25,,,,,,,,,,,,,
AL,CINDY,1959,4,35,19590706,0,,TD,30.0N,78.2W,25,,,,,,,,,,,,,
AL,CINDY,1959,4,35,19590706,600,,TD,30.3N,78.0W,25,,,,,,,,,,,,,
AL,CINDY,1959,4,35,19590706,1200,,TD,30.5N,77.9W,30,,,,,,,,,,,,,
AL,CINDY,1959,4,35,19590706,1800,,TS,30.8N,77.7W,35,,,,,,,,,,,,,
AL,CINDY,1959,4,35,19590707,0,,TS,31.3N,77.4W,40,,,,,,,,,,,,,
AL,CINDY,1959,4,35,19590707,600,,TS,31.8N,77.2W,40,,,,,,,,,,,,,
AL,CINDY,1959,4,35,19590707,1200,,TS,32.0N,77.0W,45,,,,,,,,,,,,,
AL,CINDY,1959,4,35,19590707,1800,,TS,32.1N,76.9W,50,,,,,,,,,,,,,
AL,CINDY,1959,4,35,19590708,0,,TS,32.2N,77.0W,55,997,,,,,,,,,,,,
AL,CINDY,1959,4,35,19590708,600,,TS,32.3N,77.5W,60,,,,,,,,,,,,,
AL,CINDY,1959,4,35,19590708,1200,,HU,32.4N,78.1W,65,995,,,,,,,,,,,,
AL,CINDY,1959,4,35,19590708,1800,,HU,32.4N,78.7W,65,,,,,,,,,,,,,
AL,CINDY,1959,4,35,19590709,0,,HU,32.6N,79.3W,65,995,,,,,,,,,,,,
AL,CINDY,1959,4,35,19590709,400,L,HU,33.0N,79.6W,65,995,,,,,,,,,,,,
AL,CINDY,1959,4,35,19590709,600,,TS,33.2N,79.8W,50,,,,,,,,,,,,,
AL,CINDY,1959,4,35,19590709,1200,,TS,33.7N,80.1W,35,,,,,,,,,,,,,
AL,CINDY,1959,4,35,19590709,1800,,TD,34.1N,80.3W,30,,,,,,,,,,,,,
AL,CINDY,1959,4,35,19590710,0,,TD,34.5N,79.9W,30,,,,,,,,,,,,,
AL,CINDY,1959,4,35,19590710,600,,TD,35.1N,79.2W,30,,,,,,,,,,,,,
AL,CINDY,1959,4,35,19590710,1200,,TS,35.9N,77.9W,35,,,,,,,,,,,,,
AL,CINDY,1959,4,35,19590710,1800,,TS,36.9N,76.4W,40,,,,,,,,,,,,,
AL,CINDY,1959,4,35,19590711,0,,TS,38.0N,74.6W,45,,,,,,,,,,,,,
AL,CINDY,1959,4,35,19590711,600,,TS,39.5N,72.7W,50,,,,,,,,,,,,,
AL,CINDY,1959,4,35,19590711,1200,L,TS,41.7N,70.7W,50,998,,,,,,,,,,,,
AL,CINDY,1959,4,35,19590711,1800,,EX,44.3N,67.7W,45,1000,,,,,,,,,,,,
AL,CINDY,1959,4,35,19590712,0,,EX,46.3N,64.9W,40,,,,,,,,,,,,,
AL,CINDY,1959,4,35,19590712,600,,EX,48.3N,62.0W,35,,,,,,,,,,,,,
AL,CINDY,1959,4,35,19590712,1200,,EX,50.5N,59.1W,30,,,,,,,,,,,,,
AL,CINDY,1959,4,35,19590712,1800,,EX,53.0N,56.2W,25,,,,,,,,,,,,,
AL,DEBRA,1959,5,22,19590722,1800,,TD,27.5N,91.2W,25,,,,,,,,,,,,,
AL,DEBRA,1959,5,22,19590723,0,,TD,27.6N,91.7W,25,,,,,,,,,,,,,
AL,DEBRA,1959,5,22,19590723,600,,TD,27.9N,92.3W,30,,,,,,,,,,,,,
AL,DEBRA,1959,5,22,19590723,1200,,TD,28.2N,92.9W,30,,,,,,,,,,,,,
AL,DEBRA,1959,5,22,19590723,1800,,TD,28.5N,93.5W,30,,,,,,,,,,,,,
AL,DEBRA,1959,5,22,19590724,0,,TS,28.5N,94.1W,35,,,,,,,,,,,,,
AL,DEBRA,1959,5,22,19590724,600,,TS,28.3N,94.6W,50,,,,,,,,,,,,,
AL,DEBRA,1959,5,22,19590724,1200,,HU,28.3N,95.0W,65,,,,,,,,,,,,,
AL,DEBRA,1959,5,22,19590724,1800,,HU,28.4N,95.2W,65,985,,,,,,,,,,,,
AL,DEBRA,1959,5,22,19590725,0,,HU,28.7N,95.2W,70,984,,,,,,,,,,,,
AL,DEBRA,1959,5,22,19590725,500,L,HU,29.1N,95.2W,75,980,,,,,,,,,,,,
AL,DEBRA,1959,5,22,19590725,600,,HU,29.2N,95.2W,75,980,,,,,,,,,,,,
AL,DEBRA,1959,5,22,19590725,1200,,TS,29.5N,95.1W,55,986,,,,,,,,,,,,
AL,DEBRA,1959,5,22,19590725,1800,,TS,30.0N,95.1W,50,,,,,,,,,,,,,
AL,DEBRA,1959,5,22,19590726,0,,TS,30.6N,95.1W,40,,,,,,,,,,,,,
AL,DEBRA,1959,5,22,19590726,600,,TD,31.3N,95.2W,30,,,,,,,,,,,,,
AL,DEBRA,1959,5,22,19590726,1200,,TD,32.1N,95.4W,30,,,,,,,,,,,,,
AL,DEBRA,1959,5,22,19590726,1800,,TD,33.1N,95.6W,25,,,,,,,,,,,,,
AL,DEBRA,1959,5,22,19590727,0,,TD,34.1N,96.2W,25,,,,,,,,,,,,,
AL,DEBRA,1959,5,22,19590727,600,,TD,35.0N,97.1W,25,,,,,,,,,,,,,
AL,DEBRA,1959,5,22,19590727,1200,,TD,35.8N,98.0W,25,,,,,,,,,,,,,
AL,DEBRA,1959,5,22,19590727,1800,,TD,36.2N,98.8W,25,,,,,,,,,,,,,
AL,EDITH,1959,6,6,19590818,0,,TS,14.3N,57.9W,35,1007,,,,,,,,,,,,
AL,EDITH,1959,6,6,19590818,600,,TS,14.9N,59.9W,40,,,,,,,,,,,,,
AL,EDITH,1959,6,6,19590818,1000,L,TS,15.3N,61.3W,50,,,,,,,,,,,,,
AL,EDITH,1959,6,6,19590818,1200,,TS,15.5N,61.8W,50,,,,,,,,,,,,,
AL,EDITH,1959,6,6,19590818,1800,,TS,16.1N,63.7W,40,,,,,,,,,,,,,
AL,EDITH,1959,6,6,19590819,0,,TS,16.7N,65.5W,35,,,,,,,,,,,,,
AL,FLORA,1959,7,17,19590909,600,,TD,16.8N,45.8W,25,,,,,,,,,,,,,
AL,FLORA,1959,7,17,19590909,1200,,TD,18.2N,46.5W,25,,,,,,,,,,,,,
AL,FLORA,1959,7,17,19590909,1800,,TD,19.5N,46.7W,25,,,,,,,,,,,,,
AL,FLORA,1959,7,17,19590910,0,,TD,20.8N,46.5W,30,,,,,,,,,,,,,
AL,FLORA,1959,7,17,19590910,600,,TS,22.0N,46.0W,35,,,,,,,,,,,,,
AL,FLORA,1959,7,17,19590910,1200,,TS,23.1N,45.4W,40,,,,,,,,,,,,,
AL,FLORA,1959,7,17,19590910,1800,,TS,24.3N,44.8W,45,1008,,,,,,,,,,,,
AL,FLORA,1959,7,17,19590911,0,,TS,25.5N,44.2W,55,,,,,,,,,,,,,
AL,FLORA,1959,7,17,19590911,600,,TS,26.9N,43.6W,60,,,,,,,,,,,,,
AL,FLORA,1959,7,17,19590911,1200,,HU,28.5N,42.6W,65,,,,,,,,,,,,,
AL,FLORA,1959,7,17,19590911,1500,P,HU,29.2N,41.6W,65,994,,,,,,,,,,,,
AL,FLORA,1959,7,17,19590911,1800,,TS,30.0N,40.7W,55,1001,,,,,,,,,,,,
AL,FLORA,1959,7,17,19590912,0,,TS,31.7N,38.5W,50,,,,,,,,,,,,,
AL,FLORA,1959,7,17,19590912,600,,TS,33.5N,35.0W,50,,,,,,,,,,,,,
AL,FLORA,1959,7,17,19590912,1200,,EX,35.2N,31.2W,50,,,,,,,,,,,,,
AL,FLORA,1959,7,17,19590912,1800,,EX,36.8N,28.1W,50,994,,,,,,,,,,,,
AL,FLORA,1959,7,17,19590913,0,,EX,38.7N,24.1W,50,,,,,,,,,,,,,
AL,GRACIE,1959,8,50,19590920,1200,,TD,19.8N,68.3W,25,1009,,,,,,,,,,,,
AL,GRACIE,1959,8,50,19590920,1800,,TD,19.9N,69.6W,25,1008,,,,,,,,,,,,
AL,GRACIE,1959,8,50,19590921,0,,TD,20.1N,71.0W,25,,,,,,,,,,,,,
AL,GRACIE,1959,8,50,19590921,600,,TD,20.3N,72.4W,30,,,,,,,,,,,,,
AL,GRACIE,1959,8,50,19590921,1200,,TD,20.6N,73.7W,30,1011,,,,,,,,,,,,
AL,GRACIE,1959,8,50,19590921,1800,,TD,21.2N,74.1W,30,1009,,,,,,,,,,,,
AL,GRACIE,1959,8,50,19590922,0,,TS,21.8N,74.1W,35,,,,,,,,,,,,,
AL,GRACIE,1959,8,50,19590922,600,,TS,22.2N,73.6W,45,,,,,,,,,,,,,
AL,GRACIE,1959,8,50,19590922,1200,,TS,22.6N,73.2W,55,,,,,,,,,,,,,
AL,GRACIE,1959,8,50,19590922,1800,,HU,23.2N,73.0W,65,997,,,,,,,,,,,,
AL,GRACIE,1959,8,50,19590923,0,,HU,23.9N,73.0W,65,1000,,,,,,,,,,,,
AL,GRACIE,1959,8,50,19590923,600,,HU,24.4N,73.2W,65,1002,,,,,,,,,,,,
AL,GRACIE,1959,8,50,19590923,1200,,HU,24.9N,73.5W,65,,,,,,,,,,,,,
AL,GRACIE,1959,8,50,19590923,1800,,TS,25.4N,74.0W,60,,,,,,,,,,,,,
AL,GRACIE,1959,8,50,19590924,0,,TS,25.8N,74.6W,55,1001,,,,,,,,,,,,
AL,GRACIE,1959,8,50,19590924,600,,TS,26.2N,75.1W,55,,,,,,,,,,,,,
AL,GRACIE,1959,8,50,19590924,1200,,TS,26.5N,75.4W,55,1000,,,,,,,,,,,,
AL,GRACIE,1959,8,50,19590924,1800,,TS,26.9N,75.5W,50,,,,,,,,,,,,,
AL,GRACIE,1959,8,50,19590925,0,,TS,27.4N,75.4W,45,1004,,,,,,,,,,,,
AL,GRACIE,1959,8,50,19590925,600,,TS,27.7N,75.2W,45,1000,,,,,,,,,,,,
AL,GRACIE,1959,8,50,19590925,1200,,TS,27.9N,75.0W,50,,,,,,,,,,,,,
AL,GRACIE,1959,8,50,19590925,1800,,TS,28.0N,74.8W,50,997,,,,,,,,,,,,
AL,GRACIE,1959,8,50,19590926,0,,TS,27.8N,74.5W,45,1000,,,,,,,,,,,,
AL,GRACIE,1959,8,50,19590926,600,,TS,27.8N,74.1W,50,,,,,,,,,,,,,
AL,GRACIE,1959,8,50,19590926,1200,,TS,27.8N,73.5W,55,,,,,,,,,,,,,
AL,GRACIE,1959,8,50,19590926,1800,,TS,27.9N,73.0W,60,,,,,,,,,,,,,
AL,GRACIE,1959,8,50,19590927,0,,TS,28.0N,73.0W,60,997,,,,,,,,,,,,
AL,GRACIE,1959,8,50,19590927,600,,HU,28.2N,73.5W,65,,,,,,,,,,,,,
AL,GRACIE,1959,8,50,19590927,1200,,HU,28.4N,74.0W,65,,,,,,,,,,,,,
AL,GRACIE,1959,8,50,19590927,1800,,HU,28.5N,74.5W,70,,,,,,,,,,,,,
AL,GRACIE,1959,8,50,19590928,0,,HU,28.5N,75.0W,75,981,,,,,,,,,,,,
AL,GRACIE,1959,8,50,19590928,600,,HU,28.7N,75.5W,80,979,,,,,,,,,,,,
AL,GRACIE,1959,8,50,19590928,1200,,HU,28.9N,76.3W,90,,,,,,,,,,,,,
AL,GRACIE,1959,8,50,19590928,1800,,HU,29.4N,77.1W,105,964,,,,,,,,,,,,
AL,GRACIE,1959,8,50,19590929,0,,HU,30.0N,78.1W,110,957,,,,,,,,,,,,
AL,GRACIE,1959,8,50,19590929,600,,HU,30.6N,79.1W,115,951,,,,,,,,,,,,
AL,GRACIE,1959,8,50,19590929,1200,,HU,31.6N,79.8W,115,,,,,,,,,,,,,
AL,GRACIE,1959,8,50,19590929,1700,L,HU,32.5N,80.4W,115,951,,,,,,,,,,,,
AL,GRACIE,1959,8,50,19590929,1800,,HU,32.5N,80.6W,115,951,,,,,,,,,,,,
AL,GRACIE,1959,8,50,19590930,0,,HU,33.7N,80.9W,65,,,,,,,,,,,,,
AL,GRACIE,1959,8,50,19590930,600,,TS,34.8N,81.3W,45,,,,,,,,,,,,,
AL,GRACIE,1959,8,50,19590930,1200,,TS,36.0N,81.6W,35,,,,,,,,,,,,,
AL,GRACIE,1959,8,50,19590930,1800,,EX,37.7N,81.7W,30,,,,,,,,,,,,,
AL,GRACIE,1959,8,50,19591001,0,,EX,39.3N,81.0W,25,,,,,,,,,,,,,
AL,GRACIE,1959,8,50,19591001,600,,EX,40.6N,79.1W,25,,,,,,,,,,,,,
AL,GRACIE,1959,8,50,19591001,1200,,EX,41.7N,77.0W,25,,,,,,,,,,,,,
AL,GRACIE,1959,8,50,19591001,1800,,EX,42.5N,74.8W,25,,,,,,,,,,,,,
AL,GRACIE,1959,8,50,19591002,0,,EX,42.9N,72.0W,25,,,,,,,,,,,,,
AL,GRACIE,1959,8,50,19591002,600,,EX,43.0N,68.0W,25,,,,,,,,,,,,,
AL,GRACIE,1959,8,50,19591002,1200,,EX,43.0N,63.4W,25,,,,,,,,,,,,,
AL,HANNAH,1959,9,46,19590927,1200,,TD,26.8N,49.9W,30,,,,,,,,,,,,,
AL,HANNAH,1959,9,46,19590927,1800,,TD,26.9N,50.5W,30,,,,,,,,,,,,,
AL,HANNAH,1959,9,46,19590928,0,,TS,27.0N,51.2W,35,,,,,,,,,,,,,
AL,HANNAH,1959,9,46,19590928,600,,TS,27.2N,51.9W,40,,,,,,,,,,,,,
AL,HANNAH,1959,9,46,19590928,1200,,TS,27.5N,52.8W,45,,,,,,,,,,,,,
AL,HANNAH,1959,9,46,19590928,1800,,TS,27.6N,54.0W,55,,,,,,,,,,,,,
AL,HANNAH,1959,9,46,19590929,0,,TS,27.4N,55.4W,60,996,,,,,,,,,,,,
AL,HANNAH,1959,9,46,19590929,600,,HU,26.7N,57.2W,65,,,,,,,,,,,,,
AL,HANNAH,1959,9,46,19590929,1200,,HU,26.3N,59.0W,70,,,,,,,,,,,,,
AL,HANNAH,1959,9,46,19590929,1800,,HU,26.2N,61.0W,75,,,,,,,,,,,,,
AL,HANNAH,1959,9,46,19590930,0,,HU,26.2N,62.6W,80,,,,,,,,,,,,,
AL,HANNAH,1959,9,46,19590930,600,,HU,26.4N,63.8W,85,,,,,,,,,,,,,
AL,HANNAH,1959,9,46,19590930,1200,,HU,26.9N,64.7W,90,975,,,,,,,,,,,,
AL,HANNAH,1959,9,46,19590930,1800,,HU,27.9N,65.6W,105,959,,,,,,,,,,,,
AL,HANNAH,1959,9,46,19591001,0,,HU,28.8N,66.4W,105,,,,,,,,,,,,,
AL,HANNAH,1959,9,46,19591001,600,,HU,29.6N,67.2W,100,,,,,,,,,,,,,
AL,HANNAH,1959,9,46,19591001,1200,,HU,30.5N,68.1W,100,967,,,,,,,,,,,,
AL,HANNAH,1959,9,46,19591001,1800,,HU,31.6N,69.0W,100,963,,,,,,,,,,,,
AL,HANNAH,1959,9,46,19591002,0,,HU,32.6N,69.2W,100,,,,,,,,,,,,,
AL,HANNAH,1959,9,46,19591002,600,,HU,33.5N,68.9W,100,,,,,,,,,,,,,
AL,HANNAH,1959,9,46,19591002,1200,,HU,34.1N,68.0W,100,,,,,,,,,,,,,
AL,HANNAH,1959,9,46,19591002,1800,,HU,34.5N,67.2W,95,961,,,,,,,,,,,,
AL,HANNAH,1959,9,46,19591003,0,,HU,35.0N,66.5W,95,,,,,,,,,,,,,
AL,HANNAH,1959,9,46,19591003,600,,HU,35.3N,65.7W,90,,,,,,,,,,,,,
AL,HANNAH,1959,9,46,19591003,1200,,HU,35.7N,64.7W,85,966,,,,,,,,,,,,
AL,HANNAH,1959,9,46,19591003,1800,,HU,36.1N,63.4W,85,,,,,,,,,,,,,
AL,HANNAH,1959,9,46,19591004,0,,HU,36.4N,62.3W,85,,,,,,,,,,,,,
AL,HANNAH,1959,9,46,19591004,600,,HU,36.7N,61.5W,85,,,,,,,,,,,,,
AL,HANNAH,1959,9,46,19591004,1200,,HU,36.9N,60.1W,85,,,,,,,,,,,,,
AL,HANNAH,1959,9,46,19591004,1800,,HU,37.1N,58.4W,85,970,,,,,,,,,,,,
AL,HANNAH,1959,9,46,19591005,0,,HU,37.1N,56.5W,85,,,,,,,,,,,,,
AL,HANNAH,1959,9,46,19591005,600,,HU,36.9N,54.1W,85,,,,,,,,,,,,,
AL,HANNAH,1959,9,46,19591005,1200,,HU,36.6N,51.5W,90,,,,,,,,,,,,,
AL,HANNAH,1959,9,46,19591005,1800,,HU,36.4N,48.1W,90,,,,,,,,,,,,,
AL,HANNAH,1959,9,46,19591006,0,,HU,36.1N,44.5W,90,,,,,,,,,,,,,
AL,HANNAH,1959,9,46,19591006,600,,HU,35.5N,41.1W,90,,,,,,,,,,,,,
AL,HANNAH,1959,9,46,19591006,1200,,HU,35.0N,38.1W,90,971,,,,,,,,,,,,
AL,HANNAH,1959,9,46,19591006,1800,,HU,35.5N,34.7W,90,,,,,,,,,,,,,
AL,HANNAH,1959,9,46,19591007,0,,HU,36.6N,30.8W,85,,,,,,,,,,,,,
AL,HANNAH,1959,9,46,19591007,600,,EX,37.8N,27.8W,85,,,,,,,,,,,,,
AL,HANNAH,1959,9,46,19591007,1200,,EX,39.2N,24.9W,85,,,,,,,,,,,,,
AL,HANNAH,1959,9,46,19591007,1800,,EX,41.0N,21.5W,85,,,,,,,,,,,,,
AL,HANNAH,1959,9,46,19591008,0,,EX,45.0N,18.0W,80,,,,,,,,,,,,,
AL,HANNAH,1959,9,46,19591008,600,,EX,49.0N,19.5W,80,967,,,,,,,,,,,,
AL,HANNAH,1959,9,46,19591008,1200,,EX,53.0N,20.9W,70,,,,,,,,,,,,,
AL,HANNAH,1959,9,46,19591008,1800,,EX,56.0N,25.0W,65,,,,,,,,,,,,,
AL,IRENE,1959,10,13,19591006,1800,,TD,23.2N,92.5W,30,,,,,,,,,,,,,
AL,IRENE,1959,10,13,19591007,0,,TD,24.2N,91.8W,30,,,,,,,,,,,,,
AL,IRENE,1959,10,13,19591007,600,,TD,25.2N,91.0W,30,,,,,,,,,,,,,
AL,IRENE,1959,10,13,19591007,1200,,TS,26.2N,90.0W,35,1003,,,,,,,,,,,,
AL,IRENE,1959,10,13,19591007,1800,,TS,27.3N,89.0W,35,1001,,,,,,,,,,,,
AL,IRENE,1959,10,13,19591008,0,,TS,28.4N,88.2W,35,1002,,,,,,,,,,,,
AL,IRENE,1959,10,13,19591008,600,,TS,29.4N,87.8W,40,,,,,,,,,,,,,
AL,IRENE,1959,10,13,19591008,1000,L,TS,30.3N,87.6W,40,1000,,,,,,,,,,,,
AL,IRENE,1959,10,13,19591008,1200,,TS,30.6N,87.6W,40,1000,,,,,,,,,,,,
AL,IRENE,1959,10,13,19591008,1800,,TD,31.7N,87.0W,30,1003,,,,,,,,,,,,
AL,IRENE,1959,10,13,19591009,0,,TD,32.8N,86.3W,25,,,,,,,,,,,,,
AL,IRENE,1959,10,13,19591009,600,,TD,33.7N,85.3W,20,,,,,,,,,,,,,
AL,IRENE,1959,10,13,19591009,1200,,TD,34.5N,83.5W,20,,,,,,,,,,,,,
AL,JUDITH,1959,11,34,19591014,600,,TD,14.0N,73.5W,30,,,,,,,,,,,,,
AL,JUDITH,1959,11,34,19591014,1200,,TS,14.0N,75.3W,35,,,,,,,,,,,,,
AL,JUDITH,1959,11,34,19591014,1800,,TS,14.0N,77.0W,40,,,,,,,,,,,,,
AL,JUDITH,1959,11,34,19591015,0,,TS,14.1N,78.5W,40,,,,,,,,,,,,,
AL,JUDITH,1959,11,34,19591015,600,,TS,14.3N,79.7W,35,,,,,,,,,,,,,
AL,JUDITH,1959,11,34,19591015,1200,,TD,14.6N,80.7W,30,,,,,,,,,,,,,
AL,JUDITH,1959,11,34,19591015,1800,,TD,15.0N,81.5W,25,,,,,,,,,,,,,
AL,JUDITH,1959,11,34,19591016,0,,DB,15.6N,82.2W,25,,,,,,,,,,,,,
AL,JUDITH,1959,11,34,19591016,600,,DB,16.4N,82.9W,25,,,,,,,,,,,,,
AL,JUDITH,1959,11,34,19591016,1200,,DB,17.4N,83.6W,25,,,,,,,,,,,,,
AL,JUDITH,1959,11,34,19591016,1800,,DB,18.6N,84.3W,25,,,,,,,,,,,,,
AL,JUDITH,1959,11,34,19591017,0,,DB,19.8N,84.8W,25,,,,,,,,,,,,,
AL,JUDITH,1959,11,34,19591017,600,,DB,21.0N,85.1W,25,,,,,,,,,,,,,
AL,JUDITH,1959,11,34,19591017,1200,,TD,22.3N,85.1W,30,,,,,,,,,,,,,
AL,JUDITH,1959,11,34,19591017,1800,,TS,23.8N,84.5W,40,,,,,,,,,,,,,
AL,JUDITH,1959,11,34,19591018,0,,TS,25.0N,84.0W,55,,,,,,,,,,,,,
AL,JUDITH,1959,11,34,19591018,600,,TS,26.0N,83.4W,55,,,,,,,,,,,,,
AL,JUDITH,1959,11,34,19591018,1200,,TS,26.7N,82.5W,55,998,,,,,,,,,,,,
AL,JUDITH,1959,11,34,19591018,1400,L,TS,26.7N,82.3W,55,998,,,,,,,,,,,,
AL,JUDITH,1959,11,34,19591018,1800,,TS,27.0N,80.5W,45,1001,,,,,,,,,,,,
AL,JUDITH,1959,11,34,19591019,0,,TS,27.5N,77.2W,55,,,,,,,,,,,,,
AL,JUDITH,1959,11,34,19591019,600,,HU,28.5N,73.6W,65,993,,,,,,,,,,,,
AL,JUDITH,1959,11,34,19591019,1200,,HU,29.6N,70.0W,75,988,,,,,,,,,,,,
AL,JUDITH,1959,11,34,19591019,1800,,HU,30.5N,66.2W,75,,,,,,,,,,,,,
AL,JUDITH,1959,11,34,19591020,0,,HU,31.0N,62.6W,70,,,,,,,,,,,,,
AL,JUDITH,1959,11,34,19591020,600,,HU,31.0N,59.5W,70,,,,,,,,,,,,,
AL,JUDITH,1959,11,34,19591020,1200,,HU,31.0N,57.5W,70,,,,,,,,,,,,,
AL,JUDITH,1959,11,34,19591020,1800,,HU,31.1N,56.5W,70,,,,,,,,,,,,,
AL,JUDITH,1959,11,34,19591021,0,,TS,31.3N,55.7W,60,,,,,,,,,,,,,
AL,JUDITH,1959,11,34,19591021,600,,TS,31.5N,55.3W,55,,,,,,,,,,,,,
AL,JUDITH,1959,11,34,19591021,1200,,TS,31.7N,55.0W,50,,,,,,,,,,,,,
AL,JUDITH,1959,11,34,19591021,1800,,TS,31.8N,54.8W,40,,,,,,,,,,,,,
AL,JUDITH,1959,11,34,19591022,0,,TS,32.0N,54.0W,35,,,,,,,,,,,,,
AL,JUDITH,1959,11,34,19591022,600,,TD,32.0N,52.5W,30,,,,,,,,,,,,,
AL,UNNAMED,1959,12,20,19590802,0,,TD,35.0N,76.5W,30,,,,,,,,,,,,,
AL,UNNAMED,1959,12,20,19590802,600,,TS,34.8N,75.8W,40,,,,,,,,,,,,,
AL,UNNAMED,1959,12,20,19590802,1200,,TS,34.7N,74.6W,60,,,,,,,,,,,,,
AL,UNNAMED,1959,12,20,19590802,1800,,TS,35.2N,73.0W,60,,,,,,,,,,,,,
AL,UNNAMED,1959,12,20,19590803,0,,TS,36.3N,70.7W,60,,,,,,,,,,,,,
AL,UNNAMED,1959,12,20,19590803,600,,TS,37.2N,68.3W,55,,,,,,,,,,,,,
AL,UNNAMED,1959,12,20,19590803,1200,,TS,37.9N,66.2W,55,,,,,,,,,,,,,
AL,UNNAMED,1959,12,20,19590803,1800,,TS,38.7N,64.2W,50,,,,,,,,,,,,,
AL,UNNAMED,1959,12,20,19590804,0,,EX,39.4N,62.5W,50,,,,,,,,,,,,,
AL,UNNAMED,1959,12,20,19590804,600,,EX,40.2N,61.5W,45,,,,,,,,,,,,,
AL,UNNAMED,1959,12,20,19590804,1200,,EX,40.9N,61.2W,45,,,,,,,,,,,,,
AL,UNNAMED,1959,12,20,19590804,1800,,EX,41.5N,61.2W,45,,,,,,,,,,,,,
AL,UNNAMED,1959,12,20,19590805,0,,EX,42.0N,61.2W,45,,,,,,,,,,,,,
AL,UNNAMED,1959,12,20,19590805,600,,EX,42.5N,61.1W,40,,,,,,,,,,,,,
AL,UNNAMED,1959,12,20,19590805,1200,,EX,43.0N,60.8W,40,,,,,,,,,,,,,
AL,UNNAMED,1959,12,20,19590805,1800,,EX,43.7N,60.5W,40,,,,,,,,,,,,,
AL,UNNAMED,1959,12,20,19590806,0,,EX,44.4N,60.2W,35,,,,,,,,,,,,,
AL,UNNAMED,1959,12,20,19590806,600,,EX,45.2N,59.9W,30,,,,,,,,,,,,,
AL,UNNAMED,1959,12,20,19590806,1200,,EX,46.2N,59.5W,25,,,,,,,,,,,,,
AL,UNNAMED,1959,12,20,19590806,1800,,EX,47.5N,58.5W,25,,,,,,,,,,,,,
AL,UNNAMED,1959,13,30,19590828,600,,TS,33.7N,54.4W,40,,,,,,,,,,,,,
AL,UNNAMED,1959,13,30,19590828,1200,,TS,34.2N,54.8W,40,,,,,,,,,,,,,
AL,UNNAMED,1959,13,30,19590828,1800,,TS,34.7N,55.2W,40,,,,,,,,,,,,,
AL,UNNAMED,1959,13,30,19590829,0,,TS,35.4N,55.6W,40,,,,,,,,,,,,,
AL,UNNAMED,1959,13,30,19590829,600,,TS,36.2N,55.9W,40,,,,,,,,,,,,,
AL,UNNAMED,1959,13,30,19590829,1200,,TS,36.6N,56.0W,40,,,,,,,,,,,,,
AL,UNNAMED,1959,13,30,19590829,1800,,TS,36.6N,55.7W,45,,,,,,,,,,,,,
AL,UNNAMED,1959,13,30,19590830,0,,TS,36.7N,54.7W,45,,,,,,,,,,,,,
AL,UNNAMED,1959,13,30,19590830,600,,TS,37.0N,52.3W,45,,,,,,,,,,,,,
AL,UNNAMED,1959,13,30,19590830,1200,,TS,37.5N,50.1W,45,,,,,,,,,,,,,
AL,UNNAMED,1959,13,30,19590830,1800,,TS,37.8N,48.5W,45,,,,,,,,,,,,,
AL,UNNAMED,1959,13,30,19590831,0,,TS,38.0N,47.3W,50,,,,,,,,,,,,,
AL,UNNAMED,1959,13,30,19590831,600,,TS,38.0N,47.0W,55,,,,,,,,,,,,,
AL,UNNAMED,1959,13,30,19590831,1200,,TS,38.0N,46.6W,55,,,,,,,,,,,,,
AL,UNNAMED,1959,13,30,19590831,1800,,TS,38.2N,46.1W,55,,,,,,,,,,,,,
AL,UNNAMED,1959,13,30,19590901,0,,TS,38.8N,45.4W,55,,,,,,,,,,,,,
AL,UNNAMED,1959,13,30,19590901,600,,TS,39.5N,45.0W,55,,,,,,,,,,,,,
AL,UNNAMED,1959,13,30,19590901,1200,,TS,39.6N,44.8W,55,,,,,,,,,,,,,
AL,UNNAMED,1959,13,30,19590901,1800,,TS,39.7N,44.8W,55,,,,,,,,,,,,,
AL,UNNAMED,1959,13,30,19590902,0,,TS,39.9N,44.4W,55,,,,,,,,,,,,,
AL,UNNAMED,1959,13,30,19590902,600,,TS,40.1N,43.9W,55,,,,,,,,,,,,,
AL,UNNAMED,1959,13,30,19590902,1200,,TS,40.4N,42.7W,55,,,,,,,,,,,,,
AL,UNNAMED,1959,13,30,19590902,1800,,TS,41.0N,41.3W,55,,,,,,,,,,,,,
AL,UNNAMED,1959,13,30,19590903,0,,TS,42.0N,39.8W,55,,,,,,,,,,,,,
AL,UNNAMED,1959,13,30,19590903,600,,EX,43.2N,37.8W,55,,,,,,,,,,,,,
AL,UNNAMED,1959,13,30,19590903,1200,,EX,44.5N,35.2W,55,,,,,,,,,,,,,
AL,UNNAMED,1959,13,30,19590903,1800,,EX,47.0N,32.5W,55,,,,,,,,,,,,,
AL,UNNAMED,1959,13,30,19590904,0,,EX,49.5N,29.0W,60,,,,,,,,,,,,,
AL,UNNAMED,1959,13,30,19590904,600,,EX,53.2N,25.0W,60,,,,,,,,,,,,,
AL,UNNAMED,1959,13,30,19590904,1200,,EX,58.5N,21.5W,60,,,,,,,,,,,,,
AL,UNNAMED,1959,14,21,19590909,0,,TD,32.3N,67.5W,25,,,,,,,,,,,,,
AL,UNNAMED,1959,14,21,19590909,600,,TD,32.5N,67.5W,25,1007,,,,,,,,,,,,
AL,UNNAMED,1959,14,21,19590909,1200,,TD,33.0N,67.2W,30,,,,,,,,,,,,,
AL,UNNAMED,1959,14,21,19590909,1800,,TD,33.6N,67.0W,30,,,,,,,,,,,,,
AL,UNNAMED,1959,14,21,19590910,0,,TD,34.1N,67.2W,30,,,,,,,,,,,,,
AL,UNNAMED,1959,14,21,19590910,600,,TD,34.5N,68.0W,30,,,,,,,,,,,,,
AL,UNNAMED,1959,14,21,19590910,1200,,TS,35.0N,69.5W,35,,,,,,,,,,,,,
AL,UNNAMED,1959,14,21,19590910,1800,,TS,36.0N,70.0W,35,1006,,,,,,,,,,,,
AL,UNNAMED,1959,14,21,19590911,0,,TS,37.3N,70.3W,35,,,,,,,,,,,,,
AL,UNNAMED,1959,14,21,19590911,600,,TS,38.4N,70.0W,35,,,,,,,,,,,,,
AL,UNNAMED,1959,14,21,19590911,1200,,TS,39.5N,68.5W,40,1002,,,,,,,,,,,,
AL,UNNAMED,1959,14,21,19590911,1800,,EX,40.4N,66.8W,40,,,,,,,,,,,,,
AL,UNNAMED,1959,14,21,19590912,0,,EX,41.0N,65.0W,45,,,,,,,,,,,,,
AL,UNNAMED,1959,14,21,19590912,600,,EX,41.5N,63.6W,50,,,,,,,,,,,,,
AL,UNNAMED,1959,14,21,19590912,1200,,EX,42.0N,62.2W,55,,,,,,,,,,,,,
AL,UNNAMED,1959,14,21,19590912,1800,,EX,42.8N,60.8W,55,,,,,,,,,,,,,
AL,UNNAMED,1959,14,21,19590913,0,,EX,43.9N,57.8W,50,,,,,,,,,,,,,
AL,UNNAMED,1959,14,21,19590913,600,,EX,45.2N,54.2W,50,,,,,,,,,,,,,
AL,UNNAMED,1959,14,21,19590913,1200,,EX,46.8N,50.9W,45,,,,,,,,,,,,,
AL,UNNAMED,1959,14,21,19590913,1800,,EX,48.5N,48.5W,45,,,,,,,,,,,,,
AL,UNNAMED,1959,14,21,19590914,0,,EX,50.5N,46.5W,45,,,,,,,,,,,,,
AL,UNNAMED,1960,1,27,19600622,600,,TD,19.2N,93.2W,25,,,,,,,,,,,,,
AL,UNNAMED,1960,1,27,19600622,1200,,TD,19.8N,93.8W,25,,,,,,,,,,,,,
AL,UNNAMED,1960,1,27,19600622,1800,,TD,20.8N,94.6W,25,,,,,,,,,,,,,
AL,UNNAMED,1960,1,27,19600623,0,,TD,22.0N,95.3W,30,,,,,,,,,,,,,
AL,UNNAMED,1960,1,27,19600623,600,,TS,23.5N,95.8W,35,,,,,,,,,,,,,
AL,UNNAMED,1960,1,27,19600623,1200,,TS,24.7N,96.3W,40,,,,,,,,,,,,,
AL,UNNAMED,1960,1,27,19600623,1800,,TS,25.5N,96.7W,45,,,,,,,,,,,,,
AL,UNNAMED,1960,1,27,19600624,0,,TS,26.3N,97.1W,50,,,,,,,,,,,,,
AL,UNNAMED,1960,1,27,19600624,400,L,TS,26.9N,97.4W,50,,,,,,,,,,,,,
AL,UNNAMED,1960,1,27,19600624,600,,TS,27.2N,97.5W,45,1000,,,,,,,,,,,,
AL,UNNAMED,1960,1,27,19600624,1200,,TS,28.2N,97.9W,35,1002,,,,,,,,,,,,
AL,UNNAMED,1960,1,27,19600624,1800,,TD,29.0N,98.2W,30,1003,,,,,,,,,,,,
AL,UNNAMED,1960,1,27,19600625,0,,TD,29.2N,98.4W,30,1004,,,,,,,,,,,,
AL,UNNAMED,1960,1,27,19600625,600,,TD,28.7N,98.5W,25,1005,,,,,,,,,,,,
AL,UNNAMED,1960,1,27,19600625,1200,,TD,28.3N,98.4W,25,1006,,,,,,,,,,,,
AL,UNNAMED,1960,1,27,19600625,1800,,TD,28.7N,98.2W,25,1006,,,,,,,,,,,,
AL,UNNAMED,1960,1,27,19600626,0,,TD,29.2N,97.7W,25,1005,,,,,,,,,,,,
AL,UNNAMED,1960,1,27,19600626,600,,TD,30.0N,97.2W,25,1006,,,,,,,,,,,,
AL,UNNAMED,1960,1,27,19600626,1200,,TD,31.1N,96.9W,25,1007,,,,,,,,,,,,
AL,UNNAMED,1960,1,27,19600626,1800,,TD,32.3N,96.5W,25,1008,,,,,,,,,,,,
AL,UNNAMED,1960,1,27,19600627,0,,TD,33.4N,96.1W,20,1008,,,,,,,,,,,,
AL,UNNAMED,1960,1,27,19600627,600,,TD,34.7N,95.0W,20,1009,,,,,,,,,,,,
AL,UNNAMED,1960,1,27,19600627,1200,,TD,36.0N,93.8W,20,1010,,,,,,,,,,,,
AL,UNNAMED,1960,1,27,19600627,1800,,TD,37.1N,92.7W,20,1011,,,,,,,,,,,,
AL,UNNAMED,1960,1,27,19600628,0,,TD,37.6N,91.7W,20,1011,,,,,,,,,,,,
AL,UNNAMED,1960,1,27,19600628,600,,TD,38.0N,90.5W,20,1012,,,,,,,,,,,,
AL,UNNAMED,1960,1,27,19600628,1200,,TD,38.5N,89.0W,20,1013,,,,,,,,,,,,
AL,ABBY,1960,2,34,19600709,1200,,TS,12.0N,55.8W,40,,,,,,,,,,,,,
AL,ABBY,1960,2,34,19600709,1800,,TS,12.5N,57.0W,40,,,,,,,,,,,,,
AL,ABBY,1960,2,34,19600710,0,,TS,13.0N,58.2W,45,,,,,,,,,,,,,
AL,ABBY,1960,2,34,19600710,600,,TS,13.5N,59.6W,50,,,,,,,,,,,,,
AL,ABBY,1960,2,34,19600710,1200,L,TS,13.9N,60.9W,55,1003,,,,,,,,,,,,
AL,ABBY,1960,2,34,19600710,1800,,TS,14.1N,62.3W,55,1002,,,,,,,,,,,,
AL,ABBY,1960,2,34,19600711,0,,TS,14.3N,63.5W,55,,,,,,,,,,,,,
AL,ABBY,1960,2,34,19600711,600,,TS,14.5N,64.7W,60,,,,,,,,,,,,,
AL,ABBY,1960,2,34,19600711,1200,,TS,14.7N,65.8W,60,999,,,,,,,,,,,,
AL,ABBY,1960,2,34,19600711,1800,,TS,14.9N,67.3W,55,1004,,,,,,,,,,,,
AL,ABBY,1960,2,34,19600712,0,,TS,14.9N,68.9W,50,1005,,,,,,,,,,,,
AL,ABBY,1960,2,34,19600712,600,,TS,14.7N,70.4W,50,1005,,,,,,,,,,,,
AL,ABBY,1960,2,34,19600712,1200,,TS,14.7N,71.9W,50,1007,,,,,,,,,,,,
AL,ABBY,1960,2,34,19600712,1800,,TS,15.0N,73.2W,50,,,,,,,,,,,,,
AL,ABBY,1960,2,34,19600713,0,,TS,15.2N,74.3W,50,1004,,,,,,,,,,,,
AL,ABBY,1960,2,34,19600713,600,,TS,15.2N,75.4W,50,,,,,,,,,,,,,
AL,ABBY,1960,2,34,19600713,1200,,TS,14.9N,76.7W,45,1008,,,,,,,,,,,,
AL,ABBY,1960,2,34,19600713,1800,,TS,14.7N,78.1W,45,,,,,,,,,,,,,
AL,ABBY,1960,2,34,19600714,0,,TS,14.7N,79.5W,45,1004,,,,,,,,,,,,
AL,ABBY,1960,2,34,19600714,600,,TS,15.1N,81.0W,50,,,,,,,,,,,,,
AL,ABBY,1960,2,34,19600714,1200,,TS,15.6N,82.5W,55,,,,,,,,,,,,,
AL,ABBY,1960,2,34,19600714,1800,,TS,15.9N,83.9W,55,,,,,,,,,,,,,
AL,ABBY,1960,2,34,19600715,0,,TS,16.1N,85.2W,60,995,,,,,,,,,,,,
AL,ABBY,1960,2,34,19600715,600,L,HU,16.3N,86.6W,70,,,,,,,,,,,,,
AL,ABBY,1960,2,34,19600715,1200,,HU,16.5N,88.0W,70,,,,,,,,,,,,,
AL,ABBY,1960,2,34,19600715,1400,L,HU,16.5N,88.4W,70,,,,,,,,,,,,,
AL,ABBY,1960,2,34,19600715,1800,,TS,16.6N,89.4W,45,,,,,,,,,,,,,
AL,ABBY,1960,2,34,19600716,0,,TD,16.8N,90.6W,30,,,,,,,,,,,,,
AL,ABBY,1960,2,34,19600716,600,,TD,17.1N,91.6W,30,,,,,,,,,,,,,
AL,ABBY,1960,2,34,19600716,1200,,TD,17.5N,92.7W,30,,,,,,,,,,,,,
AL,ABBY,1960,2,34,19600716,1800,,TD,18.0N,94.0W,30,,,,,,,,,,,,,
AL,ABBY,1960,2,34,19600717,0,,TD,18.6N,95.3W,30,,,,,,,,,,,,,
AL,ABBY,1960,2,34,19600717,600,,TD,19.4N,96.6W,30,,,,,,,,,,,,,
AL,ABBY,1960,2,34,19600717,1200,,TD,20.5N,98.0W,30,,,,,,,,,,,,,
AL,BRENDA,1960,3,46,19600727,1800,,TD,27.7N,85.1W,30,,,,,,,,,,,,,
AL,BRENDA,1960,3,46,19600728,0,,TD,27.4N,85.5W,30,,,,,,,,,,,,,
AL,BRENDA,1960,3,46,19600728,600,,TD,27.4N,85.4W,30,,,,,,,,,,,,,
AL,BRENDA,1960,3,46,19600728,1200,,TS,27.6N,85.3W,35,,,,,,,,,,,,,
AL,BRENDA,1960,3,46,19600728,1800,,TS,27.8N,85.3W,35,,,,,,,,,,,,,
AL,BRENDA,1960,3,46,19600729,0,,TS,28.5N,85.0W,35,,,,,,,,,,,,,
AL,BRENDA,1960,3,46,19600729,600,L,TS,29.7N,83.5W,35,,,,,,,,,,,,,
AL,BRENDA,1960,3,46,19600729,1200,,TS,31.5N,81.8W,55,1000,,,,,,,,,,,,
AL,BRENDA,1960,3,46,19600729,1800,,TS,32.8N,79.7W,60,993,,,,,,,,,,,,
AL,BRENDA,1960,3,46,19600729,2100,L,TS,33.9N,78.2W,60,993,,,,,,,,,,,,
AL,BRENDA,1960,3,46,19600730,0,,TS,34.6N,77.9W,55,994,,,,,,,,,,,,
AL,BRENDA,1960,3,46,19600730,600,,TS,37.0N,76.5W,50,993,,,,,,,,,,,,
AL,BRENDA,1960,3,46,19600730,1200,,TS,38.7N,75.3W,50,992,,,,,,,,,,,,
AL,BRENDA,1960,3,46,19600730,1800,,TS,40.5N,73.8W,50,991,,,,,,,,,,,,
AL,BRENDA,1960,3,46,19600731,0,,TS,43.0N,71.5W,40,991,,,,,,,,,,,,
AL,BRENDA,1960,3,46,19600731,600,,EX,46.0N,69.3W,35,992,,,,,,,,,,,,
AL,BRENDA,1960,3,46,19600731,1200,,EX,50.0N,68.6W,35,990,,,,,,,,,,,,
AL,BRENDA,1960,3,46,19600731,1800,,EX,54.0N,68.3W,35,986,,,,,,,,,,,,
AL,BRENDA,1960,3,46,19600801,0,,EX,58.0N,68.9W,40,977,,,,,,,,,,,,
AL,BRENDA,1960,3,46,19600801,600,,EX,60.5N,69.5W,45,976,,,,,,,,,,,,
AL,BRENDA,1960,3,46,19600801,1200,,EX,61.0N,71.5W,45,976,,,,,,,,,,,,
AL,BRENDA,1960,3,46,19600801,1800,,EX,61.5N,75.0W,40,980,,,,,,,,,,,,
AL,BRENDA,1960,3,46,19600802,0,,EX,60.5N,77.5W,35,982,,,,,,,,,,,,
AL,BRENDA,1960,3,46,19600802,600,,EX,58.0N,79.5W,35,983,,,,,,,,,,,,
AL,BRENDA,1960,3,46,19600802,1200,,EX,56.0N,80.0W,35,983,,,,,,,,,,,,
AL,BRENDA,1960,3,46,19600802,1800,,EX,55.5N,76.0W,30,984,,,,,,,,,,,,
AL,BRENDA,1960,3,46,19600803,0,,EX,55.5N,71.0W,30,984,,,,,,,,,,,,
AL,BRENDA,1960,3,46,19600803,600,,EX,55.7N,68.0W,30,984,,,,,,,,,,,,
AL,BRENDA,1960,3,46,19600803,1200,,EX,56.0N,67.0W,30,984,,,,,,,,,,,,
AL,BRENDA,1960,3,46,19600803,1800,,EX,56.4N,66.0W,30,985,,,,,,,,,,,,
AL,BRENDA,1960,3,46,19600804,0,,EX,56.7N,66.0W,30,986,,,,,,,,,,,,
AL,BRENDA,1960,3,46,19600804,600,,EX,57.0N,66.0W,30,986,,,,,,,,,,,,
AL,BRENDA,1960,3,46,19600804,1200,,EX,57.2N,66.0W,30,987,,,,,,,,,,,,
AL,BRENDA,1960,3,46,19600804,1800,,EX,57.5N,66.0W,25,989,,,,,,,,,,,,
AL,BRENDA,1960,3,46,19600805,0,,EX,58.0N,66.0W,25,992,,,,,,,,,,,,
AL,BRENDA,1960,3,46,19600805,600,,EX,59.0N,68.0W,25,995,,,,,,,,,,,,
AL,BRENDA,1960,3,46,19600805,1200,,EX,59.5N,70.5W,20,998,,,,,,,,,,,,
AL,BRENDA,1960,3,46,19600805,1800,,EX,59.8N,71.0W,20,1000,,,,,,,,,,,,
AL,BRENDA,1960,3,46,19600806,0,,EX,59.5N,72.0W,20,1003,,,,,,,,,,,,
AL,BRENDA,1960,3,46,19600806,600,,EX,59.0N,73.5W,20,1005,,,,,,,,,,,,
AL,BRENDA,1960,3,46,19600806,1200,,EX,58.2N,72.0W,20,1006,,,,,,,,,,,,
AL,BRENDA,1960,3,46,19600806,1800,,EX,57.8N,69.0W,20,1006,,,,,,,,,,,,
AL,BRENDA,1960,3,46,19600807,0,,EX,57.5N,66.0W,20,1007,,,,,,,,,,,,
AL,BRENDA,1960,3,46,19600807,600,,EX,57.0N,64.0W,20,1007,,,,,,,,,,,,
AL,BRENDA,1960,3,46,19600807,1200,,EX,56.2N,62.0W,20,1006,,,,,,,,,,,,
AL,BRENDA,1960,3,46,19600807,1800,,EX,56.0N,60.0W,20,1005,,,,,,,,,,,,
AL,CLEO,1960,4,14,19600817,1800,,TD,26.0N,74.7W,25,,,,,,,,,,,,,
AL,CLEO,1960,4,14,19600818,0,,TD,25.5N,74.3W,30,,,,,,,,,,,,,
AL,CLEO,1960,4,14,19600818,600,,TS,25.7N,73.5W,45,,,,,,,,,,,,,
AL,CLEO,1960,4,14,19600818,1200,,TS,26.6N,72.7W,60,997,,,,,,,,,,,,
AL,CLEO,1960,4,14,19600818,1800,,HU,27.8N,71.8W,65,,,,,,,,,,,,,
AL,CLEO,1960,4,14,19600819,0,,HU,29.3N,71.0W,70,,,,,,,,,,,,,
AL,CLEO,1960,4,14,19600819,600,,HU,31.0N,70.2W,75,,,,,,,,,,,,,
AL,CLEO,1960,4,14,19600819,1200,,HU,33.1N,69.4W,75,999,,,,,,,,,,,,
AL,CLEO,1960,4,14,19600819,1800,,HU,35.4N,68.6W,75,995,,,,,,,,,,,,
AL,CLEO,1960,4,14,19600820,0,,HU,37.7N,67.8W,70,997,,,,,,,,,,,,
AL,CLEO,1960,4,14,19600820,600,,HU,40.0N,66.8W,70,,,,,,,,,,,,,
AL,CLEO,1960,4,14,19600820,1200,,TS,42.2N,65.2W,60,,,,,,,,,,,,,
AL,CLEO,1960,4,14,19600820,1800,,TS,43.6N,63.4W,45,,,,,,,,,,,,,
AL,CLEO,1960,4,14,19600821,0,,TS,44.2N,60.5W,35,,,,,,,,,,,,,
AL,DONNA,1960,5,72,19600829,1800,,TD,10.2N,22.8W,25,,,,,,,,,,,,,
AL,DONNA,1960,5,72,19600830,0,,TD,10.1N,24.2W,25,,,,,,,,,,,,,
AL,DONNA,1960,5,72,19600830,600,,TD,10.2N,25.5W,25,,,,,,,,,,,,,
AL,DONNA,1960,5,72,19600830,1200,,TD,10.3N,26.9W,25,,,,,,,,,,,,,
AL,DONNA,1960,5,72,19600830,1800,,TD,10.5N,28.4W,25,,,,,,,,,,,,,
AL,DONNA,1960,5,72,19600831,0,,TD,10.7N,30.0W,30,,,,,,,,,,,,,
AL,DONNA,1960,5,72,19600831,600,,TD,10.9N,31.6W,30,,,,,,,,,,,,,
AL,DONNA,1960,5,72,19600831,1200,,TS,11.1N,33.1W,35,,,,,,,,,,,,,
AL,DONNA,1960,5,72,19600831,1800,,TS,11.4N,34.6W,35,,,,,,,,,,,,,
AL,DONNA,1960,5,72,19600901,0,,TS,11.7N,36.2W,40,,,,,,,,,,,,,
AL,DONNA,1960,5,72,19600901,600,,TS,12.0N,37.8W,50,,,,,,,,,,,,,
AL,DONNA,1960,5,72,19600901,1200,,TS,12.3N,39.4W,55,,,,,,,,,,,,,
AL,DONNA,1960,5,72,19600901,1800,,HU,12.6N,41.1W,65,,,,,,,,,,,,,
AL,DONNA,1960,5,72,19600902,0,,HU,12.9N,42.8W,70,,,,,,,,,,,,,
AL,DONNA,1960,5,72,19600902,600,,HU,13.3N,44.3W,75,,,,,,,,,,,,,
AL,DONNA,1960,5,72,19600902,1200,,HU,13.6N,45.8W,85,,,,,,,,,,,,,
AL,DONNA,1960,5,72,19600902,1800,,HU,13.9N,47.6W,95,973,,,,,,,,,,,,
AL,DONNA,1960,5,72,19600903,0,,HU,14.3N,49.4W,100,,,,,,,,,,,,,
AL,DONNA,1960,5,72,19600903,600,,HU,14.7N,51.2W,105,,,,,,,,,,,,,
AL,DONNA,1960,5,72,19600903,1200,,HU,15.3N,53.1W,105,962,,,,,,,,,,,,
AL,DONNA,1960,5,72,19600903,1800,,HU,15.9N,55.0W,105,,,,,,,,,,,,,
AL,DONNA,1960,5,72,19600904,0,,HU,16.4N,56.6W,110,,,,,,,,,,,,,
AL,DONNA,1960,5,72,19600904,600,,HU,16.6N,58.2W,110,,,,,,,,,,,,,
AL,DONNA,1960,5,72,19600904,1200,,HU,16.9N,59.7W,110,958,,,,,,,,,,,,
AL,DONNA,1960,5,72,19600904,1800,,HU,17.4N,60.9W,110,,,,,,,,,,,,,
AL,DONNA,1960,5,72,19600904,2200,L,HU,17.7N,61.8W,110,,,,,,,,,,,,,
AL,DONNA,1960,5,72,19600905,0,,HU,17.8N,62.1W,110,956,,,,,,,,,,,,
AL,DONNA,1960,5,72,19600905,400,L,HU,18.1N,63.0W,110,952,,,,,,,,,,,,
AL,DONNA,1960,5,72,19600905,600,,HU,18.3N,63.4W,110,952,,,,,,,,,,,,
AL,DONNA,1960,5,72,19600905,1200,,HU,19.1N,64.8W,110,958,,,,,,,,,,,,
AL,DONNA,1960,5,72,19600905,1800,,HU,19.7N,65.8W,110,956,,,,,,,,,,,,
AL,DONNA,1960,5,72,19600906,0,,HU,20.1N,66.5W,115,941,,,,,,,,,,,,
AL,DONNA,1960,5,72,19600906,600,,HU,20.6N,67.5W,115,,,,,,,,,,,,,
AL,DONNA,1960,5,72,19600906,1200,,HU,21.2N,68.3W,120,940,,,,,,,,,,,,
AL,DONNA,1960,5,72,19600906,1800,,HU,21.5N,68.9W,120,940,,,,,,,,,,,,
AL,DONNA,1960,5,72,19600907,0,,HU,21.8N,69.7W,125,932,,,,,,,,,,,,
AL,DONNA,1960,5,72,19600907,600,,HU,22.0N,70.5W,120,,,,,,,,,,,,,
AL,DONNA,1960,5,72,19600907,1200,,HU,22.1N,71.3W,110,948,,,,,,,,,,,,
AL,DONNA,1960,5,72,19600907,1800,,HU,22.1N,72.3W,110,,,,,,,,,,,,,
AL,DONNA,1960,5,72,19600908,0,,HU,22.2N,73.4W,110,945,,,,,,,,,,,,
AL,DONNA,1960,5,72,19600908,600,L,HU,22.2N,74.3W,105,947,,,,,,,,,,,,
AL,DONNA,1960,5,72,19600908,1200,,HU,22.3N,75.3W,100,951,,,,,,,,,,,,
AL,DONNA,1960,5,72,19600908,1600,L,HU,22.4N,75.8W,105,945,,,,,,,,,,,,
AL,DONNA,1960,5,72,19600908,1800,,HU,22.4N,76.1W,105,945,,,,,,,,,,,,
AL,DONNA,1960,5,72,19600909,0,,HU,22.6N,76.9W,110,939,,,,,,,,,,,,
AL,DONNA,1960,5,72,19600909,600,,HU,22.9N,77.8W,110,942,,,,,,,,,,,,
AL,DONNA,1960,5,72,19600909,1200,,HU,23.2N,78.7W,110,942,,,,,,,,,,,,
AL,DONNA,1960,5,72,19600909,1800,,HU,23.7N,79.4W,110,944,,,,,,,,,,,,
AL,DONNA,1960,5,72,19600910,0,,HU,24.2N,80.1W,115,938,,,,,,,,,,,,
AL,DONNA,1960,5,72,19600910,600,,HU,24.7N,80.8W,125,930,,,,,,,,,,,,
AL,DONNA,1960,5,72,19600910,700,L,HU,24.8N,80.9W,125,930,,,,,,,,,,,,
AL,DONNA,1960,5,72,19600910,1200,,HU,25.3N,81.3W,115,939,,,,,,,,,,,,
AL,DONNA,1960,5,72,19600910,1600,L,HU,25.9N,81.6W,105,942,,,,,,,,,,,,
AL,DONNA,1960,5,72,19600910,1800,,HU,26.3N,81.8W,105,945,,,,,,,,,,,,
AL,DONNA,1960,5,72,19600911,0,,HU,27.3N,81.9W,85,957,,,,,,,,,,,,
AL,DONNA,1960,5,72,19600911,600,,HU,28.3N,81.7W,65,964,,,,,,,,,,,,
AL,DONNA,1960,5,72,19600911,1200,,HU,29.7N,81.0W,75,968,,,,,,,,,,,,
AL,DONNA,1960,5,72,19600911,1800,,HU,31.1N,79.9W,80,970,,,,,,,,,,,,
AL,DONNA,1960,5,72,19600912,0,,HU,33.0N,78.3W,90,958,,,,,,,,,,,,
AL,DONNA,1960,5,72,19600912,400,L,HU,34.6N,77.3W,90,958,,,,,,,,,,,,
AL,DONNA,1960,5,72,19600912,600,,HU,35.1N,76.7W,85,960,,,,,,,,,,,,
AL,DONNA,1960,5,72,19600912,1200,,HU,37.3N,74.8W,85,,,,,,,,,,,,,
AL,DONNA,1960,5,72,19600912,1800,,HU,40.1N,73.3W,85,959,,,,,,,,,,,,
AL,DONNA,1960,5,72,19600912,1900,L,HU,40.7N,72.9W,85,959,,,,,,,,,,,,
AL,DONNA,1960,5,72,19600912,2000,L,HU,41.3N,72.4W,80,962,,,,,,,,,,,,
AL,DONNA,1960,5,72,19600913,0,,TS,42.8N,71.2W,60,969,,,,,,,,,,,,
AL,DONNA,1960,5,72,19600913,600,,EX,46.8N,68.6W,60,,,,,,,,,,,,,
AL,DONNA,1960,5,72,19600913,1200,,EX,50.0N,66.0W,60,,,,,,,,,,,,,
AL,DONNA,1960,5,72,19600913,1800,,EX,53.1N,62.5W,60,,,,,,,,,,,,,
AL,DONNA,1960,5,72,19600914,0,,EX,56.0N,58.2W,45,,,,,,,,,,,,,
AL,DONNA,1960,5,72,19600914,600,,EX,58.5N,54.0W,40,,,,,,,,,,,,,
AL,DONNA,1960,5,72,19600914,1200,,EX,61.0N,50.0W,40,,,,,,,,,,,,,
AL,ETHEL,1960,6,22,19600912,1800,,TD,22.0N,93.0W,25,,,,,,,,,,,,,
AL,ETHEL,1960,6,22,19600913,0,,TD,22.3N,92.7W,25,,,,,,,,,,,,,
AL,ETHEL,1960,6,22,19600913,600,,TD,22.4N,92.4W,30,,,,,,,,,,,,,
AL,ETHEL,1960,6,22,19600913,1200,,TS,22.6N,92.1W,35,,,,,,,,,,,,,
AL,ETHEL,1960,6,22,19600913,1800,,TS,22.8N,91.9W,40,,,,,,,,,,,,,
AL,ETHEL,1960,6,22,19600914,0,,TS,23.1N,91.7W,45,,,,,,,,,,,,,
AL,ETHEL,1960,6,22,19600914,600,,TS,23.4N,91.3W,60,,,,,,,,,,,,,
AL,ETHEL,1960,6,22,19600914,1200,,HU,23.9N,90.8W,80,,,,,,,,,,,,,
AL,ETHEL,1960,6,22,19600914,1800,,HU,25.6N,90.0W,100,974,,,,,,,,,,,,
AL,ETHEL,1960,6,22,19600915,0,,HU,27.1N,89.2W,100,976,,,,,,,,,,,,
AL,ETHEL,1960,6,22,19600915,600,,HU,28.4N,88.8W,80,981,,,,,,,,,,,,
AL,ETHEL,1960,6,22,19600915,1200,,HU,29.4N,88.7W,75,985,,,,,,,,,,,,
AL,ETHEL,1960,6,22,19600915,1800,,HU,30.1N,88.8W,70,984,,,,,,,,,,,,
AL,ETHEL,1960,6,22,19600915,2100,L,HU,30.4N,89.0W,70,980,,,,,,,,,,,,
AL,ETHEL,1960,6,22,19600916,0,,TS,30.6N,89.1W,55,,,,,,,,,,,,,
AL,ETHEL,1960,6,22,19600916,600,,TS,31.2N,89.0W,40,,,,,,,,,,,,,
AL,ETHEL,1960,6,22,19600916,1200,,TD,32.0N,88.9W,30,1007,,,,,,,,,,,,
AL,ETHEL,1960,6,22,19600916,1800,,TD,32.9N,88.7W,25,1010,,,,,,,,,,,,
AL,ETHEL,1960,6,22,19600917,0,,TD,33.9N,88.4W,25,1011,,,,,,,,,,,,
AL,ETHEL,1960,6,22,19600917,600,,TD,34.9N,88.0W,20,1012,,,,,,,,,,,,
AL,ETHEL,1960,6,22,19600917,1200,,TD,35.9N,87.4W,20,1013,,,,,,,,,,,,
AL,ETHEL,1960,6,22,19600917,1800,,TD,36.8N,86.6W,20,1015,,,,,,,,,,,,
AL,FLORENCE,1960,7,40,19600917,600,,TD,20.9N,64.0W,25,,,,,,,,,,,,,
AL,FLORENCE,1960,7,40,19600917,1200,,TD,21.1N,64.8W,25,,,,,,,,,,,,,
AL,FLORENCE,1960,7,40,19600917,1800,,TD,21.2N,65.8W,30,,,,,,,,,,,,,
AL,FLORENCE,1960,7,40,19600918,0,,TS,21.2N,66.8W,35,,,,,,,,,,,,,
AL,FLORENCE,1960,7,40,19600918,600,,TS,21.0N,67.9W,40,,,,,,,,,,,,,
AL,FLORENCE,1960,7,40,19600918,1200,,TS,20.9N,69.0W,45,1000,,,,,,,,,,,,
AL,FLORENCE,1960,7,40,19600918,1800,,TS,20.9N,70.1W,40,1003,,,,,,,,,,,,
AL,FLORENCE,1960,7,40,19600919,0,,TS,20.9N,71.2W,40,1003,,,,,,,,,,,,
AL,FLORENCE,1960,7,40,19600919,600,,TS,21.0N,72.4W,40,1004,,,,,,,,,,,,
AL,FLORENCE,1960,7,40,19600919,900,L,TS,21.1N,73.1W,35,1004,,,,,,,,,,,,
AL,FLORENCE,1960,7,40,19600919,1200,,TS,21.1N,73.7W,35,1006,,,,,,,,,,,,
AL,FLORENCE,1960,7,40,19600919,1800,,TD,21.5N,74.7W,30,,,,,,,,,,,,,
AL,FLORENCE,1960,7,40,19600920,0,,TD,22.0N,75.6W,30,,,,,,,,,,,,,
AL,FLORENCE,1960,7,40,19600920,600,,TD,22.6N,76.5W,25,,,,,,,,,,,,,
AL,FLORENCE,1960,7,40,19600920,1200,,TD,23.2N,77.6W,25,,,,,,,,,,,,,
AL,FLORENCE,1960,7,40,19600920,1800,,TD,23.5N,78.6W,25,,,,,,,,,,,,,
AL,FLORENCE,1960,7,40,19600921,0,,TD,23.7N,79.6W,25,,,,,,,,,,,,,
AL,FLORENCE,1960,7,40,19600921,600,,TD,23.7N,80.6W,25,,,,,,,,,,,,,
AL,FLORENCE,1960,7,40,19600921,1200,,DB,23.6N,81.6W,25,,,,,,,,,,,,,
AL,FLORENCE,1960,7,40,19600921,1800,,DB,23.4N,82.6W,25,,,,,,,,,,,,,
AL,FLORENCE,1960,7,40,19600922,0,,DB,22.8N,83.6W,25,,,,,,,,,,,,,
AL,FLORENCE,1960,7,40,19600922,600,,DB,22.3N,84.0W,25,,,,,,,,,,,,,
AL,FLORENCE,1960,7,40,19600922,1200,,DB,22.0N,83.7W,25,,,,,,,,,,,,,
AL,FLORENCE,1960,7,40,19600922,1800,,DB,22.3N,83.5W,25,,,,,,,,,,,,,
AL,FLORENCE,1960,7,40,19600923,0,,DB,23.0N,83.2W,25,,,,,,,,,,,,,
AL,FLORENCE,1960,7,40,19600923,600,,DB,24.0N,82.6W,25,,,,,,,,,,,,,
AL,FLORENCE,1960,7,40,19600923,1200,,TD,24.9N,81.8W,25,1005,,,,,,,,,,,,
AL,FLORENCE,1960,7,40,19600923,1800,,TD,25.9N,81.1W,30,,,,,,,,,,,,,
AL,FLORENCE,1960,7,40,19600924,0,,TS,26.7N,80.5W,35,1002,,,,,,,,,,,,
AL,FLORENCE,1960,7,40,19600924,600,,TS,27.3N,80.3W,50,,,,,,,,,,,,,
AL,FLORENCE,1960,7,40,19600924,1200,,TS,27.5N,80.5W,50,,,,,,,,,,,,,
AL,FLORENCE,1960,7,40,19600924,1800,,TS,27.6N,81.0W,40,,,,,,,,,,,,,
AL,FLORENCE,1960,7,40,19600925,0,,TD,27.7N,81.8W,30,,,,,,,,,,,,,
AL,FLORENCE,1960,7,40,19600925,600,,TD,27.8N,82.9W,25,,,,,,,,,,,,,
AL,FLORENCE,1960,7,40,19600925,1200,,TD,27.9N,83.9W,25,,,,,,,,,,,,,
AL,FLORENCE,1960,7,40,19600925,1800,,TD,28.3N,84.8W,25,,,,,,,,,,,,,
AL,FLORENCE,1960,7,40,19600926,0,,TD,28.9N,85.6W,25,,,,,,,,,,,,,
AL,FLORENCE,1960,7,40,19600926,600,,TD,29.5N,86.4W,20,,,,,,,,,,,,,
AL,FLORENCE,1960,7,40,19600926,1200,,TD,30.1N,87.1W,20,,,,,,,,,,,,,
AL,FLORENCE,1960,7,40,19600926,1800,,TD,30.8N,87.7W,20,,,,,,,,,,,,,
AL,UNNAMED,1960,8,9,19600901,0,,TD,23.0N,49.0W,30,,,,,,,,,,,,,
AL,UNNAMED,1960,8,9,19600901,600,,TS,24.0N,50.3W,35,,,,,,,,,,,,,
AL,UNNAMED,1960,8,9,19600901,1200,,TS,25.5N,51.5W,40,,,,,,,,,,,,,
AL,UNNAMED,1960,8,9,19600901,1800,,TS,27.0N,52.5W,40,,,,,,,,,,,,,
AL,UNNAMED,1960,8,9,19600902,0,,TS,28.5N,52.8W,35,,,,,,,,,,,,,
AL,UNNAMED,1960,8,9,19600902,600,,TS,29.8N,52.8W,35,,,,,,,,,,,,,
AL,UNNAMED,1960,8,9,19600902,1200,,TD,31.1N,52.8W,30,,,,,,,,,,,,,
AL,UNNAMED,1960,8,9,19600902,1800,,TD,32.3N,52.8W,30,,,,,,,,,,,,,
AL,UNNAMED,1960,8,9,19600903,0,,TD,33.5N,52.5W,25,,,,,,,,,,,,,
AL,ANNA,1961,1,20,19610720,0,,TS,11.5N,60.2W,35,,,,,,,,,,,,,
AL,ANNA,1961,1,20,19610720,600,,TS,11.7N,62.0W,45,1002,,,,,,,,,,,,
AL,ANNA,1961,1,20,19610720,1200,,TS,11.9N,63.8W,60,999,,,,,,,,,,,,
AL,ANNA,1961,1,20,19610720,1800,,HU,12.4N,65.7W,70,,,,,,,,,,,,,
AL,ANNA,1961,1,20,19610721,0,,HU,13.0N,67.2W,80,1002,,,,,,,,,,,,
AL,ANNA,1961,1,20,19610721,600,,HU,13.2N,69.5W,90,992,,,,,,,,,,,,
AL,ANNA,1961,1,20,19610721,1200,,HU,13.4N,71.5W,95,,,,,,,,,,,,,
AL,ANNA,1961,1,20,19610721,1800,,HU,13.7N,73.3W,100,,,,,,,,,,,,,
AL,ANNA,1961,1,20,19610722,0,,HU,13.7N,74.7W,100,984,,,,,,,,,,,,
AL,ANNA,1961,1,20,19610722,600,,HU,14.0N,76.6W,100,982,,,,,,,,,,,,
AL,ANNA,1961,1,20,19610722,1200,,HU,14.5N,78.2W,100,976,,,,,,,,,,,,
AL,ANNA,1961,1,20,19610722,1800,,HU,15.2N,79.7W,100,,,,,,,,,,,,,
AL,ANNA,1961,1,20,19610723,0,,HU,15.2N,81.4W,100,990,,,,,,,,,,,,
AL,ANNA,1961,1,20,19610723,600,,HU,15.3N,82.9W,95,,,,,,,,,,,,,
AL,ANNA,1961,1,20,19610723,1200,,HU,15.8N,84.3W,90,992,,,,,,,,,,,,
AL,ANNA,1961,1,20,19610723,1800,,HU,16.0N,85.7W,90,,,,,,,,,,,,,
AL,ANNA,1961,1,20,19610724,0,,HU,16.1N,86.4W,85,989,,,,,,,,,,,,
AL,ANNA,1961,1,20,19610724,600,,HU,16.3N,87.5W,80,,,,,,,,,,,,,
AL,ANNA,1961,1,20,19610724,1200,,HU,16.6N,88.3W,70,,,,,,,,,,,,,
AL,ANNA,1961,1,20,19610724,1800,,TS,16.9N,89.1W,60,,,,,,,,,,,,,
AL,BETSY,1961,2,41,19610902,600,,TS,13.3N,41.7W,40,,,,,,,,,,,,,
AL,BETSY,1961,2,41,19610902,1200,,TS,13.8N,42.8W,40,,,,,,,,,,,,,
AL,BETSY,1961,2,41,19610902,1800,,TS,14.3N,43.6W,40,,,,,,,,,,,,,
AL,BETSY,1961,2,41,19610903,0,,TS,14.8N,44.5W,45,,,,,,,,,,,,,
AL,BETSY,1961,2,41,19610903,600,,TS,15.2N,45.6W,50,,,,,,,,,,,,,
AL,BETSY,1961,2,41,19610903,1200,,HU,15.9N,46.7W,65,,,,,,,,,,,,,
AL,BETSY,1961,2,41,19610903,1800,,HU,17.0N,48.1W,80,973,,,,,,,,,,,,
AL,BETSY,1961,2,41,19610904,0,,HU,18.2N,49.1W,85,989,,,,,,,,,,,,
AL,BETSY,1961,2,41,19610904,600,,HU,19.5N,49.8W,90,,,,,,,,,,,,,
AL,BETSY,1961,2,41,19610904,1200,,HU,20.5N,50.2W,95,986,,,,,,,,,,,,
AL,BETSY,1961,2,41,19610904,1800,,HU,22.0N,50.2W,100,982,,,,,,,,,,,,
AL,BETSY,1961,2,41,19610905,0,,HU,23.2N,50.6W,105,,,,,,,,,,,,,
AL,BETSY,1961,2,41,19610905,600,,HU,24.5N,51.4W,110,,,,,,,,,,,,,
AL,BETSY,1961,2,41,19610905,1200,,HU,25.6N,52.3W,115,957,,,,,,,,,,,,
AL,BETSY,1961,2,41,19610905,1800,,HU,26.9N,52.9W,120,952,,,,,,,,,,,,
AL,BETSY,1961,2,41,19610906,0,,HU,28.5N,54.1W,120,,,,,,,,,,,,,
AL,BETSY,1961,2,41,19610906,600,,HU,29.9N,55.1W,120,950,,,,,,,,,,,,
AL,BETSY,1961,2,41,19610906,1200,,HU,30.9N,56.1W,120,945,,,,,,,,,,,,
AL,BETSY,1961,2,41,19610906,1800,,HU,32.4N,56.8W,115,954,,,,,,,,,,,,
AL,BETSY,1961,2,41,19610907,0,,HU,33.1N,57.2W,105,,,,,,,,,,,,,
AL,BETSY,1961,2,41,19610907,600,,HU,33.7N,57.8W,100,,,,,,,,,,,,,
AL,BETSY,1961,2,41,19610907,1200,,HU,34.2N,58.3W,95,954,,,,,,,,,,,,
AL,BETSY,1961,2,41,19610907,1800,,HU,34.6N,58.7W,90,,,,,,,,,,,,,
AL,BETSY,1961,2,41,19610908,0,,HU,35.0N,59.0W,90,,,,,,,,,,,,,
AL,BETSY,1961,2,41,19610908,600,,HU,35.3N,59.7W,90,,,,,,,,,,,,,
AL,BETSY,1961,2,41,19610908,1200,,HU,35.6N,60.0W,90,,,,,,,,,,,,,
AL,BETSY,1961,2,41,19610908,1800,,HU,35.9N,59.9W,90,,,,,,,,,,,,,
AL,BETSY,1961,2,41,19610909,0,,HU,36.1N,59.6W,90,,,,,,,,,,,,,
AL,BETSY,1961,2,41,19610909,600,,HU,36.2N,59.3W,90,,,,,,,,,,,,,
AL,BETSY,1961,2,41,19610909,1200,,HU,36.6N,58.6W,90,978,,,,,,,,,,,,
AL,BETSY,1961,2,41,19610909,1800,,HU,37.6N,57.9W,90,976,,,,,,,,,,,,
AL,BETSY,1961,2,41,19610910,0,,HU,38.8N,56.1W,90,,,,,,,,,,,,,
AL,BETSY,1961,2,41,19610910,600,,HU,38.8N,54.4W,90,,,,,,,,,,,,,
AL,BETSY,1961,2,41,19610910,1200,,HU,39.2N,52.3W,90,980,,,,,,,,,,,,
AL,BETSY,1961,2,41,19610910,1800,,HU,39.8N,49.7W,85,962,,,,,,,,,,,,
AL,BETSY,1961,2,41,19610911,0,,HU,40.9N,45.8W,85,,,,,,,,,,,,,
AL,BETSY,1961,2,41,19610911,600,,HU,42.8N,41.2W,80,,,,,,,,,,,,,
AL,BETSY,1961,2,41,19610911,1200,,HU,44.7N,38.5W,80,970,,,,,,,,,,,,
AL,BETSY,1961,2,41,19610911,1800,,HU,47.7N,33.0W,75,,,,,,,,,,,,,
AL,BETSY,1961,2,41,19610912,0,,EX,50.8N,26.5W,70,,,,,,,,,,,,,
AL,BETSY,1961,2,41,19610912,600,,EX,54.8N,20.5W,60,,,,,,,,,,,,,
AL,CARLA,1961,3,51,19610903,1200,,TD,12.5N,77.0W,25,,,,,,,,,,,,,
AL,CARLA,1961,3,51,19610903,1800,,TD,12.9N,78.0W,25,,,,,,,,,,,,,
AL,CARLA,1961,3,51,19610904,0,,TD,13.3N,78.8W,25,,,,,,,,,,,,,
AL,CARLA,1961,3,51,19610904,600,,TD,13.7N,79.5W,25,1007,,,,,,,,,,,,
AL,CARLA,1961,3,51,19610904,1200,,TD,14.2N,80.1W,25,1006,,,,,,,,,,,,
AL,CARLA,1961,3,51,19610904,1800,,TD,14.9N,80.7W,25,1005,,,,,,,,,,,,
AL,CARLA,1961,3,51,19610905,0,,TD,15.5N,81.4W,30,1002,,,,,,,,,,,,
AL,CARLA,1961,3,51,19610905,600,,TD,15.9N,82.1W,30,999,,,,,,,,,,,,
AL,CARLA,1961,3,51,19610905,1200,,TS,16.3N,82.7W,40,997,,,,,,,,,,,,
AL,CARLA,1961,3,51,19610905,1800,,TS,16.9N,83.1W,45,993,,,,,,,,,,,,
AL,CARLA,1961,3,51,19610906,0,,TS,17.4N,83.6W,50,990,,,,,,,,,,,,
AL,CARLA,1961,3,51,19610906,600,,TS,18.1N,84.3W,55,987,,,,,,,,,,,,
AL,CARLA,1961,3,51,19610906,1200,,HU,18.8N,85.1W,65,984,,,,,,,,,,,,
AL,CARLA,1961,3,51,19610906,1800,,HU,19.1N,85.6W,70,981,,,,,,,,,,,,
AL,CARLA,1961,3,51,19610907,0,,HU,19.5N,85.9W,75,978,,,,,,,,,,,,
AL,CARLA,1961,3,51,19610907,600,,HU,20.2N,86.0W,80,975,,,,,,,,,,,,
AL,CARLA,1961,3,51,19610907,1200,,HU,20.9N,86.0W,85,973,,,,,,,,,,,,
AL,CARLA,1961,3,51,19610907,1800,,HU,21.7N,86.3W,95,970,,,,,,,,,,,,
AL,CARLA,1961,3,51,19610908,0,,HU,22.3N,87.3W,100,968,,,,,,,,,,,,
AL,CARLA,1961,3,51,19610908,600,,HU,22.8N,87.8W,105,966,,,,,,,,,,,,
AL,CARLA,1961,3,51,19610908,1200,,HU,23.1N,88.3W,110,965,,,,,,,,,,,,
AL,CARLA,1961,3,51,19610908,1800,,HU,23.4N,89.2W,110,962,,,,,,,,,,,,
AL,CARLA,1961,3,51,19610909,0,,HU,23.7N,89.8W,110,959,,,,,,,,,,,,
AL,CARLA,1961,3,51,19610909,600,,HU,24.0N,90.2W,110,956,,,,,,,,,,,,
AL,CARLA,1961,3,51,19610909,1200,,HU,24.6N,91.0W,110,953,,,,,,,,,,,,
AL,CARLA,1961,3,51,19610909,1800,,HU,24.9N,91.8W,110,948,,,,,,,,,,,,
AL,CARLA,1961,3,51,19610910,0,,HU,25.6N,92.6W,110,944,,,,,,,,,,,,
AL,CARLA,1961,3,51,19610910,600,,HU,26.1N,93.3W,115,940,,,,,,,,,,,,
AL,CARLA,1961,3,51,19610910,1200,,HU,26.3N,93.9W,120,937,,,,,,,,,,,,
AL,CARLA,1961,3,51,19610910,1800,,HU,26.7N,94.5W,130,936,,,,,,,,,,,,
AL,CARLA,1961,3,51,19610911,0,,HU,27.0N,95.0W,140,936,,,,,,,,,,,,
AL,CARLA,1961,3,51,19610911,600,,HU,27.2N,95.7W,150,936,,,,,,,,,,,,
AL,CARLA,1961,3,51,19610911,1200,,HU,27.6N,96.2W,145,935,,,,,,,,,,,,
AL,CARLA,1961,3,51,19610911,1800,,HU,28.0N,96.4W,125,931,,,,,,,,,,,,
AL,CARLA,1961,3,51,19610912,0,,HU,28.6N,96.8W,100,940,,,,,,,,,,,,
AL,CARLA,1961,3,51,19610912,600,,HU,29.5N,97.2W,80,955,,,,,,,,,,,,
AL,CARLA,1961,3,51,19610912,1200,,TS,30.5N,97.4W,60,975,,,,,,,,,,,,
AL,CARLA,1961,3,51,19610912,1800,,TS,31.8N,97.4W,45,979,,,,,,,,,,,,
AL,CARLA,1961,3,51,19610913,0,,TS,32.8N,97.2W,40,980,,,,,,,,,,,,
AL,CARLA,1961,3,51,19610913,600,,TS,33.5N,97.0W,35,,,,,,,,,,,,,
AL,CARLA,1961,3,51,19610913,1200,,EX,34.3N,96.8W,30,,,,,,,,,,,,,
AL,CARLA,1961,3,51,19610913,1800,,EX,36.2N,94.0W,30,,,,,,,,,,,,,
AL,CARLA,1961,3,51,19610914,0,,EX,38.0N,90.5W,30,,,,,,,,,,,,,
AL,CARLA,1961,3,51,19610914,600,,EX,42.1N,87.1W,30,,,,,,,,,,,,,
AL,CARLA,1961,3,51,19610914,1200,,EX,46.3N,83.8W,30,,,,,,,,,,,,,
AL,CARLA,1961,3,51,19610914,1800,,EX,47.5N,80.7W,30,,,,,,,,,,,,,
AL,CARLA,1961,3,51,19610915,0,,EX,48.7N,78.0W,30,,,,,,,,,,,,,
AL,CARLA,1961,3,51,19610915,600,,EX,51.2N,72.7W,30,,,,,,,,,,,,,
AL,CARLA,1961,3,51,19610915,1200,,EX,53.7N,67.5W,30,,,,,,,,,,,,,
AL,CARLA,1961,3,51,19610915,1800,,EX,56.8N,66.2W,30,,,,,,,,,,,,,
AL,CARLA,1961,3,51,19610916,0,,EX,60.0N,65.0W,30,,,,,,,,,,,,,
AL,DEBBIE,1961,4,40,19610906,1800,,TS,15.1N,24.1W,50,,,,,,,,,,,,,
AL,DEBBIE,1961,4,40,19610907,0,,HU,15.2N,25.4W,65,,,,,,,,,,,,,
AL,DEBBIE,1961,4,40,19610907,600,,HU,15.4N,26.7W,70,,,,,,,,,,,,,
AL,DEBBIE,1961,4,40,19610907,1200,,HU,15.7N,28.1W,70,,,,,,,,,,,,,
AL,DEBBIE,1961,4,40,19610907,1800,,HU,16.1N,29.4W,70,,,,,,,,,,,,,
AL,DEBBIE,1961,4,40,19610908,0,,HU,16.5N,30.7W,70,,,,,,,,,,,,,
AL,DEBBIE,1961,4,40,19610908,600,,HU,17.0N,32.0W,70,,,,,,,,,,,,,
AL,DEBBIE,1961,4,40,19610908,1200,,HU,17.5N,33.2W,70,,,,,,,,,,,,,
AL,DEBBIE,1961,4,40,19610908,1800,,HU,18.0N,34.5W,70,,,,,,,,,,,,,
AL,DEBBIE,1961,4,40,19610909,0,,HU,18.5N,35.7W,70,,,,,,,,,,,,,
AL,DEBBIE,1961,4,40,19610909,600,,HU,19.1N,37.0W,70,,,,,,,,,,,,,
AL,DEBBIE,1961,4,40,19610909,1200,,HU,19.7N,38.2W,70,,,,,,,,,,,,,
AL,DEBBIE,1961,4,40,19610909,1800,,HU,20.4N,39.4W,70,,,,,,,,,,,,,
AL,DEBBIE,1961,4,40,19610910,0,,HU,21.2N,40.6W,70,,,,,,,,,,,,,
AL,DEBBIE,1961,4,40,19610910,600,,HU,22.0N,41.8W,70,,,,,,,,,,,,,
AL,DEBBIE,1961,4,40,19610910,1200,,HU,22.8N,43.0W,75,,,,,,,,,,,,,
AL,DEBBIE,1961,4,40,19610910,1800,,HU,23.8N,44.1W,75,,,,,,,,,,,,,
AL,DEBBIE,1961,4,40,19610911,0,,HU,25.0N,45.0W,80,,,,,,,,,,,,,
AL,DEBBIE,1961,4,40,19610911,600,,HU,26.6N,45.7W,90,,,,,,,,,,,,,
AL,DEBBIE,1961,4,40,19610911,1200,,HU,27.9N,45.9W,100,976,,,,,,,,,,,,
AL,DEBBIE,1961,4,40,19610911,1800,,HU,29.3N,45.9W,105,,,,,,,,,,,,,
AL,DEBBIE,1961,4,40,19610912,0,,HU,30.5N,45.9W,105,,,,,,,,,,,,,
AL,DEBBIE,1961,4,40,19610912,600,,HU,31.5N,45.9W,105,,,,,,,,,,,,,
AL,DEBBIE,1961,4,40,19610912,1200,,HU,32.2N,45.8W,105,975,,,,,,,,,,,,
AL,DEBBIE,1961,4,40,19610912,1800,,HU,33.0N,45.6W,105,,,,,,,,,,,,,
AL,DEBBIE,1961,4,40,19610913,0,,HU,33.9N,45.3W,100,,,,,,,,,,,,,
AL,DEBBIE,1961,4,40,19610913,600,,HU,34.7N,45.1W,85,980,,,,,,,,,,,,
AL,DEBBIE,1961,4,40,19610913,1200,,HU,35.2N,44.2W,75,,,,,,,,,,,,,
AL,DEBBIE,1961,4,40,19610913,1800,,HU,35.5N,43.1W,70,,,,,,,,,,,,,
AL,DEBBIE,1961,4,40,19610914,0,,HU,35.9N,41.1W,70,,,,,,,,,,,,,
AL,DEBBIE,1961,4,40,19610914,600,,HU,36.2N,38.9W,70,,,,,,,,,,,,,
AL,DEBBIE,1961,4,40,19610914,1200,,HU,36.6N,36.5W,70,,,,,,,,,,,,,
AL,DEBBIE,1961,4,40,19610914,1800,,HU,37.0N,34.1W,70,,,,,,,,,,,,,
AL,DEBBIE,1961,4,40,19610915,0,,HU,37.8N,31.0W,70,,,,,,,,,,,,,
AL,DEBBIE,1961,4,40,19610915,600,,HU,39.5N,26.4W,70,,,,,,,,,,,,,
AL,DEBBIE,1961,4,40,19610915,1200,,HU,41.7N,22.2W,70,,,,,,,,,,,,,
AL,DEBBIE,1961,4,40,19610915,1800,,HU,44.6N,18.2W,70,,,,,,,,,,,,,
AL,DEBBIE,1961,4,40,19610916,0,,HU,48.0N,14.8W,70,,,,,,,,,,,,,
AL,DEBBIE,1961,4,40,19610916,600,,HU,51.9N,11.6W,70,970,,,,,,,,,,,,
AL,DEBBIE,1961,4,40,19610916,1200,,HU,55.7N,8.5W,70,,,,,,,,,,,,,
AL,ESTHER,1961,5,67,19610910,1800,,TD,11.7N,32.1W,25,,,,,,,,,,,,,
AL,ESTHER,1961,5,67,19610911,0,,TD,12.4N,33.9W,25,,,,,,,,,,,,,
AL,ESTHER,1961,5,67,19610911,600,,TD,13.5N,35.3W,25,,,,,,,,,,,,,
AL,ESTHER,1961,5,67,19610911,1200,,TS,14.4N,36.7W,35,,,,,,,,,,,,,
AL,ESTHER,1961,5,67,19610911,1800,,TS,15.2N,38.1W,40,,,,,,,,,,,,,
AL,ESTHER,1961,5,67,19610912,0,,TS,16.0N,39.4W,50,,,,,,,,,,,,,
AL,ESTHER,1961,5,67,19610912,600,,HU,16.8N,40.8W,65,,,,,,,,,,,,,
AL,ESTHER,1961,5,67,19610912,1200,,HU,17.6N,42.0W,65,975,,,,,,,,,,,,
AL,ESTHER,1961,5,67,19610912,1800,,HU,18.4N,43.1W,70,967,,,,,,,,,,,,
AL,ESTHER,1961,5,67,19610913,0,,HU,19.1N,44.2W,75,,,,,,,,,,,,,
AL,ESTHER,1961,5,67,19610913,600,,HU,19.6N,45.3W,90,969,,,,,,,,,,,,
AL,ESTHER,1961,5,67,19610913,1200,,HU,19.8N,46.4W,105,970,,,,,,,,,,,,
AL,ESTHER,1961,5,67,19610913,1800,,HU,20.0N,47.4W,110,983,,,,,,,,,,,,
AL,ESTHER,1961,5,67,19610914,0,,HU,20.1N,48.4W,110,,,,,,,,,,,,,
AL,ESTHER,1961,5,67,19610914,600,,HU,20.2N,49.4W,110,,,,,,,,,,,,,
AL,ESTHER,1961,5,67,19610914,1200,,HU,20.3N,50.5W,110,975,,,,,,,,,,,,
AL,ESTHER,1961,5,67,19610914,1800,,HU,20.5N,51.3W,110,966,,,,,,,,,,,,
AL,ESTHER,1961,5,67,19610915,0,,HU,20.7N,52.1W,110,965,,,,,,,,,,,,
AL,ESTHER,1961,5,67,19610915,600,,HU,21.1N,53.4W,110,965,,,,,,,,,,,,
AL,ESTHER,1961,5,67,19610915,1200,,HU,21.6N,54.7W,110,966,,,,,,,,,,,,
AL,ESTHER,1961,5,67,19610915,1800,,HU,21.8N,56.1W,110,961,,,,,,,,,,,,
AL,ESTHER,1961,5,67,19610916,0,,HU,22.0N,57.4W,110,960,,,,,,,,,,,,
AL,ESTHER,1961,5,67,19610916,600,,HU,22.3N,58.7W,105,956,,,,,,,,,,,,
AL,ESTHER,1961,5,67,19610916,1200,,HU,22.7N,60.0W,105,949,,,,,,,,,,,,
AL,ESTHER,1961,5,67,19610916,1800,,HU,23.3N,61.3W,105,944,,,,,,,,,,,,
AL,ESTHER,1961,5,67,19610917,0,,HU,23.8N,62.6W,105,939,,,,,,,,,,,,
AL,ESTHER,1961,5,67,19610917,600,,HU,24.1N,63.9W,110,934,,,,,,,,,,,,
AL,ESTHER,1961,5,67,19610917,1200,,HU,24.4N,65.2W,110,930,,,,,,,,,,,,
AL,ESTHER,1961,5,67,19610917,1800,,HU,24.8N,66.2W,115,927,,,,,,,,,,,,
AL,ESTHER,1961,5,67,19610918,0,,HU,25.4N,66.9W,120,928,,,,,,,,,,,,
AL,ESTHER,1961,5,67,19610918,600,,HU,26.1N,67.8W,120,932,,,,,,,,,,,,
AL,ESTHER,1961,5,67,19610918,1200,,HU,27.0N,68.6W,125,938,,,,,,,,,,,,
AL,ESTHER,1961,5,67,19610918,1800,,HU,28.0N,69.4W,125,944,,,,,,,,,,,,
AL,ESTHER,1961,5,67,19610919,0,,HU,29.0N,70.1W,125,948,,,,,,,,,,,,
AL,ESTHER,1961,5,67,19610919,600,,HU,30.0N,71.0W,125,945,,,,,,,,,,,,
AL,ESTHER,1961,5,67,19610919,1200,,HU,31.0N,71.9W,125,942,,,,,,,,,,,,
AL,ESTHER,1961,5,67,19610919,1800,,HU,32.0N,72.6W,125,950,,,,,,,,,,,,
AL,ESTHER,1961,5,67,19610920,0,,HU,33.0N,73.1W,120,947,,,,,,,,,,,,
AL,ESTHER,1961,5,67,19610920,600,,HU,34.0N,73.4W,120,957,,,,,,,,,,,,
AL,ESTHER,1961,5,67,19610920,1200,,HU,35.0N,73.3W,120,949,,,,,,,,,,,,
AL,ESTHER,1961,5,67,19610920,1800,,HU,36.3N,73.0W,120,955,,,,,,,,,,,,
AL,ESTHER,1961,5,67,19610921,0,,HU,37.8N,72.5W,115,968,,,,,,,,,,,,
AL,ESTHER,1961,5,67,19610921,600,,HU,39.2N,71.8W,110,972,,,,,,,,,,,,
AL,ESTHER,1961,5,67,19610921,1200,,HU,40.4N,71.1W,110,978,,,,,,,,,,,,
AL,ESTHER,1961,5,67,19610921,1800,,HU,40.9N,70.7W,105,,,,,,,,,,,,,
AL,ESTHER,1961,5,67,19610922,0,,TS,40.9N,70.1W,60,,,,,,,,,,,,,
AL,ESTHER,1961,5,67,19610922,600,,TS,40.9N,69.1W,50,,,,,,,,,,,,,
AL,ESTHER,1961,5,67,19610922,1200,,TS,40.8N,67.9W,45,990,,,,,,,,,,,,
AL,ESTHER,1961,5,67,19610922,1800,,TS,40.4N,66.6W,50,,,,,,,,,,,,,
AL,ESTHER,1961,5,67,19610923,0,,TS,39.7N,65.4W,60,993,,,,,,,,,,,,
AL,ESTHER,1961,5,67,19610923,600,,TS,38.8N,64.8W,60,,,,,,,,,,,,,
AL,ESTHER,1961,5,67,19610923,1200,,TS,37.9N,64.9W,60,,,,,,,,,,,,,
AL,ESTHER,1961,5,67,19610923,1800,,TS,37.0N,65.3W,60,,,,,,,,,,,,,
AL,ESTHER,1961,5,67,19610924,0,,TS,36.1N,65.9W,55,,,,,,,,,,,,,
AL,ESTHER,1961,5,67,19610924,600,,TS,35.6N,66.6W,55,,,,,,,,,,,,,
AL,ESTHER,1961,5,67,19610924,1200,,TS,35.7N,67.4W,50,,,,,,,,,,,,,
AL,ESTHER,1961,5,67,19610924,1800,,TS,36.1N,68.4W,50,,,,,,,,,,,,,
AL,ESTHER,1961,5,67,19610925,0,,TS,36.7N,69.5W,45,,,,,,,,,,,,,
AL,ESTHER,1961,5,67,19610925,600,,TS,37.4N,70.2W,45,993,,,,,,,,,,,,
AL,ESTHER,1961,5,67,19610925,1200,,TS,38.1N,70.5W,45,,,,,,,,,,,,,
AL,ESTHER,1961,5,67,19610925,1800,,TS,38.9N,70.5W,45,,,,,,,,,,,,,
AL,ESTHER,1961,5,67,19610926,0,,TS,40.0N,70.3W,40,996,,,,,,,,,,,,
AL,ESTHER,1961,5,67,19610926,600,,TS,42.2N,70.1W,35,,,,,,,,,,,,,
AL,ESTHER,1961,5,67,19610926,1200,,TD,44.7N,69.8W,30,1002,,,,,,,,,,,,
AL,ESTHER,1961,5,67,19610926,1800,,TD,46.6N,69.2W,30,,,,,,,,,,,,,
AL,ESTHER,1961,5,67,19610927,0,,EX,48.2N,68.3W,30,,,,,,,,,,,,,
AL,ESTHER,1961,5,67,19610927,600,,EX,50.0N,67.0W,30,,,,,,,,,,,,,
AL,UNNAMED,1961,6,14,19610912,1200,,TD,25.8N,78.0W,25,,,,,,,,,,,,,
AL,UNNAMED,1961,6,14,19610912,1800,,TD,26.0N,78.0W,30,,,,,,,,,,,,,
AL,UNNAMED,1961,6,14,19610913,0,,TD,26.2N,78.1W,30,,,,,,,,,,,,,
AL,UNNAMED,1961,6,14,19610913,600,,TD,27.0N,78.1W,30,,,,,,,,,,,,,
AL,UNNAMED,1961,6,14,19610913,1200,,TD,28.6N,78.2W,30,,,,,,,,,,,,,
AL,UNNAMED,1961,6,14,19610913,1800,,TD,30.0N,78.2W,30,,,,,,,,,,,,,
AL,UNNAMED,1961,6,14,19610914,0,,TD,31.7N,78.2W,30,,,,,,,,,,,,,
AL,UNNAMED,1961,6,14,19610914,600,,TD,33.0N,78.1W,30,,,,,,,,,,,,,
AL,UNNAMED,1961,6,14,19610914,1200,,TS,34.7N,77.9W,35,,,,,,,,,,,,,
AL,UNNAMED,1961,6,14,19610914,1800,,TS,36.7N,76.8W,35,,,,,,,,,,,,,
AL,UNNAMED,1961,6,14,19610915,0,,TS,38.7N,75.4W,35,,,,,,,,,,,,,
AL,UNNAMED,1961,6,14,19610915,600,,TS,40.7N,73.5W,35,,,,,,,,,,,,,
AL,UNNAMED,1961,6,14,19610915,1200,,TS,44.1N,70.1W,35,,,,,,,,,,,,,
AL,UNNAMED,1961,6,14,19610915,1800,,TD,47.6N,63.0W,30,,,,,,,,,,,,,
AL,FRANCES,1961,7,41,19610930,600,,TD,16.0N,57.0W,30,,,,,,,,,,,,,
AL,FRANCES,1961,7,41,19610930,1200,,TS,16.1N,58.7W,35,1007,,,,,,,,,,,,
AL,FRANCES,1961,7,41,19610930,1800,,TS,16.2N,59.5W,45,1006,,,,,,,,,,,,
AL,FRANCES,1961,7,41,19611001,0,,TS,16.2N,60.3W,45,,,,,,,,,,,,,
AL,FRANCES,1961,7,41,19611001,600,,TS,16.2N,61.1W,40,,,,,,,,,,,,,
AL,FRANCES,1961,7,41,19611001,1200,,TS,16.0N,62.1W,40,1004,,,,,,,,,,,,
AL,FRANCES,1961,7,41,19611001,1800,,TS,15.9N,63.1W,40,,,,,,,,,,,,,
AL,FRANCES,1961,7,41,19611002,0,,TS,16.1N,64.0W,40,1010,,,,,,,,,,,,
AL,FRANCES,1961,7,41,19611002,600,,TS,16.2N,65.0W,45,,,,,,,,,,,,,
AL,FRANCES,1961,7,41,19611002,1200,,TS,16.4N,66.1W,50,1011,,,,,,,,,,,,
AL,FRANCES,1961,7,41,19611002,1800,,TS,17.0N,67.1W,50,1010,,,,,,,,,,,,
AL,FRANCES,1961,7,41,19611003,0,,TS,17.8N,67.9W,50,,,,,,,,,,,,,
AL,FRANCES,1961,7,41,19611003,600,,TS,18.5N,68.6W,50,,,,,,,,,,,,,
AL,FRANCES,1961,7,41,19611003,1200,,TS,19.2N,69.1W,50,1010,,,,,,,,,,,,
AL,FRANCES,1961,7,41,19611003,1800,,TS,20.6N,69.7W,55,,,,,,,,,,,,,
AL,FRANCES,1961,7,41,19611004,0,,TS,22.0N,70.3W,55,1005,,,,,,,,,,,,
AL,FRANCES,1961,7,41,19611004,600,,TS,23.0N,70.7W,60,,,,,,,,,,,,,
AL,FRANCES,1961,7,41,19611004,1200,,HU,24.3N,71.3W,65,999,,,,,,,,,,,,
AL,FRANCES,1961,7,41,19611004,1800,,HU,25.4N,71.6W,70,,,,,,,,,,,,,
AL,FRANCES,1961,7,41,19611005,0,,HU,26.9N,71.2W,75,997,,,,,,,,,,,,
AL,FRANCES,1961,7,41,19611005,600,,HU,27.4N,71.1W,80,991,,,,,,,,,,,,
AL,FRANCES,1961,7,41,19611005,1200,,HU,28.7N,70.7W,85,974,,,,,,,,,,,,
AL,FRANCES,1961,7,41,19611005,1800,,HU,29.2N,70.3W,90,,,,,,,,,,,,,
AL,FRANCES,1961,7,41,19611006,0,,HU,30.0N,69.5W,95,960,,,,,,,,,,,,
AL,FRANCES,1961,7,41,19611006,600,,HU,30.5N,68.8W,100,,,,,,,,,,,,,
AL,FRANCES,1961,7,41,19611006,1200,,HU,31.2N,68.2W,105,968,,,,,,,,,,,,
AL,FRANCES,1961,7,41,19611006,1800,,HU,32.2N,67.4W,105,954,,,,,,,,,,,,
AL,FRANCES,1961,7,41,19611007,0,,HU,32.9N,66.3W,110,948,,,,,,,,,,,,
AL,FRANCES,1961,7,41,19611007,600,,HU,34.0N,65.1W,110,,,,,,,,,,,,,
AL,FRANCES,1961,7,41,19611007,1200,,HU,35.5N,64.5W,110,,,,,,,,,,,,,
AL,FRANCES,1961,7,41,19611007,1800,,HU,36.6N,64.2W,110,,,,,,,,,,,,,
AL,FRANCES,1961,7,41,19611008,0,,HU,38.5N,64.2W,105,,,,,,,,,,,,,
AL,FRANCES,1961,7,41,19611008,600,,HU,39.2N,64.7W,100,,,,,,,,,,,,,
AL,FRANCES,1961,7,41,19611008,1200,,HU,40.1N,65.2W,95,,,,,,,,,,,,,
AL,FRANCES,1961,7,41,19611008,1800,,HU,41.2N,66.0W,70,,,,,,,,,,,,,
AL,FRANCES,1961,7,41,19611009,0,,HU,42.2N,66.5W,65,,,,,,,,,,,,,
AL,FRANCES,1961,7,41,19611009,600,,TS,43.1N,67.4W,50,,,,,,,,,,,,,
AL,FRANCES,1961,7,41,19611009,1200,,EX,43.5N,67.8W,40,,,,,,,,,,,,,
AL,FRANCES,1961,7,41,19611009,1800,,EX,44.4N,65.8W,40,,,,,,,,,,,,,
AL,FRANCES,1961,7,41,19611010,0,,EX,45.0N,64.0W,35,,,,,,,,,,,,,
AL,FRANCES,1961,7,41,19611010,600,,EX,46.0N,59.2W,35,,,,,,,,,,,,,
AL,GERDA,1961,8,28,19611016,0,,TD,17.5N,77.0W,30,,,,,,,,,,,,,
AL,GERDA,1961,8,28,19611016,600,,TD,18.3N,77.5W,30,,,,,,,,,,,,,
AL,GERDA,1961,8,28,19611016,1200,,TD,18.9N,77.8W,30,1005,,,,,,,,,,,,
AL,GERDA,1961,8,28,19611016,1800,,TD,19.4N,77.9W,30,,,,,,,,,,,,,
AL,GERDA,1961,8,28,19611017,0,,TD,19.9N,77.9W,30,,,,,,,,,,,,,
AL,GERDA,1961,8,28,19611017,600,,TD,20.4N,78.0W,30,,,,,,,,,,,,,
AL,GERDA,1961,8,28,19611017,1200,,TD,21.0N,78.0W,30,,,,,,,,,,,,,
AL,GERDA,1961,8,28,19611017,1800,,TD,21.5N,78.0W,30,,,,,,,,,,,,,
AL,GERDA,1961,8,28,19611018,0,,TD,22.0N,78.0W,30,1003,,,,,,,,,,,,
AL,GERDA,1961,8,28,19611018,600,,TD,22.8N,77.8W,30,,,,,,,,,,,,,
AL,GERDA,1961,8,28,19611018,1200,,TD,23.7N,77.7W,30,1004,,,,,,,,,,,,
AL,GERDA,1961,8,28,19611018,1800,,TD,24.7N,76.8W,30,,,,,,,,,,,,,
AL,GERDA,1961,8,28,19611019,0,,TD,25.7N,75.8W,30,1003,,,,,,,,,,,,
AL,GERDA,1961,8,28,19611019,600,,TD,26.8N,74.4W,30,,,,,,,,,,,,,
AL,GERDA,1961,8,28,19611019,1200,,TD,28.8N,73.0W,30,1001,,,,,,,,,,,,
AL,GERDA,1961,8,28,19611019,1800,,TS,31.5N,71.5W,55,996,,,,,,,,,,,,
AL,GERDA,1961,8,28,19611020,0,,TS,34.0N,70.0W,55,,,,,,,,,,,,,
AL,GERDA,1961,8,28,19611020,600,,TS,37.2N,68.6W,55,,,,,,,,,,,,,
AL,GERDA,1961,8,28,19611020,1200,,TS,39.5N,68.4W,55,987,,,,,,,,,,,,
AL,GERDA,1961,8,28,19611020,1800,,TS,41.3N,66.8W,60,,,,,,,,,,,,,
AL,GERDA,1961,8,28,19611021,0,,EX,42.0N,65.0W,60,993,,,,,,,,,,,,
AL,GERDA,1961,8,28,19611021,600,,EX,42.9N,63.0W,50,,,,,,,,,,,,,
AL,GERDA,1961,8,28,19611021,1200,,EX,43.4N,61.6W,40,994,,,,,,,,,,,,
AL,GERDA,1961,8,28,19611021,1800,,EX,44.0N,58.7W,30,,,,,,,,,,,,,
AL,GERDA,1961,8,28,19611022,0,,EX,44.0N,56.5W,30,,,,,,,,,,,,,
AL,GERDA,1961,8,28,19611022,600,,EX,44.0N,52.7W,30,,,,,,,,,,,,,
AL,GERDA,1961,8,28,19611022,1200,,EX,44.0N,49.0W,30,,,,,,,,,,,,,
AL,GERDA,1961,8,28,19611022,1800,,EX,44.0N,45.0W,30,,,,,,,,,,,,,
AL,HATTIE,1961,9,20,19611027,1200,,TS,11.6N,81.5W,45,,,,,,,,,,,,,
AL,HATTIE,1961,9,20,19611027,1800,,TS,12.0N,81.6W,55,,,,,,,,,,,,,
AL,HATTIE,1961,9,20,19611028,0,,HU,12.8N,81.7W,65,991,,,,,,,,,,,,
AL,HATTIE,1961,9,20,19611028,600,,HU,12.9N,81.7W,100,,,,,,,,,,,,,
AL,HATTIE,1961,9,20,19611028,1200,,HU,13.5N,81.6W,105,991,,,,,,,,,,,,
AL,HATTIE,1961,9,20,19611028,1800,,HU,14.1N,81.5W,110,969,,,,,,,,,,,,
AL,HATTIE,1961,9,20,19611029,0,,HU,15.0N,81.4W,110,952,,,,,,,,,,,,
AL,HATTIE,1961,9,20,19611029,600,,HU,16.1N,81.2W,110,,,,,,,,,,,,,
AL,HATTIE,1961,9,20,19611029,1200,,HU,16.9N,81.3W,110,963,,,,,,,,,,,,
AL,HATTIE,1961,9,20,19611029,1800,,HU,17.7N,81.9W,110,,,,,,,,,,,,,
AL,HATTIE,1961,9,20,19611030,0,,HU,18.2N,82.4W,115,956,,,,,,,,,,,,
AL,HATTIE,1961,9,20,19611030,600,,HU,18.5N,83.8W,120,942,,,,,,,,,,,,
AL,HATTIE,1961,9,20,19611030,1200,,HU,18.4N,84.1W,130,937,,,,,,,,,,,,
AL,HATTIE,1961,9,20,19611030,1800,,HU,18.2N,85.2W,140,,,,,,,,,,,,,
AL,HATTIE,1961,9,20,19611031,0,,HU,17.9N,86.1W,140,920,,,,,,,,,,,,
AL,HATTIE,1961,9,20,19611031,600,,HU,17.6N,87.1W,140,,,,,,,,,,,,,
AL,HATTIE,1961,9,20,19611031,1200,,HU,17.2N,88.1W,120,930,,,,,,,,,,,,
AL,HATTIE,1961,9,20,19611031,1800,,TS,16.9N,88.9W,60,,,,,,,,,,,,,
AL,HATTIE,1961,9,20,19611101,0,,TS,16.6N,89.6W,55,,,,,,,,,,,,,
AL,HATTIE,1961,9,20,19611101,600,,TS,15.7N,90.1W,45,,,,,,,,,,,,,
AL,JENNY,1961,10,34,19611101,1200,,TD,17.0N,62.0W,30,,,,,,,,,,,,,
AL,JENNY,1961,10,34,19611101,1800,,TD,19.3N,61.0W,30,1006,,,,,,,,,,,,
AL,JENNY,1961,10,34,19611102,0,,TD,21.0N,60.0W,30,,,,,,,,,,,,,
AL,JENNY,1961,10,34,19611102,600,,TD,22.3N,59.0W,30,,,,,,,,,,,,,
AL,JENNY,1961,10,34,19611102,1200,,TD,23.8N,58.0W,30,,,,,,,,,,,,,
AL,JENNY,1961,10,34,19611102,1800,,TD,24.8N,57.2W,30,,,,,,,,,,,,,
AL,JENNY,1961,10,34,19611103,0,,TD,26.0N,56.8W,30,,,,,,,,,,,,,
AL,JENNY,1961,10,34,19611103,600,,TD,26.7N,55.6W,30,,,,,,,,,,,,,
AL,JENNY,1961,10,34,19611103,1200,,TD,26.9N,54.5W,30,,,,,,,,,,,,,
AL,JENNY,1961,10,34,19611103,1800,,TD,27.0N,52.9W,30,,,,,,,,,,,,,
AL,JENNY,1961,10,34,19611104,0,,TD,27.0N,51.3W,30,,,,,,,,,,,,,
AL,JENNY,1961,10,34,19611104,600,,TD,27.0N,48.9W,30,,,,,,,,,,,,,
AL,JENNY,1961,10,34,19611104,1200,,TD,27.0N,47.0W,30,1002,,,,,,,,,,,,
AL,JENNY,1961,10,34,19611104,1800,,TD,26.0N,46.0W,30,,,,,,,,,,,,,
AL,JENNY,1961,10,34,19611105,0,,TD,25.7N,45.0W,30,,,,,,,,,,,,,
AL,JENNY,1961,10,34,19611105,600,,TD,25.9N,43.8W,30,,,,,,,,,,,,,
AL,JENNY,1961,10,34,19611105,1200,,TD,26.5N,43.2W,30,,,,,,,,,,,,,
AL,JENNY,1961,10,34,19611105,1800,,TD,27.6N,43.5W,30,991,,,,,,,,,,,,
AL,JENNY,1961,10,34,19611106,0,,TS,28.8N,47.0W,45,976,,,,,,,,,,,,
AL,JENNY,1961,10,34,19611106,600,,TS,28.4N,49.1W,55,,,,,,,,,,,,,
AL,JENNY,1961,10,34,19611106,1200,,HU,28.0N,51.0W,65,,,,,,,,,,,,,
AL,JENNY,1961,10,34,19611106,1800,,HU,28.3N,52.3W,70,974,,,,,,,,,,,,
AL,JENNY,1961,10,34,19611107,0,,HU,28.5N,52.4W,70,,,,,,,,,,,,,
AL,JENNY,1961,10,34,19611107,600,,HU,28.7N,52.5W,65,,,,,,,,,,,,,
AL,JENNY,1961,10,34,19611107,1200,,TS,28.8N,52.8W,60,988,,,,,,,,,,,,
AL,JENNY,1961,10,34,19611107,1800,,TS,29.7N,51.9W,60,,,,,,,,,,,,,
AL,JENNY,1961,10,34,19611108,0,,TS,30.4N,51.7W,55,985,,,,,,,,,,,,
AL,JENNY,1961,10,34,19611108,600,,TS,31.1N,50.9W,50,,,,,,,,,,,,,
AL,JENNY,1961,10,34,19611108,1200,,TS,31.8N,50.4W,50,,,,,,,,,,,,,
AL,JENNY,1961,10,34,19611108,1800,,EX,32.4N,49.3W,45,,,,,,,,,,,,,
AL,JENNY,1961,10,34,19611109,0,,EX,32.7N,48.6W,40,987,,,,,,,,,,,,
AL,JENNY,1961,10,34,19611109,600,,EX,33.2N,47.5W,40,,,,,,,,,,,,,
AL,JENNY,1961,10,34,19611109,1200,,EX,33.8N,46.5W,35,,,,,,,,,,,,,
AL,JENNY,1961,10,34,19611109,1800,,EX,34.5N,45.8W,35,,,,,,,,,,,,,
AL,INGA,1961,11,15,19611105,0,,TS,20.8N,94.7W,40,,,,,,,,,,,,,
AL,INGA,1961,11,15,19611105,600,,TS,21.5N,95.5W,45,,,,,,,,,,,,,
AL,INGA,1961,11,15,19611105,1200,,TS,22.1N,95.9W,45,997,,,,,,,,,,,,
AL,INGA,1961,11,15,19611105,1800,,TS,22.5N,96.0W,50,,,,,,,,,,,,,
AL,INGA,1961,11,15,19611106,0,,TS,22.5N,95.9W,50,992,,,,,,,,,,,,
AL,INGA,1961,11,15,19611106,600,,TS,21.9N,95.8W,55,,,,,,,,,,,,,
AL,INGA,1961,11,15,19611106,1200,,TS,21.2N,95.5W,55,998,,,,,,,,,,,,
AL,INGA,1961,11,15,19611106,1800,,TS,20.2N,94.7W,60,,,,,,,,,,,,,
AL,INGA,1961,11,15,19611107,0,,TS,19.5N,94.0W,60,1004,,,,,,,,,,,,
AL,INGA,1961,11,15,19611107,600,,TS,19.5N,93.9W,60,,,,,,,,,,,,,
AL,INGA,1961,11,15,19611107,1200,,TS,19.5N,93.8W,60,,,,,,,,,,,,,
AL,INGA,1961,11,15,19611107,1800,,TS,19.5N,93.8W,60,,,,,,,,,,,,,
AL,INGA,1961,11,15,19611108,0,,TS,19.5N,93.8W,60,,,,,,,,,,,,,
AL,INGA,1961,11,15,19611108,600,,TS,19.5N,93.8W,55,,,,,,,,,,,,,
AL,INGA,1961,11,15,19611108,1200,,TS,19.4N,93.7W,50,,,,,,,,,,,,,
AL,ALMA,1962,1,30,19620826,1200,,TD,25.3N,79.7W,25,,,,,,,,,,,,,
AL,ALMA,1962,1,30,19620826,1800,,TD,26.4N,80.1W,25,,,,,,,,,,,,,
AL,ALMA,1962,1,30,19620827,0,,TD,27.7N,80.3W,25,,,,,,,,,,,,,
AL,ALMA,1962,1,30,19620827,600,,TD,29.2N,80.2W,30,1007,,,,,,,,,,,,
AL,ALMA,1962,1,30,19620827,1200,,TS,30.6N,79.7W,40,,,,,,,,,,,,,
AL,ALMA,1962,1,30,19620827,1800,,TS,31.8N,78.8W,45,,,,,,,,,,,,,
AL,ALMA,1962,1,30,19620828,0,,TS,32.9N,77.7W,45,1002,,,,,,,,,,,,
AL,ALMA,1962,1,30,19620828,600,,TS,34.1N,76.6W,50,,,,,,,,,,,,,
AL,ALMA,1962,1,30,19620828,1200,,HU,35.2N,75.3W,65,986,,,,,,,,,,,,
AL,ALMA,1962,1,30,19620828,1800,,HU,36.9N,73.5W,75,991,,,,,,,,,,,,
AL,ALMA,1962,1,30,19620829,0,,HU,38.7N,71.7W,80,988,,,,,,,,,,,,
AL,ALMA,1962,1,30,19620829,600,,HU,40.1N,70.4W,85,,,,,,,,,,,,,
AL,ALMA,1962,1,30,19620829,1200,,HU,41.0N,69.4W,80,990,,,,,,,,,,,,
AL,ALMA,1962,1,30,19620829,1800,,HU,41.5N,68.7W,75,,,,,,,,,,,,,
AL,ALMA,1962,1,30,19620830,0,,TS,41.5N,67.9W,60,994,,,,,,,,,,,,
AL,ALMA,1962,1,30,19620830,600,,TS,41.3N,67.0W,55,,,,,,,,,,,,,
AL,ALMA,1962,1,30,19620830,1200,,TS,41.0N,66.5W,45,,,,,,,,,,,,,
AL,ALMA,1962,1,30,19620830,1800,,EX,40.8N,65.1W,40,,,,,,,,,,,,,
AL,ALMA,1962,1,30,19620831,0,,EX,40.5N,64.3W,40,,,,,,,,,,,,,
AL,ALMA,1962,1,30,19620831,600,,EX,39.9N,63.5W,40,,,,,,,,,,,,,
AL,ALMA,1962,1,30,19620831,1200,,EX,39.1N,63.3W,40,,,,,,,,,,,,,
AL,ALMA,1962,1,30,19620831,1800,,EX,38.6N,63.8W,35,,,,,,,,,,,,,
AL,ALMA,1962,1,30,19620901,0,,EX,38.3N,64.4W,35,,,,,,,,,,,,,
AL,ALMA,1962,1,30,19620901,600,,EX,38.4N,65.1W,35,,,,,,,,,,,,,
AL,ALMA,1962,1,30,19620901,1200,,EX,38.8N,65.6W,35,,,,,,,,,,,,,
AL,ALMA,1962,1,30,19620901,1800,,EX,39.3N,65.2W,35,,,,,,,,,,,,,
AL,ALMA,1962,1,30,19620902,0,,EX,39.7N,65.0W,35,,,,,,,,,,,,,
AL,ALMA,1962,1,30,19620902,600,,EX,40.9N,63.6W,25,1002,,,,,,,,,,,,
AL,ALMA,1962,1,30,19620902,1200,,EX,42.2N,61.0W,15,,,,,,,,,,,,,
AL,ALMA,1962,1,30,19620902,1800,,EX,45.3N,55.5W,15,,,,,,,,,,,,,
AL,BECKY,1962,2,23,19620827,600,,TD,16.0N,18.8W,15,,,,,,,,,,,,,
AL,BECKY,1962,2,23,19620827,1200,,TD,16.0N,19.8W,15,,,,,,,,,,,,,
AL,BECKY,1962,2,23,19620827,1800,,TD,16.1N,20.7W,15,,,,,,,,,,,,,
AL,BECKY,1962,2,23,19620828,0,,TD,16.4N,21.7W,15,,,,,,,,,,,,,
AL,BECKY,1962,2,23,19620828,600,,TD,17.1N,22.3W,25,,,,,,,,,,,,,
AL,BECKY,1962,2,23,19620828,1200,,TD,18.2N,23.3W,30,,,,,,,,,,,,,
AL,BECKY,1962,2,23,19620828,1800,,TS,19.5N,23.3W,35,,,,,,,,,,,,,
AL,BECKY,1962,2,23,19620829,0,,TS,21.1N,23.5W,35,,,,,,,,,,,,,
AL,BECKY,1962,2,23,19620829,600,,TS,22.9N,23.9W,35,,,,,,,,,,,,,
AL,BECKY,1962,2,23,19620829,1200,,TS,24.6N,24.8W,35,,,,,,,,,,,,,
AL,BECKY,1962,2,23,19620829,1800,,TS,26.0N,26.0W,35,,,,,,,,,,,,,
AL,BECKY,1962,2,23,19620830,0,,TS,27.4N,27.1W,35,,,,,,,,,,,,,
AL,BECKY,1962,2,23,19620830,600,,TS,29.0N,28.2W,35,,,,,,,,,,,,,
AL,BECKY,1962,2,23,19620830,1200,,TS,30.7N,28.8W,35,,,,,,,,,,,,,
AL,BECKY,1962,2,23,19620830,1800,,TS,32.6N,27.9W,35,,,,,,,,,,,,,
AL,BECKY,1962,2,23,19620831,0,,TS,34.3N,26.8W,35,,,,,,,,,,,,,
AL,BECKY,1962,2,23,19620831,600,,EX,36.0N,25.2W,30,,,,,,,,,,,,,
AL,BECKY,1962,2,23,19620831,1200,,EX,37.4N,23.6W,25,,,,,,,,,,,,,
AL,BECKY,1962,2,23,19620831,1800,,EX,39.0N,21.9W,25,,,,,,,,,,,,,
AL,BECKY,1962,2,23,19620901,0,,EX,40.7N,19.5W,25,,,,,,,,,,,,,
AL,BECKY,1962,2,23,19620901,600,,EX,42.1N,17.0W,20,,,,,,,,,,,,,
AL,BECKY,1962,2,23,19620901,1200,,EX,43.3N,15.4W,15,,,,,,,,,,,,,
AL,BECKY,1962,2,23,19620901,1800,,EX,44.9N,14.0W,15,,,,,,,,,,,,,
AL,CELIA,1962,3,40,19620912,0,,TD,15.9N,45.9W,25,,,,,,,,,,,,,
AL,CELIA,1962,3,40,19620912,600,,TD,16.0N,46.7W,25,,,,,,,,,,,,,
AL,CELIA,1962,3,40,19620912,1200,,TD,16.2N,47.5W,30,,,,,,,,,,,,,
AL,CELIA,1962,3,40,19620912,1800,,TS,16.4N,48.7W,35,,,,,,,,,,,,,
AL,CELIA,1962,3,40,19620913,0,,TS,16.6N,49.8W,40,,,,,,,,,,,,,
AL,CELIA,1962,3,40,19620913,600,,TS,17.0N,51.2W,50,,,,,,,,,,,,,
AL,CELIA,1962,3,40,19620913,1200,,TS,17.5N,52.6W,60,995,,,,,,,,,,,,
AL,CELIA,1962,3,40,19620913,1800,,TS,17.9N,53.9W,50,,,,,,,,,,,,,
AL,CELIA,1962,3,40,19620914,0,,TS,18.4N,55.1W,45,,,,,,,,,,,,,
AL,CELIA,1962,3,40,19620914,600,,TS,18.8N,56.2W,45,1005,,,,,,,,,,,,
AL,CELIA,1962,3,40,19620914,1200,,TS,19.3N,57.3W,45,1007,,,,,,,,,,,,
AL,CELIA,1962,3,40,19620914,1800,,TS,19.7N,58.0W,45,,,,,,,,,,,,,
AL,CELIA,1962,3,40,19620915,0,,TS,20.1N,58.6W,40,,,,,,,,,,,,,
AL,CELIA,1962,3,40,19620915,600,,TS,20.8N,59.4W,35,,,,,,,,,,,,,
AL,CELIA,1962,3,40,19620915,1200,,TD,21.6N,60.1W,30,1010,,,,,,,,,,,,
AL,CELIA,1962,3,40,19620915,1800,,TD,23.1N,60.5W,30,,,,,,,,,,,,,
AL,CELIA,1962,3,40,19620916,0,,TD,24.6N,60.5W,25,,,,,,,,,,,,,
AL,CELIA,1962,3,40,19620916,600,,TD,26.0N,60.5W,25,,,,,,,,,,,,,
AL,CELIA,1962,3,40,19620916,1200,,TD,27.5N,60.3W,25,,,,,,,,,,,,,
AL,CELIA,1962,3,40,19620916,1800,,TD,28.7N,59.7W,25,,,,,,,,,,,,,
AL,CELIA,1962,3,40,19620917,0,,TD,29.7N,58.9W,25,1010,,,,,,,,,,,,
AL,CELIA,1962,3,40,19620917,600,,TD,30.1N,57.6W,25,,,,,,,,,,,,,
AL,CELIA,1962,3,40,19620917,1200,,TD,29.8N,56.3W,25,,,,,,,,,,,,,
AL,CELIA,1962,3,40,19620917,1800,,TD,30.0N,55.0W,25,,,,,,,,,,,,,
AL,CELIA,1962,3,40,19620918,0,,TD,30.3N,53.6W,25,,,,,,,,,,,,,
AL,CELIA,1962,3,40,19620918,600,,TD,30.5N,52.5W,25,,,,,,,,,,,,,
AL,CELIA,1962,3,40,19620918,1200,,TD,30.0N,51.6W,30,,,,,,,,,,,,,
AL,CELIA,1962,3,40,19620918,1800,,TD,29.6N,51.8W,30,,,,,,,,,,,,,
AL,CELIA,1962,3,40,19620919,0,,TD,29.1N,52.2W,30,,,,,,,,,,,,,
AL,CELIA,1962,3,40,19620919,600,,TS,29.2N,52.5W,35,,,,,,,,,,,,,
AL,CELIA,1962,3,40,19620919,1200,,TS,29.2N,52.8W,40,,,,,,,,,,,,,
AL,CELIA,1962,3,40,19620919,1800,,TS,29.3N,53.6W,40,1005,,,,,,,,,,,,
AL,CELIA,1962,3,40,19620920,0,,TS,29.6N,54.4W,40,,,,,,,,,,,,,
AL,CELIA,1962,3,40,19620920,600,,TD,30.7N,55.2W,30,,,,,,,,,,,,,
AL,CELIA,1962,3,40,19620920,1200,,TD,31.9N,55.5W,25,1009,,,,,,,,,,,,
AL,CELIA,1962,3,40,19620920,1800,,TD,32.7N,55.2W,25,,,,,,,,,,,,,
AL,CELIA,1962,3,40,19620921,0,,TD,33.6N,54.8W,25,,,,,,,,,,,,,
AL,CELIA,1962,3,40,19620921,600,,TD,35.8N,53.7W,25,,,,,,,,,,,,,
AL,CELIA,1962,3,40,19620921,1200,,EX,38.0N,52.6W,25,,,,,,,,,,,,,
AL,CELIA,1962,3,40,19620921,1800,,EX,40.7N,52.1W,25,,,,,,,,,,,,,
AL,DAISY,1962,4,41,19620929,600,,TD,14.5N,48.9W,25,,,,,,,,,,,,,
AL,DAISY,1962,4,41,19620929,1200,,TD,14.8N,50.5W,25,,,,,,,,,,,,,
AL,DAISY,1962,4,41,19620929,1800,,TD,15.0N,52.3W,30,,,,,,,,,,,,,
AL,DAISY,1962,4,41,19620930,0,,TD,15.2N,54.0W,30,,,,,,,,,,,,,
AL,DAISY,1962,4,41,19620930,600,,TD,15.5N,55.6W,30,,,,,,,,,,,,,
AL,DAISY,1962,4,41,19620930,1200,,TD,15.8N,57.2W,30,,,,,,,,,,,,,
AL,DAISY,1962,4,41,19620930,1800,,TD,16.3N,58.8W,30,,,,,,,,,,,,,
AL,DAISY,1962,4,41,19621001,0,,TD,16.9N,59.9W,30,,,,,,,,,,,,,
AL,DAISY,1962,4,41,19621001,600,,TD,17.4N,60.7W,30,,,,,,,,,,,,,
AL,DAISY,1962,4,41,19621001,1200,,TD,17.8N,61.2W,30,,,,,,,,,,,,,
AL,DAISY,1962,4,41,19621001,1800,,TD,19.0N,62.0W,30,,,,,,,,,,,,,
AL,DAISY,1962,4,41,19621002,0,,TD,20.3N,62.6W,30,,,,,,,,,,,,,
AL,DAISY,1962,4,41,19621002,600,,TD,21.3N,62.8W,30,1003,,,,,,,,,,,,
AL,DAISY,1962,4,41,19621002,1200,,TS,21.8N,63.2W,40,,,,,,,,,,,,,
AL,DAISY,1962,4,41,19621002,1800,,TS,22.5N,63.8W,45,,,,,,,,,,,,,
AL,DAISY,1962,4,41,19621003,0,,TS,22.8N,64.4W,50,,,,,,,,,,,,,
AL,DAISY,1962,4,41,19621003,600,,TS,23.1N,65.1W,55,,,,,,,,,,,,,
AL,DAISY,1962,4,41,19621003,1200,,TS,23.3N,65.6W,60,,,,,,,,,,,,,
AL,DAISY,1962,4,41,19621003,1800,,HU,23.6N,66.3W,65,,,,,,,,,,,,,
AL,DAISY,1962,4,41,19621004,0,,HU,23.9N,67.0W,65,994,,,,,,,,,,,,
AL,DAISY,1962,4,41,19621004,600,,HU,24.1N,67.3W,65,,,,,,,,,,,,,
AL,DAISY,1962,4,41,19621004,1200,,HU,24.3N,68.1W,65,,,,,,,,,,,,,
AL,DAISY,1962,4,41,19621004,1800,,HU,24.8N,68.9W,70,986,,,,,,,,,,,,
AL,DAISY,1962,4,41,19621005,0,,HU,25.5N,69.4W,80,,,,,,,,,,,,,
AL,DAISY,1962,4,41,19621005,600,,HU,26.4N,69.8W,85,,,,,,,,,,,,,
AL,DAISY,1962,4,41,19621005,1200,,HU,27.2N,69.8W,85,,,,,,,,,,,,,
AL,DAISY,1962,4,41,19621005,1800,,HU,28.0N,69.6W,95,969,,,,,,,,,,,,
AL,DAISY,1962,4,41,19621006,0,,HU,29.2N,69.6W,90,,,,,,,,,,,,,
AL,DAISY,1962,4,41,19621006,600,,HU,31.0N,68.6W,80,,,,,,,,,,,,,
AL,DAISY,1962,4,41,19621006,1200,,HU,32.8N,68.1W,85,965,,,,,,,,,,,,
AL,DAISY,1962,4,41,19621006,1800,,HU,34.5N,67.5W,95,968,,,,,,,,,,,,
AL,DAISY,1962,4,41,19621007,0,,HU,37.1N,66.3W,95,,,,,,,,,,,,,
AL,DAISY,1962,4,41,19621007,600,,HU,39.1N,65.4W,70,975,,,,,,,,,,,,
AL,DAISY,1962,4,41,19621007,1200,,HU,42.2N,66.6W,65,,,,,,,,,,,,,
AL,DAISY,1962,4,41,19621007,1800,,HU,42.7N,66.9W,65,,,,,,,,,,,,,
AL,DAISY,1962,4,41,19621008,0,,HU,43.5N,66.5W,65,,,,,,,,,,,,,
AL,DAISY,1962,4,41,19621008,600,,HU,44.1N,64.8W,65,,,,,,,,,,,,,
AL,DAISY,1962,4,41,19621008,1200,,EX,44.7N,62.8W,55,,,,,,,,,,,,,
AL,DAISY,1962,4,41,19621008,1800,,EX,45.1N,60.3W,50,,,,,,,,,,,,,
AL,DAISY,1962,4,41,19621009,0,,EX,45.5N,57.7W,50,,,,,,,,,,,,,
AL,DAISY,1962,4,41,19621009,600,,EX,46.0N,54.9W,50,,,,,,,,,,,,,
AL,ELLA,1962,5,36,19621014,1800,,TD,22.1N,71.4W,25,,,,,,,,,,,,,
AL,ELLA,1962,5,36,19621015,0,,TD,23.8N,72.1W,25,1002,,,,,,,,,,,,
AL,ELLA,1962,5,36,19621015,600,,TD,24.7N,72.1W,30,,,,,,,,,,,,,
AL,ELLA,1962,5,36,19621015,1200,,TS,25.0N,72.1W,35,,,,,,,,,,,,,
AL,ELLA,1962,5,36,19621015,1800,,TS,25.2N,72.1W,40,1002,,,,,,,,,,,,
AL,ELLA,1962,5,36,19621016,0,,TS,25.8N,72.2W,40,1002,,,,,,,,,,,,
AL,ELLA,1962,5,36,19621016,600,,TS,26.1N,72.6W,50,,,,,,,,,,,,,
AL,ELLA,1962,5,36,19621016,1200,,TS,26.3N,73.2W,55,,,,,,,,,,,,,
AL,ELLA,1962,5,36,19621016,1800,,TS,26.4N,74.0W,60,1002,,,,,,,,,,,,
AL,ELLA,1962,5,36,19621017,0,,TS,26.7N,74.8W,60,994,,,,,,,,,,,,
AL,ELLA,1962,5,36,19621017,600,,TS,27.0N,75.1W,60,997,,,,,,,,,,,,
AL,ELLA,1962,5,36,19621017,1200,,TS,27.4N,75.2W,60,992,,,,,,,,,,,,
AL,ELLA,1962,5,36,19621017,1800,,HU,28.1N,75.4W,70,987,,,,,,,,,,,,
AL,ELLA,1962,5,36,19621018,0,,HU,28.7N,75.6W,75,,,,,,,,,,,,,
AL,ELLA,1962,5,36,19621018,600,,HU,29.2N,75.7W,70,981,,,,,,,,,,,,
AL,ELLA,1962,5,36,19621018,1200,,HU,29.7N,75.8W,70,978,,,,,,,,,,,,
AL,ELLA,1962,5,36,19621018,1800,,HU,30.2N,75.8W,70,976,,,,,,,,,,,,
AL,ELLA,1962,5,36,19621019,0,,HU,30.7N,75.8W,75,,,,,,,,,,,,,
AL,ELLA,1962,5,36,19621019,600,,HU,30.7N,75.1W,80,973,,,,,,,,,,,,
AL,ELLA,1962,5,36,19621019,1200,,HU,30.7N,74.6W,90,969,,,,,,,,,,,,
AL,ELLA,1962,5,36,19621019,1800,,HU,31.3N,73.6W,100,962,,,,,,,,,,,,
AL,ELLA,1962,5,36,19621020,0,,HU,31.9N,72.8W,100,,,,,,,,,,,,,
AL,ELLA,1962,5,36,19621020,600,,HU,33.0N,71.8W,85,960,,,,,,,,,,,,
AL,ELLA,1962,5,36,19621020,1200,,HU,33.9N,70.8W,85,960,,,,,,,,,,,,
AL,ELLA,1962,5,36,19621020,1800,,HU,34.6N,69.6W,85,964,,,,,,,,,,,,
AL,ELLA,1962,5,36,19621021,0,,HU,35.2N,68.1W,80,,,,,,,,,,,,,
AL,ELLA,1962,5,36,19621021,600,,HU,36.0N,66.3W,75,,,,,,,,,,,,,
AL,ELLA,1962,5,36,19621021,1200,,HU,36.7N,64.6W,70,972,,,,,,,,,,,,
AL,ELLA,1962,5,36,19621021,1800,,HU,37.5N,62.6W,65,950,,,,,,,,,,,,
AL,ELLA,1962,5,36,19621022,0,,HU,39.5N,59.7W,65,,,,,,,,,,,,,
AL,ELLA,1962,5,36,19621022,600,,EX,42.9N,56.3W,60,,,,,,,,,,,,,
AL,ELLA,1962,5,36,19621022,1200,,EX,46.7N,53.4W,60,,,,,,,,,,,,,
AL,ELLA,1962,5,36,19621022,1800,,EX,49.0N,50.0W,60,,,,,,,,,,,,,
AL,ELLA,1962,5,36,19621023,0,,EX,52.0N,45.1W,60,,,,,,,,,,,,,
AL,ELLA,1962,5,36,19621023,600,,EX,54.1N,41.4W,60,,,,,,,,,,,,,
AL,ELLA,1962,5,36,19621023,1200,,EX,56.2N,37.0W,60,,,,,,,,,,,,,
AL,ARLENE,1963,1,43,19630731,1800,,TD,11.0N,39.4W,25,,,,,,,,,,,,,
AL,ARLENE,1963,1,43,19630801,0,,TD,11.0N,40.9W,25,,,,,,,,,,,,,
AL,ARLENE,1963,1,43,19630801,600,,TD,11.1N,42.2W,25,,,,,,,,,,,,,
AL,ARLENE,1963,1,43,19630801,1200,,TD,11.2N,43.5W,25,,,,,,,,,,,,,
AL,ARLENE,1963,1,43,19630801,1800,,TD,11.3N,44.8W,30,,,,,,,,,,,,,
AL,ARLENE,1963,1,43,19630802,0,,TS,11.5N,46.0W,40,,,,,,,,,,,,,
AL,ARLENE,1963,1,43,19630802,600,,TS,12.4N,47.4W,50,,,,,,,,,,,,,
AL,ARLENE,1963,1,43,19630802,1200,,HU,13.3N,48.7W,70,,,,,,,,,,,,,
AL,ARLENE,1963,1,43,19630802,1800,,HU,14.3N,49.9W,90,987,,,,,,,,,,,,
AL,ARLENE,1963,1,43,19630803,0,,HU,14.9N,50.8W,80,996,,,,,,,,,,,,
AL,ARLENE,1963,1,43,19630803,600,,HU,15.2N,52.3W,65,,,,,,,,,,,,,
AL,ARLENE,1963,1,43,19630803,1200,,HU,15.5N,53.9W,65,1000,,,,,,,,,,,,
AL,ARLENE,1963,1,43,19630803,1800,,HU,15.9N,55.3W,65,988,,,,,,,,,,,,
AL,ARLENE,1963,1,43,19630804,0,,TS,16.3N,56.7W,50,,,,,,,,,,,,,
AL,ARLENE,1963,1,43,19630804,600,,TS,16.7N,58.0W,45,,,,,,,,,,,,,
AL,ARLENE,1963,1,43,19630804,1200,,TD,17.4N,59.2W,30,1007,,,,,,,,,,,,
AL,ARLENE,1963,1,43,19630804,1800,,TD,18.2N,60.3W,30,,,,,,,,,,,,,
AL,ARLENE,1963,1,43,19630805,0,,TD,19.1N,61.4W,30,,,,,,,,,,,,,
AL,ARLENE,1963,1,43,19630805,600,,TD,20.0N,62.5W,25,,,,,,,,,,,,,
AL,ARLENE,1963,1,43,19630805,1200,,TD,21.0N,63.6W,25,1011,,,,,,,,,,,,
AL,ARLENE,1963,1,43,19630805,1800,,TD,22.0N,64.6W,25,,,,,,,,,,,,,
AL,ARLENE,1963,1,43,19630806,0,,TD,22.8N,65.6W,25,,,,,,,,,,,,,
AL,ARLENE,1963,1,43,19630806,600,,TD,23.5N,66.7W,25,,,,,,,,,,,,,
AL,ARLENE,1963,1,43,19630806,1200,,TD,24.0N,68.0W,25,1012,,,,,,,,,,,,
AL,ARLENE,1963,1,43,19630806,1800,,TD,24.4N,68.8W,30,,,,,,,,,,,,,
AL,ARLENE,1963,1,43,19630807,0,,TD,25.0N,69.5W,30,,,,,,,,,,,,,
AL,ARLENE,1963,1,43,19630807,600,,TD,25.4N,70.1W,30,,,,,,,,,,,,,
AL,ARLENE,1963,1,43,19630807,1200,,TD,26.0N,70.3W,30,,,,,,,,,,,,,
AL,ARLENE,1963,1,43,19630807,1800,,TD,26.5N,70.4W,30,,,,,,,,,,,,,
AL,ARLENE,1963,1,43,19630808,0,,TS,27.3N,70.5W,55,,,,,,,,,,,,,
AL,ARLENE,1963,1,43,19630808,600,,TS,28.0N,70.1W,60,,,,,,,,,,,,,
AL,ARLENE,1963,1,43,19630808,1200,,HU,28.5N,69.7W,65,981,,,,,,,,,,,,
AL,ARLENE,1963,1,43,19630808,1800,,HU,28.8N,69.1W,65,981,,,,,,,,,,,,
AL,ARLENE,1963,1,43,19630809,0,,HU,29.3N,68.5W,65,,,,,,,,,,,,,
AL,ARLENE,1963,1,43,19630809,600,,HU,30.0N,67.6W,70,,,,,,,,,,,,,
AL,ARLENE,1963,1,43,19630809,1200,,HU,31.3N,66.2W,75,979,,,,,,,,,,,,
AL,ARLENE,1963,1,43,19630809,1800,,HU,32.8N,64.0W,90,974,,,,,,,,,,,,
AL,ARLENE,1963,1,43,19630810,0,,HU,34.5N,61.5W,90,969,,,,,,,,,,,,
AL,ARLENE,1963,1,43,19630810,600,,HU,36.4N,59.0W,90,,,,,,,,,,,,,
AL,ARLENE,1963,1,43,19630810,1200,,HU,38.0N,56.1W,85,985,,,,,,,,,,,,
AL,ARLENE,1963,1,43,19630810,1800,,HU,40.0N,54.0W,80,,,,,,,,,,,,,
AL,ARLENE,1963,1,43,19630811,0,,EX,42.5N,52.0W,65,,,,,,,,,,,,,
AL,ARLENE,1963,1,43,19630811,600,,EX,44.8N,50.1W,65,,,,,,,,,,,,,
AL,BEULAH,1963,2,34,19630820,1200,,TD,13.7N,49.5W,30,,,,,,,,,,,,,
AL,BEULAH,1963,2,34,19630820,1800,,TD,14.3N,50.9W,30,1006,,,,,,,,,,,,
AL,BEULAH,1963,2,34,19630821,0,,TD,15.0N,51.7W,30,,,,,,,,,,,,,
AL,BEULAH,1963,2,34,19630821,600,,TS,15.5N,52.8W,35,,,,,,,,,,,,,
AL,BEULAH,1963,2,34,19630821,1200,,TS,16.0N,53.5W,35,,,,,,,,,,,,,
AL,BEULAH,1963,2,34,19630821,1800,,TS,16.5N,54.6W,45,1005,,,,,,,,,,,,
AL,BEULAH,1963,2,34,19630822,0,,TS,16.8N,55.4W,45,,,,,,,,,,,,,
AL,BEULAH,1963,2,34,19630822,600,,TS,17.3N,56.0W,55,,,,,,,,,,,,,
AL,BEULAH,1963,2,34,19630822,1200,,HU,17.9N,56.9W,70,994,,,,,,,,,,,,
AL,BEULAH,1963,2,34,19630822,1800,,HU,18.7N,57.8W,75,,,,,,,,,,,,,
AL,BEULAH,1963,2,34,19630823,0,,HU,19.6N,58.3W,80,,,,,,,,,,,,,
AL,BEULAH,1963,2,34,19630823,600,,HU,20.5N,58.8W,85,,,,,,,,,,,,,
AL,BEULAH,1963,2,34,19630823,1200,,HU,21.3N,59.1W,85,,,,,,,,,,,,,
AL,BEULAH,1963,2,34,19630823,1800,,HU,22.1N,59.2W,90,962,,,,,,,,,,,,
AL,BEULAH,1963,2,34,19630824,0,,HU,22.6N,59.4W,95,,,,,,,,,,,,,
AL,BEULAH,1963,2,34,19630824,600,,HU,23.1N,59.6W,105,958,,,,,,,,,,,,
AL,BEULAH,1963,2,34,19630824,1200,,HU,23.7N,59.7W,105,,,,,,,,,,,,,
AL,BEULAH,1963,2,34,19630824,1800,,HU,24.1N,59.8W,100,961,,,,,,,,,,,,
AL,BEULAH,1963,2,34,19630825,0,,HU,24.8N,60.0W,85,,,,,,,,,,,,,
AL,BEULAH,1963,2,34,19630825,600,,HU,25.6N,60.2W,80,,,,,,,,,,,,,
AL,BEULAH,1963,2,34,19630825,1200,,HU,26.6N,60.3W,75,985,,,,,,,,,,,,
AL,BEULAH,1963,2,34,19630825,1800,,HU,27.8N,60.4W,80,976,,,,,,,,,,,,
AL,BEULAH,1963,2,34,19630826,0,,HU,29.0N,60.2W,80,978,,,,,,,,,,,,
AL,BEULAH,1963,2,34,19630826,600,,HU,30.4N,59.2W,85,,,,,,,,,,,,,
AL,BEULAH,1963,2,34,19630826,1200,,HU,31.6N,58.3W,85,983,,,,,,,,,,,,
AL,BEULAH,1963,2,34,19630826,1800,,HU,32.9N,57.0W,85,979,,,,,,,,,,,,
AL,BEULAH,1963,2,34,19630827,0,,HU,34.5N,55.3W,80,,,,,,,,,,,,,
AL,BEULAH,1963,2,34,19630827,600,,HU,36.3N,53.6W,75,,,,,,,,,,,,,
AL,BEULAH,1963,2,34,19630827,1200,,HU,38.4N,52.3W,70,,,,,,,,,,,,,
AL,BEULAH,1963,2,34,19630827,1800,,HU,41.6N,51.0W,70,,,,,,,,,,,,,
AL,BEULAH,1963,2,34,19630828,0,,HU,45.8N,48.3W,70,,,,,,,,,,,,,
AL,BEULAH,1963,2,34,19630828,600,,EX,49.4N,44.9W,65,,,,,,,,,,,,,
AL,BEULAH,1963,2,34,19630828,1200,,EX,51.6N,41.0W,60,,,,,,,,,,,,,
AL,BEULAH,1963,2,34,19630828,1800,,EX,54.2N,35.5W,60,,,,,,,,,,,,,
AL,UNNAMED,1963,3,21,19630910,600,,TD,30.5N,66.4W,25,,,,,,,,,,,,,
AL,UNNAMED,1963,3,21,19630910,1200,,TD,32.0N,66.1W,25,1007,,,,,,,,,,,,
AL,UNNAMED,1963,3,21,19630910,1800,,TD,32.9N,63.9W,25,,,,,,,,,,,,,
AL,UNNAMED,1963,3,21,19630911,0,,TD,33.8N,61.8W,25,,,,,,,,,,,,,
AL,UNNAMED,1963,3,21,19630911,600,,TS,34.8N,59.7W,35,,,,,,,,,,,,,
AL,UNNAMED,1963,3,21,19630911,1200,,TS,35.8N,57.6W,35,1004,,,,,,,,,,,,
AL,UNNAMED,1963,3,21,19630911,1800,,TS,36.5N,55.8W,35,,,,,,,,,,,,,
AL,UNNAMED,1963,3,21,19630912,0,,TS,37.0N,54.2W,35,,,,,,,,,,,,,
AL,UNNAMED,1963,3,21,19630912,600,,TS,37.1N,52.6W,45,,,,,,,,,,,,,
AL,UNNAMED,1963,3,21,19630912,1200,,TS,37.2N,51.3W,50,,,,,,,,,,,,,
AL,UNNAMED,1963,3,21,19630912,1800,,TS,37.9N,51.0W,50,992,,,,,,,,,,,,
AL,UNNAMED,1963,3,21,19630913,0,,TS,38.8N,51.7W,50,,,,,,,,,,,,,
AL,UNNAMED,1963,3,21,19630913,600,,TS,39.7N,51.0W,50,,,,,,,,,,,,,
AL,UNNAMED,1963,3,21,19630913,1200,,TS,41.0N,49.7W,50,,,,,,,,,,,,,
AL,UNNAMED,1963,3,21,19630913,1800,,TS,43.2N,47.8W,50,,,,,,,,,,,,,
AL,UNNAMED,1963,3,21,19630914,0,,TS,45.7N,44.6W,50,,,,,,,,,,,,,
AL,UNNAMED,1963,3,21,19630914,600,,TS,47.8N,39.9W,50,995,,,,,,,,,,,,
AL,UNNAMED,1963,3,21,19630914,1200,,TS,49.8N,35.2W,50,,,,,,,,,,,,,
AL,UNNAMED,1963,3,21,19630914,1800,,EX,51.5N,30.6W,50,,,,,,,,,,,,,
AL,UNNAMED,1963,3,21,19630915,0,,EX,53.0N,26.1W,50,,,,,,,,,,,,,
AL,UNNAMED,1963,3,21,19630915,600,,EX,54.9N,22.0W,50,,,,,,,,,,,,,
AL,CINDY,1963,4,15,19630916,1200,,TS,26.7N,93.7W,40,,,,,,,,,,,,,
AL,CINDY,1963,4,15,19630916,1800,,TS,27.3N,93.9W,60,,,,,,,,,,,,,
AL,CINDY,1963,4,15,19630917,0,,HU,28.0N,93.9W,70,996,,,,,,,,,,,,
AL,CINDY,1963,4,15,19630917,600,,HU,28.7N,94.1W,65,,,,,,,,,,,,,
AL,CINDY,1963,4,15,19630917,1200,,HU,29.4N,94.4W,65,,,,,,,,,,,,,
AL,CINDY,1963,4,15,19630917,1800,,HU,29.8N,94.4W,65,997,,,,,,,,,,,,
AL,CINDY,1963,4,15,19630918,0,,HU,30.0N,94.6W,65,,,,,,,,,,,,,
AL,CINDY,1963,4,15,19630918,600,,TS,30.1N,94.9W,35,,,,,,,,,,,,,
AL,CINDY,1963,4,15,19630918,1200,,TD,30.1N,95.2W,30,,,,,,,,,,,,,
AL,CINDY,1963,4,15,19630918,1800,,TD,29.9N,95.6W,25,,,,,,,,,,,,,
AL,CINDY,1963,4,15,19630919,0,,TD,29.5N,96.0W,25,,,,,,,,,,,,,
AL,CINDY,1963,4,15,19630919,600,,TD,29.2N,96.4W,25,,,,,,,,,,,,,
AL,CINDY,1963,4,15,19630919,1200,,TD,28.7N,97.0W,25,,,,,,,,,,,,,
AL,CINDY,1963,4,15,19630919,1800,,TD,28.4N,97.4W,25,,,,,,,,,,,,,
AL,CINDY,1963,4,15,19630920,0,,TD,27.8N,98.1W,25,,,,,,,,,,,,,
AL,DEBRA,1963,5,23,19630919,600,,TD,14.4N,38.3W,25,,,,,,,,,,,,,
AL,DEBRA,1963,5,23,19630919,1200,,TD,15.0N,39.8W,25,1011,,,,,,,,,,,,
AL,DEBRA,1963,5,23,19630919,1800,,TD,15.7N,41.2W,30,,,,,,,,,,,,,
AL,DEBRA,1963,5,23,19630920,0,,TD,16.4N,42.6W,30,,,,,,,,,,,,,
AL,DEBRA,1963,5,23,19630920,600,,TD,17.2N,44.0W,25,,,,,,,,,,,,,
AL,DEBRA,1963,5,23,19630920,1200,,TD,17.9N,45.3W,25,,,,,,,,,,,,,
AL,DEBRA,1963,5,23,19630920,1800,,TD,18.8N,46.7W,30,1008,,,,,,,,,,,,
AL,DEBRA,1963,5,23,19630921,0,,TS,19.9N,47.9W,35,,,,,,,,,,,,,
AL,DEBRA,1963,5,23,19630921,600,,TS,20.9N,48.5W,40,,,,,,,,,,,,,
AL,DEBRA,1963,5,23,19630921,1200,,TS,21.9N,48.8W,50,,,,,,,,,,,,,
AL,DEBRA,1963,5,23,19630921,1800,,HU,23.0N,48.9W,65,1000,,,,,,,,,,,,
AL,DEBRA,1963,5,23,19630922,0,,HU,23.8N,48.9W,65,,,,,,,,,,,,,
AL,DEBRA,1963,5,23,19630922,600,,HU,24.6N,48.8W,65,,,,,,,,,,,,,
AL,DEBRA,1963,5,23,19630922,1200,,HU,25.3N,48.7W,65,1002,,,,,,,,,,,,
AL,DEBRA,1963,5,23,19630922,1800,,HU,26.0N,48.5W,65,999,,,,,,,,,,,,
AL,DEBRA,1963,5,23,19630923,0,,HU,26.6N,48.2W,65,,,,,,,,,,,,,
AL,DEBRA,1963,5,23,19630923,600,,TS,27.3N,47.9W,55,,,,,,,,,,,,,
AL,DEBRA,1963,5,23,19630923,1200,,TS,28.0N,47.7W,50,,,,,,,,,,,,,
AL,DEBRA,1963,5,23,19630923,1800,,TS,28.8N,47.5W,45,999,,,,,,,,,,,,
AL,DEBRA,1963,5,23,19630924,0,,TS,30.2N,47.5W,40,,,,,,,,,,,,,
AL,DEBRA,1963,5,23,19630924,600,,TS,31.7N,47.9W,35,,,,,,,,,,,,,
AL,DEBRA,1963,5,23,19630924,1200,,TS,33.4N,48.4W,35,1011,,,,,,,,,,,,
AL,DEBRA,1963,5,23,19630924,1800,,EX,35.4N,48.0W,30,,,,,,,,,,,,,
AL,EDITH,1963,6,24,19630923,1200,,TD,11.0N,52.0W,25,,,,,,,,,,,,,
AL,EDITH,1963,6,24,19630923,1800,,TD,11.5N,53.0W,25,,,,,,,,,,,,,
AL,EDITH,1963,6,24,19630924,0,,TD,12.1N,54.0W,30,1005,,,,,,,,,,,,
AL,EDITH,1963,6,24,19630924,600,,TD,12.5N,55.3W,30,,,,,,,,,,,,,
AL,EDITH,1963,6,24,19630924,1200,,TS,12.9N,56.5W,35,1004,,,,,,,,,,,,
AL,EDITH,1963,6,24,19630924,1800,,HU,13.2N,58.2W,65,1000,,,,,,,,,,,,
AL,EDITH,1963,6,24,19630925,0,,HU,13.7N,59.6W,85,,,,,,,,,,,,,
AL,EDITH,1963,6,24,19630925,600,,HU,13.9N,60.6W,75,,,,,,,,,,,,,
AL,EDITH,1963,6,24,19630925,1200,,HU,14.4N,61.6W,85,993,,,,,,,,,,,,
AL,EDITH,1963,6,24,19630925,1800,,HU,14.7N,62.7W,85,990,,,,,,,,,,,,
AL,EDITH,1963,6,24,19630926,0,,HU,15.0N,64.1W,65,,,,,,,,,,,,,
AL,EDITH,1963,6,24,19630926,600,,HU,15.3N,65.4W,65,998,,,,,,,,,,,,
AL,EDITH,1963,6,24,19630926,1200,,HU,15.8N,66.9W,65,1000,,,,,,,,,,,,
AL,EDITH,1963,6,24,19630926,1800,,HU,16.8N,67.3W,65,1000,,,,,,,,,,,,
AL,EDITH,1963,6,24,19630927,0,,HU,17.8N,67.5W,65,,,,,,,,,,,,,
AL,EDITH,1963,6,24,19630927,600,,HU,18.1N,69.0W,65,996,,,,,,,,,,,,
AL,EDITH,1963,6,24,19630927,1200,,HU,18.7N,69.3W,65,,,,,,,,,,,,,
AL,EDITH,1963,6,24,19630927,1800,,HU,19.5N,69.9W,65,999,,,,,,,,,,,,
AL,EDITH,1963,6,24,19630928,0,,TS,20.2N,70.5W,40,,,,,,,,,,,,,
AL,EDITH,1963,6,24,19630928,600,,TS,20.7N,70.9W,35,,,,,,,,,,,,,
AL,EDITH,1963,6,24,19630928,1200,,TS,21.3N,71.5W,35,,,,,,,,,,,,,
AL,EDITH,1963,6,24,19630928,1800,,TS,21.8N,72.0W,35,,,,,,,,,,,,,
AL,EDITH,1963,6,24,19630929,0,,TD,22.6N,72.3W,30,,,,,,,,,,,,,
AL,EDITH,1963,6,24,19630929,600,,TD,23.1N,72.0W,30,,,,,,,,,,,,,
AL,FLORA,1963,7,69,19630926,1200,,TD,8.0N,33.0W,25,,,,,,,,,,,,,
AL,FLORA,1963,7,69,19630926,1800,,TD,8.1N,34.8W,25,,,,,,,,,,,,,
AL,FLORA,1963,7,69,19630927,0,,TD,8.2N,36.5W,25,,,,,,,,,,,,,
AL,FLORA,1963,7,69,19630927,600,,TD,8.3N,38.3W,30,,,,,,,,,,,,,
AL,FLORA,1963,7,69,19630927,1200,,TD,8.5N,40.0W,30,,,,,,,,,,,,,
AL,FLORA,1963,7,69,19630927,1800,,TD,8.7N,41.6W,30,,,,,,,,,,,,,
AL,FLORA,1963,7,69,19630928,0,,TD,8.8N,43.2W,30,,,,,,,,,,,,,
AL,FLORA,1963,7,69,19630928,600,,TD,9.0N,44.7W,30,,,,,,,,,,,,,
AL,FLORA,1963,7,69,19630928,1200,,TD,9.2N,46.3W,30,,,,,,,,,,,,,
AL,FLORA,1963,7,69,19630928,1800,,TD,9.5N,47.9W,30,,,,,,,,,,,,,
AL,FLORA,1963,7,69,19630929,0,,TD,9.8N,49.5W,30,,,,,,,,,,,,,
AL,FLORA,1963,7,69,19630929,600,,TD,9.9N,51.1W,30,,,,,,,,,,,,,
AL,FLORA,1963,7,69,19630929,1200,,TS,10.0N,52.8W,40,1000,,,,,,,,,,,,
AL,FLORA,1963,7,69,19630929,1800,,TS,10.1N,54.4W,55,,,,,,,,,,,,,
AL,FLORA,1963,7,69,19630930,0,,HU,10.3N,56.0W,70,,,,,,,,,,,,,
AL,FLORA,1963,7,69,19630930,600,,HU,10.4N,57.6W,85,,,,,,,,,,,,,
AL,FLORA,1963,7,69,19630930,1200,,HU,10.7N,59.1W,100,994,,,,,,,,,,,,
AL,FLORA,1963,7,69,19630930,1800,,HU,11.2N,60.7W,105,978,,,,,,,,,,,,
AL,FLORA,1963,7,69,19631001,0,,HU,11.6N,62.0W,110,981,,,,,,,,,,,,
AL,FLORA,1963,7,69,19631001,600,,HU,12.0N,63.3W,110,981,,,,,,,,,,,,
AL,FLORA,1963,7,69,19631001,1200,,HU,12.5N,64.8W,115,974,,,,,,,,,,,,
AL,FLORA,1963,7,69,19631001,1800,,HU,13.0N,66.0W,115,975,,,,,,,,,,,,
AL,FLORA,1963,7,69,19631002,0,,HU,13.6N,67.3W,120,970,,,,,,,,,,,,
AL,FLORA,1963,7,69,19631002,600,,HU,14.1N,68.3W,120,,,,,,,,,,,,,
AL,FLORA,1963,7,69,19631002,1200,,HU,14.6N,69.2W,120,968,,,,,,,,,,,,
AL,FLORA,1963,7,69,19631002,1800,,HU,15.1N,70.0W,120,968,,,,,,,,,,,,
AL,FLORA,1963,7,69,19631003,0,,HU,15.5N,70.6W,120,,,,,,,,,,,,,
AL,FLORA,1963,7,69,19631003,600,,HU,15.9N,71.4W,125,,,,,,,,,,,,,
AL,FLORA,1963,7,69,19631003,1200,,HU,16.5N,72.0W,125,940,,,,,,,,,,,,
AL,FLORA,1963,7,69,19631003,1800,,HU,17.1N,72.5W,125,944,,,,,,,,,,,,
AL,FLORA,1963,7,69,19631004,0,,HU,18.0N,73.1W,125,944,,,,,,,,,,,,
AL,FLORA,1963,7,69,19631004,600,,HU,19.1N,74.2W,105,995,,,,,,,,,,,,
AL,FLORA,1963,7,69,19631004,1200,,HU,19.3N,74.5W,105,970,,,,,,,,,,,,
AL,FLORA,1963,7,69,19631004,1800,,HU,20.3N,74.9W,105,970,,,,,,,,,,,,
AL,FLORA,1963,7,69,19631005,0,,HU,20.8N,75.9W,110,,,,,,,,,,,,,
AL,FLORA,1963,7,69,19631005,600,,HU,20.8N,76.5W,110,,,,,,,,,,,,,
AL,FLORA,1963,7,69,19631005,1200,,HU,20.8N,76.8W,105,985,,,,,,,,,,,,
AL,FLORA,1963,7,69,19631005,1800,,HU,20.5N,77.0W,100,,,,,,,,,,,,,
AL,FLORA,1963,7,69,19631006,0,,HU,20.4N,77.4W,100,,,,,,,,,,,,,
AL,FLORA,1963,7,69,19631006,600,,HU,20.3N,77.6W,95,,,,,,,,,,,,,
AL,FLORA,1963,7,69,19631006,1200,,HU,20.2N,77.9W,90,985,,,,,,,,,,,,
AL,FLORA,1963,7,69,19631006,1800,,HU,20.5N,78.1W,85,,,,,,,,,,,,,
AL,FLORA,1963,7,69,19631007,0,,HU,20.6N,78.3W,85,,,,,,,,,,,,,
AL,FLORA,1963,7,69,19631007,600,,HU,20.7N,78.2W,80,,,,,,,,,,,,,
AL,FLORA,1963,7,69,19631007,1200,,HU,20.8N,78.1W,80,986,,,,,,,,,,,,
AL,FLORA,1963,7,69,19631007,1800,,HU,21.0N,78.0W,75,,,,,,,,,,,,,
AL,FLORA,1963,7,69,19631008,0,,HU,21.3N,77.7W,75,,,,,,,,,,,,,
AL,FLORA,1963,7,69,19631008,600,,HU,21.2N,77.0W,75,989,,,,,,,,,,,,
AL,FLORA,1963,7,69,19631008,1200,,HU,21.1N,76.2W,70,990,,,,,,,,,,,,
AL,FLORA,1963,7,69,19631008,1800,,HU,21.5N,75.4W,75,990,,,,,,,,,,,,
AL,FLORA,1963,7,69,19631009,0,,HU,21.7N,74.4W,75,983,,,,,,,,,,,,
AL,FLORA,1963,7,69,19631009,600,,HU,22.3N,72.8W,75,,,,,,,,,,,,,
AL,FLORA,1963,7,69,19631009,1200,,HU,23.5N,71.6W,80,975,,,,,,,,,,,,
AL,FLORA,1963,7,69,19631009,1800,,HU,25.0N,70.0W,85,965,,,,,,,,,,,,
AL,FLORA,1963,7,69,19631010,0,,HU,26.0N,68.3W,95,965,,,,,,,,,,,,
AL,FLORA,1963,7,69,19631010,600,,HU,27.1N,66.5W,95,969,,,,,,,,,,,,
AL,FLORA,1963,7,69,19631010,1200,,HU,28.1N,64.9W,100,969,,,,,,,,,,,,
AL,FLORA,1963,7,69,19631010,1800,,HU,29.9N,62.2W,100,972,,,,,,,,,,,,
AL,FLORA,1963,7,69,19631011,0,,HU,32.2N,59.8W,95,,,,,,,,,,,,,
AL,FLORA,1963,7,69,19631011,600,,HU,34.3N,58.3W,90,970,,,,,,,,,,,,
AL,FLORA,1963,7,69,19631011,1200,,HU,36.2N,57.0W,85,963,,,,,,,,,,,,
AL,FLORA,1963,7,69,19631011,1800,,HU,38.3N,56.0W,80,963,,,,,,,,,,,,
AL,FLORA,1963,7,69,19631012,0,,HU,40.1N,54.0W,80,,,,,,,,,,,,,
AL,FLORA,1963,7,69,19631012,600,,HU,42.0N,52.0W,75,,,,,,,,,,,,,
AL,FLORA,1963,7,69,19631012,1200,,HU,43.5N,49.8W,75,985,,,,,,,,,,,,
AL,FLORA,1963,7,69,19631012,1800,,EX,45.2N,47.5W,75,,,,,,,,,,,,,
AL,FLORA,1963,7,69,19631013,0,,EX,47.0N,45.0W,70,,,,,,,,,,,,,
AL,FLORA,1963,7,69,19631013,600,,EX,49.2N,42.8W,70,,,,,,,,,,,,,
AL,FLORA,1963,7,69,19631013,1200,,EX,51.5N,41.0W,70,,,,,,,,,,,,,
AL,GINNY,1963,8,56,19631016,1200,,TD,21.0N,72.0W,20,,,,,,,,,,,,,
AL,GINNY,1963,8,56,19631016,1800,,TD,21.8N,71.9W,20,,,,,,,,,,,,,
AL,GINNY,1963,8,56,19631017,0,,TD,22.5N,71.8W,20,,,,,,,,,,,,,
AL,GINNY,1963,8,56,19631017,600,,TD,23.3N,71.7W,20,,,,,,,,,,,,,
AL,GINNY,1963,8,56,19631017,1200,,TD,24.0N,71.6W,20,,,,,,,,,,,,,
AL,GINNY,1963,8,56,19631017,1800,,TD,24.8N,71.5W,20,,,,,,,,,,,,,
AL,GINNY,1963,8,56,19631018,0,,TD,25.5N,71.4W,20,,,,,,,,,,,,,
AL,GINNY,1963,8,56,19631018,600,,TD,26.3N,71.3W,25,,,,,,,,,,,,,
AL,GINNY,1963,8,56,19631018,1200,,TD,27.0N,71.2W,30,,,,,,,,,,,,,
AL,GINNY,1963,8,56,19631018,1800,,TD,27.8N,71.2W,30,,,,,,,,,,,,,
AL,GINNY,1963,8,56,19631019,0,,TD,28.5N,71.2W,30,,,,,,,,,,,,,
AL,GINNY,1963,8,56,19631019,600,,TD,29.5N,71.3W,30,,,,,,,,,,,,,
AL,GINNY,1963,8,56,19631019,1200,,TS,30.8N,71.8W,35,1000,,,,,,,,,,,,
AL,GINNY,1963,8,56,19631019,1800,,TS,32.2N,72.6W,45,,,,,,,,,,,,,
AL,GINNY,1963,8,56,19631020,0,,TS,33.4N,73.5W,55,,,,,,,,,,,,,
AL,GINNY,1963,8,56,19631020,600,,TS,33.6N,74.3W,60,,,,,,,,,,,,,
AL,GINNY,1963,8,56,19631020,1200,,HU,33.5N,75.0W,65,983,,,,,,,,,,,,
AL,GINNY,1963,8,56,19631020,1800,,HU,33.8N,75.5W,70,,,,,,,,,,,,,
AL,GINNY,1963,8,56,19631021,0,,HU,34.0N,75.5W,75,,,,,,,,,,,,,
AL,GINNY,1963,8,56,19631021,600,,HU,34.2N,75.0W,75,,,,,,,,,,,,,
AL,GINNY,1963,8,56,19631021,1200,,HU,34.0N,74.5W,75,,,,,,,,,,,,,
AL,GINNY,1963,8,56,19631021,1800,,HU,33.6N,74.2W,75,,,,,,,,,,,,,
AL,GINNY,1963,8,56,19631022,0,,HU,33.0N,74.0W,70,,,,,,,,,,,,,
AL,GINNY,1963,8,56,19631022,600,,HU,32.2N,74.4W,70,,,,,,,,,,,,,
AL,GINNY,1963,8,56,19631022,1200,,HU,31.5N,74.8W,70,,,,,,,,,,,,,
AL,GINNY,1963,8,56,19631022,1800,,HU,30.8N,75.3W,70,989,,,,,,,,,,,,
AL,GINNY,1963,8,56,19631023,0,,HU,30.3N,76.0W,65,987,,,,,,,,,,,,
AL,GINNY,1963,8,56,19631023,600,,TS,29.6N,76.9W,60,988,,,,,,,,,,,,
AL,GINNY,1963,8,56,19631023,1200,,TS,28.9N,77.7W,60,995,,,,,,,,,,,,
AL,GINNY,1963,8,56,19631023,1800,,HU,28.8N,78.2W,65,990,,,,,,,,,,,,
AL,GINNY,1963,8,56,19631024,0,,HU,28.8N,78.5W,65,988,,,,,,,,,,,,
AL,GINNY,1963,8,56,19631024,600,,HU,29.0N,79.0W,65,,,,,,,,,,,,,
AL,GINNY,1963,8,56,19631024,1200,,HU,29.4N,79.6W,65,990,,,,,,,,,,,,
AL,GINNY,1963,8,56,19631024,1800,,HU,29.8N,79.7W,70,987,,,,,,,,,,,,
AL,GINNY,1963,8,56,19631025,0,,HU,30.3N,79.6W,75,982,,,,,,,,,,,,
AL,GINNY,1963,8,56,19631025,600,,HU,31.1N,79.7W,85,,,,,,,,,,,,,
AL,GINNY,1963,8,56,19631025,1200,,HU,31.8N,79.6W,90,976,,,,,,,,,,,,
AL,GINNY,1963,8,56,19631025,1800,,HU,32.1N,79.0W,90,985,,,,,,,,,,,,
AL,GINNY,1963,8,56,19631026,0,,HU,32.4N,78.1W,85,,,,,,,,,,,,,
AL,GINNY,1963,8,56,19631026,600,,HU,33.2N,77.3W,80,988,,,,,,,,,,,,
AL,GINNY,1963,8,56,19631026,1200,,HU,33.2N,76.9W,80,986,,,,,,,,,,,,
AL,GINNY,1963,8,56,19631026,1800,,HU,32.9N,76.5W,75,978,,,,,,,,,,,,
AL,GINNY,1963,8,56,19631027,0,,HU,33.0N,76.0W,70,979,,,,,,,,,,,,
AL,GINNY,1963,8,56,19631027,600,,HU,32.9N,75.9W,70,980,,,,,,,,,,,,
AL,GINNY,1963,8,56,19631027,1200,,HU,32.9N,75.3W,70,972,,,,,,,,,,,,
AL,GINNY,1963,8,56,19631027,1800,,HU,32.7N,74.6W,75,975,,,,,,,,,,,,
AL,GINNY,1963,8,56,19631028,0,,HU,32.6N,73.4W,75,,,,,,,,,,,,,
AL,GINNY,1963,8,56,19631028,600,,HU,33.2N,72.9W,80,,,,,,,,,,,,,
AL,GINNY,1963,8,56,19631028,1200,,HU,33.9N,72.3W,80,968,,,,,,,,,,,,
AL,GINNY,1963,8,56,19631028,1800,,HU,35.1N,71.5W,85,963,,,,,,,,,,,,
AL,GINNY,1963,8,56,19631029,0,,HU,36.3N,70.3W,95,,,,,,,,,,,,,
AL,GINNY,1963,8,56,19631029,600,,HU,37.8N,68.8W,95,,,,,,,,,,,,,
AL,GINNY,1963,8,56,19631029,1200,,HU,40.8N,67.2W,95,958,,,,,,,,,,,,
AL,GINNY,1963,8,56,19631029,1800,,EX,44.0N,66.0W,90,,,,,,,,,,,,,
AL,GINNY,1963,8,56,19631030,0,,EX,47.0N,64.0W,80,,,,,,,,,,,,,
AL,GINNY,1963,8,56,19631030,600,,EX,49.0N,63.0W,80,,,,,,,,,,,,,
AL,HELENA,1963,9,18,19631025,1200,,TD,15.2N,58.9W,25,,,,,,,,,,,,,
AL,HELENA,1963,9,18,19631025,1800,,TS,15.3N,59.4W,35,1005,,,,,,,,,,,,
AL,HELENA,1963,9,18,19631026,0,,TS,15.4N,60.1W,40,1001,,,,,,,,,,,,
AL,HELENA,1963,9,18,19631026,600,,TS,15.5N,60.6W,45,,,,,,,,,,,,,
AL,HELENA,1963,9,18,19631026,1200,,TD,15.6N,61.2W,30,,,,,,,,,,,,,
AL,HELENA,1963,9,18,19631026,1800,,TD,15.7N,61.6W,30,,,,,,,,,,,,,
AL,HELENA,1963,9,18,19631027,0,,TD,15.7N,62.1W,30,1006,,,,,,,,,,,,
AL,HELENA,1963,9,18,19631027,600,,TD,15.9N,62.2W,30,,,,,,,,,,,,,
AL,HELENA,1963,9,18,19631027,1200,,TS,16.1N,62.3W,35,,,,,,,,,,,,,
AL,HELENA,1963,9,18,19631027,1800,,TS,16.5N,62.1W,35,,,,,,,,,,,,,
AL,HELENA,1963,9,18,19631028,0,,TS,16.9N,61.9W,35,,,,,,,,,,,,,
AL,HELENA,1963,9,18,19631028,600,,TS,17.2N,61.4W,35,,,,,,,,,,,,,
AL,HELENA,1963,9,18,19631028,1200,,TS,17.5N,61.0W,35,,,,,,,,,,,,,
AL,HELENA,1963,9,18,19631028,1800,,TS,18.0N,60.5W,35,,,,,,,,,,,,,
AL,HELENA,1963,9,18,19631029,0,,TD,18.6N,60.1W,25,,,,,,,,,,,,,
AL,HELENA,1963,9,18,19631029,600,,TD,19.3N,60.0W,20,,,,,,,,,,,,,
AL,HELENA,1963,9,18,19631029,1200,,TD,20.0N,60.0W,20,,,,,,,,,,,,,
AL,HELENA,1963,9,18,19631029,1800,,TD,20.8N,59.9W,15,,,,,,,,,,,,,
AL,UNNAMED,1964,1,38,19640602,1200,,TD,17.9N,86.1W,25,,,,,,,,,,,,,
AL,UNNAMED,1964,1,38,19640602,1800,,TD,18.2N,86.1W,25,,,,,,,,,,,,,
AL,UNNAMED,1964,1,38,19640603,0,,TD,18.4N,86.1W,25,,,,,,,,,,,,,
AL,UNNAMED,1964,1,38,19640603,600,,TD,18.7N,86.1W,25,,,,,,,,,,,,,
AL,UNNAMED,1964,1,38,19640603,1200,,TD,18.9N,86.1W,25,,,,,,,,,,,,,
AL,UNNAMED,1964,1,38,19640603,1800,,TD,19.2N,86.1W,25,,,,,,,,,,,,,
AL,UNNAMED,1964,1,38,19640604,0,,TD,19.4N,86.0W,25,,,,,,,,,,,,,
AL,UNNAMED,1964,1,38,19640604,600,,TD,19.6N,86.0W,25,,,,,,,,,,,,,
AL,UNNAMED,1964,1,38,19640604,1200,,TD,19.8N,86.0W,25,,,,,,,,,,,,,
AL,UNNAMED,1964,1,38,19640604,1800,,TD,20.7N,86.0W,25,,,,,,,,,,,,,
AL,UNNAMED,1964,1,38,19640605,0,,TD,21.8N,85.9W,25,,,,,,,,,,,,,
AL,UNNAMED,1964,1,38,19640605,600,,TD,22.6N,85.8W,25,,,,,,,,,,,,,
AL,UNNAMED,1964,1,38,19640605,1200,,TD,23.5N,85.6W,25,,,,,,,,,,,,,
AL,UNNAMED,1964,1,38,19640605,1800,,TD,24.8N,85.3W,25,,,,,,,,,,,,,
AL,UNNAMED,1964,1,38,19640606,0,,TD,26.1N,85.0W,25,,,,,,,,,,,,,
AL,UNNAMED,1964,1,38,19640606,600,,TD,27.4N,84.6W,30,,,,,,,,,,,,,
AL,UNNAMED,1964,1,38,19640606,1200,,TD,28.7N,83.9W,30,,,,,,,,,,,,,
AL,UNNAMED,1964,1,38,19640606,1800,,TD,29.8N,82.5W,30,,,,,,,,,,,,,
AL,UNNAMED,1964,1,38,19640607,0,,TD,30.7N,81.0W,30,,,,,,,,,,,,,
AL,UNNAMED,1964,1,38,19640607,600,,TD,31.6N,79.8W,30,,,,,,,,,,,,,
AL,UNNAMED,1964,1,38,19640607,1200,,TS,32.5N,78.6W,35,,,,,,,,,,,,,
AL,UNNAMED,1964,1,38,19640607,1800,,TS,33.2N,77.3W,35,,,,,,,,,,,,,
AL,UNNAMED,1964,1,38,19640608,0,,TS,33.8N,76.0W,35,,,,,,,,,,,,,
AL,UNNAMED,1964,1,38,19640608,600,,TS,34.4N,74.5W,40,,,,,,,,,,,,,
AL,UNNAMED,1964,1,38,19640608,1200,,TS,34.9N,72.7W,45,,,,,,,,,,,,,
AL,UNNAMED,1964,1,38,19640608,1800,,TS,35.6N,70.5W,45,,,,,,,,,,,,,
AL,UNNAMED,1964,1,38,19640609,0,,TS,36.3N,68.2W,45,,,,,,,,,,,,,
AL,UNNAMED,1964,1,38,19640609,600,,TS,36.6N,65.9W,50,,,,,,,,,,,,,
AL,UNNAMED,1964,1,38,19640609,1200,,TS,36.7N,64.0W,50,,,,,,,,,,,,,
AL,UNNAMED,1964,1,38,19640609,1800,,TS,36.6N,62.6W,50,,,,,,,,,,,,,
AL,UNNAMED,1964,1,38,19640610,0,,TS,36.5N,61.4W,50,,,,,,,,,,,,,
AL,UNNAMED,1964,1,38,19640610,600,,TS,36.4N,60.1W,45,,,,,,,,,,,,,
AL,UNNAMED,1964,1,38,19640610,1200,,TS,36.5N,58.9W,35,,,,,,,,,,,,,
AL,UNNAMED,1964,1,38,19640610,1800,,TS,37.0N,57.7W,35,,,,,,,,,,,,,
AL,UNNAMED,1964,1,38,19640611,0,,TS,37.7N,56.5W,35,,,,,,,,,,,,,
AL,UNNAMED,1964,1,38,19640611,600,,TS,38.4N,55.9W,35,,,,,,,,,,,,,
AL,UNNAMED,1964,1,38,19640611,1200,,TS,39.0N,55.8W,35,,,,,,,,,,,,,
AL,UNNAMED,1964,1,38,19640611,1800,,TS,39.6N,55.8W,35,,,,,,,,,,,,,
AL,UNNAMED,1964,2,26,19640728,600,,TD,19.1N,43.5W,25,,,,,,,,,,,,,
AL,UNNAMED,1964,2,26,19640728,1200,,TD,19.7N,47.8W,30,,,,,,,,,,,,,
AL,UNNAMED,1964,2,26,19640728,1800,,TD,20.2N,50.2W,30,,,,,,,,,,,,,
AL,UNNAMED,1964,2,26,19640729,0,,TD,20.8N,52.5W,30,,,,,,,,,,,,,
AL,UNNAMED,1964,2,26,19640729,600,,TD,21.4N,54.4W,30,,,,,,,,,,,,,
AL,UNNAMED,1964,2,26,19640729,1200,,TD,22.0N,56.0W,30,1006,,,,,,,,,,,,
AL,UNNAMED,1964,2,26,19640729,1800,,TD,22.6N,57.6W,30,,,,,,,,,,,,,
AL,UNNAMED,1964,2,26,19640730,0,,TD,23.5N,59.2W,30,,,,,,,,,,,,,
AL,UNNAMED,1964,2,26,19640730,600,,TD,25.1N,60.4W,30,,,,,,,,,,,,,
AL,UNNAMED,1964,2,26,19640730,1200,,TD,26.8N,61.0W,30,,,,,,,,,,,,,
AL,UNNAMED,1964,2,26,19640730,1800,,TD,28.4N,61.1W,30,1012,,,,,,,,,,,,
AL,UNNAMED,1964,2,26,19640731,0,,TD,29.8N,60.8W,30,,,,,,,,,,,,,
AL,UNNAMED,1964,2,26,19640731,600,,TD,31.1N,60.2W,30,,,,,,,,,,,,,
AL,UNNAMED,1964,2,26,19640731,1200,,TD,32.4N,59.1W,30,1012,,,,,,,,,,,,
AL,UNNAMED,1964,2,26,19640731,1800,,TS,33.7N,57.2W,45,,,,,,,,,,,,,
AL,UNNAMED,1964,2,26,19640801,0,,TS,35.0N,55.2W,45,,,,,,,,,,,,,
AL,UNNAMED,1964,2,26,19640801,600,,TS,36.3N,54.4W,45,,,,,,,,,,,,,
AL,UNNAMED,1964,2,26,19640801,1200,,TS,37.7N,53.5W,45,,,,,,,,,,,,,
AL,UNNAMED,1964,2,26,19640801,1800,,TS,39.0N,51.8W,45,,,,,,,,,,,,,
AL,UNNAMED,1964,2,26,19640802,0,,TS,40.3N,49.7W,45,,,,,,,,,,,,,
AL,UNNAMED,1964,2,26,19640802,600,,TS,42.0N,47.0W,45,,,,,,,,,,,,,
AL,UNNAMED,1964,2,26,19640802,1200,,TS,44.2N,44.4W,45,,,,,,,,,,,,,
AL,UNNAMED,1964,2,26,19640802,1800,,EX,47.0N,42.1W,45,,,,,,,,,,,,,
AL,UNNAMED,1964,2,26,19640803,0,,EX,49.8N,40.1W,45,,,,,,,,,,,,,
AL,UNNAMED,1964,2,26,19640803,600,,EX,52.1N,38.3W,40,,,,,,,,,,,,,
AL,UNNAMED,1964,2,26,19640803,1200,,EX,54.3N,36.7W,35,,,,,,,,,,,,,
AL,ABBY,1964,3,13,19640805,1800,,TD,27.0N,88.1W,25,,,,,,,,,,,,,
AL,ABBY,1964,3,13,19640806,0,,TD,27.0N,89.1W,25,,,,,,,,,,,,,
AL,ABBY,1964,3,13,19640806,600,,TD,27.0N,90.2W,25,,,,,,,,,,,,,
AL,ABBY,1964,3,13,19640806,1200,,TD,27.1N,91.1W,25,,,,,,,,,,,,,
AL,ABBY,1964,3,13,19640806,1800,,TD,27.3N,91.9W,25,,,,,,,,,,,,,
AL,ABBY,1964,3,13,19640807,0,,TD,27.5N,92.7W,25,,,,,,,,,,,,,
AL,ABBY,1964,3,13,19640807,600,,TD,28.0N,93.5W,30,,,,,,,,,,,,,
AL,ABBY,1964,3,13,19640807,1200,,TS,28.5N,94.4W,40,,,,,,,,,,,,,
AL,ABBY,1964,3,13,19640807,1800,,TS,28.6N,95.2W,55,1000,,,,,,,,,,,,
AL,ABBY,1964,3,13,19640808,0,,TS,28.8N,96.1W,55,,,,,,,,,,,,,
AL,ABBY,1964,3,13,19640808,600,,TD,28.9N,97.3W,25,,,,,,,,,,,,,
AL,ABBY,1964,3,13,19640808,1200,,TD,28.8N,98.0W,25,,,,,,,,,,,,,
AL,ABBY,1964,3,13,19640808,1800,,TD,28.7N,98.9W,25,,,,,,,,,,,,,
AL,BRENDA,1964,4,13,19640807,1800,,TD,32.0N,69.0W,25,,,,,,,,,,,,,
AL,BRENDA,1964,4,13,19640808,0,,TD,32.1N,67.6W,30,,,,,,,,,,,,,
AL,BRENDA,1964,4,13,19640808,600,,TD,32.2N,66.2W,30,,,,,,,,,,,,,
AL,BRENDA,1964,4,13,19640808,1200,,TS,32.4N,64.9W,45,1008,,,,,,,,,,,,
AL,BRENDA,1964,4,13,19640808,1800,,TS,32.0N,63.4W,45,,,,,,,,,,,,,
AL,BRENDA,1964,4,13,19640809,0,,TS,31.4N,62.0W,45,1010,,,,,,,,,,,,
AL,BRENDA,1964,4,13,19640809,600,,TS,31.5N,61.3W,45,,,,,,,,,,,,,
AL,BRENDA,1964,4,13,19640809,1200,,TS,31.9N,60.6W,45,1008,,,,,,,,,,,,
AL,BRENDA,1964,4,13,19640809,1800,,TS,32.9N,60.1W,45,1006,,,,,,,,,,,,
AL,BRENDA,1964,4,13,19640810,0,,TS,33.7N,59.2W,45,,,,,,,,,,,,,
AL,BRENDA,1964,4,13,19640810,600,,TS,34.4N,57.8W,40,,,,,,,,,,,,,
AL,BRENDA,1964,4,13,19640810,1200,,TS,35.2N,56.5W,40,1010,,,,,,,,,,,,
AL,BRENDA,1964,4,13,19640810,1800,,TS,36.1N,55.5W,35,,,,,,,,,,,,,
AL,CLEO,1964,5,64,19640820,1800,,TD,13.1N,44.3W,30,1003,,,,,,,,,,,,
AL,CLEO,1964,5,64,19640821,0,,TS,13.4N,46.8W,35,,,,,,,,,,,,,
AL,CLEO,1964,5,64,19640821,600,,TS,13.7N,49.1W,40,1000,,,,,,,,,,,,
AL,CLEO,1964,5,64,19640821,1200,,HU,14.1N,51.3W,65,,,,,,,,,,,,,
AL,CLEO,1964,5,64,19640821,1800,,HU,14.4N,53.5W,70,993,,,,,,,,,,,,
AL,CLEO,1964,5,64,19640822,0,,HU,14.9N,55.7W,75,993,,,,,,,,,,,,
AL,CLEO,1964,5,64,19640822,600,,HU,15.3N,57.8W,100,,,,,,,,,,,,,
AL,CLEO,1964,5,64,19640822,1200,,HU,15.7N,59.7W,110,970,,,,,,,,,,,,
AL,CLEO,1964,5,64,19640822,1800,,HU,16.0N,61.9W,115,962,,,,,,,,,,,,
AL,CLEO,1964,5,64,19640823,0,,HU,16.2N,63.4W,120,955,,,,,,,,,,,,
AL,CLEO,1964,5,64,19640823,600,,HU,16.3N,65.0W,125,,,,,,,,,,,,,
AL,CLEO,1964,5,64,19640823,1200,,HU,16.5N,66.6W,130,,,,,,,,,,,,,
AL,CLEO,1964,5,64,19640823,1800,,HU,16.7N,68.0W,135,950,,,,,,,,,,,,
AL,CLEO,1964,5,64,19640824,0,,HU,16.7N,69.5W,135,950,,,,,,,,,,,,
AL,CLEO,1964,5,64,19640824,600,,HU,16.9N,70.6W,135,,,,,,,,,,,,,
AL,CLEO,1964,5,64,19640824,1200,,HU,17.1N,71.8W,135,,,,,,,,,,,,,
AL,CLEO,1964,5,64,19640824,1800,,HU,17.8N,73.1W,130,,,,,,,,,,,,,
AL,CLEO,1964,5,64,19640825,0,,HU,18.4N,74.6W,130,,,,,,,,,,,,,
AL,CLEO,1964,5,64,19640825,600,,HU,18.9N,75.6W,125,,,,,,,,,,,,,
AL,CLEO,1964,5,64,19640825,1200,,HU,19.4N,76.6W,100,,,,,,,,,,,,,
AL,CLEO,1964,5,64,19640825,1800,,HU,20.0N,77.6W,70,,,,,,,,,,,,,
AL,CLEO,1964,5,64,19640826,0,,HU,20.8N,78.4W,65,,,,,,,,,,,,,
AL,CLEO,1964,5,64,19640826,600,,HU,21.5N,78.9W,65,,,,,,,,,,,,,
AL,CLEO,1964,5,64,19640826,1200,,HU,22.4N,79.2W,65,,,,,,,,,,,,,
AL,CLEO,1964,5,64,19640826,1800,,HU,23.7N,79.6W,80,987,,,,,,,,,,,,
AL,CLEO,1964,5,64,19640827,0,,HU,24.6N,79.6W,90,984,,,,,,,,,,,,
AL,CLEO,1964,5,64,19640827,600,,HU,25.5N,79.9W,90,968,,,,,,,,,,,,
AL,CLEO,1964,5,64,19640827,1200,,HU,26.3N,80.2W,85,971,,,,,,,,,,,,
AL,CLEO,1964,5,64,19640827,1800,,HU,27.2N,80.6W,75,,,,,,,,,,,,,
AL,CLEO,1964,5,64,19640828,0,,TS,27.8N,80.7W,60,983,,,,,,,,,,,,
AL,CLEO,1964,5,64,19640828,600,,TS,28.4N,80.9W,60,,,,,,,,,,,,,
AL,CLEO,1964,5,64,19640828,1200,,TS,29.5N,81.2W,55,,,,,,,,,,,,,
AL,CLEO,1964,5,64,19640828,1800,,TS,30.2N,81.3W,50,995,,,,,,,,,,,,
AL,CLEO,1964,5,64,19640829,0,,TS,30.8N,81.3W,45,999,,,,,,,,,,,,
AL,CLEO,1964,5,64,19640829,600,,TS,31.4N,81.3W,40,,,,,,,,,,,,,
AL,CLEO,1964,5,64,19640829,1200,,TS,32.0N,81.4W,35,,,,,,,,,,,,,
AL,CLEO,1964,5,64,19640829,1800,,TD,32.4N,81.6W,30,,,,,,,,,,,,,
AL,CLEO,1964,5,64,19640830,0,,TD,32.9N,81.9W,30,,,,,,,,,,,,,
AL,CLEO,1964,5,64,19640830,600,,TD,33.3N,82.1W,30,,,,,,,,,,,,,
AL,CLEO,1964,5,64,19640830,1200,,TD,34.0N,82.0W,25,,,,,,,,,,,,,
AL,CLEO,1964,5,64,19640830,1800,,TD,34.6N,81.5W,25,,,,,,,,,,,,,
AL,CLEO,1964,5,64,19640831,0,,TD,35.1N,81.1W,25,,,,,,,,,,,,,
AL,CLEO,1964,5,64,19640831,600,,TD,35.6N,80.3W,25,,,,,,,,,,,,,
AL,CLEO,1964,5,64,19640831,1200,,TD,36.0N,79.5W,25,,,,,,,,,,,,,
AL,CLEO,1964,5,64,19640831,1800,,TD,36.3N,78.3W,30,,,,,,,,,,,,,
AL,CLEO,1964,5,64,19640901,0,,TD,36.5N,77.0W,30,,,,,,,,,,,,,
AL,CLEO,1964,5,64,19640901,600,,TS,36.3N,76.0W,35,,,,,,,,,,,,,
AL,CLEO,1964,5,64,19640901,1200,,TS,35.8N,75.2W,40,,,,,,,,,,,,,
AL,CLEO,1964,5,64,19640901,1800,,TS,35.3N,74.2W,45,,,,,,,,,,,,,
AL,CLEO,1964,5,64,19640902,0,,TS,35.0N,73.2W,55,,,,,,,,,,,,,
AL,CLEO,1964,5,64,19640902,600,,TS,35.2N,72.1W,60,,,,,,,,,,,,,
AL,CLEO,1964,5,64,19640902,1200,,HU,35.4N,71.1W,65,980,,,,,,,,,,,,
AL,CLEO,1964,5,64,19640902,1800,,HU,35.8N,69.1W,70,,,,,,,,,,,,,
AL,CLEO,1964,5,64,19640903,0,,HU,35.9N,67.5W,70,,,,,,,,,,,,,
AL,CLEO,1964,5,64,19640903,600,,HU,36.5N,65.4W,70,980,,,,,,,,,,,,
AL,CLEO,1964,5,64,19640903,1200,,HU,37.1N,63.5W,70,983,,,,,,,,,,,,
AL,CLEO,1964,5,64,19640903,1800,,HU,37.8N,61.0W,70,982,,,,,,,,,,,,
AL,CLEO,1964,5,64,19640904,0,,HU,38.7N,56.9W,75,,,,,,,,,,,,,
AL,CLEO,1964,5,64,19640904,600,,HU,41.0N,53.0W,75,,,,,,,,,,,,,
AL,CLEO,1964,5,64,19640904,1200,,HU,44.7N,50.5W,75,970,,,,,,,,,,,,
AL,CLEO,1964,5,64,19640904,1800,,HU,46.9N,49.8W,70,,,,,,,,,,,,,
AL,CLEO,1964,5,64,19640905,0,,HU,48.8N,49.5W,65,,,,,,,,,,,,,
AL,CLEO,1964,5,64,19640905,600,,HU,51.3N,48.8W,65,,,,,,,,,,,,,
AL,CLEO,1964,5,64,19640905,1200,,TS,53.5N,48.0W,60,,,,,,,,,,,,,
AL,DORA,1964,6,75,19640828,1200,,TD,14.0N,18.0W,25,,,,,,,,,,,,,
AL,DORA,1964,6,75,19640828,1800,,TD,13.6N,20.0W,25,,,,,,,,,,,,,
AL,DORA,1964,6,75,19640829,0,,TD,13.1N,22.0W,25,,,,,,,,,,,,,
AL,DORA,1964,6,75,19640829,600,,TD,12.8N,24.0W,25,,,,,,,,,,,,,
AL,DORA,1964,6,75,19640829,1200,,TD,12.4N,26.0W,25,,,,,,,,,,,,,
AL,DORA,1964,6,75,19640829,1800,,TD,12.1N,27.5W,25,,,,,,,,,,,,,
AL,DORA,1964,6,75,19640830,0,,TD,11.8N,29.6W,25,,,,,,,,,,,,,
AL,DORA,1964,6,75,19640830,600,,TD,11.7N,31.7W,25,,,,,,,,,,,,,
AL,DORA,1964,6,75,19640830,1200,,TD,11.5N,33.3W,25,,,,,,,,,,,,,
AL,DORA,1964,6,75,19640830,1800,,TD,11.4N,35.0W,25,,,,,,,,,,,,,
AL,DORA,1964,6,75,19640831,0,,TD,11.2N,37.0W,25,,,,,,,,,,,,,
AL,DORA,1964,6,75,19640831,600,,TD,11.1N,39.0W,25,,,,,,,,,,,,,
AL,DORA,1964,6,75,19640831,1200,,TD,11.0N,41.0W,30,,,,,,,,,,,,,
AL,DORA,1964,6,75,19640831,1800,,TD,11.1N,42.5W,30,,,,,,,,,,,,,
AL,DORA,1964,6,75,19640901,0,,TD,11.3N,44.0W,30,,,,,,,,,,,,,
AL,DORA,1964,6,75,19640901,600,,TD,11.5N,45.5W,30,,,,,,,,,,,,,
AL,DORA,1964,6,75,19640901,1200,,TS,11.7N,47.0W,50,,,,,,,,,,,,,
AL,DORA,1964,6,75,19640901,1800,,TS,12.7N,48.7W,55,998,,,,,,,,,,,,
AL,DORA,1964,6,75,19640902,0,,TS,13.3N,49.6W,60,,,,,,,,,,,,,
AL,DORA,1964,6,75,19640902,600,,TS,14.2N,51.2W,60,,,,,,,,,,,,,
AL,DORA,1964,6,75,19640902,1200,,TS,15.3N,53.0W,60,996,,,,,,,,,,,,
AL,DORA,1964,6,75,19640902,1800,,TS,16.5N,54.9W,60,,,,,,,,,,,,,
AL,DORA,1964,6,75,19640903,0,,HU,17.8N,56.5W,80,,,,,,,,,,,,,
AL,DORA,1964,6,75,19640903,600,,HU,18.2N,57.3W,85,984,,,,,,,,,,,,
AL,DORA,1964,6,75,19640903,1200,,HU,18.7N,58.0W,90,984,,,,,,,,,,,,
AL,DORA,1964,6,75,19640903,1800,,HU,19.6N,58.9W,90,,,,,,,,,,,,,
AL,DORA,1964,6,75,19640904,0,,HU,20.5N,59.5W,95,981,,,,,,,,,,,,
AL,DORA,1964,6,75,19640904,600,,HU,21.1N,59.9W,95,994,,,,,,,,,,,,
AL,DORA,1964,6,75,19640904,1200,,HU,21.6N,60.3W,95,976,,,,,,,,,,,,
AL,DORA,1964,6,75,19640904,1800,,HU,22.2N,60.8W,95,973,,,,,,,,,,,,
AL,DORA,1964,6,75,19640905,0,,HU,22.8N,61.2W,95,,,,,,,,,,,,,
AL,DORA,1964,6,75,19640905,600,,HU,23.4N,61.6W,95,,,,,,,,,,,,,
AL,DORA,1964,6,75,19640905,1200,,HU,24.0N,62.1W,100,971,,,,,,,,,,,,
AL,DORA,1964,6,75,19640905,1800,,HU,24.8N,62.9W,105,960,,,,,,,,,,,,
AL,DORA,1964,6,75,19640906,0,,HU,25.5N,63.6W,110,,,,,,,,,,,,,
AL,DORA,1964,6,75,19640906,600,,HU,26.1N,64.4W,115,942,,,,,,,,,,,,
AL,DORA,1964,6,75,19640906,1200,,HU,26.7N,65.2W,115,,,,,,,,,,,,,
AL,DORA,1964,6,75,19640906,1800,,HU,27.1N,66.1W,110,958,,,,,,,,,,,,
AL,DORA,1964,6,75,19640907,0,,HU,27.4N,67.0W,100,,,,,,,,,,,,,
AL,DORA,1964,6,75,19640907,600,,HU,27.8N,67.9W,95,,,,,,,,,,,,,
AL,DORA,1964,6,75,19640907,1200,,HU,28.0N,69.0W,95,964,,,,,,,,,,,,
AL,DORA,1964,6,75,19640907,1800,,HU,28.1N,70.2W,95,956,,,,,,,,,,,,
AL,DORA,1964,6,75,19640908,0,,HU,28.2N,71.8W,100,,,,,,,,,,,,,
AL,DORA,1964,6,75,19640908,600,,HU,28.5N,73.0W,100,,,,,,,,,,,,,
AL,DORA,1964,6,75,19640908,1200,,HU,28.6N,74.4W,100,,,,,,,,,,,,,
AL,DORA,1964,6,75,19640908,1800,,HU,28.6N,75.9W,100,963,,,,,,,,,,,,
AL,DORA,1964,6,75,19640909,0,,HU,28.8N,77.4W,100,,,,,,,,,,,,,
AL,DORA,1964,6,75,19640909,600,,HU,29.0N,78.3W,100,972,,,,,,,,,,,,
AL,DORA,1964,6,75,19640909,1200,,HU,29.4N,79.4W,100,970,,,,,,,,,,,,
AL,DORA,1964,6,75,19640909,1800,,HU,29.7N,80.0W,100,962,,,,,,,,,,,,
AL,DORA,1964,6,75,19640910,0,,HU,29.8N,80.7W,100,964,,,,,,,,,,,,
AL,DORA,1964,6,75,19640910,600,,HU,29.9N,81.4W,95,966,,,,,,,,,,,,
AL,DORA,1964,6,75,19640910,1200,,HU,30.0N,82.4W,90,,,,,,,,,,,,,
AL,DORA,1964,6,75,19640910,1800,,HU,30.1N,83.1W,80,,,,,,,,,,,,,
AL,DORA,1964,6,75,19640911,0,,HU,30.1N,83.5W,70,,,,,,,,,,,,,
AL,DORA,1964,6,75,19640911,600,,TS,30.2N,84.0W,55,,,,,,,,,,,,,
AL,DORA,1964,6,75,19640911,1200,,TS,30.5N,84.5W,45,,,,,,,,,,,,,
AL,DORA,1964,6,75,19640911,1800,,TS,31.1N,84.9W,35,,,,,,,,,,,,,
AL,DORA,1964,6,75,19640912,0,,TS,31.5N,85.0W,35,,,,,,,,,,,,,
AL,DORA,1964,6,75,19640912,600,,TS,31.6N,84.8W,35,,,,,,,,,,,,,
AL,DORA,1964,6,75,19640912,1200,,TS,31.5N,84.6W,35,,,,,,,,,,,,,
AL,DORA,1964,6,75,19640912,1800,,TS,31.9N,83.3W,35,,,,,,,,,,,,,
AL,DORA,1964,6,75,19640913,0,,TS,32.2N,82.2W,35,,,,,,,,,,,,,
AL,DORA,1964,6,75,19640913,600,,TS,32.9N,81.0W,40,,,,,,,,,,,,,
AL,DORA,1964,6,75,19640913,1200,,TS,33.7N,79.8W,45,,,,,,,,,,,,,
AL,DORA,1964,6,75,19640913,1800,,TS,34.4N,77.9W,45,,,,,,,,,,,,,
AL,DORA,1964,6,75,19640914,0,,TS,35.6N,75.3W,50,998,,,,,,,,,,,,
AL,DORA,1964,6,75,19640914,600,,TS,36.9N,73.3W,50,,,,,,,,,,,,,
AL,DORA,1964,6,75,19640914,1200,,EX,38.0N,71.5W,55,,,,,,,,,,,,,
AL,DORA,1964,6,75,19640914,1800,,EX,40.6N,68.1W,55,,,,,,,,,,,,,
AL,DORA,1964,6,75,19640915,0,,EX,43.0N,64.6W,55,,,,,,,,,,,,,
AL,DORA,1964,6,75,19640915,600,,EX,44.6N,61.7W,55,,,,,,,,,,,,,
AL,DORA,1964,6,75,19640915,1200,,EX,46.0N,59.0W,55,,,,,,,,,,,,,
AL,DORA,1964,6,75,19640915,1800,,EX,47.6N,55.6W,55,,,,,,,,,,,,,
AL,DORA,1964,6,75,19640916,0,,EX,49.0N,52.0W,55,,,,,,,,,,,,,
AL,ETHEL,1964,7,49,19640904,600,,TD,17.7N,35.4W,25,,,,,,,,,,,,,
AL,ETHEL,1964,7,49,19640904,1200,,TS,18.0N,37.0W,35,,,,,,,,,,,,,
AL,ETHEL,1964,7,49,19640904,1800,,TS,18.4N,38.4W,35,,,,,,,,,,,,,
AL,ETHEL,1964,7,49,19640905,0,,TS,18.8N,39.9W,35,,,,,,,,,,,,,
AL,ETHEL,1964,7,49,19640905,600,,TS,19.2N,41.5W,35,,,,,,,,,,,,,
AL,ETHEL,1964,7,49,19640905,1200,,TS,19.5N,43.0W,35,,,,,,,,,,,,,
AL,ETHEL,1964,7,49,19640905,1800,,TS,19.9N,44.7W,35,1005,,,,,,,,,,,,
AL,ETHEL,1964,7,49,19640906,0,,TS,20.3N,46.4W,35,,,,,,,,,,,,,
AL,ETHEL,1964,7,49,19640906,600,,TS,21.2N,47.9W,35,,,,,,,,,,,,,
AL,ETHEL,1964,7,49,19640906,1200,,TS,22.0N,49.5W,35,,,,,,,,,,,,,
AL,ETHEL,1964,7,49,19640906,1800,,TS,22.8N,51.0W,40,,,,,,,,,,,,,
AL,ETHEL,1964,7,49,19640907,0,,TS,23.5N,52.5W,45,1002,,,,,,,,,,,,
AL,ETHEL,1964,7,49,19640907,600,,HU,24.4N,54.3W,65,,,,,,,,,,,,,
AL,ETHEL,1964,7,49,19640907,1200,,HU,25.3N,56.0W,65,1007,,,,,,,,,,,,
AL,ETHEL,1964,7,49,19640907,1800,,HU,26.1N,57.5W,65,,,,,,,,,,,,,
AL,ETHEL,1964,7,49,19640908,0,,HU,26.9N,59.0W,65,,,,,,,,,,,,,
AL,ETHEL,1964,7,49,19640908,600,,HU,27.3N,59.7W,65,,,,,,,,,,,,,
AL,ETHEL,1964,7,49,19640908,1200,,HU,27.5N,60.3W,70,999,,,,,,,,,,,,
AL,ETHEL,1964,7,49,19640908,1800,,HU,27.6N,60.8W,75,986,,,,,,,,,,,,
AL,ETHEL,1964,7,49,19640909,0,,HU,27.6N,61.2W,85,,,,,,,,,,,,,
AL,ETHEL,1964,7,49,19640909,600,,HU,27.7N,61.5W,90,989,,,,,,,,,,,,
AL,ETHEL,1964,7,49,19640909,1200,,HU,27.7N,62.4W,95,984,,,,,,,,,,,,
AL,ETHEL,1964,7,49,19640909,1800,,HU,27.7N,63.2W,100,,,,,,,,,,,,,
AL,ETHEL,1964,7,49,19640910,0,,HU,27.6N,64.0W,100,,,,,,,,,,,,,
AL,ETHEL,1964,7,49,19640910,600,,HU,27.4N,64.8W,95,,,,,,,,,,,,,
AL,ETHEL,1964,7,49,19640910,1200,,HU,27.2N,65.6W,90,976,,,,,,,,,,,,
AL,ETHEL,1964,7,49,19640910,1800,,HU,27.3N,66.0W,85,977,,,,,,,,,,,,
AL,ETHEL,1964,7,49,19640911,0,,HU,27.4N,66.2W,80,,,,,,,,,,,,,
AL,ETHEL,1964,7,49,19640911,600,,HU,27.8N,66.3W,80,,,,,,,,,,,,,
AL,ETHEL,1964,7,49,19640911,1200,,HU,28.2N,66.5W,75,983,,,,,,,,,,,,
AL,ETHEL,1964,7,49,19640911,1800,,HU,28.9N,66.8W,75,977,,,,,,,,,,,,
AL,ETHEL,1964,7,49,19640912,0,,HU,29.7N,67.0W,80,,,,,,,,,,,,,
AL,ETHEL,1964,7,49,19640912,600,,HU,30.3N,67.2W,90,,,,,,,,,,,,,
AL,ETHEL,1964,7,49,19640912,1200,,HU,31.0N,67.3W,90,974,,,,,,,,,,,,
AL,ETHEL,1964,7,49,19640912,1800,,HU,31.9N,66.9W,90,976,,,,,,,,,,,,
AL,ETHEL,1964,7,49,19640913,0,,HU,32.9N,66.1W,90,,,,,,,,,,,,,
AL,ETHEL,1964,7,49,19640913,600,,HU,34.0N,64.9W,85,,,,,,,,,,,,,
AL,ETHEL,1964,7,49,19640913,1200,,HU,35.5N,63.1W,85,,,,,,,,,,,,,
AL,ETHEL,1964,7,49,19640913,1800,,HU,37.0N,61.3W,80,,,,,,,,,,,,,
AL,ETHEL,1964,7,49,19640914,0,,HU,38.4N,59.4W,80,,,,,,,,,,,,,
AL,ETHEL,1964,7,49,19640914,600,,HU,40.0N,57.2W,80,,,,,,,,,,,,,
AL,ETHEL,1964,7,49,19640914,1200,,HU,41.5N,54.8W,75,,,,,,,,,,,,,
AL,ETHEL,1964,7,49,19640914,1800,,HU,42.9N,51.9W,75,969,,,,,,,,,,,,
AL,ETHEL,1964,7,49,19640915,0,,HU,44.0N,49.0W,75,,,,,,,,,,,,,
AL,ETHEL,1964,7,49,19640915,600,,HU,44.8N,45.7W,75,,,,,,,,,,,,,
AL,ETHEL,1964,7,49,19640915,1200,,HU,45.2N,42.2W,70,,,,,,,,,,,,,
AL,ETHEL,1964,7,49,19640915,1800,,EX,45.5N,38.3W,70,,,,,,,,,,,,,
AL,ETHEL,1964,7,49,19640916,0,,EX,45.8N,34.8W,70,,,,,,,,,,,,,
AL,ETHEL,1964,7,49,19640916,600,,EX,45.9N,30.7W,70,,,,,,,,,,,,,
AL,FLORENCE,1964,8,19,19640905,1800,,TD,16.3N,19.7W,20,,,,,,,,,,,,,
AL,FLORENCE,1964,8,19,19640906,0,,TD,16.5N,21.0W,20,,,,,,,,,,,,,
AL,FLORENCE,1964,8,19,19640906,600,,TD,16.8N,22.3W,20,,,,,,,,,,,,,
AL,FLORENCE,1964,8,19,19640906,1200,,TD,17.1N,23.5W,20,,,,,,,,,,,,,
AL,FLORENCE,1964,8,19,19640906,1800,,TD,17.5N,24.5W,25,,,,,,,,,,,,,
AL,FLORENCE,1964,8,19,19640907,0,,TD,18.1N,25.5W,30,,,,,,,,,,,,,
AL,FLORENCE,1964,8,19,19640907,600,,TD,18.9N,26.5W,30,,,,,,,,,,,,,
AL,FLORENCE,1964,8,19,19640907,1200,,TD,19.8N,27.5W,30,,,,,,,,,,,,,
AL,FLORENCE,1964,8,19,19640907,1800,,TD,20.6N,28.5W,30,,,,,,,,,,,,,
AL,FLORENCE,1964,8,19,19640908,0,,TS,21.4N,29.4W,35,,,,,,,,,,,,,
AL,FLORENCE,1964,8,19,19640908,600,,TS,22.5N,29.9W,40,,,,,,,,,,,,,
AL,FLORENCE,1964,8,19,19640908,1200,,TS,23.8N,29.9W,40,,,,,,,,,,,,,
AL,FLORENCE,1964,8,19,19640908,1800,,TS,25.2N,29.7W,40,,,,,,,,,,,,,
AL,FLORENCE,1964,8,19,19640909,0,,TS,26.7N,29.3W,40,,,,,,,,,,,,,
AL,FLORENCE,1964,8,19,19640909,600,,TS,28.2N,28.7W,40,,,,,,,,,,,,,
AL,FLORENCE,1964,8,19,19640909,1200,,TS,29.7N,28.2W,40,,,,,,,,,,,,,
AL,FLORENCE,1964,8,19,19640909,1800,,TS,31.2N,27.7W,35,,,,,,,,,,,,,
AL,FLORENCE,1964,8,19,19640910,0,,TS,32.6N,27.2W,35,,,,,,,,,,,,,
AL,FLORENCE,1964,8,19,19640910,600,,TS,33.5N,26.0W,35,,,,,,,,,,,,,
AL,GLADYS,1964,9,48,19640913,600,,TD,14.7N,44.3W,30,,,,,,,,,,,,,
AL,GLADYS,1964,9,48,19640913,1200,,TS,15.4N,46.0W,55,,,,,,,,,,,,,
AL,GLADYS,1964,9,48,19640913,1800,,TS,16.1N,47.4W,60,,,,,,,,,,,,,
AL,GLADYS,1964,9,48,19640914,0,,TS,17.0N,49.0W,60,,,,,,,,,,,,,
AL,GLADYS,1964,9,48,19640914,600,,TS,17.9N,50.6W,60,,,,,,,,,,,,,
AL,GLADYS,1964,9,48,19640914,1200,,HU,18.8N,52.1W,85,992,,,,,,,,,,,,
AL,GLADYS,1964,9,48,19640914,1800,,HU,19.6N,53.5W,85,994,,,,,,,,,,,,
AL,GLADYS,1964,9,48,19640915,0,,HU,20.2N,54.6W,80,,,,,,,,,,,,,
AL,GLADYS,1964,9,48,19640915,600,,HU,20.8N,55.4W,75,,,,,,,,,,,,,
AL,GLADYS,1964,9,48,19640915,1200,,HU,21.3N,56.1W,70,996,,,,,,,,,,,,
AL,GLADYS,1964,9,48,19640915,1800,,HU,21.8N,57.2W,70,992,,,,,,,,,,,,
AL,GLADYS,1964,9,48,19640916,0,,HU,22.3N,58.2W,70,,,,,,,,,,,,,
AL,GLADYS,1964,9,48,19640916,600,,HU,22.7N,59.1W,70,,,,,,,,,,,,,
AL,GLADYS,1964,9,48,19640916,1200,,HU,23.1N,60.0W,70,995,,,,,,,,,,,,
AL,GLADYS,1964,9,48,19640916,1800,,HU,23.4N,61.0W,75,,,,,,,,,,,,,
AL,GLADYS,1964,9,48,19640917,0,,HU,23.8N,62.1W,75,1001,,,,,,,,,,,,
AL,GLADYS,1964,9,48,19640917,600,,HU,24.2N,63.1W,85,,,,,,,,,,,,,
AL,GLADYS,1964,9,48,19640917,1200,,HU,24.6N,64.1W,120,954,,,,,,,,,,,,
AL,GLADYS,1964,9,48,19640917,1800,,HU,25.0N,65.1W,125,945,,,,,,,,,,,,
AL,GLADYS,1964,9,48,19640918,0,,HU,25.4N,65.9W,125,951,,,,,,,,,,,,
AL,GLADYS,1964,9,48,19640918,600,,HU,25.8N,66.5W,125,951,,,,,,,,,,,,
AL,GLADYS,1964,9,48,19640918,1200,,HU,26.1N,67.1W,120,952,,,,,,,,,,,,
AL,GLADYS,1964,9,48,19640918,1800,,HU,26.4N,67.7W,120,953,,,,,,,,,,,,
AL,GLADYS,1964,9,48,19640919,0,,HU,26.8N,68.3W,115,962,,,,,,,,,,,,
AL,GLADYS,1964,9,48,19640919,600,,HU,27.1N,68.8W,110,951,,,,,,,,,,,,
AL,GLADYS,1964,9,48,19640919,1200,,HU,27.3N,69.2W,110,960,,,,,,,,,,,,
AL,GLADYS,1964,9,48,19640919,1800,,HU,27.6N,69.6W,105,962,,,,,,,,,,,,
AL,GLADYS,1964,9,48,19640920,0,,HU,27.9N,69.8W,100,962,,,,,,,,,,,,
AL,GLADYS,1964,9,48,19640920,600,,HU,28.4N,69.8W,95,965,,,,,,,,,,,,
AL,GLADYS,1964,9,48,19640920,1200,,HU,29.0N,69.8W,95,967,,,,,,,,,,,,
AL,GLADYS,1964,9,48,19640920,1800,,HU,29.4N,69.7W,90,964,,,,,,,,,,,,
AL,GLADYS,1964,9,48,19640921,0,,HU,29.8N,69.6W,90,964,,,,,,,,,,,,
AL,GLADYS,1964,9,48,19640921,600,,HU,30.4N,69.6W,85,,,,,,,,,,,,,
AL,GLADYS,1964,9,48,19640921,1200,,HU,31.1N,69.8W,85,980,,,,,,,,,,,,
AL,GLADYS,1964,9,48,19640921,1800,,HU,32.2N,70.4W,80,977,,,,,,,,,,,,
AL,GLADYS,1964,9,48,19640922,0,,HU,33.1N,71.0W,80,984,,,,,,,,,,,,
AL,GLADYS,1964,9,48,19640922,600,,HU,33.5N,71.4W,75,980,,,,,,,,,,,,
AL,GLADYS,1964,9,48,19640922,1200,,HU,33.9N,71.8W,75,984,,,,,,,,,,,,
AL,GLADYS,1964,9,48,19640922,1800,,HU,34.3N,72.1W,70,982,,,,,,,,,,,,
AL,GLADYS,1964,9,48,19640923,0,,HU,34.8N,72.4W,75,980,,,,,,,,,,,,
AL,GLADYS,1964,9,48,19640923,600,,HU,35.5N,72.4W,75,977,,,,,,,,,,,,
AL,GLADYS,1964,9,48,19640923,1200,,HU,36.5N,71.9W,75,982,,,,,,,,,,,,
AL,GLADYS,1964,9,48,19640923,1800,,HU,37.7N,70.7W,70,974,,,,,,,,,,,,
AL,GLADYS,1964,9,48,19640924,0,,HU,39.2N,69.0W,65,980,,,,,,,,,,,,
AL,GLADYS,1964,9,48,19640924,600,,HU,40.9N,66.9W,65,982,,,,,,,,,,,,
AL,GLADYS,1964,9,48,19640924,1200,,HU,42.8N,64.2W,65,973,,,,,,,,,,,,
AL,GLADYS,1964,9,48,19640924,1800,,EX,44.7N,60.3W,60,990,,,,,,,,,,,,
AL,GLADYS,1964,9,48,19640925,0,,EX,47.5N,54.9W,60,,,,,,,,,,,,,
AL,HILDA,1964,10,30,19640928,1200,,TD,21.2N,80.0W,15,,,,,,,,,,,,,
AL,HILDA,1964,10,30,19640928,1800,,TD,21.3N,81.1W,20,,,,,,,,,,,,,
AL,HILDA,1964,10,30,19640929,0,,TD,21.4N,82.1W,20,,,,,,,,,,,,,
AL,HILDA,1964,10,30,19640929,600,,TD,21.7N,83.2W,25,,,,,,,,,,,,,
AL,HILDA,1964,10,30,19640929,1200,,TS,22.0N,84.2W,35,,,,,,,,,,,,,
AL,HILDA,1964,10,30,19640929,1800,,TS,22.3N,85.3W,40,,,,,,,,,,,,,
AL,HILDA,1964,10,30,19640930,0,,TS,22.8N,86.1W,50,997,,,,,,,,,,,,
AL,HILDA,1964,10,30,19640930,600,,TS,23.2N,87.3W,60,994,,,,,,,,,,,,
AL,HILDA,1964,10,30,19640930,1200,,HU,23.4N,88.1W,70,984,,,,,,,,,,,,
AL,HILDA,1964,10,30,19640930,1800,,HU,23.8N,89.0W,80,978,,,,,,,,,,,,
AL,HILDA,1964,10,30,19641001,0,,HU,24.0N,89.5W,95,977,,,,,,,,,,,,
AL,HILDA,1964,10,30,19641001,600,,HU,24.2N,90.1W,110,955,,,,,,,,,,,,
AL,HILDA,1964,10,30,19641001,1200,,HU,24.5N,90.6W,120,951,,,,,,,,,,,,
AL,HILDA,1964,10,30,19641001,1800,,HU,24.8N,91.1W,130,941,,,,,,,,,,,,
AL,HILDA,1964,10,30,19641002,0,,HU,25.2N,91.4W,130,942,,,,,,,,,,,,
AL,HILDA,1964,10,30,19641002,600,,HU,25.7N,91.7W,125,,,,,,,,,,,,,
AL,HILDA,1964,10,30,19641002,1200,,HU,26.3N,91.7W,120,,,,,,,,,,,,,
AL,HILDA,1964,10,30,19641002,1800,,HU,26.8N,91.7W,115,,,,,,,,,,,,,
AL,HILDA,1964,10,30,19641003,0,,HU,27.2N,91.4W,110,960,,,,,,,,,,,,
AL,HILDA,1964,10,30,19641003,600,,HU,27.7N,91.4W,105,964,,,,,,,,,,,,
AL,HILDA,1964,10,30,19641003,1200,,HU,28.2N,91.4W,100,962,,,,,,,,,,,,
AL,HILDA,1964,10,30,19641003,1800,,HU,28.6N,91.6W,100,961,,,,,,,,,,,,
AL,HILDA,1964,10,30,19641004,0,,HU,29.6N,91.6W,95,959,,,,,,,,,,,,
AL,HILDA,1964,10,30,19641004,600,,TS,30.2N,91.2W,60,,,,,,,,,,,,,
AL,HILDA,1964,10,30,19641004,1200,,EX,30.6N,90.6W,60,,,,,,,,,,,,,
AL,HILDA,1964,10,30,19641004,1800,,EX,30.7N,89.3W,60,,,,,,,,,,,,,
AL,HILDA,1964,10,30,19641005,0,,EX,30.6N,87.8W,50,,,,,,,,,,,,,
AL,HILDA,1964,10,30,19641005,600,,EX,30.5N,86.1W,40,,,,,,,,,,,,,
AL,HILDA,1964,10,30,19641005,1200,,EX,30.8N,84.5W,35,,,,,,,,,,,,,
AL,HILDA,1964,10,30,19641005,1800,,EX,31.0N,82.5W,35,,,,,,,,,,,,,
AL,ISBELL,1964,11,35,19641008,1200,,TD,13.0N,80.0W,25,1008,,,,,,,,,,,,
AL,ISBELL,1964,11,35,19641008,1800,,TD,13.4N,80.6W,25,,,,,,,,,,,,,
AL,ISBELL,1964,11,35,19641009,0,,TD,14.0N,81.3W,25,,,,,,,,,,,,,
AL,ISBELL,1964,11,35,19641009,600,,TD,14.8N,82.2W,25,,,,,,,,,,,,,
AL,ISBELL,1964,11,35,19641009,1200,,TD,15.5N,83.0W,25,1008,,,,,,,,,,,,
AL,ISBELL,1964,11,35,19641009,1800,,TD,16.3N,83.5W,25,,,,,,,,,,,,,
AL,ISBELL,1964,11,35,19641010,0,,TD,17.0N,84.0W,25,,,,,,,,,,,,,
AL,ISBELL,1964,11,35,19641010,600,,TD,17.6N,84.5W,25,,,,,,,,,,,,,
AL,ISBELL,1964,11,35,19641010,1200,,TD,18.0N,85.0W,25,,,,,,,,,,,,,
AL,ISBELL,1964,11,35,19641010,1800,,TD,18.4N,85.2W,25,1008,,,,,,,,,,,,
AL,ISBELL,1964,11,35,19641011,0,,TD,18.9N,85.3W,25,,,,,,,,,,,,,
AL,ISBELL,1964,11,35,19641011,600,,TD,19.2N,85.5W,25,,,,,,,,,,,,,
AL,ISBELL,1964,11,35,19641011,1200,,TD,19.4N,85.7W,25,,,,,,,,,,,,,
AL,ISBELL,1964,11,35,19641011,1800,,TD,19.4N,86.0W,25,,,,,,,,,,,,,
AL,ISBELL,1964,11,35,19641012,0,,TD,19.3N,86.1W,25,,,,,,,,,,,,,
AL,ISBELL,1964,11,35,19641012,600,,TD,19.2N,85.9W,30,,,,,,,,,,,,,
AL,ISBELL,1964,11,35,19641012,1200,,TD,19.2N,85.8W,30,,,,,,,,,,,,,
AL,ISBELL,1964,11,35,19641012,1800,,TD,19.4N,85.7W,30,1005,,,,,,,,,,,,
AL,ISBELL,1964,11,35,19641013,0,,TS,20.0N,85.0W,40,,,,,,,,,,,,,
AL,ISBELL,1964,11,35,19641013,600,,TS,20.5N,84.8W,50,,,,,,,,,,,,,
AL,ISBELL,1964,11,35,19641013,1200,,TS,21.0N,84.6W,60,,,,,,,,,,,,,
AL,ISBELL,1964,11,35,19641013,1800,,HU,21.7N,84.5W,80,979,,,,,,,,,,,,
AL,ISBELL,1964,11,35,19641014,0,,HU,22.5N,84.1W,95,,,,,,,,,,,,,
AL,ISBELL,1964,11,35,19641014,600,,HU,23.2N,83.6W,100,,,,,,,,,,,,,
AL,ISBELL,1964,11,35,19641014,1200,,HU,24.0N,82.9W,110,964,,,,,,,,,,,,
AL,ISBELL,1964,11,35,19641014,1800,,HU,25.1N,82.0W,110,968,,,,,,,,,,,,
AL,ISBELL,1964,11,35,19641015,0,,HU,26.4N,80.6W,110,,,,,,,,,,,,,
AL,ISBELL,1964,11,35,19641015,600,,HU,27.8N,79.0W,100,,,,,,,,,,,,,
AL,ISBELL,1964,11,35,19641015,1200,,HU,29.6N,77.3W,80,980,,,,,,,,,,,,
AL,ISBELL,1964,11,35,19641015,1800,,HU,30.5N,76.5W,70,986,,,,,,,,,,,,
AL,ISBELL,1964,11,35,19641016,0,,HU,31.9N,76.1W,65,990,,,,,,,,,,,,
AL,ISBELL,1964,11,35,19641016,600,,HU,33.4N,76.2W,65,994,,,,,,,,,,,,
AL,ISBELL,1964,11,35,19641016,1200,,EX,34.9N,76.4W,40,1000,,,,,,,,,,,,
AL,ISBELL,1964,11,35,19641016,1800,,EX,36.0N,76.5W,35,,,,,,,,,,,,,
AL,ISBELL,1964,11,35,19641017,0,,EX,36.5N,76.5W,30,,,,,,,,,,,,,
AL,UNNAMED,1964,12,21,19641105,0,,TD,11.3N,80.1W,25,,,,,,,,,,,,,
AL,UNNAMED,1964,12,21,19641105,600,,TD,11.8N,80.5W,25,,,,,,,,,,,,,
AL,UNNAMED,1964,12,21,19641105,1200,,TD,12.2N,80.8W,25,,,,,,,,,,,,,
AL,UNNAMED,1964,12,21,19641105,1800,,TD,12.6N,81.0W,25,,,,,,,,,,,,,
AL,UNNAMED,1964,12,21,19641106,0,,TD,13.0N,81.1W,25,,,,,,,,,,,,,
AL,UNNAMED,1964,12,21,19641106,600,,TD,13.5N,81.3W,30,,,,,,,,,,,,,
AL,UNNAMED,1964,12,21,19641106,1200,,TS,13.9N,81.4W,35,,,,,,,,,,,,,
AL,UNNAMED,1964,12,21,19641106,1800,,TS,14.1N,81.8W,35,,,,,,,,,,,,,
AL,UNNAMED,1964,12,21,19641107,0,,TS,14.2N,82.4W,35,,,,,,,,,,,,,
AL,UNNAMED,1964,12,21,19641107,600,,TS,14.2N,82.8W,35,,,,,,,,,,,,,
AL,UNNAMED,1964,12,21,19641107,1200,,TS,14.2N,83.3W,35,,,,,,,,,,,,,
AL,UNNAMED,1964,12,21,19641107,1800,,TS,14.5N,84.0W,35,997,,,,,,,,,,,,
AL,UNNAMED,1964,12,21,19641108,0,,TS,15.0N,84.7W,35,,,,,,,,,,,,,
AL,UNNAMED,1964,12,21,19641108,600,,TD,15.5N,85.0W,30,,,,,,,,,,,,,
AL,UNNAMED,1964,12,21,19641108,1200,,TD,16.0N,85.4W,25,,,,,,,,,,,,,
AL,UNNAMED,1964,12,21,19641108,1800,,TD,16.4N,85.8W,25,,,,,,,,,,,,,
AL,UNNAMED,1964,12,21,19641109,0,,TD,16.8N,86.1W,25,,,,,,,,,,,,,
AL,UNNAMED,1964,12,21,19641109,600,,TD,17.3N,86.7W,25,,,,,,,,,,,,,
AL,UNNAMED,1964,12,21,19641109,1200,,TD,17.8N,87.6W,25,,,,,,,,,,,,,
AL,UNNAMED,1964,12,21,19641109,1800,,TD,18.2N,88.3W,25,,,,,,,,,,,,,
AL,UNNAMED,1964,12,21,19641110,0,,TD,18.5N,88.9W,25,,,,,,,,,,,,,
AL,UNNAMED,1965,1,29,19650611,600,,TD,12.5N,91.3W,25,,,,,,,,,,,,,
AL,UNNAMED,1965,1,29,19650611,1200,,TD,13.6N,91.3W,25,,,,,,,,,,,,,
AL,UNNAMED,1965,1,29,19650611,1800,,TD,14.6N,91.3W,25,,,,,,,,,,,,,
AL,UNNAMED,1965,1,29,19650612,0,,TD,15.7N,91.3W,25,,,,,,,,,,,,,
AL,UNNAMED,1965,1,29,19650612,600,,TD,16.8N,91.1W,25,,,,,,,,,,,,,
AL,UNNAMED,1965,1,29,19650612,1200,,TD,17.9N,91.0W,25,,,,,,,,,,,,,
AL,UNNAMED,1965,1,29,19650612,1800,,TD,18.9N,91.0W,25,,,,,,,,,,,,,
AL,UNNAMED,1965,1,29,19650613,0,,TD,19.9N,91.0W,25,,,,,,,,,,,,,
AL,UNNAMED,1965,1,29,19650613,600,,TD,20.9N,91.0W,25,,,,,,,,,,,,,
AL,UNNAMED,1965,1,29,19650613,1200,,TD,22.0N,91.0W,25,,,,,,,,,,,,,
AL,UNNAMED,1965,1,29,19650613,1800,,TD,23.1N,91.0W,30,,,,,,,,,,,,,
AL,UNNAMED,1965,1,29,19650614,0,,TS,24.1N,91.1W,35,,,,,,,,,,,,,
AL,UNNAMED,1965,1,29,19650614,600,,TS,25.1N,90.9W,35,,,,,,,,,,,,,
AL,UNNAMED,1965,1,29,19650614,1200,,TS,26.1N,90.5W,35,,,,,,,,,,,,,
AL,UNNAMED,1965,1,29,19650614,1800,,TS,26.9N,90.0W,40,,,,,,,,,,,,,
AL,UNNAMED,1965,1,29,19650615,0,,TS,27.8N,89.1W,45,,,,,,,,,,,,,
AL,UNNAMED,1965,1,29,19650615,600,,TS,29.0N,87.7W,45,,,,,,,,,,,,,
AL,UNNAMED,1965,1,29,19650615,1200,,TS,30.4N,86.0W,45,,,,,,,,,,,,,
AL,UNNAMED,1965,1,29,19650615,1800,,TS,31.9N,84.2W,40,,,,,,,,,,,,,
AL,UNNAMED,1965,1,29,19650616,0,,EX,33.5N,82.1W,35,,,,,,,,,,,,,
AL,UNNAMED,1965,1,29,19650616,600,,EX,35.0N,79.1W,30,,,,,,,,,,,,,
AL,UNNAMED,1965,1,29,19650616,1200,,EX,36.2N,76.2W,25,,,,,,,,,,,,,
AL,UNNAMED,1965,1,29,19650616,1800,,EX,37.0N,74.0W,25,,,,,,,,,,,,,
AL,UNNAMED,1965,1,29,19650617,0,,EX,37.7N,71.7W,25,,,,,,,,,,,,,
AL,UNNAMED,1965,1,29,19650617,600,,EX,38.4N,69.4W,25,,,,,,,,,,,,,
AL,UNNAMED,1965,1,29,19650617,1200,,EX,39.0N,67.0W,25,,,,,,,,,,,,,
AL,UNNAMED,1965,1,29,19650617,1800,,EX,39.5N,64.5W,25,,,,,,,,,,,,,
AL,UNNAMED,1965,1,29,19650618,0,,EX,40.0N,61.8W,25,,,,,,,,,,,,,
AL,UNNAMED,1965,1,29,19650618,600,,EX,40.4N,59.1W,25,,,,,,,,,,,,,
AL,ANNA,1965,2,22,19650821,600,,TS,32.4N,51.8W,35,,,,,,,,,,,,,
AL,ANNA,1965,2,22,19650821,1200,,TS,33.0N,52.0W,35,,,,,,,,,,,,,
AL,ANNA,1965,2,22,19650821,1800,,TS,33.7N,52.1W,35,,,,,,,,,,,,,
AL,ANNA,1965,2,22,19650822,0,,TS,34.2N,52.1W,35,,,,,,,,,,,,,
AL,ANNA,1965,2,22,19650822,600,,TS,34.6N,52.1W,35,,,,,,,,,,,,,
AL,ANNA,1965,2,22,19650822,1200,,TS,35.1N,52.2W,35,,,,,,,,,,,,,
AL,ANNA,1965,2,22,19650822,1800,,TS,35.6N,52.2W,35,,,,,,,,,,,,,
AL,ANNA,1965,2,22,19650823,0,,TS,36.0N,52.1W,35,,,,,,,,,,,,,
AL,ANNA,1965,2,22,19650823,600,,TS,36.4N,52.0W,40,,,,,,,,,,,,,
AL,ANNA,1965,2,22,19650823,1200,,TS,36.9N,51.9W,50,,,,,,,,,,,,,
AL,ANNA,1965,2,22,19650823,1800,,HU,37.5N,51.6W,65,,,,,,,,,,,,,
AL,ANNA,1965,2,22,19650824,0,,HU,38.3N,51.3W,65,,,,,,,,,,,,,
AL,ANNA,1965,2,22,19650824,600,,HU,39.0N,50.9W,70,,,,,,,,,,,,,
AL,ANNA,1965,2,22,19650824,1200,,HU,39.8N,50.3W,75,,,,,,,,,,,,,
AL,ANNA,1965,2,22,19650824,1800,,HU,41.1N,48.8W,80,,,,,,,,,,,,,
AL,ANNA,1965,2,22,19650825,0,,HU,43.0N,46.0W,75,,,,,,,,,,,,,
AL,ANNA,1965,2,22,19650825,600,,HU,45.1N,42.4W,75,,,,,,,,,,,,,
AL,ANNA,1965,2,22,19650825,1200,,HU,47.1N,38.1W,75,,,,,,,,,,,,,
AL,ANNA,1965,2,22,19650825,1800,,HU,49.1N,33.4W,70,,,,,,,,,,,,,
AL,ANNA,1965,2,22,19650826,0,,EX,51.0N,27.9W,70,,,,,,,,,,,,,
AL,ANNA,1965,2,22,19650826,600,,EX,52.6N,21.0W,70,,,,,,,,,,,,,
AL,ANNA,1965,2,22,19650826,1200,,EX,54.1N,12.6W,65,,,,,,,,,,,,,
AL,BETSY,1965,3,69,19650827,0,,TD,10.9N,50.5W,25,,,,,,,,,,,,,
AL,BETSY,1965,3,69,19650827,600,,TD,11.1N,52.1W,30,,,,,,,,,,,,,
AL,BETSY,1965,3,69,19650827,1200,,TD,11.4N,53.5W,30,,,,,,,,,,,,,
AL,BETSY,1965,3,69,19650827,1800,,TD,11.6N,54.5W,30,1007,,,,,,,,,,,,
AL,BETSY,1965,3,69,19650828,0,,TD,12.0N,55.8W,30,,,,,,,,,,,,,
AL,BETSY,1965,3,69,19650828,600,,TD,13.0N,57.8W,30,,,,,,,,,,,,,
AL,BETSY,1965,3,69,19650828,1200,,TD,14.0N,59.8W,30,1010,,,,,,,,,,,,
AL,BETSY,1965,3,69,19650828,1800,,TD,15.3N,61.4W,30,,,,,,,,,,,,,
AL,BETSY,1965,3,69,19650829,0,,TD,16.2N,62.1W,30,1010,,,,,,,,,,,,
AL,BETSY,1965,3,69,19650829,600,,TD,17.4N,62.6W,30,,,,,,,,,,,,,
AL,BETSY,1965,3,69,19650829,1200,,TS,19.2N,63.4W,35,1007,,,,,,,,,,,,
AL,BETSY,1965,3,69,19650829,1800,,TS,20.5N,64.3W,40,997,,,,,,,,,,,,
AL,BETSY,1965,3,69,19650830,0,,HU,21.2N,64.7W,65,,,,,,,,,,,,,
AL,BETSY,1965,3,69,19650830,600,,HU,21.8N,65.1W,65,,,,,,,,,,,,,
AL,BETSY,1965,3,69,19650830,1200,,HU,22.4N,65.5W,65,,,,,,,,,,,,,
AL,BETSY,1965,3,69,19650830,1800,,HU,22.6N,65.6W,65,1002,,,,,,,,,,,,
AL,BETSY,1965,3,69,19650831,0,,HU,22.7N,65.7W,65,994,,,,,,,,,,,,
AL,BETSY,1965,3,69,19650831,600,,HU,22.7N,65.8W,65,990,,,,,,,,,,,,
AL,BETSY,1965,3,69,19650831,1200,,HU,22.5N,66.1W,70,,,,,,,,,,,,,
AL,BETSY,1965,3,69,19650831,1800,,HU,22.5N,66.0W,70,984,,,,,,,,,,,,
AL,BETSY,1965,3,69,19650901,0,,HU,22.5N,66.1W,75,,,,,,,,,,,,,
AL,BETSY,1965,3,69,19650901,600,,HU,22.3N,66.6W,75,980,,,,,,,,,,,,
AL,BETSY,1965,3,69,19650901,1200,,HU,22.2N,67.5W,80,988,,,,,,,,,,,,
AL,BETSY,1965,3,69,19650901,1800,,HU,22.3N,68.0W,70,987,,,,,,,,,,,,
AL,BETSY,1965,3,69,19650902,0,,HU,22.5N,68.5W,80,970,,,,,,,,,,,,
AL,BETSY,1965,3,69,19650902,600,,HU,22.6N,69.3W,90,,,,,,,,,,,,,
AL,BETSY,1965,3,69,19650902,1200,,HU,22.8N,70.2W,105,942,,,,,,,,,,,,
AL,BETSY,1965,3,69,19650902,1800,,HU,23.4N,70.9W,105,945,,,,,,,,,,,,
AL,BETSY,1965,3,69,19650903,0,,HU,24.1N,71.3W,110,,,,,,,,,,,,,
AL,BETSY,1965,3,69,19650903,600,,HU,24.7N,72.1W,110,,,,,,,,,,,,,
AL,BETSY,1965,3,69,19650903,1200,,HU,25.3N,72.9W,110,955,,,,,,,,,,,,
AL,BETSY,1965,3,69,19650903,1800,,HU,26.3N,73.7W,115,950,,,,,,,,,,,,
AL,BETSY,1965,3,69,19650904,0,,HU,26.9N,74.3W,120,951,,,,,,,,,,,,
AL,BETSY,1965,3,69,19650904,600,,HU,27.3N,74.7W,120,946,,,,,,,,,,,,
AL,BETSY,1965,3,69,19650904,1200,,HU,28.1N,75.3W,120,951,,,,,,,,,,,,
AL,BETSY,1965,3,69,19650904,1800,,HU,28.6N,75.6W,115,946,,,,,,,,,,,,
AL,BETSY,1965,3,69,19650905,0,,HU,28.8N,75.4W,110,943,,,,,,,,,,,,
AL,BETSY,1965,3,69,19650905,600,,HU,29.0N,75.3W,110,954,,,,,,,,,,,,
AL,BETSY,1965,3,69,19650905,1200,,HU,29.0N,75.3W,105,952,,,,,,,,,,,,
AL,BETSY,1965,3,69,19650905,1800,,HU,28.6N,75.4W,100,968,,,,,,,,,,,,
AL,BETSY,1965,3,69,19650906,0,,HU,28.0N,75.4W,95,973,,,,,,,,,,,,
AL,BETSY,1965,3,69,19650906,600,,HU,27.5N,75.8W,100,968,,,,,,,,,,,,
AL,BETSY,1965,3,69,19650906,1200,,HU,26.9N,76.3W,100,966,,,,,,,,,,,,
AL,BETSY,1965,3,69,19650906,1800,,HU,26.2N,76.5W,100,,,,,,,,,,,,,
AL,BETSY,1965,3,69,19650907,0,,HU,25.8N,76.7W,100,956,,,,,,,,,,,,
AL,BETSY,1965,3,69,19650907,600,,HU,25.6N,76.9W,105,956,,,,,,,,,,,,
AL,BETSY,1965,3,69,19650907,1200,,HU,25.3N,77.2W,110,957,,,,,,,,,,,,
AL,BETSY,1965,3,69,19650907,1800,,HU,25.3N,77.9W,110,952,,,,,,,,,,,,
AL,BETSY,1965,3,69,19650908,0,,HU,25.2N,78.5W,110,961,,,,,,,,,,,,
AL,BETSY,1965,3,69,19650908,600,,HU,25.1N,79.5W,110,954,,,,,,,,,,,,
AL,BETSY,1965,3,69,19650908,1200,,HU,25.1N,80.7W,110,952,,,,,,,,,,,,
AL,BETSY,1965,3,69,19650908,1800,,HU,25.3N,82.2W,105,948,,,,,,,,,,,,
AL,BETSY,1965,3,69,19650909,0,,HU,25.5N,83.6W,110,,,,,,,,,,,,,
AL,BETSY,1965,3,69,19650909,600,,HU,25.9N,85.3W,115,,,,,,,,,,,,,
AL,BETSY,1965,3,69,19650909,1200,,HU,26.4N,86.9W,120,951,,,,,,,,,,,,
AL,BETSY,1965,3,69,19650909,1800,,HU,27.3N,88.1W,125,953,,,,,,,,,,,,
AL,BETSY,1965,3,69,19650910,0,,HU,28.3N,89.2W,135,941,,,,,,,,,,,,
AL,BETSY,1965,3,69,19650910,600,,HU,29.6N,90.7W,90,948,,,,,,,,,,,,
AL,BETSY,1965,3,69,19650910,1200,,HU,30.8N,91.8W,65,965,,,,,,,,,,,,
AL,BETSY,1965,3,69,19650910,1800,,TS,32.3N,92.0W,55,,,,,,,,,,,,,
AL,BETSY,1965,3,69,19650911,0,,TS,33.0N,92.0W,35,,,,,,,,,,,,,
AL,BETSY,1965,3,69,19650911,600,,TD,34.0N,91.5W,30,,,,,,,,,,,,,
AL,BETSY,1965,3,69,19650911,1200,,TD,34.6N,91.0W,30,,,,,,,,,,,,,
AL,BETSY,1965,3,69,19650911,1800,,TD,35.5N,90.2W,25,,,,,,,,,,,,,
AL,BETSY,1965,3,69,19650912,0,,TD,36.3N,88.4W,20,,,,,,,,,,,,,
AL,BETSY,1965,3,69,19650912,600,,TD,37.0N,87.5W,20,,,,,,,,,,,,,
AL,BETSY,1965,3,69,19650912,1200,,EX,38.0N,86.5W,20,,,,,,,,,,,,,
AL,BETSY,1965,3,69,19650912,1800,,EX,39.0N,85.0W,20,,,,,,,,,,,,,
AL,BETSY,1965,3,69,19650913,0,,EX,39.0N,83.0W,20,,,,,,,,,,,,,
AL,CAROL,1965,4,63,19650916,600,,TD,13.3N,20.1W,25,,,,,,,,,,,,,
AL,CAROL,1965,4,63,19650916,1200,,TD,13.0N,22.0W,25,,,,,,,,,,,,,
AL,CAROL,1965,4,63,19650916,1800,,TD,12.7N,23.8W,25,,,,,,,,,,,,,
AL,CAROL,1965,4,63,19650917,0,,TD,12.5N,25.6W,25,,,,,,,,,,,,,
AL,CAROL,1965,4,63,19650917,600,,TD,12.3N,27.4W,25,,,,,,,,,,,,,
AL,CAROL,1965,4,63,19650917,1200,,TD,12.3N,29.2W,30,,,,,,,,,,,,,
AL,CAROL,1965,4,63,19650917,1800,,TS,12.4N,30.7W,35,,,,,,,,,,,,,
AL,CAROL,1965,4,63,19650918,0,,TS,12.6N,31.9W,40,,,,,,,,,,,,,
AL,CAROL,1965,4,63,19650918,600,,TS,12.9N,33.1W,40,,,,,,,,,,,,,
AL,CAROL,1965,4,63,19650918,1200,,TS,13.2N,34.3W,40,,,,,,,,,,,,,
AL,CAROL,1965,4,63,19650918,1800,,TS,13.5N,35.6W,40,,,,,,,,,,,,,
AL,CAROL,1965,4,63,19650919,0,,TS,14.0N,36.8W,40,,,,,,,,,,,,,
AL,CAROL,1965,4,63,19650919,600,,TS,14.8N,37.9W,40,,,,,,,,,,,,,
AL,CAROL,1965,4,63,19650919,1200,,TS,15.5N,38.7W,40,,,,,,,,,,,,,
AL,CAROL,1965,4,63,19650919,1800,,TS,16.3N,39.2W,40,,,,,,,,,,,,,
AL,CAROL,1965,4,63,19650920,0,,TS,17.0N,39.6W,45,,,,,,,,,,,,,
AL,CAROL,1965,4,63,19650920,600,,TS,17.9N,40.0W,50,,,,,,,,,,,,,
AL,CAROL,1965,4,63,19650920,1200,,TS,18.9N,40.3W,55,,,,,,,,,,,,,
AL,CAROL,1965,4,63,19650920,1800,,HU,19.7N,40.6W,65,,,,,,,,,,,,,
AL,CAROL,1965,4,63,19650921,0,,HU,20.4N,40.8W,65,,,,,,,,,,,,,
AL,CAROL,1965,4,63,19650921,600,,HU,21.5N,40.9W,65,974,,,,,,,,,,,,
AL,CAROL,1965,4,63,19650921,1200,,HU,23.0N,41.0W,65,974,,,,,,,,,,,,
AL,CAROL,1965,4,63,19650921,1800,,HU,24.9N,41.1W,70,,,,,,,,,,,,,
AL,CAROL,1965,4,63,19650922,0,,HU,26.8N,41.2W,75,,,,,,,,,,,,,
AL,CAROL,1965,4,63,19650922,600,,HU,28.8N,41.4W,75,,,,,,,,,,,,,
AL,CAROL,1965,4,63,19650922,1200,,HU,30.8N,41.8W,75,980,,,,,,,,,,,,
AL,CAROL,1965,4,63,19650922,1800,,HU,32.4N,42.2W,75,,,,,,,,,,,,,
AL,CAROL,1965,4,63,19650923,0,,HU,33.3N,42.6W,70,992,,,,,,,,,,,,
AL,CAROL,1965,4,63,19650923,600,,HU,33.9N,42.9W,65,,,,,,,,,,,,,
AL,CAROL,1965,4,63,19650923,1200,,HU,34.4N,43.0W,65,988,,,,,,,,,,,,
AL,CAROL,1965,4,63,19650923,1800,,HU,34.8N,43.0W,65,,,,,,,,,,,,,
AL,CAROL,1965,4,63,19650924,0,,HU,35.1N,42.9W,65,,,,,,,,,,,,,
AL,CAROL,1965,4,63,19650924,600,,HU,35.2N,42.6W,65,,,,,,,,,,,,,
AL,CAROL,1965,4,63,19650924,1200,,HU,35.2N,42.3W,65,,,,,,,,,,,,,
AL,CAROL,1965,4,63,19650924,1800,,HU,35.1N,42.0W,65,991,,,,,,,,,,,,
AL,CAROL,1965,4,63,19650925,0,,HU,34.9N,41.7W,65,,,,,,,,,,,,,
AL,CAROL,1965,4,63,19650925,600,,HU,34.4N,41.4W,65,,,,,,,,,,,,,
AL,CAROL,1965,4,63,19650925,1200,,HU,34.0N,41.1W,65,986,,,,,,,,,,,,
AL,CAROL,1965,4,63,19650925,1800,,HU,33.8N,41.0W,65,986,,,,,,,,,,,,
AL,CAROL,1965,4,63,19650926,0,,HU,33.5N,41.0W,65,986,,,,,,,,,,,,
AL,CAROL,1965,4,63,19650926,600,,HU,33.3N,41.0W,65,,,,,,,,,,,,,
AL,CAROL,1965,4,63,19650926,1200,,HU,33.0N,41.0W,65,998,,,,,,,,,,,,
AL,CAROL,1965,4,63,19650926,1800,,HU,32.7N,41.2W,65,,,,,,,,,,,,,
AL,CAROL,1965,4,63,19650927,0,,HU,32.6N,41.5W,65,,,,,,,,,,,,,
AL,CAROL,1965,4,63,19650927,600,,HU,32.8N,41.8W,65,,,,,,,,,,,,,
AL,CAROL,1965,4,63,19650927,1200,,HU,33.1N,41.9W,70,,,,,,,,,,,,,
AL,CAROL,1965,4,63,19650927,1800,,HU,33.4N,41.9W,70,,,,,,,,,,,,,
AL,CAROL,1965,4,63,19650928,0,,HU,33.7N,41.8W,70,992,,,,,,,,,,,,
AL,CAROL,1965,4,63,19650928,600,,HU,34.0N,41.8W,70,,,,,,,,,,,,,
AL,CAROL,1965,4,63,19650928,1200,,HU,34.6N,41.7W,70,,,,,,,,,,,,,
AL,CAROL,1965,4,63,19650928,1800,,HU,35.6N,40.9W,70,988,,,,,,,,,,,,
AL,CAROL,1965,4,63,19650929,0,,HU,36.6N,39.3W,75,,,,,,,,,,,,,
AL,CAROL,1965,4,63,19650929,600,,HU,37.6N,37.6W,80,,,,,,,,,,,,,
AL,CAROL,1965,4,63,19650929,1200,,HU,38.7N,35.4W,85,,,,,,,,,,,,,
AL,CAROL,1965,4,63,19650929,1800,,HU,40.1N,32.9W,80,984,,,,,,,,,,,,
AL,CAROL,1965,4,63,19650930,0,,HU,41.5N,30.2W,75,,,,,,,,,,,,,
AL,CAROL,1965,4,63,19650930,600,,HU,42.7N,27.4W,70,,,,,,,,,,,,,
AL,CAROL,1965,4,63,19650930,1200,,HU,42.8N,24.7W,70,,,,,,,,,,,,,
AL,CAROL,1965,4,63,19650930,1800,,HU,41.8N,22.0W,65,,,,,,,,,,,,,
AL,CAROL,1965,4,63,19651001,0,,HU,40.7N,19.7W,65,,,,,,,,,,,,,
AL,CAROL,1965,4,63,19651001,600,,TS,39.8N,17.8W,45,,,,,,,,,,,,,
AL,CAROL,1965,4,63,19651001,1200,,EX,38.8N,16.0W,25,,,,,,,,,,,,,
AL,CAROL,1965,4,63,19651001,1800,,EX,37.6N,14.2W,25,,,,,,,,,,,,,
AL,DEBBIE,1965,5,23,19650924,1200,,TD,17.5N,84.7W,25,1003,,,,,,,,,,,,
AL,DEBBIE,1965,5,23,19650924,1800,,TD,18.1N,85.0W,25,,,,,,,,,,,,,
AL,DEBBIE,1965,5,23,19650925,0,,TD,18.6N,85.4W,25,,,,,,,,,,,,,
AL,DEBBIE,1965,5,23,19650925,600,,TD,19.1N,85.7W,25,,,,,,,,,,,,,
AL,DEBBIE,1965,5,23,19650925,1200,,TD,19.6N,86.1W,25,1005,,,,,,,,,,,,
AL,DEBBIE,1965,5,23,19650925,1800,,TD,20.1N,86.5W,25,,,,,,,,,,,,,
AL,DEBBIE,1965,5,23,19650926,0,,TD,20.5N,86.9W,25,,,,,,,,,,,,,
AL,DEBBIE,1965,5,23,19650926,600,,TD,21.0N,87.3W,25,,,,,,,,,,,,,
AL,DEBBIE,1965,5,23,19650926,1200,,TD,21.5N,87.7W,25,,,,,,,,,,,,,
AL,DEBBIE,1965,5,23,19650926,1800,,TD,22.0N,88.3W,25,1007,,,,,,,,,,,,
AL,DEBBIE,1965,5,23,19650927,0,,TD,22.5N,88.9W,25,1006,,,,,,,,,,,,
AL,DEBBIE,1965,5,23,19650927,600,,TD,23.0N,89.5W,30,,,,,,,,,,,,,
AL,DEBBIE,1965,5,23,19650927,1200,,TD,23.5N,90.1W,30,1007,,,,,,,,,,,,
AL,DEBBIE,1965,5,23,19650927,1800,,TD,24.1N,90.3W,30,1007,,,,,,,,,,,,
AL,DEBBIE,1965,5,23,19650928,0,,TD,24.8N,90.4W,30,,,,,,,,,,,,,
AL,DEBBIE,1965,5,23,19650928,600,,TD,25.7N,90.0W,30,,,,,,,,,,,,,
AL,DEBBIE,1965,5,23,19650928,1200,,TS,26.5N,89.7W,40,1001,,,,,,,,,,,,
AL,DEBBIE,1965,5,23,19650928,1800,,TS,27.4N,89.2W,45,1004,,,,,,,,,,,,
AL,DEBBIE,1965,5,23,19650929,0,,TS,28.3N,88.7W,45,1004,,,,,,,,,,,,
AL,DEBBIE,1965,5,23,19650929,600,,TS,28.6N,88.6W,35,,,,,,,,,,,,,
AL,DEBBIE,1965,5,23,19650929,1200,,TS,29.0N,88.5W,35,,,,,,,,,,,,,
AL,DEBBIE,1965,5,23,19650929,1800,,TD,29.5N,88.7W,30,,,,,,,,,,,,,
AL,DEBBIE,1965,5,23,19650930,0,,TD,30.0N,88.9W,30,,,,,,,,,,,,,
AL,ELENA,1965,6,27,19651012,1200,,TD,15.6N,45.5W,30,,,,,,,,,,,,,
AL,ELENA,1965,6,27,19651012,1800,,TD,18.0N,47.0W,30,,,,,,,,,,,,,
AL,ELENA,1965,6,27,19651013,0,,TD,19.1N,48.6W,30,,,,,,,,,,,,,
AL,ELENA,1965,6,27,19651013,600,,TD,19.8N,50.4W,30,,,,,,,,,,,,,
AL,ELENA,1965,6,27,19651013,1200,,TD,20.5N,52.0W,30,,,,,,,,,,,,,
AL,ELENA,1965,6,27,19651013,1800,,TD,21.2N,53.1W,30,,,,,,,,,,,,,
AL,ELENA,1965,6,27,19651014,0,,TS,22.0N,54.1W,40,,,,,,,,,,,,,
AL,ELENA,1965,6,27,19651014,600,,TS,23.1N,55.1W,40,,,,,,,,,,,,,
AL,ELENA,1965,6,27,19651014,1200,,TS,24.0N,56.0W,40,1005,,,,,,,,,,,,
AL,ELENA,1965,6,27,19651014,1800,,TS,24.5N,56.8W,40,,,,,,,,,,,,,
AL,ELENA,1965,6,27,19651015,0,,TS,24.9N,57.4W,40,,,,,,,,,,,,,
AL,ELENA,1965,6,27,19651015,600,,TS,25.4N,58.0W,40,1005,,,,,,,,,,,,
AL,ELENA,1965,6,27,19651015,1200,,TS,25.9N,58.5W,45,1001,,,,,,,,,,,,
AL,ELENA,1965,6,27,19651015,1800,,TS,26.3N,58.9W,50,995,,,,,,,,,,,,
AL,ELENA,1965,6,27,19651016,0,,TS,26.7N,59.2W,55,995,,,,,,,,,,,,
AL,ELENA,1965,6,27,19651016,600,,HU,27.3N,59.7W,65,991,,,,,,,,,,,,
AL,ELENA,1965,6,27,19651016,1200,,HU,28.0N,60.3W,65,,,,,,,,,,,,,
AL,ELENA,1965,6,27,19651016,1800,,HU,28.8N,60.2W,65,992,,,,,,,,,,,,
AL,ELENA,1965,6,27,19651017,0,,HU,30.0N,59.4W,65,998,,,,,,,,,,,,
AL,ELENA,1965,6,27,19651017,600,,HU,31.5N,58.3W,65,992,,,,,,,,,,,,
AL,ELENA,1965,6,27,19651017,1200,,HU,33.0N,56.3W,70,988,,,,,,,,,,,,
AL,ELENA,1965,6,27,19651017,1800,,HU,34.4N,53.4W,70,986,,,,,,,,,,,,
AL,ELENA,1965,6,27,19651018,0,,HU,35.8N,50.0W,70,,,,,,,,,,,,,
AL,ELENA,1965,6,27,19651018,600,,HU,37.3N,46.4W,70,,,,,,,,,,,,,
AL,ELENA,1965,6,27,19651018,1200,,HU,39.0N,42.5W,70,977,,,,,,,,,,,,
AL,ELENA,1965,6,27,19651018,1800,,HU,41.0N,37.9W,70,,,,,,,,,,,,,
AL,ELENA,1965,6,27,19651019,0,,EX,43.5N,32.5W,70,,,,,,,,,,,,,
AL,ALMA,1966,1,42,19660604,600,,TD,12.7N,84.0W,25,,,,,,,,,,,,,
AL,ALMA,1966,1,42,19660604,1200,,TD,13.3N,84.3W,25,,,,,,,,,,,,,
AL,ALMA,1966,1,42,19660604,1800,,TD,14.0N,84.5W,25,,,,,,,,,,,,,
AL,ALMA,1966,1,42,19660605,0,,TD,14.8N,84.7W,25,,,,,,,,,,,,,
AL,ALMA,1966,1,42,19660605,600,,TD,15.5N,84.8W,25,,,,,,,,,,,,,
AL,ALMA,1966,1,42,19660605,1200,,TD,16.3N,84.8W,30,1006,,,,,,,,,,,,
AL,ALMA,1966,1,42,19660605,1800,,TD,16.9N,84.8W,30,,,,,,,,,,,,,
AL,ALMA,1966,1,42,19660606,0,,TD,17.3N,84.7W,30,,,,,,,,,,,,,
AL,ALMA,1966,1,42,19660606,600,,TD,17.7N,84.4W,30,,,,,,,,,,,,,
AL,ALMA,1966,1,42,19660606,1200,,TS,18.1N,84.2W,40,996,,,,,,,,,,,,
AL,ALMA,1966,1,42,19660606,1800,,HU,18.5N,84.1W,70,990,,,,,,,,,,,,
AL,ALMA,1966,1,42,19660607,0,,HU,18.9N,84.0W,80,990,,,,,,,,,,,,
AL,ALMA,1966,1,42,19660607,600,,HU,19.2N,83.9W,80,986,,,,,,,,,,,,
AL,ALMA,1966,1,42,19660607,1200,,HU,19.4N,83.8W,85,983,,,,,,,,,,,,
AL,ALMA,1966,1,42,19660607,1800,,HU,19.7N,83.7W,85,,,,,,,,,,,,,
AL,ALMA,1966,1,42,19660608,0,,HU,20.1N,83.5W,85,976,,,,,,,,,,,,
AL,ALMA,1966,1,42,19660608,600,,HU,21.2N,83.0W,85,980,,,,,,,,,,,,
AL,ALMA,1966,1,42,19660608,1200,,HU,22.7N,82.5W,90,,,,,,,,,,,,,
AL,ALMA,1966,1,42,19660608,1800,,HU,24.2N,82.4W,110,970,,,,,,,,,,,,
AL,ALMA,1966,1,42,19660609,0,,HU,25.7N,82.6W,100,974,,,,,,,,,,,,
AL,ALMA,1966,1,42,19660609,600,,HU,27.3N,83.3W,90,,,,,,,,,,,,,
AL,ALMA,1966,1,42,19660609,1200,,HU,28.8N,84.4W,85,970,,,,,,,,,,,,
AL,ALMA,1966,1,42,19660609,1800,,HU,29.7N,84.6W,80,981,,,,,,,,,,,,
AL,ALMA,1966,1,42,19660610,0,,TS,30.3N,84.1W,60,977,,,,,,,,,,,,
AL,ALMA,1966,1,42,19660610,600,,TS,31.0N,83.0W,55,,,,,,,,,,,,,
AL,ALMA,1966,1,42,19660610,1200,,TS,31.7N,81.9W,45,,,,,,,,,,,,,
AL,ALMA,1966,1,42,19660610,1800,,TS,32.1N,80.8W,40,,,,,,,,,,,,,
AL,ALMA,1966,1,42,19660611,0,,TS,32.5N,79.6W,40,997,,,,,,,,,,,,
AL,ALMA,1966,1,42,19660611,600,,TS,33.1N,78.2W,40,,,,,,,,,,,,,
AL,ALMA,1966,1,42,19660611,1200,,TS,33.7N,76.7W,40,990,,,,,,,,,,,,
AL,ALMA,1966,1,42,19660611,1800,,HU,33.7N,75.4W,65,993,,,,,,,,,,,,
AL,ALMA,1966,1,42,19660612,0,,HU,33.7N,74.2W,70,998,,,,,,,,,,,,
AL,ALMA,1966,1,42,19660612,600,,HU,34.3N,73.5W,70,997,,,,,,,,,,,,
AL,ALMA,1966,1,42,19660612,1200,,TS,34.9N,73.3W,60,994,,,,,,,,,,,,
AL,ALMA,1966,1,42,19660612,1800,,TS,35.6N,73.3W,60,,,,,,,,,,,,,
AL,ALMA,1966,1,42,19660613,0,,TS,36.3N,73.3W,55,999,,,,,,,,,,,,
AL,ALMA,1966,1,42,19660613,600,,TS,37.0N,73.5W,50,,,,,,,,,,,,,
AL,ALMA,1966,1,42,19660613,1200,,TS,37.6N,73.5W,45,1002,,,,,,,,,,,,
AL,ALMA,1966,1,42,19660613,1800,,EX,38.2N,72.9W,45,,,,,,,,,,,,,
AL,ALMA,1966,1,42,19660614,0,,EX,39.2N,72.1W,40,,,,,,,,,,,,,
AL,ALMA,1966,1,42,19660614,600,,EX,40.6N,71.3W,40,,,,,,,,,,,,,
AL,ALMA,1966,1,42,19660614,1200,,EX,42.0N,70.5W,40,,,,,,,,,,,,,
AL,BECKY,1966,2,9,19660701,1800,,TD,32.4N,57.8W,25,,,,,,,,,,,,,
AL,BECKY,1966,2,9,19660702,0,,TD,34.1N,56.5W,25,,,,,,,,,,,,,
AL,BECKY,1966,2,9,19660702,600,,TS,35.8N,55.3W,35,,,,,,,,,,,,,
AL,BECKY,1966,2,9,19660702,1200,,HU,37.6N,54.4W,65,985,,,,,,,,,,,,
AL,BECKY,1966,2,9,19660702,1800,,HU,39.5N,53.8W,65,986,,,,,,,,,,,,
AL,BECKY,1966,2,9,19660703,0,,TS,41.4N,54.3W,60,,,,,,,,,,,,,
AL,BECKY,1966,2,9,19660703,600,,TS,43.1N,55.0W,55,,,,,,,,,,,,,
AL,BECKY,1966,2,9,19660703,1200,,EX,44.7N,56.8W,45,,,,,,,,,,,,,
AL,BECKY,1966,2,9,19660703,1800,,EX,45.5N,58.5W,40,,,,,,,,,,,,,
AL,CELIA,1966,3,36,19660713,1200,,TD,19.1N,59.5W,25,,,,,,,,,,,,,
AL,CELIA,1966,3,36,19660713,1800,,TD,20.3N,60.6W,30,1012,,,,,,,,,,,,
AL,CELIA,1966,3,36,19660714,0,,TS,21.3N,61.8W,40,,,,,,,,,,,,,
AL,CELIA,1966,3,36,19660714,600,,TS,22.1N,63.0W,40,,,,,,,,,,,,,
AL,CELIA,1966,3,36,19660714,1200,,TS,22.6N,64.2W,40,1012,,,,,,,,,,,,
AL,CELIA,1966,3,36,19660714,1800,,TS,22.7N,65.8W,40,1012,,,,,,,,,,,,
AL,CELIA,1966,3,36,19660715,0,,TS,22.7N,67.4W,35,,,,,,,,,,,,,
AL,CELIA,1966,3,36,19660715,600,,TS,22.9N,68.6W,35,,,,,,,,,,,,,
AL,CELIA,1966,3,36,19660715,1200,,TD,23.0N,69.4W,30,1015,,,,,,,,,,,,
AL,CELIA,1966,3,36,19660715,1800,,TD,23.1N,69.8W,25,,,,,,,,,,,,,
AL,CELIA,1966,3,36,19660716,0,,TD,23.2N,70.3W,25,,,,,,,,,,,,,
AL,CELIA,1966,3,36,19660716,600,,TD,23.3N,70.9W,25,,,,,,,,,,,,,
AL,CELIA,1966,3,36,19660716,1200,,TD,23.3N,71.6W,25,,,,,,,,,,,,,
AL,CELIA,1966,3,36,19660716,1800,,TD,23.4N,72.3W,25,,,,,,,,,,,,,
AL,CELIA,1966,3,36,19660717,0,,TD,23.6N,73.0W,25,,,,,,,,,,,,,
AL,CELIA,1966,3,36,19660717,600,,TD,23.7N,73.7W,25,,,,,,,,,,,,,
AL,CELIA,1966,3,36,19660717,1200,,TD,23.7N,74.4W,25,,,,,,,,,,,,,
AL,CELIA,1966,3,36,19660717,1800,,TD,23.8N,75.1W,25,,,,,,,,,,,,,
AL,CELIA,1966,3,36,19660718,0,,TD,24.0N,75.7W,25,,,,,,,,,,,,,
AL,CELIA,1966,3,36,19660718,600,,TD,24.3N,76.3W,25,,,,,,,,,,,,,
AL,CELIA,1966,3,36,19660718,1200,,TD,24.8N,76.9W,25,,,,,,,,,,,,,
AL,CELIA,1966,3,36,19660718,1800,,TD,25.5N,77.2W,25,,,,,,,,,,,,,
AL,CELIA,1966,3,36,19660719,0,,TD,26.2N,77.3W,25,,,,,,,,,,,,,
AL,CELIA,1966,3,36,19660719,600,,TD,26.6N,77.2W,25,,,,,,,,,,,,,
AL,CELIA,1966,3,36,19660719,1200,,TD,27.0N,76.4W,25,,,,,,,,,,,,,
AL,CELIA,1966,3,36,19660719,1800,,TD,27.8N,74.8W,30,,,,,,,,,,,,,
AL,CELIA,1966,3,36,19660720,0,,TD,28.9N,73.2W,30,,,,,,,,,,,,,
AL,CELIA,1966,3,36,19660720,600,,TS,30.3N,71.6W,50,,,,,,,,,,,,,
AL,CELIA,1966,3,36,19660720,1200,,TS,31.9N,69.9W,60,997,,,,,,,,,,,,
AL,CELIA,1966,3,36,19660720,1800,,HU,33.6N,67.9W,70,,,,,,,,,,,,,
AL,CELIA,1966,3,36,19660721,0,,HU,36.1N,65.7W,70,995,,,,,,,,,,,,
AL,CELIA,1966,3,36,19660721,600,,HU,39.5N,63.2W,70,998,,,,,,,,,,,,
AL,CELIA,1966,3,36,19660721,1200,,HU,42.9N,62.0W,65,998,,,,,,,,,,,,
AL,CELIA,1966,3,36,19660721,1800,,EX,46.3N,59.9W,65,,,,,,,,,,,,,
AL,CELIA,1966,3,36,19660722,0,,EX,49.8N,57.7W,25,,,,,,,,,,,,,
AL,CELIA,1966,3,36,19660722,600,,EX,52.0N,57.0W,25,,,,,,,,,,,,,
AL,ELLA,1966,5,26,19660722,1200,,TD,10.0N,35.0W,25,,,,,,,,,,,,,
AL,ELLA,1966,5,26,19660722,1800,,TD,10.8N,36.8W,25,,,,,,,,,,,,,
AL,ELLA,1966,5,26,19660723,0,,TD,11.7N,38.7W,25,,,,,,,,,,,,,
AL,ELLA,1966,5,26,19660723,600,,TD,12.5N,40.7W,25,,,,,,,,,,,,,
AL,ELLA,1966,5,26,19660723,1200,,TD,13.4N,42.7W,30,,,,,,,,,,,,,
AL,ELLA,1966,5,26,19660723,1800,,TD,14.2N,44.6W,30,,,,,,,,,,,,,
AL,ELLA,1966,5,26,19660724,0,,TD,15.0N,46.5W,30,,,,,,,,,,,,,
AL,ELLA,1966,5,26,19660724,600,,TD,15.7N,48.6W,30,,,,,,,,,,,,,
AL,ELLA,1966,5,26,19660724,1200,,TD,16.3N,50.6W,30,,,,,,,,,,,,,
AL,ELLA,1966,5,26,19660724,1800,,TS,16.8N,52.2W,35,1009,,,,,,,,,,,,
AL,ELLA,1966,5,26,19660725,0,,TS,17.2N,53.5W,40,,,,,,,,,,,,,
AL,ELLA,1966,5,26,19660725,600,,TS,17.5N,54.6W,45,,,,,,,,,,,,,
AL,ELLA,1966,5,26,19660725,1200,,TS,17.8N,55.8W,45,,,,,,,,,,,,,
AL,ELLA,1966,5,26,19660725,1800,,TS,18.1N,57.0W,45,1010,,,,,,,,,,,,
AL,ELLA,1966,5,26,19660726,0,,TS,18.4N,58.2W,45,,,,,,,,,,,,,
AL,ELLA,1966,5,26,19660726,600,,TS,18.8N,59.3W,45,,,,,,,,,,,,,
AL,ELLA,1966,5,26,19660726,1200,,TS,19.3N,60.3W,45,1008,,,,,,,,,,,,
AL,ELLA,1966,5,26,19660726,1800,,TS,19.8N,61.1W,45,1008,,,,,,,,,,,,
AL,ELLA,1966,5,26,19660727,0,,TS,20.2N,61.9W,45,,,,,,,,,,,,,
AL,ELLA,1966,5,26,19660727,600,,TS,20.8N,62.6W,45,,,,,,,,,,,,,
AL,ELLA,1966,5,26,19660727,1200,,TS,21.4N,63.4W,45,1012,,,,,,,,,,,,
AL,ELLA,1966,5,26,19660727,1800,,TS,21.9N,64.2W,45,,,,,,,,,,,,,
AL,ELLA,1966,5,26,19660728,0,,TS,22.5N,65.1W,45,,,,,,,,,,,,,
AL,ELLA,1966,5,26,19660728,600,,TS,23.1N,66.2W,45,,,,,,,,,,,,,
AL,ELLA,1966,5,26,19660728,1200,,TS,23.7N,67.3W,40,,,,,,,,,,,,,
AL,ELLA,1966,5,26,19660728,1800,,TD,24.3N,68.4W,30,,,,,,,,,,,,,
AL,DOROTHY,1966,4,37,19660722,1800,,TD,31.0N,41.0W,25,,,,,,,,,,,,,
AL,DOROTHY,1966,4,37,19660723,0,,TD,31.5N,41.5W,25,,,,,,,,,,,,,
AL,DOROTHY,1966,4,37,19660723,600,,TD,31.7N,41.7W,25,,,,,,,,,,,,,
AL,DOROTHY,1966,4,37,19660723,1200,,TS,31.8N,41.9W,40,,,,,,,,,,,,,
AL,DOROTHY,1966,4,37,19660723,1800,,TS,32.0N,42.0W,40,,,,,,,,,,,,,
AL,DOROTHY,1966,4,37,19660724,0,,TS,32.2N,42.0W,55,,,,,,,,,,,,,
AL,DOROTHY,1966,4,37,19660724,600,,TS,32.4N,42.1W,60,,,,,,,,,,,,,
AL,DOROTHY,1966,4,37,19660724,1200,,TS,32.7N,42.2W,60,998,,,,,,,,,,,,
AL,DOROTHY,1966,4,37,19660724,1800,,HU,33.0N,42.1W,65,,,,,,,,,,,,,
AL,DOROTHY,1966,4,37,19660725,0,,HU,33.3N,41.8W,65,,,,,,,,,,,,,
AL,DOROTHY,1966,4,37,19660725,600,,HU,33.8N,41.1W,65,,,,,,,,,,,,,
AL,DOROTHY,1966,4,37,19660725,1200,,HU,34.5N,40.5W,65,,,,,,,,,,,,,
AL,DOROTHY,1966,4,37,19660725,1800,,HU,35.3N,40.5W,65,997,,,,,,,,,,,,
AL,DOROTHY,1966,4,37,19660726,0,,HU,35.9N,40.8W,65,,,,,,,,,,,,,
AL,DOROTHY,1966,4,37,19660726,600,,HU,36.1N,41.4W,65,,,,,,,,,,,,,
AL,DOROTHY,1966,4,37,19660726,1200,,HU,36.2N,41.9W,65,989,,,,,,,,,,,,
AL,DOROTHY,1966,4,37,19660726,1800,,HU,36.4N,42.2W,65,,,,,,,,,,,,,
AL,DOROTHY,1966,4,37,19660727,0,,HU,36.6N,42.2W,65,,,,,,,,,,,,,
AL,DOROTHY,1966,4,37,19660727,600,,HU,37.4N,41.9W,65,,,,,,,,,,,,,
AL,DOROTHY,1966,4,37,19660727,1200,,HU,38.3N,41.4W,65,990,,,,,,,,,,,,
AL,DOROTHY,1966,4,37,19660727,1800,,HU,38.7N,40.8W,70,,,,,,,,,,,,,
AL,DOROTHY,1966,4,37,19660728,0,,HU,39.2N,40.1W,75,,,,,,,,,,,,,
AL,DOROTHY,1966,4,37,19660728,600,,HU,40.1N,39.2W,70,,,,,,,,,,,,,
AL,DOROTHY,1966,4,37,19660728,1200,,HU,40.9N,38.5W,70,993,,,,,,,,,,,,
AL,DOROTHY,1966,4,37,19660728,1800,,HU,41.6N,38.2W,70,996,,,,,,,,,,,,
AL,DOROTHY,1966,4,37,19660729,0,,HU,42.4N,38.0W,65,,,,,,,,,,,,,
AL,DOROTHY,1966,4,37,19660729,600,,TS,43.1N,37.7W,60,,,,,,,,,,,,,
AL,DOROTHY,1966,4,37,19660729,1200,,TS,43.9N,37.4W,55,996,,,,,,,,,,,,
AL,DOROTHY,1966,4,37,19660729,1800,,TS,44.6N,37.4W,50,999,,,,,,,,,,,,
AL,DOROTHY,1966,4,37,19660730,0,,TS,45.3N,37.4W,50,,,,,,,,,,,,,
AL,DOROTHY,1966,4,37,19660730,600,,TS,46.0N,37.3W,45,,,,,,,,,,,,,
AL,DOROTHY,1966,4,37,19660730,1200,,TS,46.8N,37.1W,45,,,,,,,,,,,,,
AL,DOROTHY,1966,4,37,19660730,1800,,EX,47.7N,36.4W,45,,,,,,,,,,,,,
AL,DOROTHY,1966,4,37,19660731,0,,EX,49.0N,36.0W,40,,,,,,,,,,,,,
AL,DOROTHY,1966,4,37,19660731,600,,EX,50.5N,36.5W,40,,,,,,,,,,,,,
AL,DOROTHY,1966,4,37,19660731,1200,,EX,52.0N,37.0W,35,,,,,,,,,,,,,
AL,DOROTHY,1966,4,37,19660731,1800,,EX,53.5N,38.5W,35,,,,,,,,,,,,,
AL,FAITH,1966,6,69,19660821,0,,TD,12.9N,20.5W,25,,,,,,,,,,,,,
AL,FAITH,1966,6,69,19660821,600,,TD,13.3N,22.3W,25,,,,,,,,,,,,,
AL,FAITH,1966,6,69,19660821,1200,,TD,13.7N,24.2W,25,,,,,,,,,,,,,
AL,FAITH,1966,6,69,19660821,1800,,TD,14.0N,26.1W,25,1006,,,,,,,,,,,,
AL,FAITH,1966,6,69,19660822,0,,TS,14.3N,28.0W,35,,,,,,,,,,,,,
AL,FAITH,1966,6,69,19660822,600,,TS,14.6N,29.9W,35,,,,,,,,,,,,,
AL,FAITH,1966,6,69,19660822,1200,,TS,14.9N,31.9W,35,,,,,,,,,,,,,
AL,FAITH,1966,6,69,19660822,1800,,TS,15.0N,33.9W,40,,,,,,,,,,,,,
AL,FAITH,1966,6,69,19660823,0,,TS,15.1N,35.8W,50,,,,,,,,,,,,,
AL,FAITH,1966,6,69,19660823,600,,TS,15.2N,37.8W,50,,,,,,,,,,,,,
AL,FAITH,1966,6,69,19660823,1200,,HU,15.2N,39.8W,65,,,,,,,,,,,,,
AL,FAITH,1966,6,69,19660823,1800,,HU,15.3N,41.8W,65,,,,,,,,,,,,,
AL,FAITH,1966,6,69,19660824,0,,HU,15.3N,43.8W,80,,,,,,,,,,,,,
AL,FAITH,1966,6,69,19660824,600,,HU,15.3N,45.7W,80,,,,,,,,,,,,,
AL,FAITH,1966,6,69,19660824,1200,,HU,15.3N,47.7W,80,992,,,,,,,,,,,,
AL,FAITH,1966,6,69,19660824,1800,,HU,15.6N,49.8W,85,,,,,,,,,,,,,
AL,FAITH,1966,6,69,19660825,0,,HU,16.0N,52.0W,85,993,,,,,,,,,,,,
AL,FAITH,1966,6,69,19660825,600,,HU,16.3N,54.1W,90,995,,,,,,,,,,,,
AL,FAITH,1966,6,69,19660825,1200,,HU,16.6N,56.2W,90,986,,,,,,,,,,,,
AL,FAITH,1966,6,69,19660825,1800,,HU,16.9N,57.9W,90,990,,,,,,,,,,,,
AL,FAITH,1966,6,69,19660826,0,,HU,17.3N,59.4W,90,,,,,,,,,,,,,
AL,FAITH,1966,6,69,19660826,600,,HU,17.7N,60.8W,85,997,,,,,,,,,,,,
AL,FAITH,1966,6,69,19660826,1200,,HU,18.3N,62.2W,80,995,,,,,,,,,,,,
AL,FAITH,1966,6,69,19660826,1800,,HU,19.0N,63.7W,75,,,,,,,,,,,,,
AL,FAITH,1966,6,69,19660827,0,,HU,19.7N,65.1W,75,987,,,,,,,,,,,,
AL,FAITH,1966,6,69,19660827,600,,HU,20.4N,66.3W,75,993,,,,,,,,,,,,
AL,FAITH,1966,6,69,19660827,1200,,HU,21.0N,67.5W,75,989,,,,,,,,,,,,
AL,FAITH,1966,6,69,19660827,1800,,HU,21.6N,68.7W,75,983,,,,,,,,,,,,
AL,FAITH,1966,6,69,19660828,0,,HU,22.1N,69.8W,80,979,,,,,,,,,,,,
AL,FAITH,1966,6,69,19660828,600,,HU,22.7N,70.5W,90,973,,,,,,,,,,,,
AL,FAITH,1966,6,69,19660828,1200,,HU,23.3N,70.7W,110,962,,,,,,,,,,,,
AL,FAITH,1966,6,69,19660828,1800,,HU,23.7N,70.9W,110,957,,,,,,,,,,,,
AL,FAITH,1966,6,69,19660829,0,,HU,24.0N,71.0W,105,956,,,,,,,,,,,,
AL,FAITH,1966,6,69,19660829,600,,HU,24.4N,71.1W,100,960,,,,,,,,,,,,
AL,FAITH,1966,6,69,19660829,1200,,HU,24.9N,71.3W,100,963,,,,,,,,,,,,
AL,FAITH,1966,6,69,19660829,1800,,HU,25.3N,71.5W,100,963,,,,,,,,,,,,
AL,FAITH,1966,6,69,19660830,0,,HU,25.8N,71.8W,95,963,,,,,,,,,,,,
AL,FAITH,1966,6,69,19660830,600,,HU,26.3N,72.1W,95,970,,,,,,,,,,,,
AL,FAITH,1966,6,69,19660830,1200,,HU,26.9N,72.4W,95,966,,,,,,,,,,,,
AL,FAITH,1966,6,69,19660830,1800,,HU,27.4N,72.7W,90,,,,,,,,,,,,,
AL,FAITH,1966,6,69,19660831,0,,HU,28.0N,73.0W,90,967,,,,,,,,,,,,
AL,FAITH,1966,6,69,19660831,600,,HU,28.5N,73.3W,90,,,,,,,,,,,,,
AL,FAITH,1966,6,69,19660831,1200,,HU,29.3N,73.6W,90,988,,,,,,,,,,,,
AL,FAITH,1966,6,69,19660831,1800,,HU,30.5N,73.3W,90,963,,,,,,,,,,,,
AL,FAITH,1966,6,69,19660901,0,,HU,31.7N,72.4W,90,,,,,,,,,,,,,
AL,FAITH,1966,6,69,19660901,600,,HU,32.9N,71.4W,95,963,,,,,,,,,,,,
AL,FAITH,1966,6,69,19660901,1200,,HU,34.0N,70.3W,95,963,,,,,,,,,,,,
AL,FAITH,1966,6,69,19660901,1800,,HU,35.0N,69.2W,95,957,,,,,,,,,,,,
AL,FAITH,1966,6,69,19660902,0,,HU,35.9N,68.0W,95,958,,,,,,,,,,,,
AL,FAITH,1966,6,69,19660902,600,,HU,36.6N,66.8W,95,,,,,,,,,,,,,
AL,FAITH,1966,6,69,19660902,1200,,HU,37.0N,65.2W,95,,,,,,,,,,,,,
AL,FAITH,1966,6,69,19660902,1800,,HU,37.1N,63.0W,90,,,,,,,,,,,,,
AL,FAITH,1966,6,69,19660903,0,,HU,37.1N,60.1W,90,,,,,,,,,,,,,
AL,FAITH,1966,6,69,19660903,600,,HU,37.5N,57.0W,90,950,,,,,,,,,,,,
AL,FAITH,1966,6,69,19660903,1200,,HU,38.3N,54.0W,90,,,,,,,,,,,,,
AL,FAITH,1966,6,69,19660903,1800,,HU,39.7N,51.1W,90,,,,,,,,,,,,,
AL,FAITH,1966,6,69,19660904,0,,HU,41.9N,48.1W,90,,,,,,,,,,,,,
AL,FAITH,1966,6,69,19660904,600,,HU,44.7N,44.9W,90,,,,,,,,,,,,,
AL,FAITH,1966,6,69,19660904,1200,,HU,47.5N,41.5W,90,954,,,,,,,,,,,,
AL,FAITH,1966,6,69,19660904,1800,,HU,50.2N,37.8W,90,,,,,,,,,,,,,
AL,FAITH,1966,6,69,19660905,0,,HU,52.8N,33.8W,90,,,,,,,,,,,,,
AL,FAITH,1966,6,69,19660905,600,,HU,55.2N,29.4W,90,,,,,,,,,,,,,
AL,FAITH,1966,6,69,19660905,1200,,HU,57.3N,24.5W,90,,,,,,,,,,,,,
AL,FAITH,1966,6,69,19660905,1800,,HU,58.7N,19.4W,90,,,,,,,,,,,,,
AL,FAITH,1966,6,69,19660906,0,,HU,60.4N,12.0W,90,,,,,,,,,,,,,
AL,FAITH,1966,6,69,19660906,600,,HU,61.1N,6.0W,65,,,,,,,,,,,,,
AL,FAITH,1966,6,69,19660906,1200,,EX,62.5N,3.0W,55,,,,,,,,,,,,,
AL,FAITH,1966,6,69,19660906,1800,,EX,62.6N,2.5E,55,,,,,,,,,,,,,
AL,FAITH,1966,6,69,19660907,0,,EX,62.9N,7.0E,40,,,,,,,,,,,,,
AL,GRETA,1966,7,26,19660901,1200,,TD,13.7N,48.4W,25,,,,,,,,,,,,,
AL,GRETA,1966,7,26,19660901,1800,,TD,14.3N,49.6W,25,,,,,,,,,,,,,
AL,GRETA,1966,7,26,19660902,0,,TD,14.9N,50.8W,25,1011,,,,,,,,,,,,
AL,GRETA,1966,7,26,19660902,600,,TD,15.3N,51.5W,30,,,,,,,,,,,,,
AL,GRETA,1966,7,26,19660902,1200,,TD,15.9N,52.2W,30,,,,,,,,,,,,,
AL,GRETA,1966,7,26,19660902,1800,,TD,16.2N,52.9W,30,,,,,,,,,,,,,
AL,GRETA,1966,7,26,19660903,0,,TD,16.4N,53.7W,30,1010,,,,,,,,,,,,
AL,GRETA,1966,7,26,19660903,600,,TD,16.7N,54.3W,30,,,,,,,,,,,,,
AL,GRETA,1966,7,26,19660903,1200,,TD,17.0N,55.0W,30,1013,,,,,,,,,,,,
AL,GRETA,1966,7,26,19660903,1800,,TD,17.4N,55.8W,30,,,,,,,,,,,,,
AL,GRETA,1966,7,26,19660904,0,,TD,17.8N,56.7W,30,,,,,,,,,,,,,
AL,GRETA,1966,7,26,19660904,600,,TD,18.4N,57.3W,30,,,,,,,,,,,,,
AL,GRETA,1966,7,26,19660904,1200,,TD,19.0N,58.0W,30,1009,,,,,,,,,,,,
AL,GRETA,1966,7,26,19660904,1800,,TS,19.8N,59.0W,50,,,,,,,,,,,,,
AL,GRETA,1966,7,26,19660905,0,,TS,20.7N,60.1W,50,1004,,,,,,,,,,,,
AL,GRETA,1966,7,26,19660905,600,,TS,21.0N,60.9W,45,,,,,,,,,,,,,
AL,GRETA,1966,7,26,19660905,1200,,TS,21.3N,61.7W,40,,,,,,,,,,,,,
AL,GRETA,1966,7,26,19660905,1800,,TS,21.8N,62.6W,35,1007,,,,,,,,,,,,
AL,GRETA,1966,7,26,19660906,0,,TS,22.2N,63.7W,35,1009,,,,,,,,,,,,
AL,GRETA,1966,7,26,19660906,600,,TS,23.0N,65.1W,35,1009,,,,,,,,,,,,
AL,GRETA,1966,7,26,19660906,1200,,TD,23.7N,66.7W,30,1011,,,,,,,,,,,,
AL,GRETA,1966,7,26,19660906,1800,,TD,24.6N,68.2W,30,1011,,,,,,,,,,,,
AL,GRETA,1966,7,26,19660907,0,,TD,25.6N,69.7W,30,,,,,,,,,,,,,
AL,GRETA,1966,7,26,19660907,600,,TD,26.1N,70.6W,30,,,,,,,,,,,,,
AL,GRETA,1966,7,26,19660907,1200,,TD,26.7N,71.5W,30,1013,,,,,,,,,,,,
AL,GRETA,1966,7,26,19660907,1800,,TD,28.0N,71.7W,25,,,,,,,,,,,,,
AL,HALLIE,1966,8,7,19660920,1200,,TD,21.5N,95.4W,30,,,,,,,,,,,,,
AL,HALLIE,1966,8,7,19660920,1800,,TD,21.6N,95.4W,30,,,,,,,,,,,,,
AL,HALLIE,1966,8,7,19660921,0,,TS,21.5N,95.4W,45,997,,,,,,,,,,,,
AL,HALLIE,1966,8,7,19660921,600,,TS,21.2N,95.5W,45,,,,,,,,,,,,,
AL,HALLIE,1966,8,7,19660921,1200,,TS,20.8N,95.8W,45,,,,,,,,,,,,,
AL,HALLIE,1966,8,7,19660921,1800,,TS,20.4N,96.2W,35,,,,,,,,,,,,,
AL,HALLIE,1966,8,7,19660922,0,,TD,20.0N,96.7W,15,1012,,,,,,,,,,,,
AL,INEZ,1966,9,81,19660921,1200,,TD,9.9N,35.1W,25,,,,,,,,,,,,,
AL,INEZ,1966,9,81,19660921,1800,,TD,10.4N,36.0W,25,,,,,,,,,,,,,
AL,INEZ,1966,9,81,19660922,0,,TD,10.9N,37.1W,25,,,,,,,,,,,,,
AL,INEZ,1966,9,81,19660922,600,,TD,11.3N,38.3W,25,,,,,,,,,,,,,
AL,INEZ,1966,9,81,19660922,1200,,TD,11.7N,39.4W,25,,,,,,,,,,,,,
AL,INEZ,1966,9,81,19660922,1800,,TD,12.0N,40.6W,25,,,,,,,,,,,,,
AL,INEZ,1966,9,81,19660923,0,,TD,12.3N,41.7W,25,,,,,,,,,,,,,
AL,INEZ,1966,9,81,19660923,600,,TD,12.7N,43.1W,25,,,,,,,,,,,,,
AL,INEZ,1966,9,81,19660923,1200,,TD,13.1N,44.3W,30,,,,,,,,,,,,,
AL,INEZ,1966,9,81,19660923,1800,,TD,13.4N,45.1W,30,,,,,,,,,,,,,
AL,INEZ,1966,9,81,19660924,0,,TD,13.7N,46.0W,30,,,,,,,,,,,,,
AL,INEZ,1966,9,81,19660924,600,,TD,14.0N,46.9W,30,,,,,,,,,,,,,
AL,INEZ,1966,9,81,19660924,1200,,TD,14.4N,47.7W,30,1009,,,,,,,,,,,,
AL,INEZ,1966,9,81,19660924,1800,,TS,14.8N,48.7W,40,1008,,,,,,,,,,,,
AL,INEZ,1966,9,81,19660925,0,,TS,15.1N,49.7W,45,,,,,,,,,,,,,
AL,INEZ,1966,9,81,19660925,600,,TS,15.4N,50.6W,50,,,,,,,,,,,,,
AL,INEZ,1966,9,81,19660925,1200,,TS,15.6N,51.5W,55,1000,,,,,,,,,,,,
AL,INEZ,1966,9,81,19660925,1800,,TS,15.6N,52.5W,60,1000,,,,,,,,,,,,
AL,INEZ,1966,9,81,19660926,0,,TS,15.6N,53.6W,60,,,,,,,,,,,,,
AL,INEZ,1966,9,81,19660926,600,,TS,15.7N,54.8W,60,,,,,,,,,,,,,
AL,INEZ,1966,9,81,19660926,1200,,HU,15.8N,56.0W,70,995,,,,,,,,,,,,
AL,INEZ,1966,9,81,19660926,1800,,HU,15.8N,57.0W,75,982,,,,,,,,,,,,
AL,INEZ,1966,9,81,19660927,0,,HU,15.9N,58.0W,80,,,,,,,,,,,,,
AL,INEZ,1966,9,81,19660927,600,,HU,16.0N,59.2W,95,965,,,,,,,,,,,,
AL,INEZ,1966,9,81,19660927,1200,,HU,16.1N,60.4W,105,961,,,,,,,,,,,,
AL,INEZ,1966,9,81,19660927,1800,,HU,16.2N,61.7W,110,962,,,,,,,,,,,,
AL,INEZ,1966,9,81,19660928,0,,HU,16.3N,63.0W,110,,,,,,,,,,,,,
AL,INEZ,1966,9,81,19660928,600,,HU,16.5N,64.3W,115,955,,,,,,,,,,,,
AL,INEZ,1966,9,81,19660928,1200,,HU,16.8N,65.7W,120,,,,,,,,,,,,,
AL,INEZ,1966,9,81,19660928,1800,,HU,17.0N,67.1W,130,932,,,,,,,,,,,,
AL,INEZ,1966,9,81,19660929,0,,HU,17.1N,68.5W,130,929,,,,,,,,,,,,
AL,INEZ,1966,9,81,19660929,600,,HU,17.3N,69.7W,125,,,,,,,,,,,,,
AL,INEZ,1966,9,81,19660929,1200,,HU,17.5N,70.9W,120,,,,,,,,,,,,,
AL,INEZ,1966,9,81,19660929,1800,,HU,18.1N,72.3W,100,,,,,,,,,,,,,
AL,INEZ,1966,9,81,19660930,0,,HU,18.8N,73.6W,80,987,,,,,,,,,,,,
AL,INEZ,1966,9,81,19660930,600,,HU,19.3N,74.5W,90,,,,,,,,,,,,,
AL,INEZ,1966,9,81,19660930,1200,,HU,19.8N,75.4W,100,,,,,,,,,,,,,
AL,INEZ,1966,9,81,19660930,1800,,HU,20.2N,76.3W,65,,,,,,,,,,,,,
AL,INEZ,1966,9,81,19661001,0,,HU,20.5N,77.1W,65,,,,,,,,,,,,,
AL,INEZ,1966,9,81,19661001,600,,HU,20.8N,78.1W,65,,,,,,,,,,,,,
AL,INEZ,1966,9,81,19661001,1200,,HU,21.2N,79.1W,65,,,,,,,,,,,,,
AL,INEZ,1966,9,81,19661001,1800,,HU,21.9N,79.8W,65,,,,,,,,,,,,,
AL,INEZ,1966,9,81,19661002,0,,HU,22.6N,80.1W,65,,,,,,,,,,,,,
AL,INEZ,1966,9,81,19661002,600,,HU,23.0N,80.1W,65,,,,,,,,,,,,,
AL,INEZ,1966,9,81,19661002,1200,,TS,23.3N,79.9W,55,,,,,,,,,,,,,
AL,INEZ,1966,9,81,19661002,1800,,TS,24.0N,79.5W,55,999,,,,,,,,,,,,
AL,INEZ,1966,9,81,19661003,0,,HU,24.6N,79.1W,65,995,,,,,,,,,,,,
AL,INEZ,1966,9,81,19661003,600,,HU,24.9N,78.8W,65,989,,,,,,,,,,,,
AL,INEZ,1966,9,81,19661003,1200,,HU,25.2N,78.5W,65,985,,,,,,,,,,,,
AL,INEZ,1966,9,81,19661003,1800,,HU,25.4N,78.3W,70,986,,,,,,,,,,,,
AL,INEZ,1966,9,81,19661004,0,,HU,25.6N,78.4W,75,985,,,,,,,,,,,,
AL,INEZ,1966,9,81,19661004,600,,HU,25.5N,79.0W,75,,,,,,,,,,,,,
AL,INEZ,1966,9,81,19661004,1200,,HU,25.3N,79.7W,75,987,,,,,,,,,,,,
AL,INEZ,1966,9,81,19661004,1800,,HU,25.0N,80.5W,75,984,,,,,,,,,,,,
AL,INEZ,1966,9,81,19661005,0,,HU,24.7N,81.3W,75,988,,,,,,,,,,,,
AL,INEZ,1966,9,81,19661005,600,,HU,24.6N,82.2W,80,985,,,,,,,,,,,,
AL,INEZ,1966,9,81,19661005,1200,,HU,24.5N,83.0W,80,,,,,,,,,,,,,
AL,INEZ,1966,9,81,19661005,1800,,HU,24.3N,83.6W,85,980,,,,,,,,,,,,
AL,INEZ,1966,9,81,19661006,0,,HU,24.0N,84.3W,90,970,,,,,,,,,,,,
AL,INEZ,1966,9,81,19661006,600,,HU,23.7N,85.0W,95,983,,,,,,,,,,,,
AL,INEZ,1966,9,81,19661006,1200,,HU,23.3N,85.6W,95,974,,,,,,,,,,,,
AL,INEZ,1966,9,81,19661006,1800,,HU,22.8N,86.3W,100,974,,,,,,,,,,,,
AL,INEZ,1966,9,81,19661007,0,,HU,22.3N,87.2W,105,961,,,,,,,,,,,,
AL,INEZ,1966,9,81,19661007,600,,HU,22.1N,88.1W,110,,,,,,,,,,,,,
AL,INEZ,1966,9,81,19661007,1200,,HU,21.9N,89.0W,110,,,,,,,,,,,,,
AL,INEZ,1966,9,81,19661007,1800,,HU,21.7N,90.0W,115,972,,,,,,,,,,,,
AL,INEZ,1966,9,81,19661008,0,,HU,21.5N,91.0W,115,972,,,,,,,,,,,,
AL,INEZ,1966,9,81,19661008,600,,HU,21.5N,92.1W,115,,,,,,,,,,,,,
AL,INEZ,1966,9,81,19661008,1200,,HU,21.8N,93.1W,120,953,,,,,,,,,,,,
AL,INEZ,1966,9,81,19661008,1800,,HU,22.1N,93.9W,120,956,,,,,,,,,,,,
AL,INEZ,1966,9,81,19661009,0,,HU,22.3N,94.6W,120,948,,,,,,,,,,,,
AL,INEZ,1966,9,81,19661009,600,,HU,22.6N,95.2W,120,951,,,,,,,,,,,,
AL,INEZ,1966,9,81,19661009,1200,,HU,22.8N,95.7W,120,,,,,,,,,,,,,
AL,INEZ,1966,9,81,19661009,1800,,HU,23.0N,96.0W,120,953,,,,,,,,,,,,
AL,INEZ,1966,9,81,19661010,0,,HU,23.0N,96.4W,115,960,,,,,,,,,,,,
AL,INEZ,1966,9,81,19661010,600,,HU,23.0N,97.1W,110,962,,,,,,,,,,,,
AL,INEZ,1966,9,81,19661010,1200,,HU,22.8N,97.8W,105,961,,,,,,,,,,,,
AL,INEZ,1966,9,81,19661010,1800,,TS,22.4N,98.5W,60,,,,,,,,,,,,,
AL,INEZ,1966,9,81,19661011,0,,TD,22.1N,99.2W,30,,,,,,,,,,,,,
AL,INEZ,1966,9,81,19661011,600,,TD,21.8N,99.9W,30,,,,,,,,,,,,,
AL,INEZ,1966,9,81,19661011,1200,,TD,21.5N,100.6W,30,,,,,,,,,,,,,
AL,JUDITH,1966,10,15,19660927,0,,TD,10.8N,43.2W,25,,,,,,,,,,,,,
AL,JUDITH,1966,10,15,19660927,600,,TD,11.0N,44.5W,25,,,,,,,,,,,,,
AL,JUDITH,1966,10,15,19660927,1200,,TD,11.2N,45.8W,25,,,,,,,,,,,,,
AL,JUDITH,1966,10,15,19660927,1800,,TD,11.4N,47.1W,25,,,,,,,,,,,,,
AL,JUDITH,1966,10,15,19660928,0,,TD,11.6N,48.4W,30,,,,,,,,,,,,,
AL,JUDITH,1966,10,15,19660928,600,,TD,11.9N,49.8W,30,,,,,,,,,,,,,
AL,JUDITH,1966,10,15,19660928,1200,,TS,12.2N,51.2W,40,,,,,,,,,,,,,
AL,JUDITH,1966,10,15,19660928,1800,,TS,12.5N,52.7W,40,,,,,,,,,,,,,
AL,JUDITH,1966,10,15,19660929,0,,TS,12.8N,54.2W,40,1013,,,,,,,,,,,,
AL,JUDITH,1966,10,15,19660929,600,,TS,13.1N,56.1W,40,,,,,,,,,,,,,
AL,JUDITH,1966,10,15,19660929,1200,,TS,13.4N,58.0W,45,,,,,,,,,,,,,
AL,JUDITH,1966,10,15,19660929,1800,,TS,13.6N,59.7W,45,1007,,,,,,,,,,,,
AL,JUDITH,1966,10,15,19660930,0,,TD,13.8N,61.2W,30,,,,,,,,,,,,,
AL,JUDITH,1966,10,15,19660930,600,,TD,13.8N,62.4W,30,,,,,,,,,,,,,
AL,JUDITH,1966,10,15,19660930,1200,,TD,13.8N,63.4W,30,,,,,,,,,,,,,
AL,LOIS,1966,11,39,19661104,1200,,TD,26.5N,50.0W,25,,,,,,,,,,,,,
AL,LOIS,1966,11,39,19661104,1800,,TD,26.5N,52.2W,25,,,,,,,,,,,,,
AL,LOIS,1966,11,39,19661105,0,,TD,26.2N,54.0W,25,,,,,,,,,,,,,
AL,LOIS,1966,11,39,19661105,600,,TD,25.6N,55.4W,25,,,,,,,,,,,,,
AL,LOIS,1966,11,39,19661105,1200,,TD,25.0N,56.0W,25,,,,,,,,,,,,,
AL,LOIS,1966,11,39,19661105,1800,,TD,24.8N,55.7W,25,998,,,,,,,,,,,,
AL,LOIS,1966,11,39,19661106,0,,TD,24.5N,55.2W,25,998,,,,,,,,,,,,
AL,LOIS,1966,11,39,19661106,600,,TD,24.3N,54.6W,30,,,,,,,,,,,,,
AL,LOIS,1966,11,39,19661106,1200,,TD,24.0N,54.0W,30,,,,,,,,,,,,,
AL,LOIS,1966,11,39,19661106,1800,,TS,23.9N,53.5W,50,995,,,,,,,,,,,,
AL,LOIS,1966,11,39,19661107,0,,TS,23.9N,53.0W,50,,,,,,,,,,,,,
AL,LOIS,1966,11,39,19661107,600,,TS,23.8N,52.6W,50,,,,,,,,,,,,,
AL,LOIS,1966,11,39,19661107,1200,,TS,23.7N,52.3W,55,,,,,,,,,,,,,
AL,LOIS,1966,11,39,19661107,1800,,TS,24.0N,51.4W,60,986,,,,,,,,,,,,
AL,LOIS,1966,11,39,19661108,0,,HU,24.8N,49.8W,70,986,,,,,,,,,,,,
AL,LOIS,1966,11,39,19661108,600,,HU,25.8N,47.7W,70,,,,,,,,,,,,,
AL,LOIS,1966,11,39,19661108,1200,,HU,27.4N,45.6W,70,,,,,,,,,,,,,
AL,LOIS,1966,11,39,19661108,1800,,HU,30.1N,43.4W,70,,,,,,,,,,,,,
AL,LOIS,1966,11,39,19661109,0,,HU,32.6N,41.3W,70,,,,,,,,,,,,,
AL,LOIS,1966,11,39,19661109,600,,HU,34.2N,39.8W,70,,,,,,,,,,,,,
AL,LOIS,1966,11,39,19661109,1200,,HU,35.8N,38.4W,70,989,,,,,,,,,,,,
AL,LOIS,1966,11,39,19661109,1800,,HU,37.3N,36.8W,70,989,,,,,,,,,,,,
AL,LOIS,1966,11,39,19661110,0,,HU,38.8N,35.2W,70,,,,,,,,,,,,,
AL,LOIS,1966,11,39,19661110,600,,HU,40.0N,33.7W,70,,,,,,,,,,,,,
AL,LOIS,1966,11,39,19661110,1200,,HU,41.2N,32.2W,65,988,,,,,,,,,,,,
AL,LOIS,1966,11,39,19661110,1800,,HU,42.6N,30.5W,65,,,,,,,,,,,,,
AL,LOIS,1966,11,39,19661111,0,,HU,43.9N,28.8W,65,,,,,,,,,,,,,
AL,LOIS,1966,11,39,19661111,600,,HU,45.0N,27.2W,65,,,,,,,,,,,,,
AL,LOIS,1966,11,39,19661111,1200,,HU,45.8N,25.7W,65,,,,,,,,,,,,,
AL,LOIS,1966,11,39,19661111,1800,,HU,46.4N,23.9W,65,,,,,,,,,,,,,
AL,LOIS,1966,11,39,19661112,0,,EX,46.8N,22.1W,65,,,,,,,,,,,,,
AL,LOIS,1966,11,39,19661112,600,,EX,47.0N,21.0W,60,,,,,,,,,,,,,
AL,LOIS,1966,11,39,19661112,1200,,EX,46.7N,20.0W,55,,,,,,,,,,,,,
AL,LOIS,1966,11,39,19661112,1800,,EX,45.9N,18.6W,45,,,,,,,,,,,,,
AL,LOIS,1966,11,39,19661113,0,,EX,45.0N,17.2W,45,,,,,,,,,,,,,
AL,LOIS,1966,11,39,19661113,600,,EX,44.3N,16.3W,45,,,,,,,,,,,,,
AL,LOIS,1966,11,39,19661113,1200,,EX,43.5N,15.5W,45,1016,,,,,,,,,,,,
AL,LOIS,1966,11,39,19661113,1800,,EX,42.5N,14.8W,45,,,,,,,,,,,,,
AL,LOIS,1966,11,39,19661114,0,,EX,41.2N,14.3W,45,,,,,,,,,,,,,
AL,UNNAMED,1967,1,9,19670610,1200,,TD,18.0N,85.0W,-99,,,,,,,,,,,,,
AL,UNNAMED,1967,1,9,19670610,1800,,TD,18.0N,85.2W,-99,,,,,,,,,,,,,
AL,UNNAMED,1967,1,9,19670611,0,,TD,18.0N,85.5W,-99,,,,,,,,,,,,,
AL,UNNAMED,1967,1,9,19670611,600,,TD,18.0N,85.8W,-99,,,,,,,,,,,,,
AL,UNNAMED,1967,1,9,19670611,1200,,TD,17.9N,86.0W,-99,,,,,,,,,,,,,
AL,UNNAMED,1967,1,9,19670611,1800,,TD,18.1N,86.2W,-99,,,,,,,,,,,,,
AL,UNNAMED,1967,1,9,19670612,0,,TD,18.3N,86.5W,-99,,,,,,,,,,,,,
AL,UNNAMED,1967,1,9,19670612,600,,TD,18.5N,86.8W,-99,,,,,,,,,,,,,
AL,UNNAMED,1967,1,9,19670612,1200,,TD,19.0N,87.0W,-99,,,,,,,,,,,,,
AL,UNNAMED,1967,2,13,19670610,1200,,TD,28.0N,63.0W,-99,,,,,,,,,,,,,
AL,UNNAMED,1967,2,13,19670610,1800,,TD,28.5N,63.0W,-99,,,,,,,,,,,,,
AL,UNNAMED,1967,2,13,19670611,0,,TD,29.2N,63.2W,-99,,,,,,,,,,,,,
AL,UNNAMED,1967,2,13,19670611,600,,TD,29.9N,63.3W,-99,,,,,,,,,,,,,
AL,UNNAMED,1967,2,13,19670611,1200,,TD,31.1N,63.8W,-99,,,,,,,,,,,,,
AL,UNNAMED,1967,2,13,19670611,1800,,TD,32.3N,64.5W,-99,,,,,,,,,,,,,
AL,UNNAMED,1967,2,13,19670612,0,,TD,33.1N,65.2W,-99,,,,,,,,,,,,,
AL,UNNAMED,1967,2,13,19670612,600,,TD,34.0N,65.9W,-99,,,,,,,,,,,,,
AL,UNNAMED,1967,2,13,19670612,1200,,TD,34.1N,65.8W,-99,,,,,,,,,,,,,
AL,UNNAMED,1967,2,13,19670612,1800,,TD,34.2N,65.7W,-99,,,,,,,,,,,,,
AL,UNNAMED,1967,2,13,19670613,0,,TD,34.5N,65.3W,-99,,,,,,,,,,,,,
AL,UNNAMED,1967,2,13,19670613,600,,TD,34.8N,65.0W,-99,,,,,,,,,,,,,
AL,UNNAMED,1967,2,13,19670613,1200,,TD,35.1N,64.8W,-99,,,,,,,,,,,,,
AL,UNNAMED,1967,3,16,19670614,1200,,TD,27.0N,76.0W,-99,,,,,,,,,,,,,
AL,UNNAMED,1967,3,16,19670614,1800,,TD,27.2N,75.7W,-99,,,,,,,,,,,,,
AL,UNNAMED,1967,3,16,19670615,0,,TD,28.0N,75.2W,-99,,,,,,,,,,,,,
AL,UNNAMED,1967,3,16,19670615,600,,TD,28.3N,75.0W,-99,,,,,,,,,,,,,
AL,UNNAMED,1967,3,16,19670615,1200,,TD,29.0N,75.0W,-99,,,,,,,,,,,,,
AL,UNNAMED,1967,3,16,19670615,1800,,TD,29.7N,75.2W,-99,,,,,,,,,,,,,
AL,UNNAMED,1967,3,16,19670616,0,,TD,30.1N,75.6W,-99,,,,,,,,,,,,,
AL,UNNAMED,1967,3,16,19670616,600,,TD,30.5N,75.8W,-99,,,,,,,,,,,,,
AL,UNNAMED,1967,3,16,19670616,1200,,TD,31.1N,75.9W,-99,,,,,,,,,,,,,
AL,UNNAMED,1967,3,16,19670616,1800,,TD,31.6N,76.8W,-99,,,,,,,,,,,,,
AL,UNNAMED,1967,3,16,19670617,0,,TD,32.0N,77.1W,-99,,,,,,,,,,,,,
AL,UNNAMED,1967,3,16,19670617,600,,TD,32.2N,78.0W,-99,,,,,,,,,,,,,
AL,UNNAMED,1967,3,16,19670617,1200,,TD,32.8N,78.5W,-99,,,,,,,,,,,,,
AL,UNNAMED,1967,3,16,19670617,1800,,TD,33.1N,78.9W,-99,,,,,,,,,,,,,
AL,UNNAMED,1967,3,16,19670618,0,,TD,33.5N,78.0W,-99,,,,,,,,,,,,,
AL,UNNAMED,1967,3,16,19670618,600,,TD,34.1N,78.0W,-99,,,,,,,,,,,,,
AL,UNNAMED,1967,4,9,19670618,1200,,TD,23.0N,59.0W,-99,,,,,,,,,,,,,
AL,UNNAMED,1967,4,9,19670618,1800,,TD,23.8N,59.9W,-99,,,,,,,,,,,,,
AL,UNNAMED,1967,4,9,19670619,0,,TD,25.0N,60.0W,-99,,,,,,,,,,,,,
AL,UNNAMED,1967,4,9,19670619,600,,TD,26.0N,60.0W,-99,,,,,,,,,,,,,
AL,UNNAMED,1967,4,9,19670619,1200,,TD,27.0N,60.0W,-99,,,,,,,,,,,,,
AL,UNNAMED,1967,4,9,19670619,1800,,TD,28.5N,60.7W,-99,,,,,,,,,,,,,
AL,UNNAMED,1967,4,9,19670620,0,,TD,30.0N,61.0W,-99,,,,,,,,,,,,,
AL,UNNAMED,1967,4,9,19670620,600,,TD,31.5N,61.2W,-99,,,,,,,,,,,,,
AL,UNNAMED,1967,4,9,19670620,1200,,TD,33.0N,62.1W,-99,,,,,,,,,,,,,
AL,UNNAMED,1967,5,17,19670705,1200,,TD,11.0N,15.1W,-99,,,,,,,,,,,,,
AL,UNNAMED,1967,5,17,19670705,1800,,TD,11.1N,16.1W,-99,,,,,,,,,,,,,
AL,UNNAMED,1967,5,17,19670706,0,,TD,11.2N,17.1W,-99,,,,,,,,,,,,,
AL,UNNAMED,1967,5,17,19670706,600,,TD,11.4N,18.1W,-99,,,,,,,,,,,,,
AL,UNNAMED,1967,5,17,19670706,1200,,TD,11.6N,19.5W,-99,,,,,,,,,,,,,
AL,UNNAMED,1967,5,17,19670706,1800,,TD,11.8N,20.7W,-99,,,,,,,,,,,,,
AL,UNNAMED,1967,5,17,19670707,0,,TD,12.0N,22.0W,-99,,,,,,,,,,,,,
AL,UNNAMED,1967,5,17,19670707,600,,TD,12.0N,23.3W,-99,,,,,,,,,,,,,
AL,UNNAMED,1967,5,17,19670707,1200,,TD,12.0N,24.5W,-99,,,,,,,,,,,,,
AL,UNNAMED,1967,5,17,19670707,1800,,TD,12.0N,25.5W,-99,,,,,,,,,,,,,
AL,UNNAMED,1967,5,17,19670708,0,,TD,12.0N,26.9W,-99,,,,,,,,,,,,,
AL,UNNAMED,1967,5,17,19670708,600,,TD,12.0N,28.1W,-99,,,,,,,,,,,,,
AL,UNNAMED,1967,5,17,19670708,1200,,TD,12.0N,29.3W,-99,,,,,,,,,,,,,
AL,UNNAMED,1967,5,17,19670708,1800,,TD,12.0N,30.1W,-99,,,,,,,,,,,,,
AL,UNNAMED,1967,5,17,19670709,0,,TD,12.0N,31.2W,-99,,,,,,,,,,,,,
AL,UNNAMED,1967,5,17,19670709,600,,TD,12.0N,32.8W,-99,,,,,,,,,,,,,
AL,UNNAMED,1967,5,17,19670709,1200,,TD,12.0N,33.9W,-99,,,,,,,,,,,,,
AL,UNNAMED,1967,6,5,19670721,1200,,TD,14.9N,17.0W,-99,,,,,,,,,,,,,
AL,UNNAMED,1967,6,5,19670721,1800,,TD,14.3N,18.9W,-99,,,,,,,,,,,,,
AL,UNNAMED,1967,6,5,19670722,0,,TD,14.1N,20.5W,-99,,,,,,,,,,,,,
AL,UNNAMED,1967,6,5,19670722,600,,TD,14.0N,22.7W,-99,,,,,,,,,,,,,
AL,UNNAMED,1967,6,5,19670722,1200,,TD,14.0N,24.5W,-99,,,,,,,,,,,,,
AL,UNNAMED,1967,7,13,19670803,1200,,TD,19.5N,17.1W,-99,,,,,,,,,,,,,
AL,UNNAMED,1967,7,13,19670803,1800,,TD,19.0N,18.2W,-99,,,,,,,,,,,,,
AL,UNNAMED,1967,7,13,19670804,0,,TD,18.1N,19.8W,-99,,,,,,,,,,,,,
AL,UNNAMED,1967,7,13,19670804,600,,TD,17.5N,21.0W,-99,,,,,,,,,,,,,
AL,UNNAMED,1967,7,13,19670804,1200,,TD,16.5N,22.3W,-99,,,,,,,,,,,,,
AL,UNNAMED,1967,7,13,19670804,1800,,TD,15.1N,23.9W,-99,,,,,,,,,,,,,
AL,UNNAMED,1967,7,13,19670805,0,,TD,14.0N,25.0W,-99,,,,,,,,,,,,,
AL,UNNAMED,1967,7,13,19670805,600,,TD,12.9N,26.6W,-99,,,,,,,,,,,,,
AL,UNNAMED,1967,7,13,19670805,1200,,TD,12.0N,27.9W,-99,,,,,,,,,,,,,
AL,UNNAMED,1967,7,13,19670805,1800,,TD,11.5N,28.9W,-99,,,,,,,,,,,,,
AL,UNNAMED,1967,7,13,19670806,0,,TD,11.0N,30.0W,-99,,,,,,,,,,,,,
AL,UNNAMED,1967,7,13,19670806,600,,TD,11.3N,31.1W,-99,,,,,,,,,,,,,
AL,UNNAMED,1967,7,13,19670806,1200,,TD,10.0N,32.0W,-99,,,,,,,,,,,,,
AL,UNNAMED,1967,8,25,19670810,1200,,TD,12.9N,13.0W,-99,,,,,,,,,,,,,
AL,UNNAMED,1967,8,25,19670810,1800,,TD,13.0N,14.0W,-99,,,,,,,,,,,,,
AL,UNNAMED,1967,8,25,19670811,0,,TD,13.1N,15.6W,-99,,,,,,,,,,,,,
AL,UNNAMED,1967,8,25,19670811,600,,TD,13.1N,17.1W,-99,,,,,,,,,,,,,
AL,UNNAMED,1967,8,25,19670811,1200,,TD,13.0N,18.9W,-99,,,,,,,,,,,,,
AL,UNNAMED,1967,8,25,19670811,1800,,TD,13.0N,19.9W,-99,,,,,,,,,,,,,
AL,UNNAMED,1967,8,25,19670812,0,,TD,13.0N,20.8W,-99,,,,,,,,,,,,,
AL,UNNAMED,1967,8,25,19670812,600,,TD,13.0N,21.5W,-99,,,,,,,,,,,,,
AL,UNNAMED,1967,8,25,19670812,1200,,TD,13.0N,22.4W,-99,,,,,,,,,,,,,
AL,UNNAMED,1967,8,25,19670812,1800,,TD,13.0N,23.4W,-99,,,,,,,,,,,,,
AL,UNNAMED,1967,8,25,19670813,0,,TD,13.1N,24.8W,-99,,,,,,,,,,,,,
AL,UNNAMED,1967,8,25,19670813,600,,TD,13.2N,25.9W,-99,,,,,,,,,,,,,
AL,UNNAMED,1967,8,25,19670813,1200,,TD,13.4N,26.8W,-99,,,,,,,,,,,,,
AL,UNNAMED,1967,8,25,19670813,1800,,TD,13.6N,27.8W,-99,,,,,,,,,,,,,
AL,UNNAMED,1967,8,25,19670814,0,,TD,13.8N,28.8W,-99,,,,,,,,,,,,,
AL,UNNAMED,1967,8,25,19670814,600,,TD,13.8N,30.0W,-99,,,,,,,,,,,,,
AL,UNNAMED,1967,8,25,19670814,1200,,TD,13.8N,31.0W,-99,,,,,,,,,,,,,
AL,UNNAMED,1967,8,25,19670814,1800,,TD,13.8N,32.0W,-99,,,,,,,,,,,,,
AL,UNNAMED,1967,8,25,19670815,0,,TD,13.9N,33.1W,-99,,,,,,,,,,,,,
AL,UNNAMED,1967,8,25,19670815,600,,TD,14.0N,34.0W,-99,,,,,,,,,,,,,
AL,UNNAMED,1967,8,25,19670815,1200,,TD,14.0N,35.0W,-99,,,,,,,,,,,,,
AL,UNNAMED,1967,8,25,19670815,1800,,TD,14.0N,36.0W,-99,,,,,,,,,,,,,
AL,UNNAMED,1967,8,25,19670816,0,,TD,14.0N,37.0W,-99,,,,,,,,,,,,,
AL,UNNAMED,1967,8,25,19670816,600,,TD,14.0N,38.0W,-99,,,,,,,,,,,,,
AL,UNNAMED,1967,8,25,19670816,1200,,TD,14.0N,39.0W,-99,,,,,,,,,,,,,
AL,UNNAMED,1967,9,13,19670816,1200,,TD,18.0N,16.1W,-99,,,,,,,,,,,,,
AL,UNNAMED,1967,9,13,19670816,1800,,TD,18.0N,17.0W,-99,,,,,,,,,,,,,
AL,UNNAMED,1967,9,13,19670817,0,,TD,17.9N,17.9W,-99,,,,,,,,,,,,,
AL,UNNAMED,1967,9,13,19670817,600,,TD,17.7N,18.8W,-99,,,,,,,,,,,,,
AL,UNNAMED,1967,9,13,19670817,1200,,TD,17.4N,19.7W,-99,,,,,,,,,,,,,
AL,UNNAMED,1967,9,13,19670817,1800,,TD,17.0N,20.8W,-99,,,,,,,,,,,,,
AL,UNNAMED,1967,9,13,19670818,0,,TD,17.0N,22.0W,-99,,,,,,,,,,,,,
AL,UNNAMED,1967,9,13,19670818,600,,TD,17.0N,23.1W,-99,,,,,,,,,,,,,
AL,UNNAMED,1967,9,13,19670818,1200,,TD,16.9N,24.1W,-99,,,,,,,,,,,,,
AL,UNNAMED,1967,9,13,19670818,1800,,TD,16.9N,25.2W,-99,,,,,,,,,,,,,
AL,UNNAMED,1967,9,13,19670819,0,,TD,17.0N,26.7W,-99,,,,,,,,,,,,,
AL,UNNAMED,1967,9,13,19670819,600,,TD,17.0N,27.9W,-99,,,,,,,,,,,,,
AL,UNNAMED,1967,9,13,19670819,1200,,TD,17.0N,29.1W,-99,,,,,,,,,,,,,
AL,UNNAMED,1967,10,17,19670820,1200,,TD,21.1N,17.0W,-99,,,,,,,,,,,,,
AL,UNNAMED,1967,10,17,19670820,1800,,TD,20.9N,17.8W,-99,,,,,,,,,,,,,
AL,UNNAMED,1967,10,17,19670821,0,,TD,20.1N,18.1W,-99,,,,,,,,,,,,,
AL,UNNAMED,1967,10,17,19670821,600,,TD,19.4N,19.2W,-99,,,,,,,,,,,,,
AL,UNNAMED,1967,10,17,19670821,1200,,TD,18.6N,20.0W,-99,,,,,,,,,,,,,
AL,UNNAMED,1967,10,17,19670821,1800,,TD,18.0N,21.0W,-99,,,,,,,,,,,,,
AL,UNNAMED,1967,10,17,19670822,0,,TD,17.0N,22.1W,-99,,,,,,,,,,,,,
AL,UNNAMED,1967,10,17,19670822,600,,TD,16.1N,23.1W,-99,,,,,,,,,,,,,
AL,UNNAMED,1967,10,17,19670822,1200,,TD,15.6N,24.1W,-99,,,,,,,,,,,,,
AL,UNNAMED,1967,10,17,19670822,1800,,TD,15.2N,25.1W,-99,,,,,,,,,,,,,
AL,UNNAMED,1967,10,17,19670823,0,,TD,14.9N,26.2W,-99,,,,,,,,,,,,,
AL,UNNAMED,1967,10,17,19670823,600,,TD,14.5N,27.5W,-99,,,,,,,,,,,,,
AL,UNNAMED,1967,10,17,19670823,1200,,TD,13.9N,28.9W,-99,,,,,,,,,,,,,
AL,UNNAMED,1967,10,17,19670823,1800,,TD,13.0N,30.3W,-99,,,,,,,,,,,,,
AL,UNNAMED,1967,10,17,19670824,0,,TD,12.8N,31.9W,-99,,,,,,,,,,,,,
AL,UNNAMED,1967,10,17,19670824,600,,TD,12.2N,33.9W,-99,,,,,,,,,,,,,
AL,UNNAMED,1967,10,17,19670824,1200,,TD,12.0N,35.0W,-99,,,,,,,,,,,,,
AL,ARLENE,1967,11,29,19670828,1800,,TD,15.8N,35.8W,30,,,,,,,,,,,,,
AL,ARLENE,1967,11,29,19670829,0,,TD,16.4N,36.9W,30,,,,,,,,,,,,,
AL,ARLENE,1967,11,29,19670829,600,,TD,17.1N,37.8W,30,,,,,,,,,,,,,
AL,ARLENE,1967,11,29,19670829,1200,,TD,17.8N,39.0W,30,,,,,,,,,,,,,
AL,ARLENE,1967,11,29,19670829,1800,,TD,18.5N,40.1W,30,,,,,,,,,,,,,
AL,ARLENE,1967,11,29,19670830,0,,TD,19.2N,41.5W,30,,,,,,,,,,,,,
AL,ARLENE,1967,11,29,19670830,600,,TD,19.8N,42.8W,30,,,,,,,,,,,,,
AL,ARLENE,1967,11,29,19670830,1200,,TS,20.9N,44.8W,35,,,,,,,,,,,,,
AL,ARLENE,1967,11,29,19670830,1800,,TS,22.0N,46.2W,35,1001,,,,,,,,,,,,
AL,ARLENE,1967,11,29,19670831,0,,TS,23.2N,47.6W,35,,,,,,,,,,,,,
AL,ARLENE,1967,11,29,19670831,600,,TS,24.3N,49.0W,40,,,,,,,,,,,,,
AL,ARLENE,1967,11,29,19670831,1200,,TS,25.3N,49.7W,40,,,,,,,,,,,,,
AL,ARLENE,1967,11,29,19670831,1800,,TS,26.3N,51.0W,45,1008,,,,,,,,,,,,
AL,ARLENE,1967,11,29,19670901,0,,TS,27.5N,51.8W,45,,,,,,,,,,,,,
AL,ARLENE,1967,11,29,19670901,600,,TS,28.7N,52.7W,45,,,,,,,,,,,,,
AL,ARLENE,1967,11,29,19670901,1200,,TS,29.9N,53.8W,50,1009,,,,,,,,,,,,
AL,ARLENE,1967,11,29,19670901,1800,,TS,30.8N,55.1W,50,,,,,,,,,,,,,
AL,ARLENE,1967,11,29,19670902,0,,TS,31.9N,56.3W,55,1007,,,,,,,,,,,,
AL,ARLENE,1967,11,29,19670902,600,,TS,33.2N,56.8W,55,,,,,,,,,,,,,
AL,ARLENE,1967,11,29,19670902,1200,,TS,34.5N,56.9W,60,999,,,,,,,,,,,,
AL,ARLENE,1967,11,29,19670902,1800,,TS,36.1N,56.7W,60,,,,,,,,,,,,,
AL,ARLENE,1967,11,29,19670903,0,,HU,37.6N,55.8W,65,994,,,,,,,,,,,,
AL,ARLENE,1967,11,29,19670903,600,,HU,39.2N,54.9W,70,,,,,,,,,,,,,
AL,ARLENE,1967,11,29,19670903,1200,,HU,40.7N,53.8W,70,998,,,,,,,,,,,,
AL,ARLENE,1967,11,29,19670903,1800,,HU,43.3N,52.0W,75,,,,,,,,,,,,,
AL,ARLENE,1967,11,29,19670904,0,,TS,44.6N,51.2W,60,982,,,,,,,,,,,,
AL,ARLENE,1967,11,29,19670904,600,,TS,45.8N,48.6W,60,,,,,,,,,,,,,
AL,ARLENE,1967,11,29,19670904,1200,,EX,46.6N,46.0W,60,,,,,,,,,,,,,
AL,ARLENE,1967,11,29,19670904,1800,,EX,46.7N,45.7W,60,,,,,,,,,,,,,
AL,CHLOE,1967,12,68,19670905,0,,TD,15.4N,20.3W,30,,,,,,,,,,,,,
AL,CHLOE,1967,12,68,19670905,600,,TD,15.7N,21.7W,30,,,,,,,,,,,,,
AL,CHLOE,1967,12,68,19670905,1200,,TD,15.9N,23.1W,30,1008,,,,,,,,,,,,
AL,CHLOE,1967,12,68,19670905,1800,,TD,16.1N,24.5W,30,1008,,,,,,,,,,,,
AL,CHLOE,1967,12,68,19670906,0,,TD,16.4N,26.0W,30,,,,,,,,,,,,,
AL,CHLOE,1967,12,68,19670906,600,,TD,16.8N,27.5W,30,,,,,,,,,,,,,
AL,CHLOE,1967,12,68,19670906,1200,,TD,17.1N,29.0W,30,,,,,,,,,,,,,
AL,CHLOE,1967,12,68,19670906,1800,,TD,17.5N,30.7W,30,,,,,,,,,,,,,
AL,CHLOE,1967,12,68,19670907,0,,TD,18.0N,32.1W,30,,,,,,,,,,,,,
AL,CHLOE,1967,12,68,19670907,600,,TD,18.6N,33.5W,30,,,,,,,,,,,,,
AL,CHLOE,1967,12,68,19670907,1200,,TD,19.3N,34.7W,30,,,,,,,,,,,,,
AL,CHLOE,1967,12,68,19670907,1800,,TD,20.0N,35.8W,30,,,,,,,,,,,,,
AL,CHLOE,1967,12,68,19670908,0,,TD,20.7N,36.8W,30,,,,,,,,,,,,,
AL,CHLOE,1967,12,68,19670908,600,,TD,21.7N,37.6W,30,,,,,,,,,,,,,
AL,CHLOE,1967,12,68,19670908,1200,,TS,22.7N,38.0W,35,,,,,,,,,,,,,
AL,CHLOE,1967,12,68,19670908,1800,,TS,23.7N,38.3W,40,,,,,,,,,,,,,
AL,CHLOE,1967,12,68,19670909,0,,TS,24.8N,38.8W,45,,,,,,,,,,,,,
AL,CHLOE,1967,12,68,19670909,600,,TS,25.8N,39.1W,60,,,,,,,,,,,,,
AL,CHLOE,1967,12,68,19670909,1200,,HU,26.3N,39.4W,65,,,,,,,,,,,,,
AL,CHLOE,1967,12,68,19670909,1800,,HU,26.7N,39.6W,75,997,,,,,,,,,,,,
AL,CHLOE,1967,12,68,19670910,0,,HU,26.6N,40.4W,65,,,,,,,,,,,,,
AL,CHLOE,1967,12,68,19670910,600,,HU,26.5N,41.4W,70,,,,,,,,,,,,,
AL,CHLOE,1967,12,68,19670910,1200,,HU,26.4N,42.7W,70,,,,,,,,,,,,,
AL,CHLOE,1967,12,68,19670910,1800,,HU,26.3N,43.9W,70,998,,,,,,,,,,,,
AL,CHLOE,1967,12,68,19670911,0,,HU,26.2N,45.0W,70,,,,,,,,,,,,,
AL,CHLOE,1967,12,68,19670911,600,,HU,26.1N,46.2W,75,,,,,,,,,,,,,
AL,CHLOE,1967,12,68,19670911,1200,,HU,26.0N,47.3W,80,,,,,,,,,,,,,
AL,CHLOE,1967,12,68,19670911,1800,,HU,26.2N,48.7W,85,987,,,,,,,,,,,,
AL,CHLOE,1967,12,68,19670912,0,,HU,26.5N,49.3W,85,,,,,,,,,,,,,
AL,CHLOE,1967,12,68,19670912,600,,HU,26.8N,49.7W,85,,,,,,,,,,,,,
AL,CHLOE,1967,12,68,19670912,1200,,HU,27.3N,50.2W,90,,,,,,,,,,,,,
AL,CHLOE,1967,12,68,19670912,1800,,HU,27.7N,50.7W,90,964,,,,,,,,,,,,
AL,CHLOE,1967,12,68,19670913,0,,HU,27.9N,50.9W,95,,,,,,,,,,,,,
AL,CHLOE,1967,12,68,19670913,600,,HU,28.2N,51.2W,95,,,,,,,,,,,,,
AL,CHLOE,1967,12,68,19670913,1200,,HU,28.4N,51.5W,95,,,,,,,,,,,,,
AL,CHLOE,1967,12,68,19670913,1800,,HU,28.8N,51.9W,95,958,,,,,,,,,,,,
AL,CHLOE,1967,12,68,19670914,0,,HU,29.0N,52.2W,95,,,,,,,,,,,,,
AL,CHLOE,1967,12,68,19670914,600,,HU,29.4N,52.6W,95,,,,,,,,,,,,,
AL,CHLOE,1967,12,68,19670914,1200,,HU,30.0N,53.3W,90,,,,,,,,,,,,,
AL,CHLOE,1967,12,68,19670914,1800,,HU,30.8N,54.1W,90,962,,,,,,,,,,,,
AL,CHLOE,1967,12,68,19670915,0,,HU,31.7N,54.9W,85,,,,,,,,,,,,,
AL,CHLOE,1967,12,68,19670915,600,,HU,32.6N,55.8W,80,,,,,,,,,,,,,
AL,CHLOE,1967,12,68,19670915,1200,,HU,33.5N,56.6W,80,,,,,,,,,,,,,
AL,CHLOE,1967,12,68,19670915,1800,,HU,34.5N,57.2W,80,973,,,,,,,,,,,,
AL,CHLOE,1967,12,68,19670916,0,,HU,35.6N,57.6W,80,,,,,,,,,,,,,
AL,CHLOE,1967,12,68,19670916,600,,HU,36.7N,57.8W,80,,,,,,,,,,,,,
AL,CHLOE,1967,12,68,19670916,1200,,HU,37.8N,57.8W,80,,,,,,,,,,,,,
AL,CHLOE,1967,12,68,19670916,1800,,HU,38.9N,57.8W,80,970,,,,,,,,,,,,
AL,CHLOE,1967,12,68,19670917,0,,HU,40.0N,56.9W,80,,,,,,,,,,,,,
AL,CHLOE,1967,12,68,19670917,600,,HU,40.8N,55.1W,80,,,,,,,,,,,,,
AL,CHLOE,1967,12,68,19670917,1200,,HU,41.4N,53.0W,80,,,,,,,,,,,,,
AL,CHLOE,1967,12,68,19670917,1800,,HU,41.9N,50.7W,80,967,,,,,,,,,,,,
AL,CHLOE,1967,12,68,19670918,0,,HU,42.3N,47.8W,80,,,,,,,,,,,,,
AL,CHLOE,1967,12,68,19670918,600,,HU,42.7N,44.8W,75,,,,,,,,,,,,,
AL,CHLOE,1967,12,68,19670918,1200,,HU,43.0N,41.8W,75,,,,,,,,,,,,,
AL,CHLOE,1967,12,68,19670918,1800,,HU,43.4N,38.5W,75,969,,,,,,,,,,,,
AL,CHLOE,1967,12,68,19670919,0,,HU,44.0N,35.0W,75,,,,,,,,,,,,,
AL,CHLOE,1967,12,68,19670919,600,,HU,44.5N,31.5W,75,,,,,,,,,,,,,
AL,CHLOE,1967,12,68,19670919,1200,,HU,44.9N,28.0W,75,,,,,,,,,,,,,
AL,CHLOE,1967,12,68,19670919,1800,,HU,44.8N,24.8W,75,,,,,,,,,,,,,
AL,CHLOE,1967,12,68,19670920,0,,HU,44.6N,21.5W,70,,,,,,,,,,,,,
AL,CHLOE,1967,12,68,19670920,600,,HU,44.3N,18.1W,70,,,,,,,,,,,,,
AL,CHLOE,1967,12,68,19670920,1200,,TS,44.0N,15.0W,60,,,,,,,,,,,,,
AL,CHLOE,1967,12,68,19670920,1800,,TS,44.2N,11.8W,55,,,,,,,,,,,,,
AL,CHLOE,1967,12,68,19670921,0,,TS,44.3N,8.5W,45,992,,,,,,,,,,,,
AL,CHLOE,1967,12,68,19670921,600,,TS,44.6N,5.1W,40,,,,,,,,,,,,,
AL,CHLOE,1967,12,68,19670921,1200,,EX,44.8N,1.8W,40,,,,,,,,,,,,,
AL,CHLOE,1967,12,68,19670921,1800,,EX,45.1N,1.5E,35,996,,,,,,,,,,,,
AL,BEULAH,1967,13,70,19670905,1200,,TD,14.0N,57.0W,30,,,,,,,,,,,,,
AL,BEULAH,1967,13,70,19670905,1800,,TD,13.9N,57.8W,30,1010,,,,,,,,,,,,
AL,BEULAH,1967,13,70,19670906,0,,TD,13.8N,58.5W,30,,,,,,,,,,,,,
AL,BEULAH,1967,13,70,19670906,600,,TD,13.7N,59.3W,30,,,,,,,,,,,,,
AL,BEULAH,1967,13,70,19670906,1200,,TD,13.6N,60.0W,30,,,,,,,,,,,,,
AL,BEULAH,1967,13,70,19670906,1800,,TD,13.6N,60.2W,30,,,,,,,,,,,,,
AL,BEULAH,1967,13,70,19670907,0,,TD,13.7N,60.5W,30,,,,,,,,,,,,,
AL,BEULAH,1967,13,70,19670907,600,,TD,13.8N,60.7W,30,,,,,,,,,,,,,
AL,BEULAH,1967,13,70,19670907,1200,,TS,13.9N,60.8W,40,1006,,,,,,,,,,,,
AL,BEULAH,1967,13,70,19670907,1800,,TS,14.0N,61.1W,45,,,,,,,,,,,,,
AL,BEULAH,1967,13,70,19670908,0,,TS,14.2N,61.5W,50,1005,,,,,,,,,,,,
AL,BEULAH,1967,13,70,19670908,600,,TS,14.4N,61.9W,55,,,,,,,,,,,,,
AL,BEULAH,1967,13,70,19670908,1200,,TS,14.5N,62.2W,60,996,,,,,,,,,,,,
AL,BEULAH,1967,13,70,19670908,1800,,HU,14.7N,62.9W,75,989,,,,,,,,,,,,
AL,BEULAH,1967,13,70,19670909,0,,HU,15.0N,63.7W,80,,,,,,,,,,,,,
AL,BEULAH,1967,13,70,19670909,600,,HU,15.3N,64.4W,90,,,,,,,,,,,,,
AL,BEULAH,1967,13,70,19670909,1200,,HU,15.8N,65.1W,100,,,,,,,,,,,,,
AL,BEULAH,1967,13,70,19670909,1800,,HU,16.3N,66.1W,115,950,,,,,,,,,,,,
AL,BEULAH,1967,13,70,19670910,0,,HU,16.8N,66.7W,120,,,,,,,,,,,,,
AL,BEULAH,1967,13,70,19670910,600,,HU,17.3N,67.6W,125,,,,,,,,,,,,,
AL,BEULAH,1967,13,70,19670910,1200,,HU,17.5N,68.2W,130,947,,,,,,,,,,,,
AL,BEULAH,1967,13,70,19670910,1800,,HU,17.6N,69.0W,120,951,,,,,,,,,,,,
AL,BEULAH,1967,13,70,19670911,0,,HU,17.7N,69.9W,110,967,,,,,,,,,,,,
AL,BEULAH,1967,13,70,19670911,600,,HU,17.7N,70.8W,80,,,,,,,,,,,,,
AL,BEULAH,1967,13,70,19670911,1200,,HU,17.7N,71.5W,75,,,,,,,,,,,,,
AL,BEULAH,1967,13,70,19670911,1800,,HU,17.6N,72.6W,80,978,,,,,,,,,,,,
AL,BEULAH,1967,13,70,19670912,0,,HU,17.6N,73.3W,65,1006,,,,,,,,,,,,
AL,BEULAH,1967,13,70,19670912,600,,HU,17.5N,74.1W,65,997,,,,,,,,,,,,
AL,BEULAH,1967,13,70,19670912,1200,,TS,17.3N,75.1W,60,1000,,,,,,,,,,,,
AL,BEULAH,1967,13,70,19670912,1800,,TS,16.5N,76.2W,50,998,,,,,,,,,,,,
AL,BEULAH,1967,13,70,19670913,0,,TS,16.2N,76.8W,50,1004,,,,,,,,,,,,
AL,BEULAH,1967,13,70,19670913,600,,TS,16.0N,77.3W,50,,,,,,,,,,,,,
AL,BEULAH,1967,13,70,19670913,1200,,TS,15.8N,77.8W,50,996,,,,,,,,,,,,
AL,BEULAH,1967,13,70,19670913,1800,,TS,15.8N,78.1W,50,997,,,,,,,,,,,,
AL,BEULAH,1967,13,70,19670914,0,,TS,15.9N,78.5W,55,996,,,,,,,,,,,,
AL,BEULAH,1967,13,70,19670914,600,,TS,16.0N,79.0W,60,998,,,,,,,,,,,,
AL,BEULAH,1967,13,70,19670914,1200,,HU,16.3N,79.5W,75,991,,,,,,,,,,,,
AL,BEULAH,1967,13,70,19670914,1800,,HU,16.8N,80.1W,90,989,,,,,,,,,,,,
AL,BEULAH,1967,13,70,19670915,0,,HU,17.3N,81.0W,100,985,,,,,,,,,,,,
AL,BEULAH,1967,13,70,19670915,600,,HU,17.6N,81.6W,100,,,,,,,,,,,,,
AL,BEULAH,1967,13,70,19670915,1200,,HU,18.0N,82.4W,100,980,,,,,,,,,,,,
AL,BEULAH,1967,13,70,19670915,1800,,HU,18.5N,83.3W,100,978,,,,,,,,,,,,
AL,BEULAH,1967,13,70,19670916,0,,HU,18.7N,83.7W,100,975,,,,,,,,,,,,
AL,BEULAH,1967,13,70,19670916,600,,HU,19.2N,84.4W,100,970,,,,,,,,,,,,
AL,BEULAH,1967,13,70,19670916,1200,,HU,19.6N,85.1W,100,964,,,,,,,,,,,,
AL,BEULAH,1967,13,70,19670916,1800,,HU,19.9N,85.6W,100,967,,,,,,,,,,,,
AL,BEULAH,1967,13,70,19670917,0,,HU,20.2N,86.2W,95,,,,,,,,,,,,,
AL,BEULAH,1967,13,70,19670917,600,,HU,20.6N,87.2W,90,,,,,,,,,,,,,
AL,BEULAH,1967,13,70,19670917,1200,,HU,21.0N,88.5W,85,,,,,,,,,,,,,
AL,BEULAH,1967,13,70,19670917,1800,,HU,21.2N,89.4W,85,,,,,,,,,,,,,
AL,BEULAH,1967,13,70,19670918,0,,HU,21.5N,90.6W,90,977,,,,,,,,,,,,
AL,BEULAH,1967,13,70,19670918,600,,HU,21.6N,91.8W,95,978,,,,,,,,,,,,
AL,BEULAH,1967,13,70,19670918,1200,,HU,21.8N,92.7W,95,970,,,,,,,,,,,,
AL,BEULAH,1967,13,70,19670918,1800,,HU,22.1N,93.7W,100,967,,,,,,,,,,,,
AL,BEULAH,1967,13,70,19670919,0,,HU,22.4N,94.2W,105,,,,,,,,,,,,,
AL,BEULAH,1967,13,70,19670919,600,,HU,22.8N,94.8W,110,949,,,,,,,,,,,,
AL,BEULAH,1967,13,70,19670919,1200,,HU,23.5N,95.7W,125,961,,,,,,,,,,,,
AL,BEULAH,1967,13,70,19670919,1800,,HU,23.9N,96.0W,135,923,,,,,,,,,,,,
AL,BEULAH,1967,13,70,19670920,0,,HU,24.2N,96.2W,140,923,,,,,,,,,,,,
AL,BEULAH,1967,13,70,19670920,600,,HU,25.1N,96.8W,140,931,,,,,,,,,,,,
AL,BEULAH,1967,13,70,19670920,1200,,HU,25.9N,97.2W,140,,,,,,,,,,,,,
AL,BEULAH,1967,13,70,19670920,1800,,HU,26.4N,97.7W,90,,,,,,,,,,,,,
AL,BEULAH,1967,13,70,19670921,0,,HU,27.3N,98.1W,70,,,,,,,,,,,,,
AL,BEULAH,1967,13,70,19670921,600,,HU,27.7N,98.4W,65,,,,,,,,,,,,,
AL,BEULAH,1967,13,70,19670921,1200,,TS,27.7N,98.7W,45,,,,,,,,,,,,,
AL,BEULAH,1967,13,70,19670921,1800,,TS,27.2N,99.2W,35,,,,,,,,,,,,,
AL,BEULAH,1967,13,70,19670922,0,,TS,26.7N,99.5W,35,,,,,,,,,,,,,
AL,BEULAH,1967,13,70,19670922,600,,TS,26.5N,99.7W,35,,,,,,,,,,,,,
AL,BEULAH,1967,13,70,19670922,1200,,TD,26.1N,100.0W,30,,,,,,,,,,,,,
AL,BEULAH,1967,13,70,19670922,1800,,TD,25.8N,100.3W,30,,,,,,,,,,,,,
AL,DORIA,1967,14,55,19670908,0,,TD,28.5N,77.5W,25,1010,,,,,,,,,,,,
AL,DORIA,1967,14,55,19670908,600,,TD,28.0N,78.1W,25,,,,,,,,,,,,,
AL,DORIA,1967,14,55,19670908,1200,,TD,27.7N,78.6W,25,1007,,,,,,,,,,,,
AL,DORIA,1967,14,55,19670908,1800,,TD,27.7N,78.9W,25,,,,,,,,,,,,,
AL,DORIA,1967,14,55,19670909,0,,TD,27.7N,79.1W,30,,,,,,,,,,,,,
AL,DORIA,1967,14,55,19670909,600,,TS,27.8N,79.2W,35,,,,,,,,,,,,,
AL,DORIA,1967,14,55,19670909,1200,,TS,27.9N,79.1W,35,1004,,,,,,,,,,,,
AL,DORIA,1967,14,55,19670909,1800,,TS,28.2N,78.7W,35,,,,,,,,,,,,,
AL,DORIA,1967,14,55,19670910,0,,TS,29.1N,78.0W,40,997,,,,,,,,,,,,
AL,DORIA,1967,14,55,19670910,600,,HU,30.5N,77.0W,65,,,,,,,,,,,,,
AL,DORIA,1967,14,55,19670910,1200,,HU,31.8N,76.1W,65,,,,,,,,,,,,,
AL,DORIA,1967,14,55,19670910,1800,,HU,33.2N,75.1W,65,984,,,,,,,,,,,,
AL,DORIA,1967,14,55,19670911,0,,HU,34.2N,73.6W,65,,,,,,,,,,,,,
AL,DORIA,1967,14,55,19670911,600,,TS,35.1N,72.1W,60,,,,,,,,,,,,,
AL,DORIA,1967,14,55,19670911,1200,,TS,35.9N,70.6W,60,999,,,,,,,,,,,,
AL,DORIA,1967,14,55,19670911,1800,,TS,36.2N,69.2W,50,998,,,,,,,,,,,,
AL,DORIA,1967,14,55,19670912,0,,HU,36.3N,67.8W,65,,,,,,,,,,,,,
AL,DORIA,1967,14,55,19670912,600,,HU,36.5N,66.6W,65,,,,,,,,,,,,,
AL,DORIA,1967,14,55,19670912,1200,,HU,36.6N,65.7W,70,,,,,,,,,,,,,
AL,DORIA,1967,14,55,19670912,1800,,HU,36.7N,64.9W,70,,,,,,,,,,,,,
AL,DORIA,1967,14,55,19670913,0,,HU,36.8N,64.7W,70,989,,,,,,,,,,,,
AL,DORIA,1967,14,55,19670913,600,,HU,36.9N,64.5W,70,,,,,,,,,,,,,
AL,DORIA,1967,14,55,19670913,1200,,HU,37.0N,64.7W,70,,,,,,,,,,,,,
AL,DORIA,1967,14,55,19670913,1800,,HU,37.1N,64.9W,75,983,,,,,,,,,,,,
AL,DORIA,1967,14,55,19670914,0,,HU,37.3N,65.3W,75,,,,,,,,,,,,,
AL,DORIA,1967,14,55,19670914,600,,HU,37.5N,65.6W,75,,,,,,,,,,,,,
AL,DORIA,1967,14,55,19670914,1200,,HU,37.7N,66.0W,75,,,,,,,,,,,,,
AL,DORIA,1967,14,55,19670914,1800,,HU,38.0N,66.5W,70,973,,,,,,,,,,,,
AL,DORIA,1967,14,55,19670915,0,,HU,38.0N,67.1W,65,980,,,,,,,,,,,,
AL,DORIA,1967,14,55,19670915,600,,HU,38.0N,67.8W,65,,,,,,,,,,,,,
AL,DORIA,1967,14,55,19670915,1200,,HU,38.0N,68.9W,70,,,,,,,,,,,,,
AL,DORIA,1967,14,55,19670915,1800,,HU,37.9N,70.5W,70,975,,,,,,,,,,,,
AL,DORIA,1967,14,55,19670916,0,,HU,37.9N,71.9W,70,981,,,,,,,,,,,,
AL,DORIA,1967,14,55,19670916,600,,HU,37.8N,73.3W,70,986,,,,,,,,,,,,
AL,DORIA,1967,14,55,19670916,1200,,TS,37.7N,74.5W,60,,,,,,,,,,,,,
AL,DORIA,1967,14,55,19670916,1800,,TS,37.3N,75.3W,55,990,,,,,,,,,,,,
AL,DORIA,1967,14,55,19670917,0,,TS,36.5N,75.9W,45,,,,,,,,,,,,,
AL,DORIA,1967,14,55,19670917,600,,TS,35.6N,76.2W,35,,,,,,,,,,,,,
AL,DORIA,1967,14,55,19670917,1200,,TD,34.7N,76.3W,30,1006,,,,,,,,,,,,
AL,DORIA,1967,14,55,19670917,1800,,TD,33.8N,76.2W,30,,,,,,,,,,,,,
AL,DORIA,1967,14,55,19670918,0,,TD,33.1N,76.0W,30,1006,,,,,,,,,,,,
AL,DORIA,1967,14,55,19670918,600,,TD,32.4N,75.6W,30,,,,,,,,,,,,,
AL,DORIA,1967,14,55,19670918,1200,,TD,31.9N,75.0W,25,1006,,,,,,,,,,,,
AL,DORIA,1967,14,55,19670918,1800,,TD,31.5N,74.5W,25,1006,,,,,,,,,,,,
AL,DORIA,1967,14,55,19670919,0,,TD,31.0N,74.0W,25,,,,,,,,,,,,,
AL,DORIA,1967,14,55,19670919,600,,TD,30.5N,73.4W,25,,,,,,,,,,,,,
AL,DORIA,1967,14,55,19670919,1200,,TD,30.0N,73.0W,25,,,,,,,,,,,,,
AL,DORIA,1967,14,55,19670919,1800,,TD,29.6N,72.3W,25,,,,,,,,,,,,,
AL,DORIA,1967,14,55,19670920,0,,TD,29.5N,71.5W,25,1010,,,,,,,,,,,,
AL,DORIA,1967,14,55,19670920,600,,TD,29.5N,70.8W,25,,,,,,,,,,,,,
AL,DORIA,1967,14,55,19670920,1200,,TD,29.5N,70.0W,25,,,,,,,,,,,,,
AL,DORIA,1967,14,55,19670920,1800,,TD,29.5N,69.3W,25,,,,,,,,,,,,,
AL,DORIA,1967,14,55,19670921,0,,TD,29.5N,68.5W,25,,,,,,,,,,,,,
AL,DORIA,1967,14,55,19670921,600,,TD,29.5N,67.9W,25,,,,,,,,,,,,,
AL,DORIA,1967,14,55,19670921,1200,,TD,29.5N,67.5W,25,,,,,,,,,,,,,
AL,UNNAMED,1967,15,33,19670918,1200,,TD,14.0N,14.5W,-99,,,,,,,,,,,,,
AL,UNNAMED,1967,15,33,19670918,1800,,TD,14.1N,15.2W,-99,,,,,,,,,,,,,
AL,UNNAMED,1967,15,33,19670919,0,,TD,14.1N,16.2W,-99,,,,,,,,,,,,,
AL,UNNAMED,1967,15,33,19670919,600,,TD,14.2N,17.2W,-99,,,,,,,,,,,,,
AL,UNNAMED,1967,15,33,19670919,1200,,TD,14.3N,18.5W,-99,,,,,,,,,,,,,
AL,UNNAMED,1967,15,33,19670919,1800,,TD,14.5N,20.0W,-99,,,,,,,,,,,,,
AL,UNNAMED,1967,15,33,19670920,0,,TD,14.5N,21.2W,-99,,,,,,,,,,,,,
AL,UNNAMED,1967,15,33,19670920,600,,TD,14.6N,22.9W,-99,,,,,,,,,,,,,
AL,UNNAMED,1967,15,33,19670920,1200,,TD,14.6N,24.1W,-99,,,,,,,,,,,,,
AL,UNNAMED,1967,15,33,19670920,1800,,TD,14.6N,25.1W,-99,,,,,,,,,,,,,
AL,UNNAMED,1967,15,33,19670921,0,,TD,14.8N,26.9W,-99,,,,,,,,,,,,,
AL,UNNAMED,1967,15,33,19670921,600,,TD,14.9N,28.2W,-99,,,,,,,,,,,,,
AL,UNNAMED,1967,15,33,19670921,1200,,TD,15.0N,30.0W,-99,,,,,,,,,,,,,
AL,UNNAMED,1967,15,33,19670921,1800,,TD,15.1N,31.1W,-99,,,,,,,,,,,,,
AL,UNNAMED,1967,15,33,19670922,0,,TD,15.3N,32.9W,-99,,,,,,,,,,,,,
AL,UNNAMED,1967,15,33,19670922,600,,TD,15.4N,34.5W,-99,,,,,,,,,,,,,
AL,UNNAMED,1967,15,33,19670922,1200,,TD,15.6N,36.0W,-99,,,,,,,,,,,,,
AL,UNNAMED,1967,15,33,19670922,1800,,TD,15.6N,37.1W,-99,,,,,,,,,,,,,
AL,UNNAMED,1967,15,33,19670923,0,,TD,15.8N,38.2W,-99,,,,,,,,,,,,,
AL,UNNAMED,1967,15,33,19670923,600,,TD,15.9N,39.7W,-99,,,,,,,,,,,,,
AL,UNNAMED,1967,15,33,19670923,1200,,TD,16.0N,41.0W,-99,,,,,,,,,,,,,
AL,UNNAMED,1967,15,33,19670923,1800,,TD,16.1N,42.1W,-99,,,,,,,,,,,,,
AL,UNNAMED,1967,15,33,19670924,0,,TD,16.1N,43.6W,-99,,,,,,,,,,,,,
AL,UNNAMED,1967,15,33,19670924,600,,TD,16.2N,45.0W,-99,,,,,,,,,,,,,
AL,UNNAMED,1967,15,33,19670924,1200,,TD,16.3N,46.4W,-99,,,,,,,,,,,,,
AL,UNNAMED,1967,15,33,19670924,1800,,TD,16.4N,47.4W,-99,,,,,,,,,,,,,
AL,UNNAMED,1967,15,33,19670925,0,,TD,16.5N,48.9W,-99,,,,,,,,,,,,,
AL,UNNAMED,1967,15,33,19670925,600,,TD,16.5N,50.0W,-99,,,,,,,,,,,,,
AL,UNNAMED,1967,15,33,19670925,1200,,TD,16.5N,51.4W,-99,,,,,,,,,,,,,
AL,UNNAMED,1967,15,33,19670925,1800,,TD,16.5N,52.7W,-99,,,,,,,,,,,,,
AL,UNNAMED,1967,15,33,19670926,0,,TD,16.3N,54.1W,-99,,,,,,,,,,,,,
AL,UNNAMED,1967,15,33,19670926,600,,TD,16.0N,55.7W,-99,,,,,,,,,,,,,
AL,UNNAMED,1967,15,33,19670926,1200,,TD,15.8N,57.0W,-99,,,,,,,,,,,,,
AL,UNNAMED,1967,16,33,19670922,1200,,TD,10.8N,15.0W,-99,,,,,,,,,,,,,
AL,UNNAMED,1967,16,33,19670922,1800,,TD,10.9N,16.2W,-99,,,,,,,,,,,,,
AL,UNNAMED,1967,16,33,19670923,0,,TD,10.9N,17.5W,-99,,,,,,,,,,,,,
AL,UNNAMED,1967,16,33,19670923,600,,TD,11.0N,18.9W,-99,,,,,,,,,,,,,
AL,UNNAMED,1967,16,33,19670923,1200,,TD,11.0N,20.3W,-99,,,,,,,,,,,,,
AL,UNNAMED,1967,16,33,19670923,1800,,TD,11.1N,20.3W,-99,,,,,,,,,,,,,
AL,UNNAMED,1967,16,33,19670924,0,,TD,11.3N,22.9W,-99,,,,,,,,,,,,,
AL,UNNAMED,1967,16,33,19670924,600,,TD,11.6N,24.0W,-99,,,,,,,,,,,,,
AL,UNNAMED,1967,16,33,19670924,1200,,TD,11.6N,25.0W,-99,,,,,,,,,,,,,
AL,UNNAMED,1967,16,33,19670924,1800,,TD,11.7N,26.2W,-99,,,,,,,,,,,,,
AL,UNNAMED,1967,16,33,19670925,0,,TD,11.7N,27.5W,-99,,,,,,,,,,,,,
AL,UNNAMED,1967,16,33,19670925,600,,TD,11.8N,29.0W,-99,,,,,,,,,,,,,
AL,UNNAMED,1967,16,33,19670925,1200,,TD,12.0N,30.0W,-99,,,,,,,,,,,,,
AL,UNNAMED,1967,16,33,19670925,1800,,TD,12.1N,31.6W,-99,,,,,,,,,,,,,
AL,UNNAMED,1967,16,33,19670926,0,,TD,12.1N,33.0W,-99,,,,,,,,,,,,,
AL,UNNAMED,1967,16,33,19670926,600,,TD,12.0N,34.5W,-99,,,,,,,,,,,,,
AL,UNNAMED,1967,16,33,19670926,1200,,TD,12.0N,36.0W,-99,,,,,,,,,,,,,
AL,UNNAMED,1967,16,33,19670926,1800,,TD,11.9N,36.5W,-99,,,,,,,,,,,,,
AL,UNNAMED,1967,16,33,19670927,0,,TD,11.9N,37.0W,-99,,,,,,,,,,,,,
AL,UNNAMED,1967,16,33,19670927,600,,TD,11.9N,37.5W,-99,,,,,,,,,,,,,
AL,UNNAMED,1967,16,33,19670927,1200,,TD,11.9N,38.0W,-99,,,,,,,,,,,,,
AL,UNNAMED,1967,16,33,19670927,1800,,TD,12.0N,38.7W,-99,,,,,,,,,,,,,
AL,UNNAMED,1967,16,33,19670928,0,,TD,12.1N,39.2W,-99,,,,,,,,,,,,,
AL,UNNAMED,1967,16,33,19670928,600,,TD,12.5N,39.8W,-99,,,,,,,,,,,,,
AL,UNNAMED,1967,16,33,19670928,1200,,TD,13.0N,40.0W,-99,,,,,,,,,,,,,
AL,UNNAMED,1967,16,33,19670928,1800,,TD,13.3N,40.2W,-99,,,,,,,,,,,,,
AL,UNNAMED,1967,16,33,19670929,0,,TD,13.6N,40.3W,-99,,,,,,,,,,,,,
AL,UNNAMED,1967,16,33,19670929,600,,TD,14.1N,40.4W,-99,,,,,,,,,,,,,
AL,UNNAMED,1967,16,33,19670929,1200,,TD,14.6N,40.6W,-99,,,,,,,,,,,,,
AL,UNNAMED,1967,16,33,19670929,1800,,TD,15.1N,41.0W,-99,,,,,,,,,,,,,
AL,UNNAMED,1967,16,33,19670930,0,,TD,15.5N,41.3W,-99,,,,,,,,,,,,,
AL,UNNAMED,1967,16,33,19670930,600,,TD,15.6N,41.8W,-99,,,,,,,,,,,,,
AL,UNNAMED,1967,16,33,19670930,1200,,TD,16.0N,42.1W,-99,,,,,,,,,,,,,
AL,UNNAMED,1967,17,13,19670925,1200,,TD,15.1N,18.7W,-99,,,,,,,,,,,,,
AL,UNNAMED,1967,17,13,19670925,1800,,TD,15.2N,19.5W,-99,,,,,,,,,,,,,
AL,UNNAMED,1967,17,13,19670926,0,,TD,15.3N,20.2W,-99,,,,,,,,,,,,,
AL,UNNAMED,1967,17,13,19670926,600,,TD,15.3N,20.8W,-99,,,,,,,,,,,,,
AL,UNNAMED,1967,17,13,19670926,1200,,TD,15.4N,21.5W,-99,,,,,,,,,,,,,
AL,UNNAMED,1967,17,13,19670926,1800,,TD,15.5N,22.5W,-99,,,,,,,,,,,,,
AL,UNNAMED,1967,17,13,19670927,0,,TD,15.7N,23.1W,-99,,,,,,,,,,,,,
AL,UNNAMED,1967,17,13,19670927,600,,TD,16.0N,23.9W,-99,,,,,,,,,,,,,
AL,UNNAMED,1967,17,13,19670927,1200,,TD,16.2N,24.2W,-99,,,,,,,,,,,,,
AL,UNNAMED,1967,17,13,19670927,1800,,TD,16.9N,25.0W,-99,,,,,,,,,,,,,
AL,UNNAMED,1967,17,13,19670928,0,,TD,17.4N,25.5W,-99,,,,,,,,,,,,,
AL,UNNAMED,1967,17,13,19670928,600,,TD,17.9N,26.1W,-99,,,,,,,,,,,,,
AL,UNNAMED,1967,17,13,19670928,1200,,TD,18.1N,26.4W,-99,,,,,,,,,,,,,
AL,EDITH,1967,18,21,19670926,1200,,TD,12.5N,47.0W,30,,,,,,,,,,,,,
AL,EDITH,1967,18,21,19670926,1800,,TD,12.6N,48.4W,30,1005,,,,,,,,,,,,
AL,EDITH,1967,18,21,19670927,0,,TD,12.8N,49.8W,30,,,,,,,,,,,,,
AL,EDITH,1967,18,21,19670927,600,,TD,13.0N,50.5W,30,,,,,,,,,,,,,
AL,EDITH,1967,18,21,19670927,1200,,TD,13.2N,51.2W,30,1008,,,,,,,,,,,,
AL,EDITH,1967,18,21,19670927,1800,,TD,13.5N,52.1W,30,1008,,,,,,,,,,,,
AL,EDITH,1967,18,21,19670928,0,,TD,13.9N,53.0W,30,1005,,,,,,,,,,,,
AL,EDITH,1967,18,21,19670928,600,,TD,14.2N,54.0W,30,,,,,,,,,,,,,
AL,EDITH,1967,18,21,19670928,1200,,TS,14.4N,55.1W,40,1002,,,,,,,,,,,,
AL,EDITH,1967,18,21,19670928,1800,,TS,14.5N,56.0W,45,1000,,,,,,,,,,,,
AL,EDITH,1967,18,21,19670929,0,,TS,14.6N,57.0W,50,,,,,,,,,,,,,
AL,EDITH,1967,18,21,19670929,600,,TS,14.6N,57.6W,40,,,,,,,,,,,,,
AL,EDITH,1967,18,21,19670929,1200,,TS,14.7N,58.2W,35,1007,,,,,,,,,,,,
AL,EDITH,1967,18,21,19670929,1800,,TS,14.9N,58.7W,35,1005,,,,,,,,,,,,
AL,EDITH,1967,18,21,19670930,0,,TS,14.8N,59.8W,35,,,,,,,,,,,,,
AL,EDITH,1967,18,21,19670930,600,,TD,14.6N,60.9W,30,,,,,,,,,,,,,
AL,EDITH,1967,18,21,19670930,1200,,TD,14.5N,62.0W,30,1010,,,,,,,,,,,,
AL,EDITH,1967,18,21,19670930,1800,,TD,14.5N,63.0W,30,1008,,,,,,,,,,,,
AL,EDITH,1967,18,21,19671001,0,,TD,14.5N,64.0W,30,,,,,,,,,,,,,
AL,EDITH,1967,18,21,19671001,600,,TD,14.5N,64.7W,30,,,,,,,,,,,,,
AL,EDITH,1967,18,21,19671001,1200,,TD,14.5N,65.5W,30,,,,,,,,,,,,,
AL,FERN,1967,19,13,19671001,1800,,TD,20.3N,93.0W,25,1005,,,,,,,,,,,,
AL,FERN,1967,19,13,19671002,0,,TD,20.7N,93.0W,30,1005,,,,,,,,,,,,
AL,FERN,1967,19,13,19671002,600,,TS,21.5N,93.0W,35,,,,,,,,,,,,,
AL,FERN,1967,19,13,19671002,1200,,TS,22.1N,93.1W,50,,,,,,,,,,,,,
AL,FERN,1967,19,13,19671002,1800,,TS,22.4N,93.4W,60,,,,,,,,,,,,,
AL,FERN,1967,19,13,19671003,0,,HU,22.6N,93.7W,75,987,,,,,,,,,,,,
AL,FERN,1967,19,13,19671003,600,,HU,22.7N,94.6W,65,999,,,,,,,,,,,,
AL,FERN,1967,19,13,19671003,1200,,HU,22.8N,95.5W,65,993,,,,,,,,,,,,
AL,FERN,1967,19,13,19671003,1800,,HU,22.8N,96.2W,65,996,,,,,,,,,,,,
AL,FERN,1967,19,13,19671004,0,,HU,22.8N,97.2W,65,,,,,,,,,,,,,
AL,FERN,1967,19,13,19671004,600,,HU,22.6N,97.8W,65,,,,,,,,,,,,,
AL,FERN,1967,19,13,19671004,1200,,TS,22.4N,98.3W,35,,,,,,,,,,,,,
AL,FERN,1967,19,13,19671004,1800,,TD,22.2N,98.8W,30,,,,,,,,,,,,,
AL,UNNAMED,1967,20,9,19671003,1200,,TD,13.0N,17.1W,-99,,,,,,,,,,,,,
AL,UNNAMED,1967,20,9,19671003,1800,,TD,13.0N,18.2W,-99,,,,,,,,,,,,,
AL,UNNAMED,1967,20,9,19671004,0,,TD,13.0N,19.6W,-99,,,,,,,,,,,,,
AL,UNNAMED,1967,20,9,19671004,600,,TD,13.0N,20.9W,-99,,,,,,,,,,,,,
AL,UNNAMED,1967,20,9,19671004,1200,,TD,13.0N,22.0W,-99,,,,,,,,,,,,,
AL,UNNAMED,1967,20,9,19671004,1800,,TD,13.0N,23.1W,-99,,,,,,,,,,,,,
AL,UNNAMED,1967,20,9,19671005,0,,TD,13.0N,24.5W,-99,,,,,,,,,,,,,
AL,UNNAMED,1967,20,9,19671005,600,,TD,13.0N,25.7W,-99,,,,,,,,,,,,,
AL,UNNAMED,1967,20,9,19671005,1200,,TD,13.0N,27.0W,-99,,,,,,,,,,,,,
AL,GINGER,1967,21,14,19671005,1200,,TD,17.0N,18.3W,30,,,,,,,,,,,,,
AL,GINGER,1967,21,14,19671005,1800,,TD,17.5N,18.2W,30,,,,,,,,,,,,,
AL,GINGER,1967,21,14,19671006,0,,TS,18.0N,18.1W,35,,,,,,,,,,,,,
AL,GINGER,1967,21,14,19671006,600,,TS,18.5N,18.2W,40,,,,,,,,,,,,,
AL,GINGER,1967,21,14,19671006,1200,,TS,19.0N,18.5W,40,,,,,,,,,,,,,
AL,GINGER,1967,21,14,19671006,1800,,TS,19.5N,18.9W,45,1002,,,,,,,,,,,,
AL,GINGER,1967,21,14,19671007,0,,TS,20.0N,19.3W,40,,,,,,,,,,,,,
AL,GINGER,1967,21,14,19671007,600,,TD,20.4N,19.8W,30,,,,,,,,,,,,,
AL,GINGER,1967,21,14,19671007,1200,,TD,20.5N,20.5W,30,1012,,,,,,,,,,,,
AL,GINGER,1967,21,14,19671007,1800,,TD,20.4N,21.2W,30,,,,,,,,,,,,,
AL,GINGER,1967,21,14,19671008,0,,TD,20.3N,22.0W,30,,,,,,,,,,,,,
AL,GINGER,1967,21,14,19671008,600,,TD,20.2N,22.8W,30,,,,,,,,,,,,,
AL,GINGER,1967,21,14,19671008,1200,,TD,20.0N,23.6W,30,,,,,,,,,,,,,
AL,GINGER,1967,21,14,19671008,1800,,TD,19.7N,24.3W,25,,,,,,,,,,,,,
AL,UNNAMED,1967,22,5,19671008,1200,,TD,25.0N,75.2W,-99,,,,,,,,,,,,,
AL,UNNAMED,1967,22,5,19671008,1800,,TD,25.6N,74.2W,-99,,,,,,,,,,,,,
AL,UNNAMED,1967,22,5,19671009,0,,TD,26.2N,73.5W,-99,,,,,,,,,,,,,
AL,UNNAMED,1967,22,5,19671009,600,,TD,27.0N,72.9W,-99,,,,,,,,,,,,,
AL,UNNAMED,1967,22,5,19671009,1200,,TD,27.9N,72.5W,-99,,,,,,,,,,,,,
AL,UNNAMED,1967,23,9,19671012,1200,,TD,21.0N,71.0W,-99,,,,,,,,,,,,,
AL,UNNAMED,1967,23,9,19671012,1800,,TD,21.5N,71.2W,-99,,,,,,,,,,,,,
AL,UNNAMED,1967,23,9,19671013,0,,TD,22.0N,72.1W,-99,,,,,,,,,,,,,
AL,UNNAMED,1967,23,9,19671013,600,,TD,22.3N,72.9W,-99,,,,,,,,,,,,,
AL,UNNAMED,1967,23,9,19671013,1200,,TD,23.0N,73.8W,-99,,,,,,,,,,,,,
AL,UNNAMED,1967,23,9,19671013,1800,,TD,23.9N,73.1W,-99,,,,,,,,,,,,,
AL,UNNAMED,1967,23,9,19671014,0,,TD,24.9N,72.8W,-99,,,,,,,,,,,,,
AL,UNNAMED,1967,23,9,19671014,600,,TD,26.0N,72.5W,-99,,,,,,,,,,,,,
AL,UNNAMED,1967,23,9,19671014,1200,,TD,27.0N,72.5W,-99,,,,,,,,,,,,,
AL,UNNAMED,1967,24,9,19671015,1200,,TD,15.5N,42.5W,-99,,,,,,,,,,,,,
AL,UNNAMED,1967,24,9,19671015,1800,,TD,15.2N,43.6W,-99,,,,,,,,,,,,,
AL,UNNAMED,1967,24,9,19671016,0,,TD,14.9N,45.0W,-99,,,,,,,,,,,,,
AL,UNNAMED,1967,24,9,19671016,600,,TD,14.7N,46.3W,-99,,,,,,,,,,,,,
AL,UNNAMED,1967,24,9,19671016,1200,,TD,14.6N,47.5W,-99,,,,,,,,,,,,,
AL,UNNAMED,1967,24,9,19671016,1800,,TD,14.1N,48.2W,-99,,,,,,,,,,,,,
AL,UNNAMED,1967,24,9,19671017,0,,TD,14.0N,49.5W,-99,,,,,,,,,,,,,
AL,UNNAMED,1967,24,9,19671017,600,,TD,14.0N,50.5W,-99,,,,,,,,,,,,,
AL,UNNAMED,1967,24,9,19671017,1200,,TD,14.1N,51.4W,-99,,,,,,,,,,,,,
AL,HEIDI,1967,25,54,19671019,1200,,TD,20.5N,54.0W,25,,,,,,,,,,,,,
AL,HEIDI,1967,25,54,19671019,1800,,TD,20.7N,55.5W,25,,,,,,,,,,,,,
AL,HEIDI,1967,25,54,19671020,0,,TD,20.9N,57.0W,30,,,,,,,,,,,,,
AL,HEIDI,1967,25,54,19671020,600,,TD,21.0N,58.5W,30,,,,,,,,,,,,,
AL,HEIDI,1967,25,54,19671020,1200,,TD,21.1N,60.0W,30,,,,,,,,,,,,,
AL,HEIDI,1967,25,54,19671020,1800,,TS,21.4N,61.5W,35,1008,,,,,,,,,,,,
AL,HEIDI,1967,25,54,19671021,0,,TS,21.9N,62.9W,40,,,,,,,,,,,,,
AL,HEIDI,1967,25,54,19671021,600,,TS,22.4N,64.1W,40,,,,,,,,,,,,,
AL,HEIDI,1967,25,54,19671021,1200,,TS,23.2N,65.2W,40,,,,,,,,,,,,,
AL,HEIDI,1967,25,54,19671021,1800,,TS,24.5N,66.1W,40,1005,,,,,,,,,,,,
AL,HEIDI,1967,25,54,19671022,0,,TS,25.8N,66.8W,45,,,,,,,,,,,,,
AL,HEIDI,1967,25,54,19671022,600,,TS,26.9N,67.0W,50,,,,,,,,,,,,,
AL,HEIDI,1967,25,54,19671022,1200,,TS,28.1N,66.5W,55,1006,,,,,,,,,,,,
AL,HEIDI,1967,25,54,19671022,1800,,TS,29.4N,65.6W,60,,,,,,,,,,,,,
AL,HEIDI,1967,25,54,19671023,0,,HU,30.8N,64.3W,65,995,,,,,,,,,,,,
AL,HEIDI,1967,25,54,19671023,600,,HU,32.1N,62.7W,65,,,,,,,,,,,,,
AL,HEIDI,1967,25,54,19671023,1200,,HU,32.8N,60.9W,75,,,,,,,,,,,,,
AL,HEIDI,1967,25,54,19671023,1800,,HU,33.0N,58.5W,75,,,,,,,,,,,,,
AL,HEIDI,1967,25,54,19671024,0,,HU,33.0N,56.2W,75,,,,,,,,,,,,,
AL,HEIDI,1967,25,54,19671024,600,,HU,33.0N,54.5W,70,,,,,,,,,,,,,
AL,HEIDI,1967,25,54,19671024,1200,,HU,33.0N,52.9W,70,999,,,,,,,,,,,,
AL,HEIDI,1967,25,54,19671024,1800,,HU,33.1N,51.3W,70,,,,,,,,,,,,,
AL,HEIDI,1967,25,54,19671025,0,,HU,33.4N,50.1W,75,,,,,,,,,,,,,
AL,HEIDI,1967,25,54,19671025,600,,HU,33.9N,49.3W,75,,,,,,,,,,,,,
AL,HEIDI,1967,25,54,19671025,1200,,HU,34.5N,48.5W,75,989,,,,,,,,,,,,
AL,HEIDI,1967,25,54,19671025,1800,,HU,34.9N,47.7W,75,,,,,,,,,,,,,
AL,HEIDI,1967,25,54,19671026,0,,HU,35.3N,46.9W,80,,,,,,,,,,,,,
AL,HEIDI,1967,25,54,19671026,600,,HU,35.6N,46.3W,80,,,,,,,,,,,,,
AL,HEIDI,1967,25,54,19671026,1200,,HU,35.9N,46.1W,80,,,,,,,,,,,,,
AL,HEIDI,1967,25,54,19671026,1800,,HU,36.2N,46.1W,80,981,,,,,,,,,,,,
AL,HEIDI,1967,25,54,19671027,0,,HU,36.5N,46.2W,80,,,,,,,,,,,,,
AL,HEIDI,1967,25,54,19671027,600,,HU,36.7N,46.2W,75,,,,,,,,,,,,,
AL,HEIDI,1967,25,54,19671027,1200,,HU,37.0N,46.0W,75,991,,,,,,,,,,,,
AL,HEIDI,1967,25,54,19671027,1800,,HU,37.5N,45.6W,70,,,,,,,,,,,,,
AL,HEIDI,1967,25,54,19671028,0,,HU,38.0N,45.1W,70,,,,,,,,,,,,,
AL,HEIDI,1967,25,54,19671028,600,,HU,38.4N,44.6W,70,,,,,,,,,,,,,
AL,HEIDI,1967,25,54,19671028,1200,,HU,38.7N,44.1W,70,994,,,,,,,,,,,,
AL,HEIDI,1967,25,54,19671028,1800,,HU,39.0N,43.9W,70,,,,,,,,,,,,,
AL,HEIDI,1967,25,54,19671029,0,,HU,39.2N,43.9W,65,,,,,,,,,,,,,
AL,HEIDI,1967,25,54,19671029,600,,HU,39.3N,43.9W,65,,,,,,,,,,,,,
AL,HEIDI,1967,25,54,19671029,1200,,TS,39.3N,44.1W,60,,,,,,,,,,,,,
AL,HEIDI,1967,25,54,19671029,1800,,TS,39.1N,44.6W,55,,,,,,,,,,,,,
AL,HEIDI,1967,25,54,19671030,0,,TS,38.8N,45.1W,50,,,,,,,,,,,,,
AL,HEIDI,1967,25,54,19671030,600,,TS,38.7N,45.6W,55,,,,,,,,,,,,,
AL,HEIDI,1967,25,54,19671030,1200,,TS,38.9N,46.1W,60,,,,,,,,,,,,,
AL,HEIDI,1967,25,54,19671030,1800,,TS,39.5N,46.5W,60,,,,,,,,,,,,,
AL,HEIDI,1967,25,54,19671031,0,,TS,40.3N,46.7W,60,,,,,,,,,,,,,
AL,HEIDI,1967,25,54,19671031,600,,TS,41.2N,46.2W,55,,,,,,,,,,,,,
AL,HEIDI,1967,25,54,19671031,1200,,TS,42.1N,45.0W,55,,,,,,,,,,,,,
AL,HEIDI,1967,25,54,19671031,1800,,TS,42.7N,43.6W,50,,,,,,,,,,,,,
AL,HEIDI,1967,25,54,19671101,0,,EX,43.0N,42.0W,45,,,,,,,,,,,,,
AL,HEIDI,1967,25,54,19671101,600,,EX,43.0N,40.3W,40,,,,,,,,,,,,,
AL,HEIDI,1967,25,54,19671101,1200,,EX,43.0N,38.5W,40,,,,,,,,,,,,,
AL,HEIDI,1967,25,54,19671101,1800,,EX,43.0N,36.8W,40,,,,,,,,,,,,,
AL,UNNAMED,1967,26,13,19671026,1200,,TD,25.9N,70.9W,-99,,,,,,,,,,,,,
AL,UNNAMED,1967,26,13,19671026,1800,,TD,26.1N,69.9W,-99,,,,,,,,,,,,,
AL,UNNAMED,1967,26,13,19671027,0,,TD,26.0N,68.7W,-99,,,,,,,,,,,,,
AL,UNNAMED,1967,26,13,19671027,600,,TD,25.5N,67.5W,-99,,,,,,,,,,,,,
AL,UNNAMED,1967,26,13,19671027,1200,,TD,25.4N,66.1W,-99,,,,,,,,,,,,,
AL,UNNAMED,1967,26,13,19671027,1800,,TD,25.7N,65.0W,-99,,,,,,,,,,,,,
AL,UNNAMED,1967,26,13,19671028,0,,TD,26.3N,64.8W,-99,,,,,,,,,,,,,
AL,UNNAMED,1967,26,13,19671028,600,,TD,26.8N,62.8W,-99,,,,,,,,,,,,,
AL,UNNAMED,1967,26,13,19671028,1200,,TD,26.9N,61.2W,-99,,,,,,,,,,,,,
AL,UNNAMED,1967,26,13,19671028,1800,,TD,25.0N,62.8W,-99,,,,,,,,,,,,,
AL,UNNAMED,1967,26,13,19671029,0,,TD,26.2N,64.8W,-99,,,,,,,,,,,,,
AL,UNNAMED,1967,26,13,19671029,600,,TD,28.8N,65.8W,-99,,,,,,,,,,,,,
AL,UNNAMED,1967,26,13,19671029,1200,,TD,31.0N,66.2W,-99,,,,,,,,,,,,,
AL,ABBY,1968,1,51,19680601,600,,TD,17.2N,85.5W,30,,,,,,,,,,,,,
AL,ABBY,1968,1,51,19680601,1200,,TD,17.5N,85.5W,30,,,,,,,,,,,,,
AL,ABBY,1968,1,51,19680601,1800,,TD,18.2N,85.7W,30,,,,,,,,,,,,,
AL,ABBY,1968,1,51,19680602,0,,TD,18.8N,85.8W,30,1005,,,,,,,,,,,,
AL,ABBY,1968,1,51,19680602,600,,TD,19.7N,85.7W,30,,,,,,,,,,,,,
AL,ABBY,1968,1,51,19680602,1200,,TD,20.5N,85.3W,30,,,,,,,,,,,,,
AL,ABBY,1968,1,51,19680602,1800,,TS,21.4N,84.8W,40,1002,,,,,,,,,,,,
AL,ABBY,1968,1,51,19680603,0,,TS,22.3N,84.2W,45,997,,,,,,,,,,,,
AL,ABBY,1968,1,51,19680603,600,,TS,23.3N,83.9W,60,999,,,,,,,,,,,,
AL,ABBY,1968,1,51,19680603,1200,,HU,24.5N,83.6W,65,999,,,,,,,,,,,,
AL,ABBY,1968,1,51,19680603,1800,,HU,24.8N,83.5W,65,,,,,,,,,,,,,
AL,ABBY,1968,1,51,19680604,0,,HU,25.1N,83.3W,65,994,,,,,,,,,,,,
AL,ABBY,1968,1,51,19680604,600,,TS,25.8N,82.9W,60,993,,,,,,,,,,,,
AL,ABBY,1968,1,51,19680604,1200,,TS,26.9N,82.1W,55,992,,,,,,,,,,,,
AL,ABBY,1968,1,51,19680604,1800,,TS,27.6N,81.7W,55,,,,,,,,,,,,,
AL,ABBY,1968,1,51,19680605,0,,TS,28.0N,81.3W,50,,,,,,,,,,,,,
AL,ABBY,1968,1,51,19680605,600,,TS,28.1N,80.9W,50,994,,,,,,,,,,,,
AL,ABBY,1968,1,51,19680605,1200,,TS,28.0N,80.5W,50,,,,,,,,,,,,,
AL,ABBY,1968,1,51,19680605,1800,,TS,27.8N,80.2W,50,965,,,,,,,,,,,,
AL,ABBY,1968,1,51,19680606,0,,TS,28.0N,80.0W,50,997,,,,,,,,,,,,
AL,ABBY,1968,1,51,19680606,600,,TS,28.6N,80.4W,50,,,,,,,,,,,,,
AL,ABBY,1968,1,51,19680606,1200,,TS,29.1N,80.9W,50,,,,,,,,,,,,,
AL,ABBY,1968,1,51,19680606,1800,,TS,29.9N,81.2W,50,,,,,,,,,,,,,
AL,ABBY,1968,1,51,19680607,0,,TS,30.6N,81.5W,50,999,,,,,,,,,,,,
AL,ABBY,1968,1,51,19680607,600,,TS,31.4N,81.8W,50,,,,,,,,,,,,,
AL,ABBY,1968,1,51,19680607,1200,,TS,32.0N,82.0W,45,,,,,,,,,,,,,
AL,ABBY,1968,1,51,19680607,1800,,TD,32.6N,82.0W,30,,,,,,,,,,,,,
AL,ABBY,1968,1,51,19680608,0,,TD,33.0N,82.2W,30,,,,,,,,,,,,,
AL,ABBY,1968,1,51,19680608,600,,TD,33.5N,82.2W,30,,,,,,,,,,,,,
AL,ABBY,1968,1,51,19680608,1200,,TD,34.0N,82.3W,25,,,,,,,,,,,,,
AL,ABBY,1968,1,51,19680608,1800,,TD,34.4N,82.3W,25,,,,,,,,,,,,,
AL,ABBY,1968,1,51,19680609,0,,TD,35.0N,82.0W,25,,,,,,,,,,,,,
AL,ABBY,1968,1,51,19680609,600,,TD,35.3N,81.8W,25,,,,,,,,,,,,,
AL,ABBY,1968,1,51,19680609,1200,,TD,35.7N,81.1W,25,,,,,,,,,,,,,
AL,ABBY,1968,1,51,19680609,1800,,TD,35.9N,80.3W,25,,,,,,,,,,,,,
AL,ABBY,1968,1,51,19680610,0,,TD,35.9N,79.5W,25,,,,,,,,,,,,,
AL,ABBY,1968,1,51,19680610,600,,TD,35.6N,78.9W,25,,,,,,,,,,,,,
AL,ABBY,1968,1,51,19680610,1200,,TD,34.9N,78.7W,25,,,,,,,,,,,,,
AL,ABBY,1968,1,51,19680610,1800,,TD,34.2N,79.0W,25,,,,,,,,,,,,,
AL,ABBY,1968,1,51,19680611,0,,TD,33.3N,79.2W,25,,,,,,,,,,,,,
AL,ABBY,1968,1,51,19680611,600,,TD,33.2N,79.0W,25,,,,,,,,,,,,,
AL,ABBY,1968,1,51,19680611,1200,,TD,33.3N,78.7W,25,,,,,,,,,,,,,
AL,ABBY,1968,1,51,19680611,1800,,TD,33.4N,78.5W,25,,,,,,,,,,,,,
AL,ABBY,1968,1,51,19680612,0,,TD,33.6N,78.2W,25,,,,,,,,,,,,,
AL,ABBY,1968,1,51,19680612,600,,TD,33.8N,78.0W,25,,,,,,,,,,,,,
AL,ABBY,1968,1,51,19680612,1200,,TD,34.0N,77.8W,25,,,,,,,,,,,,,
AL,ABBY,1968,1,51,19680612,1800,,TD,34.7N,77.1W,25,,,,,,,,,,,,,
AL,ABBY,1968,1,51,19680613,0,,TD,35.4N,76.6W,25,,,,,,,,,,,,,
AL,ABBY,1968,1,51,19680613,600,,TD,36.1N,75.9W,25,,,,,,,,,,,,,
AL,ABBY,1968,1,51,19680613,1200,,TD,36.8N,75.0W,25,,,,,,,,,,,,,
AL,ABBY,1968,1,51,19680613,1800,,TD,37.2N,74.5W,25,,,,,,,,,,,,,
AL,BRENDA,1968,2,37,19680617,1200,,TD,24.0N,80.5W,25,,,,,,,,,,,,,
AL,BRENDA,1968,2,37,19680617,1800,,TD,24.5N,80.8W,25,1012,,,,,,,,,,,,
AL,BRENDA,1968,2,37,19680618,0,,TD,25.0N,81.0W,25,,,,,,,,,,,,,
AL,BRENDA,1968,2,37,19680618,600,,TD,25.5N,81.1W,25,,,,,,,,,,,,,
AL,BRENDA,1968,2,37,19680618,1200,,TD,26.0N,81.2W,25,,,,,,,,,,,,,
AL,BRENDA,1968,2,37,19680618,1800,,TD,26.5N,81.3W,25,,,,,,,,,,,,,
AL,BRENDA,1968,2,37,19680619,0,,TD,27.0N,81.3W,25,,,,,,,,,,,,,
AL,BRENDA,1968,2,37,19680619,600,,TD,27.5N,81.3W,25,,,,,,,,,,,,,
AL,BRENDA,1968,2,37,19680619,1200,,TD,28.0N,81.2W,25,,,,,,,,,,,,,
AL,BRENDA,1968,2,37,19680619,1800,,TD,28.7N,81.1W,25,1012,,,,,,,,,,,,
AL,BRENDA,1968,2,37,19680620,0,,TD,29.5N,81.1W,25,,,,,,,,,,,,,
AL,BRENDA,1968,2,37,19680620,600,,TD,30.1N,80.6W,25,,,,,,,,,,,,,
AL,BRENDA,1968,2,37,19680620,1200,,TD,30.6N,79.6W,25,,,,,,,,,,,,,
AL,BRENDA,1968,2,37,19680620,1800,,TD,30.9N,78.5W,25,,,,,,,,,,,,,
AL,BRENDA,1968,2,37,19680621,0,,TD,31.0N,77.4W,30,,,,,,,,,,,,,
AL,BRENDA,1968,2,37,19680621,600,,TS,30.9N,76.3W,45,,,,,,,,,,,,,
AL,BRENDA,1968,2,37,19680621,1200,,TS,30.9N,75.2W,50,1005,,,,,,,,,,,,
AL,BRENDA,1968,2,37,19680621,1800,,TS,30.8N,74.2W,55,995,,,,,,,,,,,,
AL,BRENDA,1968,2,37,19680622,0,,TS,30.8N,73.4W,55,993,,,,,,,,,,,,
AL,BRENDA,1968,2,37,19680622,600,,TS,31.1N,72.9W,60,,,,,,,,,,,,,
AL,BRENDA,1968,2,37,19680622,1200,,TS,31.5N,72.5W,60,998,,,,,,,,,,,,
AL,BRENDA,1968,2,37,19680622,1800,,TS,32.1N,71.8W,60,997,,,,,,,,,,,,
AL,BRENDA,1968,2,37,19680623,0,,TS,32.7N,71.2W,60,997,,,,,,,,,,,,
AL,BRENDA,1968,2,37,19680623,600,,TS,33.7N,70.1W,60,995,,,,,,,,,,,,
AL,BRENDA,1968,2,37,19680623,1200,,HU,34.7N,68.4W,65,992,,,,,,,,,,,,
AL,BRENDA,1968,2,37,19680623,1800,,HU,35.1N,66.6W,65,,,,,,,,,,,,,
AL,BRENDA,1968,2,37,19680624,0,,HU,35.5N,64.3W,65,991,,,,,,,,,,,,
AL,BRENDA,1968,2,37,19680624,600,,HU,35.5N,61.8W,65,990,,,,,,,,,,,,
AL,BRENDA,1968,2,37,19680624,1200,,HU,35.6N,59.3W,65,990,,,,,,,,,,,,
AL,BRENDA,1968,2,37,19680624,1800,,HU,35.7N,56.6W,65,,,,,,,,,,,,,
AL,BRENDA,1968,2,37,19680625,0,,TS,35.8N,54.0W,60,997,,,,,,,,,,,,
AL,BRENDA,1968,2,37,19680625,600,,TS,36.2N,51.5W,60,,,,,,,,,,,,,
AL,BRENDA,1968,2,37,19680625,1200,,TS,36.8N,49.0W,60,994,,,,,,,,,,,,
AL,BRENDA,1968,2,37,19680625,1800,,TS,37.3N,46.3W,50,,,,,,,,,,,,,
AL,BRENDA,1968,2,37,19680626,0,,TS,37.8N,43.5W,45,,,,,,,,,,,,,
AL,BRENDA,1968,2,37,19680626,600,,TD,38.4N,40.7W,30,,,,,,,,,,,,,
AL,BRENDA,1968,2,37,19680626,1200,,TD,39.0N,38.0W,30,,,,,,,,,,,,,
AL,CANDY,1968,3,15,19680622,1800,,TD,20.0N,96.0W,25,,,,,,,,,,,,,
AL,CANDY,1968,3,15,19680623,0,,TD,21.5N,96.0W,30,,,,,,,,,,,,,
AL,CANDY,1968,3,15,19680623,600,,TD,23.1N,96.0W,30,,,,,,,,,,,,,
AL,CANDY,1968,3,15,19680623,1200,,TD,24.8N,96.1W,30,,,,,,,,,,,,,
AL,CANDY,1968,3,15,19680623,1800,,TS,26.4N,96.6W,45,1001,,,,,,,,,,,,
AL,CANDY,1968,3,15,19680624,0,,TS,28.3N,97.2W,60,999,,,,,,,,,,,,
AL,CANDY,1968,3,15,19680624,600,,TD,30.1N,97.8W,30,,,,,,,,,,,,,
AL,CANDY,1968,3,15,19680624,1200,,TD,32.1N,97.8W,25,,,,,,,,,,,,,
AL,CANDY,1968,3,15,19680624,1800,,TD,34.1N,96.9W,25,,,,,,,,,,,,,
AL,CANDY,1968,3,15,19680625,0,,TD,35.9N,95.5W,25,,,,,,,,,,,,,
AL,CANDY,1968,3,15,19680625,600,,TD,38.2N,93.0W,25,,,,,,,,,,,,,
AL,CANDY,1968,3,15,19680625,1200,,TD,40.0N,90.0W,25,,,,,,,,,,,,,
AL,CANDY,1968,3,15,19680625,1800,,TD,41.0N,86.8W,25,,,,,,,,,,,,,
AL,CANDY,1968,3,15,19680626,0,,EX,41.7N,83.6W,25,,,,,,,,,,,,,
AL,CANDY,1968,3,15,19680626,600,,EX,42.0N,80.0W,25,,,,,,,,,,,,,
AL,UNNAMED,1968,4,5,19680704,0,,TD,27.9N,88.8W,25,,,,,,,,,,,,,
AL,UNNAMED,1968,4,5,19680704,600,,TD,28.1N,87.9W,25,,,,,,,,,,,,,
AL,UNNAMED,1968,4,5,19680704,1200,,TD,28.8N,87.0W,25,,,,,,,,,,,,,
AL,UNNAMED,1968,4,5,19680704,1800,,TD,29.2N,86.0W,25,,,,,,,,,,,,,
AL,UNNAMED,1968,4,5,19680705,0,,TD,29.5N,85.0W,25,,,,,,,,,,,,,
AL,DOLLY,1968,5,29,19680810,0,,TD,25.0N,79.0W,25,1013,,,,,,,,,,,,
AL,DOLLY,1968,5,29,19680810,600,,TD,25.9N,80.0W,25,,,,,,,,,,,,,
AL,DOLLY,1968,5,29,19680810,1200,,TD,27.0N,80.5W,25,1012,,,,,,,,,,,,
AL,DOLLY,1968,5,29,19680810,1800,,TD,28.2N,80.6W,25,,,,,,,,,,,,,
AL,DOLLY,1968,5,29,19680811,0,,TD,29.4N,80.4W,25,1011,,,,,,,,,,,,
AL,DOLLY,1968,5,29,19680811,600,,TD,30.6N,79.9W,25,,,,,,,,,,,,,
AL,DOLLY,1968,5,29,19680811,1200,,TD,31.8N,78.8W,30,,,,,,,,,,,,,
AL,DOLLY,1968,5,29,19680811,1800,,TD,32.9N,77.1W,30,,,,,,,,,,,,,
AL,DOLLY,1968,5,29,19680812,0,,TD,33.8N,75.2W,30,1005,,,,,,,,,,,,
AL,DOLLY,1968,5,29,19680812,600,,TD,34.4N,73.3W,30,,,,,,,,,,,,,
AL,DOLLY,1968,5,29,19680812,1200,,TS,35.0N,71.3W,45,994,,,,,,,,,,,,
AL,DOLLY,1968,5,29,19680812,1800,,TS,35.7N,69.0W,50,,,,,,,,,,,,,
AL,DOLLY,1968,5,29,19680813,0,,HU,36.4N,66.6W,65,985,,,,,,,,,,,,
AL,DOLLY,1968,5,29,19680813,600,,HU,37.0N,64.1W,65,,,,,,,,,,,,,
AL,DOLLY,1968,5,29,19680813,1200,,HU,37.6N,62.0W,65,1001,,,,,,,,,,,,
AL,DOLLY,1968,5,29,19680813,1800,,TS,38.2N,59.9W,45,,,,,,,,,,,,,
AL,DOLLY,1968,5,29,19680814,0,,TS,38.8N,57.5W,55,999,,,,,,,,,,,,
AL,DOLLY,1968,5,29,19680814,600,,TS,39.3N,54.4W,60,,,,,,,,,,,,,
AL,DOLLY,1968,5,29,19680814,1200,,HU,39.8N,51.3W,70,992,,,,,,,,,,,,
AL,DOLLY,1968,5,29,19680814,1800,,HU,40.2N,48.8W,65,,,,,,,,,,,,,
AL,DOLLY,1968,5,29,19680815,0,,HU,40.6N,46.0W,65,,,,,,,,,,,,,
AL,DOLLY,1968,5,29,19680815,600,,HU,40.7N,43.8W,65,,,,,,,,,,,,,
AL,DOLLY,1968,5,29,19680815,1200,,HU,40.8N,41.2W,65,999,,,,,,,,,,,,
AL,DOLLY,1968,5,29,19680815,1800,,HU,40.9N,38.9W,65,,,,,,,,,,,,,
AL,DOLLY,1968,5,29,19680816,0,,HU,41.3N,36.3W,65,1006,,,,,,,,,,,,
AL,DOLLY,1968,5,29,19680816,600,,HU,42.0N,34.0W,65,,,,,,,,,,,,,
AL,DOLLY,1968,5,29,19680816,1200,,TD,42.6N,31.6W,30,,,,,,,,,,,,,
AL,DOLLY,1968,5,29,19680816,1800,,TD,42.8N,29.5W,30,1011,,,,,,,,,,,,
AL,DOLLY,1968,5,29,19680817,0,,TD,42.8N,26.5W,30,,,,,,,,,,,,,
AL,UNNAMED,1968,6,25,19680826,0,,TD,26.0N,87.5W,25,,,,,,,,,,,,,
AL,UNNAMED,1968,6,25,19680826,600,,TD,26.1N,87.0W,25,,,,,,,,,,,,,
AL,UNNAMED,1968,6,25,19680826,1200,,TD,26.6N,86.5W,25,,,,,,,,,,,,,
AL,UNNAMED,1968,6,25,19680826,1800,,TD,27.1N,85.9W,25,,,,,,,,,,,,,
AL,UNNAMED,1968,6,25,19680827,0,,TD,27.4N,85.1W,25,,,,,,,,,,,,,
AL,UNNAMED,1968,6,25,19680827,600,,TD,27.8N,84.6W,25,,,,,,,,,,,,,
AL,UNNAMED,1968,6,25,19680827,1200,,TD,28.1N,84.0W,25,,,,,,,,,,,,,
AL,UNNAMED,1968,6,25,19680827,1800,,TD,28.9N,83.5W,25,,,,,,,,,,,,,
AL,UNNAMED,1968,6,25,19680828,0,,TD,29.1N,83.0W,25,,,,,,,,,,,,,
AL,UNNAMED,1968,6,25,19680828,600,,TD,28.9N,82.9W,25,,,,,,,,,,,,,
AL,UNNAMED,1968,6,25,19680828,1200,,TD,28.0N,82.8W,25,,,,,,,,,,,,,
AL,UNNAMED,1968,6,25,19680828,1800,,TD,27.5N,82.7W,25,,,,,,,,,,,,,
AL,UNNAMED,1968,6,25,19680829,0,,TD,27.1N,82.5W,25,,,,,,,,,,,,,
AL,UNNAMED,1968,6,25,19680829,600,,TD,27.2N,82.4W,25,,,,,,,,,,,,,
AL,UNNAMED,1968,6,25,19680829,1200,,TD,27.5N,82.3W,25,,,,,,,,,,,,,
AL,UNNAMED,1968,6,25,19680829,1800,,TD,27.8N,82.1W,25,,,,,,,,,,,,,
AL,UNNAMED,1968,6,25,19680830,0,,TD,28.0N,82.0W,25,,,,,,,,,,,,,
AL,UNNAMED,1968,6,25,19680830,600,,TD,28.2N,82.0W,25,,,,,,,,,,,,,
AL,UNNAMED,1968,6,25,19680830,1200,,TD,28.3N,82.0W,25,,,,,,,,,,,,,
AL,UNNAMED,1968,6,25,19680830,1800,,TD,28.9N,82.0W,25,,,,,,,,,,,,,
AL,UNNAMED,1968,6,25,19680831,0,,TD,29.1N,81.8W,25,,,,,,,,,,,,,
AL,UNNAMED,1968,6,25,19680831,600,,TD,29.5N,81.8W,25,,,,,,,,,,,,,
AL,UNNAMED,1968,6,25,19680831,1200,,TD,30.1N,81.7W,25,,,,,,,,,,,,,
AL,UNNAMED,1968,6,25,19680831,1800,,TD,30.5N,81.1W,25,,,,,,,,,,,,,
AL,UNNAMED,1968,6,25,19680901,0,,TD,31.0N,81.0W,25,,,,,,,,,,,,,
AL,UNNAMED,1968,7,15,19680907,0,,TD,8.1N,36.5W,25,,,,,,,,,,,,,
AL,UNNAMED,1968,7,15,19680907,600,,TD,8.1N,37.9W,25,,,,,,,,,,,,,
AL,UNNAMED,1968,7,15,19680907,1200,,TD,8.1N,39.0W,25,,,,,,,,,,,,,
AL,UNNAMED,1968,7,15,19680907,1800,,TD,8.1N,40.1W,30,,,,,,,,,,,,,
AL,UNNAMED,1968,7,15,19680908,0,,TD,8.2N,41.1W,30,,,,,,,,,,,,,
AL,UNNAMED,1968,7,15,19680908,600,,TD,8.2N,42.9W,30,,,,,,,,,,,,,
AL,UNNAMED,1968,7,15,19680908,1200,,TD,8.3N,44.0W,30,,,,,,,,,,,,,
AL,UNNAMED,1968,7,15,19680908,1800,,TD,8.5N,45.5W,30,,,,,,,,,,,,,
AL,UNNAMED,1968,7,15,19680909,0,,TD,8.8N,46.9W,30,,,,,,,,,,,,,
AL,UNNAMED,1968,7,15,19680909,600,,TD,8.9N,48.1W,25,,,,,,,,,,,,,
AL,UNNAMED,1968,7,15,19680909,1200,,TD,8.0N,49.1W,25,,,,,,,,,,,,,
AL,UNNAMED,1968,7,15,19680909,1800,,TD,9.0N,50.2W,25,,,,,,,,,,,,,
AL,UNNAMED,1968,7,15,19680910,0,,TD,9.1N,52.0W,25,,,,,,,,,,,,,
AL,UNNAMED,1968,7,15,19680910,600,,TD,9.5N,53.2W,25,,,,,,,,,,,,,
AL,UNNAMED,1968,7,15,19680910,1200,,TD,9.9N,54.5W,25,,,,,,,,,,,,,
AL,EDNA,1968,8,31,19680911,1800,,TD,12.7N,21.1W,25,,,,,,,,,,,,,
AL,EDNA,1968,8,31,19680912,0,,TD,13.0N,22.3W,25,,,,,,,,,,,,,
AL,EDNA,1968,8,31,19680912,600,,TD,13.4N,23.8W,25,,,,,,,,,,,,,
AL,EDNA,1968,8,31,19680912,1200,,TD,13.7N,25.2W,30,,,,,,,,,,,,,
AL,EDNA,1968,8,31,19680912,1800,,TD,13.9N,26.3W,30,,,,,,,,,,,,,
AL,EDNA,1968,8,31,19680913,0,,TD,14.0N,27.2W,30,,,,,,,,,,,,,
AL,EDNA,1968,8,31,19680913,600,,TD,14.2N,28.3W,30,,,,,,,,,,,,,
AL,EDNA,1968,8,31,19680913,1200,,TD,14.3N,29.2W,30,,,,,,,,,,,,,
AL,EDNA,1968,8,31,19680913,1800,,TD,14.5N,30.0W,30,,,,,,,,,,,,,
AL,EDNA,1968,8,31,19680914,0,,TD,14.8N,30.9W,30,,,,,,,,,,,,,
AL,EDNA,1968,8,31,19680914,600,,TD,15.0N,31.8W,30,,,,,,,,,,,,,
AL,EDNA,1968,8,31,19680914,1200,,TD,15.3N,32.9W,30,,,,,,,,,,,,,
AL,EDNA,1968,8,31,19680914,1800,,TD,15.6N,34.0W,30,,,,,,,,,,,,,
AL,EDNA,1968,8,31,19680915,0,,TS,15.8N,34.9W,50,1005,,,,,,,,,,,,
AL,EDNA,1968,8,31,19680915,600,,TS,16.0N,35.8W,55,,,,,,,,,,,,,
AL,EDNA,1968,8,31,19680915,1200,,TS,16.2N,36.7W,55,,,,,,,,,,,,,
AL,EDNA,1968,8,31,19680915,1800,,TS,16.4N,37.7W,55,,,,,,,,,,,,,
AL,EDNA,1968,8,31,19680916,0,,TS,16.4N,38.6W,55,,,,,,,,,,,,,
AL,EDNA,1968,8,31,19680916,600,,TS,16.5N,39.5W,55,,,,,,,,,,,,,
AL,EDNA,1968,8,31,19680916,1200,,TS,16.5N,40.7W,55,,,,,,,,,,,,,
AL,EDNA,1968,8,31,19680916,1800,,TS,16.6N,41.7W,55,,,,,,,,,,,,,
AL,EDNA,1968,8,31,19680917,0,,TS,16.7N,42.8W,55,,,,,,,,,,,,,
AL,EDNA,1968,8,31,19680917,600,,TS,16.8N,43.9W,55,,,,,,,,,,,,,
AL,EDNA,1968,8,31,19680917,1200,,TS,16.9N,45.0W,50,,,,,,,,,,,,,
AL,EDNA,1968,8,31,19680917,1800,,TS,17.0N,46.2W,40,,,,,,,,,,,,,
AL,EDNA,1968,8,31,19680918,0,,TS,17.1N,47.7W,40,,,,,,,,,,,,,
AL,EDNA,1968,8,31,19680918,600,,TS,17.2N,49.2W,35,,,,,,,,,,,,,
AL,EDNA,1968,8,31,19680918,1200,,TD,17.3N,51.1W,30,1013,,,,,,,,,,,,
AL,EDNA,1968,8,31,19680918,1800,,TD,17.4N,52.7W,25,,,,,,,,,,,,,
AL,EDNA,1968,8,31,19680919,0,,TD,17.6N,54.3W,25,,,,,,,,,,,,,
AL,EDNA,1968,8,31,19680919,600,,TD,17.8N,55.8W,25,,,,,,,,,,,,,
AL,UNNAMED,1968,9,38,19680914,1200,,SD,31.5N,73.0W,20,1012,,,,,,,,,,,,
AL,UNNAMED,1968,9,38,19680914,1800,,SD,31.8N,72.1W,20,,,,,,,,,,,,,
AL,UNNAMED,1968,9,38,19680915,0,,SD,32.1N,71.0W,20,1009,,,,,,,,,,,,
AL,UNNAMED,1968,9,38,19680915,600,,SD,32.5N,69.8W,25,,,,,,,,,,,,,
AL,UNNAMED,1968,9,38,19680915,1200,,SD,33.0N,68.5W,25,1009,,,,,,,,,,,,
AL,UNNAMED,1968,9,38,19680915,1800,,SD,33.1N,67.6W,30,,,,,,,,,,,,,
AL,UNNAMED,1968,9,38,19680916,0,,SD,33.5N,67.0W,30,1006,,,,,,,,,,,,
AL,UNNAMED,1968,9,38,19680916,600,,SS,34.8N,67.6W,35,,,,,,,,,,,,,
AL,UNNAMED,1968,9,38,19680916,1200,,SS,36.0N,68.0W,40,1003,,,,,,,,,,,,
AL,UNNAMED,1968,9,38,19680916,1800,,SS,37.3N,66.5W,45,,,,,,,,,,,,,
AL,UNNAMED,1968,9,38,19680917,0,,SS,38.5N,65.0W,50,997,,,,,,,,,,,,
AL,UNNAMED,1968,9,38,19680917,600,,SS,39.1N,63.9W,50,,,,,,,,,,,,,
AL,UNNAMED,1968,9,38,19680917,1200,,SS,39.0N,63.0W,50,995,,,,,,,,,,,,
AL,UNNAMED,1968,9,38,19680917,1800,,SS,38.8N,62.5W,55,,,,,,,,,,,,,
AL,UNNAMED,1968,9,38,19680918,0,,SS,38.5N,62.0W,60,993,,,,,,,,,,,,
AL,UNNAMED,1968,9,38,19680918,600,,SS,38.3N,61.5W,60,,,,,,,,,,,,,
AL,UNNAMED,1968,9,38,19680918,1200,,SS,38.0N,61.0W,60,993,,,,,,,,,,,,
AL,UNNAMED,1968,9,38,19680918,1800,,SS,37.8N,60.5W,60,,,,,,,,,,,,,
AL,UNNAMED,1968,9,38,19680919,0,,SS,37.5N,60.0W,60,993,,,,,,,,,,,,
AL,UNNAMED,1968,9,38,19680919,600,,SS,37.3N,59.5W,60,,,,,,,,,,,,,
AL,UNNAMED,1968,9,38,19680919,1200,,SS,37.0N,59.0W,60,990,,,,,,,,,,,,
AL,UNNAMED,1968,9,38,19680919,1800,,SS,36.3N,57.9W,60,,,,,,,,,,,,,
AL,UNNAMED,1968,9,38,19680920,0,,SS,35.5N,56.0W,60,987,,,,,,,,,,,,
AL,UNNAMED,1968,9,38,19680920,600,,SS,35.2N,52.6W,65,,,,,,,,,,,,,
AL,UNNAMED,1968,9,38,19680920,1200,,SS,35.5N,49.0W,65,985,,,,,,,,,,,,
AL,UNNAMED,1968,9,38,19680920,1800,,SS,37.6N,46.5W,70,,,,,,,,,,,,,
AL,UNNAMED,1968,9,38,19680921,0,,SS,39.5N,45.0W,70,979,,,,,,,,,,,,
AL,UNNAMED,1968,9,38,19680921,600,,SS,39.9N,44.3W,70,,,,,,,,,,,,,
AL,UNNAMED,1968,9,38,19680921,1200,,SS,40.3N,43.7W,65,982,,,,,,,,,,,,
AL,UNNAMED,1968,9,38,19680921,1800,,SS,40.6N,43.1W,65,,,,,,,,,,,,,
AL,UNNAMED,1968,9,38,19680922,0,,SS,41.0N,42.5W,60,984,,,,,,,,,,,,
AL,UNNAMED,1968,9,38,19680922,600,,SS,41.5N,41.6W,60,,,,,,,,,,,,,
AL,UNNAMED,1968,9,38,19680922,1200,,SS,42.0N,40.5W,60,986,,,,,,,,,,,,
AL,UNNAMED,1968,9,38,19680922,1800,,SS,42.2N,39.2W,55,,,,,,,,,,,,,
AL,UNNAMED,1968,9,38,19680923,0,,SS,42.3N,38.0W,55,992,,,,,,,,,,,,
AL,UNNAMED,1968,9,38,19680923,600,,SS,42.4N,36.9W,50,,,,,,,,,,,,,
AL,UNNAMED,1968,9,38,19680923,1200,,EX,42.5N,36.0W,45,995,,,,,,,,,,,,
AL,UNNAMED,1968,9,38,19680923,1800,,EX,42.5N,35.0W,40,997,,,,,,,,,,,,
AL,UNNAMED,1968,10,19,19680917,0,,TD,12.0N,23.9W,25,,,,,,,,,,,,,
AL,UNNAMED,1968,10,19,19680917,600,,TD,12.1N,24.5W,25,,,,,,,,,,,,,
AL,UNNAMED,1968,10,19,19680917,1200,,TD,12.2N,25.2W,25,,,,,,,,,,,,,
AL,UNNAMED,1968,10,19,19680917,1800,,TD,12.4N,26.5W,25,,,,,,,,,,,,,
AL,UNNAMED,1968,10,19,19680918,0,,TD,12.9N,28.1W,25,,,,,,,,,,,,,
AL,UNNAMED,1968,10,19,19680918,600,,TD,13.0N,28.5W,25,,,,,,,,,,,,,
AL,UNNAMED,1968,10,19,19680918,1200,,TD,13.1N,29.6W,25,,,,,,,,,,,,,
AL,UNNAMED,1968,10,19,19680918,1800,,TD,13.3N,30.3W,25,,,,,,,,,,,,,
AL,UNNAMED,1968,10,19,19680919,0,,TD,13.8N,31.2W,25,,,,,,,,,,,,,
AL,UNNAMED,1968,10,19,19680919,600,,TD,14.2N,32.9W,25,,,,,,,,,,,,,
AL,UNNAMED,1968,10,19,19680919,1200,,TD,14.9N,33.9W,25,,,,,,,,,,,,,
AL,UNNAMED,1968,10,19,19680919,1800,,TD,15.4N,34.8W,25,,,,,,,,,,,,,
AL,UNNAMED,1968,10,19,19680920,0,,TD,16.1N,35.3W,25,,,,,,,,,,,,,
AL,UNNAMED,1968,10,19,19680920,600,,TD,16.8N,36.8W,25,,,,,,,,,,,,,
AL,UNNAMED,1968,10,19,19680920,1200,,TD,17.1N,38.0W,25,,,,,,,,,,,,,
AL,UNNAMED,1968,10,19,19680920,1800,,TD,18.0N,39.1W,25,,,,,,,,,,,,,
AL,UNNAMED,1968,10,19,19680921,0,,TD,19.0N,40.4W,25,,,,,,,,,,,,,
AL,UNNAMED,1968,10,19,19680921,600,,TD,20.0N,41.4W,25,,,,,,,,,,,,,
AL,UNNAMED,1968,10,19,19680921,1200,,TD,21.0N,42.2W,25,,,,,,,,,,,,,
AL,UNNAMED,1968,11,11,19680923,0,,TD,7.9N,43.1W,25,,,,,,,,,,,,,
AL,UNNAMED,1968,11,11,19680923,600,,TD,8.0N,45.0W,25,,,,,,,,,,,,,
AL,UNNAMED,1968,11,11,19680923,1200,,TD,8.1N,47.1W,25,,,,,,,,,,,,,
AL,UNNAMED,1968,11,11,19680923,1800,,TD,8.2N,49.1W,25,,,,,,,,,,,,,
AL,UNNAMED,1968,11,11,19680924,0,,TD,8.9N,51.0W,30,,,,,,,,,,,,,
AL,UNNAMED,1968,11,11,19680924,600,,TD,9.5N,53.1W,30,,,,,,,,,,,,,
AL,UNNAMED,1968,11,11,19680924,1200,,TD,11.0N,55.0W,30,,,,,,,,,,,,,
AL,UNNAMED,1968,11,11,19680924,1800,,TD,12.0N,56.0W,25,,,,,,,,,,,,,
AL,UNNAMED,1968,11,11,19680925,0,,TD,12.5N,58.1W,25,,,,,,,,,,,,,
AL,UNNAMED,1968,11,11,19680925,600,,TD,12.9N,60.0W,25,,,,,,,,,,,,,
AL,UNNAMED,1968,11,11,19680925,1200,,TD,13.1N,61.9W,25,,,,,,,,,,,,,
AL,FRANCES,1968,12,30,19680923,1200,,TD,26.0N,74.0W,25,,,,,,,,,,,,,
AL,FRANCES,1968,12,30,19680923,1800,,TD,26.7N,74.2W,25,,,,,,,,,,,,,
AL,FRANCES,1968,12,30,19680924,0,,TD,27.3N,74.4W,25,,,,,,,,,,,,,
AL,FRANCES,1968,12,30,19680924,600,,TD,28.0N,74.4W,25,,,,,,,,,,,,,
AL,FRANCES,1968,12,30,19680924,1200,,TD,28.7N,74.3W,30,,,,,,,,,,,,,
AL,FRANCES,1968,12,30,19680924,1800,,TD,29.4N,74.1W,30,1012,,,,,,,,,,,,
AL,FRANCES,1968,12,30,19680925,0,,TD,30.1N,73.4W,30,,,,,,,,,,,,,
AL,FRANCES,1968,12,30,19680925,600,,TD,30.8N,72.6W,30,,,,,,,,,,,,,
AL,FRANCES,1968,12,30,19680925,1200,,TD,31.3N,71.7W,30,1012,,,,,,,,,,,,
AL,FRANCES,1968,12,30,19680925,1800,,TD,31.9N,70.7W,30,,,,,,,,,,,,,
AL,FRANCES,1968,12,30,19680926,0,,TD,32.3N,69.9W,30,,,,,,,,,,,,,
AL,FRANCES,1968,12,30,19680926,600,,TD,32.7N,69.2W,30,,,,,,,,,,,,,
AL,FRANCES,1968,12,30,19680926,1200,,TD,32.9N,68.8W,30,,,,,,,,,,,,,
AL,FRANCES,1968,12,30,19680926,1800,,TS,33.2N,68.2W,45,1003,,,,,,,,,,,,
AL,FRANCES,1968,12,30,19680927,0,,TS,33.5N,67.7W,45,,,,,,,,,,,,,
AL,FRANCES,1968,12,30,19680927,600,,TS,33.8N,67.1W,45,,,,,,,,,,,,,
AL,FRANCES,1968,12,30,19680927,1200,,TS,34.2N,66.2W,50,,,,,,,,,,,,,
AL,FRANCES,1968,12,30,19680927,1800,,TS,34.3N,65.3W,50,1001,,,,,,,,,,,,
AL,FRANCES,1968,12,30,19680928,0,,TS,34.7N,63.7W,50,,,,,,,,,,,,,
AL,FRANCES,1968,12,30,19680928,600,,TS,34.9N,61.9W,45,,,,,,,,,,,,,
AL,FRANCES,1968,12,30,19680928,1200,,TS,35.0N,59.8W,45,,,,,,,,,,,,,
AL,FRANCES,1968,12,30,19680928,1800,,TS,35.3N,57.8W,40,1003,,,,,,,,,,,,
AL,FRANCES,1968,12,30,19680929,0,,TS,35.4N,55.7W,40,,,,,,,,,,,,,
AL,FRANCES,1968,12,30,19680929,600,,TD,35.5N,53.5W,30,1007,,,,,,,,,,,,
AL,FRANCES,1968,12,30,19680929,1200,,EX,35.4N,50.7W,30,,,,,,,,,,,,,
AL,FRANCES,1968,12,30,19680929,1800,,EX,35.3N,48.1W,30,,,,,,,,,,,,,
AL,FRANCES,1968,12,30,19680930,0,,EX,35.7N,45.2W,30,,,,,,,,,,,,,
AL,FRANCES,1968,12,30,19680930,600,,EX,36.2N,42.3W,30,,,,,,,,,,,,,
AL,FRANCES,1968,12,30,19680930,1200,,EX,36.8N,39.5W,30,,,,,,,,,,,,,
AL,FRANCES,1968,12,30,19680930,1800,,EX,37.5N,36.5W,30,,,,,,,,,,,,,
AL,UNNAMED,1968,13,18,19680925,0,,TD,18.5N,85.0W,-99,,,,,,,,,,,,,
AL,UNNAMED,1968,13,18,19680925,600,,TD,19.9N,84.9W,-99,,,,,,,,,,,,,
AL,UNNAMED,1968,13,18,19680925,1200,,TD,21.0N,84.3W,-99,,,,,,,,,,,,,
AL,UNNAMED,1968,13,18,19680925,1800,,TD,22.0N,84.2W,-99,,,,,,,,,,,,,
AL,UNNAMED,1968,13,18,19680926,0,,TD,22.9N,84.1W,-99,,,,,,,,,,,,,
AL,UNNAMED,1968,13,18,19680926,600,,TD,24.1N,83.0W,-99,,,,,,,,,,,,,
AL,UNNAMED,1968,13,18,19680926,1200,,TD,25.0N,82.1W,-99,,,,,,,,,,,,,
AL,UNNAMED,1968,13,18,19680926,1800,,TD,25.5N,81.3W,-99,,,,,,,,,,,,,
AL,UNNAMED,1968,13,18,19680927,0,,TD,26.0N,80.1W,-99,,,,,,,,,,,,,
AL,UNNAMED,1968,13,18,19680927,600,,TD,26.3N,79.8W,-99,,,,,,,,,,,,,
AL,UNNAMED,1968,13,18,19680927,1200,,TD,26.9N,79.0W,-99,,,,,,,,,,,,,
AL,UNNAMED,1968,13,18,19680927,1800,,TD,27.1N,78.5W,-99,,,,,,,,,,,,,
AL,UNNAMED,1968,13,18,19680928,0,,TD,27.4N,77.1W,-99,,,,,,,,,,,,,
AL,UNNAMED,1968,13,18,19680928,600,,TD,27.5N,76.5W,-99,,,,,,,,,,,,,
AL,UNNAMED,1968,13,18,19680928,1200,,TD,27.6N,75.4W,-99,,,,,,,,,,,,,
AL,UNNAMED,1968,13,18,19680928,1800,,TD,27.8N,75.0W,-99,,,,,,,,,,,,,
AL,UNNAMED,1968,13,18,19680929,0,,TD,27.9N,73.9W,-99,,,,,,,,,,,,,
AL,UNNAMED,1968,13,18,19680929,600,,TD,27.9N,72.1W,-99,,,,,,,,,,,,,
AL,GLADYS,1968,14,34,19681013,1200,,TD,14.0N,80.5W,25,,,,,,,,,,,,,
AL,GLADYS,1968,14,34,19681013,1800,,TD,14.6N,80.9W,25,,,,,,,,,,,,,
AL,GLADYS,1968,14,34,19681014,0,,TD,15.4N,81.4W,25,,,,,,,,,,,,,
AL,GLADYS,1968,14,34,19681014,600,,TD,16.1N,81.7W,25,,,,,,,,,,,,,
AL,GLADYS,1968,14,34,19681014,1200,,TD,16.8N,82.0W,25,,,,,,,,,,,,,
AL,GLADYS,1968,14,34,19681014,1800,,TD,17.5N,82.4W,30,,,,,,,,,,,,,
AL,GLADYS,1968,14,34,19681015,0,,TD,18.3N,82.7W,30,1003,,,,,,,,,,,,
AL,GLADYS,1968,14,34,19681015,600,,TD,18.9N,83.0W,30,,,,,,,,,,,,,
AL,GLADYS,1968,14,34,19681015,1200,,TS,19.4N,83.3W,45,999,,,,,,,,,,,,
AL,GLADYS,1968,14,34,19681015,1800,,TS,19.9N,83.4W,50,994,,,,,,,,,,,,
AL,GLADYS,1968,14,34,19681016,0,,TS,20.5N,83.5W,50,,,,,,,,,,,,,
AL,GLADYS,1968,14,34,19681016,600,,TS,21.1N,83.6W,55,,,,,,,,,,,,,
AL,GLADYS,1968,14,34,19681016,1200,,HU,21.7N,83.5W,65,996,,,,,,,,,,,,
AL,GLADYS,1968,14,34,19681016,1800,,HU,23.0N,83.3W,65,,,,,,,,,,,,,
AL,GLADYS,1968,14,34,19681017,0,,HU,24.3N,83.3W,65,990,,,,,,,,,,,,
AL,GLADYS,1968,14,34,19681017,600,,HU,25.1N,83.7W,65,,,,,,,,,,,,,
AL,GLADYS,1968,14,34,19681017,1200,,HU,25.8N,84.0W,65,986,,,,,,,,,,,,
AL,GLADYS,1968,14,34,19681017,1800,,HU,26.3N,84.1W,65,986,,,,,,,,,,,,
AL,GLADYS,1968,14,34,19681018,0,,HU,26.7N,84.2W,65,990,,,,,,,,,,,,
AL,GLADYS,1968,14,34,19681018,600,,HU,27.0N,84.2W,65,,,,,,,,,,,,,
AL,GLADYS,1968,14,34,19681018,1200,,HU,27.4N,84.1W,70,980,,,,,,,,,,,,
AL,GLADYS,1968,14,34,19681018,1800,,HU,27.8N,83.7W,70,,,,,,,,,,,,,
AL,GLADYS,1968,14,34,19681019,0,,HU,28.3N,83.1W,70,977,,,,,,,,,,,,
AL,GLADYS,1968,14,34,19681019,600,,HU,28.9N,82.5W,70,978,,,,,,,,,,,,
AL,GLADYS,1968,14,34,19681019,1200,,HU,30.0N,81.0W,70,965,,,,,,,,,,,,
AL,GLADYS,1968,14,34,19681019,1800,,HU,31.3N,79.7W,75,966,,,,,,,,,,,,
AL,GLADYS,1968,14,34,19681020,0,,HU,32.9N,78.2W,75,,,,,,,,,,,,,
AL,GLADYS,1968,14,34,19681020,600,,HU,34.3N,76.6W,70,985,,,,,,,,,,,,
AL,GLADYS,1968,14,34,19681020,1200,,HU,35.5N,74.6W,70,983,,,,,,,,,,,,
AL,GLADYS,1968,14,34,19681020,1800,,HU,37.0N,72.0W,70,981,,,,,,,,,,,,
AL,GLADYS,1968,14,34,19681021,0,,HU,38.6N,68.3W,65,,,,,,,,,,,,,
AL,GLADYS,1968,14,34,19681021,600,,HU,40.7N,64.9W,65,,,,,,,,,,,,,
AL,GLADYS,1968,14,34,19681021,1200,,EX,43.9N,62.9W,65,975,,,,,,,,,,,,
AL,GLADYS,1968,14,34,19681021,1800,,EX,46.0N,61.0W,50,,,,,,,,,,,,,
AL,UNNAMED,1968,15,5,19681124,1200,,TD,22.1N,72.8W,25,,,,,,,,,,,,,
AL,UNNAMED,1968,15,5,19681124,1800,,TD,24.5N,72.0W,25,,,,,,,,,,,,,
AL,UNNAMED,1968,15,5,19681125,0,,TD,26.1N,71.0W,25,,,,,,,,,,,,,
AL,UNNAMED,1968,15,5,19681125,600,,TD,28.0N,69.2W,25,,,,,,,,,,,,,
AL,UNNAMED,1968,15,5,19681125,1200,,TD,29.8N,67.5W,25,,,,,,,,,,,,,
AL,UNNAMED,1969,1,17,19690529,0,,TD,12.0N,82.0W,25,,,,,,,,,,,,,
AL,UNNAMED,1969,1,17,19690529,600,,TD,12.5N,82.1W,25,,,,,,,,,,,,,
AL,UNNAMED,1969,1,17,19690529,1200,,TD,13.2N,82.2W,25,,,,,,,,,,,,,
AL,UNNAMED,1969,1,17,19690529,1800,,TD,14.1N,82.6W,25,,,,,,,,,,,,,
AL,UNNAMED,1969,1,17,19690530,0,,TD,15.0N,82.8W,25,,,,,,,,,,,,,
AL,UNNAMED,1969,1,17,19690530,600,,TD,16.0N,82.8W,25,,,,,,,,,,,,,
AL,UNNAMED,1969,1,17,19690530,1200,,TD,17.0N,82.9W,25,,,,,,,,,,,,,
AL,UNNAMED,1969,1,17,19690530,1800,,TD,18.0N,82.9W,25,,,,,,,,,,,,,
AL,UNNAMED,1969,1,17,19690531,0,,TD,19.0N,82.7W,25,,,,,,,,,,,,,
AL,UNNAMED,1969,1,17,19690531,600,,TD,19.2N,82.6W,25,,,,,,,,,,,,,
AL,UNNAMED,1969,1,17,19690531,1200,,TD,20.0N,82.5W,25,,,,,,,,,,,,,
AL,UNNAMED,1969,1,17,19690531,1800,,TD,20.5N,82.4W,25,,,,,,,,,,,,,
AL,UNNAMED,1969,1,17,19690601,0,,TD,21.1N,82.1W,25,,,,,,,,,,,,,
AL,UNNAMED,1969,1,17,19690601,600,,TD,21.3N,82.0W,25,,,,,,,,,,,,,
AL,UNNAMED,1969,1,17,19690601,1200,,TD,21.7N,81.9W,25,,,,,,,,,,,,,
AL,UNNAMED,1969,1,17,19690601,1800,,TD,22.0N,81.8W,25,,,,,,,,,,,,,
AL,UNNAMED,1969,1,17,19690602,0,,TD,22.3N,81.8W,25,,,,,,,,,,,,,
AL,UNNAMED,1969,2,5,19690529,0,,TD,26.1N,77.8W,25,,,,,,,,,,,,,
AL,UNNAMED,1969,2,5,19690529,600,,TD,26.3N,76.8W,25,,,,,,,,,,,,,
AL,UNNAMED,1969,2,5,19690529,1200,,TD,27.0N,75.0W,25,,,,,,,,,,,,,
AL,UNNAMED,1969,2,5,19690529,1800,,TD,28.0N,73.0W,25,,,,,,,,,,,,,
AL,UNNAMED,1969,2,5,19690530,0,,TD,28.9N,71.0W,25,,,,,,,,,,,,,
AL,UNNAMED,1969,3,9,19690607,0,,TD,16.5N,81.9W,25,,,,,,,,,,,,,
AL,UNNAMED,1969,3,9,19690607,600,,TD,18.0N,82.1W,25,,,,,,,,,,,,,
AL,UNNAMED,1969,3,9,19690607,1200,,TD,19.0N,82.4W,25,,,,,,,,,,,,,
AL,UNNAMED,1969,3,9,19690607,1800,,TD,20.0N,82.5W,25,,,,,,,,,,,,,
AL,UNNAMED,1969,3,9,19690608,0,,TD,21.2N,82.4W,25,,,,,,,,,,,,,
AL,UNNAMED,1969,3,9,19690608,600,,TD,22.1N,82.2W,25,,,,,,,,,,,,,
AL,UNNAMED,1969,3,9,19690608,1200,,TD,23.1N,82.0W,25,,,,,,,,,,,,,
AL,UNNAMED,1969,3,9,19690608,1800,,TD,24.0N,81.8W,25,,,,,,,,,,,,,
AL,UNNAMED,1969,3,9,19690609,0,,TD,25.0N,81.7W,25,,,,,,,,,,,,,
AL,UNNAMED,1969,4,13,19690612,0,,TD,20.5N,85.9W,25,,,,,,,,,,,,,
AL,UNNAMED,1969,4,13,19690612,600,,TD,20.5N,86.1W,25,,,,,,,,,,,,,
AL,UNNAMED,1969,4,13,19690612,1200,,TD,20.6N,86.3W,25,,,,,,,,,,,,,
AL,UNNAMED,1969,4,13,19690612,1800,,TD,20.7N,86.8W,25,,,,,,,,,,,,,
AL,UNNAMED,1969,4,13,19690613,0,,TD,20.8N,87.0W,25,,,,,,,,,,,,,
AL,UNNAMED,1969,4,13,19690613,600,,TD,20.9N,87.2W,25,,,,,,,,,,,,,
AL,UNNAMED,1969,4,13,19690613,1200,,TD,21.0N,87.5W,25,,,,,,,,,,,,,
AL,UNNAMED,1969,4,13,19690613,1800,,TD,21.2N,87.8W,25,,,,,,,,,,,,,
AL,UNNAMED,1969,4,13,19690614,0,,TD,21.5N,88.1W,25,,,,,,,,,,,,,
AL,UNNAMED,1969,4,13,19690614,600,,TD,21.6N,88.3W,25,,,,,,,,,,,,,
AL,UNNAMED,1969,4,13,19690614,1200,,TD,21.7N,88.5W,25,,,,,,,,,,,,,
AL,UNNAMED,1969,4,13,19690614,1800,,TD,21.9N,89.1W,25,,,,,,,,,,,,,
AL,UNNAMED,1969,4,13,19690615,0,,TD,22.0N,89.5W,25,,,,,,,,,,,,,
AL,UNNAMED,1969,5,9,19690725,0,,TD,9.9N,55.1W,25,,,,,,,,,,,,,
AL,UNNAMED,1969,5,9,19690725,600,,TD,10.0N,56.1W,25,,,,,,,,,,,,,
AL,UNNAMED,1969,5,9,19690725,1200,,TD,11.5N,57.3W,30,,,,,,,,,,,,,
AL,UNNAMED,1969,5,9,19690725,1800,,TD,12.2N,58.3W,30,,,,,,,,,,,,,
AL,UNNAMED,1969,5,9,19690726,0,,TD,13.2N,59.6W,25,,,,,,,,,,,,,
AL,UNNAMED,1969,5,9,19690726,600,,TD,14.1N,60.1W,25,,,,,,,,,,,,,
AL,UNNAMED,1969,5,9,19690726,1200,,TD,14.8N,61.0W,25,,,,,,,,,,,,,
AL,UNNAMED,1969,5,9,19690726,1800,,TD,15.0N,61.6W,25,,,,,,,,,,,,,
AL,UNNAMED,1969,5,9,19690727,0,,TD,15.9N,62.2W,25,,,,,,,,,,,,,
AL,ANNA,1969,6,46,19690725,600,,TD,9.2N,27.0W,30,,,,,,,,,,,,,
AL,ANNA,1969,6,46,19690725,1200,,TD,9.0N,28.0W,30,,,,,,,,,,,,,
AL,ANNA,1969,6,46,19690725,1800,,TD,9.1N,29.3W,30,,,,,,,,,,,,,
AL,ANNA,1969,6,46,19690726,0,,TD,9.3N,30.2W,30,,,,,,,,,,,,,
AL,ANNA,1969,6,46,19690726,600,,TD,9.5N,31.5W,30,,,,,,,,,,,,,
AL,ANNA,1969,6,46,19690726,1200,,TD,10.0N,32.8W,30,,,,,,,,,,,,,
AL,ANNA,1969,6,46,19690726,1800,,TD,10.4N,34.0W,30,,,,,,,,,,,,,
AL,ANNA,1969,6,46,19690727,0,,TD,10.8N,35.0W,30,,,,,,,,,,,,,
AL,ANNA,1969,6,46,19690727,600,,TS,11.2N,36.0W,35,,,,,,,,,,,,,
AL,ANNA,1969,6,46,19690727,1200,,TS,11.4N,36.4W,35,,,,,,,,,,,,,
AL,ANNA,1969,6,46,19690727,1800,,TS,11.6N,37.0W,40,,,,,,,,,,,,,
AL,ANNA,1969,6,46,19690728,0,,TS,12.0N,38.0W,40,,,,,,,,,,,,,
AL,ANNA,1969,6,46,19690728,600,,TS,12.3N,39.2W,45,,,,,,,,,,,,,
AL,ANNA,1969,6,46,19690728,1200,,TS,12.7N,40.2W,50,,,,,,,,,,,,,
AL,ANNA,1969,6,46,19690728,1800,,TS,13.1N,41.3W,55,,,,,,,,,,,,,
AL,ANNA,1969,6,46,19690729,0,,TS,13.5N,42.5W,55,,,,,,,,,,,,,
AL,ANNA,1969,6,46,19690729,600,,TS,13.9N,43.9W,55,,,,,,,,,,,,,
AL,ANNA,1969,6,46,19690729,1200,,TS,14.0N,45.0W,55,,,,,,,,,,,,,
AL,ANNA,1969,6,46,19690729,1800,,TS,14.2N,46.0W,60,1003,,,,,,,,,,,,
AL,ANNA,1969,6,46,19690730,0,,TS,14.5N,47.6W,55,,,,,,,,,,,,,
AL,ANNA,1969,6,46,19690730,600,,TS,14.7N,49.7W,50,,,,,,,,,,,,,
AL,ANNA,1969,6,46,19690730,1200,,TS,15.1N,51.9W,45,1005,,,,,,,,,,,,
AL,ANNA,1969,6,46,19690730,1800,,TS,15.7N,53.7W,45,,,,,,,,,,,,,
AL,ANNA,1969,6,46,19690731,0,,TS,16.5N,55.8W,45,1004,,,,,,,,,,,,
AL,ANNA,1969,6,46,19690731,600,,TS,17.8N,58.1W,40,,,,,,,,,,,,,
AL,ANNA,1969,6,46,19690731,1200,,TS,19.1N,60.5W,35,,,,,,,,,,,,,
AL,ANNA,1969,6,46,19690731,1800,,TD,20.5N,62.7W,30,,,,,,,,,,,,,
AL,ANNA,1969,6,46,19690801,0,,TD,21.7N,65.3W,30,,,,,,,,,,,,,
AL,ANNA,1969,6,46,19690801,600,,TD,23.6N,67.0W,30,,,,,,,,,,,,,
AL,ANNA,1969,6,46,19690801,1200,,TD,25.2N,69.2W,30,,,,,,,,,,,,,
AL,ANNA,1969,6,46,19690801,1800,,TS,27.0N,71.5W,35,1008,,,,,,,,,,,,
AL,ANNA,1969,6,46,19690802,0,,TD,28.7N,73.2W,30,1014,,,,,,,,,,,,
AL,ANNA,1969,6,46,19690802,600,,TD,29.9N,74.1W,30,,,,,,,,,,,,,
AL,ANNA,1969,6,46,19690802,1200,,TD,31.2N,74.7W,30,1013,,,,,,,,,,,,
AL,ANNA,1969,6,46,19690802,1800,,TD,32.6N,74.5W,30,1008,,,,,,,,,,,,
AL,ANNA,1969,6,46,19690803,0,,TD,34.0N,74.0W,30,,,,,,,,,,,,,
AL,ANNA,1969,6,46,19690803,600,,TS,36.5N,72.5W,50,,,,,,,,,,,,,
AL,ANNA,1969,6,46,19690803,1200,,TS,39.0N,69.5W,50,,,,,,,,,,,,,
AL,ANNA,1969,6,46,19690803,1800,,TS,40.9N,65.6W,55,1002,,,,,,,,,,,,
AL,ANNA,1969,6,46,19690804,0,,EX,41.5N,61.8W,50,,,,,,,,,,,,,
AL,ANNA,1969,6,46,19690804,600,,EX,42.0N,57.5W,45,,,,,,,,,,,,,
AL,ANNA,1969,6,46,19690804,1200,,EX,42.5N,53.0W,45,,,,,,,,,,,,,
AL,ANNA,1969,6,46,19690804,1800,,EX,43.0N,47.0W,45,,,,,,,,,,,,,
AL,ANNA,1969,6,46,19690805,0,,EX,43.5N,42.0W,45,,,,,,,,,,,,,
AL,ANNA,1969,6,46,19690805,600,,EX,44.5N,37.0W,35,,,,,,,,,,,,,
AL,ANNA,1969,6,46,19690805,1200,,EX,45.5N,32.0W,35,,,,,,,,,,,,,
AL,BLANCHE,1969,7,10,19690811,0,,TD,28.1N,71.7W,30,,,,,,,,,,,,,
AL,BLANCHE,1969,7,10,19690811,600,,TD,30.2N,71.6W,30,,,,,,,,,,,,,
AL,BLANCHE,1969,7,10,19690811,1200,,TS,32.5N,71.1W,35,,,,,,,,,,,,,
AL,BLANCHE,1969,7,10,19690811,1800,,HU,35.5N,69.9W,75,997,,,,,,,,,,,,
AL,BLANCHE,1969,7,10,19690812,0,,HU,38.6N,68.0W,75,,,,,,,,,,,,,
AL,BLANCHE,1969,7,10,19690812,600,,HU,41.7N,65.0W,75,,,,,,,,,,,,,
AL,BLANCHE,1969,7,10,19690812,1200,,HU,44.3N,60.4W,65,998,,,,,,,,,,,,
AL,BLANCHE,1969,7,10,19690812,1800,,EX,46.0N,54.9W,60,,,,,,,,,,,,,
AL,BLANCHE,1969,7,10,19690813,0,,EX,47.1N,49.0W,50,,,,,,,,,,,,,
AL,BLANCHE,1969,7,10,19690813,600,,EX,48.0N,43.0W,40,,,,,,,,,,,,,
AL,DEBBIE,1969,8,45,19690814,1200,,TD,13.0N,35.5W,25,,,,,,,,,,,,,
AL,DEBBIE,1969,8,45,19690814,1800,,TD,13.3N,37.0W,25,,,,,,,,,,,,,
AL,DEBBIE,1969,8,45,19690815,0,,TD,13.5N,38.5W,30,,,,,,,,,,,,,
AL,DEBBIE,1969,8,45,19690815,600,,TD,13.8N,40.0W,30,,,,,,,,,,,,,
AL,DEBBIE,1969,8,45,19690815,1200,,TS,14.0N,41.5W,35,,,,,,,,,,,,,
AL,DEBBIE,1969,8,45,19690815,1800,,TS,14.3N,43.0W,40,,,,,,,,,,,,,
AL,DEBBIE,1969,8,45,19690816,0,,TS,14.5N,44.5W,45,,,,,,,,,,,,,
AL,DEBBIE,1969,8,45,19690816,600,,TS,14.7N,45.7W,50,,,,,,,,,,,,,
AL,DEBBIE,1969,8,45,19690816,1200,,TS,15.0N,47.0W,55,,,,,,,,,,,,,
AL,DEBBIE,1969,8,45,19690816,1800,,HU,15.5N,48.0W,65,,,,,,,,,,,,,
AL,DEBBIE,1969,8,45,19690817,0,,HU,16.0N,49.0W,70,984,,,,,,,,,,,,
AL,DEBBIE,1969,8,45,19690817,600,,HU,16.5N,50.0W,75,980,,,,,,,,,,,,
AL,DEBBIE,1969,8,45,19690817,1200,,HU,17.0N,50.8W,90,976,,,,,,,,,,,,
AL,DEBBIE,1969,8,45,19690817,1800,,HU,17.7N,51.7W,90,971,,,,,,,,,,,,
AL,DEBBIE,1969,8,45,19690818,0,,HU,18.4N,52.6W,90,967,,,,,,,,,,,,
AL,DEBBIE,1969,8,45,19690818,600,,HU,19.1N,53.4W,100,968,,,,,,,,,,,,
AL,DEBBIE,1969,8,45,19690818,1200,,HU,19.7N,54.1W,100,974,,,,,,,,,,,,
AL,DEBBIE,1969,8,45,19690818,1800,,HU,20.4N,54.7W,90,972,,,,,,,,,,,,
AL,DEBBIE,1969,8,45,19690819,0,,HU,21.2N,55.4W,70,976,,,,,,,,,,,,
AL,DEBBIE,1969,8,45,19690819,600,,HU,21.8N,56.7W,80,978,,,,,,,,,,,,
AL,DEBBIE,1969,8,45,19690819,1200,,HU,22.4N,57.8W,80,974,,,,,,,,,,,,
AL,DEBBIE,1969,8,45,19690819,1800,,HU,23.2N,59.3W,95,966,,,,,,,,,,,,
AL,DEBBIE,1969,8,45,19690820,0,,HU,23.8N,60.5W,100,956,,,,,,,,,,,,
AL,DEBBIE,1969,8,45,19690820,600,,HU,24.5N,62.3W,85,953,,,,,,,,,,,,
AL,DEBBIE,1969,8,45,19690820,1200,,HU,25.1N,63.3W,105,953,,,,,,,,,,,,
AL,DEBBIE,1969,8,45,19690820,1800,,HU,25.8N,64.2W,100,951,,,,,,,,,,,,
AL,DEBBIE,1969,8,45,19690821,0,,HU,26.6N,64.9W,100,959,,,,,,,,,,,,
AL,DEBBIE,1969,8,45,19690821,600,,HU,27.4N,65.1W,95,960,,,,,,,,,,,,
AL,DEBBIE,1969,8,45,19690821,1200,,HU,28.4N,64.8W,95,959,,,,,,,,,,,,
AL,DEBBIE,1969,8,45,19690821,1800,,HU,29.4N,64.0W,100,959,,,,,,,,,,,,
AL,DEBBIE,1969,8,45,19690822,0,,HU,30.3N,62.1W,100,959,,,,,,,,,,,,
AL,DEBBIE,1969,8,45,19690822,600,,HU,31.3N,61.4W,100,,,,,,,,,,,,,
AL,DEBBIE,1969,8,45,19690822,1200,,HU,32.6N,60.0W,100,964,,,,,,,,,,,,
AL,DEBBIE,1969,8,45,19690822,1800,,HU,34.0N,58.6W,100,,,,,,,,,,,,,
AL,DEBBIE,1969,8,45,19690823,0,,HU,35.4N,57.2W,100,965,,,,,,,,,,,,
AL,DEBBIE,1969,8,45,19690823,600,,HU,36.7N,56.7W,100,,,,,,,,,,,,,
AL,DEBBIE,1969,8,45,19690823,1200,,HU,39.2N,54.8W,95,,,,,,,,,,,,,
AL,DEBBIE,1969,8,45,19690823,1800,,HU,41.6N,53.2W,90,,,,,,,,,,,,,
AL,DEBBIE,1969,8,45,19690824,0,,HU,43.5N,52.9W,90,,,,,,,,,,,,,
AL,DEBBIE,1969,8,45,19690824,600,,HU,45.5N,52.8W,80,,,,,,,,,,,,,
AL,DEBBIE,1969,8,45,19690824,1200,,HU,48.0N,52.0W,70,,,,,,,,,,,,,
AL,DEBBIE,1969,8,45,19690824,1800,,HU,50.5N,50.5W,65,,,,,,,,,,,,,
AL,DEBBIE,1969,8,45,19690825,0,,HU,53.0N,48.0W,65,,,,,,,,,,,,,
AL,DEBBIE,1969,8,45,19690825,600,,TS,56.5N,43.5W,55,,,,,,,,,,,,,
AL,DEBBIE,1969,8,45,19690825,1200,,TS,60.9N,37.8W,55,,,,,,,,,,,,,
AL,CAMILLE,1969,9,37,19690814,0,,TD,18.3N,79.7W,30,,,,,,,,,,,,,
AL,CAMILLE,1969,9,37,19690814,600,,TS,18.5N,80.5W,35,,,,,,,,,,,,,
AL,CAMILLE,1969,9,37,19690814,1200,,TS,18.8N,81.3W,45,,,,,,,,,,,,,
AL,CAMILLE,1969,9,37,19690814,1800,,TS,19.1N,82.0W,50,,,,,,,,,,,,,
AL,CAMILLE,1969,9,37,19690815,0,,TS,19.5N,82.7W,55,991,,,,,,,,,,,,
AL,CAMILLE,1969,9,37,19690815,600,,HU,20.0N,83.3W,65,,,,,,,,,,,,,
AL,CAMILLE,1969,9,37,19690815,1200,,HU,20.6N,83.8W,90,969,,,,,,,,,,,,
AL,CAMILLE,1969,9,37,19690815,1800,,HU,21.3N,84.1W,95,966,,,,,,,,,,,,
AL,CAMILLE,1969,9,37,19690815,2200,L,HU,21.9N,84.3W,95,,,,,,,,,,,,,
AL,CAMILLE,1969,9,37,19690816,0,,HU,22.3N,84.4W,90,,,,,,,,,,,,,
AL,CAMILLE,1969,9,37,19690816,600,,HU,23.1N,85.2W,105,,,,,,,,,,,,,
AL,CAMILLE,1969,9,37,19690816,1200,,HU,23.8N,86.0W,130,,,,,,,,,,,,,
AL,CAMILLE,1969,9,37,19690816,1800,,HU,24.3N,86.6W,150,908,,,,,,,,,,,,
AL,CAMILLE,1969,9,37,19690817,0,,HU,25.2N,87.2W,150,905,,,,,,,,,,,,
AL,CAMILLE,1969,9,37,19690817,600,,HU,26.0N,87.7W,145,,,,,,,,,,,,,
AL,CAMILLE,1969,9,37,19690817,1200,,HU,27.0N,88.3W,140,,,,,,,,,,,,,
AL,CAMILLE,1969,9,37,19690817,1800,,HU,28.3N,88.7W,135,919,,,,,,,,,,,,
AL,CAMILLE,1969,9,37,19690818,0,,HU,29.4N,89.0W,140,,,,,,,,,,,,,
AL,CAMILLE,1969,9,37,19690818,400,L,HU,30.3N,89.4W,150,900,,,,,,,,,,,,
AL,CAMILLE,1969,9,37,19690818,600,,HU,30.7N,89.6W,115,,,,,,,,,,,,,
AL,CAMILLE,1969,9,37,19690818,1200,,HU,32.0N,89.9W,75,,,,,,,,,,,,,
AL,CAMILLE,1969,9,37,19690818,1800,,TS,33.4N,90.1W,50,,,,,,,,,,,,,
AL,CAMILLE,1969,9,37,19690819,0,,TS,34.7N,90.0W,35,,,,,,,,,,,,,
AL,CAMILLE,1969,9,37,19690819,600,,TD,36.0N,89.3W,30,,,,,,,,,,,,,
AL,CAMILLE,1969,9,37,19690819,1200,,TD,37.0N,88.0W,30,,,,,,,,,,,,,
AL,CAMILLE,1969,9,37,19690819,1800,,TD,37.6N,86.0W,25,,,,,,,,,,,,,
AL,CAMILLE,1969,9,37,19690820,0,,TD,37.6N,84.0W,25,,,,,,,,,,,,,
AL,CAMILLE,1969,9,37,19690820,600,,TD,37.4N,80.6W,25,,,,,,,,,,,,,
AL,CAMILLE,1969,9,37,19690820,1200,,TD,37.2N,77.3W,30,,,,,,,,,,,,,
AL,CAMILLE,1969,9,37,19690820,1800,,TS,37.0N,75.3W,45,1000,,,,,,,,,,,,
AL,CAMILLE,1969,9,37,19690821,0,,TS,36.7N,73.6W,50,,,,,,,,,,,,,
AL,CAMILLE,1969,9,37,19690821,600,,TS,36.7N,70.9W,55,,,,,,,,,,,,,
AL,CAMILLE,1969,9,37,19690821,1200,,TS,37.1N,68.1W,60,,,,,,,,,,,,,
AL,CAMILLE,1969,9,37,19690821,1800,,TS,37.8N,64.7W,60,,,,,,,,,,,,,
AL,CAMILLE,1969,9,37,19690822,0,,TS,39.2N,61.8W,55,,,,,,,,,,,,,
AL,CAMILLE,1969,9,37,19690822,600,,TS,40.8N,58.2W,45,,,,,,,,,,,,,
AL,CAMILLE,1969,9,37,19690822,1200,,EX,43.0N,54.0W,35,,,,,,,,,,,,,
AL,UNNAMED,1969,10,17,19690824,0,,TD,17.5N,17.0W,25,,,,,,,,,,,,,
AL,UNNAMED,1969,10,17,19690824,600,,TD,17.6N,18.0W,25,,,,,,,,,,,,,
AL,UNNAMED,1969,10,17,19690824,1200,,TD,17.7N,18.5W,25,,,,,,,,,,,,,
AL,UNNAMED,1969,10,17,19690824,1800,,TD,17.9N,19.0W,25,,,,,,,,,,,,,
AL,UNNAMED,1969,10,17,19690825,0,,TD,18.0N,20.0W,25,,,,,,,,,,,,,
AL,UNNAMED,1969,10,17,19690825,600,,TD,18.0N,21.0W,25,,,,,,,,,,,,,
AL,UNNAMED,1969,10,17,19690825,1200,,TD,18.1N,22.0W,25,,,,,,,,,,,,,
AL,UNNAMED,1969,10,17,19690825,1800,,TD,18.2N,23.0W,25,,,,,,,,,,,,,
AL,UNNAMED,1969,10,17,19690826,0,,TD,18.5N,24.0W,25,,,,,,,,,,,,,
AL,UNNAMED,1969,10,17,19690826,600,,TD,18.5N,25.1W,25,,,,,,,,,,,,,
AL,UNNAMED,1969,10,17,19690826,1200,,TD,18.5N,27.0W,25,,,,,,,,,,,,,
AL,UNNAMED,1969,10,17,19690826,1800,,TD,18.5N,28.8W,25,,,,,,,,,,,,,
AL,UNNAMED,1969,10,17,19690827,0,,TD,18.5N,31.1W,25,,,,,,,,,,,,,
AL,UNNAMED,1969,10,17,19690827,600,,TD,18.4N,32.9W,25,,,,,,,,,,,,,
AL,UNNAMED,1969,10,17,19690827,1200,,TD,18.3N,34.8W,25,,,,,,,,,,,,,
AL,UNNAMED,1969,10,17,19690827,1800,,TD,18.2N,36.1W,25,,,,,,,,,,,,,
AL,UNNAMED,1969,10,17,19690828,0,,TD,18.0N,38.0W,25,,,,,,,,,,,,,
AL,UNNAMED,1969,11,9,19690824,0,,TD,15.0N,52.2W,25,,,,,,,,,,,,,
AL,UNNAMED,1969,11,9,19690824,600,,TD,15.0N,53.1W,25,,,,,,,,,,,,,
AL,UNNAMED,1969,11,9,19690824,1200,,TD,15.0N,54.1W,25,,,,,,,,,,,,,
AL,UNNAMED,1969,11,9,19690824,1800,,TD,15.0N,55.1W,25,,,,,,,,,,,,,
AL,UNNAMED,1969,11,9,19690825,0,,TD,15.0N,55.6W,25,,,,,,,,,,,,,
AL,UNNAMED,1969,11,9,19690825,600,,TD,15.1N,56.2W,25,,,,,,,,,,,,,
AL,UNNAMED,1969,11,9,19690825,1200,,TD,15.2N,57.0W,25,,,,,,,,,,,,,
AL,UNNAMED,1969,11,9,19690825,1800,,TD,15.2N,58.0W,25,,,,,,,,,,,,,
AL,UNNAMED,1969,11,9,19690826,0,,TD,15.2N,58.3W,25,,,,,,,,,,,,,
AL,EVE,1969,12,12,19690825,0,,TD,29.5N,78.5W,30,,,,,,,,,,,,,
AL,EVE,1969,12,12,19690825,600,,TD,29.6N,77.8W,30,,,,,,,,,,,,,
AL,EVE,1969,12,12,19690825,1200,,TD,29.7N,76.9W,30,,,,,,,,,,,,,
AL,EVE,1969,12,12,19690825,1800,,TS,29.8N,76.0W,40,,,,,,,,,,,,,
AL,EVE,1969,12,12,19690826,0,,TS,30.0N,75.1W,50,999,,,,,,,,,,,,
AL,EVE,1969,12,12,19690826,600,,TS,30.3N,74.3W,45,,,,,,,,,,,,,
AL,EVE,1969,12,12,19690826,1200,,TS,30.8N,73.6W,45,996,,,,,,,,,,,,
AL,EVE,1969,12,12,19690826,1800,,TS,31.4N,72.7W,40,997,,,,,,,,,,,,
AL,EVE,1969,12,12,19690827,0,,TD,32.0N,71.5W,30,,,,,,,,,,,,,
AL,EVE,1969,12,12,19690827,600,,TD,32.5N,70.0W,30,,,,,,,,,,,,,
AL,EVE,1969,12,12,19690827,1200,,TD,32.7N,68.8W,30,,,,,,,,,,,,,
AL,EVE,1969,12,12,19690827,1800,,TD,32.8N,67.5W,25,1009,,,,,,,,,,,,
AL,FRANCELIA,1969,13,27,19690829,0,,TD,11.5N,62.0W,30,,,,,,,,,,,,,
AL,FRANCELIA,1969,13,27,19690829,600,,TD,11.8N,63.5W,30,,,,,,,,,,,,,
AL,FRANCELIA,1969,13,27,19690829,1200,,TD,12.0N,65.0W,30,,,,,,,,,,,,,
AL,FRANCELIA,1969,13,27,19690829,1800,,TD,12.5N,66.5W,30,1005,,,,,,,,,,,,
AL,FRANCELIA,1969,13,27,19690830,0,,TD,13.2N,69.2W,30,,,,,,,,,,,,,
AL,FRANCELIA,1969,13,27,19690830,600,,TD,13.7N,70.7W,30,,,,,,,,,,,,,
AL,FRANCELIA,1969,13,27,19690830,1200,,TS,14.3N,72.2W,40,,,,,,,,,,,,,
AL,FRANCELIA,1969,13,27,19690830,1800,,TS,14.9N,74.3W,50,1000,,,,,,,,,,,,
AL,FRANCELIA,1969,13,27,19690831,0,,TS,15.3N,75.8W,55,,,,,,,,,,,,,
AL,FRANCELIA,1969,13,27,19690831,600,,TS,15.6N,76.7W,60,,,,,,,,,,,,,
AL,FRANCELIA,1969,13,27,19690831,1200,,TS,16.0N,77.6W,60,,,,,,,,,,,,,
AL,FRANCELIA,1969,13,27,19690831,1800,,TS,16.2N,78.6W,60,,,,,,,,,,,,,
AL,FRANCELIA,1969,13,27,19690901,0,,TS,16.4N,79.4W,55,1002,,,,,,,,,,,,
AL,FRANCELIA,1969,13,27,19690901,600,,TS,16.8N,80.6W,55,,,,,,,,,,,,,
AL,FRANCELIA,1969,13,27,19690901,1200,,TS,17.1N,82.0W,60,,,,,,,,,,,,,
AL,FRANCELIA,1969,13,27,19690901,1800,,HU,17.3N,83.2W,65,995,,,,,,,,,,,,
AL,FRANCELIA,1969,13,27,19690902,0,,HU,17.1N,84.7W,75,,,,,,,,,,,,,
AL,FRANCELIA,1969,13,27,19690902,600,,HU,16.8N,85.5W,80,990,,,,,,,,,,,,
AL,FRANCELIA,1969,13,27,19690902,1200,,HU,16.6N,86.2W,85,,,,,,,,,,,,,
AL,FRANCELIA,1969,13,27,19690902,1800,,HU,16.4N,86.7W,100,973,,,,,,,,,,,,
AL,FRANCELIA,1969,13,27,19690903,0,,HU,16.3N,87.6W,95,,,,,,,,,,,,,
AL,FRANCELIA,1969,13,27,19690903,600,,HU,16.3N,87.9W,85,,,,,,,,,,,,,
AL,FRANCELIA,1969,13,27,19690903,1200,,HU,16.2N,88.2W,85,,,,,,,,,,,,,
AL,FRANCELIA,1969,13,27,19690903,1800,,HU,16.2N,88.6W,85,,,,,,,,,,,,,
AL,FRANCELIA,1969,13,27,19690904,0,,HU,16.1N,88.8W,70,,,,,,,,,,,,,
AL,FRANCELIA,1969,13,27,19690904,600,,TS,16.1N,89.2W,60,,,,,,,,,,,,,
AL,FRANCELIA,1969,13,27,19690904,1200,,TS,16.2N,89.7W,40,,,,,,,,,,,,,
AL,UNNAMED,1969,14,13,19690829,0,,TD,27.5N,79.1W,25,,,,,,,,,,,,,
AL,UNNAMED,1969,14,13,19690829,600,,TD,27.6N,80.0W,25,,,,,,,,,,,,,
AL,UNNAMED,1969,14,13,19690829,1200,,TD,27.6N,80.7W,25,,,,,,,,,,,,,
AL,UNNAMED,1969,14,13,19690829,1800,,TD,27.7N,81.2W,25,,,,,,,,,,,,,
AL,UNNAMED,1969,14,13,19690830,0,,TD,27.8N,82.0W,25,,,,,,,,,,,,,
AL,UNNAMED,1969,14,13,19690830,600,,TD,27.9N,82.5W,25,,,,,,,,,,,,,
AL,UNNAMED,1969,14,13,19690830,1200,,TD,28.0N,83.0W,25,,,,,,,,,,,,,
AL,UNNAMED,1969,14,13,19690830,1800,,TD,28.1N,83.4W,25,,,,,,,,,,,,,
AL,UNNAMED,1969,14,13,19690831,0,,TD,28.2N,84.0W,25,,,,,,,,,,,,,
AL,UNNAMED,1969,14,13,19690831,600,,TD,28.3N,84.9W,25,,,,,,,,,,,,,
AL,UNNAMED,1969,14,13,19690831,1200,,TD,28.4N,85.2W,25,,,,,,,,,,,,,
AL,UNNAMED,1969,14,13,19690831,1800,,TD,28.6N,86.0W,25,,,,,,,,,,,,,
AL,UNNAMED,1969,14,13,19690901,0,,TD,28.9N,87.0W,-99,,,,,,,,,,,,,
AL,UNNAMED,1969,15,21,19690905,0,,TD,14.9N,17.0W,25,,,,,,,,,,,,,
AL,UNNAMED,1969,15,21,19690905,600,,TD,14.9N,17.9W,25,,,,,,,,,,,,,
AL,UNNAMED,1969,15,21,19690905,1200,,TD,15.0N,18.9W,25,,,,,,,,,,,,,
AL,UNNAMED,1969,15,21,19690905,1800,,TD,15.2N,19.9W,25,,,,,,,,,,,,,
AL,UNNAMED,1969,15,21,19690906,0,,TD,15.9N,21.0W,25,,,,,,,,,,,,,
AL,UNNAMED,1969,15,21,19690906,600,,TD,15.9N,21.9W,25,,,,,,,,,,,,,
AL,UNNAMED,1969,15,21,19690906,1200,,TD,16.0N,23.9W,30,,,,,,,,,,,,,
AL,UNNAMED,1969,15,21,19690906,1800,,TD,16.5N,25.3W,30,,,,,,,,,,,,,
AL,UNNAMED,1969,15,21,19690907,0,,TD,16.5N,26.5W,30,,,,,,,,,,,,,
AL,UNNAMED,1969,15,21,19690907,600,,TD,16.6N,27.1W,30,,,,,,,,,,,,,
AL,UNNAMED,1969,15,21,19690907,1200,,TD,16.6N,28.3W,30,,,,,,,,,,,,,
AL,UNNAMED,1969,15,21,19690907,1800,,TD,16.6N,29.8W,30,,,,,,,,,,,,,
AL,UNNAMED,1969,15,21,19690908,0,,TD,16.6N,30.9W,30,,,,,,,,,,,,,
AL,UNNAMED,1969,15,21,19690908,600,,TD,16.9N,32.1W,30,,,,,,,,,,,,,
AL,UNNAMED,1969,15,21,19690908,1200,,TD,16.9N,34.5W,30,,,,,,,,,,,,,
AL,UNNAMED,1969,15,21,19690908,1800,,TD,17.0N,36.5W,30,,,,,,,,,,,,,
AL,UNNAMED,1969,15,21,19690909,0,,TD,17.0N,37.1W,25,,,,,,,,,,,,,
AL,UNNAMED,1969,15,21,19690909,600,,TD,16.9N,39.3W,25,,,,,,,,,,,,,
AL,UNNAMED,1969,15,21,19690909,1200,,TD,16.9N,41.0W,25,,,,,,,,,,,,,
AL,UNNAMED,1969,15,21,19690909,1800,,TD,16.9N,43.5W,25,,,,,,,,,,,,,
AL,UNNAMED,1969,15,21,19690910,0,,TD,16.9N,45.0W,25,,,,,,,,,,,,,
AL,GERDA,1969,16,19,19690906,0,,TD,24.5N,77.0W,25,1015,,,,,,,,,,,,
AL,GERDA,1969,16,19,19690906,600,,TD,25.4N,78.0W,25,,,,,,,,,,,,,
AL,GERDA,1969,16,19,19690906,1200,,TD,26.0N,79.0W,25,,,,,,,,,,,,,
AL,GERDA,1969,16,19,19690906,1800,,TD,26.4N,79.6W,25,1014,,,,,,,,,,,,
AL,GERDA,1969,16,19,19690907,0,,TD,26.6N,80.2W,25,1012,,,,,,,,,,,,
AL,GERDA,1969,16,19,19690907,600,,TD,27.3N,81.1W,25,,,,,,,,,,,,,
AL,GERDA,1969,16,19,19690907,1200,,TD,27.8N,80.8W,25,1010,,,,,,,,,,,,
AL,GERDA,1969,16,19,19690907,1800,,TD,28.5N,80.4W,25,,,,,,,,,,,,,
AL,GERDA,1969,16,19,19690908,0,,TD,29.0N,80.0W,30,1006,,,,,,,,,,,,
AL,GERDA,1969,16,19,19690908,600,,TS,29.7N,79.7W,35,,,,,,,,,,,,,
AL,GERDA,1969,16,19,19690908,1200,,TS,30.7N,79.0W,45,1002,,,,,,,,,,,,
AL,GERDA,1969,16,19,19690908,1800,,HU,32.0N,78.0W,65,,,,,,,,,,,,,
AL,GERDA,1969,16,19,19690909,0,,HU,33.4N,76.4W,70,991,,,,,,,,,,,,
AL,GERDA,1969,16,19,19690909,600,,HU,35.3N,74.4W,85,986,,,,,,,,,,,,
AL,GERDA,1969,16,19,19690909,1200,,HU,37.8N,72.2W,110,984,,,,,,,,,,,,
AL,GERDA,1969,16,19,19690909,1800,,HU,40.1N,69.9W,110,979,,,,,,,,,,,,
AL,GERDA,1969,16,19,19690910,0,,HU,44.0N,67.5W,95,979,,,,,,,,,,,,
AL,GERDA,1969,16,19,19690910,600,,EX,48.5N,66.0W,70,,,,,,,,,,,,,
AL,GERDA,1969,16,19,19690910,1200,,EX,53.0N,65.0W,40,,,,,,,,,,,,,
AL,HOLLY,1969,17,27,19690914,1200,,TD,11.9N,47.4W,25,,,,,,,,,,,,,
AL,HOLLY,1969,17,27,19690914,1800,,TD,12.3N,48.1W,30,1000,,,,,,,,,,,,
AL,HOLLY,1969,17,27,19690915,0,,TS,12.7N,48.5W,40,,,,,,,,,,,,,
AL,HOLLY,1969,17,27,19690915,600,,TS,13.3N,48.8W,50,,,,,,,,,,,,,
AL,HOLLY,1969,17,27,19690915,1200,,TS,14.0N,49.0W,60,,,,,,,,,,,,,
AL,HOLLY,1969,17,27,19690915,1800,,HU,14.5N,49.5W,75,992,,,,,,,,,,,,
AL,HOLLY,1969,17,27,19690916,0,,HU,15.0N,50.0W,70,,,,,,,,,,,,,
AL,HOLLY,1969,17,27,19690916,600,,HU,15.3N,50.2W,65,,,,,,,,,,,,,
AL,HOLLY,1969,17,27,19690916,1200,,HU,15.5N,50.4W,65,994,,,,,,,,,,,,
AL,HOLLY,1969,17,27,19690916,1800,,HU,16.0N,50.9W,70,984,,,,,,,,,,,,
AL,HOLLY,1969,17,27,19690917,0,,HU,16.4N,51.2W,65,999,,,,,,,,,,,,
AL,HOLLY,1969,17,27,19690917,600,,HU,16.6N,51.7W,65,,,,,,,,,,,,,
AL,HOLLY,1969,17,27,19690917,1200,,HU,16.9N,52.2W,65,1000,,,,,,,,,,,,
AL,HOLLY,1969,17,27,19690917,1800,,HU,17.0N,53.1W,65,1002,,,,,,,,,,,,
AL,HOLLY,1969,17,27,19690918,0,,TS,17.1N,53.8W,45,1004,,,,,,,,,,,,
AL,HOLLY,1969,17,27,19690918,600,,TS,17.0N,54.3W,45,,,,,,,,,,,,,
AL,HOLLY,1969,17,27,19690918,1200,,TS,16.9N,55.2W,40,,,,,,,,,,,,,
AL,HOLLY,1969,17,27,19690918,1800,,TS,16.8N,55.3W,35,,,,,,,,,,,,,
AL,HOLLY,1969,17,27,19690919,0,,TD,16.7N,55.5W,30,,,,,,,,,,,,,
AL,HOLLY,1969,17,27,19690919,600,,TD,16.4N,58.7W,30,,,,,,,,,,,,,
AL,HOLLY,1969,17,27,19690919,1200,,TD,16.2N,60.0W,30,,,,,,,,,,,,,
AL,HOLLY,1969,17,27,19690919,1800,,TD,15.9N,61.0W,25,,,,,,,,,,,,,
AL,HOLLY,1969,17,27,19690920,0,,TD,15.8N,62.0W,25,,,,,,,,,,,,,
AL,HOLLY,1969,17,27,19690920,600,,TD,15.5N,63.0W,25,,,,,,,,,,,,,
AL,HOLLY,1969,17,27,19690920,1200,,TD,15.3N,64.0W,25,,,,,,,,,,,,,
AL,HOLLY,1969,17,27,19690920,1800,,TD,15.0N,65.0W,25,,,,,,,,,,,,,
AL,HOLLY,1969,17,27,19690921,0,,TD,14.8N,65.9W,25,,,,,,,,,,,,,
AL,UNNAMED,1969,18,17,19690916,0,,TD,26.0N,88.1W,25,,,,,,,,,,,,,
AL,UNNAMED,1969,18,17,19690916,600,,TD,26.1N,88.3W,25,,,,,,,,,,,,,
AL,UNNAMED,1969,18,17,19690916,1200,,TD,26.2N,88.5W,25,,,,,,,,,,,,,
AL,UNNAMED,1969,18,17,19690916,1800,,TD,26.2N,88.7W,25,,,,,,,,,,,,,
AL,UNNAMED,1969,18,17,19690917,0,,TD,26.2N,89.3W,25,,,,,,,,,,,,,
AL,UNNAMED,1969,18,17,19690917,600,,TD,26.2N,90.0W,25,,,,,,,,,,,,,
AL,UNNAMED,1969,18,17,19690917,1200,,TD,26.2N,90.2W,25,,,,,,,,,,,,,
AL,UNNAMED,1969,18,17,19690917,1800,,TD,26.2N,90.8W,25,,,,,,,,,,,,,
AL,UNNAMED,1969,18,17,19690918,0,,TD,26.1N,91.0W,25,,,,,,,,,,,,,
AL,UNNAMED,1969,18,17,19690918,600,,TD,26.1N,91.4W,25,,,,,,,,,,,,,
AL,UNNAMED,1969,18,17,19690918,1200,,TD,26.1N,92.6W,25,,,,,,,,,,,,,
AL,UNNAMED,1969,18,17,19690918,1800,,TD,26.0N,93.3W,25,,,,,,,,,,,,,
AL,UNNAMED,1969,18,17,19690919,0,,TD,26.0N,94.5W,25,,,,,,,,,,,,,
AL,UNNAMED,1969,18,17,19690919,600,,TD,26.0N,95.1W,25,,,,,,,,,,,,,
AL,UNNAMED,1969,18,17,19690919,1200,,TD,25.1N,96.0W,25,,,,,,,,,,,,,
AL,UNNAMED,1969,18,17,19690919,1800,,TD,25.8N,96.7W,25,,,,,,,,,,,,,
AL,UNNAMED,1969,18,17,19690920,0,,TD,25.1N,97.1W,25,,,,,,,,,,,,,
AL,UNNAMED,1969,19,8,19690919,0,,TD,25.0N,85.0W,25,,,,,,,,,,,,,
AL,UNNAMED,1969,19,8,19690919,600,,TD,25.2N,85.1W,25,,,,,,,,,,,,,
AL,UNNAMED,1969,19,8,19690919,1200,,TD,25.9N,85.4W,25,,,,,,,,,,,,,
AL,UNNAMED,1969,19,8,19690919,1800,,TD,26.4N,85.8W,25,,,,,,,,,,,,,
AL,UNNAMED,1969,19,8,19690920,0,,TD,27.0N,86.2W,25,,,,,,,,,,,,,
AL,UNNAMED,1969,19,8,19690920,600,,TD,27.5N,86.2W,25,,,,,,,,,,,,,
AL,UNNAMED,1969,19,8,19690920,1200,,TD,28.3N,86.5W,25,,,,,,,,,,,,,
AL,UNNAMED,1969,19,8,19690920,1800,,TD,29.2N,86.5W,25,,,,,,,,,,,,,
AL,INGA,1969,20,99,19690920,1200,,TD,16.0N,47.0W,25,,,,,,,,,,,,,
AL,INGA,1969,20,99,19690920,1800,,TD,16.3N,48.0W,25,,,,,,,,,,,,,
AL,INGA,1969,20,99,19690921,0,,TD,16.5N,49.0W,30,,,,,,,,,,,,,
AL,INGA,1969,20,99,19690921,600,,TS,16.7N,50.2W,35,,,,,,,,,,,,,
AL,INGA,1969,20,99,19690921,1200,,TS,16.8N,51.1W,40,1001,,,,,,,,,,,,
AL,INGA,1969,20,99,19690921,1800,,TS,16.9N,51.7W,45,,,,,,,,,,,,,
AL,INGA,1969,20,99,19690922,0,,TS,17.0N,52.3W,45,,,,,,,,,,,,,
AL,INGA,1969,20,99,19690922,600,,TS,17.1N,52.9W,45,,,,,,,,,,,,,
AL,INGA,1969,20,99,19690922,1200,,TS,17.2N,53.5W,50,1007,,,,,,,,,,,,
AL,INGA,1969,20,99,19690922,1800,,TS,17.3N,54.1W,50,,,,,,,,,,,,,
AL,INGA,1969,20,99,19690923,0,,TS,17.4N,54.7W,55,,,,,,,,,,,,,
AL,INGA,1969,20,99,19690923,600,,TS,17.6N,55.4W,50,,,,,,,,,,,,,
AL,INGA,1969,20,99,19690923,1200,,TS,17.8N,56.1W,35,1006,,,,,,,,,,,,
AL,INGA,1969,20,99,19690923,1800,,TD,18.0N,56.9W,30,,,,,,,,,,,,,
AL,INGA,1969,20,99,19690924,0,,TD,18.2N,57.8W,30,,,,,,,,,,,,,
AL,INGA,1969,20,99,19690924,600,,TD,18.4N,58.7W,25,,,,,,,,,,,,,
AL,INGA,1969,20,99,19690924,1200,,TD,18.6N,59.6W,25,1007,,,,,,,,,,,,
AL,INGA,1969,20,99,19690924,1800,,TD,18.8N,60.3W,25,,,,,,,,,,,,,
AL,INGA,1969,20,99,19690925,0,,TD,19.0N,60.9W,30,,,,,,,,,,,,,
AL,INGA,1969,20,99,19690925,600,,TD,19.3N,61.5W,30,,,,,,,,,,,,,
AL,INGA,1969,20,99,19690925,1200,,TD,19.6N,62.0W,30,,,,,,,,,,,,,
AL,INGA,1969,20,99,19690925,1800,,TD,20.0N,62.3W,25,,,,,,,,,,,,,
AL,INGA,1969,20,99,19690926,0,,TD,20.4N,62.5W,25,,,,,,,,,,,,,
AL,INGA,1969,20,99,19690926,600,,TD,20.8N,62.8W,25,,,,,,,,,,,,,
AL,INGA,1969,20,99,19690926,1200,,TD,21.2N,63.0W,25,,,,,,,,,,,,,
AL,INGA,1969,20,99,19690926,1800,,TD,21.6N,63.2W,25,,,,,,,,,,,,,
AL,INGA,1969,20,99,19690927,0,,TD,21.9N,63.3W,25,,,,,,,,,,,,,
AL,INGA,1969,20,99,19690927,600,,TD,22.2N,63.5W,25,,,,,,,,,,,,,
AL,INGA,1969,20,99,19690927,1200,,TD,22.5N,63.6W,25,,,,,,,,,,,,,
AL,INGA,1969,20,99,19690927,1800,,TD,22.8N,63.7W,25,,,,,,,,,,,,,
AL,INGA,1969,20,99,19690928,0,,TD,23.0N,63.8W,25,,,,,,,,,,,,,
AL,INGA,1969,20,99,19690928,600,,TD,23.2N,63.9W,25,,,,,,,,,,,,,
AL,INGA,1969,20,99,19690928,1200,,TD,23.5N,64.0W,30,1000,,,,,,,,,,,,
AL,INGA,1969,20,99,19690928,1800,,TS,23.8N,64.2W,35,,,,,,,,,,,,,
AL,INGA,1969,20,99,19690929,0,,TS,24.2N,64.4W,35,,,,,,,,,,,,,
AL,INGA,1969,20,99,19690929,600,,TS,24.5N,64.6W,40,,,,,,,,,,,,,
AL,INGA,1969,20,99,19690929,1200,,TS,24.8N,64.8W,50,992,,,,,,,,,,,,
AL,INGA,1969,20,99,19690929,1800,,TS,25.4N,65.0W,55,,,,,,,,,,,,,
AL,INGA,1969,20,99,19690930,0,,HU,26.1N,64.7W,65,,,,,,,,,,,,,
AL,INGA,1969,20,99,19690930,600,,HU,26.7N,64.2W,70,,,,,,,,,,,,,
AL,INGA,1969,20,99,19690930,1200,,HU,27.2N,63.8W,75,990,,,,,,,,,,,,
AL,INGA,1969,20,99,19690930,1800,,HU,27.8N,63.4W,80,,,,,,,,,,,,,
AL,INGA,1969,20,99,19691001,0,,HU,28.3N,63.0W,80,,,,,,,,,,,,,
AL,INGA,1969,20,99,19691001,600,,HU,28.8N,62.6W,80,,,,,,,,,,,,,
AL,INGA,1969,20,99,19691001,1200,,HU,29.3N,62.2W,80,990,,,,,,,,,,,,
AL,INGA,1969,20,99,19691001,1800,,HU,29.7N,61.8W,80,,,,,,,,,,,,,
AL,INGA,1969,20,99,19691002,0,,HU,29.7N,61.6W,80,,,,,,,,,,,,,
AL,INGA,1969,20,99,19691002,600,,HU,29.3N,61.5W,80,,,,,,,,,,,,,
AL,INGA,1969,20,99,19691002,1200,,HU,28.9N,61.6W,80,987,,,,,,,,,,,,
AL,INGA,1969,20,99,19691002,1800,,HU,28.5N,61.8W,80,,,,,,,,,,,,,
AL,INGA,1969,20,99,19691003,0,,HU,28.1N,62.1W,70,,,,,,,,,,,,,
AL,INGA,1969,20,99,19691003,600,,HU,27.8N,62.7W,70,,,,,,,,,,,,,
AL,INGA,1969,20,99,19691003,1200,,HU,27.6N,63.4W,70,989,,,,,,,,,,,,
AL,INGA,1969,20,99,19691003,1800,,HU,27.6N,64.2W,70,,,,,,,,,,,,,
AL,INGA,1969,20,99,19691004,0,,HU,27.7N,65.0W,70,,,,,,,,,,,,,
AL,INGA,1969,20,99,19691004,600,,HU,27.9N,65.4W,70,,,,,,,,,,,,,
AL,INGA,1969,20,99,19691004,1200,,HU,28.4N,65.7W,75,980,,,,,,,,,,,,
AL,INGA,1969,20,99,19691004,1800,,HU,29.1N,65.1W,80,,,,,,,,,,,,,
AL,INGA,1969,20,99,19691005,0,,HU,29.7N,63.8W,90,,,,,,,,,,,,,
AL,INGA,1969,20,99,19691005,600,,HU,30.5N,62.3W,95,,,,,,,,,,,,,
AL,INGA,1969,20,99,19691005,1200,,HU,31.2N,60.7W,95,964,,,,,,,,,,,,
AL,INGA,1969,20,99,19691005,1800,,HU,31.9N,59.5W,100,,,,,,,,,,,,,
AL,INGA,1969,20,99,19691006,0,,HU,32.5N,58.3W,95,,,,,,,,,,,,,
AL,INGA,1969,20,99,19691006,600,,HU,33.1N,57.3W,90,,,,,,,,,,,,,
AL,INGA,1969,20,99,19691006,1200,,HU,33.6N,56.5W,80,980,,,,,,,,,,,,
AL,INGA,1969,20,99,19691006,1800,,HU,33.9N,56.0W,80,,,,,,,,,,,,,
AL,INGA,1969,20,99,19691007,0,,HU,34.1N,55.5W,80,,,,,,,,,,,,,
AL,INGA,1969,20,99,19691007,600,,HU,34.3N,55.0W,80,,,,,,,,,,,,,
AL,INGA,1969,20,99,19691007,1200,,HU,34.4N,54.5W,85,981,,,,,,,,,,,,
AL,INGA,1969,20,99,19691007,1800,,HU,34.5N,54.0W,85,,,,,,,,,,,,,
AL,INGA,1969,20,99,19691008,0,,HU,34.5N,53.6W,85,,,,,,,,,,,,,
AL,INGA,1969,20,99,19691008,600,,HU,34.4N,53.2W,70,,,,,,,,,,,,,
AL,INGA,1969,20,99,19691008,1200,,HU,34.3N,52.8W,65,988,,,,,,,,,,,,
AL,INGA,1969,20,99,19691008,1800,,HU,34.1N,52.4W,75,,,,,,,,,,,,,
AL,INGA,1969,20,99,19691009,0,,HU,33.9N,52.0W,75,,,,,,,,,,,,,
AL,INGA,1969,20,99,19691009,600,,HU,33.3N,51.7W,75,,,,,,,,,,,,,
AL,INGA,1969,20,99,19691009,1200,,HU,32.7N,51.5W,75,985,,,,,,,,,,,,
AL,INGA,1969,20,99,19691009,1800,,HU,32.2N,51.4W,75,,,,,,,,,,,,,
AL,INGA,1969,20,99,19691010,0,,HU,31.7N,51.3W,70,,,,,,,,,,,,,
AL,INGA,1969,20,99,19691010,600,,HU,31.2N,51.2W,70,,,,,,,,,,,,,
AL,INGA,1969,20,99,19691010,1200,,TS,30.6N,51.1W,60,993,,,,,,,,,,,,
AL,INGA,1969,20,99,19691010,1800,,TS,30.0N,51.0W,60,,,,,,,,,,,,,
AL,INGA,1969,20,99,19691011,0,,TS,29.3N,51.4W,60,,,,,,,,,,,,,
AL,INGA,1969,20,99,19691011,600,,TS,28.7N,51.9W,55,,,,,,,,,,,,,
AL,INGA,1969,20,99,19691011,1200,,TS,28.2N,52.5W,50,998,,,,,,,,,,,,
AL,INGA,1969,20,99,19691011,1800,,TS,27.7N,53.1W,40,,,,,,,,,,,,,
AL,INGA,1969,20,99,19691012,0,,TS,27.2N,53.9W,40,,,,,,,,,,,,,
AL,INGA,1969,20,99,19691012,600,,TS,26.8N,54.7W,40,,,,,,,,,,,,,
AL,INGA,1969,20,99,19691012,1200,,TS,26.4N,55.5W,35,1001,,,,,,,,,,,,
AL,INGA,1969,20,99,19691012,1800,,TS,26.2N,56.3W,35,,,,,,,,,,,,,
AL,INGA,1969,20,99,19691013,0,,TS,26.0N,57.1W,35,,,,,,,,,,,,,
AL,INGA,1969,20,99,19691013,600,,TD,25.9N,57.9W,30,,,,,,,,,,,,,
AL,INGA,1969,20,99,19691013,1200,,TD,25.8N,58.8W,30,1003,,,,,,,,,,,,
AL,INGA,1969,20,99,19691013,1800,,TD,25.8N,59.6W,30,,,,,,,,,,,,,
AL,INGA,1969,20,99,19691014,0,,TD,25.8N,60.2W,30,,,,,,,,,,,,,
AL,INGA,1969,20,99,19691014,600,,TD,25.8N,60.7W,30,,,,,,,,,,,,,
AL,INGA,1969,20,99,19691014,1200,,TD,25.9N,61.0W,25,1008,,,,,,,,,,,,
AL,INGA,1969,20,99,19691014,1800,,TD,26.0N,61.3W,25,,,,,,,,,,,,,
AL,INGA,1969,20,99,19691015,0,,TD,26.1N,61.6W,25,,,,,,,,,,,,,
AL,UNNAMED,1969,21,19,19690921,1200,,SD,34.0N,71.0W,30,1010,,,,,,,,,,,,
AL,UNNAMED,1969,21,19,19690921,1800,,SS,34.1N,70.5W,35,,,,,,,,,,,,,
AL,UNNAMED,1969,21,19,19690922,0,,SS,34.2N,70.0W,40,1007,,,,,,,,,,,,
AL,UNNAMED,1969,21,19,19690922,600,,SS,34.3N,69.5W,45,,,,,,,,,,,,,
AL,UNNAMED,1969,21,19,19690922,1200,,SS,34.5N,69.0W,45,1002,,,,,,,,,,,,
AL,UNNAMED,1969,21,19,19690922,1800,,SS,34.7N,68.5W,50,,,,,,,,,,,,,
AL,UNNAMED,1969,21,19,19690923,0,,SS,35.0N,68.0W,50,995,,,,,,,,,,,,
AL,UNNAMED,1969,21,19,19690923,600,,SS,35.2N,67.5W,50,,,,,,,,,,,,,
AL,UNNAMED,1969,21,19,19690923,1200,,SS,35.5N,67.0W,55,992,,,,,,,,,,,,
AL,UNNAMED,1969,21,19,19690923,1800,,SS,35.9N,66.8W,55,,,,,,,,,,,,,
AL,UNNAMED,1969,21,19,19690924,0,,SS,36.3N,66.5W,60,990,,,,,,,,,,,,
AL,UNNAMED,1969,21,19,19690924,600,,SS,36.7N,66.3W,60,,,,,,,,,,,,,
AL,UNNAMED,1969,21,19,19690924,1200,,HU,37.0N,66.0W,65,987,,,,,,,,,,,,
AL,UNNAMED,1969,21,19,19690924,1800,,HU,37.5N,65.7W,65,,,,,,,,,,,,,
AL,UNNAMED,1969,21,19,19690925,0,,HU,38.5N,65.0W,65,985,,,,,,,,,,,,
AL,UNNAMED,1969,21,19,19690925,600,,HU,40.2N,62.8W,65,,,,,,,,,,,,,
AL,UNNAMED,1969,21,19,19690925,1200,,HU,42.0N,60.0W,65,985,,,,,,,,,,,,
AL,UNNAMED,1969,21,19,19690925,1800,,HU,43.4N,57.9W,65,,,,,,,,,,,,,
AL,UNNAMED,1969,21,19,19690926,0,,HU,44.5N,56.0W,65,,,,,,,,,,,,,
AL,UNNAMED,1969,22,23,19690924,1200,,SD,36.5N,35.0W,30,1005,,,,,,,,,,,,
AL,UNNAMED,1969,22,23,19690924,1800,,SD,35.5N,35.7W,30,,,,,,,,,,,,,
AL,UNNAMED,1969,22,23,19690925,0,,SD,35.0N,36.5W,30,,,,,,,,,,,,,
AL,UNNAMED,1969,22,23,19690925,600,,SD,35.0N,37.6W,30,,,,,,,,,,,,,
AL,UNNAMED,1969,22,23,19690925,1200,,SS,35.0N,38.5W,35,1003,,,,,,,,,,,,
AL,UNNAMED,1969,22,23,19690925,1800,,SS,35.1N,38.9W,40,,,,,,,,,,,,,
AL,UNNAMED,1969,22,23,19690926,0,,SS,35.2N,39.2W,45,,,,,,,,,,,,,
AL,UNNAMED,1969,22,23,19690926,600,,TS,35.3N,39.6W,50,,,,,,,,,,,,,
AL,UNNAMED,1969,22,23,19690926,1200,,TS,35.5N,40.0W,50,997,,,,,,,,,,,,
AL,UNNAMED,1969,22,23,19690926,1800,,TS,36.0N,40.0W,50,,,,,,,,,,,,,
AL,UNNAMED,1969,22,23,19690927,0,,TS,36.5N,39.5W,55,,,,,,,,,,,,,
AL,UNNAMED,1969,22,23,19690927,600,,TS,37.0N,38.7W,60,,,,,,,,,,,,,
AL,UNNAMED,1969,22,23,19690927,1200,,TS,37.5N,38.0W,60,990,,,,,,,,,,,,
AL,UNNAMED,1969,22,23,19690927,1800,,TS,38.2N,37.5W,60,,,,,,,,,,,,,
AL,UNNAMED,1969,22,23,19690928,0,,TS,39.0N,37.2W,60,,,,,,,,,,,,,
AL,UNNAMED,1969,22,23,19690928,600,,TS,40.0N,37.0W,60,,,,,,,,,,,,,
AL,UNNAMED,1969,22,23,19690928,1200,,TS,41.0N,37.0W,60,990,,,,,,,,,,,,
AL,UNNAMED,1969,22,23,19690928,1800,,TS,41.6N,37.3W,60,,,,,,,,,,,,,
AL,UNNAMED,1969,22,23,19690929,0,,TS,42.2N,38.0W,60,,,,,,,,,,,,,
AL,UNNAMED,1969,22,23,19690929,600,,TS,42.8N,39.5W,60,,,,,,,,,,,,,
AL,UNNAMED,1969,22,23,19690929,1200,,TS,43.5N,41.0W,60,990,,,,,,,,,,,,
AL,UNNAMED,1969,22,23,19690929,1800,,TS,44.8N,41.4W,55,,,,,,,,,,,,,
AL,UNNAMED,1969,22,23,19690930,0,,TS,47.0N,41.0W,50,,,,,,,,,,,,,
AL,UNNAMED,1969,23,10,19690929,1200,,SD,23.5N,85.5W,30,1005,,,,,,,,,,,,
AL,UNNAMED,1969,23,10,19690929,1800,,SS,24.0N,85.7W,45,1002,,,,,,,,,,,,
AL,UNNAMED,1969,23,10,19690930,0,,SS,24.5N,86.0W,50,1001,,,,,,,,,,,,
AL,UNNAMED,1969,23,10,19690930,600,,SS,25.0N,86.3W,50,,,,,,,,,,,,,
AL,UNNAMED,1969,23,10,19690930,1200,,SS,25.5N,86.5W,50,1000,,,,,,,,,,,,
AL,UNNAMED,1969,23,10,19690930,1800,,SS,26.5N,86.5W,50,,,,,,,,,,,,,
AL,UNNAMED,1969,23,10,19691001,0,,SS,27.5N,86.6W,50,998,,,,,,,,,,,,
AL,UNNAMED,1969,23,10,19691001,600,,SS,28.5N,86.6W,40,,,,,,,,,,,,,
AL,UNNAMED,1969,23,10,19691001,1200,,SD,29.5N,86.5W,30,996,,,,,,,,,,,,
AL,UNNAMED,1969,23,10,19691001,1800,,SD,31.0N,86.5W,25,999,,,,,,,,,,,,
AL,JENNY,1969,24,22,19691001,1200,,TD,19.0N,83.7W,25,,,,,,,,,,,,,
AL,JENNY,1969,24,22,19691001,1800,,TD,20.3N,83.2W,25,,,,,,,,,,,,,
AL,JENNY,1969,24,22,19691002,0,,TD,21.8N,82.8W,25,,,,,,,,,,,,,
AL,JENNY,1969,24,22,19691002,600,,TD,23.0N,82.4W,25,,,,,,,,,,,,,
AL,JENNY,1969,24,22,19691002,1200,,TD,24.3N,82.3W,30,,,,,,,,,,,,,
AL,JENNY,1969,24,22,19691002,1800,,TS,25.5N,82.1W,40,1000,,,,,,,,,,,,
AL,JENNY,1969,24,22,19691003,0,,TS,26.4N,81.8W,35,,,,,,,,,,,,,
AL,JENNY,1969,24,22,19691003,600,,TD,27.4N,81.2W,30,,,,,,,,,,,,,
AL,JENNY,1969,24,22,19691003,1200,,TD,28.5N,80.7W,30,,,,,,,,,,,,,
AL,JENNY,1969,24,22,19691003,1800,,TD,28.8N,80.7W,30,,,,,,,,,,,,,
AL,JENNY,1969,24,22,19691004,0,,TD,29.0N,80.9W,25,,,,,,,,,,,,,
AL,JENNY,1969,24,22,19691004,600,,TD,29.1N,81.2W,25,,,,,,,,,,,,,
AL,JENNY,1969,24,22,19691004,1200,,TD,29.0N,81.4W,25,,,,,,,,,,,,,
AL,JENNY,1969,24,22,19691004,1800,,TD,28.7N,81.7W,25,,,,,,,,,,,,,
AL,JENNY,1969,24,22,19691005,0,,TD,28.0N,82.8W,25,,,,,,,,,,,,,
AL,JENNY,1969,24,22,19691005,600,,TD,27.6N,84.3W,25,,,,,,,,,,,,,
AL,JENNY,1969,24,22,19691005,1200,,TD,27.5N,85.8W,25,,,,,,,,,,,,,
AL,JENNY,1969,24,22,19691005,1800,,TD,27.5N,87.2W,25,,,,,,,,,,,,,
AL,JENNY,1969,24,22,19691006,0,,TD,27.5N,88.6W,25,,,,,,,,,,,,,
AL,JENNY,1969,24,22,19691006,600,,TD,27.5N,90.0W,25,,,,,,,,,,,,,
AL,JENNY,1969,24,22,19691006,1200,,TD,27.5N,91.4W,25,,,,,,,,,,,,,
AL,JENNY,1969,24,22,19691006,1800,,TD,27.5N,92.8W,25,,,,,,,,,,,,,
AL,KARA,1969,25,48,19691007,1200,,TD,20.5N,68.0W,25,,,,,,,,,,,,,
AL,KARA,1969,25,48,19691007,1800,,TD,20.7N,69.2W,25,,,,,,,,,,,,,
AL,KARA,1969,25,48,19691008,0,,TD,20.9N,70.0W,25,,,,,,,,,,,,,
AL,KARA,1969,25,48,19691008,600,,TD,21.1N,70.8W,25,,,,,,,,,,,,,
AL,KARA,1969,25,48,19691008,1200,,TD,21.3N,72.0W,30,,,,,,,,,,,,,
AL,KARA,1969,25,48,19691008,1800,,TD,22.5N,73.2W,30,,,,,,,,,,,,,
AL,KARA,1969,25,48,19691009,0,,TD,23.5N,73.6W,30,,,,,,,,,,,,,
AL,KARA,1969,25,48,19691009,600,,TD,24.7N,73.7W,30,,,,,,,,,,,,,
AL,KARA,1969,25,48,19691009,1200,,TD,25.7N,73.6W,30,1006,,,,,,,,,,,,
AL,KARA,1969,25,48,19691009,1800,,TS,27.2N,73.3W,35,,,,,,,,,,,,,
AL,KARA,1969,25,48,19691010,0,,TS,27.9N,72.8W,40,,,,,,,,,,,,,
AL,KARA,1969,25,48,19691010,600,,TS,28.4N,72.4W,45,,,,,,,,,,,,,
AL,KARA,1969,25,48,19691010,1200,,TS,28.7N,72.1W,40,1001,,,,,,,,,,,,
AL,KARA,1969,25,48,19691010,1800,,TS,29.5N,71.3W,40,,,,,,,,,,,,,
AL,KARA,1969,25,48,19691011,0,,TS,29.9N,70.5W,35,999,,,,,,,,,,,,
AL,KARA,1969,25,48,19691011,600,,TS,30.7N,69.8W,35,,,,,,,,,,,,,
AL,KARA,1969,25,48,19691011,1200,,TS,32.4N,69.8W,35,,,,,,,,,,,,,
AL,KARA,1969,25,48,19691011,1800,,TS,34.0N,70.2W,35,1001,,,,,,,,,,,,
AL,KARA,1969,25,48,19691012,0,,TS,34.5N,70.6W,40,,,,,,,,,,,,,
AL,KARA,1969,25,48,19691012,600,,TS,34.8N,70.7W,45,997,,,,,,,,,,,,
AL,KARA,1969,25,48,19691012,1200,,TS,34.9N,71.9W,50,,,,,,,,,,,,,
AL,KARA,1969,25,48,19691012,1800,,TS,34.2N,71.4W,55,,,,,,,,,,,,,
AL,KARA,1969,25,48,19691013,0,,TS,33.6N,71.5W,55,,,,,,,,,,,,,
AL,KARA,1969,25,48,19691013,600,,TS,33.3N,71.4W,55,,,,,,,,,,,,,
AL,KARA,1969,25,48,19691013,1200,,TS,32.7N,72.8W,55,,,,,,,,,,,,,
AL,KARA,1969,25,48,19691013,1800,,TS,31.9N,73.8W,60,,,,,,,,,,,,,
AL,KARA,1969,25,48,19691014,0,,TS,31.0N,74.7W,60,,,,,,,,,,,,,
AL,KARA,1969,25,48,19691014,600,,TS,31.4N,75.0W,60,,,,,,,,,,,,,
AL,KARA,1969,25,48,19691014,1200,,TS,32.0N,75.7W,60,990,,,,,,,,,,,,
AL,KARA,1969,25,48,19691014,1800,,TS,31.3N,76.3W,60,,,,,,,,,,,,,
AL,KARA,1969,25,48,19691015,0,,TS,31.4N,75.4W,60,988,,,,,,,,,,,,
AL,KARA,1969,25,48,19691015,600,,HU,32.2N,74.5W,65,,,,,,,,,,,,,
AL,KARA,1969,25,48,19691015,1200,,HU,32.7N,73.5W,65,984,,,,,,,,,,,,
AL,KARA,1969,25,48,19691015,1800,,HU,33.3N,72.4W,65,,,,,,,,,,,,,
AL,KARA,1969,25,48,19691016,0,,HU,33.7N,71.2W,65,,,,,,,,,,,,,
AL,KARA,1969,25,48,19691016,600,,HU,34.3N,70.0W,65,,,,,,,,,,,,,
AL,KARA,1969,25,48,19691016,1200,,HU,34.8N,68.8W,70,994,,,,,,,,,,,,
AL,KARA,1969,25,48,19691016,1800,,HU,35.7N,67.2W,75,990,,,,,,,,,,,,
AL,KARA,1969,25,48,19691017,0,,HU,36.9N,64.8W,75,,,,,,,,,,,,,
AL,KARA,1969,25,48,19691017,600,,HU,38.2N,62.7W,75,,,,,,,,,,,,,
AL,KARA,1969,25,48,19691017,1200,,HU,39.6N,60.2W,80,985,,,,,,,,,,,,
AL,KARA,1969,25,48,19691017,1800,,HU,41.1N,56.3W,85,978,,,,,,,,,,,,
AL,KARA,1969,25,48,19691018,0,,HU,43.3N,50.8W,90,,,,,,,,,,,,,
AL,KARA,1969,25,48,19691018,600,,HU,45.2N,45.3W,80,980,,,,,,,,,,,,
AL,KARA,1969,25,48,19691018,1200,,HU,46.1N,40.0W,65,,,,,,,,,,,,,
AL,KARA,1969,25,48,19691018,1800,,TS,46.2N,35.1W,60,,,,,,,,,,,,,
AL,KARA,1969,25,48,19691019,0,,EX,46.0N,30.3W,55,,,,,,,,,,,,,
AL,KARA,1969,25,48,19691019,600,,EX,45.8N,28.0W,45,,,,,,,,,,,,,
AL,LAURIE,1969,26,42,19691017,0,,TD,17.3N,85.1W,25,1007,,,,,,,,,,,,
AL,LAURIE,1969,26,42,19691017,600,,TD,17.6N,85.4W,25,,,,,,,,,,,,,
AL,LAURIE,1969,26,42,19691017,1200,,TD,17.9N,85.7W,25,,,,,,,,,,,,,
AL,LAURIE,1969,26,42,19691017,1800,,TD,18.1N,85.9W,25,,,,,,,,,,,,,
AL,LAURIE,1969,26,42,19691018,0,,TD,18.3N,86.1W,25,,,,,,,,,,,,,
AL,LAURIE,1969,26,42,19691018,600,,TD,18.7N,86.5W,25,,,,,,,,,,,,,
AL,LAURIE,1969,26,42,19691018,1200,,TD,19.1N,86.9W,25,,,,,,,,,,,,,
AL,LAURIE,1969,26,42,19691018,1800,,TD,19.7N,87.6W,30,,,,,,,,,,,,,
AL,LAURIE,1969,26,42,19691019,0,,TD,20.4N,88.3W,30,1005,,,,,,,,,,,,
AL,LAURIE,1969,26,42,19691019,600,,TD,21.0N,89.0W,30,,,,,,,,,,,,,
AL,LAURIE,1969,26,42,19691019,1200,,TS,21.5N,89.5W,45,1000,,,,,,,,,,,,
AL,LAURIE,1969,26,42,19691019,1800,,TS,22.4N,90.2W,45,,,,,,,,,,,,,
AL,LAURIE,1969,26,42,19691020,0,,TS,23.3N,90.8W,50,,,,,,,,,,,,,
AL,LAURIE,1969,26,42,19691020,600,,TS,23.8N,90.9W,55,,,,,,,,,,,,,
AL,LAURIE,1969,26,42,19691020,1200,,HU,24.3N,91.0W,65,993,,,,,,,,,,,,
AL,LAURIE,1969,26,42,19691020,1800,,HU,24.9N,91.1W,70,,,,,,,,,,,,,
AL,LAURIE,1969,26,42,19691021,0,,HU,25.8N,91.0W,70,973,,,,,,,,,,,,
AL,LAURIE,1969,26,42,19691021,600,,HU,26.2N,90.4W,75,,,,,,,,,,,,,
AL,LAURIE,1969,26,42,19691021,1200,,HU,26.3N,89.6W,90,973,,,,,,,,,,,,
AL,LAURIE,1969,26,42,19691021,1800,,HU,26.3N,88.9W,90,,,,,,,,,,,,,
AL,LAURIE,1969,26,42,19691022,0,,HU,26.2N,88.3W,85,980,,,,,,,,,,,,
AL,LAURIE,1969,26,42,19691022,600,,HU,26.0N,87.5W,80,,,,,,,,,,,,,
AL,LAURIE,1969,26,42,19691022,1200,,HU,25.4N,86.8W,75,987,,,,,,,,,,,,
AL,LAURIE,1969,26,42,19691022,1800,,HU,25.1N,86.5W,70,,,,,,,,,,,,,
AL,LAURIE,1969,26,42,19691023,0,,HU,24.7N,86.2W,65,992,,,,,,,,,,,,
AL,LAURIE,1969,26,42,19691023,600,,TS,24.4N,86.1W,60,,,,,,,,,,,,,
AL,LAURIE,1969,26,42,19691023,1200,,TS,24.1N,86.2W,45,,,,,,,,,,,,,
AL,LAURIE,1969,26,42,19691023,1800,,TS,23.8N,86.8W,40,,,,,,,,,,,,,
AL,LAURIE,1969,26,42,19691024,0,,TS,23.6N,87.5W,35,,,,,,,,,,,,,
AL,LAURIE,1969,26,42,19691024,600,,TS,23.5N,88.0W,35,,,,,,,,,,,,,
AL,LAURIE,1969,26,42,19691024,1200,,TS,23.4N,88.6W,35,1001,,,,,,,,,,,,
AL,LAURIE,1969,26,42,19691024,1800,,TD,23.2N,89.5W,30,,,,,,,,,,,,,
AL,LAURIE,1969,26,42,19691025,0,,TD,23.1N,90.4W,30,,,,,,,,,,,,,
AL,LAURIE,1969,26,42,19691025,600,,TD,22.9N,91.1W,30,,,,,,,,,,,,,
AL,LAURIE,1969,26,42,19691025,1200,,TD,22.4N,91.7W,25,1007,,,,,,,,,,,,
AL,LAURIE,1969,26,42,19691025,1800,,TD,22.0N,92.2W,25,,,,,,,,,,,,,
AL,LAURIE,1969,26,42,19691026,0,,TD,21.4N,92.6W,30,,,,,,,,,,,,,
AL,LAURIE,1969,26,42,19691026,600,,TD,20.8N,92.9W,30,,,,,,,,,,,,,
AL,LAURIE,1969,26,42,19691026,1200,,TD,20.1N,93.0W,30,,,,,,,,,,,,,
AL,LAURIE,1969,26,42,19691026,1800,,TD,19.4N,93.0W,30,1006,,,,,,,,,,,,
AL,LAURIE,1969,26,42,19691027,0,,TD,18.7N,93.1W,25,,,,,,,,,,,,,
AL,LAURIE,1969,26,42,19691027,600,,TD,18.0N,93.1W,20,,,,,,,,,,,,,
AL,UNNAMED,1969,27,14,19691028,1200,,SD,30.5N,42.5W,25,1014,,,,,,,,,,,,
AL,UNNAMED,1969,27,14,19691028,1800,,SD,31.3N,43.6W,30,,,,,,,,,,,,,
AL,UNNAMED,1969,27,14,19691029,0,,SS,32.0N,44.5W,35,1007,,,,,,,,,,,,
AL,UNNAMED,1969,27,14,19691029,600,,SS,32.8N,45.3W,45,,,,,,,,,,,,,
AL,UNNAMED,1969,27,14,19691029,1200,,SS,33.5N,46.0W,50,995,,,,,,,,,,,,
AL,UNNAMED,1969,27,14,19691029,1800,,SS,34.0N,46.6W,55,,,,,,,,,,,,,
AL,UNNAMED,1969,27,14,19691030,0,,TS,34.5N,47.0W,55,993,,,,,,,,,,,,
AL,UNNAMED,1969,27,14,19691030,600,,TS,35.3N,46.8W,60,,,,,,,,,,,,,
AL,UNNAMED,1969,27,14,19691030,1200,,TS,36.0N,46.0W,60,990,,,,,,,,,,,,
AL,UNNAMED,1969,27,14,19691030,1800,,TS,36.8N,44.7W,60,,,,,,,,,,,,,
AL,UNNAMED,1969,27,14,19691031,0,,TS,37.5N,43.0W,60,990,,,,,,,,,,,,
AL,UNNAMED,1969,27,14,19691031,600,,TS,37.9N,40.9W,55,,,,,,,,,,,,,
AL,UNNAMED,1969,27,14,19691031,1200,,TS,38.0N,38.5W,50,995,,,,,,,,,,,,
AL,UNNAMED,1969,27,14,19691031,1800,,EX,38.0N,35.0W,45,,,,,,,,,,,,,
AL,UNNAMED,1969,28,31,19691030,1200,,EX,42.5N,57.0W,50,,,,,,,,,,,,,
AL,UNNAMED,1969,28,31,19691030,1800,,EX,41.8N,56.3W,50,,,,,,,,,,,,,
AL,UNNAMED,1969,28,31,19691031,0,,EX,41.0N,55.5W,50,992,,,,,,,,,,,,
AL,UNNAMED,1969,28,31,19691031,600,,EX,40.3N,54.8W,50,,,,,,,,,,,,,
AL,UNNAMED,1969,28,31,19691031,1200,,SS,39.5N,54.0W,55,988,,,,,,,,,,,,
AL,UNNAMED,1969,28,31,19691031,1800,,SS,39.0N,53.0W,55,,,,,,,,,,,,,
AL,UNNAMED,1969,28,31,19691101,0,,SS,38.5N,52.0W,60,,,,,,,,,,,,,
AL,UNNAMED,1969,28,31,19691101,600,,SS,38.0N,51.0W,60,,,,,,,,,,,,,
AL,UNNAMED,1969,28,31,19691101,1200,,SS,37.5N,50.0W,60,992,,,,,,,,,,,,
AL,UNNAMED,1969,28,31,19691101,1800,,SS,35.6N,49.2W,60,,,,,,,,,,,,,
AL,UNNAMED,1969,28,31,19691102,0,,SS,33.5N,48.5W,55,,,,,,,,,,,,,
AL,UNNAMED,1969,28,31,19691102,600,,SS,32.5N,48.0W,50,,,,,,,,,,,,,
AL,UNNAMED,1969,28,31,19691102,1200,,TS,31.5N,47.5W,50,998,,,,,,,,,,,,
AL,UNNAMED,1969,28,31,19691102,1800,,TS,30.5N,46.6W,50,,,,,,,,,,,,,
AL,UNNAMED,1969,28,31,19691103,0,,TS,29.5N,45.5W,55,,,,,,,,,,,,,
AL,UNNAMED,1969,28,31,19691103,600,,TS,28.3N,44.3W,60,,,,,,,,,,,,,
AL,UNNAMED,1969,28,31,19691103,1200,,TS,27.0N,43.0W,60,995,,,,,,,,,,,,
AL,UNNAMED,1969,28,31,19691103,1800,,TS,26.4N,41.4W,60,,,,,,,,,,,,,
AL,UNNAMED,1969,28,31,19691104,0,,TS,26.5N,40.0W,60,,,,,,,,,,,,,
AL,UNNAMED,1969,28,31,19691104,600,,TS,27.1N,39.0W,60,,,,,,,,,,,,,
AL,UNNAMED,1969,28,31,19691104,1200,,HU,28.0N,38.0W,65,992,,,,,,,,,,,,
AL,UNNAMED,1969,28,31,19691104,1800,,HU,29.2N,37.0W,65,,,,,,,,,,,,,
AL,UNNAMED,1969,28,31,19691105,0,,HU,30.3N,36.0W,65,,,,,,,,,,,,,
AL,UNNAMED,1969,28,31,19691105,600,,HU,31.4N,35.0W,65,,,,,,,,,,,,,
AL,UNNAMED,1969,28,31,19691105,1200,,TS,32.5N,34.0W,60,,,,,,,,,,,,,
AL,UNNAMED,1969,28,31,19691105,1800,,TS,33.8N,33.0W,60,,,,,,,,,,,,,
AL,UNNAMED,1969,28,31,19691106,0,,TS,35.0N,32.0W,60,,,,,,,,,,,,,
AL,UNNAMED,1969,28,31,19691106,600,,TS,36.3N,30.7W,55,,,,,,,,,,,,,
AL,UNNAMED,1969,28,31,19691106,1200,,TS,37.5N,29.0W,50,,,,,,,,,,,,,
AL,UNNAMED,1969,28,31,19691106,1800,,TS,38.8N,27.1W,50,,,,,,,,,,,,,
AL,UNNAMED,1969,28,31,19691107,0,,TS,40.0N,25.0W,45,,,,,,,,,,,,,
AL,MARTHA,1969,29,17,19691121,1200,,TS,10.3N,81.0W,45,,,,,,,,,,,,,
AL,MARTHA,1969,29,17,19691121,1800,,TS,10.3N,81.0W,55,,,,,,,,,,,,,
AL,MARTHA,1969,29,17,19691122,0,,HU,10.3N,81.0W,65,,,,,,,,,,,,,
AL,MARTHA,1969,29,17,19691122,600,,HU,10.3N,81.0W,70,,,,,,,,,,,,,
AL,MARTHA,1969,29,17,19691122,1200,,HU,10.3N,81.0W,80,979,,,,,,,,,,,,
AL,MARTHA,1969,29,17,19691122,1800,,HU,10.2N,81.0W,75,,,,,,,,,,,,,
AL,MARTHA,1969,29,17,19691123,0,,HU,10.1N,81.0W,70,986,,,,,,,,,,,,
AL,MARTHA,1969,29,17,19691123,600,,HU,10.0N,81.0W,65,,,,,,,,,,,,,
AL,MARTHA,1969,29,17,19691123,1200,,TS,9.8N,81.0W,60,999,,,,,,,,,,,,
AL,MARTHA,1969,29,17,19691123,1800,,TS,9.6N,81.0W,60,,,,,,,,,,,,,
AL,MARTHA,1969,29,17,19691124,0,,TS,9.4N,81.0W,60,1000,,,,,,,,,,,,
AL,MARTHA,1969,29,17,19691124,600,,TS,9.2N,81.0W,60,,,,,,,,,,,,,
AL,MARTHA,1969,29,17,19691124,1200,,TS,9.0N,81.0W,60,1000,,,,,,,,,,,,
AL,MARTHA,1969,29,17,19691124,1800,,TS,8.8N,81.1W,40,,,,,,,,,,,,,
AL,MARTHA,1969,29,17,19691125,0,,TD,8.7N,81.3W,30,,,,,,,,,,,,,
AL,MARTHA,1969,29,17,19691125,600,,TD,8.6N,81.6W,30,,,,,,,,,,,,,
AL,MARTHA,1969,29,17,19691125,1200,,TD,8.5N,82.0W,25,,,,,,,,,,,,,
AL,ALMA,1970,1,39,19700517,1800,,TD,11.5N,79.0W,25,,,,,,,,,,,,,
AL,ALMA,1970,1,39,19700518,0,,TD,11.7N,79.2W,25,,,,,,,,,,,,,
AL,ALMA,1970,1,39,19700518,600,,TD,12.1N,79.7W,25,,,,,,,,,,,,,
AL,ALMA,1970,1,39,19700518,1200,,TD,12.3N,80.1W,25,1007,,,,,,,,,,,,
AL,ALMA,1970,1,39,19700518,1800,,TD,12.5N,80.5W,25,,,,,,,,,,,,,
AL,ALMA,1970,1,39,19700519,0,,TD,13.0N,81.0W,25,,,,,,,,,,,,,
AL,ALMA,1970,1,39,19700519,600,,TD,13.5N,81.5W,25,,,,,,,,,,,,,
AL,ALMA,1970,1,39,19700519,1200,,TD,14.0N,82.0W,25,1005,,,,,,,,,,,,
AL,ALMA,1970,1,39,19700519,1800,,TD,14.5N,82.5W,25,,,,,,,,,,,,,
AL,ALMA,1970,1,39,19700520,0,,TS,15.5N,82.5W,35,,,,,,,,,,,,,
AL,ALMA,1970,1,39,19700520,600,,TS,16.2N,82.3W,35,,,,,,,,,,,,,
AL,ALMA,1970,1,39,19700520,1200,,HU,16.8N,81.9W,65,,,,,,,,,,,,,
AL,ALMA,1970,1,39,19700520,1800,,HU,17.2N,81.6W,70,993,,,,,,,,,,,,
AL,ALMA,1970,1,39,19700521,0,,TS,18.0N,81.0W,55,,,,,,,,,,,,,
AL,ALMA,1970,1,39,19700521,600,,TS,18.2N,80.3W,50,,,,,,,,,,,,,
AL,ALMA,1970,1,39,19700521,1200,,TS,18.5N,80.2W,45,,,,,,,,,,,,,
AL,ALMA,1970,1,39,19700521,1800,,TS,19.0N,80.0W,40,998,,,,,,,,,,,,
AL,ALMA,1970,1,39,19700522,0,,TS,19.6N,80.1W,35,1004,,,,,,,,,,,,
AL,ALMA,1970,1,39,19700522,600,,TD,19.3N,80.6W,30,,,,,,,,,,,,,
AL,ALMA,1970,1,39,19700522,1200,,TD,19.1N,81.1W,30,,,,,,,,,,,,,
AL,ALMA,1970,1,39,19700522,1800,,TD,19.0N,81.8W,30,1007,,,,,,,,,,,,
AL,ALMA,1970,1,39,19700523,0,,TD,19.2N,82.7W,30,,,,,,,,,,,,,
AL,ALMA,1970,1,39,19700523,600,,TD,19.8N,83.5W,25,,,,,,,,,,,,,
AL,ALMA,1970,1,39,19700523,1200,,TD,21.0N,83.9W,25,,,,,,,,,,,,,
AL,ALMA,1970,1,39,19700523,1800,,TD,21.9N,84.0W,25,,,,,,,,,,,,,
AL,ALMA,1970,1,39,19700524,0,,TD,23.0N,84.0W,25,,,,,,,,,,,,,
AL,ALMA,1970,1,39,19700524,600,,TD,24.0N,84.0W,25,,,,,,,,,,,,,
AL,ALMA,1970,1,39,19700524,1200,,TD,25.2N,84.0W,25,1008,,,,,,,,,,,,
AL,ALMA,1970,1,39,19700524,1800,,TD,26.8N,83.9W,25,,,,,,,,,,,,,
AL,ALMA,1970,1,39,19700525,0,,TD,28.3N,83.6W,25,,,,,,,,,,,,,
AL,ALMA,1970,1,39,19700525,600,,TD,29.5N,82.9W,25,,,,,,,,,,,,,
AL,ALMA,1970,1,39,19700525,1200,,TD,30.6N,82.2W,25,,,,,,,,,,,,,
AL,ALMA,1970,1,39,19700525,1800,,TD,31.8N,81.6W,25,,,,,,,,,,,,,
AL,ALMA,1970,1,39,19700526,0,,TD,32.6N,81.2W,25,1005,,,,,,,,,,,,
AL,ALMA,1970,1,39,19700526,600,,TD,33.3N,80.7W,25,,,,,,,,,,,,,
AL,ALMA,1970,1,39,19700526,1200,,TD,34.8N,79.9W,25,,,,,,,,,,,,,
AL,ALMA,1970,1,39,19700526,1800,,TD,35.7N,78.7W,25,,,,,,,,,,,,,
AL,ALMA,1970,1,39,19700527,0,,EX,36.5N,77.0W,25,1003,,,,,,,,,,,,
AL,ALMA,1970,1,39,19700527,600,,EX,37.0N,75.5W,25,,,,,,,,,,,,,
AL,BECKY,1970,2,19,19700719,0,,TD,18.5N,83.5W,25,,,,,,,,,,,,,
AL,BECKY,1970,2,19,19700719,600,,TD,18.8N,84.5W,25,,,,,,,,,,,,,
AL,BECKY,1970,2,19,19700719,1200,,TD,19.4N,85.2W,30,,,,,,,,,,,,,
AL,BECKY,1970,2,19,19700719,1800,,TD,20.3N,85.6W,30,1010,,,,,,,,,,,,
AL,BECKY,1970,2,19,19700720,0,,TD,21.3N,85.9W,30,,,,,,,,,,,,,
AL,BECKY,1970,2,19,19700720,600,,TD,22.3N,86.2W,30,,,,,,,,,,,,,
AL,BECKY,1970,2,19,19700720,1200,,TS,23.3N,86.4W,40,,,,,,,,,,,,,
AL,BECKY,1970,2,19,19700720,1800,,TS,24.1N,86.6W,45,1008,,,,,,,,,,,,
AL,BECKY,1970,2,19,19700721,0,,TS,25.0N,86.6W,50,1003,,,,,,,,,,,,
AL,BECKY,1970,2,19,19700721,600,,TS,25.8N,86.7W,55,1004,,,,,,,,,,,,
AL,BECKY,1970,2,19,19700721,1200,,TS,26.6N,86.6W,55,1006,,,,,,,,,,,,
AL,BECKY,1970,2,19,19700721,1800,,TS,27.5N,86.3W,55,,,,,,,,,,,,,
AL,BECKY,1970,2,19,19700722,0,,TS,28.3N,86.0W,45,,,,,,,,,,,,,
AL,BECKY,1970,2,19,19700722,600,,TS,29.2N,85.5W,40,,,,,,,,,,,,,
AL,BECKY,1970,2,19,19700722,1200,,TD,29.9N,85.1W,30,1009,,,,,,,,,,,,
AL,BECKY,1970,2,19,19700722,1800,,TD,31.7N,84.7W,25,,,,,,,,,,,,,
AL,BECKY,1970,2,19,19700723,0,,TD,33.4N,85.2W,25,,,,,,,,,,,,,
AL,BECKY,1970,2,19,19700723,600,,TD,35.3N,86.0W,25,1015,,,,,,,,,,,,
AL,BECKY,1970,2,19,19700723,1200,,TD,37.2N,86.9W,20,,,,,,,,,,,,,
AL,UNNAMED,1970,3,22,19700727,1200,,TD,33.0N,76.5W,20,,,,,,,,,,,,,
AL,UNNAMED,1970,3,22,19700727,1800,,TD,33.5N,76.2W,25,,,,,,,,,,,,,
AL,UNNAMED,1970,3,22,19700728,0,,TD,34.0N,76.0W,25,,,,,,,,,,,,,
AL,UNNAMED,1970,3,22,19700728,600,,TD,34.5N,75.7W,25,,,,,,,,,,,,,
AL,UNNAMED,1970,3,22,19700728,1200,,TD,35.0N,75.5W,25,,,,,,,,,,,,,
AL,UNNAMED,1970,3,22,19700728,1800,,TD,34.8N,74.5W,25,,,,,,,,,,,,,
AL,UNNAMED,1970,3,22,19700729,0,,TD,34.7N,73.5W,25,,,,,,,,,,,,,
AL,UNNAMED,1970,3,22,19700729,600,,TD,34.6N,72.5W,25,,,,,,,,,,,,,
AL,UNNAMED,1970,3,22,19700729,1200,,TD,34.5N,71.5W,25,,,,,,,,,,,,,
AL,UNNAMED,1970,3,22,19700729,1800,,TD,33.9N,69.2W,20,,,,,,,,,,,,,
AL,UNNAMED,1970,3,22,19700730,0,,TD,33.2N,67.0W,20,,,,,,,,,,,,,
AL,UNNAMED,1970,3,22,19700730,600,,TD,32.6N,64.7W,20,,,,,,,,,,,,,
AL,UNNAMED,1970,3,22,19700730,1200,,TD,32.0N,62.5W,20,,,,,,,,,,,,,
AL,UNNAMED,1970,3,22,19700730,1800,,TD,32.7N,61.3W,25,,,,,,,,,,,,,
AL,UNNAMED,1970,3,22,19700731,0,,TD,33.5N,60.2W,25,,,,,,,,,,,,,
AL,UNNAMED,1970,3,22,19700731,600,,TD,34.2N,59.1W,25,,,,,,,,,,,,,
AL,UNNAMED,1970,3,22,19700731,1200,,TD,35.0N,58.0W,25,,,,,,,,,,,,,
AL,UNNAMED,1970,3,22,19700731,1800,,TD,36.2N,57.7W,25,,,,,,,,,,,,,
AL,UNNAMED,1970,3,22,19700801,0,,TD,37.5N,57.3W,25,,,,,,,,,,,,,
AL,UNNAMED,1970,3,22,19700801,600,,TD,38.9N,56.9W,25,,,,,,,,,,,,,
AL,UNNAMED,1970,3,22,19700801,1200,,TD,40.0N,56.5W,20,,,,,,,,,,,,,
AL,UNNAMED,1970,3,22,19700801,1800,,TD,42.0N,56.0W,20,,,,,,,,,,,,,
AL,CELIA,1970,4,24,19700731,0,,TD,18.5N,82.5W,25,1008,,,,,,,,,,,,
AL,CELIA,1970,4,24,19700731,600,,TD,19.5N,82.9W,25,,,,,,,,,,,,,
AL,CELIA,1970,4,24,19700731,1200,,TD,20.3N,83.2W,25,,,,,,,,,,,,,
AL,CELIA,1970,4,24,19700731,1800,,TD,21.1N,83.8W,30,,,,,,,,,,,,,
AL,CELIA,1970,4,24,19700801,0,,TD,21.9N,84.3W,30,1007,,,,,,,,,,,,
AL,CELIA,1970,4,24,19700801,600,,TD,22.7N,85.0W,30,,,,,,,,,,,,,
AL,CELIA,1970,4,24,19700801,1200,,TS,23.3N,85.8W,45,993,,,,,,,,,,,,
AL,CELIA,1970,4,24,19700801,1800,,TS,23.9N,86.5W,60,990,,,,,,,,,,,,
AL,CELIA,1970,4,24,19700802,0,,HU,24.3N,87.2W,100,965,,,,,,,,,,,,
AL,CELIA,1970,4,24,19700802,600,,HU,24.9N,88.3W,90,975,,,,,,,,,,,,
AL,CELIA,1970,4,24,19700802,1200,,HU,25.3N,89.6W,85,986,,,,,,,,,,,,
AL,CELIA,1970,4,24,19700802,1800,,HU,25.8N,90.8W,85,984,,,,,,,,,,,,
AL,CELIA,1970,4,24,19700803,0,,HU,26.2N,92.0W,80,,,,,,,,,,,,,
AL,CELIA,1970,4,24,19700803,600,,HU,26.6N,93.5W,75,988,,,,,,,,,,,,
AL,CELIA,1970,4,24,19700803,1200,,HU,27.0N,94.9W,90,971,,,,,,,,,,,,
AL,CELIA,1970,4,24,19700803,1800,,HU,27.5N,96.3W,110,945,,,,,,,,,,,,
AL,CELIA,1970,4,24,19700804,0,,HU,28.1N,97.8W,70,950,,,,,,,,,,,,
AL,CELIA,1970,4,24,19700804,600,,TS,28.6N,99.3W,55,985,,,,,,,,,,,,
AL,CELIA,1970,4,24,19700804,1200,,TS,29.1N,100.8W,50,992,,,,,,,,,,,,
AL,CELIA,1970,4,24,19700804,1800,,TS,29.7N,102.1W,35,,,,,,,,,,,,,
AL,CELIA,1970,4,24,19700805,0,,TD,30.3N,103.3W,30,,,,,,,,,,,,,
AL,CELIA,1970,4,24,19700805,600,,TD,30.9N,104.8W,30,,,,,,,,,,,,,
AL,CELIA,1970,4,24,19700805,1200,,TD,31.5N,105.8W,25,1007,,,,,,,,,,,,
AL,CELIA,1970,4,24,19700805,1800,,TD,32.3N,107.0W,25,,,,,,,,,,,,,
AL,UNNAMED,1970,5,17,19700802,1200,,TD,14.0N,18.0W,20,,,,,,,,,,,,,
AL,UNNAMED,1970,5,17,19700802,1800,,TD,14.5N,19.5W,25,,,,,,,,,,,,,
AL,UNNAMED,1970,5,17,19700803,0,,TD,15.0N,21.0W,25,,,,,,,,,,,,,
AL,UNNAMED,1970,5,17,19700803,600,,TD,15.5N,22.5W,30,,,,,,,,,,,,,
AL,UNNAMED,1970,5,17,19700803,1200,,TD,16.0N,24.0W,30,,,,,,,,,,,,,
AL,UNNAMED,1970,5,17,19700803,1800,,TD,16.3N,25.5W,30,,,,,,,,,,,,,
AL,UNNAMED,1970,5,17,19700804,0,,TD,16.7N,27.0W,30,,,,,,,,,,,,,
AL,UNNAMED,1970,5,17,19700804,600,,TD,17.1N,28.5W,30,,,,,,,,,,,,,
AL,UNNAMED,1970,5,17,19700804,1200,,TD,17.5N,30.0W,25,,,,,,,,,,,,,
AL,UNNAMED,1970,5,17,19700804,1800,,TD,17.5N,31.5W,25,,,,,,,,,,,,,
AL,UNNAMED,1970,5,17,19700805,0,,TD,17.5N,33.0W,25,,,,,,,,,,,,,
AL,UNNAMED,1970,5,17,19700805,600,,TD,17.5N,34.5W,25,,,,,,,,,,,,,
AL,UNNAMED,1970,5,17,19700805,1200,,TD,17.5N,36.0W,25,,,,,,,,,,,,,
AL,UNNAMED,1970,5,17,19700805,1800,,TD,17.5N,38.0W,25,,,,,,,,,,,,,
AL,UNNAMED,1970,5,17,19700806,0,,TD,17.5N,40.0W,20,,,,,,,,,,,,,
AL,UNNAMED,1970,5,17,19700806,600,,TD,17.5N,42.0W,20,,,,,,,,,,,,,
AL,UNNAMED,1970,5,17,19700806,1200,,TD,17.5N,44.0W,20,,,,,,,,,,,,,
AL,UNNAMED,1970,6,7,19700805,1200,,TD,28.0N,75.0W,20,,,,,,,,,,,,,
AL,UNNAMED,1970,6,7,19700805,1800,,TD,28.0N,76.0W,25,,,,,,,,,,,,,
AL,UNNAMED,1970,6,7,19700806,0,,TD,28.0N,77.0W,25,,,,,,,,,,,,,
AL,UNNAMED,1970,6,7,19700806,600,,TD,28.0N,78.0W,25,,,,,,,,,,,,,
AL,UNNAMED,1970,6,7,19700806,1200,,TD,28.0N,79.0W,25,,,,,,,,,,,,,
AL,UNNAMED,1970,6,7,19700806,1800,,TD,28.0N,80.0W,25,,,,,,,,,,,,,
AL,UNNAMED,1970,6,7,19700807,0,,TD,28.0N,81.0W,-99,,,,,,,,,,,,,
AL,UNNAMED,1970,7,29,19700811,1200,,TD,19.0N,21.0W,20,,,,,,,,,,,,,
AL,UNNAMED,1970,7,29,19700811,1800,,TD,19.0N,22.0W,25,,,,,,,,,,,,,
AL,UNNAMED,1970,7,29,19700812,0,,TD,19.0N,23.5W,25,,,,,,,,,,,,,
AL,UNNAMED,1970,7,29,19700812,600,,TD,19.0N,24.8W,25,,,,,,,,,,,,,
AL,UNNAMED,1970,7,29,19700812,1200,,TD,19.0N,26.0W,30,,,,,,,,,,,,,
AL,UNNAMED,1970,7,29,19700812,1800,,TD,19.0N,27.5W,30,,,,,,,,,,,,,
AL,UNNAMED,1970,7,29,19700813,0,,TD,19.0N,29.0W,30,,,,,,,,,,,,,
AL,UNNAMED,1970,7,29,19700813,600,,TD,19.0N,30.5W,30,,,,,,,,,,,,,
AL,UNNAMED,1970,7,29,19700813,1200,,TD,19.0N,32.0W,30,,,,,,,,,,,,,
AL,UNNAMED,1970,7,29,19700813,1800,,TD,18.8N,33.5W,30,,,,,,,,,,,,,
AL,UNNAMED,1970,7,29,19700814,0,,TD,18.5N,35.0W,30,,,,,,,,,,,,,
AL,UNNAMED,1970,7,29,19700814,600,,TD,18.2N,36.5W,30,,,,,,,,,,,,,
AL,UNNAMED,1970,7,29,19700814,1200,,TD,18.0N,38.0W,30,,,,,,,,,,,,,
AL,UNNAMED,1970,7,29,19700814,1800,,TD,18.0N,39.5W,30,,,,,,,,,,,,,
AL,UNNAMED,1970,7,29,19700815,0,,TD,18.0N,41.0W,30,,,,,,,,,,,,,
AL,UNNAMED,1970,7,29,19700815,600,,TD,18.0N,42.5W,30,,,,,,,,,,,,,
AL,UNNAMED,1970,7,29,19700815,1200,,TD,18.0N,44.0W,30,,,,,,,,,,,,,
AL,UNNAMED,1970,7,29,19700815,1800,,TD,18.0N,46.0W,30,,,,,,,,,,,,,
AL,UNNAMED,1970,7,29,19700816,0,,TD,18.0N,48.0W,25,,,,,,,,,,,,,
AL,UNNAMED,1970,7,29,19700816,600,,TD,18.0N,50.0W,25,,,,,,,,,,,,,
AL,UNNAMED,1970,7,29,19700816,1200,,TD,18.0N,52.0W,25,,,,,,,,,,,,,
AL,UNNAMED,1970,7,29,19700816,1800,,TD,18.5N,53.5W,25,,,,,,,,,,,,,
AL,UNNAMED,1970,7,29,19700817,0,,TD,19.0N,55.0W,25,,,,,,,,,,,,,
AL,UNNAMED,1970,7,29,19700817,600,,TD,19.5N,56.5W,25,,,,,,,,,,,,,
AL,UNNAMED,1970,7,29,19700817,1200,,TD,20.0N,58.0W,25,,,,,,,,,,,,,
AL,UNNAMED,1970,7,29,19700817,1800,,TD,20.5N,59.5W,25,,,,,,,,,,,,,
AL,UNNAMED,1970,7,29,19700818,0,,TD,21.0N,61.0W,20,,,,,,,,,,,,,
AL,UNNAMED,1970,7,29,19700818,600,,TD,21.5N,62.5W,20,,,,,,,,,,,,,
AL,UNNAMED,1970,7,29,19700818,1200,,TD,22.0N,64.0W,20,,,,,,,,,,,,,
AL,UNNAMED,1970,8,15,19700815,1200,,TD,27.0N,75.5W,25,1015,,,,,,,,,,,,
AL,UNNAMED,1970,8,15,19700815,1800,,TD,28.3N,77.0W,25,,,,,,,,,,,,,
AL,UNNAMED,1970,8,15,19700816,0,,TD,29.5N,78.0W,25,,,,,,,,,,,,,
AL,UNNAMED,1970,8,15,19700816,600,,TD,30.0N,78.4W,30,,,,,,,,,,,,,
AL,UNNAMED,1970,8,15,19700816,1200,,TD,30.5N,78.5W,30,,,,,,,,,,,,,
AL,UNNAMED,1970,8,15,19700816,1800,,TD,31.0N,78.5W,30,,,,,,,,,,,,,
AL,UNNAMED,1970,8,15,19700817,0,,TD,32.5N,78.0W,30,1013,,,,,,,,,,,,
AL,UNNAMED,1970,8,15,19700817,600,,TD,33.5N,78.0W,30,,,,,,,,,,,,,
AL,UNNAMED,1970,8,15,19700817,1200,,TD,35.0N,76.5W,30,,,,,,,,,,,,,
AL,UNNAMED,1970,8,15,19700817,1800,,TD,36.0N,75.5W,30,1011,,,,,,,,,,,,
AL,UNNAMED,1970,8,15,19700818,0,,TS,37.0N,72.5W,40,1005,,,,,,,,,,,,
AL,UNNAMED,1970,8,15,19700818,600,,TS,39.0N,69.0W,50,997,,,,,,,,,,,,
AL,UNNAMED,1970,8,15,19700818,1200,,TS,40.0N,65.5W,55,992,,,,,,,,,,,,
AL,UNNAMED,1970,8,15,19700818,1800,,TS,42.5N,58.5W,60,992,,,,,,,,,,,,
AL,UNNAMED,1970,8,15,19700819,0,,EX,44.0N,56.0W,55,,,,,,,,,,,,,
AL,DOROTHY,1970,9,25,19700817,1200,,TD,11.0N,41.0W,25,,,,,,,,,,,,,
AL,DOROTHY,1970,9,25,19700817,1800,,TD,11.3N,42.7W,25,,,,,,,,,,,,,
AL,DOROTHY,1970,9,25,19700818,0,,TD,11.5N,44.3W,25,,,,,,,,,,,,,
AL,DOROTHY,1970,9,25,19700818,600,,TD,11.8N,45.9W,25,,,,,,,,,,,,,
AL,DOROTHY,1970,9,25,19700818,1200,,TD,12.0N,47.5W,30,,,,,,,,,,,,,
AL,DOROTHY,1970,9,25,19700818,1800,,TD,12.4N,49.1W,30,,,,,,,,,,,,,
AL,DOROTHY,1970,9,25,19700819,0,,TS,12.8N,50.7W,35,,,,,,,,,,,,,
AL,DOROTHY,1970,9,25,19700819,600,,TS,13.1N,52.2W,40,,,,,,,,,,,,,
AL,DOROTHY,1970,9,25,19700819,1200,,TS,13.3N,53.6W,50,1000,,,,,,,,,,,,
AL,DOROTHY,1970,9,25,19700819,1800,,TS,13.6N,55.0W,55,1005,,,,,,,,,,,,
AL,DOROTHY,1970,9,25,19700820,0,,TS,13.7N,56.5W,45,1003,,,,,,,,,,,,
AL,DOROTHY,1970,9,25,19700820,600,,TS,13.8N,58.0W,55,996,,,,,,,,,,,,
AL,DOROTHY,1970,9,25,19700820,1200,,TS,13.9N,59.5W,60,998,,,,,,,,,,,,
AL,DOROTHY,1970,9,25,19700820,1800,,TS,14.5N,60.5W,60,1002,,,,,,,,,,,,
AL,DOROTHY,1970,9,25,19700821,0,,TS,14.6N,62.0W,55,,,,,,,,,,,,,
AL,DOROTHY,1970,9,25,19700821,600,,TS,14.8N,63.5W,50,,,,,,,,,,,,,
AL,DOROTHY,1970,9,25,19700821,1200,,TS,15.0N,64.8W,45,1006,,,,,,,,,,,,
AL,DOROTHY,1970,9,25,19700821,1800,,TS,15.2N,66.0W,45,1005,,,,,,,,,,,,
AL,DOROTHY,1970,9,25,19700822,0,,TS,15.4N,67.2W,40,1007,,,,,,,,,,,,
AL,DOROTHY,1970,9,25,19700822,600,,TS,15.6N,68.4W,40,,,,,,,,,,,,,
AL,DOROTHY,1970,9,25,19700822,1200,,TS,15.8N,69.6W,35,,,,,,,,,,,,,
AL,DOROTHY,1970,9,25,19700822,1800,,TD,15.9N,70.8W,30,,,,,,,,,,,,,
AL,DOROTHY,1970,9,25,19700823,0,,TD,16.0N,72.0W,30,,,,,,,,,,,,,
AL,DOROTHY,1970,9,25,19700823,600,,TD,16.1N,73.2W,30,,,,,,,,,,,,,
AL,DOROTHY,1970,9,25,19700823,1200,,TD,16.2N,74.4W,30,,,,,,,,,,,,,
AL,UNNAMED,1970,10,24,19700903,1200,,TD,18.5N,44.0W,20,,,,,,,,,,,,,
AL,UNNAMED,1970,10,24,19700903,1800,,TD,19.1N,44.2W,25,,,,,,,,,,,,,
AL,UNNAMED,1970,10,24,19700904,0,,TD,19.8N,44.5W,25,,,,,,,,,,,,,
AL,UNNAMED,1970,10,24,19700904,600,,TD,20.4N,44.8W,25,,,,,,,,,,,,,
AL,UNNAMED,1970,10,24,19700904,1200,,TD,21.0N,45.0W,25,,,,,,,,,,,,,
AL,UNNAMED,1970,10,24,19700904,1800,,TD,21.4N,44.7W,25,,,,,,,,,,,,,
AL,UNNAMED,1970,10,24,19700905,0,,TD,21.7N,44.5W,25,,,,,,,,,,,,,
AL,UNNAMED,1970,10,24,19700905,600,,TD,22.1N,44.2W,25,,,,,,,,,,,,,
AL,UNNAMED,1970,10,24,19700905,1200,,TD,22.5N,44.0W,25,,,,,,,,,,,,,
AL,UNNAMED,1970,10,24,19700905,1800,,TD,23.0N,43.5W,25,,,,,,,,,,,,,
AL,UNNAMED,1970,10,24,19700906,0,,TD,23.5N,44.0W,25,,,,,,,,,,,,,
AL,UNNAMED,1970,10,24,19700906,600,,TD,23.2N,45.0W,20,,,,,,,,,,,,,
AL,UNNAMED,1970,10,24,19700906,1200,,TD,23.0N,46.0W,20,,,,,,,,,,,,,
AL,UNNAMED,1970,10,24,19700906,1800,,TD,22.7N,46.2W,20,,,,,,,,,,,,,
AL,UNNAMED,1970,10,24,19700907,0,,TD,22.5N,46.5W,20,,,,,,,,,,,,,
AL,UNNAMED,1970,10,24,19700907,600,,TD,22.2N,46.7W,20,,,,,,,,,,,,,
AL,UNNAMED,1970,10,24,19700907,1200,,TD,22.0N,47.0W,20,,,,,,,,,,,,,
AL,UNNAMED,1970,10,24,19700907,1800,,TD,21.8N,47.5W,20,,,,,,,,,,,,,
AL,UNNAMED,1970,10,24,19700908,0,,TD,21.5N,48.0W,20,,,,,,,,,,,,,
AL,UNNAMED,1970,10,24,19700908,600,,TD,21.2N,48.5W,20,,,,,,,,,,,,,
AL,UNNAMED,1970,10,24,19700908,1200,,TD,21.0N,49.0W,20,,,,,,,,,,,,,
AL,UNNAMED,1970,10,24,19700908,1800,,TD,20.7N,50.1W,20,,,,,,,,,,,,,
AL,UNNAMED,1970,10,24,19700909,0,,TD,20.3N,51.2W,20,,,,,,,,,,,,,
AL,UNNAMED,1970,10,24,19700909,600,,TD,19.9N,52.3W,20,,,,,,,,,,,,,
AL,UNNAMED,1970,11,10,19700905,1200,,TD,15.0N,19.0W,20,,,,,,,,,,,,,
AL,UNNAMED,1970,11,10,19700905,1800,,TD,15.2N,20.5W,25,,,,,,,,,,,,,
AL,UNNAMED,1970,11,10,19700906,0,,TD,15.5N,22.0W,25,,,,,,,,,,,,,
AL,UNNAMED,1970,11,10,19700906,600,,TD,15.7N,23.5W,25,,,,,,,,,,,,,
AL,UNNAMED,1970,11,10,19700906,1200,,TD,16.0N,25.0W,25,,,,,,,,,,,,,
AL,UNNAMED,1970,11,10,19700906,1800,,TD,16.2N,26.0W,25,,,,,,,,,,,,,
AL,UNNAMED,1970,11,10,19700907,0,,TD,16.5N,27.0W,25,,,,,,,,,,,,,
AL,UNNAMED,1970,11,10,19700907,600,,TD,16.7N,28.0W,25,,,,,,,,,,,,,
AL,UNNAMED,1970,11,10,19700907,1200,,TD,17.0N,29.0W,20,,,,,,,,,,,,,
AL,UNNAMED,1970,11,10,19700907,1800,,TD,17.5N,30.0W,20,,,,,,,,,,,,,
AL,ELLA,1970,12,20,19700908,1200,,TD,15.3N,83.5W,25,,,,,,,,,,,,,
AL,ELLA,1970,12,20,19700908,1800,,TD,16.0N,83.8W,25,,,,,,,,,,,,,
AL,ELLA,1970,12,20,19700909,0,,TD,16.6N,84.2W,20,,,,,,,,,,,,,
AL,ELLA,1970,12,20,19700909,600,,TD,17.2N,84.6W,25,,,,,,,,,,,,,
AL,ELLA,1970,12,20,19700909,1200,,TD,17.7N,85.0W,25,,,,,,,,,,,,,
AL,ELLA,1970,12,20,19700909,1800,,TD,18.6N,85.7W,30,1010,,,,,,,,,,,,
AL,ELLA,1970,12,20,19700910,0,,TD,19.4N,86.3W,30,,,,,,,,,,,,,
AL,ELLA,1970,12,20,19700910,600,,TD,20.0N,86.8W,30,,,,,,,,,,,,,
AL,ELLA,1970,12,20,19700910,1200,,TD,20.8N,87.6W,30,,,,,,,,,,,,,
AL,ELLA,1970,12,20,19700910,1800,,TS,22.0N,89.0W,50,997,,,,,,,,,,,,
AL,ELLA,1970,12,20,19700911,0,,HU,23.0N,90.8W,65,993,,,,,,,,,,,,
AL,ELLA,1970,12,20,19700911,600,,HU,23.6N,92.6W,70,,,,,,,,,,,,,
AL,ELLA,1970,12,20,19700911,1200,,HU,23.9N,94.2W,75,,,,,,,,,,,,,
AL,ELLA,1970,12,20,19700911,1800,,HU,24.0N,95.5W,80,984,,,,,,,,,,,,
AL,ELLA,1970,12,20,19700912,0,,HU,23.9N,96.5W,85,973,,,,,,,,,,,,
AL,ELLA,1970,12,20,19700912,600,,HU,23.8N,97.4W,105,967,,,,,,,,,,,,
AL,ELLA,1970,12,20,19700912,1200,,HU,23.9N,97.9W,110,967,,,,,,,,,,,,
AL,ELLA,1970,12,20,19700912,1800,,HU,24.0N,98.5W,65,,,,,,,,,,,,,
AL,ELLA,1970,12,20,19700913,0,,TS,23.9N,99.6W,40,,,,,,,,,,,,,
AL,ELLA,1970,12,20,19700913,600,,TS,24.2N,100.5W,40,,,,,,,,,,,,,
AL,FELICE,1970,13,23,19700912,0,,TD,25.5N,77.5W,25,,,,,,,,,,,,,
AL,FELICE,1970,13,23,19700912,600,,TD,25.4N,77.8W,25,,,,,,,,,,,,,
AL,FELICE,1970,13,23,19700912,1200,,TD,25.4N,78.0W,25,,,,,,,,,,,,,
AL,FELICE,1970,13,23,19700912,1800,,TD,25.3N,78.3W,25,,,,,,,,,,,,,
AL,FELICE,1970,13,23,19700913,0,,TD,25.3N,78.5W,25,,,,,,,,,,,,,
AL,FELICE,1970,13,23,19700913,600,,TD,25.2N,79.1W,25,,,,,,,,,,,,,
AL,FELICE,1970,13,23,19700913,1200,,TD,25.0N,80.0W,25,,,,,,,,,,,,,
AL,FELICE,1970,13,23,19700913,1800,,TD,24.9N,81.0W,30,,,,,,,,,,,,,
AL,FELICE,1970,13,23,19700914,0,,TD,24.8N,82.0W,30,1011,,,,,,,,,,,,
AL,FELICE,1970,13,23,19700914,600,,TD,24.9N,83.0W,30,,,,,,,,,,,,,
AL,FELICE,1970,13,23,19700914,1200,,TD,25.3N,84.0W,30,,,,,,,,,,,,,
AL,FELICE,1970,13,23,19700914,1800,,TD,25.8N,85.2W,30,1008,,,,,,,,,,,,
AL,FELICE,1970,13,23,19700915,0,,TS,26.5N,86.5W,45,1006,,,,,,,,,,,,
AL,FELICE,1970,13,23,19700915,600,,TS,27.2N,88.4W,50,1006,,,,,,,,,,,,
AL,FELICE,1970,13,23,19700915,1200,,TS,28.0N,90.2W,50,1003,,,,,,,,,,,,
AL,FELICE,1970,13,23,19700915,1800,,TS,28.8N,92.2W,55,998,,,,,,,,,,,,
AL,FELICE,1970,13,23,19700916,0,,TS,29.4N,94.1W,60,997,,,,,,,,,,,,
AL,FELICE,1970,13,23,19700916,600,,TS,29.9N,95.5W,40,,,,,,,,,,,,,
AL,FELICE,1970,13,23,19700916,1200,,TD,30.6N,96.5W,30,,,,,,,,,,,,,
AL,FELICE,1970,13,23,19700916,1800,,TD,31.4N,97.1W,30,1006,,,,,,,,,,,,
AL,FELICE,1970,13,23,19700917,0,,TD,32.2N,97.5W,25,,,,,,,,,,,,,
AL,FELICE,1970,13,23,19700917,600,,TD,33.0N,97.6W,25,,,,,,,,,,,,,
AL,FELICE,1970,13,23,19700917,1200,,TD,33.8N,97.2W,25,,,,,,,,,,,,,
AL,UNNAMED,1970,14,14,19700922,1200,,TD,15.5N,21.0W,20,,,,,,,,,,,,,
AL,UNNAMED,1970,14,14,19700922,1800,,TD,16.0N,21.3W,25,,,,,,,,,,,,,
AL,UNNAMED,1970,14,14,19700923,0,,TD,16.5N,21.7W,25,,,,,,,,,,,,,
AL,UNNAMED,1970,14,14,19700923,600,,TD,17.0N,22.1W,25,,,,,,,,,,,,,
AL,UNNAMED,1970,14,14,19700923,1200,,TD,17.5N,22.5W,25,,,,,,,,,,,,,
AL,UNNAMED,1970,14,14,19700923,1800,,TD,18.3N,23.3W,25,,,,,,,,,,,,,
AL,UNNAMED,1970,14,14,19700924,0,,TD,19.2N,24.2W,25,,,,,,,,,,,,,
AL,UNNAMED,1970,14,14,19700924,600,,TD,20.1N,25.1W,25,,,,,,,,,,,,,
AL,UNNAMED,1970,14,14,19700924,1200,,TD,21.0N,26.0W,25,,,,,,,,,,,,,
AL,UNNAMED,1970,14,14,19700924,1800,,TD,21.7N,27.0W,25,,,,,,,,,,,,,
AL,UNNAMED,1970,14,14,19700925,0,,TD,22.5N,28.0W,25,,,,,,,,,,,,,
AL,UNNAMED,1970,14,14,19700925,600,,TD,23.2N,29.0W,25,,,,,,,,,,,,,
AL,UNNAMED,1970,14,14,19700925,1200,,TD,24.0N,30.0W,20,,,,,,,,,,,,,
AL,UNNAMED,1970,14,14,19700925,1800,,TD,24.8N,31.0W,20,,,,,,,,,,,,,
AL,UNNAMED,1970,15,73,19700923,1200,,TD,9.0N,15.0W,20,,,,,,,,,,,,,
AL,UNNAMED,1970,15,73,19700923,1800,,TD,9.0N,16.5W,20,,,,,,,,,,,,,
AL,UNNAMED,1970,15,73,19700924,0,,TD,9.0N,18.0W,25,,,,,,,,,,,,,
AL,UNNAMED,1970,15,73,19700924,600,,TD,9.0N,19.5W,25,,,,,,,,,,,,,
AL,UNNAMED,1970,15,73,19700924,1200,,TD,9.0N,21.0W,25,,,,,,,,,,,,,
AL,UNNAMED,1970,15,73,19700924,1800,,TD,9.2N,22.8W,25,,,,,,,,,,,,,
AL,UNNAMED,1970,15,73,19700925,0,,TD,9.5N,24.5W,30,,,,,,,,,,,,,
AL,UNNAMED,1970,15,73,19700925,600,,TD,9.8N,26.2W,30,,,,,,,,,,,,,
AL,UNNAMED,1970,15,73,19700925,1200,,TD,10.0N,28.0W,30,,,,,,,,,,,,,
AL,UNNAMED,1970,15,73,19700925,1800,,TD,10.2N,29.5W,30,,,,,,,,,,,,,
AL,UNNAMED,1970,15,73,19700926,0,,TD,10.5N,31.0W,30,,,,,,,,,,,,,
AL,UNNAMED,1970,15,73,19700926,600,,TD,10.8N,32.5W,30,,,,,,,,,,,,,
AL,UNNAMED,1970,15,73,19700926,1200,,TD,11.0N,34.0W,30,,,,,,,,,,,,,
AL,UNNAMED,1970,15,73,19700926,1800,,TD,11.0N,35.8W,30,,,,,,,,,,,,,
AL,UNNAMED,1970,15,73,19700927,0,,TD,11.0N,37.5W,30,,,,,,,,,,,,,
AL,UNNAMED,1970,15,73,19700927,600,,TD,11.0N,39.2W,30,,,,,,,,,,,,,
AL,UNNAMED,1970,15,73,19700927,1200,,TD,11.0N,41.0W,30,,,,,,,,,,,,,
AL,UNNAMED,1970,15,73,19700927,1800,,TD,11.1N,42.8W,30,,,,,,,,,,,,,
AL,UNNAMED,1970,15,73,19700928,0,,TD,11.2N,44.7W,30,,,,,,,,,,,,,
AL,UNNAMED,1970,15,73,19700928,600,,TD,11.3N,46.6W,30,,,,,,,,,,,,,
AL,UNNAMED,1970,15,73,19700928,1200,,TD,11.5N,48.5W,30,,,,,,,,,,,,,
AL,UNNAMED,1970,15,73,19700928,1800,,TD,11.8N,50.1W,30,,,,,,,,,,,,,
AL,UNNAMED,1970,15,73,19700929,0,,TD,12.2N,51.7W,30,,,,,,,,,,,,,
AL,UNNAMED,1970,15,73,19700929,600,,TD,12.6N,53.4W,30,,,,,,,,,,,,,
AL,UNNAMED,1970,15,73,19700929,1200,,TD,13.0N,55.0W,30,,,,,,,,,,,,,
AL,UNNAMED,1970,15,73,19700929,1800,,TD,13.1N,55.8W,30,,,,,,,,,,,,,
AL,UNNAMED,1970,15,73,19700930,0,,TD,13.2N,56.7W,30,,,,,,,,,,,,,
AL,UNNAMED,1970,15,73,19700930,600,,TD,13.3N,57.6W,30,,,,,,,,,,,,,
AL,UNNAMED,1970,15,73,19700930,1200,,TD,13.5N,58.5W,30,,,,,,,,,,,,,
AL,UNNAMED,1970,15,73,19700930,1800,,TD,13.6N,59.1W,30,,,,,,,,,,,,,
AL,UNNAMED,1970,15,73,19701001,0,,TD,13.7N,59.7W,30,,,,,,,,,,,,,
AL,UNNAMED,1970,15,73,19701001,600,,TD,13.8N,60.2W,30,,,,,,,,,,,,,
AL,UNNAMED,1970,15,73,19701001,1200,,TD,14.0N,61.0W,30,,,,,,,,,,,,,
AL,UNNAMED,1970,15,73,19701001,1800,,TD,14.0N,61.6W,30,,,,,,,,,,,,,
AL,UNNAMED,1970,15,73,19701002,0,,TD,14.0N,62.2W,30,,,,,,,,,,,,,
AL,UNNAMED,1970,15,73,19701002,600,,TD,14.0N,62.8W,30,,,,,,,,,,,,,
AL,UNNAMED,1970,15,73,19701002,1200,,TD,14.0N,63.5W,30,,,,,,,,,,,,,
AL,UNNAMED,1970,15,73,19701002,1800,,TD,14.0N,64.2W,30,,,,,,,,,,,,,
AL,UNNAMED,1970,15,73,19701003,0,,TD,14.0N,65.0W,30,,,,,,,,,,,,,
AL,UNNAMED,1970,15,73,19701003,600,,TD,14.0N,65.8W,30,,,,,,,,,,,,,
AL,UNNAMED,1970,15,73,19701003,1200,,TD,14.0N,66.5W,30,,,,,,,,,,,,,
AL,UNNAMED,1970,15,73,19701003,1800,,TD,14.1N,67.1W,30,,,,,,,,,,,,,
AL,UNNAMED,1970,15,73,19701004,0,,TD,14.2N,67.7W,30,,,,,,,,,,,,,
AL,UNNAMED,1970,15,73,19701004,600,,TD,14.3N,68.2W,30,,,,,,,,,,,,,
AL,UNNAMED,1970,15,73,19701004,1200,,TD,14.5N,69.0W,30,,,,,,,,,,,,,
AL,UNNAMED,1970,15,73,19701004,1800,,TD,14.6N,69.0W,30,,,,,,,,,,,,,
AL,UNNAMED,1970,15,73,19701005,0,,TD,14.7N,69.0W,30,,,,,,,,,,,,,
AL,UNNAMED,1970,15,73,19701005,600,,TD,14.8N,69.0W,30,,,,,,,,,,,,,
AL,UNNAMED,1970,15,73,19701005,1200,,TD,15.0N,70.0W,30,,,,,,,,,,,,,
AL,UNNAMED,1970,15,73,19701005,1800,,TD,15.3N,70.2W,30,,,,,,,,,,,,,
AL,UNNAMED,1970,15,73,19701006,0,,TD,15.7N,70.3W,30,,,,,,,,,,,,,
AL,UNNAMED,1970,15,73,19701006,600,,TD,16.1N,70.4W,30,,,,,,,,,,,,,
AL,UNNAMED,1970,15,73,19701006,1200,,TD,16.5N,70.5W,30,,,,,,,,,,,,,
AL,UNNAMED,1970,15,73,19701006,1800,,TD,16.6N,70.5W,30,,,,,,,,,,,,,
AL,UNNAMED,1970,15,73,19701007,0,,TD,16.7N,70.5W,30,,,,,,,,,,,,,
AL,UNNAMED,1970,15,73,19701007,600,,TD,16.8N,70.5W,30,,,,,,,,,,,,,
AL,UNNAMED,1970,15,73,19701007,1200,,TD,17.0N,70.5W,30,,,,,,,,,,,,,
AL,UNNAMED,1970,15,73,19701007,1800,,TD,17.6N,70.4W,30,,,,,,,,,,,,,
AL,UNNAMED,1970,15,73,19701008,0,,TD,18.2N,70.3W,25,,,,,,,,,,,,,
AL,UNNAMED,1970,15,73,19701008,600,,TD,18.8N,70.2W,25,,,,,,,,,,,,,
AL,UNNAMED,1970,15,73,19701008,1200,,TD,19.5N,70.0W,25,,,,,,,,,,,,,
AL,UNNAMED,1970,15,73,19701008,1800,,TD,20.4N,69.5W,25,,,,,,,,,,,,,
AL,UNNAMED,1970,15,73,19701009,0,,TD,21.3N,69.0W,25,,,,,,,,,,,,,
AL,UNNAMED,1970,15,73,19701009,600,,TD,22.1N,68.5W,25,,,,,,,,,,,,,
AL,UNNAMED,1970,15,73,19701009,1200,,TD,23.0N,68.0W,25,,,,,,,,,,,,,
AL,UNNAMED,1970,15,73,19701009,1800,,TD,23.6N,66.4W,25,,,,,,,,,,,,,
AL,UNNAMED,1970,15,73,19701010,0,,TD,24.2N,64.8W,25,,,,,,,,,,,,,
AL,UNNAMED,1970,15,73,19701010,600,,TD,24.8N,63.2W,25,,,,,,,,,,,,,
AL,UNNAMED,1970,15,73,19701010,1200,,TD,25.5N,61.5W,25,,,,,,,,,,,,,
AL,UNNAMED,1970,15,73,19701010,1800,,TD,25.7N,59.9W,20,,,,,,,,,,,,,
AL,UNNAMED,1970,15,73,19701011,0,,TD,26.0N,58.0W,20,,,,,,,,,,,,,
AL,UNNAMED,1970,15,73,19701011,600,,TD,26.3N,56.3W,20,,,,,,,,,,,,,
AL,UNNAMED,1970,15,73,19701011,1200,,TD,26.5N,54.5W,20,,,,,,,,,,,,,
AL,GRETA,1970,16,35,19700926,1200,,TS,22.4N,75.4W,35,1010,,,,,,,,,,,,
AL,GRETA,1970,16,35,19700926,1800,,TS,22.7N,76.2W,35,,,,,,,,,,,,,
AL,GRETA,1970,16,35,19700927,0,,TS,23.3N,77.2W,45,1005,,,,,,,,,,,,
AL,GRETA,1970,16,35,19700927,600,,TS,23.8N,78.3W,45,,,,,,,,,,,,,
AL,GRETA,1970,16,35,19700927,1200,,TS,24.1N,79.8W,45,1005,,,,,,,,,,,,
AL,GRETA,1970,16,35,19700927,1800,,TD,24.4N,81.3W,30,1007,,,,,,,,,,,,
AL,GRETA,1970,16,35,19700928,0,,TD,24.7N,82.8W,30,,,,,,,,,,,,,
AL,GRETA,1970,16,35,19700928,600,,TD,24.9N,83.4W,30,,,,,,,,,,,,,
AL,GRETA,1970,16,35,19700928,1200,,TD,25.0N,83.8W,30,,,,,,,,,,,,,
AL,GRETA,1970,16,35,19700928,1800,,TD,24.9N,84.2W,30,,,,,,,,,,,,,
AL,GRETA,1970,16,35,19700929,0,,TD,24.8N,84.5W,30,,,,,,,,,,,,,
AL,GRETA,1970,16,35,19700929,600,,TD,24.7N,84.7W,30,,,,,,,,,,,,,
AL,GRETA,1970,16,35,19700929,1200,,TD,24.6N,84.8W,30,,,,,,,,,,,,,
AL,GRETA,1970,16,35,19700929,1800,,TD,24.4N,85.1W,30,,,,,,,,,,,,,
AL,GRETA,1970,16,35,19700930,0,,TD,24.1N,85.4W,30,,,,,,,,,,,,,
AL,GRETA,1970,16,35,19700930,600,,TD,23.7N,85.8W,30,,,,,,,,,,,,,
AL,GRETA,1970,16,35,19700930,1200,,TD,23.3N,86.3W,30,,,,,,,,,,,,,
AL,GRETA,1970,16,35,19700930,1800,,TD,23.0N,86.8W,30,,,,,,,,,,,,,
AL,GRETA,1970,16,35,19701001,0,,TD,22.6N,87.3W,30,1007,,,,,,,,,,,,
AL,GRETA,1970,16,35,19701001,600,,TD,22.2N,87.7W,30,,,,,,,,,,,,,
AL,GRETA,1970,16,35,19701001,1200,,TD,21.8N,88.2W,30,1006,,,,,,,,,,,,
AL,GRETA,1970,16,35,19701001,1800,,TD,21.4N,88.8W,30,,,,,,,,,,,,,
AL,GRETA,1970,16,35,19701002,0,,TD,21.1N,89.4W,30,,,,,,,,,,,,,
AL,GRETA,1970,16,35,19701002,600,,TD,20.9N,90.1W,30,,,,,,,,,,,,,
AL,GRETA,1970,16,35,19701002,1200,,TD,20.9N,90.7W,25,,,,,,,,,,,,,
AL,GRETA,1970,16,35,19701002,1800,,TD,20.9N,91.3W,25,,,,,,,,,,,,,
AL,GRETA,1970,16,35,19701003,0,,TD,20.9N,91.9W,25,1008,,,,,,,,,,,,
AL,GRETA,1970,16,35,19701003,600,,TD,20.9N,92.5W,25,,,,,,,,,,,,,
AL,GRETA,1970,16,35,19701003,1200,,TD,21.0N,93.1W,25,1009,,,,,,,,,,,,
AL,GRETA,1970,16,35,19701003,1800,,TD,21.1N,93.8W,25,,,,,,,,,,,,,
AL,GRETA,1970,16,35,19701004,0,,TD,21.3N,94.7W,25,,,,,,,,,,,,,
AL,GRETA,1970,16,35,19701004,600,,TD,21.7N,95.7W,25,,,,,,,,,,,,,
AL,GRETA,1970,16,35,19701004,1200,,TD,22.1N,96.9W,25,1010,,,,,,,,,,,,
AL,GRETA,1970,16,35,19701004,1800,,TD,22.5N,98.2W,25,,,,,,,,,,,,,
AL,GRETA,1970,16,35,19701005,0,,TD,23.0N,99.5W,25,,,,,,,,,,,,,
AL,UNNAMED,1970,17,9,19700929,1200,,TD,27.0N,62.0W,20,,,,,,,,,,,,,
AL,UNNAMED,1970,17,9,19700929,1800,,TD,28.1N,61.2W,20,,,,,,,,,,,,,
AL,UNNAMED,1970,17,9,19700930,0,,TD,29.2N,60.3W,25,,,,,,,,,,,,,
AL,UNNAMED,1970,17,9,19700930,600,,TD,30.3N,59.4W,25,,,,,,,,,,,,,
AL,UNNAMED,1970,17,9,19700930,1200,,TD,31.5N,58.5W,25,,,,,,,,,,,,,
AL,UNNAMED,1970,17,9,19700930,1800,,TD,34.3N,57.0W,25,,,,,,,,,,,,,
AL,UNNAMED,1970,17,9,19701001,0,,TD,37.0N,55.5W,25,,,,,,,,,,,,,
AL,UNNAMED,1970,17,9,19701001,600,,TD,39.8N,54.0W,25,,,,,,,,,,,,,
AL,UNNAMED,1970,17,9,19701001,1200,,TD,42.5N,52.5W,20,,,,,,,,,,,,,
AL,UNNAMED,1970,18,23,19701012,1200,,SD,24.5N,68.5W,30,1003,,,,,,,,,,,,
AL,UNNAMED,1970,18,23,19701012,1800,,SD,25.0N,67.9W,30,,,,,,,,,,,,,
AL,UNNAMED,1970,18,23,19701013,0,,SD,25.5N,67.0W,30,,,,,,,,,,,,,
AL,UNNAMED,1970,18,23,19701013,600,,SS,25.9N,65.5W,35,,,,,,,,,,,,,
AL,UNNAMED,1970,18,23,19701013,1200,,SS,26.3N,64.0W,35,1002,,,,,,,,,,,,
AL,UNNAMED,1970,18,23,19701013,1800,,SS,26.7N,63.6W,35,,,,,,,,,,,,,
AL,UNNAMED,1970,18,23,19701014,0,,SS,27.0N,63.5W,40,1001,,,,,,,,,,,,
AL,UNNAMED,1970,18,23,19701014,600,,SS,27.0N,65.0W,40,,,,,,,,,,,,,
AL,UNNAMED,1970,18,23,19701014,1200,,SS,27.0N,66.5W,45,1001,,,,,,,,,,,,
AL,UNNAMED,1970,18,23,19701014,1800,,SS,27.3N,67.2W,45,,,,,,,,,,,,,
AL,UNNAMED,1970,18,23,19701015,0,,SS,27.5N,67.5W,50,997,,,,,,,,,,,,
AL,UNNAMED,1970,18,23,19701015,600,,SS,27.8N,67.6W,55,,,,,,,,,,,,,
AL,UNNAMED,1970,18,23,19701015,1200,,SS,28.0N,67.5W,55,995,,,,,,,,,,,,
AL,UNNAMED,1970,18,23,19701015,1800,,SS,28.8N,67.4W,60,,,,,,,,,,,,,
AL,UNNAMED,1970,18,23,19701016,0,,TS,30.0N,67.0W,60,991,,,,,,,,,,,,
AL,UNNAMED,1970,18,23,19701016,600,,TS,30.7N,66.6W,60,,,,,,,,,,,,,
AL,UNNAMED,1970,18,23,19701016,1200,,HU,31.5N,66.0W,65,989,,,,,,,,,,,,
AL,UNNAMED,1970,18,23,19701016,1800,,HU,32.5N,64.7W,70,,,,,,,,,,,,,
AL,UNNAMED,1970,18,23,19701017,0,,HU,34.0N,63.0W,75,980,,,,,,,,,,,,
AL,UNNAMED,1970,18,23,19701017,600,,HU,36.5N,61.7W,85,,,,,,,,,,,,,
AL,UNNAMED,1970,18,23,19701017,1200,,HU,39.0N,61.0W,90,974,,,,,,,,,,,,
AL,UNNAMED,1970,18,23,19701017,1800,,HU,42.5N,57.5W,70,980,,,,,,,,,,,,
AL,UNNAMED,1970,18,23,19701018,0,,EX,47.0N,53.0W,55,,,,,,,,,,,,,
AL,UNNAMED,1970,19,33,19701020,1200,,SD,34.0N,48.0W,25,1013,,,,,,,,,,,,
AL,UNNAMED,1970,19,33,19701020,1800,,SD,34.3N,47.3W,30,,,,,,,,,,,,,
AL,UNNAMED,1970,19,33,19701021,0,,SD,34.5N,46.5W,30,1009,,,,,,,,,,,,
AL,UNNAMED,1970,19,33,19701021,600,,SS,34.8N,45.8W,35,,,,,,,,,,,,,
AL,UNNAMED,1970,19,33,19701021,1200,,SS,35.0N,45.0W,35,1005,,,,,,,,,,,,
AL,UNNAMED,1970,19,33,19701021,1800,,SS,35.0N,45.0W,40,,,,,,,,,,,,,
AL,UNNAMED,1970,19,33,19701022,0,,SS,35.0N,45.0W,40,,,,,,,,,,,,,
AL,UNNAMED,1970,19,33,19701022,600,,SS,35.0N,45.0W,45,,,,,,,,,,,,,
AL,UNNAMED,1970,19,33,19701022,1200,,SS,35.0N,45.0W,45,1000,,,,,,,,,,,,
AL,UNNAMED,1970,19,33,19701022,1800,,SS,35.2N,44.7W,45,,,,,,,,,,,,,
AL,UNNAMED,1970,19,33,19701023,0,,SS,35.5N,44.0W,45,997,,,,,,,,,,,,
AL,UNNAMED,1970,19,33,19701023,600,,SS,36.0N,43.2W,45,,,,,,,,,,,,,
AL,UNNAMED,1970,19,33,19701023,1200,,SS,36.5N,42.5W,50,,,,,,,,,,,,,
AL,UNNAMED,1970,19,33,19701023,1800,,SS,36.6N,42.1W,50,,,,,,,,,,,,,
AL,UNNAMED,1970,19,33,19701024,0,,SS,36.5N,41.8W,50,,,,,,,,,,,,,
AL,UNNAMED,1970,19,33,19701024,600,,SS,36.3N,41.7W,50,,,,,,,,,,,,,
AL,UNNAMED,1970,19,33,19701024,1200,,SS,36.0N,41.5W,50,,,,,,,,,,,,,
AL,UNNAMED,1970,19,33,19701024,1800,,SS,35.5N,41.3W,50,,,,,,,,,,,,,
AL,UNNAMED,1970,19,33,19701025,0,,SS,35.0N,41.0W,50,,,,,,,,,,,,,
AL,UNNAMED,1970,19,33,19701025,600,,SS,34.5N,40.8W,55,,,,,,,,,,,,,
AL,UNNAMED,1970,19,33,19701025,1200,,TS,34.0N,40.5W,55,988,,,,,,,,,,,,
AL,UNNAMED,1970,19,33,19701025,1800,,TS,33.5N,40.0W,55,,,,,,,,,,,,,
AL,UNNAMED,1970,19,33,19701026,0,,TS,35.0N,39.0W,60,,,,,,,,,,,,,
AL,UNNAMED,1970,19,33,19701026,600,,TS,35.5N,38.5W,60,,,,,,,,,,,,,
AL,UNNAMED,1970,19,33,19701026,1200,,TS,36.0N,38.0W,60,988,,,,,,,,,,,,
AL,UNNAMED,1970,19,33,19701026,1800,,TS,36.5N,37.5W,60,,,,,,,,,,,,,
AL,UNNAMED,1970,19,33,19701027,0,,HU,37.0N,36.5W,65,,,,,,,,,,,,,
AL,UNNAMED,1970,19,33,19701027,600,,HU,37.8N,35.3W,65,,,,,,,,,,,,,
AL,UNNAMED,1970,19,33,19701027,1200,,TS,38.5N,34.0W,60,,,,,,,,,,,,,
AL,UNNAMED,1970,19,33,19701027,1800,,TS,39.3N,32.8W,60,,,,,,,,,,,,,
AL,UNNAMED,1970,19,33,19701028,0,,TS,40.0N,31.5W,60,,,,,,,,,,,,,
AL,UNNAMED,1970,19,33,19701028,600,,TS,42.1N,29.1W,60,,,,,,,,,,,,,
AL,UNNAMED,1970,19,33,19701028,1200,,TS,46.0N,25.0W,60,,,,,,,,,,,,,
AL,ARLENE,1971,1,15,19710704,1200,,TD,33.5N,75.5W,25,,,,,,,,,,,,,
AL,ARLENE,1971,1,15,19710704,1800,,TD,34.0N,75.2W,25,,,,,,,,,,,,,
AL,ARLENE,1971,1,15,19710705,0,,TD,34.5N,74.8W,25,,,,,,,,,,,,,
AL,ARLENE,1971,1,15,19710705,600,,TD,35.2N,74.3W,30,,,,,,,,,,,,,
AL,ARLENE,1971,1,15,19710705,1200,,TD,35.9N,73.7W,30,,,,,,,,,,,,,
AL,ARLENE,1971,1,15,19710705,1800,,TS,36.7N,72.9W,45,1001,,,,,,,,,,,,
AL,ARLENE,1971,1,15,19710706,0,,TS,37.6N,71.8W,45,,,,,,,,,,,,,
AL,ARLENE,1971,1,15,19710706,600,,TS,38.5N,70.1W,45,,,,,,,,,,,,,
AL,ARLENE,1971,1,15,19710706,1200,,TS,39.6N,68.3W,50,1003,,,,,,,,,,,,
AL,ARLENE,1971,1,15,19710706,1800,,TS,40.7N,65.9W,55,1000,,,,,,,,,,,,
AL,ARLENE,1971,1,15,19710707,0,,TS,41.8N,63.0W,50,1000,,,,,,,,,,,,
AL,ARLENE,1971,1,15,19710707,600,,TS,43.1N,59.5W,45,1002,,,,,,,,,,,,
AL,ARLENE,1971,1,15,19710707,1200,,TS,44.7N,56.3W,45,,,,,,,,,,,,,
AL,ARLENE,1971,1,15,19710707,1800,,EX,46.5N,53.0W,45,,,,,,,,,,,,,
AL,ARLENE,1971,1,15,19710708,0,,EX,47.6N,49.6W,35,,,,,,,,,,,,,
AL,UNNAMED,1971,2,5,19710707,1200,,TD,29.0N,92.0W,20,,,,,,,,,,,,,
AL,UNNAMED,1971,2,5,19710707,1800,,TD,29.4N,93.0W,25,,,,,,,,,,,,,
AL,UNNAMED,1971,2,5,19710708,0,,TD,29.8N,94.0W,25,,,,,,,,,,,,,
AL,UNNAMED,1971,2,5,19710708,600,,TD,30.2N,95.0W,25,,,,,,,,,,,,,
AL,UNNAMED,1971,2,5,19710708,1200,,TD,30.5N,96.0W,-99,,,,,,,,,,,,,
AL,UNNAMED,1971,3,5,19710710,1200,,TD,27.0N,97.0W,20,,,,,,,,,,,,,
AL,UNNAMED,1971,3,5,19710710,1800,,TD,27.0N,97.5W,25,,,,,,,,,,,,,
AL,UNNAMED,1971,3,5,19710711,0,,TD,27.0N,98.0W,25,,,,,,,,,,,,,
AL,UNNAMED,1971,3,5,19710711,600,,TD,27.0N,98.5W,25,,,,,,,,,,,,,
AL,UNNAMED,1971,3,5,19710711,1200,,TD,27.0N,99.0W,-99,,,,,,,,,,,,,
AL,UNNAMED,1971,4,17,19710803,1200,,TD,31.0N,63.5W,15,,,,,,,,,,,,,
AL,UNNAMED,1971,4,17,19710803,1800,,TD,31.5N,64.0W,15,,,,,,,,,,,,,
AL,UNNAMED,1971,4,17,19710804,0,,TD,32.0N,64.5W,15,,,,,,,,,,,,,
AL,UNNAMED,1971,4,17,19710804,600,,TD,32.6N,64.9W,15,,,,,,,,,,,,,
AL,UNNAMED,1971,4,17,19710804,1200,,TD,33.5N,65.0W,15,1015,,,,,,,,,,,,
AL,UNNAMED,1971,4,17,19710804,1800,,TD,34.6N,64.6W,15,,,,,,,,,,,,,
AL,UNNAMED,1971,4,17,19710805,0,,TD,36.0N,63.5W,20,1013,,,,,,,,,,,,
AL,UNNAMED,1971,4,17,19710805,600,,TD,37.7N,61.8W,25,,,,,,,,,,,,,
AL,UNNAMED,1971,4,17,19710805,1200,,TD,39.5N,60.0W,30,,,,,,,,,,,,,
AL,UNNAMED,1971,4,17,19710805,1800,,TS,40.5N,58.5W,40,1000,,,,,,,,,,,,
AL,UNNAMED,1971,4,17,19710806,0,,TS,41.5N,56.0W,50,,,,,,,,,,,,,
AL,UNNAMED,1971,4,17,19710806,600,,TS,43.4N,52.6W,60,,,,,,,,,,,,,
AL,UNNAMED,1971,4,17,19710806,1200,,HU,46.0N,49.0W,75,974,,,,,,,,,,,,
AL,UNNAMED,1971,4,17,19710806,1800,,HU,50.0N,46.0W,70,,,,,,,,,,,,,
AL,UNNAMED,1971,4,17,19710807,0,,HU,53.0N,45.0W,70,,,,,,,,,,,,,
AL,UNNAMED,1971,4,17,19710807,600,,HU,55.7N,43.8W,70,,,,,,,,,,,,,
AL,UNNAMED,1971,4,17,19710807,1200,,HU,58.0N,43.0W,70,976,,,,,,,,,,,,
AL,UNNAMED,1971,5,13,19710806,1200,,TD,25.5N,84.5W,20,,,,,,,,,,,,,
AL,UNNAMED,1971,5,13,19710806,1800,,TD,25.8N,84.8W,25,,,,,,,,,,,,,
AL,UNNAMED,1971,5,13,19710807,0,,TD,26.2N,85.2W,25,,,,,,,,,,,,,
AL,UNNAMED,1971,5,13,19710807,600,,TD,26.6N,85.6W,25,,,,,,,,,,,,,
AL,UNNAMED,1971,5,13,19710807,1200,,TD,27.0N,86.0W,25,,,,,,,,,,,,,
AL,UNNAMED,1971,5,13,19710807,1800,,TD,27.2N,86.5W,25,,,,,,,,,,,,,
AL,UNNAMED,1971,5,13,19710808,0,,TD,27.5N,87.0W,25,,,,,,,,,,,,,
AL,UNNAMED,1971,5,13,19710808,600,,TD,27.8N,87.5W,25,,,,,,,,,,,,,
AL,UNNAMED,1971,5,13,19710808,1200,,TD,28.0N,88.0W,25,,,,,,,,,,,,,
AL,UNNAMED,1971,5,13,19710808,1800,,TD,28.6N,88.6W,25,,,,,,,,,,,,,
AL,UNNAMED,1971,5,13,19710809,0,,TD,29.2N,89.2W,25,,,,,,,,,,,,,
AL,UNNAMED,1971,5,13,19710809,600,,TD,29.8N,89.8W,25,,,,,,,,,,,,,
AL,UNNAMED,1971,5,13,19710809,1200,,TD,30.5N,90.5W,-99,,,,,,,,,,,,,
AL,BETH,1971,6,29,19710810,1200,,TD,26.7N,79.9W,20,,,,,,,,,,,,,
AL,BETH,1971,6,29,19710810,1800,,TD,26.8N,79.3W,20,1013,,,,,,,,,,,,
AL,BETH,1971,6,29,19710811,0,,TD,27.4N,78.5W,20,,,,,,,,,,,,,
AL,BETH,1971,6,29,19710811,600,,TD,28.0N,78.3W,25,,,,,,,,,,,,,
AL,BETH,1971,6,29,19710811,1200,,TD,28.8N,78.1W,25,,,,,,,,,,,,,
AL,BETH,1971,6,29,19710811,1800,,TD,29.7N,77.7W,30,1010,,,,,,,,,,,,
AL,BETH,1971,6,29,19710812,0,,TD,30.7N,77.2W,30,,,,,,,,,,,,,
AL,BETH,1971,6,29,19710812,600,,TD,31.5N,76.7W,30,,,,,,,,,,,,,
AL,BETH,1971,6,29,19710812,1200,,TD,32.3N,76.3W,30,,,,,,,,,,,,,
AL,BETH,1971,6,29,19710812,1800,,TD,32.7N,76.0W,30,,,,,,,,,,,,,
AL,BETH,1971,6,29,19710813,0,,TD,33.2N,75.3W,30,,,,,,,,,,,,,
AL,BETH,1971,6,29,19710813,600,,TD,33.3N,74.7W,30,1007,,,,,,,,,,,,
AL,BETH,1971,6,29,19710813,1200,,TD,33.5N,74.1W,30,,,,,,,,,,,,,
AL,BETH,1971,6,29,19710813,1800,,TD,33.7N,73.5W,30,,,,,,,,,,,,,
AL,BETH,1971,6,29,19710814,0,,TD,33.9N,73.1W,30,1004,,,,,,,,,,,,
AL,BETH,1971,6,29,19710814,600,,TD,34.2N,72.7W,30,,,,,,,,,,,,,
AL,BETH,1971,6,29,19710814,1200,,TS,34.4N,72.3W,45,995,,,,,,,,,,,,
AL,BETH,1971,6,29,19710814,1800,,TS,35.8N,71.0W,55,,,,,,,,,,,,,
AL,BETH,1971,6,29,19710815,0,,HU,37.2N,69.9W,70,990,,,,,,,,,,,,
AL,BETH,1971,6,29,19710815,600,,HU,38.4N,68.5W,70,982,,,,,,,,,,,,
AL,BETH,1971,6,29,19710815,1200,,HU,39.7N,67.2W,75,977,,,,,,,,,,,,
AL,BETH,1971,6,29,19710815,1800,,HU,40.8N,65.8W,75,,,,,,,,,,,,,
AL,BETH,1971,6,29,19710816,0,,HU,42.0N,64.5W,65,978,,,,,,,,,,,,
AL,BETH,1971,6,29,19710816,600,,HU,43.2N,63.3W,65,979,,,,,,,,,,,,
AL,BETH,1971,6,29,19710816,1200,,HU,44.0N,62.5W,65,984,,,,,,,,,,,,
AL,BETH,1971,6,29,19710816,1800,,HU,45.3N,61.5W,65,,,,,,,,,,,,,
AL,BETH,1971,6,29,19710817,0,,EX,46.7N,60.2W,60,998,,,,,,,,,,,,
AL,BETH,1971,6,29,19710817,600,,EX,48.3N,59.0W,50,998,,,,,,,,,,,,
AL,BETH,1971,6,29,19710817,1200,,EX,49.5N,57.7W,45,998,,,,,,,,,,,,
AL,UNNAMED,1971,7,17,19710812,1200,,TD,26.0N,83.5W,20,,,,,,,,,,,,,
AL,UNNAMED,1971,7,17,19710812,1800,,TD,26.2N,83.1W,25,,,,,,,,,,,,,
AL,UNNAMED,1971,7,17,19710813,0,,TD,26.5N,82.7W,25,,,,,,,,,,,,,
AL,UNNAMED,1971,7,17,19710813,600,,TD,26.8N,82.3W,25,,,,,,,,,,,,,
AL,UNNAMED,1971,7,17,19710813,1200,,TD,27.0N,82.0W,20,,,,,,,,,,,,,
AL,UNNAMED,1971,7,17,19710813,1800,,TD,27.3N,81.2W,20,,,,,,,,,,,,,
AL,UNNAMED,1971,7,17,19710814,0,,TD,27.5N,81.7W,20,,,,,,,,,,,,,
AL,UNNAMED,1971,7,17,19710814,600,,TD,27.8N,81.6W,20,,,,,,,,,,,,,
AL,UNNAMED,1971,7,17,19710814,1200,,TD,28.0N,81.5W,20,,,,,,,,,,,,,
AL,UNNAMED,1971,7,17,19710814,1800,,TD,28.1N,81.8W,20,,,,,,,,,,,,,
AL,UNNAMED,1971,7,17,19710815,0,,TD,28.2N,82.2W,20,,,,,,,,,,,,,
AL,UNNAMED,1971,7,17,19710815,600,,TD,28.3N,82.6W,25,,,,,,,,,,,,,
AL,UNNAMED,1971,7,17,19710815,1200,,TD,28.5N,83.0W,25,,,,,,,,,,,,,
AL,UNNAMED,1971,7,17,19710815,1800,,TD,28.9N,83.2W,25,,,,,,,,,,,,,
AL,UNNAMED,1971,7,17,19710816,0,,TD,29.2N,83.5W,25,,,,,,,,,,,,,
AL,UNNAMED,1971,7,17,19710816,600,,TD,29.6N,83.8W,25,,,,,,,,,,,,,
AL,UNNAMED,1971,7,17,19710816,1200,,TD,30.0N,84.0W,-99,,,,,,,,,,,,,
AL,CHLOE,1971,8,29,19710818,1200,,TD,13.0N,52.5W,30,1007,,,,,,,,,,,,
AL,CHLOE,1971,8,29,19710818,1800,,TD,13.2N,55.0W,30,,,,,,,,,,,,,
AL,CHLOE,1971,8,29,19710819,0,,TD,13.5N,57.0W,30,,,,,,,,,,,,,
AL,CHLOE,1971,8,29,19710819,600,,TD,13.8N,59.0W,30,,,,,,,,,,,,,
AL,CHLOE,1971,8,29,19710819,1200,,TD,14.0N,60.7W,30,,,,,,,,,,,,,
AL,CHLOE,1971,8,29,19710819,1800,,TD,14.2N,62.0W,30,,,,,,,,,,,,,
AL,CHLOE,1971,8,29,19710820,0,,TS,14.3N,63.5W,35,1004,,,,,,,,,,,,
AL,CHLOE,1971,8,29,19710820,600,,TS,14.8N,65.0W,45,,,,,,,,,,,,,
AL,CHLOE,1971,8,29,19710820,1200,,TS,15.0N,66.5W,50,,,,,,,,,,,,,
AL,CHLOE,1971,8,29,19710820,1800,,TS,15.4N,67.7W,55,,,,,,,,,,,,,
AL,CHLOE,1971,8,29,19710821,0,,TS,16.0N,69.5W,50,,,,,,,,,,,,,
AL,CHLOE,1971,8,29,19710821,600,,TS,16.0N,71.5W,40,,,,,,,,,,,,,
AL,CHLOE,1971,8,29,19710821,1200,,TD,15.5N,73.5W,30,1007,,,,,,,,,,,,
AL,CHLOE,1971,8,29,19710821,1800,,TD,15.0N,75.0W,30,,,,,,,,,,,,,
AL,CHLOE,1971,8,29,19710822,0,,TD,14.8N,76.0W,25,,,,,,,,,,,,,
AL,CHLOE,1971,8,29,19710822,600,,TD,14.8N,77.0W,25,,,,,,,,,,,,,
AL,CHLOE,1971,8,29,19710822,1200,,TD,15.0N,78.0W,25,,,,,,,,,,,,,
AL,CHLOE,1971,8,29,19710822,1800,,TD,15.2N,79.0W,25,,,,,,,,,,,,,
AL,CHLOE,1971,8,29,19710823,0,,TD,15.6N,80.0W,25,,,,,,,,,,,,,
AL,CHLOE,1971,8,29,19710823,600,,TD,16.0N,81.0W,25,,,,,,,,,,,,,
AL,CHLOE,1971,8,29,19710823,1200,,TD,16.5N,82.0W,25,,,,,,,,,,,,,
AL,CHLOE,1971,8,29,19710823,1800,,TD,17.0N,83.0W,25,,,,,,,,,,,,,
AL,CHLOE,1971,8,29,19710824,0,,TD,17.4N,84.0W,25,1007,,,,,,,,,,,,
AL,CHLOE,1971,8,29,19710824,600,,TD,17.8N,85.0W,25,,,,,,,,,,,,,
AL,CHLOE,1971,8,29,19710824,1200,,TD,17.9N,86.0W,25,,,,,,,,,,,,,
AL,CHLOE,1971,8,29,19710824,1800,,TD,18.0N,86.8W,25,,,,,,,,,,,,,
AL,CHLOE,1971,8,29,19710825,0,,TD,18.0N,87.5W,25,,,,,,,,,,,,,
AL,CHLOE,1971,8,29,19710825,600,,TD,18.0N,88.0W,25,,,,,,,,,,,,,
AL,CHLOE,1971,8,29,19710825,1200,,TD,18.0N,88.5W,25,,,,,,,,,,,,,
AL,DORIA,1971,9,36,19710820,1200,,TD,11.5N,47.0W,25,,,,,,,,,,,,,
AL,DORIA,1971,9,36,19710820,1800,,TD,11.6N,48.0W,30,,,,,,,,,,,,,
AL,DORIA,1971,9,36,19710821,0,,TD,11.7N,49.0W,30,,,,,,,,,,,,,
AL,DORIA,1971,9,36,19710821,600,,TD,11.8N,50.0W,30,,,,,,,,,,,,,
AL,DORIA,1971,9,36,19710821,1200,,TD,12.0N,51.0W,30,,,,,,,,,,,,,
AL,DORIA,1971,9,36,19710821,1800,,TD,12.2N,52.2W,30,,,,,,,,,,,,,
AL,DORIA,1971,9,36,19710822,0,,TD,12.8N,53.4W,30,,,,,,,,,,,,,
AL,DORIA,1971,9,36,19710822,600,,TD,13.2N,54.8W,30,,,,,,,,,,,,,
AL,DORIA,1971,9,36,19710822,1200,,TD,14.0N,56.0W,25,,,,,,,,,,,,,
AL,DORIA,1971,9,36,19710822,1800,,TD,14.8N,57.5W,25,,,,,,,,,,,,,
AL,DORIA,1971,9,36,19710823,0,,TD,15.7N,59.0W,25,,,,,,,,,,,,,
AL,DORIA,1971,9,36,19710823,600,,TD,16.5N,60.8W,25,,,,,,,,,,,,,
AL,DORIA,1971,9,36,19710823,1200,,TD,17.3N,62.4W,25,,,,,,,,,,,,,
AL,DORIA,1971,9,36,19710823,1800,,TD,18.0N,64.0W,25,,,,,,,,,,,,,
AL,DORIA,1971,9,36,19710824,0,,TD,18.6N,65.4W,25,,,,,,,,,,,,,
AL,DORIA,1971,9,36,19710824,600,,TD,19.2N,66.9W,25,,,,,,,,,,,,,
AL,DORIA,1971,9,36,19710824,1200,,TD,19.8N,68.3W,30,,,,,,,,,,,,,
AL,DORIA,1971,9,36,19710824,1800,,TD,20.4N,69.8W,30,,,,,,,,,,,,,
AL,DORIA,1971,9,36,19710825,0,,TD,21.0N,71.0W,30,,,,,,,,,,,,,
AL,DORIA,1971,9,36,19710825,600,,TD,21.8N,72.2W,30,,,,,,,,,,,,,
AL,DORIA,1971,9,36,19710825,1200,,TD,22.5N,73.2W,30,,,,,,,,,,,,,
AL,DORIA,1971,9,36,19710825,1800,,TD,23.2N,74.2W,30,,,,,,,,,,,,,
AL,DORIA,1971,9,36,19710826,0,,TD,24.2N,75.1W,25,,,,,,,,,,,,,
AL,DORIA,1971,9,36,19710826,600,,TD,25.4N,75.6W,25,,,,,,,,,,,,,
AL,DORIA,1971,9,36,19710826,1200,,TD,26.8N,76.4W,30,,,,,,,,,,,,,
AL,DORIA,1971,9,36,19710826,1800,,TD,28.2N,77.0W,30,1008,,,,,,,,,,,,
AL,DORIA,1971,9,36,19710827,0,,TS,29.2N,77.2W,40,1006,,,,,,,,,,,,
AL,DORIA,1971,9,36,19710827,600,,TS,31.0N,77.2W,45,999,,,,,,,,,,,,
AL,DORIA,1971,9,36,19710827,1200,,TS,32.8N,77.2W,50,998,,,,,,,,,,,,
AL,DORIA,1971,9,36,19710827,1800,,TS,34.8N,76.8W,55,989,,,,,,,,,,,,
AL,DORIA,1971,9,36,19710828,0,,TS,36.5N,76.5W,55,,,,,,,,,,,,,
AL,DORIA,1971,9,36,19710828,600,,TS,38.5N,75.3W,50,993,,,,,,,,,,,,
AL,DORIA,1971,9,36,19710828,1200,,TS,41.2N,73.7W,45,997,,,,,,,,,,,,
AL,DORIA,1971,9,36,19710828,1800,,TS,43.8N,71.8W,45,,,,,,,,,,,,,
AL,DORIA,1971,9,36,19710829,0,,EX,46.0N,70.0W,35,,,,,,,,,,,,,
AL,DORIA,1971,9,36,19710829,600,,EX,48.0N,68.0W,35,,,,,,,,,,,,,
AL,UNNAMED,1971,10,17,19710828,1200,,TD,24.0N,73.0W,20,,,,,,,,,,,,,
AL,UNNAMED,1971,10,17,19710828,1800,,TD,24.2N,74.1W,25,,,,,,,,,,,,,
AL,UNNAMED,1971,10,17,19710829,0,,TD,24.5N,75.2W,25,,,,,,,,,,,,,
AL,UNNAMED,1971,10,17,19710829,600,,TD,24.8N,76.4W,25,,,,,,,,,,,,,
AL,UNNAMED,1971,10,17,19710829,1200,,TD,25.0N,77.5W,25,,,,,,,,,,,,,
AL,UNNAMED,1971,10,17,19710829,1800,,TD,25.2N,78.6W,25,,,,,,,,,,,,,
AL,UNNAMED,1971,10,17,19710830,0,,TD,25.5N,79.7W,25,,,,,,,,,,,,,
AL,UNNAMED,1971,10,17,19710830,600,,TD,25.8N,80.9W,25,,,,,,,,,,,,,
AL,UNNAMED,1971,10,17,19710830,1200,,TD,26.0N,82.0W,20,,,,,,,,,,,,,
AL,UNNAMED,1971,10,17,19710830,1800,,TD,26.2N,83.5W,20,,,,,,,,,,,,,
AL,UNNAMED,1971,10,17,19710831,0,,TD,26.5N,85.0W,25,,,,,,,,,,,,,
AL,UNNAMED,1971,10,17,19710831,600,,TD,26.8N,86.5W,25,,,,,,,,,,,,,
AL,UNNAMED,1971,10,17,19710831,1200,,TD,27.0N,88.0W,25,,,,,,,,,,,,,
AL,UNNAMED,1971,10,17,19710831,1800,,TD,27.7N,88.7W,25,,,,,,,,,,,,,
AL,UNNAMED,1971,10,17,19710901,0,,TD,28.5N,89.5W,25,,,,,,,,,,,,,
AL,UNNAMED,1971,10,17,19710901,600,,TD,29.2N,90.2W,25,,,,,,,,,,,,,
AL,UNNAMED,1971,10,17,19710901,1200,,TD,30.0N,91.0W,-99,,,,,,,,,,,,,
AL,FERN,1971,11,39,19710903,1200,,TD,27.5N,87.5W,25,,,,,,,,,,,,,
AL,FERN,1971,11,39,19710903,1800,,TD,27.7N,87.7W,25,,,,,,,,,,,,,
AL,FERN,1971,11,39,19710904,0,,TD,28.0N,88.0W,25,,,,,,,,,,,,,
AL,FERN,1971,11,39,19710904,600,,TD,28.2N,88.6W,25,,,,,,,,,,,,,
AL,FERN,1971,11,39,19710904,1200,,TD,28.6N,89.0W,25,,,,,,,,,,,,,
AL,FERN,1971,11,39,19710904,1800,,TD,29.0N,89.3W,25,,,,,,,,,,,,,
AL,FERN,1971,11,39,19710905,0,,TD,29.5N,89.5W,25,,,,,,,,,,,,,
AL,FERN,1971,11,39,19710905,600,,TD,30.1N,89.6W,25,,,,,,,,,,,,,
AL,FERN,1971,11,39,19710905,1200,,TD,30.7N,89.8W,25,,,,,,,,,,,,,
AL,FERN,1971,11,39,19710905,1800,,TD,30.6N,89.9W,25,,,,,,,,,,,,,
AL,FERN,1971,11,39,19710906,0,,TD,30.3N,90.0W,25,,,,,,,,,,,,,
AL,FERN,1971,11,39,19710906,600,,TD,29.9N,90.3W,25,,,,,,,,,,,,,
AL,FERN,1971,11,39,19710906,1200,,TD,29.5N,90.5W,25,,,,,,,,,,,,,
AL,FERN,1971,11,39,19710906,1800,,TD,29.0N,91.0W,25,,,,,,,,,,,,,
AL,FERN,1971,11,39,19710907,0,,TD,28.6N,91.3W,25,,,,,,,,,,,,,
AL,FERN,1971,11,39,19710907,600,,TD,28.1N,91.6W,25,,,,,,,,,,,,,
AL,FERN,1971,11,39,19710907,1200,,TD,27.7N,92.0W,30,,,,,,,,,,,,,
AL,FERN,1971,11,39,19710907,1800,,TD,27.3N,92.3W,30,,,,,,,,,,,,,
AL,FERN,1971,11,39,19710908,0,,TS,26.9N,92.6W,40,1000,,,,,,,,,,,,
AL,FERN,1971,11,39,19710908,600,,TS,26.6N,92.8W,45,1000,,,,,,,,,,,,
AL,FERN,1971,11,39,19710908,1200,,TS,26.4N,93.1W,50,1000,,,,,,,,,,,,
AL,FERN,1971,11,39,19710908,1800,,TS,26.3N,93.4W,55,995,,,,,,,,,,,,
AL,FERN,1971,11,39,19710909,0,,HU,26.4N,93.7W,65,987,,,,,,,,,,,,
AL,FERN,1971,11,39,19710909,600,,HU,26.7N,94.0W,80,993,,,,,,,,,,,,
AL,FERN,1971,11,39,19710909,1200,,HU,27.1N,94.3W,80,992,,,,,,,,,,,,
AL,FERN,1971,11,39,19710909,1800,,HU,27.5N,94.5W,75,992,,,,,,,,,,,,
AL,FERN,1971,11,39,19710910,0,,HU,28.0N,94.8W,70,988,,,,,,,,,,,,
AL,FERN,1971,11,39,19710910,600,,HU,28.5N,95.3W,65,988,,,,,,,,,,,,
AL,FERN,1971,11,39,19710910,1200,,TS,28.5N,96.0W,60,979,,,,,,,,,,,,
AL,FERN,1971,11,39,19710910,1800,,TS,28.3N,96.5W,60,979,,,,,,,,,,,,
AL,FERN,1971,11,39,19710911,0,,TS,28.0N,96.9W,55,988,,,,,,,,,,,,
AL,FERN,1971,11,39,19710911,600,,TS,27.7N,97.3W,55,983,,,,,,,,,,,,
AL,FERN,1971,11,39,19710911,1200,,TS,27.5N,97.6W,45,978,,,,,,,,,,,,
AL,FERN,1971,11,39,19710911,1800,,TS,27.3N,98.0W,40,,,,,,,,,,,,,
AL,FERN,1971,11,39,19710912,0,,TS,27.1N,98.4W,35,,,,,,,,,,,,,
AL,FERN,1971,11,39,19710912,600,,TS,27.1N,98.8W,35,,,,,,,,,,,,,
AL,FERN,1971,11,39,19710912,1200,,TS,27.0N,99.2W,35,,,,,,,,,,,,,
AL,FERN,1971,11,39,19710912,1800,,TD,26.9N,99.7W,30,,,,,,,,,,,,,
AL,FERN,1971,11,39,19710913,0,,TD,26.9N,100.3W,25,,,,,,,,,,,,,
AL,UNNAMED,1971,12,22,19710903,1200,,TD,13.5N,17.5W,20,,,,,,,,,,,,,
AL,UNNAMED,1971,12,22,19710903,1800,,TD,13.5N,18.5W,20,,,,,,,,,,,,,
AL,UNNAMED,1971,12,22,19710904,0,,TD,13.5N,19.5W,25,,,,,,,,,,,,,
AL,UNNAMED,1971,12,22,19710904,600,,TD,13.5N,20.0W,25,,,,,,,,,,,,,
AL,UNNAMED,1971,12,22,19710904,1200,,TD,13.5N,21.0W,30,,,,,,,,,,,,,
AL,UNNAMED,1971,12,22,19710904,1800,,TD,13.6N,21.6W,30,,,,,,,,,,,,,
AL,UNNAMED,1971,12,22,19710905,0,,TD,13.7N,22.3W,30,,,,,,,,,,,,,
AL,UNNAMED,1971,12,22,19710905,600,,TD,13.8N,24.1W,30,,,,,,,,,,,,,
AL,UNNAMED,1971,12,22,19710905,1200,,TD,14.0N,25.5W,30,,,,,,,,,,,,,
AL,UNNAMED,1971,12,22,19710905,1800,,TD,14.4N,26.9W,30,,,,,,,,,,,,,
AL,UNNAMED,1971,12,22,19710906,0,,TD,14.8N,28.3W,30,,,,,,,,,,,,,
AL,UNNAMED,1971,12,22,19710906,600,,TD,15.1N,29.6W,30,,,,,,,,,,,,,
AL,UNNAMED,1971,12,22,19710906,1200,,TD,15.5N,31.0W,25,,,,,,,,,,,,,
AL,UNNAMED,1971,12,22,19710906,1800,,TD,15.8N,32.2W,25,,,,,,,,,,,,,
AL,UNNAMED,1971,12,22,19710907,0,,TD,16.2N,33.5W,25,,,,,,,,,,,,,
AL,UNNAMED,1971,12,22,19710907,600,,TD,16.6N,33.5W,25,,,,,,,,,,,,,
AL,UNNAMED,1971,12,22,19710907,1200,,TD,17.0N,36.0W,25,,,,,,,,,,,,,
AL,UNNAMED,1971,12,22,19710907,1800,,TD,17.0N,37.2W,25,,,,,,,,,,,,,
AL,UNNAMED,1971,12,22,19710908,0,,TD,17.0N,38.5W,20,,,,,,,,,,,,,
AL,UNNAMED,1971,12,22,19710908,600,,TD,17.0N,39.7W,20,,,,,,,,,,,,,
AL,UNNAMED,1971,12,22,19710908,1200,,TD,17.0N,41.0W,20,,,,,,,,,,,,,
AL,UNNAMED,1971,12,22,19710908,1800,,TD,17.0N,42.5W,20,,,,,,,,,,,,,
AL,EDITH,1971,13,51,19710905,1800,,TD,11.4N,58.0W,25,1010,,,,,,,,,,,,
AL,EDITH,1971,13,51,19710906,0,,TD,11.6N,59.4W,30,,,,,,,,,,,,,
AL,EDITH,1971,13,51,19710906,600,,TD,11.8N,61.1W,30,,,,,,,,,,,,,
AL,EDITH,1971,13,51,19710906,1200,,TD,12.0N,62.8W,30,,,,,,,,,,,,,
AL,EDITH,1971,13,51,19710906,1800,,TD,12.2N,64.4W,25,,,,,,,,,,,,,
AL,EDITH,1971,13,51,19710907,0,,TD,12.3N,66.0W,25,,,,,,,,,,,,,
AL,EDITH,1971,13,51,19710907,600,,TD,12.5N,67.7W,25,,,,,,,,,,,,,
AL,EDITH,1971,13,51,19710907,1200,,TS,12.7N,69.1W,35,1006,,,,,,,,,,,,
AL,EDITH,1971,13,51,19710907,1800,,TS,12.9N,70.9W,45,995,,,,,,,,,,,,
AL,EDITH,1971,13,51,19710908,0,,TS,13.0N,72.3W,60,,,,,,,,,,,,,
AL,EDITH,1971,13,51,19710908,600,,HU,13.2N,73.8W,65,993,,,,,,,,,,,,
AL,EDITH,1971,13,51,19710908,1200,,HU,13.6N,75.3W,65,,,,,,,,,,,,,
AL,EDITH,1971,13,51,19710908,1800,,HU,13.8N,77.2W,75,982,,,,,,,,,,,,
AL,EDITH,1971,13,51,19710909,0,,HU,14.0N,78.8W,90,,,,,,,,,,,,,
AL,EDITH,1971,13,51,19710909,600,,HU,14.2N,80.5W,105,,,,,,,,,,,,,
AL,EDITH,1971,13,51,19710909,1200,,HU,14.4N,81.9W,120,960,,,,,,,,,,,,
AL,EDITH,1971,13,51,19710909,1800,,HU,14.8N,83.2W,140,943,,,,,,,,,,,,
AL,EDITH,1971,13,51,19710910,0,,HU,15.2N,84.1W,100,,,,,,,,,,,,,
AL,EDITH,1971,13,51,19710910,600,,HU,15.5N,84.9W,80,,,,,,,,,,,,,
AL,EDITH,1971,13,51,19710910,1200,,HU,15.9N,85.8W,70,,,,,,,,,,,,,
AL,EDITH,1971,13,51,19710910,1800,,HU,16.5N,86.9W,65,,,,,,,,,,,,,
AL,EDITH,1971,13,51,19710911,0,,TS,17.3N,87.8W,60,,,,,,,,,,,,,
AL,EDITH,1971,13,51,19710911,600,,TS,18.1N,88.4W,60,,,,,,,,,,,,,
AL,EDITH,1971,13,51,19710911,1200,,TS,18.6N,89.2W,45,,,,,,,,,,,,,
AL,EDITH,1971,13,51,19710911,1800,,TS,19.3N,89.9W,35,,,,,,,,,,,,,
AL,EDITH,1971,13,51,19710912,0,,TS,19.8N,90.5W,35,1000,,,,,,,,,,,,
AL,EDITH,1971,13,51,19710912,600,,TS,20.7N,91.4W,35,1001,,,,,,,,,,,,
AL,EDITH,1971,13,51,19710912,1200,,TS,21.5N,92.2W,35,1000,,,,,,,,,,,,
AL,EDITH,1971,13,51,19710912,1800,,TS,21.9N,92.9W,35,1000,,,,,,,,,,,,
AL,EDITH,1971,13,51,19710913,0,,TS,22.1N,93.3W,35,,,,,,,,,,,,,
AL,EDITH,1971,13,51,19710913,600,,TS,22.3N,94.2W,45,998,,,,,,,,,,,,
AL,EDITH,1971,13,51,19710913,1200,,TS,22.9N,95.1W,40,,,,,,,,,,,,,
AL,EDITH,1971,13,51,19710913,1800,,TS,23.1N,96.1W,40,,,,,,,,,,,,,
AL,EDITH,1971,13,51,19710914,0,,TS,23.3N,96.9W,45,,,,,,,,,,,,,
AL,EDITH,1971,13,51,19710914,600,,TS,23.4N,97.6W,45,,,,,,,,,,,,,
AL,EDITH,1971,13,51,19710914,1200,,TS,23.7N,97.8W,45,,,,,,,,,,,,,
AL,EDITH,1971,13,51,19710914,1800,,TS,23.9N,97.8W,45,992,,,,,,,,,,,,
AL,EDITH,1971,13,51,19710915,0,,TS,24.2N,97.6W,45,989,,,,,,,,,,,,
AL,EDITH,1971,13,51,19710915,600,,TS,24.7N,97.2W,45,,,,,,,,,,,,,
AL,EDITH,1971,13,51,19710915,1200,,TS,25.3N,96.8W,50,984,,,,,,,,,,,,
AL,EDITH,1971,13,51,19710915,1800,,HU,26.2N,96.2W,65,982,,,,,,,,,,,,
AL,EDITH,1971,13,51,19710916,0,,HU,27.3N,95.4W,70,979,,,,,,,,,,,,
AL,EDITH,1971,13,51,19710916,600,,HU,28.4N,94.6W,80,977,,,,,,,,,,,,
AL,EDITH,1971,13,51,19710916,1200,,HU,29.5N,93.1W,85,978,,,,,,,,,,,,
AL,EDITH,1971,13,51,19710916,1800,,TS,30.5N,91.6W,60,,,,,,,,,,,,,
AL,EDITH,1971,13,51,19710917,0,,TS,31.8N,89.9W,40,,,,,,,,,,,,,
AL,EDITH,1971,13,51,19710917,600,,TD,32.3N,89.0W,30,,,,,,,,,,,,,
AL,EDITH,1971,13,51,19710917,1200,,TD,32.9N,87.8W,25,,,,,,,,,,,,,
AL,EDITH,1971,13,51,19710917,1800,,TD,33.3N,87.0W,25,,,,,,,,,,,,,
AL,EDITH,1971,13,51,19710918,0,,TD,33.7N,85.8W,25,,,,,,,,,,,,,
AL,EDITH,1971,13,51,19710918,600,,TD,34.0N,84.7W,25,,,,,,,,,,,,,
AL,GINGER,1971,14,118,19710906,0,,TD,25.5N,71.5W,25,,,,,,,,,,,,,
AL,GINGER,1971,14,118,19710906,600,,TD,25.2N,71.2W,25,,,,,,,,,,,,,
AL,GINGER,1971,14,118,19710906,1200,,TD,25.0N,71.0W,25,,,,,,,,,,,,,
AL,GINGER,1971,14,118,19710906,1800,,TD,24.8N,70.8W,25,,,,,,,,,,,,,
AL,GINGER,1971,14,118,19710907,0,,TD,24.6N,70.5W,25,,,,,,,,,,,,,
AL,GINGER,1971,14,118,19710907,600,,TD,24.4N,70.3W,25,,,,,,,,,,,,,
AL,GINGER,1971,14,118,19710907,1200,,TD,24.3N,69.9W,25,,,,,,,,,,,,,
AL,GINGER,1971,14,118,19710907,1800,,TD,24.7N,69.3W,25,,,,,,,,,,,,,
AL,GINGER,1971,14,118,19710908,0,,TD,25.2N,68.8W,25,,,,,,,,,,,,,
AL,GINGER,1971,14,118,19710908,600,,TD,25.5N,68.5W,25,,,,,,,,,,,,,
AL,GINGER,1971,14,118,19710908,1200,,TD,25.9N,68.2W,25,,,,,,,,,,,,,
AL,GINGER,1971,14,118,19710908,1800,,TD,26.3N,68.0W,25,,,,,,,,,,,,,
AL,GINGER,1971,14,118,19710909,0,,TD,26.6N,67.9W,25,,,,,,,,,,,,,
AL,GINGER,1971,14,118,19710909,600,,TD,26.8N,67.7W,25,,,,,,,,,,,,,
AL,GINGER,1971,14,118,19710909,1200,,TD,27.0N,67.6W,25,1008,,,,,,,,,,,,
AL,GINGER,1971,14,118,19710909,1800,,TD,27.3N,67.4W,30,,,,,,,,,,,,,
AL,GINGER,1971,14,118,19710910,0,,TD,27.6N,67.0W,30,,,,,,,,,,,,,
AL,GINGER,1971,14,118,19710910,600,,TD,27.7N,66.6W,30,,,,,,,,,,,,,
AL,GINGER,1971,14,118,19710910,1200,,TS,27.7N,66.1W,40,1003,,,,,,,,,,,,
AL,GINGER,1971,14,118,19710910,1800,,TS,27.7N,65.5W,45,,,,,,,,,,,,,
AL,GINGER,1971,14,118,19710911,0,,TS,27.7N,65.0W,50,,,,,,,,,,,,,
AL,GINGER,1971,14,118,19710911,600,,TS,27.8N,64.2W,55,,,,,,,,,,,,,
AL,GINGER,1971,14,118,19710911,1200,,HU,27.9N,63.3W,65,991,,,,,,,,,,,,
AL,GINGER,1971,14,118,19710911,1800,,HU,28.3N,62.4W,65,,,,,,,,,,,,,
AL,GINGER,1971,14,118,19710912,0,,HU,28.9N,61.6W,70,,,,,,,,,,,,,
AL,GINGER,1971,14,118,19710912,600,,HU,29.6N,60.7W,75,,,,,,,,,,,,,
AL,GINGER,1971,14,118,19710912,1200,,HU,30.3N,59.9W,75,985,,,,,,,,,,,,
AL,GINGER,1971,14,118,19710912,1800,,HU,31.1N,59.0W,80,,,,,,,,,,,,,
AL,GINGER,1971,14,118,19710913,0,,HU,31.7N,58.2W,80,,,,,,,,,,,,,
AL,GINGER,1971,14,118,19710913,600,,HU,32.3N,57.2W,85,,,,,,,,,,,,,
AL,GINGER,1971,14,118,19710913,1200,,HU,32.7N,56.1W,85,,,,,,,,,,,,,
AL,GINGER,1971,14,118,19710913,1800,,HU,33.0N,54.9W,90,959,,,,,,,,,,,,
AL,GINGER,1971,14,118,19710914,0,,HU,33.3N,53.3W,95,,,,,,,,,,,,,
AL,GINGER,1971,14,118,19710914,600,,HU,33.6N,52.7W,90,,,,,,,,,,,,,
AL,GINGER,1971,14,118,19710914,1200,,HU,33.7N,50.1W,85,,,,,,,,,,,,,
AL,GINGER,1971,14,118,19710914,1800,,HU,33.3N,48.3W,80,964,,,,,,,,,,,,
AL,GINGER,1971,14,118,19710915,0,,HU,33.0N,48.4W,75,,,,,,,,,,,,,
AL,GINGER,1971,14,118,19710915,600,,HU,32.9N,48.7W,75,,,,,,,,,,,,,
AL,GINGER,1971,14,118,19710915,1200,,HU,32.8N,49.1W,70,981,,,,,,,,,,,,
AL,GINGER,1971,14,118,19710915,1800,,HU,32.7N,49.4W,70,,,,,,,,,,,,,
AL,GINGER,1971,14,118,19710916,0,,HU,32.7N,49.6W,70,,,,,,,,,,,,,
AL,GINGER,1971,14,118,19710916,600,,HU,32.7N,49.8W,70,,,,,,,,,,,,,
AL,GINGER,1971,14,118,19710916,1200,,HU,32.7N,50.1W,65,987,,,,,,,,,,,,
AL,GINGER,1971,14,118,19710916,1800,,HU,32.7N,50.5W,65,,,,,,,,,,,,,
AL,GINGER,1971,14,118,19710917,0,,HU,32.7N,51.0W,65,987,,,,,,,,,,,,
AL,GINGER,1971,14,118,19710917,600,,HU,32.7N,51.5W,65,,,,,,,,,,,,,
AL,GINGER,1971,14,118,19710917,1200,,HU,32.7N,51.9W,65,992,,,,,,,,,,,,
AL,GINGER,1971,14,118,19710917,1800,,HU,32.6N,52.2W,65,,,,,,,,,,,,,
AL,GINGER,1971,14,118,19710918,0,,HU,32.5N,52.4W,65,,,,,,,,,,,,,
AL,GINGER,1971,14,118,19710918,600,,HU,32.3N,52.6W,65,,,,,,,,,,,,,
AL,GINGER,1971,14,118,19710918,1200,,HU,32.1N,52.8W,65,,,,,,,,,,,,,
AL,GINGER,1971,14,118,19710918,1800,,HU,31.8N,52.8W,65,,,,,,,,,,,,,
AL,GINGER,1971,14,118,19710919,0,,HU,31.4N,52.6W,65,,,,,,,,,,,,,
AL,GINGER,1971,14,118,19710919,600,,HU,31.0N,52.2W,65,,,,,,,,,,,,,
AL,GINGER,1971,14,118,19710919,1200,,HU,31.0N,51.7W,65,987,,,,,,,,,,,,
AL,GINGER,1971,14,118,19710919,1800,,HU,31.2N,51.6W,65,,,,,,,,,,,,,
AL,GINGER,1971,14,118,19710920,0,,HU,31.4N,51.7W,65,,,,,,,,,,,,,
AL,GINGER,1971,14,118,19710920,600,,HU,31.6N,51.8W,65,,,,,,,,,,,,,
AL,GINGER,1971,14,118,19710920,1200,,HU,31.7N,52.0W,65,,,,,,,,,,,,,
AL,GINGER,1971,14,118,19710920,1800,,HU,31.8N,52.4W,65,,,,,,,,,,,,,
AL,GINGER,1971,14,118,19710921,0,,HU,31.7N,53.0W,65,,,,,,,,,,,,,
AL,GINGER,1971,14,118,19710921,600,,HU,31.6N,53.5W,65,,,,,,,,,,,,,
AL,GINGER,1971,14,118,19710921,1200,,HU,31.5N,54.2W,65,993,,,,,,,,,,,,
AL,GINGER,1971,14,118,19710921,1800,,HU,31.4N,55.2W,65,,,,,,,,,,,,,
AL,GINGER,1971,14,118,19710922,0,,HU,31.3N,56.5W,65,994,,,,,,,,,,,,
AL,GINGER,1971,14,118,19710922,600,,HU,31.3N,57.8W,65,995,,,,,,,,,,,,
AL,GINGER,1971,14,118,19710922,1200,,HU,31.2N,59.2W,65,995,,,,,,,,,,,,
AL,GINGER,1971,14,118,19710922,1800,,HU,31.1N,60.3W,80,994,,,,,,,,,,,,
AL,GINGER,1971,14,118,19710923,0,,HU,31.0N,61.5W,80,993,,,,,,,,,,,,
AL,GINGER,1971,14,118,19710923,600,,HU,30.9N,62.8W,80,993,,,,,,,,,,,,
AL,GINGER,1971,14,118,19710923,1200,,HU,30.8N,64.0W,75,994,,,,,,,,,,,,
AL,GINGER,1971,14,118,19710923,1800,,HU,30.5N,65.1W,75,992,,,,,,,,,,,,
AL,GINGER,1971,14,118,19710924,0,,HU,30.1N,66.2W,75,988,,,,,,,,,,,,
AL,GINGER,1971,14,118,19710924,600,,HU,30.0N,67.1W,75,986,,,,,,,,,,,,
AL,GINGER,1971,14,118,19710924,1200,,HU,30.0N,67.5W,70,993,,,,,,,,,,,,
AL,GINGER,1971,14,118,19710924,1800,,HU,29.9N,67.8W,70,988,,,,,,,,,,,,
AL,GINGER,1971,14,118,19710925,0,,HU,29.8N,68.2W,70,980,,,,,,,,,,,,
AL,GINGER,1971,14,118,19710925,600,,HU,29.6N,68.4W,70,981,,,,,,,,,,,,
AL,GINGER,1971,14,118,19710925,1200,,HU,29.4N,68.5W,75,984,,,,,,,,,,,,
AL,GINGER,1971,14,118,19710925,1800,,HU,29.2N,68.6W,75,980,,,,,,,,,,,,
AL,GINGER,1971,14,118,19710926,0,,HU,28.8N,68.8W,75,976,,,,,,,,,,,,
AL,GINGER,1971,14,118,19710926,600,,HU,28.4N,69.0W,70,976,,,,,,,,,,,,
AL,GINGER,1971,14,118,19710926,1200,,HU,28.2N,69.3W,65,982,,,,,,,,,,,,
AL,GINGER,1971,14,118,19710926,1800,,HU,28.0N,69.7W,70,983,,,,,,,,,,,,
AL,GINGER,1971,14,118,19710927,0,,HU,27.9N,70.2W,70,980,,,,,,,,,,,,
AL,GINGER,1971,14,118,19710927,600,,HU,28.0N,70.4W,75,978,,,,,,,,,,,,
AL,GINGER,1971,14,118,19710927,1200,,HU,28.2N,70.6W,80,975,,,,,,,,,,,,
AL,GINGER,1971,14,118,19710927,1800,,HU,28.4N,70.9W,80,969,,,,,,,,,,,,
AL,GINGER,1971,14,118,19710928,0,,HU,28.7N,71.0W,80,969,,,,,,,,,,,,
AL,GINGER,1971,14,118,19710928,600,,HU,29.1N,71.1W,80,976,,,,,,,,,,,,
AL,GINGER,1971,14,118,19710928,1200,,HU,29.5N,71.3W,80,981,,,,,,,,,,,,
AL,GINGER,1971,14,118,19710928,1800,,HU,30.0N,71.7W,85,980,,,,,,,,,,,,
AL,GINGER,1971,14,118,19710929,0,,HU,30.5N,72.2W,85,985,,,,,,,,,,,,
AL,GINGER,1971,14,118,19710929,600,,HU,31.0N,72.8W,90,982,,,,,,,,,,,,
AL,GINGER,1971,14,118,19710929,1200,,HU,31.6N,73.5W,90,983,,,,,,,,,,,,
AL,GINGER,1971,14,118,19710929,1800,,HU,32.3N,74.4W,90,985,,,,,,,,,,,,
AL,GINGER,1971,14,118,19710930,0,,HU,32.9N,75.0W,85,988,,,,,,,,,,,,
AL,GINGER,1971,14,118,19710930,600,,HU,33.5N,75.5W,80,985,,,,,,,,,,,,
AL,GINGER,1971,14,118,19710930,1200,,HU,34.0N,76.0W,75,985,,,,,,,,,,,,
AL,GINGER,1971,14,118,19710930,1800,,HU,34.5N,76.5W,65,984,,,,,,,,,,,,
AL,GINGER,1971,14,118,19711001,0,,TS,34.7N,77.0W,60,991,,,,,,,,,,,,
AL,GINGER,1971,14,118,19711001,600,,TS,34.8N,77.5W,55,997,,,,,,,,,,,,
AL,GINGER,1971,14,118,19711001,1200,,TS,34.9N,78.0W,45,1000,,,,,,,,,,,,
AL,GINGER,1971,14,118,19711001,1800,,TD,35.2N,78.2W,30,1004,,,,,,,,,,,,
AL,GINGER,1971,14,118,19711002,0,,TD,35.6N,78.3W,30,,,,,,,,,,,,,
AL,GINGER,1971,14,118,19711002,600,,TD,36.2N,78.2W,30,,,,,,,,,,,,,
AL,GINGER,1971,14,118,19711002,1200,,TD,36.8N,78.1W,30,,,,,,,,,,,,,
AL,GINGER,1971,14,118,19711002,1800,,TD,37.2N,77.7W,30,,,,,,,,,,,,,
AL,GINGER,1971,14,118,19711003,0,,TD,37.3N,76.8W,30,,,,,,,,,,,,,
AL,GINGER,1971,14,118,19711003,600,,EX,37.2N,75.9W,30,1008,,,,,,,,,,,,
AL,GINGER,1971,14,118,19711003,1200,,EX,37.0N,75.0W,30,,,,,,,,,,,,,
AL,GINGER,1971,14,118,19711003,1800,,EX,36.7N,74.1W,30,,,,,,,,,,,,,
AL,GINGER,1971,14,118,19711004,0,,EX,36.4N,73.3W,30,,,,,,,,,,,,,
AL,GINGER,1971,14,118,19711004,600,,EX,36.1N,72.7W,30,,,,,,,,,,,,,
AL,GINGER,1971,14,118,19711004,1200,,EX,35.9N,72.0W,25,,,,,,,,,,,,,
AL,GINGER,1971,14,118,19711004,1800,,EX,35.8N,71.3W,25,,,,,,,,,,,,,
AL,GINGER,1971,14,118,19711005,0,,EX,35.7N,70.6W,25,,,,,,,,,,,,,
AL,GINGER,1971,14,118,19711005,600,,EX,35.7N,69.9W,25,,,,,,,,,,,,,
AL,UNNAMED,1971,15,13,19710908,1200,,TD,28.5N,73.5W,20,,,,,,,,,,,,,
AL,UNNAMED,1971,15,13,19710908,1800,,TD,29.2N,73.2W,20,,,,,,,,,,,,,
AL,UNNAMED,1971,15,13,19710909,0,,TD,30.0N,73.0W,25,,,,,,,,,,,,,
AL,UNNAMED,1971,15,13,19710909,600,,TD,30.7N,73.2W,25,,,,,,,,,,,,,
AL,UNNAMED,1971,15,13,19710909,1200,,TD,31.5N,73.5W,25,,,,,,,,,,,,,
AL,UNNAMED,1971,15,13,19710909,1800,,TD,31.8N,75.6W,25,,,,,,,,,,,,,
AL,UNNAMED,1971,15,13,19710910,0,,TD,32.1N,75.7W,25,,,,,,,,,,,,,
AL,UNNAMED,1971,15,13,19710910,600,,TD,32.5N,76.8W,25,,,,,,,,,,,,,
AL,UNNAMED,1971,15,13,19710910,1200,,TD,33.0N,78.0W,25,,,,,,,,,,,,,
AL,UNNAMED,1971,15,13,19710910,1800,,TD,32.9N,78.7W,20,,,,,,,,,,,,,
AL,UNNAMED,1971,15,13,19710911,0,,TD,32.8N,79.5W,20,,,,,,,,,,,,,
AL,UNNAMED,1971,15,13,19710911,600,,TD,32.7N,80.2W,20,,,,,,,,,,,,,
AL,UNNAMED,1971,15,13,19710911,1200,,TD,32.5N,81.0W,-99,,,,,,,,,,,,,
AL,UNNAMED,1971,16,17,19710910,1200,,TD,16.0N,16.0W,20,,,,,,,,,,,,,
AL,UNNAMED,1971,16,17,19710910,1800,,TD,16.0N,18.0W,20,,,,,,,,,,,,,
AL,UNNAMED,1971,16,17,19710911,0,,TD,16.0N,20.0W,25,,,,,,,,,,,,,
AL,UNNAMED,1971,16,17,19710911,600,,TD,16.0N,22.0W,25,,,,,,,,,,,,,
AL,UNNAMED,1971,16,17,19710911,1200,,TD,16.0N,24.0W,25,,,,,,,,,,,,,
AL,UNNAMED,1971,16,17,19710911,1800,,TD,16.0N,25.4W,25,,,,,,,,,,,,,
AL,UNNAMED,1971,16,17,19710912,0,,TD,16.0N,26.8W,30,,,,,,,,,,,,,
AL,UNNAMED,1971,16,17,19710912,600,,TD,16.0N,28.1W,30,,,,,,,,,,,,,
AL,UNNAMED,1971,16,17,19710912,1200,,TD,16.0N,29.5W,30,,,,,,,,,,,,,
AL,UNNAMED,1971,16,17,19710912,1800,,TD,16.2N,31.0W,30,,,,,,,,,,,,,
AL,UNNAMED,1971,16,17,19710913,0,,TD,16.5N,32.5W,30,,,,,,,,,,,,,
AL,UNNAMED,1971,16,17,19710913,600,,TD,16.7N,33.0W,25,,,,,,,,,,,,,
AL,UNNAMED,1971,16,17,19710913,1200,,TD,17.0N,35.5W,25,,,,,,,,,,,,,
AL,UNNAMED,1971,16,17,19710913,1800,,TD,17.3N,37.4W,25,,,,,,,,,,,,,
AL,UNNAMED,1971,16,17,19710914,0,,TD,17.7N,39.2W,25,,,,,,,,,,,,,
AL,UNNAMED,1971,16,17,19710914,600,,TD,18.1N,41.1W,20,,,,,,,,,,,,,
AL,UNNAMED,1971,16,17,19710914,1200,,TD,18.5N,43.0W,20,,,,,,,,,,,,,
AL,HEIDI,1971,17,17,19710911,0,,TD,27.1N,72.0W,30,,,,,,,,,,,,,
AL,HEIDI,1971,17,17,19710911,600,,TD,27.2N,72.3W,30,,,,,,,,,,,,,
AL,HEIDI,1971,17,17,19710911,1200,,TD,27.5N,72.8W,30,,,,,,,,,,,,,
AL,HEIDI,1971,17,17,19710911,1800,,TD,27.9N,73.3W,30,,,,,,,,,,,,,
AL,HEIDI,1971,17,17,19710912,0,,TD,28.6N,73.8W,30,1006,,,,,,,,,,,,
AL,HEIDI,1971,17,17,19710912,600,,TS,29.2N,74.0W,40,,,,,,,,,,,,,
AL,HEIDI,1971,17,17,19710912,1200,,TS,30.0N,73.9W,45,1001,,,,,,,,,,,,
AL,HEIDI,1971,17,17,19710912,1800,,TS,30.8N,73.5W,45,998,,,,,,,,,,,,
AL,HEIDI,1971,17,17,19710913,0,,TS,31.7N,72.8W,45,,,,,,,,,,,,,
AL,HEIDI,1971,17,17,19710913,600,,TS,32.7N,72.0W,45,,,,,,,,,,,,,
AL,HEIDI,1971,17,17,19710913,1200,,TS,33.8N,71.3W,45,998,,,,,,,,,,,,
AL,HEIDI,1971,17,17,19710913,1800,,TS,35.3N,70.3W,50,996,,,,,,,,,,,,
AL,HEIDI,1971,17,17,19710914,0,,TS,37.1N,69.9W,55,,,,,,,,,,,,,
AL,HEIDI,1971,17,17,19710914,600,,TS,39.4N,69.3W,50,,,,,,,,,,,,,
AL,HEIDI,1971,17,17,19710914,1200,,TS,41.6N,68.8W,50,,,,,,,,,,,,,
AL,HEIDI,1971,17,17,19710914,1800,,TS,43.7N,68.7W,40,998,,,,,,,,,,,,
AL,HEIDI,1971,17,17,19710915,0,,TD,45.5N,69.0W,25,1002,,,,,,,,,,,,
AL,IRENE,1971,18,37,19710911,1800,,TD,11.0N,48.5W,25,1009,,,,,,,,,,,,
AL,IRENE,1971,18,37,19710912,0,,TD,11.3N,50.3W,25,,,,,,,,,,,,,
AL,IRENE,1971,18,37,19710912,600,,TD,11.8N,52.2W,25,,,,,,,,,,,,,
AL,IRENE,1971,18,37,19710912,1200,,TD,12.1N,53.8W,25,1009,,,,,,,,,,,,
AL,IRENE,1971,18,37,19710912,1800,,TD,12.5N,55.0W,25,,,,,,,,,,,,,
AL,IRENE,1971,18,37,19710913,0,,TD,12.5N,56.5W,25,,,,,,,,,,,,,
AL,IRENE,1971,18,37,19710913,600,,TD,12.5N,57.8W,25,,,,,,,,,,,,,
AL,IRENE,1971,18,37,19710913,1200,,TD,12.5N,59.0W,25,,,,,,,,,,,,,
AL,IRENE,1971,18,37,19710913,1800,,TD,12.3N,59.8W,25,,,,,,,,,,,,,
AL,IRENE,1971,18,37,19710914,0,,TD,12.2N,60.3W,25,,,,,,,,,,,,,
AL,IRENE,1971,18,37,19710914,600,,TD,12.1N,60.8W,25,,,,,,,,,,,,,
AL,IRENE,1971,18,37,19710914,1200,,TD,12.0N,61.4W,25,1007,,,,,,,,,,,,
AL,IRENE,1971,18,37,19710914,1800,,TD,11.9N,62.1W,25,,,,,,,,,,,,,
AL,IRENE,1971,18,37,19710915,0,,TD,11.7N,63.0W,30,,,,,,,,,,,,,
AL,IRENE,1971,18,37,19710915,600,,TD,11.5N,64.0W,30,,,,,,,,,,,,,
AL,IRENE,1971,18,37,19710915,1200,,TD,11.4N,65.0W,30,,,,,,,,,,,,,
AL,IRENE,1971,18,37,19710915,1800,,TD,11.5N,66.2W,30,,,,,,,,,,,,,
AL,IRENE,1971,18,37,19710916,0,,TD,11.9N,67.5W,30,,,,,,,,,,,,,
AL,IRENE,1971,18,37,19710916,600,,TD,12.2N,69.0W,30,,,,,,,,,,,,,
AL,IRENE,1971,18,37,19710916,1200,,TD,12.5N,70.5W,30,,,,,,,,,,,,,
AL,IRENE,1971,18,37,19710916,1800,,TD,12.6N,71.7W,30,,,,,,,,,,,,,
AL,IRENE,1971,18,37,19710917,0,,TS,12.5N,73.0W,35,,,,,,,,,,,,,
AL,IRENE,1971,18,37,19710917,600,,TS,12.4N,74.5W,35,,,,,,,,,,,,,
AL,IRENE,1971,18,37,19710917,1200,,TS,12.3N,76.0W,40,1005,,,,,,,,,,,,
AL,IRENE,1971,18,37,19710917,1800,,TS,12.1N,77.5W,45,,,,,,,,,,,,,
AL,IRENE,1971,18,37,19710918,0,,TS,12.0N,79.0W,50,,,,,,,,,,,,,
AL,IRENE,1971,18,37,19710918,600,,TS,11.7N,80.5W,55,1002,,,,,,,,,,,,
AL,IRENE,1971,18,37,19710918,1200,,TS,11.5N,81.5W,60,,,,,,,,,,,,,
AL,IRENE,1971,18,37,19710918,1800,,HU,11.4N,82.3W,70,993,,,,,,,,,,,,
AL,IRENE,1971,18,37,19710919,0,,HU,11.3N,82.9W,65,989,,,,,,,,,,,,
AL,IRENE,1971,18,37,19710919,600,,HU,11.4N,83.5W,65,,,,,,,,,,,,,
AL,IRENE,1971,18,37,19710919,1200,,TS,11.5N,84.3W,60,,,,,,,,,,,,,
AL,IRENE,1971,18,37,19710919,1800,,TS,11.7N,85.0W,50,,,,,,,,,,,,,
AL,IRENE,1971,18,37,19710920,0,,TD,11.9N,85.8W,30,,,,,,,,,,,,,
AL,IRENE,1971,18,37,19710920,600,,TD,12.2N,86.5W,30,,,,,,,,,,,,,
AL,IRENE,1971,18,37,19710920,1200,,TS,12.3N,87.2W,35,,,,,,,,,,,,,
AL,IRENE,1971,18,37,19710920,1800,,TS,12.5N,87.9W,35,,,,,,,,,,,,,
AL,JANICE,1971,19,15,19710921,600,,TD,11.5N,38.8W,25,,,,,,,,,,,,,
AL,JANICE,1971,19,15,19710921,1200,,TD,11.6N,40.9W,25,,,,,,,,,,,,,
AL,JANICE,1971,19,15,19710921,1800,,TD,11.7N,42.7W,30,,,,,,,,,,,,,
AL,JANICE,1971,19,15,19710922,0,,TD,11.8N,44.3W,30,,,,,,,,,,,,,
AL,JANICE,1971,19,15,19710922,600,,TS,12.0N,45.8W,40,,,,,,,,,,,,,
AL,JANICE,1971,19,15,19710922,1200,,TS,12.4N,47.2W,40,1009,,,,,,,,,,,,
AL,JANICE,1971,19,15,19710922,1800,,TS,13.1N,48.5W,55,1005,,,,,,,,,,,,
AL,JANICE,1971,19,15,19710923,0,,TS,13.7N,49.9W,55,,,,,,,,,,,,,
AL,JANICE,1971,19,15,19710923,600,,TS,14.4N,51.2W,50,,,,,,,,,,,,,
AL,JANICE,1971,19,15,19710923,1200,,TS,15.0N,52.6W,50,,,,,,,,,,,,,
AL,JANICE,1971,19,15,19710923,1800,,TS,15.8N,53.9W,45,,,,,,,,,,,,,
AL,JANICE,1971,19,15,19710924,0,,TS,16.3N,55.2W,45,,,,,,,,,,,,,
AL,JANICE,1971,19,15,19710924,600,,TS,17.1N,57.0W,35,1006,,,,,,,,,,,,
AL,JANICE,1971,19,15,19710924,1200,,TD,18.1N,58.6W,30,,,,,,,,,,,,,
AL,JANICE,1971,19,15,19710924,1800,,TD,19.4N,60.0W,30,,,,,,,,,,,,,
AL,UNNAMED,1971,20,33,19711006,1200,,TD,17.5N,84.5W,20,,,,,,,,,,,,,
AL,UNNAMED,1971,20,33,19711006,1800,,TD,17.7N,85.0W,25,,,,,,,,,,,,,
AL,UNNAMED,1971,20,33,19711007,0,,TD,18.0N,85.5W,25,,,,,,,,,,,,,
AL,UNNAMED,1971,20,33,19711007,600,,TD,18.2N,86.0W,25,,,,,,,,,,,,,
AL,UNNAMED,1971,20,33,19711007,1200,,TD,18.5N,86.5W,25,,,,,,,,,,,,,
AL,UNNAMED,1971,20,33,19711007,1800,,TD,18.7N,87.0W,25,,,,,,,,,,,,,
AL,UNNAMED,1971,20,33,19711008,0,,TD,19.0N,87.5W,20,,,,,,,,,,,,,
AL,UNNAMED,1971,20,33,19711008,600,,TD,19.3N,88.0W,20,,,,,,,,,,,,,
AL,UNNAMED,1971,20,33,19711008,1200,,TD,19.5N,88.5W,20,,,,,,,,,,,,,
AL,UNNAMED,1971,20,33,19711008,1800,,TD,19.8N,89.1W,20,,,,,,,,,,,,,
AL,UNNAMED,1971,20,33,19711009,0,,TD,20.2N,89.7W,20,,,,,,,,,,,,,
AL,UNNAMED,1971,20,33,19711009,600,,TD,20.6N,90.3W,20,,,,,,,,,,,,,
AL,UNNAMED,1971,20,33,19711009,1200,,TD,21.0N,91.0W,20,,,,,,,,,,,,,
AL,UNNAMED,1971,20,33,19711009,1800,,TD,21.5N,90.5W,25,,,,,,,,,,,,,
AL,UNNAMED,1971,20,33,19711010,0,,TD,22.0N,90.0W,25,,,,,,,,,,,,,
AL,UNNAMED,1971,20,33,19711010,600,,TD,22.5N,89.5W,25,,,,,,,,,,,,,
AL,UNNAMED,1971,20,33,19711010,1200,,TD,23.0N,89.0W,25,,,,,,,,,,,,,
AL,UNNAMED,1971,20,33,19711010,1800,,TD,23.3N,88.0W,25,,,,,,,,,,,,,
AL,UNNAMED,1971,20,33,19711011,0,,TD,23.7N,87.0W,25,,,,,,,,,,,,,
AL,UNNAMED,1971,20,33,19711011,600,,TD,24.1N,86.0W,25,,,,,,,,,,,,,
AL,UNNAMED,1971,20,33,19711011,1200,,TD,24.5N,85.0W,25,,,,,,,,,,,,,
AL,UNNAMED,1971,20,33,19711011,1800,,TD,24.7N,84.8W,25,,,,,,,,,,,,,
AL,UNNAMED,1971,20,33,19711012,0,,TD,25.0N,84.5W,25,,,,,,,,,,,,,
AL,UNNAMED,1971,20,33,19711012,600,,TD,25.3N,84.2W,25,,,,,,,,,,,,,
AL,UNNAMED,1971,20,33,19711012,1200,,TD,25.5N,84.0W,25,,,,,,,,,,,,,
AL,UNNAMED,1971,20,33,19711012,1800,,TD,26.0N,84.1W,25,,,,,,,,,,,,,
AL,UNNAMED,1971,20,33,19711013,0,,TD,26.5N,84.1W,25,,,,,,,,,,,,,
AL,UNNAMED,1971,20,33,19711013,600,,TD,27.0N,84.3W,25,,,,,,,,,,,,,
AL,UNNAMED,1971,20,33,19711013,1200,,TD,27.5N,84.5W,25,,,,,,,,,,,,,
AL,UNNAMED,1971,20,33,19711013,1800,,TD,28.1N,84.6W,25,,,,,,,,,,,,,
AL,UNNAMED,1971,20,33,19711014,0,,TD,28.7N,84.7W,25,,,,,,,,,,,,,
AL,UNNAMED,1971,20,33,19711014,600,,TD,29.3N,84.8W,25,,,,,,,,,,,,,
AL,UNNAMED,1971,20,33,19711014,1200,,TD,30.0N,85.0W,-99,,,,,,,,,,,,,
AL,KRISTY,1971,21,16,19711018,0,,TD,25.0N,58.5W,25,,,,,,,,,,,,,
AL,KRISTY,1971,21,16,19711018,600,,TD,26.0N,58.0W,25,,,,,,,,,,,,,
AL,KRISTY,1971,21,16,19711018,1200,,TD,27.0N,57.6W,25,,,,,,,,,,,,,
AL,KRISTY,1971,21,16,19711018,1800,,TD,28.0N,57.3W,25,1009,,,,,,,,,,,,
AL,KRISTY,1971,21,16,19711019,0,,TD,29.1N,57.1W,25,1009,,,,,,,,,,,,
AL,KRISTY,1971,21,16,19711019,600,,TD,30.0N,56.8W,25,,,,,,,,,,,,,
AL,KRISTY,1971,21,16,19711019,1200,,TD,31.1N,56.3W,25,,,,,,,,,,,,,
AL,KRISTY,1971,21,16,19711019,1800,,TD,32.5N,54.7W,30,1009,,,,,,,,,,,,
AL,KRISTY,1971,21,16,19711020,0,,TS,33.5N,52.8W,35,,,,,,,,,,,,,
AL,KRISTY,1971,21,16,19711020,600,,TS,34.8N,49.8W,35,,,,,,,,,,,,,
AL,KRISTY,1971,21,16,19711020,1200,,TS,35.4N,47.1W,45,997,,,,,,,,,,,,
AL,KRISTY,1971,21,16,19711020,1800,,TS,36.4N,42.9W,45,992,,,,,,,,,,,,
AL,KRISTY,1971,21,16,19711021,0,,TS,36.7N,38.3W,40,,,,,,,,,,,,,
AL,KRISTY,1971,21,16,19711021,600,,EX,37.0N,34.6W,40,,,,,,,,,,,,,
AL,KRISTY,1971,21,16,19711021,1200,,EX,38.2N,30.8W,40,,,,,,,,,,,,,
AL,KRISTY,1971,21,16,19711021,1800,,EX,40.5N,28.9W,40,,,,,,,,,,,,,
AL,LAURA,1971,22,39,19711112,1200,,TD,12.0N,78.5W,25,,,,,,,,,,,,,
AL,LAURA,1971,22,39,19711112,1800,,TD,12.3N,78.8W,30,,,,,,,,,,,,,
AL,LAURA,1971,22,39,19711113,0,,TD,12.7N,79.0W,30,,,,,,,,,,,,,
AL,LAURA,1971,22,39,19711113,600,,TD,13.3N,79.6W,30,,,,,,,,,,,,,
AL,LAURA,1971,22,39,19711113,1200,,TD,13.8N,80.0W,30,,,,,,,,,,,,,
AL,LAURA,1971,22,39,19711113,1800,,TD,14.5N,80.6W,30,,,,,,,,,,,,,
AL,LAURA,1971,22,39,19711114,0,,TD,15.2N,81.3W,30,,,,,,,,,,,,,
AL,LAURA,1971,22,39,19711114,600,,TD,16.0N,82.0W,30,,,,,,,,,,,,,
AL,LAURA,1971,22,39,19711114,1200,,TS,16.6N,82.5W,35,1004,,,,,,,,,,,,
AL,LAURA,1971,22,39,19711114,1800,,TS,17.4N,83.2W,40,,,,,,,,,,,,,
AL,LAURA,1971,22,39,19711115,0,,TS,18.2N,83.6W,40,,,,,,,,,,,,,
AL,LAURA,1971,22,39,19711115,600,,TS,19.0N,83.8W,45,,,,,,,,,,,,,
AL,LAURA,1971,22,39,19711115,1200,,TS,19.8N,84.0W,55,,,,,,,,,,,,,
AL,LAURA,1971,22,39,19711115,1800,,TS,20.4N,84.1W,60,,,,,,,,,,,,,
AL,LAURA,1971,22,39,19711116,0,,TS,21.0N,84.0W,60,998,,,,,,,,,,,,
AL,LAURA,1971,22,39,19711116,600,,TS,21.4N,83.8W,60,,,,,,,,,,,,,
AL,LAURA,1971,22,39,19711116,1200,,TS,21.7N,83.5W,60,,,,,,,,,,,,,
AL,LAURA,1971,22,39,19711116,1800,,TS,21.4N,83.4W,60,,,,,,,,,,,,,
AL,LAURA,1971,22,39,19711117,0,,TS,21.1N,83.3W,60,995,,,,,,,,,,,,
AL,LAURA,1971,22,39,19711117,600,,TS,20.5N,83.5W,60,,,,,,,,,,,,,
AL,LAURA,1971,22,39,19711117,1200,,TS,20.1N,83.9W,60,994,,,,,,,,,,,,
AL,LAURA,1971,22,39,19711117,1800,,TS,19.9N,84.2W,60,996,,,,,,,,,,,,
AL,LAURA,1971,22,39,19711118,0,,TS,19.7N,84.4W,55,,,,,,,,,,,,,
AL,LAURA,1971,22,39,19711118,600,,TS,19.8N,84.7W,50,1000,,,,,,,,,,,,
AL,LAURA,1971,22,39,19711118,1200,,TS,19.9N,85.0W,50,,,,,,,,,,,,,
AL,LAURA,1971,22,39,19711118,1800,,TS,19.9N,85.2W,50,1001,,,,,,,,,,,,
AL,LAURA,1971,22,39,19711119,0,,TS,19.7N,85.5W,50,1003,,,,,,,,,,,,
AL,LAURA,1971,22,39,19711119,600,,TS,19.4N,85.5W,45,,,,,,,,,,,,,
AL,LAURA,1971,22,39,19711119,1200,,TS,19.1N,85.5W,45,,,,,,,,,,,,,
AL,LAURA,1971,22,39,19711119,1800,,TS,18.6N,85.7W,45,1000,,,,,,,,,,,,
AL,LAURA,1971,22,39,19711120,0,,TS,18.2N,86.1W,40,,,,,,,,,,,,,
AL,LAURA,1971,22,39,19711120,600,,TS,17.9N,86.5W,50,1000,,,,,,,,,,,,
AL,LAURA,1971,22,39,19711120,1200,,TS,17.6N,87.2W,55,1000,,,,,,,,,,,,
AL,LAURA,1971,22,39,19711120,1800,,TS,17.2N,87.7W,60,997,,,,,,,,,,,,
AL,LAURA,1971,22,39,19711121,0,,TS,16.7N,88.2W,60,997,,,,,,,,,,,,
AL,LAURA,1971,22,39,19711121,600,,TS,16.3N,88.6W,60,,,,,,,,,,,,,
AL,LAURA,1971,22,39,19711121,1200,,TS,16.0N,89.0W,60,,,,,,,,,,,,,
AL,LAURA,1971,22,39,19711121,1800,,TS,15.7N,89.4W,60,,,,,,,,,,,,,
AL,LAURA,1971,22,39,19711122,0,,TD,15.3N,90.0W,30,,,,,,,,,,,,,
AL,ALPHA,1972,1,24,19720523,1800,,SD,31.2N,78.2W,25,1004,,,,,,,,,,,,
AL,ALPHA,1972,1,24,19720524,0,,SD,31.7N,77.0W,30,,,,,,,,,,,,,
AL,ALPHA,1972,1,24,19720524,600,,SD,32.2N,76.6W,30,1003,,,,,,,,,,,,
AL,ALPHA,1972,1,24,19720524,1200,,SD,32.9N,76.2W,30,,,,,,,,,,,,,
AL,ALPHA,1972,1,24,19720524,1800,,SD,33.5N,75.7W,30,,,,,,,,,,,,,
AL,ALPHA,1972,1,24,19720525,0,,SD,34.0N,75.4W,30,1004,,,,,,,,,,,,
AL,ALPHA,1972,1,24,19720525,600,,SD,34.3N,75.1W,30,,,,,,,,,,,,,
AL,ALPHA,1972,1,24,19720525,1200,,SD,34.4N,74.6W,30,,,,,,,,,,,,,
AL,ALPHA,1972,1,24,19720525,1800,,SD,34.2N,74.1W,30,,,,,,,,,,,,,
AL,ALPHA,1972,1,24,19720526,0,,SS,34.0N,73.5W,45,,,,,,,,,,,,,
AL,ALPHA,1972,1,24,19720526,600,,SS,32.5N,74.6W,50,,,,,,,,,,,,,
AL,ALPHA,1972,1,24,19720526,1200,,SS,31.6N,75.7W,60,1001,,,,,,,,,,,,
AL,ALPHA,1972,1,24,19720526,1800,,SS,31.4N,75.9W,55,,,,,,,,,,,,,
AL,ALPHA,1972,1,24,19720527,0,,SS,31.2N,76.2W,50,,,,,,,,,,,,,
AL,ALPHA,1972,1,24,19720527,600,,SS,30.8N,77.1W,45,,,,,,,,,,,,,
AL,ALPHA,1972,1,24,19720527,1200,,SS,30.6N,78.4W,55,,,,,,,,,,,,,
AL,ALPHA,1972,1,24,19720527,1800,,SS,30.8N,80.1W,50,991,,,,,,,,,,,,
AL,ALPHA,1972,1,24,19720528,0,,SD,31.0N,81.7W,30,,,,,,,,,,,,,
AL,ALPHA,1972,1,24,19720528,600,,SD,30.5N,83.0W,30,1011,,,,,,,,,,,,
AL,ALPHA,1972,1,24,19720528,1200,,SD,29.8N,84.0W,30,1012,,,,,,,,,,,,
AL,ALPHA,1972,1,24,19720528,1800,,SD,29.2N,84.7W,30,1013,,,,,,,,,,,,
AL,ALPHA,1972,1,24,19720529,0,,SD,28.8N,85.0W,25,,,,,,,,,,,,,
AL,ALPHA,1972,1,24,19720529,600,,SD,28.4N,85.2W,25,,,,,,,,,,,,,
AL,ALPHA,1972,1,24,19720529,1200,,SD,27.8N,85.5W,25,1013,,,,,,,,,,,,
AL,AGNES,1972,2,35,19720614,1200,,TD,20.0N,89.0W,25,,,,,,,,,,,,,
AL,AGNES,1972,2,35,19720614,1800,,TD,20.0N,88.7W,25,,,,,,,,,,,,,
AL,AGNES,1972,2,35,19720615,0,,TD,20.0N,88.4W,25,,,,,,,,,,,,,
AL,AGNES,1972,2,35,19720615,600,,TD,20.0N,88.1W,25,,,,,,,,,,,,,
AL,AGNES,1972,2,35,19720615,1200,,TD,20.0N,87.8W,25,,,,,,,,,,,,,
AL,AGNES,1972,2,35,19720615,1800,,TD,20.0N,87.4W,30,,,,,,,,,,,,,
AL,AGNES,1972,2,35,19720616,0,,TD,20.0N,87.0W,30,1001,,,,,,,,,,,,
AL,AGNES,1972,2,35,19720616,600,,TD,20.0N,86.6W,30,,,,,,,,,,,,,
AL,AGNES,1972,2,35,19720616,1200,,TS,20.0N,86.2W,40,998,,,,,,,,,,,,
AL,AGNES,1972,2,35,19720616,1800,,TS,20.2N,85.8W,45,,,,,,,,,,,,,
AL,AGNES,1972,2,35,19720617,0,,TS,20.5N,85.5W,50,,,,,,,,,,,,,
AL,AGNES,1972,2,35,19720617,600,,TS,20.9N,85.3W,50,,,,,,,,,,,,,
AL,AGNES,1972,2,35,19720617,1200,,TS,21.4N,85.2W,50,,,,,,,,,,,,,
AL,AGNES,1972,2,35,19720617,1800,,TS,21.9N,85.3W,55,,,,,,,,,,,,,
AL,AGNES,1972,2,35,19720618,0,,TS,22.4N,85.4W,60,,,,,,,,,,,,,
AL,AGNES,1972,2,35,19720618,600,,TS,23.0N,85.5W,60,,,,,,,,,,,,,
AL,AGNES,1972,2,35,19720618,1200,,HU,23.8N,85.6W,65,986,,,,,,,,,,,,
AL,AGNES,1972,2,35,19720618,1800,,HU,24.8N,85.7W,65,983,,,,,,,,,,,,
AL,AGNES,1972,2,35,19720619,0,,HU,26.0N,85.7W,75,982,,,,,,,,,,,,
AL,AGNES,1972,2,35,19720619,600,,HU,27.2N,85.7W,75,978,,,,,,,,,,,,
AL,AGNES,1972,2,35,19720619,1200,,HU,28.5N,85.7W,75,978,,,,,,,,,,,,
AL,AGNES,1972,2,35,19720619,1800,,HU,29.6N,85.6W,65,983,,,,,,,,,,,,
AL,AGNES,1972,2,35,19720620,0,,TS,30.5N,85.2W,45,,,,,,,,,,,,,
AL,AGNES,1972,2,35,19720620,600,,TD,31.4N,84.7W,30,990,,,,,,,,,,,,
AL,AGNES,1972,2,35,19720620,1200,,TD,32.2N,83.8W,30,,,,,,,,,,,,,
AL,AGNES,1972,2,35,19720620,1800,,TD,32.9N,82.8W,30,992,,,,,,,,,,,,
AL,AGNES,1972,2,35,19720621,0,,TD,33.5N,81.7W,30,992,,,,,,,,,,,,
AL,AGNES,1972,2,35,19720621,600,,TD,33.8N,80.2W,30,,,,,,,,,,,,,
AL,AGNES,1972,2,35,19720621,1200,,TD,34.4N,79.0W,30,990,,,,,,,,,,,,
AL,AGNES,1972,2,35,19720621,1800,,TS,35.2N,77.6W,40,988,,,,,,,,,,,,
AL,AGNES,1972,2,35,19720622,0,,TS,35.8N,75.7W,45,,,,,,,,,,,,,
AL,AGNES,1972,2,35,19720622,600,,TS,36.9N,74.3W,50,,,,,,,,,,,,,
AL,AGNES,1972,2,35,19720622,1200,,TS,38.2N,73.1W,60,977,,,,,,,,,,,,
AL,AGNES,1972,2,35,19720622,1800,,TS,40.2N,73.4W,55,980,,,,,,,,,,,,
AL,AGNES,1972,2,35,19720623,0,,TS,41.7N,74.5W,45,,,,,,,,,,,,,
AL,UNNAMED,1972,3,8,19720619,0,,TD,27.5N,69.0W,20,,,,,,,,,,,,,
AL,UNNAMED,1972,3,8,19720619,600,,TD,28.0N,68.5W,25,,,,,,,,,,,,,
AL,UNNAMED,1972,3,8,19720619,1200,,TD,28.5N,68.0W,25,,,,,,,,,,,,,
AL,UNNAMED,1972,3,8,19720619,1800,,TD,29.2N,67.5W,25,,,,,,,,,,,,,
AL,UNNAMED,1972,3,8,19720620,0,,TD,29.8N,67.0W,25,,,,,,,,,,,,,
AL,UNNAMED,1972,3,8,19720620,600,,TD,30.4N,66.5W,25,,,,,,,,,,,,,
AL,UNNAMED,1972,3,8,19720620,1200,,TD,31.0N,66.0W,20,,,,,,,,,,,,,
AL,UNNAMED,1972,3,8,19720620,1800,,TD,31.5N,65.5W,20,,,,,,,,,,,,,
AL,UNNAMED,1972,4,10,19720710,1200,,TD,27.0N,78.5W,20,,,,,,,,,,,,,
AL,UNNAMED,1972,4,10,19720710,1800,,TD,28.1N,78.5W,25,,,,,,,,,,,,,
AL,UNNAMED,1972,4,10,19720711,0,,TD,29.2N,78.5W,25,,,,,,,,,,,,,
AL,UNNAMED,1972,4,10,19720711,600,,TD,30.3N,78.5W,25,,,,,,,,,,,,,
AL,UNNAMED,1972,4,10,19720711,1200,,TD,31.5N,78.5W,25,,,,,,,,,,,,,
AL,UNNAMED,1972,4,10,19720711,1800,,TD,32.1N,78.4W,25,,,,,,,,,,,,,
AL,UNNAMED,1972,4,10,19720712,0,,TD,32.7N,78.3W,25,,,,,,,,,,,,,
AL,UNNAMED,1972,4,10,19720712,600,,TD,33.3N,78.2W,25,,,,,,,,,,,,,
AL,UNNAMED,1972,4,10,19720712,1200,,TD,34.0N,78.0W,25,,,,,,,,,,,,,
AL,UNNAMED,1972,4,10,19720712,1800,,TD,34.8N,77.5W,-99,,,,,,,,,,,,,
AL,UNNAMED,1972,5,18,19720716,1200,,TD,37.0N,38.5W,20,,,,,,,,,,,,,
AL,UNNAMED,1972,5,18,19720716,1800,,TD,37.4N,39.1W,20,,,,,,,,,,,,,
AL,UNNAMED,1972,5,18,19720717,0,,TD,37.8N,39.7W,25,,,,,,,,,,,,,
AL,UNNAMED,1972,5,18,19720717,600,,TD,38.1N,40.3W,25,,,,,,,,,,,,,
AL,UNNAMED,1972,5,18,19720717,1200,,TD,38.5N,41.0W,25,,,,,,,,,,,,,
AL,UNNAMED,1972,5,18,19720717,1800,,TD,38.5N,41.5W,25,,,,,,,,,,,,,
AL,UNNAMED,1972,5,18,19720718,0,,TD,38.5N,42.0W,25,,,,,,,,,,,,,
AL,UNNAMED,1972,5,18,19720718,600,,TD,38.5N,42.5W,25,,,,,,,,,,,,,
AL,UNNAMED,1972,5,18,19720718,1200,,TD,38.5N,43.0W,20,,,,,,,,,,,,,
AL,UNNAMED,1972,5,18,19720718,1800,,TD,38.2N,43.1W,20,,,,,,,,,,,,,
AL,UNNAMED,1972,5,18,19720719,0,,TD,38.0N,43.2W,20,,,,,,,,,,,,,
AL,UNNAMED,1972,5,18,19720719,600,,TD,37.7N,43.3W,20,,,,,,,,,,,,,
AL,UNNAMED,1972,5,18,19720719,1200,,TD,37.5N,43.5W,20,,,,,,,,,,,,,
AL,UNNAMED,1972,5,18,19720719,1800,,TD,37.8N,41.8W,25,,,,,,,,,,,,,
AL,UNNAMED,1972,5,18,19720720,0,,TD,38.2N,40.2W,25,,,,,,,,,,,,,
AL,UNNAMED,1972,5,18,19720720,600,,TD,38.6N,38.6W,25,,,,,,,,,,,,,
AL,UNNAMED,1972,5,18,19720720,1200,,TD,39.0N,37.0W,25,,,,,,,,,,,,,
AL,UNNAMED,1972,5,18,19720720,1800,,TD,39.5N,35.5W,20,,,,,,,,,,,,,
AL,UNNAMED,1972,6,13,19720731,1200,,TD,29.0N,57.0W,20,,,,,,,,,,,,,
AL,UNNAMED,1972,6,13,19720731,1800,,TD,28.4N,57.9W,20,,,,,,,,,,,,,
AL,UNNAMED,1972,6,13,19720801,0,,TD,27.8N,58.8W,20,,,,,,,,,,,,,
AL,UNNAMED,1972,6,13,19720801,600,,TD,27.2N,59.6W,20,,,,,,,,,,,,,
AL,UNNAMED,1972,6,13,19720801,1200,,TD,26.5N,60.5W,25,,,,,,,,,,,,,
AL,UNNAMED,1972,6,13,19720801,1800,,TD,25.7N,61.6W,25,,,,,,,,,,,,,
AL,UNNAMED,1972,6,13,19720802,0,,TD,25.0N,62.7W,25,,,,,,,,,,,,,
AL,UNNAMED,1972,6,13,19720802,600,,TD,24.3N,63.9W,25,,,,,,,,,,,,,
AL,UNNAMED,1972,6,13,19720802,1200,,TD,23.5N,65.0W,25,,,,,,,,,,,,,
AL,UNNAMED,1972,6,13,19720802,1800,,TD,23.6N,66.0W,25,,,,,,,,,,,,,
AL,UNNAMED,1972,6,13,19720803,0,,TD,23.7N,67.0W,25,,,,,,,,,,,,,
AL,UNNAMED,1972,6,13,19720803,600,,TD,23.8N,68.0W,20,,,,,,,,,,,,,
AL,UNNAMED,1972,6,13,19720803,1200,,TD,24.0N,69.0W,20,,,,,,,,,,,,,
AL,UNNAMED,1972,7,10,19720805,1200,,TD,15.0N,15.0W,-99,,,,,,,,,,,,,
AL,UNNAMED,1972,7,10,19720805,1800,,TD,14.8N,17.2W,20,,,,,,,,,,,,,
AL,UNNAMED,1972,7,10,19720806,0,,TD,14.5N,19.5W,25,,,,,,,,,,,,,
AL,UNNAMED,1972,7,10,19720806,600,,TD,14.2N,21.7W,25,,,,,,,,,,,,,
AL,UNNAMED,1972,7,10,19720806,1200,,TD,14.0N,24.0W,25,,,,,,,,,,,,,
AL,UNNAMED,1972,7,10,19720806,1800,,TD,14.0N,26.1W,25,,,,,,,,,,,,,
AL,UNNAMED,1972,7,10,19720807,0,,TD,14.0N,28.2W,25,,,,,,,,,,,,,
AL,UNNAMED,1972,7,10,19720807,600,,TD,14.0N,30.4W,25,,,,,,,,,,,,,
AL,UNNAMED,1972,7,10,19720807,1200,,TD,14.0N,32.5W,25,,,,,,,,,,,,,
AL,UNNAMED,1972,7,10,19720807,1800,,TD,14.0N,35.0W,20,,,,,,,,,,,,,
AL,UNNAMED,1972,8,13,19720812,1200,,TD,32.0N,77.0W,20,,,,,,,,,,,,,
AL,UNNAMED,1972,8,13,19720812,1800,,TD,32.0N,76.8W,20,,,,,,,,,,,,,
AL,UNNAMED,1972,8,13,19720813,0,,TD,32.1N,76.5W,25,,,,,,,,,,,,,
AL,UNNAMED,1972,8,13,19720813,600,,TD,32.1N,76.2W,25,,,,,,,,,,,,,
AL,UNNAMED,1972,8,13,19720813,1200,,TD,32.2N,76.0W,25,,,,,,,,,,,,,
AL,UNNAMED,1972,8,13,19720813,1800,,TD,32.2N,75.6W,25,,,,,,,,,,,,,
AL,UNNAMED,1972,8,13,19720814,0,,TD,32.3N,75.3W,25,,,,,,,,,,,,,
AL,UNNAMED,1972,8,13,19720814,600,,TD,32.4N,74.9W,25,,,,,,,,,,,,,
AL,UNNAMED,1972,8,13,19720814,1200,,TD,32.5N,74.5W,25,,,,,,,,,,,,,
AL,UNNAMED,1972,8,13,19720814,1800,,TD,32.7N,74.1W,25,,,,,,,,,,,,,
AL,UNNAMED,1972,8,13,19720815,0,,TD,32.8N,73.7W,20,,,,,,,,,,,,,
AL,UNNAMED,1972,8,13,19720815,600,,TD,32.9N,73.4W,20,,,,,,,,,,,,,
AL,UNNAMED,1972,8,13,19720815,1200,,TD,33.0N,73.0W,20,,,,,,,,,,,,,
AL,UNNAMED,1972,9,9,19720816,1200,,TD,14.0N,17.0W,20,,,,,,,,,,,,,
AL,UNNAMED,1972,9,9,19720816,1800,,TD,14.2N,18.4W,20,,,,,,,,,,,,,
AL,UNNAMED,1972,9,9,19720817,0,,TD,14.5N,19.8W,25,,,,,,,,,,,,,
AL,UNNAMED,1972,9,9,19720817,600,,TD,14.7N,21.1W,25,,,,,,,,,,,,,
AL,UNNAMED,1972,9,9,19720817,1200,,TD,15.0N,22.5W,25,,,,,,,,,,,,,
AL,UNNAMED,1972,9,9,19720817,1800,,TD,15.0N,23.7W,25,,,,,,,,,,,,,
AL,UNNAMED,1972,9,9,19720818,0,,TD,15.0N,25.0W,25,,,,,,,,,,,,,
AL,UNNAMED,1972,9,9,19720818,600,,TD,15.0N,26.2W,20,,,,,,,,,,,,,
AL,UNNAMED,1972,9,9,19720818,1200,,TD,15.0N,27.5W,20,,,,,,,,,,,,,
AL,BETTY,1972,10,42,19720822,1200,,SD,36.5N,64.0W,30,,,,,,,,,,,,,
AL,BETTY,1972,10,42,19720822,1800,,SD,37.0N,62.5W,30,,,,,,,,,,,,,
AL,BETTY,1972,10,42,19720823,0,,SD,37.5N,61.0W,30,,,,,,,,,,,,,
AL,BETTY,1972,10,42,19720823,600,,SD,37.5N,59.5W,30,,,,,,,,,,,,,
AL,BETTY,1972,10,42,19720823,1200,,SD,37.5N,58.0W,30,,,,,,,,,,,,,
AL,BETTY,1972,10,42,19720823,1800,,SD,37.3N,56.8W,30,,,,,,,,,,,,,
AL,BETTY,1972,10,42,19720824,0,,SS,37.2N,56.2W,35,,,,,,,,,,,,,
AL,BETTY,1972,10,42,19720824,600,,SS,37.2N,55.5W,35,,,,,,,,,,,,,
AL,BETTY,1972,10,42,19720824,1200,,SS,37.2N,54.8W,35,,,,,,,,,,,,,
AL,BETTY,1972,10,42,19720824,1800,,SS,37.3N,54.3W,35,,,,,,,,,,,,,
AL,BETTY,1972,10,42,19720825,0,,SS,37.3N,53.8W,35,,,,,,,,,,,,,
AL,BETTY,1972,10,42,19720825,600,,SS,37.3N,53.5W,40,,,,,,,,,,,,,
AL,BETTY,1972,10,42,19720825,1200,,SS,37.3N,53.3W,45,997,,,,,,,,,,,,
AL,BETTY,1972,10,42,19720825,1800,,SS,37.2N,53.1W,45,1002,,,,,,,,,,,,
AL,BETTY,1972,10,42,19720826,0,,SS,37.4N,52.9W,55,992,,,,,,,,,,,,
AL,BETTY,1972,10,42,19720826,600,,SS,37.7N,52.7W,55,,,,,,,,,,,,,
AL,BETTY,1972,10,42,19720826,1200,,SS,38.0N,52.4W,55,998,,,,,,,,,,,,
AL,BETTY,1972,10,42,19720826,1800,,SS,38.3N,52.0W,55,998,,,,,,,,,,,,
AL,BETTY,1972,10,42,19720827,0,,SS,38.5N,51.0W,60,,,,,,,,,,,,,
AL,BETTY,1972,10,42,19720827,600,,SS,38.5N,49.0W,60,,,,,,,,,,,,,
AL,BETTY,1972,10,42,19720827,1200,,HU,38.8N,46.6W,80,987,,,,,,,,,,,,
AL,BETTY,1972,10,42,19720827,1800,,HU,40.0N,44.6W,85,,,,,,,,,,,,,
AL,BETTY,1972,10,42,19720828,0,,HU,40.5N,42.6W,90,976,,,,,,,,,,,,
AL,BETTY,1972,10,42,19720828,600,,HU,40.9N,40.7W,85,,,,,,,,,,,,,
AL,BETTY,1972,10,42,19720828,1200,,HU,41.1N,39.9W,85,977,,,,,,,,,,,,
AL,BETTY,1972,10,42,19720828,1800,,HU,41.2N,37.0W,85,978,,,,,,,,,,,,
AL,BETTY,1972,10,42,19720829,0,,HU,41.0N,35.7W,85,981,,,,,,,,,,,,
AL,BETTY,1972,10,42,19720829,600,,HU,41.2N,34.6W,85,982,,,,,,,,,,,,
AL,BETTY,1972,10,42,19720829,1200,,HU,41.6N,33.4W,85,986,,,,,,,,,,,,
AL,BETTY,1972,10,42,19720829,1800,,HU,41.7N,32.5W,80,989,,,,,,,,,,,,
AL,BETTY,1972,10,42,19720830,0,,HU,41.6N,32.2W,75,989,,,,,,,,,,,,
AL,BETTY,1972,10,42,19720830,600,,HU,41.5N,32.1W,75,989,,,,,,,,,,,,
AL,BETTY,1972,10,42,19720830,1200,,HU,41.2N,32.2W,70,996,,,,,,,,,,,,
AL,BETTY,1972,10,42,19720830,1800,,HU,40.9N,32.6W,65,999,,,,,,,,,,,,
AL,BETTY,1972,10,42,19720831,0,,TS,40.6N,34.0W,55,1002,,,,,,,,,,,,
AL,BETTY,1972,10,42,19720831,600,,TS,40.7N,35.4W,45,1006,,,,,,,,,,,,
AL,BETTY,1972,10,42,19720831,1200,,TS,41.1N,36.8W,40,1006,,,,,,,,,,,,
AL,BETTY,1972,10,42,19720831,1800,,TS,41.9N,37.8W,40,1008,,,,,,,,,,,,
AL,BETTY,1972,10,42,19720901,0,,TS,42.9N,38.0W,35,,,,,,,,,,,,,
AL,BETTY,1972,10,42,19720901,600,,TS,44.0N,38.1W,40,,,,,,,,,,,,,
AL,BETTY,1972,10,42,19720901,1200,,TS,45.1N,37.9W,45,999,,,,,,,,,,,,
AL,BETTY,1972,10,42,19720901,1800,,TS,46.2N,37.9W,50,,,,,,,,,,,,,
AL,CARRIE,1972,11,29,19720829,1200,,TD,29.0N,78.5W,30,1012,,,,,,,,,,,,
AL,CARRIE,1972,11,29,19720829,1800,,TD,29.8N,77.2W,30,,,,,,,,,,,,,
AL,CARRIE,1972,11,29,19720830,0,,TD,30.5N,76.0W,30,,,,,,,,,,,,,
AL,CARRIE,1972,11,29,19720830,600,,TD,31.0N,75.0W,30,,,,,,,,,,,,,
AL,CARRIE,1972,11,29,19720830,1200,,TD,31.5N,74.0W,30,,,,,,,,,,,,,
AL,CARRIE,1972,11,29,19720830,1800,,TD,32.0N,73.0W,30,,,,,,,,,,,,,
AL,CARRIE,1972,11,29,19720831,0,,TS,32.5N,72.0W,35,,,,,,,,,,,,,
AL,CARRIE,1972,11,29,19720831,600,,TS,33.0N,71.2W,40,,,,,,,,,,,,,
AL,CARRIE,1972,11,29,19720831,1200,,TS,33.5N,70.5W,45,,,,,,,,,,,,,
AL,CARRIE,1972,11,29,19720831,1800,,TS,33.8N,69.7W,50,1002,,,,,,,,,,,,
AL,CARRIE,1972,11,29,19720901,0,,TS,34.3N,69.3W,50,,,,,,,,,,,,,
AL,CARRIE,1972,11,29,19720901,600,,TS,34.5N,69.0W,50,,,,,,,,,,,,,
AL,CARRIE,1972,11,29,19720901,1200,,TS,35.0N,69.0W,50,,,,,,,,,,,,,
AL,CARRIE,1972,11,29,19720901,1800,,TS,35.2N,69.0W,45,,,,,,,,,,,,,
AL,CARRIE,1972,11,29,19720902,0,,TS,35.5N,69.2W,40,,,,,,,,,,,,,
AL,CARRIE,1972,11,29,19720902,600,,TS,36.2N,70.1W,35,,,,,,,,,,,,,
AL,CARRIE,1972,11,29,19720902,1200,,TS,36.9N,70.9W,40,1007,,,,,,,,,,,,
AL,CARRIE,1972,11,29,19720902,1800,,TS,37.4N,71.0W,40,,,,,,,,,,,,,
AL,CARRIE,1972,11,29,19720903,0,,TS,37.9N,71.2W,45,1002,,,,,,,,,,,,
AL,CARRIE,1972,11,29,19720903,600,,TS,38.8N,71.1W,50,,,,,,,,,,,,,
AL,CARRIE,1972,11,29,19720903,1200,,TS,39.7N,70.8W,55,,,,,,,,,,,,,
AL,CARRIE,1972,11,29,19720903,1800,,TS,40.6N,70.2W,60,993,,,,,,,,,,,,
AL,CARRIE,1972,11,29,19720904,0,,EX,41.5N,69.5W,55,992,,,,,,,,,,,,
AL,CARRIE,1972,11,29,19720904,600,,EX,42.8N,68.5W,50,,,,,,,,,,,,,
AL,CARRIE,1972,11,29,19720904,1200,,EX,44.8N,67.5W,50,,,,,,,,,,,,,
AL,CARRIE,1972,11,29,19720904,1800,,EX,45.7N,66.5W,45,,,,,,,,,,,,,
AL,CARRIE,1972,11,29,19720905,0,,EX,46.5N,65.5W,40,1005,,,,,,,,,,,,
AL,CARRIE,1972,11,29,19720905,600,,EX,46.8N,64.5W,40,,,,,,,,,,,,,
AL,CARRIE,1972,11,29,19720905,1200,,EX,47.0N,63.0W,40,,,,,,,,,,,,,
AL,UNNAMED,1972,12,9,19720903,1200,,TD,30.5N,51.5W,20,,,,,,,,,,,,,
AL,UNNAMED,1972,12,9,19720903,1800,,TD,30.8N,50.6W,25,,,,,,,,,,,,,
AL,UNNAMED,1972,12,9,19720904,0,,TD,31.2N,49.7W,25,,,,,,,,,,,,,
AL,UNNAMED,1972,12,9,19720904,600,,TD,31.6N,48.8W,25,,,,,,,,,,,,,
AL,UNNAMED,1972,12,9,19720904,1200,,TD,32.0N,48.0W,25,,,,,,,,,,,,,
AL,UNNAMED,1972,12,9,19720904,1800,,TD,32.5N,46.8W,25,,,,,,,,,,,,,
AL,UNNAMED,1972,12,9,19720905,0,,TD,33.0N,45.5W,25,,,,,,,,,,,,,
AL,UNNAMED,1972,12,9,19720905,600,,TD,33.5N,44.3W,20,,,,,,,,,,,,,
AL,UNNAMED,1972,12,9,19720905,1200,,TD,34.0N,43.0W,20,,,,,,,,,,,,,
AL,DAWN,1972,13,39,19720905,0,,TD,23.8N,79.4W,30,,,,,,,,,,,,,
AL,DAWN,1972,13,39,19720905,600,,TD,24.3N,80.0W,30,,,,,,,,,,,,,
AL,DAWN,1972,13,39,19720905,1200,,TD,24.9N,80.4W,30,,,,,,,,,,,,,
AL,DAWN,1972,13,39,19720905,1800,,TD,25.6N,80.5W,30,1007,,,,,,,,,,,,
AL,DAWN,1972,13,39,19720906,0,,TD,26.2N,79.9W,30,,,,,,,,,,,,,
AL,DAWN,1972,13,39,19720906,600,,TD,26.8N,79.0W,30,,,,,,,,,,,,,
AL,DAWN,1972,13,39,19720906,1200,,TS,27.3N,77.9W,40,,,,,,,,,,,,,
AL,DAWN,1972,13,39,19720906,1800,,TS,28.2N,76.0W,50,1005,,,,,,,,,,,,
AL,DAWN,1972,13,39,19720907,0,,TS,29.2N,74.4W,55,,,,,,,,,,,,,
AL,DAWN,1972,13,39,19720907,600,,TS,30.2N,72.8W,55,1001,,,,,,,,,,,,
AL,DAWN,1972,13,39,19720907,1200,,TS,32.0N,71.2W,60,,,,,,,,,,,,,
AL,DAWN,1972,13,39,19720907,1800,,HU,33.8N,70.4W,65,,,,,,,,,,,,,
AL,DAWN,1972,13,39,19720908,0,,HU,35.2N,70.8W,70,998,,,,,,,,,,,,
AL,DAWN,1972,13,39,19720908,600,,HU,36.0N,71.5W,70,,,,,,,,,,,,,
AL,DAWN,1972,13,39,19720908,1200,,HU,36.4N,72.4W,70,997,,,,,,,,,,,,
AL,DAWN,1972,13,39,19720908,1800,,HU,36.6N,73.5W,65,,,,,,,,,,,,,
AL,DAWN,1972,13,39,19720909,0,,TS,36.1N,74.2W,60,1000,,,,,,,,,,,,
AL,DAWN,1972,13,39,19720909,600,,TS,35.6N,74.5W,50,,,,,,,,,,,,,
AL,DAWN,1972,13,39,19720909,1200,,TS,35.0N,74.2W,45,1005,,,,,,,,,,,,
AL,DAWN,1972,13,39,19720909,1800,,TS,34.8N,73.9W,45,,,,,,,,,,,,,
AL,DAWN,1972,13,39,19720910,0,,TS,34.1N,73.0W,45,,,,,,,,,,,,,
AL,DAWN,1972,13,39,19720910,600,,TS,33.4N,72.2W,45,,,,,,,,,,,,,
AL,DAWN,1972,13,39,19720910,1200,,TS,32.9N,71.9W,45,,,,,,,,,,,,,
AL,DAWN,1972,13,39,19720910,1800,,TS,32.0N,71.8W,45,,,,,,,,,,,,,
AL,DAWN,1972,13,39,19720911,0,,TS,31.2N,72.1W,45,,,,,,,,,,,,,
AL,DAWN,1972,13,39,19720911,600,,TS,30.7N,73.1W,40,1007,,,,,,,,,,,,
AL,DAWN,1972,13,39,19720911,1200,,TS,30.2N,74.1W,40,,,,,,,,,,,,,
AL,DAWN,1972,13,39,19720911,1800,,TS,30.1N,75.1W,40,,,,,,,,,,,,,
AL,DAWN,1972,13,39,19720912,0,,TS,30.1N,76.2W,40,,,,,,,,,,,,,
AL,DAWN,1972,13,39,19720912,600,,TS,30.2N,77.1W,35,1014,,,,,,,,,,,,
AL,DAWN,1972,13,39,19720912,1200,,TS,30.7N,78.0W,35,,,,,,,,,,,,,
AL,DAWN,1972,13,39,19720912,1800,,TD,31.0N,78.8W,30,,,,,,,,,,,,,
AL,DAWN,1972,13,39,19720913,0,,TD,30.8N,79.7W,30,,,,,,,,,,,,,
AL,DAWN,1972,13,39,19720913,600,,TD,30.8N,80.6W,30,,,,,,,,,,,,,
AL,DAWN,1972,13,39,19720913,1200,,TD,31.1N,81.0W,30,,,,,,,,,,,,,
AL,DAWN,1972,13,39,19720913,1800,,TD,31.7N,81.0W,30,,,,,,,,,,,,,
AL,DAWN,1972,13,39,19720914,0,,TD,31.9N,80.6W,30,,,,,,,,,,,,,
AL,DAWN,1972,13,39,19720914,600,,TD,32.4N,80.0W,30,,,,,,,,,,,,,
AL,DAWN,1972,13,39,19720914,1200,,TD,32.8N,79.5W,30,,,,,,,,,,,,,
AL,CHARLIE,1972,14,11,19720919,1200,,SD,37.5N,59.5W,25,,,,,,,,,,,,,
AL,CHARLIE,1972,14,11,19720919,1800,,SD,38.5N,59.3W,30,1008,,,,,,,,,,,,
AL,CHARLIE,1972,14,11,19720920,0,,SS,39.5N,59.0W,35,,,,,,,,,,,,,
AL,CHARLIE,1972,14,11,19720920,600,,SS,40.0N,57.5W,40,,,,,,,,,,,,,
AL,CHARLIE,1972,14,11,19720920,1200,,SS,40.7N,54.2W,50,1001,,,,,,,,,,,,
AL,CHARLIE,1972,14,11,19720920,1800,,SS,41.7N,49.8W,50,,,,,,,,,,,,,
AL,CHARLIE,1972,14,11,19720921,0,,SS,42.8N,45.4W,55,,,,,,,,,,,,,
AL,CHARLIE,1972,14,11,19720921,600,,EX,46.0N,40.0W,60,992,,,,,,,,,,,,
AL,CHARLIE,1972,14,11,19720921,1200,,EX,49.5N,37.0W,60,,,,,,,,,,,,,
AL,CHARLIE,1972,14,11,19720921,1800,,EX,52.0N,36.0W,60,944,,,,,,,,,,,,
AL,CHARLIE,1972,14,11,19720922,0,,EX,54.0N,36.0W,60,,,,,,,,,,,,,
AL,UNNAMED,1972,15,17,19720920,1200,,TD,13.0N,33.0W,20,,,,,,,,,,,,,
AL,UNNAMED,1972,15,17,19720920,1800,,TD,13.0N,34.0W,25,,,,,,,,,,,,,
AL,UNNAMED,1972,15,17,19720921,0,,TD,13.0N,35.0W,25,,,,,,,,,,,,,
AL,UNNAMED,1972,15,17,19720921,600,,TD,13.0N,36.0W,25,,,,,,,,,,,,,
AL,UNNAMED,1972,15,17,19720921,1200,,TD,13.0N,37.0W,25,,,,,,,,,,,,,
AL,UNNAMED,1972,15,17,19720921,1800,,TD,13.4N,37.7W,25,,,,,,,,,,,,,
AL,UNNAMED,1972,15,17,19720922,0,,TD,13.8N,38.5W,25,,,,,,,,,,,,,
AL,UNNAMED,1972,15,17,19720922,600,,TD,14.2N,39.2W,25,,,,,,,,,,,,,
AL,UNNAMED,1972,15,17,19720922,1200,,TD,14.5N,40.0W,25,,,,,,,,,,,,,
AL,UNNAMED,1972,15,17,19720922,1800,,TD,15.0N,40.5W,25,,,,,,,,,,,,,
AL,UNNAMED,1972,15,17,19720923,0,,TD,15.5N,41.0W,25,,,,,,,,,,,,,
AL,UNNAMED,1972,15,17,19720923,600,,TD,16.0N,41.5W,25,,,,,,,,,,,,,
AL,UNNAMED,1972,15,17,19720923,1200,,TD,16.5N,42.0W,20,,,,,,,,,,,,,
AL,UNNAMED,1972,15,17,19720923,1800,,TD,16.4N,43.2W,20,,,,,,,,,,,,,
AL,UNNAMED,1972,15,17,19720924,0,,TD,16.3N,44.4W,20,,,,,,,,,,,,,
AL,UNNAMED,1972,15,17,19720924,600,,TD,16.2N,45.5W,20,,,,,,,,,,,,,
AL,UNNAMED,1972,15,17,19720924,1200,,TD,16.0N,46.5W,20,,,,,,,,,,,,,
AL,UNNAMED,1972,16,9,19721001,1200,,TD,29.5N,53.5W,20,,,,,,,,,,,,,
AL,UNNAMED,1972,16,9,19721001,1800,,TD,30.7N,53.6W,25,,,,,,,,,,,,,
AL,UNNAMED,1972,16,9,19721002,0,,TD,32.0N,53.7W,25,,,,,,,,,,,,,
AL,UNNAMED,1972,16,9,19721002,600,,TD,33.2N,53.8W,25,,,,,,,,,,,,,
AL,UNNAMED,1972,16,9,19721002,1200,,TD,34.5N,54.0W,25,,,,,,,,,,,,,
AL,UNNAMED,1972,16,9,19721002,1800,,TD,35.7N,53.2W,25,,,,,,,,,,,,,
AL,UNNAMED,1972,16,9,19721003,0,,TD,37.0N,52.5W,25,,,,,,,,,,,,,
AL,UNNAMED,1972,16,9,19721003,600,,TD,38.2N,51.8W,20,,,,,,,,,,,,,
AL,UNNAMED,1972,16,9,19721003,1200,,TD,39.5N,51.0W,20,,,,,,,,,,,,,
AL,UNNAMED,1972,17,41,19721005,1200,,TD,11.5N,18.0W,20,,,,,,,,,,,,,
AL,UNNAMED,1972,17,41,19721005,1800,,TD,11.4N,20.0W,25,,,,,,,,,,,,,
AL,UNNAMED,1972,17,41,19721006,0,,TD,11.3N,22.0W,25,,,,,,,,,,,,,
AL,UNNAMED,1972,17,41,19721006,600,,TD,11.2N,24.0W,25,,,,,,,,,,,,,
AL,UNNAMED,1972,17,41,19721006,1200,,TD,11.0N,26.0W,30,,,,,,,,,,,,,
AL,UNNAMED,1972,17,41,19721006,1800,,TD,11.0N,28.0W,30,,,,,,,,,,,,,
AL,UNNAMED,1972,17,41,19721007,0,,TD,11.0N,30.0W,30,,,,,,,,,,,,,
AL,UNNAMED,1972,17,41,19721007,600,,TD,11.0N,32.0W,30,,,,,,,,,,,,,
AL,UNNAMED,1972,17,41,19721007,1200,,TD,11.0N,34.0W,30,,,,,,,,,,,,,
AL,UNNAMED,1972,17,41,19721007,1800,,TD,11.2N,35.2W,30,,,,,,,,,,,,,
AL,UNNAMED,1972,17,41,19721008,0,,TD,11.5N,36.5W,30,,,,,,,,,,,,,
AL,UNNAMED,1972,17,41,19721008,600,,TD,11.7N,37.8W,30,,,,,,,,,,,,,
AL,UNNAMED,1972,17,41,19721008,1200,,TD,12.0N,39.0W,30,,,,,,,,,,,,,
AL,UNNAMED,1972,17,41,19721008,1800,,TD,12.3N,39.9W,30,,,,,,,,,,,,,
AL,UNNAMED,1972,17,41,19721009,0,,TD,12.7N,40.8W,30,,,,,,,,,,,,,
AL,UNNAMED,1972,17,41,19721009,600,,TD,13.1N,41.6W,30,,,,,,,,,,,,,
AL,UNNAMED,1972,17,41,19721009,1200,,TD,13.5N,42.5W,30,,,,,,,,,,,,,
AL,UNNAMED,1972,17,41,19721009,1800,,TD,14.0N,43.2W,30,,,,,,,,,,,,,
AL,UNNAMED,1972,17,41,19721010,0,,TD,14.5N,44.0W,30,,,,,,,,,,,,,
AL,UNNAMED,1972,17,41,19721010,600,,TD,15.0N,44.8W,30,,,,,,,,,,,,,
AL,UNNAMED,1972,17,41,19721010,1200,,TD,15.5N,45.5W,30,,,,,,,,,,,,,
AL,UNNAMED,1972,17,41,19721010,1800,,TD,16.0N,46.2W,30,,,,,,,,,,,,,
AL,UNNAMED,1972,17,41,19721011,0,,TD,16.5N,47.0W,30,,,,,,,,,,,,,
AL,UNNAMED,1972,17,41,19721011,600,,TD,17.0N,47.8W,30,,,,,,,,,,,,,
AL,UNNAMED,1972,17,41,19721011,1200,,TD,17.5N,48.5W,30,,,,,,,,,,,,,
AL,UNNAMED,1972,17,41,19721011,1800,,TD,17.9N,49.1W,30,,,,,,,,,,,,,
AL,UNNAMED,1972,17,41,19721012,0,,TD,18.3N,49.7W,30,,,,,,,,,,,,,
AL,UNNAMED,1972,17,41,19721012,600,,TD,19.1N,50.3W,30,,,,,,,,,,,,,
AL,UNNAMED,1972,17,41,19721012,1200,,TD,20.0N,51.0W,30,,,,,,,,,,,,,
AL,UNNAMED,1972,17,41,19721012,1800,,TD,20.7N,51.5W,30,,,,,,,,,,,,,
AL,UNNAMED,1972,17,41,19721013,0,,TD,21.5N,52.0W,30,,,,,,,,,,,,,
AL,UNNAMED,1972,17,41,19721013,600,,TD,22.2N,52.5W,30,,,,,,,,,,,,,
AL,UNNAMED,1972,17,41,19721013,1200,,TD,23.0N,53.0W,30,,,,,,,,,,,,,
AL,UNNAMED,1972,17,41,19721013,1800,,TD,24.4N,53.2W,30,,,,,,,,,,,,,
AL,UNNAMED,1972,17,41,19721014,0,,TD,25.8N,53.5W,30,,,,,,,,,,,,,
AL,UNNAMED,1972,17,41,19721014,600,,TD,27.1N,53.7W,30,,,,,,,,,,,,,
AL,UNNAMED,1972,17,41,19721014,1200,,TD,28.5N,54.0W,30,,,,,,,,,,,,,
AL,UNNAMED,1972,17,41,19721014,1800,,TD,29.8N,53.3W,30,,,,,,,,,,,,,
AL,UNNAMED,1972,17,41,19721015,0,,TD,31.2N,52.5W,25,,,,,,,,,,,,,
AL,UNNAMED,1972,17,41,19721015,600,,TD,32.6N,51.8W,25,,,,,,,,,,,,,
AL,UNNAMED,1972,17,41,19721015,1200,,TD,34.0N,51.0W,20,,,,,,,,,,,,,
AL,UNNAMED,1972,18,17,19721016,1200,,TD,12.0N,29.0W,20,,,,,,,,,,,,,
AL,UNNAMED,1972,18,17,19721016,1800,,TD,12.0N,30.0W,25,,,,,,,,,,,,,
AL,UNNAMED,1972,18,17,19721017,0,,TD,12.0N,31.0W,25,,,,,,,,,,,,,
AL,UNNAMED,1972,18,17,19721017,600,,TD,12.0N,32.0W,25,,,,,,,,,,,,,
AL,UNNAMED,1972,18,17,19721017,1200,,TD,12.0N,33.0W,25,,,,,,,,,,,,,
AL,UNNAMED,1972,18,17,19721017,1800,,TD,12.2N,33.8W,25,,,,,,,,,,,,,
AL,UNNAMED,1972,18,17,19721018,0,,TD,12.5N,34.5W,25,,,,,,,,,,,,,
AL,UNNAMED,1972,18,17,19721018,600,,TD,12.7N,35.2W,25,,,,,,,,,,,,,
AL,UNNAMED,1972,18,17,19721018,1200,,TD,13.0N,36.0W,25,,,,,,,,,,,,,
AL,UNNAMED,1972,18,17,19721018,1800,,TD,13.2N,36.7W,25,,,,,,,,,,,,,
AL,UNNAMED,1972,18,17,19721019,0,,TD,13.3N,37.5W,25,,,,,,,,,,,,,
AL,UNNAMED,1972,18,17,19721019,600,,TD,13.4N,38.2W,25,,,,,,,,,,,,,
AL,UNNAMED,1972,18,17,19721019,1200,,TD,13.5N,39.0W,25,,,,,,,,,,,,,
AL,UNNAMED,1972,18,17,19721019,1800,,TD,13.6N,38.7W,25,,,,,,,,,,,,,
AL,UNNAMED,1972,18,17,19721020,0,,TD,13.7N,38.3W,20,,,,,,,,,,,,,
AL,UNNAMED,1972,18,17,19721020,600,,TD,13.8N,37.9W,20,,,,,,,,,,,,,
AL,UNNAMED,1972,18,17,19721020,1200,,TD,14.0N,37.5W,20,,,,,,,,,,,,,
AL,DELTA,1972,19,25,19721101,1800,,SD,35.0N,47.5W,25,1013,,,,,,,,,,,,
AL,DELTA,1972,19,25,19721102,0,,SS,34.7N,48.0W,35,,,,,,,,,,,,,
AL,DELTA,1972,19,25,19721102,600,,SS,34.4N,48.3W,35,,,,,,,,,,,,,
AL,DELTA,1972,19,25,19721102,1200,,SS,34.2N,48.6W,40,1003,,,,,,,,,,,,
AL,DELTA,1972,19,25,19721102,1800,,SS,33.8N,48.9W,40,,,,,,,,,,,,,
AL,DELTA,1972,19,25,19721103,0,,SS,33.5N,49.2W,40,1001,,,,,,,,,,,,
AL,DELTA,1972,19,25,19721103,600,,SS,32.7N,49.8W,40,,,,,,,,,,,,,
AL,DELTA,1972,19,25,19721103,1200,,SS,32.0N,50.0W,40,1003,,,,,,,,,,,,
AL,DELTA,1972,19,25,19721103,1800,,SS,31.0N,50.1W,40,,,,,,,,,,,,,
AL,DELTA,1972,19,25,19721104,0,,SS,30.0N,49.7W,40,1003,,,,,,,,,,,,
AL,DELTA,1972,19,25,19721104,600,,SS,29.8N,48.6W,40,,,,,,,,,,,,,
AL,DELTA,1972,19,25,19721104,1200,,SS,29.7N,47.6W,35,1005,,,,,,,,,,,,
AL,DELTA,1972,19,25,19721104,1800,,SS,29.8N,46.9W,35,,,,,,,,,,,,,
AL,DELTA,1972,19,25,19721105,0,,SD,30.1N,46.3W,30,1006,,,,,,,,,,,,
AL,DELTA,1972,19,25,19721105,600,,SD,30.2N,45.6W,30,,,,,,,,,,,,,
AL,DELTA,1972,19,25,19721105,1200,,SD,30.3N,45.0W,30,1008,,,,,,,,,,,,
AL,DELTA,1972,19,25,19721105,1800,,SD,30.3N,44.0W,30,,,,,,,,,,,,,
AL,DELTA,1972,19,25,19721106,0,,SD,30.3N,43.0W,25,1008,,,,,,,,,,,,
AL,DELTA,1972,19,25,19721106,600,,SD,30.3N,42.5W,25,,,,,,,,,,,,,
AL,DELTA,1972,19,25,19721106,1200,,SD,30.3N,42.1W,25,1010,,,,,,,,,,,,
AL,DELTA,1972,19,25,19721106,1800,,SD,30.7N,42.0W,25,,,,,,,,,,,,,
AL,DELTA,1972,19,25,19721107,0,,SD,31.0N,42.0W,25,1011,,,,,,,,,,,,
AL,DELTA,1972,19,25,19721107,600,,SD,31.2N,42.1W,25,,,,,,,,,,,,,
AL,DELTA,1972,19,25,19721107,1200,,SD,31.3N,42.1W,25,1011,,,,,,,,,,,,
AL,DELTA,1972,19,25,19721107,1800,,SD,32.5N,42.5W,25,,,,,,,,,,,,,
AL,UNNAMED,1973,1,13,19730418,1200,,TD,24.0N,65.0W,20,,,,,,,,,,,,,
AL,UNNAMED,1973,1,13,19730418,1800,,TD,24.5N,65.0W,20,,,,,,,,,,,,,
AL,UNNAMED,1973,1,13,19730419,0,,TD,25.0N,65.0W,20,,,,,,,,,,,,,
AL,UNNAMED,1973,1,13,19730419,600,,TD,25.5N,65.0W,25,,,,,,,,,,,,,
AL,UNNAMED,1973,1,13,19730419,1200,,TD,26.5N,65.0W,25,,,,,,,,,,,,,
AL,UNNAMED,1973,1,13,19730419,1800,,TD,26.5N,64.2W,25,,,,,,,,,,,,,
AL,UNNAMED,1973,1,13,19730420,0,,TD,27.0N,63.5W,25,,,,,,,,,,,,,
AL,UNNAMED,1973,1,13,19730420,600,,TD,27.5N,62.8W,25,,,,,,,,,,,,,
AL,UNNAMED,1973,1,13,19730420,1200,,TD,28.0N,62.0W,25,,,,,,,,,,,,,
AL,UNNAMED,1973,1,13,19730420,1800,,TD,27.6N,60.7W,20,,,,,,,,,,,,,
AL,UNNAMED,1973,1,13,19730421,0,,TD,27.2N,59.3W,20,,,,,,,,,,,,,
AL,UNNAMED,1973,1,13,19730421,600,,TD,26.9N,57.9W,20,,,,,,,,,,,,,
AL,UNNAMED,1973,1,13,19730421,1200,,TD,26.5N,56.5W,20,,,,,,,,,,,,,
AL,UNNAMED,1973,2,13,19730502,1200,,TD,25.0N,62.5W,20,,,,,,,,,,,,,
AL,UNNAMED,1973,2,13,19730502,1800,,TD,25.6N,61.6W,20,,,,,,,,,,,,,
AL,UNNAMED,1973,2,13,19730503,0,,TD,26.2N,60.8W,25,,,,,,,,,,,,,
AL,UNNAMED,1973,2,13,19730503,600,,TD,26.8N,59.9W,25,,,,,,,,,,,,,
AL,UNNAMED,1973,2,13,19730503,1200,,TD,27.5N,59.0W,25,,,,,,,,,,,,,
AL,UNNAMED,1973,2,13,19730503,1800,,TD,27.8N,57.7W,25,,,,,,,,,,,,,
AL,UNNAMED,1973,2,13,19730504,0,,TD,28.2N,56.5W,25,,,,,,,,,,,,,
AL,UNNAMED,1973,2,13,19730504,600,,TD,28.6N,55.3W,25,,,,,,,,,,,,,
AL,UNNAMED,1973,2,13,19730504,1200,,TD,29.0N,54.0W,25,,,,,,,,,,,,,
AL,UNNAMED,1973,2,13,19730504,1800,,TD,29.2N,52.2W,25,,,,,,,,,,,,,
AL,UNNAMED,1973,2,13,19730505,0,,TD,29.5N,50.5W,20,,,,,,,,,,,,,
AL,UNNAMED,1973,2,13,19730505,600,,TD,29.7N,48.8W,20,,,,,,,,,,,,,
AL,UNNAMED,1973,2,13,19730505,1200,,TD,30.0N,47.0W,20,,,,,,,,,,,,,
AL,UNNAMED,1973,3,9,19730624,1200,,TD,30.0N,79.5W,20,,,,,,,,,,,,,
AL,UNNAMED,1973,3,9,19730624,1800,,TD,30.4N,79.2W,25,,,,,,,,,,,,,
AL,UNNAMED,1973,3,9,19730625,0,,TD,30.8N,79.0W,25,,,,,,,,,,,,,
AL,UNNAMED,1973,3,9,19730625,600,,TD,31.1N,78.7W,25,,,,,,,,,,,,,
AL,UNNAMED,1973,3,9,19730625,1200,,TD,31.5N,78.5W,25,,,,,,,,,,,,,
AL,UNNAMED,1973,3,9,19730625,1800,,TD,31.8N,78.2W,25,,,,,,,,,,,,,
AL,UNNAMED,1973,3,9,19730626,0,,TD,32.2N,78.0W,25,,,,,,,,,,,,,
AL,UNNAMED,1973,3,9,19730626,600,,TD,32.6N,77.8W,20,,,,,,,,,,,,,
AL,UNNAMED,1973,3,9,19730626,1200,,TD,33.0N,77.5W,20,,,,,,,,,,,,,
AL,ALICE,1973,4,22,19730701,1800,,TD,26.0N,67.8W,30,1006,,,,,,,,,,,,
AL,ALICE,1973,4,22,19730702,0,,TD,26.3N,67.5W,30,1006,,,,,,,,,,,,
AL,ALICE,1973,4,22,19730702,600,,TD,26.5N,67.2W,30,,,,,,,,,,,,,
AL,ALICE,1973,4,22,19730702,1200,,TD,26.8N,66.8W,30,,,,,,,,,,,,,
AL,ALICE,1973,4,22,19730702,1800,,TD,27.4N,66.4W,30,1005,,,,,,,,,,,,
AL,ALICE,1973,4,22,19730703,0,,TS,27.8N,66.0W,40,,,,,,,,,,,,,
AL,ALICE,1973,4,22,19730703,600,,TS,28.8N,65.6W,50,,,,,,,,,,,,,
AL,ALICE,1973,4,22,19730703,1200,,TS,29.8N,65.5W,60,1000,,,,,,,,,,,,
AL,ALICE,1973,4,22,19730703,1800,,HU,30.6N,65.4W,65,,,,,,,,,,,,,
AL,ALICE,1973,4,22,19730704,0,,HU,31.4N,65.3W,65,,,,,,,,,,,,,
AL,ALICE,1973,4,22,19730704,600,,HU,32.3N,65.1W,70,986,,,,,,,,,,,,
AL,ALICE,1973,4,22,19730704,1200,,HU,33.1N,65.1W,80,990,,,,,,,,,,,,
AL,ALICE,1973,4,22,19730704,1800,,HU,34.0N,65.1W,80,,,,,,,,,,,,,
AL,ALICE,1973,4,22,19730705,0,,HU,34.9N,64.9W,70,,,,,,,,,,,,,
AL,ALICE,1973,4,22,19730705,600,,HU,35.8N,64.7W,65,,,,,,,,,,,,,
AL,ALICE,1973,4,22,19730705,1200,,HU,36.9N,64.3W,65,,,,,,,,,,,,,
AL,ALICE,1973,4,22,19730705,1800,,HU,38.3N,63.9W,65,,,,,,,,,,,,,
AL,ALICE,1973,4,22,19730706,0,,HU,40.3N,62.9W,65,995,,,,,,,,,,,,
AL,ALICE,1973,4,22,19730706,600,,TS,42.5N,61.6W,60,,,,,,,,,,,,,
AL,ALICE,1973,4,22,19730706,1200,,TS,45.0N,60.0W,60,991,,,,,,,,,,,,
AL,ALICE,1973,4,22,19730706,1800,,TS,48.3N,58.8W,50,,,,,,,,,,,,,
AL,ALICE,1973,4,22,19730707,0,,TS,52.0N,56.5W,45,,,,,,,,,,,,,
AL,UNNAMED,1973,5,9,19730719,1200,,TD,10.5N,34.0W,20,,,,,,,,,,,,,
AL,UNNAMED,1973,5,9,19730719,1800,,TD,10.7N,35.6W,25,,,,,,,,,,,,,
AL,UNNAMED,1973,5,9,19730720,0,,TD,10.8N,37.2W,25,,,,,,,,,,,,,
AL,UNNAMED,1973,5,9,19730720,600,,TD,10.9N,38.8W,25,,,,,,,,,,,,,
AL,UNNAMED,1973,5,9,19730720,1200,,TD,11.0N,40.5W,25,,,,,,,,,,,,,
AL,UNNAMED,1973,5,9,19730720,1800,,TD,11.0N,41.8W,25,,,,,,,,,,,,,
AL,UNNAMED,1973,5,9,19730721,0,,TD,11.0N,43.0W,25,,,,,,,,,,,,,
AL,UNNAMED,1973,5,9,19730721,600,,TD,11.0N,44.2W,25,,,,,,,,,,,,,
AL,UNNAMED,1973,5,9,19730721,1200,,TD,11.0N,45.5W,20,,,,,,,,,,,,,
AL,ALFA,1973,6,11,19730730,1200,,SD,32.6N,74.1W,25,1013,,,,,,,,,,,,
AL,ALFA,1973,6,11,19730730,1800,,SD,33.8N,73.3W,30,,,,,,,,,,,,,
AL,ALFA,1973,6,11,19730731,0,,SS,35.0N,72.5W,35,,,,,,,,,,,,,
AL,ALFA,1973,6,11,19730731,600,,SS,36.3N,71.7W,35,,,,,,,,,,,,,
AL,ALFA,1973,6,11,19730731,1200,,SS,37.5N,70.8W,40,,,,,,,,,,,,,
AL,ALFA,1973,6,11,19730731,1800,,SS,38.5N,70.2W,35,1005,,,,,,,,,,,,
AL,ALFA,1973,6,11,19730801,0,,SS,39.6N,69.7W,35,1006,,,,,,,,,,,,
AL,ALFA,1973,6,11,19730801,600,,SD,40.5N,69.4W,30,,,,,,,,,,,,,
AL,ALFA,1973,6,11,19730801,1200,,SD,41.5N,69.1W,25,1007,,,,,,,,,,,,
AL,ALFA,1973,6,11,19730801,1800,,SD,42.7N,68.8W,25,1008,,,,,,,,,,,,
AL,ALFA,1973,6,11,19730802,0,,SD,44.0N,68.0W,25,1010,,,,,,,,,,,,
AL,UNNAMED,1973,7,9,19730809,1200,,TD,13.0N,20.0W,20,,,,,,,,,,,,,
AL,UNNAMED,1973,7,9,19730809,1800,,TD,13.2N,22.0W,25,,,,,,,,,,,,,
AL,UNNAMED,1973,7,9,19730810,0,,TD,13.5N,24.0W,25,,,,,,,,,,,,,
AL,UNNAMED,1973,7,9,19730810,600,,TD,13.7N,26.0W,30,,,,,,,,,,,,,
AL,UNNAMED,1973,7,9,19730810,1200,,TD,14.0N,28.0W,30,,,,,,,,,,,,,
AL,UNNAMED,1973,7,9,19730810,1800,,TD,13.5N,30.7W,25,,,,,,,,,,,,,
AL,UNNAMED,1973,7,9,19730811,0,,TD,13.0N,33.5W,25,,,,,,,,,,,,,
AL,UNNAMED,1973,7,9,19730811,600,,TD,12.5N,36.2W,25,,,,,,,,,,,,,
AL,UNNAMED,1973,7,9,19730811,1200,,TD,12.0N,39.0W,20,,,,,,,,,,,,,
AL,BRENDA,1973,8,16,19730818,600,,TD,20.5N,83.7W,30,,,,,,,,,,,,,
AL,BRENDA,1973,8,16,19730818,1200,,TD,21.0N,84.8W,30,1007,,,,,,,,,,,,
AL,BRENDA,1973,8,16,19730818,1800,,TS,21.2N,86.0W,35,,,,,,,,,,,,,
AL,BRENDA,1973,8,16,19730819,0,,TS,21.3N,86.9W,50,992,,,,,,,,,,,,
AL,BRENDA,1973,8,16,19730819,600,,TS,21.3N,87.6W,55,,,,,,,,,,,,,
AL,BRENDA,1973,8,16,19730819,1200,,TS,21.2N,88.3W,55,,,,,,,,,,,,,
AL,BRENDA,1973,8,16,19730819,1800,,TS,21.2N,89.0W,50,,,,,,,,,,,,,
AL,BRENDA,1973,8,16,19730820,0,,TS,21.1N,89.6W,45,996,,,,,,,,,,,,
AL,BRENDA,1973,8,16,19730820,600,,TS,20.7N,90.5W,45,,,,,,,,,,,,,
AL,BRENDA,1973,8,16,19730820,1200,,TS,20.3N,91.2W,45,,,,,,,,,,,,,
AL,BRENDA,1973,8,16,19730820,1800,,HU,19.8N,91.7W,65,,,,,,,,,,,,,
AL,BRENDA,1973,8,16,19730821,0,,HU,19.4N,91.9W,70,977,,,,,,,,,,,,
AL,BRENDA,1973,8,16,19730821,600,,HU,19.0N,92.1W,80,,,,,,,,,,,,,
AL,BRENDA,1973,8,16,19730821,1200,,TS,18.4N,92.3W,60,,,,,,,,,,,,,
AL,BRENDA,1973,8,16,19730821,1800,,TS,17.6N,92.1W,40,,,,,,,,,,,,,
AL,BRENDA,1973,8,16,19730822,0,,TD,17.2N,91.5W,30,,,,,,,,,,,,,
AL,CHRISTINE,1973,9,42,19730825,1200,,TD,11.0N,14.0W,30,,,,,,,,,,,,,
AL,CHRISTINE,1973,9,42,19730825,1800,,TD,10.9N,15.2W,30,,,,,,,,,,,,,
AL,CHRISTINE,1973,9,42,19730826,0,,TD,10.8N,16.4W,30,,,,,,,,,,,,,
AL,CHRISTINE,1973,9,42,19730826,600,,TD,10.7N,17.7W,30,,,,,,,,,,,,,
AL,CHRISTINE,1973,9,42,19730826,1200,,TD,10.5N,19.0W,30,,,,,,,,,,,,,
AL,CHRISTINE,1973,9,42,19730826,1800,,TD,10.5N,20.5W,30,,,,,,,,,,,,,
AL,CHRISTINE,1973,9,42,19730827,0,,TD,10.5N,22.0W,30,,,,,,,,,,,,,
AL,CHRISTINE,1973,9,42,19730827,600,,TD,10.5N,23.0W,30,,,,,,,,,,,,,
AL,CHRISTINE,1973,9,42,19730827,1200,,TD,10.5N,24.0W,30,,,,,,,,,,,,,
AL,CHRISTINE,1973,9,42,19730827,1800,,TD,10.5N,25.5W,30,,,,,,,,,,,,,
AL,CHRISTINE,1973,9,42,19730828,0,,TD,10.5N,27.0W,30,,,,,,,,,,,,,
AL,CHRISTINE,1973,9,42,19730828,600,,TD,10.5N,28.5W,30,,,,,,,,,,,,,
AL,CHRISTINE,1973,9,42,19730828,1200,,TS,10.5N,30.0W,40,,,,,,,,,,,,,
AL,CHRISTINE,1973,9,42,19730828,1800,,TS,10.4N,31.8W,40,,,,,,,,,,,,,
AL,CHRISTINE,1973,9,42,19730829,0,,TS,10.3N,33.5W,40,,,,,,,,,,,,,
AL,CHRISTINE,1973,9,42,19730829,600,,TS,10.3N,35.3W,40,,,,,,,,,,,,,
AL,CHRISTINE,1973,9,42,19730829,1200,,TS,10.2N,37.0W,40,,,,,,,,,,,,,
AL,CHRISTINE,1973,9,42,19730829,1800,,TS,10.2N,38.4W,40,,,,,,,,,,,,,
AL,CHRISTINE,1973,9,42,19730830,0,,TS,10.1N,39.8W,40,,,,,,,,,,,,,
AL,CHRISTINE,1973,9,42,19730830,600,,TS,10.1N,40.8W,40,,,,,,,,,,,,,
AL,CHRISTINE,1973,9,42,19730830,1200,,TS,10.0N,41.8W,45,,,,,,,,,,,,,
AL,CHRISTINE,1973,9,42,19730830,1800,,TS,10.4N,43.0W,45,,,,,,,,,,,,,
AL,CHRISTINE,1973,9,42,19730831,0,,TS,10.8N,44.3W,45,1007,,,,,,,,,,,,
AL,CHRISTINE,1973,9,42,19730831,600,,TS,11.2N,45.3W,50,,,,,,,,,,,,,
AL,CHRISTINE,1973,9,42,19730831,1200,,TS,11.8N,46.4W,50,,,,,,,,,,,,,
AL,CHRISTINE,1973,9,42,19730831,1800,,TS,12.5N,47.8W,50,1003,,,,,,,,,,,,
AL,CHRISTINE,1973,9,42,19730901,0,,TS,13.2N,49.2W,50,,,,,,,,,,,,,
AL,CHRISTINE,1973,9,42,19730901,600,,TS,13.7N,50.7W,50,,,,,,,,,,,,,
AL,CHRISTINE,1973,9,42,19730901,1200,,TS,14.3N,52.3W,50,1002,,,,,,,,,,,,
AL,CHRISTINE,1973,9,42,19730901,1800,,TS,14.5N,53.3W,50,,,,,,,,,,,,,
AL,CHRISTINE,1973,9,42,19730902,0,,TS,14.7N,54.4W,55,999,,,,,,,,,,,,
AL,CHRISTINE,1973,9,42,19730902,600,,TS,14.9N,55.5W,60,996,,,,,,,,,,,,
AL,CHRISTINE,1973,9,42,19730902,1200,,TS,15.2N,56.8W,60,,,,,,,,,,,,,
AL,CHRISTINE,1973,9,42,19730902,1800,,TS,15.3N,57.7W,55,,,,,,,,,,,,,
AL,CHRISTINE,1973,9,42,19730903,0,,TS,15.6N,58.6W,55,1004,,,,,,,,,,,,
AL,CHRISTINE,1973,9,42,19730903,600,,TS,16.0N,59.5W,55,,,,,,,,,,,,,
AL,CHRISTINE,1973,9,42,19730903,1200,,TS,16.4N,60.3W,50,1008,,,,,,,,,,,,
AL,CHRISTINE,1973,9,42,19730903,1800,,TD,16.8N,61.6W,30,,,,,,,,,,,,,
AL,CHRISTINE,1973,9,42,19730904,0,,TD,17.1N,62.7W,30,1011,,,,,,,,,,,,
AL,CHRISTINE,1973,9,42,19730904,600,,TD,17.7N,63.8W,30,,,,,,,,,,,,,
AL,CHRISTINE,1973,9,42,19730904,1200,,TD,18.4N,65.0W,30,,,,,,,,,,,,,
AL,CHRISTINE,1973,9,42,19730904,1800,,TD,19.0N,66.2W,30,,,,,,,,,,,,,
AL,DELIA,1973,10,23,19730901,1800,,TD,20.5N,86.5W,30,1008,,,,,,,,,,,,
AL,DELIA,1973,10,23,19730902,0,,TD,21.3N,86.8W,30,,,,,,,,,,,,,
AL,DELIA,1973,10,23,19730902,600,,TD,21.9N,87.0W,30,,,,,,,,,,,,,
AL,DELIA,1973,10,23,19730902,1200,,TD,22.5N,87.1W,30,,,,,,,,,,,,,
AL,DELIA,1973,10,23,19730902,1800,,TD,23.1N,87.4W,30,,,,,,,,,,,,,
AL,DELIA,1973,10,23,19730903,0,,TS,24.0N,88.0W,40,1000,,,,,,,,,,,,
AL,DELIA,1973,10,23,19730903,600,,TS,25.0N,88.9W,50,,,,,,,,,,,,,
AL,DELIA,1973,10,23,19730903,1200,,TS,25.9N,89.9W,60,997,,,,,,,,,,,,
AL,DELIA,1973,10,23,19730903,1800,,TS,26.5N,91.0W,60,994,,,,,,,,,,,,
AL,DELIA,1973,10,23,19730904,0,,TS,27.0N,92.4W,60,,,,,,,,,,,,,
AL,DELIA,1973,10,23,19730904,600,,TS,26.9N,93.0W,60,,,,,,,,,,,,,
AL,DELIA,1973,10,23,19730904,1200,,TS,27.5N,93.1W,60,993,,,,,,,,,,,,
AL,DELIA,1973,10,23,19730904,1800,,TS,28.4N,94.0W,60,986,,,,,,,,,,,,
AL,DELIA,1973,10,23,19730905,0,,TS,29.0N,94.9W,55,,,,,,,,,,,,,
AL,DELIA,1973,10,23,19730905,600,,TS,28.9N,95.8W,50,,,,,,,,,,,,,
AL,DELIA,1973,10,23,19730905,1200,,TS,28.1N,96.0W,45,988,,,,,,,,,,,,
AL,DELIA,1973,10,23,19730905,1800,,TS,28.0N,95.5W,40,,,,,,,,,,,,,
AL,DELIA,1973,10,23,19730906,0,,TS,28.0N,95.2W,45,,,,,,,,,,,,,
AL,DELIA,1973,10,23,19730906,600,,TS,29.0N,95.6W,40,,,,,,,,,,,,,
AL,DELIA,1973,10,23,19730906,1200,,TS,29.8N,96.3W,35,,,,,,,,,,,,,
AL,DELIA,1973,10,23,19730906,1800,,TD,30.3N,98.1W,30,,,,,,,,,,,,,
AL,DELIA,1973,10,23,19730907,0,,TD,30.2N,100.2W,30,,,,,,,,,,,,,
AL,DELIA,1973,10,23,19730907,600,,TD,29.2N,101.7W,30,,,,,,,,,,,,,
AL,UNNAMED,1973,11,25,19730906,1200,,TD,18.0N,86.0W,20,,,,,,,,,,,,,
AL,UNNAMED,1973,11,25,19730906,1800,,TD,18.6N,86.4W,25,,,,,,,,,,,,,
AL,UNNAMED,1973,11,25,19730907,0,,TD,19.3N,86.8W,25,,,,,,,,,,,,,
AL,UNNAMED,1973,11,25,19730907,600,,TD,19.9N,87.1W,25,,,,,,,,,,,,,
AL,UNNAMED,1973,11,25,19730907,1200,,TD,20.5N,87.5W,25,,,,,,,,,,,,,
AL,UNNAMED,1973,11,25,19730907,1800,,TD,21.6N,88.7W,25,,,,,,,,,,,,,
AL,UNNAMED,1973,11,25,19730908,0,,TD,22.7N,89.0W,25,,,,,,,,,,,,,
AL,UNNAMED,1973,11,25,19730908,600,,TD,23.9N,89.7W,30,,,,,,,,,,,,,
AL,UNNAMED,1973,11,25,19730908,1200,,TD,25.0N,90.5W,30,,,,,,,,,,,,,
AL,UNNAMED,1973,11,25,19730908,1800,,TD,25.7N,90.5W,30,,,,,,,,,,,,,
AL,UNNAMED,1973,11,25,19730909,0,,TD,26.5N,90.5W,30,,,,,,,,,,,,,
AL,UNNAMED,1973,11,25,19730909,600,,TD,27.2N,90.5W,-99,,,,,,,,,,,,,
AL,UNNAMED,1973,11,25,19730909,1200,,TD,28.0N,90.5W,-99,,,,,,,,,,,,,
AL,UNNAMED,1973,11,25,19730909,1800,,TD,28.0N,90.8W,30,,,,,,,,,,,,,
AL,UNNAMED,1973,11,25,19730910,0,,TD,28.0N,91.2W,30,,,,,,,,,,,,,
AL,UNNAMED,1973,11,25,19730910,600,,TD,28.0N,91.6W,30,,,,,,,,,,,,,
AL,UNNAMED,1973,11,25,19730910,1200,,TD,28.0N,92.0W,30,,,,,,,,,,,,,
AL,UNNAMED,1973,11,25,19730910,1800,,TD,28.0N,93.0W,30,,,,,,,,,,,,,
AL,UNNAMED,1973,11,25,19730911,0,,TD,28.0N,94.0W,30,,,,,,,,,,,,,
AL,UNNAMED,1973,11,25,19730911,600,,TD,28.0N,95.0W,30,,,,,,,,,,,,,
AL,UNNAMED,1973,11,25,19730911,1200,,TD,28.0N,96.0W,30,,,,,,,,,,,,,
AL,UNNAMED,1973,11,25,19730911,1800,,TD,28.5N,95.7W,30,,,,,,,,,,,,,
AL,UNNAMED,1973,11,25,19730912,0,,TD,29.0N,95.5W,30,,,,,,,,,,,,,
AL,UNNAMED,1973,11,25,19730912,600,,TD,29.5N,95.2W,30,,,,,,,,,,,,,
AL,UNNAMED,1973,11,25,19730912,1200,,TD,30.0N,95.0W,-99,,,,,,,,,,,,,
AL,ELLEN,1973,12,37,19730914,1200,,TD,10.5N,22.4W,30,,,,,,,,,,,,,
AL,ELLEN,1973,12,37,19730914,1800,,TD,11.3N,23.2W,30,,,,,,,,,,,,,
AL,ELLEN,1973,12,37,19730915,0,,TD,12.2N,24.3W,30,,,,,,,,,,,,,
AL,ELLEN,1973,12,37,19730915,600,,TD,13.1N,25.0W,30,,,,,,,,,,,,,
AL,ELLEN,1973,12,37,19730915,1200,,TS,14.0N,25.7W,40,1003,,,,,,,,,,,,
AL,ELLEN,1973,12,37,19730915,1800,,TS,15.1N,26.8W,40,,,,,,,,,,,,,
AL,ELLEN,1973,12,37,19730916,0,,TS,16.2N,28.1W,40,,,,,,,,,,,,,
AL,ELLEN,1973,12,37,19730916,600,,TS,17.2N,29.4W,40,,,,,,,,,,,,,
AL,ELLEN,1973,12,37,19730916,1200,,TS,18.2N,30.7W,40,,,,,,,,,,,,,
AL,ELLEN,1973,12,37,19730916,1800,,TS,19.2N,32.2W,40,,,,,,,,,,,,,
AL,ELLEN,1973,12,37,19730917,0,,TS,20.2N,33.8W,45,,,,,,,,,,,,,
AL,ELLEN,1973,12,37,19730917,600,,TS,21.1N,35.3W,45,,,,,,,,,,,,,
AL,ELLEN,1973,12,37,19730917,1200,,TS,22.6N,36.8W,50,1008,,,,,,,,,,,,
AL,ELLEN,1973,12,37,19730917,1800,,TS,24.5N,38.3W,50,,,,,,,,,,,,,
AL,ELLEN,1973,12,37,19730918,0,,TS,25.3N,39.8W,50,,,,,,,,,,,,,
AL,ELLEN,1973,12,37,19730918,600,,TS,26.0N,41.7W,50,,,,,,,,,,,,,
AL,ELLEN,1973,12,37,19730918,1200,,TS,26.5N,43.5W,55,997,,,,,,,,,,,,
AL,ELLEN,1973,12,37,19730918,1800,,TS,26.7N,45.2W,60,995,,,,,,,,,,,,
AL,ELLEN,1973,12,37,19730919,0,,HU,26.9N,47.0W,65,,,,,,,,,,,,,
AL,ELLEN,1973,12,37,19730919,600,,HU,27.1N,48.7W,65,,,,,,,,,,,,,
AL,ELLEN,1973,12,37,19730919,1200,,HU,27.1N,50.1W,70,,,,,,,,,,,,,
AL,ELLEN,1973,12,37,19730919,1800,,HU,27.2N,51.5W,75,985,,,,,,,,,,,,
AL,ELLEN,1973,12,37,19730920,0,,HU,27.8N,52.4W,75,,,,,,,,,,,,,
AL,ELLEN,1973,12,37,19730920,600,,HU,28.7N,53.0W,75,,,,,,,,,,,,,
AL,ELLEN,1973,12,37,19730920,1200,,HU,29.6N,53.5W,80,984,,,,,,,,,,,,
AL,ELLEN,1973,12,37,19730920,1800,,HU,30.7N,53.9W,80,981,,,,,,,,,,,,
AL,ELLEN,1973,12,37,19730921,0,,HU,32.0N,54.0W,80,977,,,,,,,,,,,,
AL,ELLEN,1973,12,37,19730921,600,,HU,33.3N,53.9W,80,,,,,,,,,,,,,
AL,ELLEN,1973,12,37,19730921,1200,,HU,34.6N,53.4W,80,,,,,,,,,,,,,
AL,ELLEN,1973,12,37,19730921,1800,,HU,36.0N,52.5W,90,962,,,,,,,,,,,,
AL,ELLEN,1973,12,37,19730922,0,,HU,37.5N,50.9W,90,,,,,,,,,,,,,
AL,ELLEN,1973,12,37,19730922,600,,HU,39.5N,48.5W,95,,,,,,,,,,,,,
AL,ELLEN,1973,12,37,19730922,1200,,HU,42.1N,45.2W,100,,,,,,,,,,,,,
AL,ELLEN,1973,12,37,19730922,1800,,EX,44.7N,41.5W,95,980,,,,,,,,,,,,
AL,ELLEN,1973,12,37,19730923,0,,EX,48.6N,37.0W,80,,,,,,,,,,,,,
AL,ELLEN,1973,12,37,19730923,600,,EX,52.3N,31.6W,60,,,,,,,,,,,,,
AL,ELLEN,1973,12,37,19730923,1200,,EX,55.5N,25.0W,50,,,,,,,,,,,,,
AL,UNNAMED,1973,13,9,19730924,1200,,TD,28.5N,77.5W,20,,,,,,,,,,,,,
AL,UNNAMED,1973,13,9,19730924,1800,,TD,28.8N,77.8W,25,,,,,,,,,,,,,
AL,UNNAMED,1973,13,9,19730925,0,,TD,29.2N,78.0W,25,,,,,,,,,,,,,
AL,UNNAMED,1973,13,9,19730925,600,,TD,29.6N,78.3W,25,,,,,,,,,,,,,
AL,UNNAMED,1973,13,9,19730925,1200,,TD,30.0N,78.5W,25,,,,,,,,,,,,,
AL,UNNAMED,1973,13,9,19730925,1800,,TD,29.8N,79.6W,25,,,,,,,,,,,,,
AL,UNNAMED,1973,13,9,19730926,0,,TD,29.7N,80.7W,25,,,,,,,,,,,,,
AL,UNNAMED,1973,13,9,19730926,600,,TD,29.6N,81.8W,25,,,,,,,,,,,,,
AL,UNNAMED,1973,13,9,19730926,1200,,TD,29.5N,83.0W,-99,,,,,,,,,,,,,
AL,FRAN,1973,14,20,19731008,1800,,SD,30.0N,65.8W,30,1008,,,,,,,,,,,,
AL,FRAN,1973,14,20,19731009,0,,SD,30.3N,63.9W,30,,,,,,,,,,,,,
AL,FRAN,1973,14,20,19731009,600,,SS,30.7N,62.3W,40,,,,,,,,,,,,,
AL,FRAN,1973,14,20,19731009,1200,,SS,31.0N,60.2W,45,1005,,,,,,,,,,,,
AL,FRAN,1973,14,20,19731009,1800,,SS,31.5N,57.8W,55,1003,,,,,,,,,,,,
AL,FRAN,1973,14,20,19731010,0,,HU,31.9N,55.2W,65,998,,,,,,,,,,,,
AL,FRAN,1973,14,20,19731010,600,,HU,32.5N,51.7W,65,,,,,,,,,,,,,
AL,FRAN,1973,14,20,19731010,1200,,HU,33.1N,48.1W,65,,,,,,,,,,,,,
AL,FRAN,1973,14,20,19731010,1800,,HU,33.8N,44.9W,65,996,,,,,,,,,,,,
AL,FRAN,1973,14,20,19731011,0,,HU,35.1N,41.9W,65,993,,,,,,,,,,,,
AL,FRAN,1973,14,20,19731011,600,,HU,36.8N,38.3W,70,,,,,,,,,,,,,
AL,FRAN,1973,14,20,19731011,1200,,HU,38.7N,34.5W,70,,,,,,,,,,,,,
AL,FRAN,1973,14,20,19731011,1800,,HU,40.7N,30.2W,70,,,,,,,,,,,,,
AL,FRAN,1973,14,20,19731012,0,,HU,42.7N,25.8W,70,993,,,,,,,,,,,,
AL,FRAN,1973,14,20,19731012,600,,HU,45.4N,21.5W,65,983,,,,,,,,,,,,
AL,FRAN,1973,14,20,19731012,1200,,HU,47.2N,16.4W,65,978,,,,,,,,,,,,
AL,FRAN,1973,14,20,19731012,1800,,HU,48.0N,13.0W,65,,,,,,,,,,,,,
AL,FRAN,1973,14,20,19731013,0,,EX,48.2N,10.2W,65,,,,,,,,,,,,,
AL,FRAN,1973,14,20,19731013,600,,EX,48.2N,8.0W,65,,,,,,,,,,,,,
AL,FRAN,1973,14,20,19731013,1200,,EX,47.9N,6.5W,65,,,,,,,,,,,,,
AL,UNNAMED,1973,15,9,19731010,1200,,TD,24.0N,70.5W,20,,,,,,,,,,,,,
AL,UNNAMED,1973,15,9,19731010,1800,,TD,24.9N,68.5W,25,,,,,,,,,,,,,
AL,UNNAMED,1973,15,9,19731011,0,,TD,25.8N,66.5W,25,,,,,,,,,,,,,
AL,UNNAMED,1973,15,9,19731011,600,,TD,26.6N,64.5W,25,,,,,,,,,,,,,
AL,UNNAMED,1973,15,9,19731011,1200,,TD,27.5N,62.5W,25,,,,,,,,,,,,,
AL,UNNAMED,1973,15,9,19731011,1800,,TD,28.5N,60.3W,25,,,,,,,,,,,,,
AL,UNNAMED,1973,15,9,19731012,0,,TD,29.5N,58.0W,25,,,,,,,,,,,,,
AL,UNNAMED,1973,15,9,19731012,600,,TD,30.5N,55.8W,20,,,,,,,,,,,,,
AL,UNNAMED,1973,15,9,19731012,1200,,TD,31.5N,53.5W,20,,,,,,,,,,,,,
AL,GILDA,1973,16,56,19731016,600,,TD,16.3N,82.0W,30,1008,,,,,,,,,,,,
AL,GILDA,1973,16,56,19731016,1200,,TD,16.9N,81.9W,30,,,,,,,,,,,,,
AL,GILDA,1973,16,56,19731016,1800,,TD,17.6N,81.8W,30,,,,,,,,,,,,,
AL,GILDA,1973,16,56,19731017,0,,TD,18.1N,81.6W,30,,,,,,,,,,,,,
AL,GILDA,1973,16,56,19731017,600,,TD,18.4N,81.1W,30,1005,,,,,,,,,,,,
AL,GILDA,1973,16,56,19731017,1200,,TD,18.8N,80.7W,30,,,,,,,,,,,,,
AL,GILDA,1973,16,56,19731017,1800,,TD,19.1N,80.3W,30,1002,,,,,,,,,,,,
AL,GILDA,1973,16,56,19731018,0,,TS,19.5N,79.9W,40,996,,,,,,,,,,,,
AL,GILDA,1973,16,56,19731018,600,,TS,20.1N,79.7W,45,,,,,,,,,,,,,
AL,GILDA,1973,16,56,19731018,1200,,TS,20.7N,79.6W,50,,,,,,,,,,,,,
AL,GILDA,1973,16,56,19731018,1800,,TS,21.3N,79.3W,60,,,,,,,,,,,,,
AL,GILDA,1973,16,56,19731019,0,,TS,22.0N,79.0W,50,995,,,,,,,,,,,,
AL,GILDA,1973,16,56,19731019,600,,TS,22.6N,78.9W,50,,,,,,,,,,,,,
AL,GILDA,1973,16,56,19731019,1200,,TS,23.0N,78.5W,50,,,,,,,,,,,,,
AL,GILDA,1973,16,56,19731019,1800,,TS,23.3N,78.0W,50,,,,,,,,,,,,,
AL,GILDA,1973,16,56,19731020,0,,TS,23.6N,77.5W,50,994,,,,,,,,,,,,
AL,GILDA,1973,16,56,19731020,600,,TS,24.0N,76.8W,50,,,,,,,,,,,,,
AL,GILDA,1973,16,56,19731020,1200,,TS,24.4N,76.3W,50,,,,,,,,,,,,,
AL,GILDA,1973,16,56,19731020,1800,,TS,24.8N,76.0W,50,,,,,,,,,,,,,
AL,GILDA,1973,16,56,19731021,0,,TS,25.1N,75.9W,45,995,,,,,,,,,,,,
AL,GILDA,1973,16,56,19731021,600,,TS,25.3N,75.8W,45,,,,,,,,,,,,,
AL,GILDA,1973,16,56,19731021,1200,,TS,25.4N,75.8W,45,,,,,,,,,,,,,
AL,GILDA,1973,16,56,19731021,1800,,TS,25.5N,75.8W,35,1000,,,,,,,,,,,,
AL,GILDA,1973,16,56,19731022,0,,TS,25.6N,75.7W,35,,,,,,,,,,,,,
AL,GILDA,1973,16,56,19731022,600,,TS,25.6N,75.6W,45,,,,,,,,,,,,,
AL,GILDA,1973,16,56,19731022,1200,,TS,25.6N,75.7W,40,,,,,,,,,,,,,
AL,GILDA,1973,16,56,19731022,1800,,TD,25.6N,75.7W,30,1003,,,,,,,,,,,,
AL,GILDA,1973,16,56,19731023,0,,TD,25.6N,75.7W,30,,,,,,,,,,,,,
AL,GILDA,1973,16,56,19731023,600,,TD,25.6N,75.7W,30,,,,,,,,,,,,,
AL,GILDA,1973,16,56,19731023,1200,,TD,25.6N,75.7W,30,,,,,,,,,,,,,
AL,GILDA,1973,16,56,19731023,1800,,TD,25.7N,75.3W,30,1004,,,,,,,,,,,,
AL,GILDA,1973,16,56,19731024,0,,TD,26.0N,74.5W,30,,,,,,,,,,,,,
AL,GILDA,1973,16,56,19731024,600,,TD,27.2N,72.6W,30,,,,,,,,,,,,,
AL,GILDA,1973,16,56,19731024,1200,,SS,28.6N,71.7W,35,1001,,,,,,,,,,,,
AL,GILDA,1973,16,56,19731024,1800,,SS,29.9N,71.4W,40,,,,,,,,,,,,,
AL,GILDA,1973,16,56,19731025,0,,SS,30.8N,71.2W,45,996,,,,,,,,,,,,
AL,GILDA,1973,16,56,19731025,600,,SS,31.7N,71.0W,50,,,,,,,,,,,,,
AL,GILDA,1973,16,56,19731025,1200,,SS,32.5N,70.9W,60,,,,,,,,,,,,,
AL,GILDA,1973,16,56,19731025,1800,,SS,33.2N,70.8W,60,,,,,,,,,,,,,
AL,GILDA,1973,16,56,19731026,0,,SS,34.1N,70.4W,60,985,,,,,,,,,,,,
AL,GILDA,1973,16,56,19731026,600,,SS,34.8N,69.8W,60,,,,,,,,,,,,,
AL,GILDA,1973,16,56,19731026,1200,,SS,35.5N,69.0W,60,,,,,,,,,,,,,
AL,GILDA,1973,16,56,19731026,1800,,SS,36.2N,67.8W,60,,,,,,,,,,,,,
AL,GILDA,1973,16,56,19731027,0,,SS,36.9N,65.9W,55,984,,,,,,,,,,,,
AL,GILDA,1973,16,56,19731027,600,,SS,38.8N,63.2W,55,,,,,,,,,,,,,
AL,GILDA,1973,16,56,19731027,1200,,SS,41.2N,60.8W,55,,,,,,,,,,,,,
AL,GILDA,1973,16,56,19731027,1800,,EX,43.7N,58.6W,55,980,,,,,,,,,,,,
AL,GILDA,1973,16,56,19731028,0,,EX,45.4N,55.2W,55,,,,,,,,,,,,,
AL,GILDA,1973,16,56,19731028,600,,EX,47.5N,51.5W,55,968,,,,,,,,,,,,
AL,GILDA,1973,16,56,19731028,1200,,EX,51.2N,48.1W,55,,,,,,,,,,,,,
AL,GILDA,1973,16,56,19731028,1800,,EX,54.9N,44.9W,50,,,,,,,,,,,,,
AL,GILDA,1973,16,56,19731029,0,,EX,57.5N,42.7W,45,,,,,,,,,,,,,
AL,GILDA,1973,16,56,19731029,600,,EX,59.6N,41.2W,40,,,,,,,,,,,,,
AL,GILDA,1973,16,56,19731029,1200,,EX,60.8N,40.6W,40,970,,,,,,,,,,,,
AL,GILDA,1973,16,56,19731029,1800,,EX,61.4N,40.5W,35,,,,,,,,,,,,,
AL,GILDA,1973,16,56,19731030,0,,EX,61.8N,40.4W,30,,,,,,,,,,,,,
AL,UNNAMED,1973,17,6,19731117,1200,,TD,10.0N,80.0W,20,,,,,,,,,,,,,
AL,UNNAMED,1973,17,6,19731117,1800,,TD,10.7N,80.8W,25,,,,,,,,,,,,,
AL,UNNAMED,1973,17,6,19731118,0,,TD,10.2N,81.5W,30,,,,,,,,,,,,,
AL,UNNAMED,1973,17,6,19731118,600,,TD,10.3N,82.2W,30,,,,,,,,,,,,,
AL,UNNAMED,1973,17,6,19731118,1200,,TD,10.5N,83.0W,30,,,,,,,,,,,,,
AL,UNNAMED,1973,17,6,19731118,1800,,TD,10.8N,84.0W,-99,,,,,,,,,,,,,
AL,UNNAMED,1974,1,17,19740622,1200,,TD,19.0N,95.0W,20,,,,,,,,,,,,,
AL,UNNAMED,1974,1,17,19740622,1800,,TD,19.6N,94.4W,20,,,,,,,,,,,,,
AL,UNNAMED,1974,1,17,19740623,0,,TD,20.2N,93.8W,25,,,,,,,,,,,,,
AL,UNNAMED,1974,1,17,19740623,600,,TD,20.9N,93.2W,25,,,,,,,,,,,,,
AL,UNNAMED,1974,1,17,19740623,1200,,TD,21.5N,92.5W,25,,,,,,,,,,,,,
AL,UNNAMED,1974,1,17,19740623,1800,,TD,21.7N,91.9W,25,,,,,,,,,,,,,
AL,UNNAMED,1974,1,17,19740624,0,,TD,21.8N,91.3W,25,,,,,,,,,,,,,
AL,UNNAMED,1974,1,17,19740624,600,,TD,21.9N,90.6W,25,,,,,,,,,,,,,
AL,UNNAMED,1974,1,17,19740624,1200,,TD,22.0N,90.0W,25,,,,,,,,,,,,,
AL,UNNAMED,1974,1,17,19740624,1800,,TD,22.2N,89.7W,25,,,,,,,,,,,,,
AL,UNNAMED,1974,1,17,19740625,0,,TD,22.5N,89.5W,25,,,,,,,,,,,,,
AL,UNNAMED,1974,1,17,19740625,600,,TD,22.8N,89.3W,25,,,,,,,,,,,,,
AL,UNNAMED,1974,1,17,19740625,1200,,TD,23.0N,89.0W,20,,,,,,,,,,,,,
AL,UNNAMED,1974,1,17,19740625,1800,,TD,23.2N,88.6W,20,,,,,,,,,,,,,
AL,UNNAMED,1974,1,17,19740626,0,,TD,23.3N,88.2W,20,,,,,,,,,,,,,
AL,UNNAMED,1974,1,17,19740626,600,,TD,23.4N,87.9W,20,,,,,,,,,,,,,
AL,UNNAMED,1974,1,17,19740626,1200,,TD,23.5N,87.5W,20,,,,,,,,,,,,,
AL,UNNAMED,1974,2,6,19740624,1800,,SD,24.0N,88.0W,30,,,,,,,,,,,,,
AL,UNNAMED,1974,2,6,19740625,0,,SS,25.4N,86.2W,40,,,,,,,,,,,,,
AL,UNNAMED,1974,2,6,19740625,600,,SS,27.5N,83.2W,45,,,,,,,,,,,,,
AL,UNNAMED,1974,2,6,19740625,1200,,SS,28.8N,81.5W,55,1000,,,,,,,,,,,,
AL,UNNAMED,1974,2,6,19740625,1800,,SS,31.0N,78.7W,55,,,,,,,,,,,,,
AL,UNNAMED,1974,2,6,19740626,0,,EX,33.5N,75.5W,35,1004,,,,,,,,,,,,
AL,UNNAMED,1974,3,9,19740630,1200,,TD,18.0N,21.0W,-99,,,,,,,,,,,,,
AL,UNNAMED,1974,3,9,19740630,1800,,TD,18.0N,22.7W,25,,,,,,,,,,,,,
AL,UNNAMED,1974,3,9,19740701,0,,TD,18.0N,24.5W,25,,,,,,,,,,,,,
AL,UNNAMED,1974,3,9,19740701,600,,TD,18.0N,26.3W,30,,,,,,,,,,,,,
AL,UNNAMED,1974,3,9,19740701,1200,,TD,18.0N,28.0W,30,,,,,,,,,,,,,
AL,UNNAMED,1974,3,9,19740701,1800,,TD,18.0N,30.0W,30,,,,,,,,,,,,,
AL,UNNAMED,1974,3,9,19740702,0,,TD,18.0N,32.0W,25,,,,,,,,,,,,,
AL,UNNAMED,1974,3,9,19740702,600,,TD,18.0N,34.0W,25,,,,,,,,,,,,,
AL,UNNAMED,1974,3,9,19740702,1200,,TD,18.0N,36.0W,20,,,,,,,,,,,,,
AL,UNNAMED,1974,4,18,19740713,1200,,TD,28.5N,87.0W,20,,,,,,,,,,,,,
AL,UNNAMED,1974,4,18,19740713,1800,,TD,28.2N,87.3W,20,,,,,,,,,,,,,
AL,UNNAMED,1974,4,18,19740714,0,,TD,28.0N,87.7W,25,,,,,,,,,,,,,
AL,UNNAMED,1974,4,18,19740714,600,,TD,27.7N,88.1W,25,,,,,,,,,,,,,
AL,UNNAMED,1974,4,18,19740714,1200,,TD,27.5N,88.5W,25,,,,,,,,,,,,,
AL,UNNAMED,1974,4,18,19740714,1800,,TD,27.3N,89.2W,25,,,,,,,,,,,,,
AL,UNNAMED,1974,4,18,19740715,0,,TD,27.0N,89.8W,25,,,,,,,,,,,,,
AL,UNNAMED,1974,4,18,19740715,600,,TD,26.8N,90.4W,25,,,,,,,,,,,,,
AL,UNNAMED,1974,4,18,19740715,1200,,TD,26.5N,91.0W,30,,,,,,,,,,,,,
AL,UNNAMED,1974,4,18,19740715,1800,,TD,26.2N,91.6W,30,,,,,,,,,,,,,
AL,UNNAMED,1974,4,18,19740716,0,,TD,26.0N,92.2W,30,,,,,,,,,,,,,
AL,UNNAMED,1974,4,18,19740716,600,,TD,25.7N,92.8W,30,,,,,,,,,,,,,
AL,UNNAMED,1974,4,18,19740716,1200,,TD,25.5N,93.5W,30,,,,,,,,,,,,,
AL,UNNAMED,1974,4,18,19740716,1800,,TD,26.2N,93.7W,30,,,,,,,,,,,,,
AL,UNNAMED,1974,4,18,19740717,0,,TD,27.0N,93.8W,30,,,,,,,,,,,,,
AL,UNNAMED,1974,4,18,19740717,600,,TD,27.8N,93.9W,30,,,,,,,,,,,,,
AL,UNNAMED,1974,4,18,19740717,1200,,TD,28.5N,94.0W,25,,,,,,,,,,,,,
AL,UNNAMED,1974,4,18,19740717,1800,,TD,29.5N,94.5W,-99,,,,,,,,,,,,,
AL,UNNAMED,1974,5,19,19740716,0,,SD,29.0N,75.0W,25,,,,,,,,,,,,,
AL,UNNAMED,1974,5,19,19740716,600,,SD,30.2N,74.5W,30,,,,,,,,,,,,,
AL,UNNAMED,1974,5,19,19740716,1200,,SD,31.2N,73.8W,30,,,,,,,,,,,,,
AL,UNNAMED,1974,5,19,19740716,1800,,SD,32.0N,72.9W,30,,,,,,,,,,,,,
AL,UNNAMED,1974,5,19,19740717,0,,SD,32.9N,71.8W,30,,,,,,,,,,,,,
AL,UNNAMED,1974,5,19,19740717,600,,SD,33.9N,70.6W,30,,,,,,,,,,,,,
AL,UNNAMED,1974,5,19,19740717,1200,,SS,35.0N,68.8W,35,,,,,,,,,,,,,
AL,UNNAMED,1974,5,19,19740717,1800,,SS,36.1N,66.2W,35,,,,,,,,,,,,,
AL,UNNAMED,1974,5,19,19740718,0,,SS,37.2N,63.5W,40,,,,,,,,,,,,,
AL,UNNAMED,1974,5,19,19740718,600,,SS,38.1N,60.9W,40,,,,,,,,,,,,,
AL,UNNAMED,1974,5,19,19740718,1200,,SS,39.0N,58.4W,45,1006,,,,,,,,,,,,
AL,UNNAMED,1974,5,19,19740718,1800,,SS,39.9N,55.0W,45,,,,,,,,,,,,,
AL,UNNAMED,1974,5,19,19740719,0,,SS,40.7N,52.4W,45,,,,,,,,,,,,,
AL,UNNAMED,1974,5,19,19740719,600,,SS,41.6N,51.5W,45,,,,,,,,,,,,,
AL,UNNAMED,1974,5,19,19740719,1200,,SS,42.5N,50.8W,45,,,,,,,,,,,,,
AL,UNNAMED,1974,5,19,19740719,1800,,SS,43.6N,49.9W,40,,,,,,,,,,,,,
AL,UNNAMED,1974,5,19,19740720,0,,EX,45.0N,49.0W,40,,,,,,,,,,,,,
AL,UNNAMED,1974,5,19,19740720,600,,EX,46.7N,48.0W,40,,,,,,,,,,,,,
AL,UNNAMED,1974,5,19,19740720,1200,,EX,48.8N,47.0W,35,,,,,,,,,,,,,
AL,UNNAMED,1974,6,19,19740810,1200,,SS,38.0N,70.0W,35,1012,,,,,,,,,,,,
AL,UNNAMED,1974,6,19,19740810,1800,,SS,37.1N,69.6W,35,,,,,,,,,,,,,
AL,UNNAMED,1974,6,19,19740811,0,,SS,36.4N,69.0W,35,,,,,,,,,,,,,
AL,UNNAMED,1974,6,19,19740811,600,,SS,35.7N,68.0W,35,,,,,,,,,,,,,
AL,UNNAMED,1974,6,19,19740811,1200,,SS,35.5N,67.0W,40,,,,,,,,,,,,,
AL,UNNAMED,1974,6,19,19740811,1800,,SS,35.9N,66.0W,40,,,,,,,,,,,,,
AL,UNNAMED,1974,6,19,19740812,0,,SS,36.5N,65.4W,40,,,,,,,,,,,,,
AL,UNNAMED,1974,6,19,19740812,600,,SS,36.7N,65.3W,40,,,,,,,,,,,,,
AL,UNNAMED,1974,6,19,19740812,1200,,SS,37.0N,65.4W,40,1007,,,,,,,,,,,,
AL,UNNAMED,1974,6,19,19740812,1800,,SS,37.5N,65.5W,40,,,,,,,,,,,,,
AL,UNNAMED,1974,6,19,19740813,0,,SS,38.0N,65.5W,40,,,,,,,,,,,,,
AL,UNNAMED,1974,6,19,19740813,600,,SS,38.5N,65.5W,40,,,,,,,,,,,,,
AL,UNNAMED,1974,6,19,19740813,1200,,SS,39.0N,65.5W,40,1003,,,,,,,,,,,,
AL,UNNAMED,1974,6,19,19740813,1800,,SS,39.5N,64.9W,40,,,,,,,,,,,,,
AL,UNNAMED,1974,6,19,19740814,0,,SS,40.0N,64.0W,45,,,,,,,,,,,,,
AL,UNNAMED,1974,6,19,19740814,600,,SS,40.7N,64.0W,45,,,,,,,,,,,,,
AL,UNNAMED,1974,6,19,19740814,1200,,SS,41.5N,64.0W,50,992,,,,,,,,,,,,
AL,UNNAMED,1974,6,19,19740814,1800,,SS,42.4N,62.6W,50,,,,,,,,,,,,,
AL,UNNAMED,1974,6,19,19740815,0,,SS,43.5N,60.0W,45,,,,,,,,,,,,,
AL,ALMA,1974,7,13,19740812,1200,,TD,10.5N,43.0W,25,1010,,,,,,,,,,,,
AL,ALMA,1974,7,13,19740812,1800,,TD,10.4N,45.3W,25,,,,,,,,,,,,,
AL,ALMA,1974,7,13,19740813,0,,TD,10.3N,47.5W,25,,,,,,,,,,,,,
AL,ALMA,1974,7,13,19740813,600,,TD,10.2N,49.8W,30,,,,,,,,,,,,,
AL,ALMA,1974,7,13,19740813,1200,,TS,10.1N,52.0W,35,,,,,,,,,,,,,
AL,ALMA,1974,7,13,19740813,1800,,TS,10.0N,54.0W,55,1007,,,,,,,,,,,,
AL,ALMA,1974,7,13,19740814,0,,TS,10.1N,56.5W,50,,,,,,,,,,,,,
AL,ALMA,1974,7,13,19740814,600,,TS,10.1N,58.5W,45,,,,,,,,,,,,,
AL,ALMA,1974,7,13,19740814,1200,,TS,10.2N,60.5W,40,,,,,,,,,,,,,
AL,ALMA,1974,7,13,19740814,1800,,TS,10.3N,63.0W,35,,,,,,,,,,,,,
AL,ALMA,1974,7,13,19740815,0,,TS,10.4N,65.5W,35,,,,,,,,,,,,,
AL,ALMA,1974,7,13,19740815,600,,TS,10.5N,67.5W,35,,,,,,,,,,,,,
AL,ALMA,1974,7,13,19740815,1200,,TS,10.5N,70.0W,35,,,,,,,,,,,,,
AL,UNNAMED,1974,8,9,19740824,1200,,TD,24.0N,85.5W,20,,,,,,,,,,,,,
AL,UNNAMED,1974,8,9,19740824,1800,,TD,24.5N,86.8W,25,,,,,,,,,,,,,
AL,UNNAMED,1974,8,9,19740825,0,,TD,25.0N,88.2W,25,,,,,,,,,,,,,
AL,UNNAMED,1974,8,9,19740825,600,,TD,25.5N,89.6W,30,,,,,,,,,,,,,
AL,UNNAMED,1974,8,9,19740825,1200,,TD,26.0N,91.0W,30,,,,,,,,,,,,,
AL,UNNAMED,1974,8,9,19740825,1800,,TD,26.9N,92.1W,30,,,,,,,,,,,,,
AL,UNNAMED,1974,8,9,19740826,0,,TD,27.8N,93.2W,30,,,,,,,,,,,,,
AL,UNNAMED,1974,8,9,19740826,600,,TD,28.6N,94.4W,25,,,,,,,,,,,,,
AL,UNNAMED,1974,8,9,19740826,1200,,TD,29.5N,95.5W,-99,,,,,,,,,,,,,
AL,BECKY,1974,9,28,19740826,1200,,TD,27.0N,69.0W,25,,,,,,,,,,,,,
AL,BECKY,1974,9,28,19740826,1800,,TD,27.4N,69.3W,30,,,,,,,,,,,,,
AL,BECKY,1974,9,28,19740827,0,,TD,28.0N,69.5W,30,,,,,,,,,,,,,
AL,BECKY,1974,9,28,19740827,600,,TD,29.0N,69.7W,30,,,,,,,,,,,,,
AL,BECKY,1974,9,28,19740827,1200,,TD,30.0N,69.8W,30,,,,,,,,,,,,,
AL,BECKY,1974,9,28,19740827,1800,,TD,30.8N,69.8W,30,,,,,,,,,,,,,
AL,BECKY,1974,9,28,19740828,0,,TD,31.5N,69.5W,30,1010,,,,,,,,,,,,
AL,BECKY,1974,9,28,19740828,600,,TS,32.1N,69.0W,35,,,,,,,,,,,,,
AL,BECKY,1974,9,28,19740828,1200,,TS,32.7N,68.5W,50,1003,,,,,,,,,,,,
AL,BECKY,1974,9,28,19740828,1800,,HU,33.7N,67.8W,65,1000,,,,,,,,,,,,
AL,BECKY,1974,9,28,19740829,0,,HU,34.5N,67.2W,65,992,,,,,,,,,,,,
AL,BECKY,1974,9,28,19740829,600,,HU,35.3N,66.1W,80,,,,,,,,,,,,,
AL,BECKY,1974,9,28,19740829,1200,,HU,36.0N,65.0W,85,987,,,,,,,,,,,,
AL,BECKY,1974,9,28,19740829,1800,,HU,36.5N,63.9W,90,,,,,,,,,,,,,
AL,BECKY,1974,9,28,19740830,0,,HU,37.0N,62.8W,95,,,,,,,,,,,,,
AL,BECKY,1974,9,28,19740830,600,,HU,37.3N,61.8W,100,,,,,,,,,,,,,
AL,BECKY,1974,9,28,19740830,1200,,HU,38.0N,61.0W,100,977,,,,,,,,,,,,
AL,BECKY,1974,9,28,19740830,1800,,HU,38.5N,60.2W,100,,,,,,,,,,,,,
AL,BECKY,1974,9,28,19740831,0,,HU,39.3N,59.2W,100,,,,,,,,,,,,,
AL,BECKY,1974,9,28,19740831,600,,HU,40.0N,58.0W,100,,,,,,,,,,,,,
AL,BECKY,1974,9,28,19740831,1200,,HU,40.3N,56.0W,100,,,,,,,,,,,,,
AL,BECKY,1974,9,28,19740831,1800,,HU,41.0N,54.5W,95,,,,,,,,,,,,,
AL,BECKY,1974,9,28,19740901,0,,HU,41.7N,52.7W,90,,,,,,,,,,,,,
AL,BECKY,1974,9,28,19740901,600,,HU,42.1N,50.4W,85,,,,,,,,,,,,,
AL,BECKY,1974,9,28,19740901,1200,,HU,42.7N,47.8W,80,,,,,,,,,,,,,
AL,BECKY,1974,9,28,19740901,1800,,HU,43.0N,44.5W,70,,,,,,,,,,,,,
AL,BECKY,1974,9,28,19740902,0,,TS,43.1N,40.8W,60,,,,,,,,,,,,,
AL,BECKY,1974,9,28,19740902,600,,TS,43.0N,36.0W,40,,,,,,,,,,,,,
AL,CARMEN,1974,10,49,19740829,600,,TD,16.8N,55.8W,30,1011,,,,,,,,,,,,
AL,CARMEN,1974,10,49,19740829,1200,,TD,16.4N,58.0W,30,,,,,,,,,,,,,
AL,CARMEN,1974,10,49,19740829,1800,,TD,16.5N,60.3W,30,,,,,,,,,,,,,
AL,CARMEN,1974,10,49,19740830,0,,TD,16.6N,62.7W,30,,,,,,,,,,,,,
AL,CARMEN,1974,10,49,19740830,600,,TD,16.8N,65.0W,30,,,,,,,,,,,,,
AL,CARMEN,1974,10,49,19740830,1200,,TS,17.0N,67.4W,35,,,,,,,,,,,,,
AL,CARMEN,1974,10,49,19740830,1800,,TS,17.0N,69.9W,40,1001,,,,,,,,,,,,
AL,CARMEN,1974,10,49,19740831,0,,TS,17.0N,72.2W,45,,,,,,,,,,,,,
AL,CARMEN,1974,10,49,19740831,600,,TS,17.0N,74.2W,50,,,,,,,,,,,,,
AL,CARMEN,1974,10,49,19740831,1200,,HU,17.0N,76.0W,65,988,,,,,,,,,,,,
AL,CARMEN,1974,10,49,19740831,1800,,HU,17.2N,77.9W,75,,,,,,,,,,,,,
AL,CARMEN,1974,10,49,19740901,0,,HU,17.3N,79.8W,80,,,,,,,,,,,,,
AL,CARMEN,1974,10,49,19740901,600,,HU,17.5N,81.5W,85,972,,,,,,,,,,,,
AL,CARMEN,1974,10,49,19740901,1200,,HU,17.7N,83.2W,105,960,,,,,,,,,,,,
AL,CARMEN,1974,10,49,19740901,1800,,HU,17.8N,84.7W,115,,,,,,,,,,,,,
AL,CARMEN,1974,10,49,19740902,0,,HU,18.0N,85.9W,125,933,,,,,,,,,,,,
AL,CARMEN,1974,10,49,19740902,600,,HU,18.4N,86.8W,130,928,,,,,,,,,,,,
AL,CARMEN,1974,10,49,19740902,1200,,HU,18.6N,87.9W,120,956,,,,,,,,,,,,
AL,CARMEN,1974,10,49,19740902,1800,,HU,18.8N,88.8W,90,,,,,,,,,,,,,
AL,CARMEN,1974,10,49,19740903,0,,TS,19.1N,89.3W,60,,,,,,,,,,,,,
AL,CARMEN,1974,10,49,19740903,600,,TS,19.3N,89.7W,60,,,,,,,,,,,,,
AL,CARMEN,1974,10,49,19740903,1200,,TS,19.6N,90.2W,60,,,,,,,,,,,,,
AL,CARMEN,1974,10,49,19740903,1800,,TS,19.9N,90.4W,60,1000,,,,,,,,,,,,
AL,CARMEN,1974,10,49,19740904,0,,TS,20.0N,90.7W,55,,,,,,,,,,,,,
AL,CARMEN,1974,10,49,19740904,600,,TS,20.1N,90.8W,50,,,,,,,,,,,,,
AL,CARMEN,1974,10,49,19740904,1200,,TS,20.3N,91.0W,50,,,,,,,,,,,,,
AL,CARMEN,1974,10,49,19740904,1800,,TS,20.5N,91.0W,55,995,,,,,,,,,,,,
AL,CARMEN,1974,10,49,19740905,0,,TS,20.7N,90.9W,50,,,,,,,,,,,,,
AL,CARMEN,1974,10,49,19740905,600,,TS,20.9N,90.9W,55,,,,,,,,,,,,,
AL,CARMEN,1974,10,49,19740905,1200,,HU,21.2N,90.8W,65,985,,,,,,,,,,,,
AL,CARMEN,1974,10,49,19740905,1800,,HU,21.5N,90.7W,65,,,,,,,,,,,,,
AL,CARMEN,1974,10,49,19740906,0,,HU,21.9N,90.5W,65,983,,,,,,,,,,,,
AL,CARMEN,1974,10,49,19740906,600,,HU,22.4N,90.5W,70,971,,,,,,,,,,,,
AL,CARMEN,1974,10,49,19740906,1200,,HU,22.9N,90.4W,80,969,,,,,,,,,,,,
AL,CARMEN,1974,10,49,19740906,1800,,HU,23.7N,90.4W,95,,,,,,,,,,,,,
AL,CARMEN,1974,10,49,19740907,0,,HU,24.6N,90.3W,100,967,,,,,,,,,,,,
AL,CARMEN,1974,10,49,19740907,600,,HU,25.7N,90.3W,105,,,,,,,,,,,,,
AL,CARMEN,1974,10,49,19740907,1200,,HU,26.8N,90.3W,110,950,,,,,,,,,,,,
AL,CARMEN,1974,10,49,19740907,1800,,HU,27.8N,90.4W,115,944,,,,,,,,,,,,
AL,CARMEN,1974,10,49,19740908,0,,HU,28.7N,90.8W,130,937,,,,,,,,,,,,
AL,CARMEN,1974,10,49,19740908,600,,HU,29.4N,91.3W,105,,,,,,,,,,,,,
AL,CARMEN,1974,10,49,19740908,1200,,HU,30.0N,92.1W,75,,,,,,,,,,,,,
AL,CARMEN,1974,10,49,19740908,1800,,TS,30.5N,92.6W,45,,,,,,,,,,,,,
AL,CARMEN,1974,10,49,19740909,0,,TD,30.8N,93.6W,30,,,,,,,,,,,,,
AL,CARMEN,1974,10,49,19740909,600,,TD,30.9N,94.4W,25,,,,,,,,,,,,,
AL,CARMEN,1974,10,49,19740909,1200,,TD,31.0N,95.1W,25,,,,,,,,,,,,,
AL,CARMEN,1974,10,49,19740909,1800,,TD,31.1N,95.6W,25,,,,,,,,,,,,,
AL,CARMEN,1974,10,49,19740910,0,,TD,31.2N,96.3W,25,,,,,,,,,,,,,
AL,CARMEN,1974,10,49,19740910,600,,TD,31.3N,96.7W,25,,,,,,,,,,,,,
AL,UNNAMED,1974,11,37,19740902,1200,,TD,10.0N,19.0W,20,,,,,,,,,,,,,
AL,UNNAMED,1974,11,37,19740902,1800,,TD,10.1N,21.2W,25,,,,,,,,,,,,,
AL,UNNAMED,1974,11,37,19740903,0,,TD,10.2N,23.2W,25,,,,,,,,,,,,,
AL,UNNAMED,1974,11,37,19740903,600,,TD,10.3N,25.4W,25,,,,,,,,,,,,,
AL,UNNAMED,1974,11,37,19740903,1200,,TD,10.5N,27.5W,30,,,,,,,,,,,,,
AL,UNNAMED,1974,11,37,19740903,1800,,TD,10.7N,29.4W,30,,,,,,,,,,,,,
AL,UNNAMED,1974,11,37,19740904,0,,TD,11.0N,31.3W,30,,,,,,,,,,,,,
AL,UNNAMED,1974,11,37,19740904,600,,TD,11.3N,33.1W,30,,,,,,,,,,,,,
AL,UNNAMED,1974,11,37,19740904,1200,,TD,11.5N,35.0W,30,,,,,,,,,,,,,
AL,UNNAMED,1974,11,37,19740904,1800,,TD,11.8N,37.1W,30,,,,,,,,,,,,,
AL,UNNAMED,1974,11,37,19740905,0,,TD,12.2N,39.2W,30,,,,,,,,,,,,,
AL,UNNAMED,1974,11,37,19740905,600,,TD,12.6N,41.5W,30,,,,,,,,,,,,,
AL,UNNAMED,1974,11,37,19740905,1200,,TD,13.0N,43.5W,30,,,,,,,,,,,,,
AL,UNNAMED,1974,11,37,19740905,1800,,TD,13.5N,45.5W,30,,,,,,,,,,,,,
AL,UNNAMED,1974,11,37,19740906,0,,TD,14.0N,47.5W,30,,,,,,,,,,,,,
AL,UNNAMED,1974,11,37,19740906,600,,TD,14.5N,49.5W,30,,,,,,,,,,,,,
AL,UNNAMED,1974,11,37,19740906,1200,,TD,15.0N,51.5W,30,,,,,,,,,,,,,
AL,UNNAMED,1974,11,37,19740906,1800,,TD,15.5N,52.6W,30,,,,,,,,,,,,,
AL,UNNAMED,1974,11,37,19740907,0,,TD,16.0N,53.8W,30,,,,,,,,,,,,,
AL,UNNAMED,1974,11,37,19740907,600,,TD,16.5N,54.9W,30,,,,,,,,,,,,,
AL,UNNAMED,1974,11,37,19740907,1200,,TD,17.0N,56.0W,30,,,,,,,,,,,,,
AL,UNNAMED,1974,11,37,19740907,1800,,TD,17.2N,57.0W,30,,,,,,,,,,,,,
AL,UNNAMED,1974,11,37,19740908,0,,TD,17.5N,58.0W,30,,,,,,,,,,,,,
AL,UNNAMED,1974,11,37,19740908,600,,TD,17.8N,59.0W,30,,,,,,,,,,,,,
AL,UNNAMED,1974,11,37,19740908,1200,,TD,18.0N,60.0W,30,,,,,,,,,,,,,
AL,UNNAMED,1974,11,37,19740908,1800,,TD,18.2N,60.9W,30,,,,,,,,,,,,,
AL,UNNAMED,1974,11,37,19740909,0,,TD,18.5N,61.8W,30,,,,,,,,,,,,,
AL,UNNAMED,1974,11,37,19740909,600,,TD,18.8N,62.6W,30,,,,,,,,,,,,,
AL,UNNAMED,1974,11,37,19740909,1200,,TD,19.0N,63.5W,30,,,,,,,,,,,,,
AL,UNNAMED,1974,11,37,19740909,1800,,TD,19.4N,64.7W,30,,,,,,,,,,,,,
AL,UNNAMED,1974,11,37,19740910,0,,TD,19.8N,66.0W,30,,,,,,,,,,,,,
AL,UNNAMED,1974,11,37,19740910,600,,TD,20.1N,67.3W,25,,,,,,,,,,,,,
AL,UNNAMED,1974,11,37,19740910,1200,,TD,20.5N,68.5W,25,,,,,,,,,,,,,
AL,UNNAMED,1974,11,37,19740910,1800,,TD,20.6N,69.3W,25,,,,,,,,,,,,,
AL,UNNAMED,1974,11,37,19740911,0,,TD,20.7N,70.2W,25,,,,,,,,,,,,,
AL,UNNAMED,1974,11,37,19740911,600,,TD,20.8N,71.6W,20,,,,,,,,,,,,,
AL,UNNAMED,1974,11,37,19740911,1200,,TD,21.0N,73.0W,20,,,,,,,,,,,,,
AL,DOLLY,1974,12,12,19740902,1800,,TD,27.2N,67.9W,30,,,,,,,,,,,,,
AL,DOLLY,1974,12,12,19740903,0,,TD,27.7N,69.0W,30,,,,,,,,,,,,,
AL,DOLLY,1974,12,12,19740903,600,,TD,28.3N,70.1W,30,,,,,,,,,,,,,
AL,DOLLY,1974,12,12,19740903,1200,,TD,29.1N,71.1W,30,,,,,,,,,,,,,
AL,DOLLY,1974,12,12,19740903,1800,,TS,30.2N,72.0W,45,1005,,,,,,,,,,,,
AL,DOLLY,1974,12,12,19740904,0,,TS,31.8N,72.6W,45,,,,,,,,,,,,,
AL,DOLLY,1974,12,12,19740904,600,,TS,33.6N,72.6W,45,,,,,,,,,,,,,
AL,DOLLY,1974,12,12,19740904,1200,,TS,35.5N,72.1W,45,,,,,,,,,,,,,
AL,DOLLY,1974,12,12,19740904,1800,,TS,37.8N,70.6W,40,,,,,,,,,,,,,
AL,DOLLY,1974,12,12,19740905,0,,TS,40.8N,67.5W,40,,,,,,,,,,,,,
AL,DOLLY,1974,12,12,19740905,600,,TS,43.0N,63.8W,40,,,,,,,,,,,,,
AL,DOLLY,1974,12,12,19740905,1200,,EX,44.2N,60.3W,35,1004,,,,,,,,,,,,
AL,ELAINE,1974,13,38,19740904,1800,,TD,14.7N,50.5W,25,,,,,,,,,,,,,
AL,ELAINE,1974,13,38,19740905,0,,TD,14.8N,52.2W,25,1012,,,,,,,,,,,,
AL,ELAINE,1974,13,38,19740905,600,,TD,15.2N,53.7W,25,,,,,,,,,,,,,
AL,ELAINE,1974,13,38,19740905,1200,,TD,15.5N,55.0W,25,,,,,,,,,,,,,
AL,ELAINE,1974,13,38,19740905,1800,,TD,16.1N,56.1W,25,1010,,,,,,,,,,,,
AL,ELAINE,1974,13,38,19740906,0,,TD,16.8N,57.2W,30,,,,,,,,,,,,,
AL,ELAINE,1974,13,38,19740906,600,,TD,17.7N,58.1W,30,,,,,,,,,,,,,
AL,ELAINE,1974,13,38,19740906,1200,,TD,18.5N,58.6W,30,,,,,,,,,,,,,
AL,ELAINE,1974,13,38,19740906,1800,,TD,19.1N,59.4W,30,,,,,,,,,,,,,
AL,ELAINE,1974,13,38,19740907,0,,TD,19.5N,60.5W,30,,,,,,,,,,,,,
AL,ELAINE,1974,13,38,19740907,600,,TD,20.1N,61.8W,30,,,,,,,,,,,,,
AL,ELAINE,1974,13,38,19740907,1200,,TD,21.1N,63.3W,30,,,,,,,,,,,,,
AL,ELAINE,1974,13,38,19740907,1800,,TD,23.1N,65.3W,30,,,,,,,,,,,,,
AL,ELAINE,1974,13,38,19740908,0,,TD,24.5N,66.7W,30,,,,,,,,,,,,,
AL,ELAINE,1974,13,38,19740908,600,,TD,25.2N,67.7W,30,,,,,,,,,,,,,
AL,ELAINE,1974,13,38,19740908,1200,,TD,25.9N,68.2W,30,,,,,,,,,,,,,
AL,ELAINE,1974,13,38,19740908,1800,,TD,27.0N,69.2W,30,1012,,,,,,,,,,,,
AL,ELAINE,1974,13,38,19740909,0,,TD,28.1N,70.2W,30,1008,,,,,,,,,,,,
AL,ELAINE,1974,13,38,19740909,600,,TD,29.7N,71.2W,30,,,,,,,,,,,,,
AL,ELAINE,1974,13,38,19740909,1200,,TD,30.8N,71.8W,30,,,,,,,,,,,,,
AL,ELAINE,1974,13,38,19740909,1800,,TS,32.3N,72.1W,35,1010,,,,,,,,,,,,
AL,ELAINE,1974,13,38,19740910,0,,TS,33.8N,71.3W,45,1005,,,,,,,,,,,,
AL,ELAINE,1974,13,38,19740910,600,,TS,34.4N,70.0W,55,,,,,,,,,,,,,
AL,ELAINE,1974,13,38,19740910,1200,,TS,34.8N,69.3W,60,1001,,,,,,,,,,,,
AL,ELAINE,1974,13,38,19740910,1800,,TS,35.1N,68.2W,60,,,,,,,,,,,,,
AL,ELAINE,1974,13,38,19740911,0,,TS,35.4N,66.7W,55,1006,,,,,,,,,,,,
AL,ELAINE,1974,13,38,19740911,600,,TS,35.4N,65.3W,50,,,,,,,,,,,,,
AL,ELAINE,1974,13,38,19740911,1200,,TS,35.5N,64.5W,50,,,,,,,,,,,,,
AL,ELAINE,1974,13,38,19740911,1800,,TS,35.6N,63.6W,50,,,,,,,,,,,,,
AL,ELAINE,1974,13,38,19740912,0,,TS,35.7N,62.7W,50,1004,,,,,,,,,,,,
AL,ELAINE,1974,13,38,19740912,600,,TS,36.3N,61.9W,45,,,,,,,,,,,,,
AL,ELAINE,1974,13,38,19740912,1200,,TS,37.0N,61.2W,45,,,,,,,,,,,,,
AL,ELAINE,1974,13,38,19740912,1800,,TS,38.7N,60.1W,45,1008,,,,,,,,,,,,
AL,ELAINE,1974,13,38,19740913,0,,TS,39.6N,58.3W,45,,,,,,,,,,,,,
AL,ELAINE,1974,13,38,19740913,600,,TS,39.8N,55.9W,45,,,,,,,,,,,,,
AL,ELAINE,1974,13,38,19740913,1200,,TS,40.5N,53.1W,45,,,,,,,,,,,,,
AL,ELAINE,1974,13,38,19740913,1800,,TS,41.4N,50.3W,40,,,,,,,,,,,,,
AL,ELAINE,1974,13,38,19740914,0,,EX,42.0N,48.0W,40,,,,,,,,,,,,,
AL,FIFI,1974,14,33,19740914,1200,,TD,15.3N,65.0W,30,,,,,,,,,,,,,
AL,FIFI,1974,14,33,19740914,1800,,TD,15.7N,66.5W,30,,,,,,,,,,,,,
AL,FIFI,1974,14,33,19740915,0,,TD,16.0N,68.0W,30,,,,,,,,,,,,,
AL,FIFI,1974,14,33,19740915,600,,TD,16.3N,69.5W,30,,,,,,,,,,,,,
AL,FIFI,1974,14,33,19740915,1200,,TD,16.5N,71.0W,30,,,,,,,,,,,,,
AL,FIFI,1974,14,33,19740915,1800,,TD,16.8N,72.5W,30,,,,,,,,,,,,,
AL,FIFI,1974,14,33,19740916,0,,TD,17.0N,74.0W,30,,,,,,,,,,,,,
AL,FIFI,1974,14,33,19740916,600,,TD,17.0N,75.5W,30,,,,,,,,,,,,,
AL,FIFI,1974,14,33,19740916,1200,,TD,17.0N,77.0W,30,,,,,,,,,,,,,
AL,FIFI,1974,14,33,19740916,1800,,TS,17.0N,77.8W,35,1005,,,,,,,,,,,,
AL,FIFI,1974,14,33,19740917,0,,TS,17.0N,78.7W,50,,,,,,,,,,,,,
AL,FIFI,1974,14,33,19740917,600,,TS,16.9N,79.5W,60,993,,,,,,,,,,,,
AL,FIFI,1974,14,33,19740917,1200,,HU,16.6N,80.2W,70,,,,,,,,,,,,,
AL,FIFI,1974,14,33,19740917,1800,,HU,16.4N,81.0W,75,,,,,,,,,,,,,
AL,FIFI,1974,14,33,19740918,0,,HU,16.3N,81.7W,80,,,,,,,,,,,,,
AL,FIFI,1974,14,33,19740918,600,,HU,16.3N,82.4W,85,977,,,,,,,,,,,,
AL,FIFI,1974,14,33,19740918,1200,,HU,16.3N,83.5W,90,,,,,,,,,,,,,
AL,FIFI,1974,14,33,19740918,1800,,HU,16.3N,84.7W,95,,,,,,,,,,,,,
AL,FIFI,1974,14,33,19740919,0,,HU,16.2N,85.7W,95,,,,,,,,,,,,,
AL,FIFI,1974,14,33,19740919,600,,HU,16.1N,86.6W,95,,,,,,,,,,,,,
AL,FIFI,1974,14,33,19740919,1200,,HU,16.1N,87.5W,95,971,,,,,,,,,,,,
AL,FIFI,1974,14,33,19740919,1800,,HU,16.3N,88.2W,90,,,,,,,,,,,,,
AL,FIFI,1974,14,33,19740920,0,,TS,16.7N,89.2W,60,,,,,,,,,,,,,
AL,FIFI,1974,14,33,19740920,600,,TS,16.8N,90.5W,60,,,,,,,,,,,,,
AL,FIFI,1974,14,33,19740920,1200,,TS,16.9N,92.0W,45,,,,,,,,,,,,,
AL,FIFI,1974,14,33,19740920,1800,,TD,17.0N,93.5W,30,,,,,,,,,,,,,
AL,FIFI,1974,14,33,19740921,0,,TD,17.2N,95.0W,30,,,,,,,,,,,,,
AL,FIFI,1974,14,33,19740921,600,,TD,17.5N,97.1W,30,,,,,,,,,,,,,
AL,FIFI,1974,14,33,19740921,1200,,TD,17.5N,99.0W,30,,,,,,,,,,,,,
AL,FIFI,1974,14,33,19740921,1800,,TD,17.6N,99.8W,30,,,,,,,,,,,,,
AL,FIFI,1974,14,33,19740922,0,,TS,17.5N,101.0W,35,,,,,,,,,,,,,
AL,FIFI,1974,14,33,19740922,600,,TS,17.7N,102.5W,35,,,,,,,,,,,,,
AL,FIFI,1974,14,33,19740922,1200,,TS,17.7N,104.3W,35,,,,,,,,,,,,,
AL,UNNAMED,1974,15,10,19740918,1200,,TD,28.0N,58.0W,20,,,,,,,,,,,,,
AL,UNNAMED,1974,15,10,19740918,1800,,TD,28.6N,59.1W,25,,,,,,,,,,,,,
AL,UNNAMED,1974,15,10,19740919,0,,TD,29.3N,60.2W,25,,,,,,,,,,,,,
AL,UNNAMED,1974,15,10,19740919,600,,TD,29.9N,61.3W,25,,,,,,,,,,,,,
AL,UNNAMED,1974,15,10,19740919,1200,,TD,30.5N,62.5W,25,,,,,,,,,,,,,
AL,UNNAMED,1974,15,10,19740919,1800,,TD,31.3N,62.7W,25,,,,,,,,,,,,,
AL,UNNAMED,1974,15,10,19740920,0,,TD,32.2N,63.0W,25,,,,,,,,,,,,,
AL,UNNAMED,1974,15,10,19740920,600,,TD,33.1N,63.2W,20,,,,,,,,,,,,,
AL,UNNAMED,1974,15,10,19740920,1200,,TD,34.0N,63.5W,20,,,,,,,,,,,,,
AL,UNNAMED,1974,15,10,19740920,1800,,TD,34.0N,63.5W,20,,,,,,,,,,,,,
AL,UNNAMED,1974,16,17,19740923,1200,,TD,18.0N,84.0W,20,,,,,,,,,,,,,
AL,UNNAMED,1974,16,17,19740923,1800,,TD,18.8N,84.6W,25,,,,,,,,,,,,,
AL,UNNAMED,1974,16,17,19740924,0,,TD,19.5N,85.2W,30,,,,,,,,,,,,,
AL,UNNAMED,1974,16,17,19740924,600,,TD,20.2N,85.8W,30,,,,,,,,,,,,,
AL,UNNAMED,1974,16,17,19740924,1200,,TD,21.0N,86.5W,30,,,,,,,,,,,,,
AL,UNNAMED,1974,16,17,19740924,1800,,TD,21.6N,87.3W,30,,,,,,,,,,,,,
AL,UNNAMED,1974,16,17,19740925,0,,TD,22.3N,88.0W,30,,,,,,,,,,,,,
AL,UNNAMED,1974,16,17,19740925,600,,TD,22.9N,88.7W,30,,,,,,,,,,,,,
AL,UNNAMED,1974,16,17,19740925,1200,,TD,23.5N,89.5W,30,,,,,,,,,,,,,
AL,UNNAMED,1974,16,17,19740925,1800,,TD,24.2N,89.0W,30,,,,,,,,,,,,,
AL,UNNAMED,1974,16,17,19740926,0,,TD,25.0N,88.5W,30,,,,,,,,,,,,,
AL,UNNAMED,1974,16,17,19740926,600,,TD,25.7N,88.0W,30,,,,,,,,,,,,,
AL,UNNAMED,1974,16,17,19740926,1200,,TD,26.5N,87.5W,25,,,,,,,,,,,,,
AL,UNNAMED,1974,16,17,19740926,1800,,TD,27.1N,86.4W,25,,,,,,,,,,,,,
AL,UNNAMED,1974,16,17,19740927,0,,TD,27.8N,85.3W,25,,,,,,,,,,,,,
AL,UNNAMED,1974,16,17,19740927,600,,TD,28.4N,84.1W,25,,,,,,,,,,,,,
AL,UNNAMED,1974,16,17,19740927,1200,,TD,29.0N,83.0W,-99,,,,,,,,,,,,,
AL,GERTRUDE,1974,17,27,19740927,1200,,TD,10.7N,45.1W,30,,,,,,,,,,,,,
AL,GERTRUDE,1974,17,27,19740927,1800,,TD,10.7N,46.5W,30,,,,,,,,,,,,,
AL,GERTRUDE,1974,17,27,19740928,0,,TD,10.7N,47.9W,30,,,,,,,,,,,,,
AL,GERTRUDE,1974,17,27,19740928,600,,TD,10.6N,49.0W,30,,,,,,,,,,,,,
AL,GERTRUDE,1974,17,27,19740928,1200,,TD,10.6N,50.2W,30,,,,,,,,,,,,,
AL,GERTRUDE,1974,17,27,19740928,1800,,TS,10.8N,51.8W,45,1004,,,,,,,,,,,,
AL,GERTRUDE,1974,17,27,19740929,0,,HU,11.0N,53.0W,65,999,,,,,,,,,,,,
AL,GERTRUDE,1974,17,27,19740929,600,,HU,11.2N,54.0W,65,,,,,,,,,,,,,
AL,GERTRUDE,1974,17,27,19740929,1200,,HU,11.4N,55.0W,65,1000,,,,,,,,,,,,
AL,GERTRUDE,1974,17,27,19740929,1800,,HU,11.5N,55.4W,65,1001,,,,,,,,,,,,
AL,GERTRUDE,1974,17,27,19740930,0,,HU,11.7N,56.0W,65,1004,,,,,,,,,,,,
AL,GERTRUDE,1974,17,27,19740930,600,,HU,11.3N,56.4W,65,1005,,,,,,,,,,,,
AL,GERTRUDE,1974,17,27,19740930,1200,,HU,11.0N,56.6W,65,,,,,,,,,,,,,
AL,GERTRUDE,1974,17,27,19740930,1800,,TS,11.5N,56.5W,45,1008,,,,,,,,,,,,
AL,GERTRUDE,1974,17,27,19741001,0,,TS,11.9N,57.1W,45,,,,,,,,,,,,,
AL,GERTRUDE,1974,17,27,19741001,600,,TS,12.0N,57.7W,45,,,,,,,,,,,,,
AL,GERTRUDE,1974,17,27,19741001,1200,,TS,12.1N,58.3W,45,1009,,,,,,,,,,,,
AL,GERTRUDE,1974,17,27,19741001,1800,,TS,12.2N,58.9W,40,,,,,,,,,,,,,
AL,GERTRUDE,1974,17,27,19741002,0,,TS,12.4N,59.8W,40,,,,,,,,,,,,,
AL,GERTRUDE,1974,17,27,19741002,600,,TS,12.5N,60.5W,35,,,,,,,,,,,,,
AL,GERTRUDE,1974,17,27,19741002,1200,,TD,12.6N,61.5W,30,,,,,,,,,,,,,
AL,GERTRUDE,1974,17,27,19741002,1800,,TD,12.7N,62.4W,30,,,,,,,,,,,,,
AL,GERTRUDE,1974,17,27,19741003,0,,TD,12.7N,63.2W,30,,,,,,,,,,,,,
AL,GERTRUDE,1974,17,27,19741003,600,,TD,12.8N,64.1W,30,,,,,,,,,,,,,
AL,GERTRUDE,1974,17,27,19741003,1200,,TD,12.8N,65.0W,30,,,,,,,,,,,,,
AL,GERTRUDE,1974,17,27,19741003,1800,,TD,12.9N,66.0W,30,,,,,,,,,,,,,
AL,GERTRUDE,1974,17,27,19741004,0,,TD,13.0N,67.0W,30,,,,,,,,,,,,,
AL,UNNAMED,1974,18,21,19741004,0,,TD,21.0N,75.2W,30,1009,,,,,,,,,,,,
AL,UNNAMED,1974,18,21,19741004,600,,TD,21.2N,75.3W,30,,,,,,,,,,,,,
AL,UNNAMED,1974,18,21,19741004,1200,,TD,21.4N,75.4W,30,,,,,,,,,,,,,
AL,UNNAMED,1974,18,21,19741004,1800,,TD,21.6N,75.5W,30,,,,,,,,,,,,,
AL,UNNAMED,1974,18,21,19741005,0,,TD,21.8N,75.6W,30,1008,,,,,,,,,,,,
AL,UNNAMED,1974,18,21,19741005,600,,TD,22.0N,75.8W,30,,,,,,,,,,,,,
AL,UNNAMED,1974,18,21,19741005,1200,,SD,22.4N,76.1W,30,,,,,,,,,,,,,
AL,UNNAMED,1974,18,21,19741005,1800,,SD,23.1N,76.5W,30,,,,,,,,,,,,,
AL,UNNAMED,1974,18,21,19741006,0,,SS,23.8N,77.0W,40,,,,,,,,,,,,,
AL,UNNAMED,1974,18,21,19741006,600,,SS,24.4N,77.8W,40,,,,,,,,,,,,,
AL,UNNAMED,1974,18,21,19741006,1200,,SS,25.0N,78.7W,40,1006,,,,,,,,,,,,
AL,UNNAMED,1974,18,21,19741006,1800,,SS,25.8N,79.3W,40,,,,,,,,,,,,,
AL,UNNAMED,1974,18,21,19741007,0,,SS,26.8N,79.8W,45,,,,,,,,,,,,,
AL,UNNAMED,1974,18,21,19741007,600,,SS,28.0N,80.0W,40,,,,,,,,,,,,,
AL,UNNAMED,1974,18,21,19741007,1200,,SS,29.3N,79.7W,40,,,,,,,,,,,,,
AL,UNNAMED,1974,18,21,19741007,1800,,SS,30.7N,78.8W,40,,,,,,,,,,,,,
AL,UNNAMED,1974,18,21,19741008,0,,SS,32.0N,77.0W,35,1008,,,,,,,,,,,,
AL,UNNAMED,1974,18,21,19741008,600,,SS,33.1N,74.5W,35,,,,,,,,,,,,,
AL,UNNAMED,1974,18,21,19741008,1200,,EX,34.2N,71.2W,30,,,,,,,,,,,,,
AL,UNNAMED,1974,18,21,19741008,1800,,EX,35.5N,67.4W,30,,,,,,,,,,,,,
AL,UNNAMED,1974,18,21,19741009,0,,EX,37.0N,63.0W,25,,,,,,,,,,,,,
AL,UNNAMED,1974,19,13,19741030,1200,,TD,23.5N,59.5W,25,,,,,,,,,,,,,
AL,UNNAMED,1974,19,13,19741030,1800,,TD,24.6N,59.0W,25,,,,,,,,,,,,,
AL,UNNAMED,1974,19,13,19741031,0,,TD,25.7N,58.5W,25,,,,,,,,,,,,,
AL,UNNAMED,1974,19,13,19741031,600,,TD,26.9N,58.0W,25,,,,,,,,,,,,,
AL,UNNAMED,1974,19,13,19741031,1200,,TD,28.0N,57.5W,25,,,,,,,,,,,,,
AL,UNNAMED,1974,19,13,19741031,1800,,TD,29.0N,56.6W,25,,,,,,,,,,,,,
AL,UNNAMED,1974,19,13,19741101,0,,TD,30.0N,55.7W,25,,,,,,,,,,,,,
AL,UNNAMED,1974,19,13,19741101,600,,TD,31.0N,54.8W,25,,,,,,,,,,,,,
AL,UNNAMED,1974,19,13,19741101,1200,,TD,32.0N,54.0W,25,,,,,,,,,,,,,
AL,UNNAMED,1974,19,13,19741101,1800,,TD,32.5N,52.5W,20,,,,,,,,,,,,,
AL,UNNAMED,1974,19,13,19741102,0,,TD,33.0N,51.0W,20,,,,,,,,,,,,,
AL,UNNAMED,1974,19,13,19741102,600,,TD,33.5N,49.5W,20,,,,,,,,,,,,,
AL,UNNAMED,1974,19,13,19741102,1200,,TD,34.0N,48.0W,20,,,,,,,,,,,,,
AL,UNNAMED,1974,20,9,19741110,1200,,TD,21.0N,69.0W,20,,,,,,,,,,,,,
AL,UNNAMED,1974,20,9,19741110,1800,,TD,21.4N,69.1W,25,,,,,,,,,,,,,
AL,UNNAMED,1974,20,9,19741111,0,,TD,21.8N,69.2W,25,,,,,,,,,,,,,
AL,UNNAMED,1974,20,9,19741111,600,,TD,22.2N,69.3W,25,,,,,,,,,,,,,
AL,UNNAMED,1974,20,9,19741111,1200,,TD,22.5N,69.5W,25,,,,,,,,,,,,,
AL,UNNAMED,1974,20,9,19741111,1800,,TD,22.8N,69.7W,25,,,,,,,,,,,,,
AL,UNNAMED,1974,20,9,19741112,0,,TD,23.2N,69.8W,20,,,,,,,,,,,,,
AL,UNNAMED,1974,20,9,19741112,600,,TD,23.6N,69.9W,20,,,,,,,,,,,,,
AL,UNNAMED,1974,20,9,19741112,1200,,TD,24.0N,70.0W,20,,,,,,,,,,,,,
AL,UNNAMED,1975,1,21,19750624,1200,,TD,32.5N,52.0W,20,,,,,,,,,,,,,
AL,UNNAMED,1975,1,21,19750624,1800,,TD,32.6N,52.6W,25,,,,,,,,,,,,,
AL,UNNAMED,1975,1,21,19750625,0,,TD,32.7N,53.2W,25,,,,,,,,,,,,,
AL,UNNAMED,1975,1,21,19750625,600,,TD,32.8N,53.2W,25,,,,,,,,,,,,,
AL,UNNAMED,1975,1,21,19750625,1200,,TD,33.0N,54.5W,25,,,,,,,,,,,,,
AL,UNNAMED,1975,1,21,19750625,1800,,TD,33.0N,55.1W,30,,,,,,,,,,,,,
AL,UNNAMED,1975,1,21,19750626,0,,TD,33.0N,55.7W,30,,,,,,,,,,,,,
AL,UNNAMED,1975,1,21,19750626,600,,TD,33.0N,56.3W,30,,,,,,,,,,,,,
AL,UNNAMED,1975,1,21,19750626,1200,,TD,33.0N,57.0W,30,,,,,,,,,,,,,
AL,UNNAMED,1975,1,21,19750626,1800,,TD,32.6N,57.4W,30,,,,,,,,,,,,,
AL,UNNAMED,1975,1,21,19750627,0,,TD,32.2N,57.8W,25,,,,,,,,,,,,,
AL,UNNAMED,1975,1,21,19750627,600,,TD,31.9N,58.1W,25,,,,,,,,,,,,,
AL,UNNAMED,1975,1,21,19750627,1200,,TD,31.5N,58.5W,25,,,,,,,,,,,,,
AL,UNNAMED,1975,1,21,19750627,1800,,TD,32.5N,57.8W,25,,,,,,,,,,,,,
AL,UNNAMED,1975,1,21,19750628,0,,TD,33.5N,57.0W,25,,,,,,,,,,,,,
AL,UNNAMED,1975,1,21,19750628,600,,TD,34.5N,56.3W,30,,,,,,,,,,,,,
AL,UNNAMED,1975,1,21,19750628,1200,,TD,35.5N,55.5W,30,,,,,,,,,,,,,
AL,UNNAMED,1975,1,21,19750628,1800,,TD,36.7N,55.8W,30,,,,,,,,,,,,,
AL,UNNAMED,1975,1,21,19750629,0,,TD,37.8N,56.2W,25,,,,,,,,,,,,,
AL,UNNAMED,1975,1,21,19750629,600,,TD,38.9N,56.6W,25,,,,,,,,,,,,,
AL,UNNAMED,1975,1,21,19750629,1200,,TD,40.0N,57.0W,20,,,,,,,,,,,,,
AL,AMY,1975,2,31,19750627,0,,TD,27.5N,79.0W,25,1013,,,,,,,,,,,,
AL,AMY,1975,2,31,19750627,600,,TD,28.5N,79.0W,25,1013,,,,,,,,,,,,
AL,AMY,1975,2,31,19750627,1200,,TD,29.5N,79.0W,25,1013,,,,,,,,,,,,
AL,AMY,1975,2,31,19750627,1800,,TD,30.5N,79.0W,25,1013,,,,,,,,,,,,
AL,AMY,1975,2,31,19750628,0,,TD,31.5N,78.8W,25,1012,,,,,,,,,,,,
AL,AMY,1975,2,31,19750628,600,,TD,32.4N,78.7W,25,1012,,,,,,,,,,,,
AL,AMY,1975,2,31,19750628,1200,,TD,33.3N,78.0W,25,1011,,,,,,,,,,,,
AL,AMY,1975,2,31,19750628,1800,,TD,34.0N,77.0W,30,1006,,,,,,,,,,,,
AL,AMY,1975,2,31,19750629,0,,TS,34.4N,75.8W,35,1004,,,,,,,,,,,,
AL,AMY,1975,2,31,19750629,600,,TS,34.0N,74.8W,40,1002,,,,,,,,,,,,
AL,AMY,1975,2,31,19750629,1200,,TS,33.8N,73.8W,45,1000,,,,,,,,,,,,
AL,AMY,1975,2,31,19750629,1800,,TS,33.8N,72.8W,50,998,,,,,,,,,,,,
AL,AMY,1975,2,31,19750630,0,,TS,34.3N,71.6W,50,998,,,,,,,,,,,,
AL,AMY,1975,2,31,19750630,600,,TS,35.6N,70.8W,55,998,,,,,,,,,,,,
AL,AMY,1975,2,31,19750630,1200,,TS,35.9N,70.5W,60,987,,,,,,,,,,,,
AL,AMY,1975,2,31,19750630,1800,,TS,36.2N,70.2W,60,987,,,,,,,,,,,,
AL,AMY,1975,2,31,19750701,0,,TS,36.2N,69.8W,60,984,,,,,,,,,,,,
AL,AMY,1975,2,31,19750701,600,,TS,36.2N,69.4W,60,984,,,,,,,,,,,,
AL,AMY,1975,2,31,19750701,1200,,TS,36.2N,68.3W,60,984,,,,,,,,,,,,
AL,AMY,1975,2,31,19750701,1800,,TS,36.7N,67.2W,60,984,,,,,,,,,,,,
AL,AMY,1975,2,31,19750702,0,,TS,37.4N,66.7W,60,984,,,,,,,,,,,,
AL,AMY,1975,2,31,19750702,600,,TS,37.3N,65.9W,60,984,,,,,,,,,,,,
AL,AMY,1975,2,31,19750702,1200,,TS,37.3N,65.1W,60,981,,,,,,,,,,,,
AL,AMY,1975,2,31,19750702,1800,,TS,37.3N,64.1W,60,986,,,,,,,,,,,,
AL,AMY,1975,2,31,19750703,0,,TS,37.7N,62.8W,55,986,,,,,,,,,,,,
AL,AMY,1975,2,31,19750703,600,,TS,38.2N,61.2W,55,986,,,,,,,,,,,,
AL,AMY,1975,2,31,19750703,1200,,TS,39.3N,59.6W,55,986,,,,,,,,,,,,
AL,AMY,1975,2,31,19750703,1800,,TS,40.5N,58.0W,50,986,,,,,,,,,,,,
AL,AMY,1975,2,31,19750704,0,,TS,42.5N,54.8W,50,986,,,,,,,,,,,,
AL,AMY,1975,2,31,19750704,600,,TS,44.5N,51.6W,50,986,,,,,,,,,,,,
AL,AMY,1975,2,31,19750704,1200,,EX,47.0N,48.0W,45,995,,,,,,,,,,,,
AL,UNNAMED,1975,3,5,19750704,1200,,TD,30.0N,73.0W,25,,,,,,,,,,,,,
AL,UNNAMED,1975,3,5,19750704,1800,,TD,31.1N,71.9W,25,,,,,,,,,,,,,
AL,UNNAMED,1975,3,5,19750705,0,,TD,32.2N,70.8W,25,,,,,,,,,,,,,
AL,UNNAMED,1975,3,5,19750705,600,,TD,33.3N,69.6W,25,,,,,,,,,,,,,
AL,UNNAMED,1975,3,5,19750705,1200,,TD,34.5N,68.5W,20,,,,,,,,,,,,,
AL,BLANCHE,1975,4,20,19750724,0,,TD,26.0N,68.4W,20,1014,,,,,,,,,,,,
AL,BLANCHE,1975,4,20,19750724,600,,TD,26.0N,69.5W,20,1014,,,,,,,,,,,,
AL,BLANCHE,1975,4,20,19750724,1200,,TD,26.1N,70.5W,25,1014,,,,,,,,,,,,
AL,BLANCHE,1975,4,20,19750724,1800,,TD,26.5N,71.5W,30,1013,,,,,,,,,,,,
AL,BLANCHE,1975,4,20,19750725,0,,TD,27.2N,72.5W,30,1012,,,,,,,,,,,,
AL,BLANCHE,1975,4,20,19750725,600,,TD,28.0N,73.6W,30,1010,,,,,,,,,,,,
AL,BLANCHE,1975,4,20,19750725,1200,,TD,28.9N,74.3W,30,1007,,,,,,,,,,,,
AL,BLANCHE,1975,4,20,19750725,1800,,TD,29.9N,74.9W,30,1006,,,,,,,,,,,,
AL,BLANCHE,1975,4,20,19750726,0,,TD,31.0N,75.0W,30,1005,,,,,,,,,,,,
AL,BLANCHE,1975,4,20,19750726,600,,TS,32.2N,74.6W,35,1004,,,,,,,,,,,,
AL,BLANCHE,1975,4,20,19750726,1200,,TS,33.4N,73.5W,35,1003,,,,,,,,,,,,
AL,BLANCHE,1975,4,20,19750726,1800,,TS,34.2N,72.2W,50,998,,,,,,,,,,,,
AL,BLANCHE,1975,4,20,19750727,0,,TS,35.0N,71.0W,60,992,,,,,,,,,,,,
AL,BLANCHE,1975,4,20,19750727,600,,HU,35.9N,70.0W,65,987,,,,,,,,,,,,
AL,BLANCHE,1975,4,20,19750727,1200,,HU,36.9N,69.0W,70,984,,,,,,,,,,,,
AL,BLANCHE,1975,4,20,19750727,1800,,HU,37.9N,68.0W,75,981,,,,,,,,,,,,
AL,BLANCHE,1975,4,20,19750728,0,,HU,39.3N,67.2W,75,980,,,,,,,,,,,,
AL,BLANCHE,1975,4,20,19750728,600,,HU,41.2N,66.4W,70,980,,,,,,,,,,,,
AL,BLANCHE,1975,4,20,19750728,1200,,EX,44.0N,65.2W,60,988,,,,,,,,,,,,
AL,BLANCHE,1975,4,20,19750728,1800,,EX,47.2N,62.4W,60,992,,,,,,,,,,,,
AL,UNNAMED,1975,5,7,19750725,600,,TD,21.0N,92.5W,20,,,,,,,,,,,,,
AL,UNNAMED,1975,5,7,19750725,1200,,TD,21.0N,93.0W,25,,,,,,,,,,,,,
AL,UNNAMED,1975,5,7,19750725,1800,,TD,21.1N,93.5W,25,,,,,,,,,,,,,
AL,UNNAMED,1975,5,7,19750726,0,,TD,21.2N,93.5W,25,,,,,,,,,,,,,
AL,UNNAMED,1975,5,7,19750726,600,,TD,21.3N,95.5W,25,,,,,,,,,,,,,
AL,UNNAMED,1975,5,7,19750726,1200,,TD,21.5N,97.0W,25,,,,,,,,,,,,,
AL,UNNAMED,1975,5,7,19750726,1800,,TD,21.7N,98.5W,-99,,,,,,,,,,,,,
AL,UNNAMED,1975,6,9,19750728,1200,,TD,29.0N,86.0W,20,,,,,,,,,,,,,
AL,UNNAMED,1975,6,9,19750728,1800,,TD,29.1N,86.8W,25,,,,,,,,,,,,,
AL,UNNAMED,1975,6,9,19750729,0,,TD,29.2N,87.5W,30,,,,,,,,,,,,,
AL,UNNAMED,1975,6,9,19750729,600,,TD,29.3N,88.3W,30,,,,,,,,,,,,,
AL,UNNAMED,1975,6,9,19750729,1200,,TD,29.5N,89.0W,30,,,,,,,,,,,,,
AL,UNNAMED,1975,6,9,19750729,1800,,TD,29.8N,89.5W,25,,,,,,,,,,,,,
AL,UNNAMED,1975,6,9,19750730,0,,TD,30.2N,90.0W,25,,,,,,,,,,,,,
AL,UNNAMED,1975,6,9,19750730,600,,TD,30.6N,90.5W,25,,,,,,,,,,,,,
AL,UNNAMED,1975,6,9,19750730,1200,,TD,31.0N,91.0W,-99,,,,,,,,,,,,,
AL,CAROLINE,1975,7,33,19750824,1200,,TD,22.4N,69.8W,25,1011,,,,,,,,,,,,
AL,CAROLINE,1975,7,33,19750824,1800,,TD,21.9N,71.1W,25,1011,,,,,,,,,,,,
AL,CAROLINE,1975,7,33,19750825,0,,TD,21.6N,72.5W,25,1010,,,,,,,,,,,,
AL,CAROLINE,1975,7,33,19750825,600,,TD,21.2N,73.8W,25,1010,,,,,,,,,,,,
AL,CAROLINE,1975,7,33,19750825,1200,,TD,20.9N,75.1W,25,1011,,,,,,,,,,,,
AL,CAROLINE,1975,7,33,19750825,1800,,TD,20.6N,76.4W,25,1011,,,,,,,,,,,,
AL,CAROLINE,1975,7,33,19750826,0,,TD,20.4N,77.7W,25,1011,,,,,,,,,,,,
AL,CAROLINE,1975,7,33,19750826,600,,TD,20.3N,79.0W,25,1011,,,,,,,,,,,,
AL,CAROLINE,1975,7,33,19750826,1200,,TD,20.2N,80.3W,25,1012,,,,,,,,,,,,
AL,CAROLINE,1975,7,33,19750826,1800,,TD,20.2N,81.6W,25,1012,,,,,,,,,,,,
AL,CAROLINE,1975,7,33,19750827,0,,TD,20.4N,82.8W,25,1013,,,,,,,,,,,,
AL,CAROLINE,1975,7,33,19750827,600,,TD,20.8N,84.0W,25,1013,,,,,,,,,,,,
AL,CAROLINE,1975,7,33,19750827,1200,,TD,21.1N,85.1W,25,1014,,,,,,,,,,,,
AL,CAROLINE,1975,7,33,19750827,1800,,TD,21.5N,86.3W,25,1014,,,,,,,,,,,,
AL,CAROLINE,1975,7,33,19750828,0,,TD,22.0N,87.5W,25,1014,,,,,,,,,,,,
AL,CAROLINE,1975,7,33,19750828,600,,TD,22.4N,88.8W,25,1014,,,,,,,,,,,,
AL,CAROLINE,1975,7,33,19750828,1200,,TD,22.8N,90.1W,25,1013,,,,,,,,,,,,
AL,CAROLINE,1975,7,33,19750828,1800,,TD,22.9N,91.0W,25,1010,,,,,,,,,,,,
AL,CAROLINE,1975,7,33,19750829,0,,TD,23.0N,91.9W,30,1007,,,,,,,,,,,,
AL,CAROLINE,1975,7,33,19750829,600,,TS,23.1N,92.6W,35,1003,,,,,,,,,,,,
AL,CAROLINE,1975,7,33,19750829,1200,,TS,23.2N,93.2W,40,999,,,,,,,,,,,,
AL,CAROLINE,1975,7,33,19750829,1800,,TS,23.2N,93.6W,50,994,,,,,,,,,,,,
AL,CAROLINE,1975,7,33,19750830,0,,HU,23.3N,94.2W,65,990,,,,,,,,,,,,
AL,CAROLINE,1975,7,33,19750830,600,,HU,23.5N,94.9W,65,990,,,,,,,,,,,,
AL,CAROLINE,1975,7,33,19750830,1200,,HU,23.7N,95.6W,65,989,,,,,,,,,,,,
AL,CAROLINE,1975,7,33,19750830,1800,,HU,23.8N,96.3W,70,987,,,,,,,,,,,,
AL,CAROLINE,1975,7,33,19750831,0,,HU,24.0N,97.0W,100,973,,,,,,,,,,,,
AL,CAROLINE,1975,7,33,19750831,600,,HU,24.1N,97.5W,100,963,,,,,,,,,,,,
AL,CAROLINE,1975,7,33,19750831,1200,,HU,24.3N,97.8W,90,963,,,,,,,,,,,,
AL,CAROLINE,1975,7,33,19750831,1800,,TS,24.8N,98.0W,55,993,,,,,,,,,,,,
AL,CAROLINE,1975,7,33,19750901,0,,TD,25.1N,98.3W,30,1000,,,,,,,,,,,,
AL,CAROLINE,1975,7,33,19750901,600,,TD,25.2N,98.7W,20,1002,,,,,,,,,,,,
AL,CAROLINE,1975,7,33,19750901,1200,,TD,25.3N,99.0W,20,1002,,,,,,,,,,,,
AL,DORIS,1975,8,29,19750828,1200,,SS,33.3N,46.3W,35,1005,,,,,,,,,,,,
AL,DORIS,1975,8,29,19750828,1800,,SS,33.6N,47.5W,40,1005,,,,,,,,,,,,
AL,DORIS,1975,8,29,19750829,0,,SS,34.5N,48.1W,40,1005,,,,,,,,,,,,
AL,DORIS,1975,8,29,19750829,600,,SS,34.7N,48.5W,45,1005,,,,,,,,,,,,
AL,DORIS,1975,8,29,19750829,1200,,TS,34.9N,48.9W,45,1005,,,,,,,,,,,,
AL,DORIS,1975,8,29,19750829,1800,,TS,35.2N,49.1W,50,1000,,,,,,,,,,,,
AL,DORIS,1975,8,29,19750830,0,,TS,35.3N,48.9W,55,997,,,,,,,,,,,,
AL,DORIS,1975,8,29,19750830,600,,TS,35.3N,48.5W,55,997,,,,,,,,,,,,
AL,DORIS,1975,8,29,19750830,1200,,TS,35.3N,48.0W,55,997,,,,,,,,,,,,
AL,DORIS,1975,8,29,19750830,1800,,TS,35.0N,47.1W,55,997,,,,,,,,,,,,
AL,DORIS,1975,8,29,19750831,0,,HU,34.9N,46.3W,65,990,,,,,,,,,,,,
AL,DORIS,1975,8,29,19750831,600,,HU,34.8N,45.7W,65,990,,,,,,,,,,,,
AL,DORIS,1975,8,29,19750831,1200,,HU,34.7N,45.2W,70,990,,,,,,,,,,,,
AL,DORIS,1975,8,29,19750831,1800,,HU,34.6N,44.9W,70,990,,,,,,,,,,,,
AL,DORIS,1975,8,29,19750901,0,,HU,34.5N,44.6W,75,984,,,,,,,,,,,,
AL,DORIS,1975,8,29,19750901,600,,HU,34.6N,44.2W,75,984,,,,,,,,,,,,
AL,DORIS,1975,8,29,19750901,1200,,HU,34.9N,44.0W,75,984,,,,,,,,,,,,
AL,DORIS,1975,8,29,19750901,1800,,HU,35.4N,44.0W,75,984,,,,,,,,,,,,
AL,DORIS,1975,8,29,19750902,0,,HU,35.8N,44.4W,90,970,,,,,,,,,,,,
AL,DORIS,1975,8,29,19750902,600,,HU,36.4N,44.5W,95,965,,,,,,,,,,,,
AL,DORIS,1975,8,29,19750902,1200,,HU,37.0N,44.3W,95,965,,,,,,,,,,,,
AL,DORIS,1975,8,29,19750902,1800,,HU,37.7N,44.2W,95,965,,,,,,,,,,,,
AL,DORIS,1975,8,29,19750903,0,,HU,38.4N,43.8W,95,965,,,,,,,,,,,,
AL,DORIS,1975,8,29,19750903,600,,HU,39.7N,43.6W,95,965,,,,,,,,,,,,
AL,DORIS,1975,8,29,19750903,1200,,HU,41.1N,43.0W,95,965,,,,,,,,,,,,
AL,DORIS,1975,8,29,19750903,1800,,HU,42.0N,42.5W,90,970,,,,,,,,,,,,
AL,DORIS,1975,8,29,19750904,0,,TS,42.8N,42.0W,60,995,,,,,,,,,,,,
AL,DORIS,1975,8,29,19750904,600,,EX,43.2N,41.4W,45,1005,,,,,,,,,,,,
AL,DORIS,1975,8,29,19750904,1200,,EX,43.5N,40.7W,45,1005,,,,,,,,,,,,
AL,UNNAMED,1975,9,24,19750903,1200,,TD,13.5N,24.0W,20,,,,,,,,,,,,,
AL,UNNAMED,1975,9,24,19750903,1800,,TD,13.8N,25.2W,25,,,,,,,,,,,,,
AL,UNNAMED,1975,9,24,19750904,0,,TD,14.2N,26.5W,25,,,,,,,,,,,,,
AL,UNNAMED,1975,9,24,19750904,600,,TD,14.6N,27.8W,30,,,,,,,,,,,,,
AL,UNNAMED,1975,9,24,19750904,1200,,TD,15.0N,29.0W,30,,,,,,,,,,,,,
AL,UNNAMED,1975,9,24,19750904,1800,,TD,15.4N,30.2W,30,,,,,,,,,,,,,
AL,UNNAMED,1975,9,24,19750905,0,,TD,15.8N,31.5W,30,,,,,,,,,,,,,
AL,UNNAMED,1975,9,24,19750905,600,,TD,16.2N,32.8W,30,,,,,,,,,,,,,
AL,UNNAMED,1975,9,24,19750905,1200,,TD,16.5N,34.0W,30,,,,,,,,,,,,,
AL,UNNAMED,1975,9,24,19750905,1800,,TD,16.7N,35.5W,30,,,,,,,,,,,,,
AL,UNNAMED,1975,9,24,19750906,0,,TD,16.8N,37.0W,30,,,,,,,,,,,,,
AL,UNNAMED,1975,9,24,19750906,600,,TD,16.9N,38.5W,30,,,,,,,,,,,,,
AL,UNNAMED,1975,9,24,19750906,1200,,TD,17.0N,40.0W,30,,,,,,,,,,,,,
AL,UNNAMED,1975,9,24,19750906,1800,,TD,16.9N,41.5W,30,,,,,,,,,,,,,
AL,UNNAMED,1975,9,24,19750907,0,,TD,16.7N,43.0W,30,,,,,,,,,,,,,
AL,UNNAMED,1975,9,24,19750907,600,,TD,16.6N,44.5W,30,,,,,,,,,,,,,
AL,UNNAMED,1975,9,24,19750907,1200,,TD,16.5N,46.0W,30,,,,,,,,,,,,,
AL,UNNAMED,1975,9,24,19750907,1800,,TD,16.2N,47.6W,30,,,,,,,,,,,,,
AL,UNNAMED,1975,9,24,19750908,0,,TD,16.0N,49.8W,25,,,,,,,,,,,,,
AL,UNNAMED,1975,9,24,19750908,600,,TD,15.7N,51.6W,25,,,,,,,,,,,,,
AL,UNNAMED,1975,9,24,19750908,1200,,TD,15.5N,53.5W,25,,,,,,,,,,,,,
AL,UNNAMED,1975,9,24,19750908,1800,,TD,15.5N,54.0W,25,,,,,,,,,,,,,
AL,UNNAMED,1975,9,24,19750909,0,,TD,15.5N,56.5W,20,,,,,,,,,,,,,
AL,UNNAMED,1975,9,24,19750909,600,,TD,15.5N,58.0W,20,,,,,,,,,,,,,
AL,UNNAMED,1975,10,13,19750903,1200,,TD,11.5N,17.5W,20,,,,,,,,,,,,,
AL,UNNAMED,1975,10,13,19750903,1800,,TD,11.5N,18.5W,25,,,,,,,,,,,,,
AL,UNNAMED,1975,10,13,19750904,0,,TD,11.5N,19.5W,25,,,,,,,,,,,,,
AL,UNNAMED,1975,10,13,19750904,600,,TD,11.5N,20.5W,25,,,,,,,,,,,,,
AL,UNNAMED,1975,10,13,19750904,1200,,TD,11.5N,21.5W,30,,,,,,,,,,,,,
AL,UNNAMED,1975,10,13,19750904,1800,,TD,11.6N,22.4W,30,,,,,,,,,,,,,
AL,UNNAMED,1975,10,13,19750905,0,,TD,11.7N,23.3W,30,,,,,,,,,,,,,
AL,UNNAMED,1975,10,13,19750905,600,,TD,11.8N,24.1W,30,,,,,,,,,,,,,
AL,UNNAMED,1975,10,13,19750905,1200,,TD,12.0N,25.0W,25,,,,,,,,,,,,,
AL,UNNAMED,1975,10,13,19750905,1800,,TD,12.1N,25.8W,25,,,,,,,,,,,,,
AL,UNNAMED,1975,10,13,19750906,0,,TD,12.2N,26.5W,25,,,,,,,,,,,,,
AL,UNNAMED,1975,10,13,19750906,600,,TD,12.3N,27.2W,20,,,,,,,,,,,,,
AL,UNNAMED,1975,10,13,19750906,1200,,TD,12.5N,28.0W,20,,,,,,,,,,,,,
AL,UNNAMED,1975,11,6,19750906,1200,,TD,21.5N,95.0W,20,,,,,,,,,,,,,
AL,UNNAMED,1975,11,6,19750906,1800,,TD,21.5N,95.4W,25,,,,,,,,,,,,,
AL,UNNAMED,1975,11,6,19750907,0,,TD,21.6N,95.8W,25,,,,,,,,,,,,,
AL,UNNAMED,1975,11,6,19750907,600,,TD,21.7N,96.4W,25,,,,,,,,,,,,,
AL,UNNAMED,1975,11,6,19750907,1200,,TD,21.8N,97.0W,25,,,,,,,,,,,,,
AL,UNNAMED,1975,11,6,19750907,1800,,TD,22.0N,98.0W,-99,,,,,,,,,,,,,
AL,UNNAMED,1975,12,14,19750911,1200,,TD,32.0N,62.0W,20,,,,,,,,,,,,,
AL,UNNAMED,1975,12,14,19750911,1800,,TD,32.1N,61.6W,25,,,,,,,,,,,,,
AL,UNNAMED,1975,12,14,19750912,0,,TD,32.2N,61.2W,25,,,,,,,,,,,,,
AL,UNNAMED,1975,12,14,19750912,600,,TD,32.3N,61.3W,30,,,,,,,,,,,,,
AL,UNNAMED,1975,12,14,19750912,1200,,TD,32.5N,60.5W,30,,,,,,,,,,,,,
AL,UNNAMED,1975,12,14,19750912,1800,,TD,32.4N,60.0W,30,,,,,,,,,,,,,
AL,UNNAMED,1975,12,14,19750913,0,,TD,32.3N,59.5W,30,,,,,,,,,,,,,
AL,UNNAMED,1975,12,14,19750913,600,,TD,32.2N,58.0W,30,,,,,,,,,,,,,
AL,UNNAMED,1975,12,14,19750913,1200,,TD,36.0N,58.5W,30,,,,,,,,,,,,,
AL,UNNAMED,1975,12,14,19750913,1800,,TD,36.8N,56.9W,30,,,,,,,,,,,,,
AL,UNNAMED,1975,12,14,19750914,0,,TD,37.5N,55.2W,30,,,,,,,,,,,,,
AL,UNNAMED,1975,12,14,19750914,600,,TD,38.2N,53.8W,25,,,,,,,,,,,,,
AL,UNNAMED,1975,12,14,19750914,1200,,TD,39.0N,52.0W,25,,,,,,,,,,,,,
AL,UNNAMED,1975,12,14,19750914,1800,,TD,40.0N,54.0W,20,,,,,,,,,,,,,
AL,ELOISE,1975,13,47,19750913,600,,TD,17.5N,54.1W,25,,,,,,,,,,,,,
AL,ELOISE,1975,13,47,19750913,1200,,TD,17.6N,55.2W,25,1009,,,,,,,,,,,,
AL,ELOISE,1975,13,47,19750913,1800,,TD,17.7N,56.3W,25,1009,,,,,,,,,,,,
AL,ELOISE,1975,13,47,19750914,0,,TD,17.8N,57.3W,25,1009,,,,,,,,,,,,
AL,ELOISE,1975,13,47,19750914,600,,TD,17.9N,58.3W,25,1009,,,,,,,,,,,,
AL,ELOISE,1975,13,47,19750914,1200,,TD,18.0N,59.4W,25,1009,,,,,,,,,,,,
AL,ELOISE,1975,13,47,19750914,1800,,TD,18.1N,60.5W,25,1009,,,,,,,,,,,,
AL,ELOISE,1975,13,47,19750915,0,,TD,18.3N,61.7W,25,1009,,,,,,,,,,,,
AL,ELOISE,1975,13,47,19750915,600,,TD,18.5N,62.8W,25,1009,,,,,,,,,,,,
AL,ELOISE,1975,13,47,19750915,1200,,TD,18.8N,63.8W,30,1007,,,,,,,,,,,,
AL,ELOISE,1975,13,47,19750915,1800,,TD,18.9N,64.8W,30,1007,,,,,,,,,,,,
AL,ELOISE,1975,13,47,19750916,0,,TS,19.0N,65.6W,35,1007,,,,,,,,,,,,
AL,ELOISE,1975,13,47,19750916,600,,TS,19.2N,66.7W,45,1007,,,,,,,,,,,,
AL,ELOISE,1975,13,47,19750916,1200,,TS,19.4N,67.5W,55,1002,,,,,,,,,,,,
AL,ELOISE,1975,13,47,19750916,1800,,HU,19.5N,68.4W,65,1002,,,,,,,,,,,,
AL,ELOISE,1975,13,47,19750917,0,,HU,19.6N,69.2W,65,997,,,,,,,,,,,,
AL,ELOISE,1975,13,47,19750917,600,,TS,19.7N,70.2W,60,1000,,,,,,,,,,,,
AL,ELOISE,1975,13,47,19750917,1200,,TS,19.7N,71.2W,55,1000,,,,,,,,,,,,
AL,ELOISE,1975,13,47,19750917,1800,,TS,19.8N,72.2W,50,1000,,,,,,,,,,,,
AL,ELOISE,1975,13,47,19750918,0,,TS,19.9N,73.3W,45,1000,,,,,,,,,,,,
AL,ELOISE,1975,13,47,19750918,600,,TS,19.9N,74.5W,45,1000,,,,,,,,,,,,
AL,ELOISE,1975,13,47,19750918,1200,,TS,19.9N,75.7W,40,1000,,,,,,,,,,,,
AL,ELOISE,1975,13,47,19750918,1800,,TS,20.0N,77.0W,40,1000,,,,,,,,,,,,
AL,ELOISE,1975,13,47,19750919,0,,TS,20.0N,78.2W,35,1000,,,,,,,,,,,,
AL,ELOISE,1975,13,47,19750919,600,,TS,19.9N,79.1W,35,1000,,,,,,,,,,,,
AL,ELOISE,1975,13,47,19750919,1200,,TS,19.9N,79.8W,35,1000,,,,,,,,,,,,
AL,ELOISE,1975,13,47,19750919,1800,,TS,19.8N,81.0W,35,1000,,,,,,,,,,,,
AL,ELOISE,1975,13,47,19750920,0,,TS,19.8N,82.2W,35,1000,,,,,,,,,,,,
AL,ELOISE,1975,13,47,19750920,600,,TS,19.8N,83.4W,35,1000,,,,,,,,,,,,
AL,ELOISE,1975,13,47,19750920,1200,,TS,19.9N,84.6W,35,1006,,,,,,,,,,,,
AL,ELOISE,1975,13,47,19750920,1800,,TS,20.0N,85.5W,35,1006,,,,,,,,,,,,
AL,ELOISE,1975,13,47,19750921,0,,TS,20.2N,86.4W,40,1001,,,,,,,,,,,,
AL,ELOISE,1975,13,47,19750921,600,,TS,20.8N,87.1W,45,1001,,,,,,,,,,,,
AL,ELOISE,1975,13,47,19750921,1200,,TS,21.4N,87.8W,50,1001,,,,,,,,,,,,
AL,ELOISE,1975,13,47,19750921,1800,,TS,22.4N,88.5W,55,995,,,,,,,,,,,,
AL,ELOISE,1975,13,47,19750922,0,,TS,23.6N,88.9W,60,995,,,,,,,,,,,,
AL,ELOISE,1975,13,47,19750922,600,,HU,24.8N,89.4W,65,993,,,,,,,,,,,,
AL,ELOISE,1975,13,47,19750922,1200,,HU,25.8N,89.5W,75,986,,,,,,,,,,,,
AL,ELOISE,1975,13,47,19750922,1800,,HU,26.5N,89.4W,85,980,,,,,,,,,,,,
AL,ELOISE,1975,13,47,19750923,0,,HU,27.3N,88.5W,95,968,,,,,,,,,,,,
AL,ELOISE,1975,13,47,19750923,600,,HU,28.4N,87.3W,105,958,,,,,,,,,,,,
AL,ELOISE,1975,13,47,19750923,1200,,HU,30.2N,86.3W,110,955,,,,,,,,,,,,
AL,ELOISE,1975,13,47,19750923,1800,,TS,33.0N,85.7W,55,982,,,,,,,,,,,,
AL,ELOISE,1975,13,47,19750924,0,,TD,35.5N,84.3W,30,999,,,,,,,,,,,,
AL,ELOISE,1975,13,47,19750924,600,,EX,36.5N,83.5W,20,1004,,,,,,,,,,,,
AL,ELOISE,1975,13,47,19750924,1200,,EX,37.0N,82.5W,20,1004,,,,,,,,,,,,
AL,ELOISE,1975,13,47,19750924,1800,,EX,37.5N,81.5W,20,1004,,,,,,,,,,,,
AL,FAYE,1975,14,46,19750918,600,,TD,17.5N,33.5W,25,,,,,,,,,,,,,
AL,FAYE,1975,14,46,19750918,1200,,TD,17.8N,34.4W,25,,,,,,,,,,,,,
AL,FAYE,1975,14,46,19750918,1800,,TD,18.3N,35.3W,25,,,,,,,,,,,,,
AL,FAYE,1975,14,46,19750919,0,,TD,19.0N,36.4W,25,,,,,,,,,,,,,
AL,FAYE,1975,14,46,19750919,600,,TD,19.6N,37.6W,30,,,,,,,,,,,,,
AL,FAYE,1975,14,46,19750919,1200,,TS,20.0N,39.0W,35,,,,,,,,,,,,,
AL,FAYE,1975,14,46,19750919,1800,,TS,20.4N,40.2W,40,,,,,,,,,,,,,
AL,FAYE,1975,14,46,19750920,0,,TS,20.5N,41.3W,40,,,,,,,,,,,,,
AL,FAYE,1975,14,46,19750920,600,,TS,20.5N,42.7W,40,,,,,,,,,,,,,
AL,FAYE,1975,14,46,19750920,1200,,TS,20.3N,44.0W,40,,,,,,,,,,,,,
AL,FAYE,1975,14,46,19750920,1800,,TS,20.2N,45.3W,40,,,,,,,,,,,,,
AL,FAYE,1975,14,46,19750921,0,,TS,20.3N,46.2W,40,,,,,,,,,,,,,
AL,FAYE,1975,14,46,19750921,600,,TS,20.3N,47.0W,40,,,,,,,,,,,,,
AL,FAYE,1975,14,46,19750921,1200,,TS,20.3N,47.8W,40,,,,,,,,,,,,,
AL,FAYE,1975,14,46,19750921,1800,,TS,20.4N,48.5W,35,,,,,,,,,,,,,
AL,FAYE,1975,14,46,19750922,0,,TS,20.5N,49.3W,35,,,,,,,,,,,,,
AL,FAYE,1975,14,46,19750922,600,,TS,20.5N,50.0W,35,,,,,,,,,,,,,
AL,FAYE,1975,14,46,19750922,1200,,TS,20.4N,50.8W,35,,,,,,,,,,,,,
AL,FAYE,1975,14,46,19750922,1800,,TS,20.4N,51.5W,35,,,,,,,,,,,,,
AL,FAYE,1975,14,46,19750923,0,,TS,20.4N,52.2W,35,,,,,,,,,,,,,
AL,FAYE,1975,14,46,19750923,600,,TS,20.3N,53.4W,35,,,,,,,,,,,,,
AL,FAYE,1975,14,46,19750923,1200,,TD,20.4N,54.6W,30,,,,,,,,,,,,,
AL,FAYE,1975,14,46,19750923,1800,,TD,20.6N,55.8W,30,,,,,,,,,,,,,
AL,FAYE,1975,14,46,19750924,0,,TD,20.8N,56.5W,30,,,,,,,,,,,,,
AL,FAYE,1975,14,46,19750924,600,,TD,21.5N,57.1W,25,,,,,,,,,,,,,
AL,FAYE,1975,14,46,19750924,1200,,TD,22.4N,57.0W,25,,,,,,,,,,,,,
AL,FAYE,1975,14,46,19750924,1800,,TD,23.0N,56.9W,25,1005,,,,,,,,,,,,
AL,FAYE,1975,14,46,19750925,0,,TD,23.8N,57.2W,30,1005,,,,,,,,,,,,
AL,FAYE,1975,14,46,19750925,600,,TS,24.2N,58.1W,35,1005,,,,,,,,,,,,
AL,FAYE,1975,14,46,19750925,1200,,TS,24.8N,58.8W,45,999,,,,,,,,,,,,
AL,FAYE,1975,14,46,19750925,1800,,TS,25.5N,59.4W,60,993,,,,,,,,,,,,
AL,FAYE,1975,14,46,19750926,0,,HU,26.5N,60.0W,65,990,,,,,,,,,,,,
AL,FAYE,1975,14,46,19750926,600,,HU,27.9N,60.9W,70,988,,,,,,,,,,,,
AL,FAYE,1975,14,46,19750926,1200,,HU,29.6N,62.0W,75,985,,,,,,,,,,,,
AL,FAYE,1975,14,46,19750926,1800,,HU,31.0N,63.1W,85,985,,,,,,,,,,,,
AL,FAYE,1975,14,46,19750927,0,,HU,32.7N,64.2W,90,985,,,,,,,,,,,,
AL,FAYE,1975,14,46,19750927,600,,HU,34.4N,65.2W,90,979,,,,,,,,,,,,
AL,FAYE,1975,14,46,19750927,1200,,HU,36.1N,65.7W,90,982,,,,,,,,,,,,
AL,FAYE,1975,14,46,19750927,1800,,HU,37.4N,65.0W,90,985,,,,,,,,,,,,
AL,FAYE,1975,14,46,19750928,0,,HU,38.4N,63.7W,85,985,,,,,,,,,,,,
AL,FAYE,1975,14,46,19750928,600,,HU,39.8N,60.5W,80,985,,,,,,,,,,,,
AL,FAYE,1975,14,46,19750928,1200,,HU,41.0N,57.1W,75,979,,,,,,,,,,,,
AL,FAYE,1975,14,46,19750928,1800,,HU,42.3N,52.0W,75,977,,,,,,,,,,,,
AL,FAYE,1975,14,46,19750929,0,,HU,42.8N,46.0W,70,977,,,,,,,,,,,,
AL,FAYE,1975,14,46,19750929,600,,HU,42.9N,40.0W,65,977,,,,,,,,,,,,
AL,FAYE,1975,14,46,19750929,1200,,EX,43.0N,34.0W,60,,,,,,,,,,,,,
AL,GLADYS,1975,15,46,19750922,1800,,TD,10.3N,34.8W,25,1012,,,,,,,,,,,,
AL,GLADYS,1975,15,46,19750923,0,,TD,10.6N,35.8W,25,1012,,,,,,,,,,,,
AL,GLADYS,1975,15,46,19750923,600,,TD,11.0N,36.7W,25,1012,,,,,,,,,,,,
AL,GLADYS,1975,15,46,19750923,1200,,TD,11.4N,37.4W,25,1012,,,,,,,,,,,,
AL,GLADYS,1975,15,46,19750923,1800,,TD,11.7N,38.2W,30,1010,,,,,,,,,,,,
AL,GLADYS,1975,15,46,19750924,0,,TD,12.1N,38.8W,30,1010,,,,,,,,,,,,
AL,GLADYS,1975,15,46,19750924,600,,TD,12.4N,39.6W,30,1010,,,,,,,,,,,,
AL,GLADYS,1975,15,46,19750924,1200,,TD,12.9N,40.0W,30,1010,,,,,,,,,,,,
AL,GLADYS,1975,15,46,19750924,1800,,TS,13.5N,40.4W,35,1005,,,,,,,,,,,,
AL,GLADYS,1975,15,46,19750925,0,,TS,14.2N,41.0W,40,1005,,,,,,,,,,,,
AL,GLADYS,1975,15,46,19750925,600,,TS,14.8N,42.0W,50,1000,,,,,,,,,,,,
AL,GLADYS,1975,15,46,19750925,1200,,TS,15.4N,43.0W,60,1000,,,,,,,,,,,,
AL,GLADYS,1975,15,46,19750925,1800,,HU,15.8N,44.0W,65,990,,,,,,,,,,,,
AL,GLADYS,1975,15,46,19750926,0,,HU,16.2N,45.0W,65,990,,,,,,,,,,,,
AL,GLADYS,1975,15,46,19750926,600,,HU,16.4N,46.1W,65,990,,,,,,,,,,,,
AL,GLADYS,1975,15,46,19750926,1200,,HU,16.6N,47.7W,65,990,,,,,,,,,,,,
AL,GLADYS,1975,15,46,19750926,1800,,HU,16.8N,49.3W,65,990,,,,,,,,,,,,
AL,GLADYS,1975,15,46,19750927,0,,HU,17.1N,50.7W,65,990,,,,,,,,,,,,
AL,GLADYS,1975,15,46,19750927,600,,HU,17.6N,52.2W,65,990,,,,,,,,,,,,
AL,GLADYS,1975,15,46,19750927,1200,,HU,18.2N,53.7W,65,990,,,,,,,,,,,,
AL,GLADYS,1975,15,46,19750927,1800,,HU,18.8N,55.1W,65,990,,,,,,,,,,,,
AL,GLADYS,1975,15,46,19750928,0,,HU,19.4N,56.4W,65,992,,,,,,,,,,,,
AL,GLADYS,1975,15,46,19750928,600,,HU,19.6N,57.4W,65,992,,,,,,,,,,,,
AL,GLADYS,1975,15,46,19750928,1200,,HU,19.8N,58.2W,65,1000,,,,,,,,,,,,
AL,GLADYS,1975,15,46,19750928,1800,,HU,20.3N,59.3W,65,998,,,,,,,,,,,,
AL,GLADYS,1975,15,46,19750929,0,,HU,21.2N,60.3W,65,995,,,,,,,,,,,,
AL,GLADYS,1975,15,46,19750929,600,,HU,22.1N,61.4W,70,990,,,,,,,,,,,,
AL,GLADYS,1975,15,46,19750929,1200,,HU,23.0N,62.6W,70,990,,,,,,,,,,,,
AL,GLADYS,1975,15,46,19750929,1800,,HU,23.6N,63.9W,75,985,,,,,,,,,,,,
AL,GLADYS,1975,15,46,19750930,0,,HU,24.1N,65.2W,80,975,,,,,,,,,,,,
AL,GLADYS,1975,15,46,19750930,600,,HU,24.6N,66.5W,80,975,,,,,,,,,,,,
AL,GLADYS,1975,15,46,19750930,1200,,HU,25.1N,67.9W,80,975,,,,,,,,,,,,
AL,GLADYS,1975,15,46,19750930,1800,,HU,25.6N,69.3W,80,975,,,,,,,,,,,,
AL,GLADYS,1975,15,46,19751001,0,,HU,26.1N,70.6W,80,975,,,,,,,,,,,,
AL,GLADYS,1975,15,46,19751001,600,,HU,26.8N,71.7W,80,975,,,,,,,,,,,,
AL,GLADYS,1975,15,46,19751001,1200,,HU,27.9N,72.4W,80,975,,,,,,,,,,,,
AL,GLADYS,1975,15,46,19751001,1800,,HU,29.4N,73.0W,90,969,,,,,,,,,,,,
AL,GLADYS,1975,15,46,19751002,0,,HU,31.0N,73.0W,100,954,,,,,,,,,,,,
AL,GLADYS,1975,15,46,19751002,600,,HU,32.9N,72.1W,110,942,,,,,,,,,,,,
AL,GLADYS,1975,15,46,19751002,1200,,HU,35.3N,69.8W,120,939,,,,,,,,,,,,
AL,GLADYS,1975,15,46,19751002,1800,,HU,37.8N,67.0W,120,939,,,,,,,,,,,,
AL,GLADYS,1975,15,46,19751003,0,,HU,40.8N,62.6W,110,950,,,,,,,,,,,,
AL,GLADYS,1975,15,46,19751003,600,,HU,43.7N,57.0W,85,960,,,,,,,,,,,,
AL,GLADYS,1975,15,46,19751003,1200,,HU,46.6N,50.6W,85,960,,,,,,,,,,,,
AL,GLADYS,1975,15,46,19751003,1800,,EX,50.5N,45.5W,75,975,,,,,,,,,,,,
AL,GLADYS,1975,15,46,19751004,0,,EX,55.0N,40.0W,65,980,,,,,,,,,,,,
AL,UNNAMED,1975,16,17,19750925,1200,,TD,19.0N,84.0W,20,,,,,,,,,,,,,
AL,UNNAMED,1975,16,17,19750925,1800,,TD,19.0N,84.2W,25,,,,,,,,,,,,,
AL,UNNAMED,1975,16,17,19750926,0,,TD,18.9N,84.5W,25,,,,,,,,,,,,,
AL,UNNAMED,1975,16,17,19750926,600,,TD,18.8N,84.8W,25,,,,,,,,,,,,,
AL,UNNAMED,1975,16,17,19750926,1200,,TD,18.8N,85.0W,25,,,,,,,,,,,,,
AL,UNNAMED,1975,16,17,19750926,1800,,TD,18.6N,85.4W,25,,,,,,,,,,,,,
AL,UNNAMED,1975,16,17,19750927,0,,TD,18.4N,85.8W,25,,,,,,,,,,,,,
AL,UNNAMED,1975,16,17,19750927,600,,TD,18.2N,86.1W,25,,,,,,,,,,,,,
AL,UNNAMED,1975,16,17,19750927,1200,,TD,18.0N,86.5W,25,,,,,,,,,,,,,
AL,UNNAMED,1975,16,17,19750927,1800,,TD,18.0N,86.8W,25,,,,,,,,,,,,,
AL,UNNAMED,1975,16,17,19750928,0,,TD,18.0N,87.0W,25,,,,,,,,,,,,,
AL,UNNAMED,1975,16,17,19750928,600,,TD,18.0N,87.2W,25,,,,,,,,,,,,,
AL,UNNAMED,1975,16,17,19750928,1200,,TD,18.0N,87.5W,25,,,,,,,,,,,,,
AL,UNNAMED,1975,16,17,19750928,1800,,TD,18.0N,87.8W,25,,,,,,,,,,,,,
AL,UNNAMED,1975,16,17,19750929,0,,TD,18.0N,88.0W,25,,,,,,,,,,,,,
AL,UNNAMED,1975,16,17,19750929,600,,TD,18.0N,88.2W,20,,,,,,,,,,,,,
AL,UNNAMED,1975,16,17,19750929,1200,,TD,18.0N,88.5W,-99,,,,,,,,,,,,,
AL,UNNAMED,1975,17,9,19751003,1200,,TD,28.0N,33.0W,20,,,,,,,,,,,,,
AL,UNNAMED,1975,17,9,19751003,1800,,TD,28.9N,34.2W,25,,,,,,,,,,,,,
AL,UNNAMED,1975,17,9,19751004,0,,TD,29.8N,35.5W,25,,,,,,,,,,,,,
AL,UNNAMED,1975,17,9,19751004,600,,TD,30.7N,36.8W,25,,,,,,,,,,,,,
AL,UNNAMED,1975,17,9,19751004,1200,,TD,31.5N,38.0W,25,,,,,,,,,,,,,
AL,UNNAMED,1975,17,9,19751004,1800,,TD,32.1N,37.6W,25,,,,,,,,,,,,,
AL,UNNAMED,1975,17,9,19751005,0,,TD,32.8N,37.2W,25,,,,,,,,,,,,,
AL,UNNAMED,1975,17,9,19751005,600,,TD,33.4N,36.8W,25,,,,,,,,,,,,,
AL,UNNAMED,1975,17,9,19751005,1200,,TD,34.0N,36.5W,20,,,,,,,,,,,,,
AL,UNNAMED,1975,18,13,19751014,1200,,TD,21.0N,92.0W,20,,,,,,,,,,,,,
AL,UNNAMED,1975,18,13,19751014,1800,,TD,21.6N,92.5W,25,,,,,,,,,,,,,
AL,UNNAMED,1975,18,13,19751015,0,,TD,22.2N,93.0W,25,,,,,,,,,,,,,
AL,UNNAMED,1975,18,13,19751015,600,,TD,22.8N,93.5W,30,,,,,,,,,,,,,
AL,UNNAMED,1975,18,13,19751015,1200,,TD,23.5N,94.0W,30,,,,,,,,,,,,,
AL,UNNAMED,1975,18,13,19751015,1800,,TD,24.4N,93.8W,30,,,,,,,,,,,,,
AL,UNNAMED,1975,18,13,19751016,0,,TD,25.3N,93.5W,30,,,,,,,,,,,,,
AL,UNNAMED,1975,18,13,19751016,600,,TD,26.2N,93.2W,30,,,,,,,,,,,,,
AL,UNNAMED,1975,18,13,19751016,1200,,TD,27.0N,93.0W,30,,,,,,,,,,,,,
AL,UNNAMED,1975,18,13,19751016,1800,,TD,27.8N,92.4W,30,,,,,,,,,,,,,
AL,UNNAMED,1975,18,13,19751017,0,,TD,28.5N,91.5W,25,,,,,,,,,,,,,
AL,UNNAMED,1975,18,13,19751017,600,,TD,29.2N,90.7W,25,,,,,,,,,,,,,
AL,UNNAMED,1975,18,13,19751017,1200,,TD,30.0N,90.0W,-99,,,,,,,,,,,,,
AL,HALLIE,1975,19,14,19751024,1800,,SD,29.1N,79.3W,30,1006,,,,,,,,,,,,
AL,HALLIE,1975,19,14,19751025,0,,SD,28.8N,79.0W,30,1006,,,,,,,,,,,,
AL,HALLIE,1975,19,14,19751025,600,,SD,29.4N,79.4W,30,1006,,,,,,,,,,,,
AL,HALLIE,1975,19,14,19751025,1200,,SD,30.0N,79.7W,30,1006,,,,,,,,,,,,
AL,HALLIE,1975,19,14,19751025,1800,,SD,30.2N,79.8W,30,1006,,,,,,,,,,,,
AL,HALLIE,1975,19,14,19751026,0,,SD,30.5N,79.9W,30,1006,,,,,,,,,,,,
AL,HALLIE,1975,19,14,19751026,600,,TD,30.9N,80.1W,30,1006,,,,,,,,,,,,
AL,HALLIE,1975,19,14,19751026,1200,,TD,31.8N,79.6W,30,1005,,,,,,,,,,,,
AL,HALLIE,1975,19,14,19751026,1800,,TS,32.5N,78.7W,35,1003,,,,,,,,,,,,
AL,HALLIE,1975,19,14,19751027,0,,TS,33.5N,77.5W,45,1002,,,,,,,,,,,,
AL,HALLIE,1975,19,14,19751027,600,,TS,34.5N,75.5W,45,1002,,,,,,,,,,,,
AL,HALLIE,1975,19,14,19751027,1200,,TS,35.7N,73.8W,45,1004,,,,,,,,,,,,
AL,HALLIE,1975,19,14,19751027,1800,,EX,36.4N,72.6W,40,1006,,,,,,,,,,,,
AL,HALLIE,1975,19,14,19751028,0,,EX,36.9N,71.4W,35,1008,,,,,,,,,,,,
AL,UNNAMED,1975,20,10,19751027,1200,,TD,13.0N,81.0W,20,,,,,,,,,,,,,
AL,UNNAMED,1975,20,10,19751027,1800,,TD,13.6N,82.5W,25,,,,,,,,,,,,,
AL,UNNAMED,1975,20,10,19751028,0,,TD,14.3N,82.5W,25,,,,,,,,,,,,,
AL,UNNAMED,1975,20,10,19751028,600,,TD,14.9N,83.2W,25,,,,,,,,,,,,,
AL,UNNAMED,1975,20,10,19751028,1200,,TD,15.5N,84.0W,25,,,,,,,,,,,,,
AL,UNNAMED,1975,20,10,19751028,1800,,TD,15.7N,84.9W,25,,,,,,,,,,,,,
AL,UNNAMED,1975,20,10,19751029,0,,TD,15.8N,85.0W,25,,,,,,,,,,,,,
AL,UNNAMED,1975,20,10,19751029,600,,TD,15.9N,86.6W,25,,,,,,,,,,,,,
AL,UNNAMED,1975,20,10,19751029,1200,,TD,16.0N,87.5W,25,,,,,,,,,,,,,
AL,UNNAMED,1975,20,10,19751029,1800,,TD,16.0N,88.5W,-99,,,,,,,,,,,,,
AL,UNNAMED,1975,21,18,19751108,1200,,TD,16.5N,85.0W,25,,,,,,,,,,,,,
AL,UNNAMED,1975,21,18,19751108,1800,,TD,17.0N,85.2W,25,,,,,,,,,,,,,
AL,UNNAMED,1975,21,18,19751109,0,,TD,17.5N,85.8W,30,,,,,,,,,,,,,
AL,UNNAMED,1975,21,18,19751109,600,,TD,18.0N,86.2W,30,,,,,,,,,,,,,
AL,UNNAMED,1975,21,18,19751109,1200,,TD,18.5N,86.5W,30,,,,,,,,,,,,,
AL,UNNAMED,1975,21,18,19751109,1800,,TD,19.6N,86.7W,30,,,,,,,,,,,,,
AL,UNNAMED,1975,21,18,19751110,0,,TD,20.8N,86.8W,30,,,,,,,,,,,,,
AL,UNNAMED,1975,21,18,19751110,600,,TD,21.4N,86.9W,30,,,,,,,,,,,,,
AL,UNNAMED,1975,21,18,19751110,1200,,TD,23.0N,87.0W,30,,,,,,,,,,,,,
AL,UNNAMED,1975,21,18,19751110,1800,,TD,23.2N,87.9W,30,,,,,,,,,,,,,
AL,UNNAMED,1975,21,18,19751111,0,,TD,23.5N,88.8W,30,,,,,,,,,,,,,
AL,UNNAMED,1975,21,18,19751111,600,,TD,23.8N,89.6W,30,,,,,,,,,,,,,
AL,UNNAMED,1975,21,18,19751111,1200,,TD,24.0N,90.5W,25,,,,,,,,,,,,,
AL,UNNAMED,1975,21,18,19751111,1800,,TD,23.2N,91.0W,25,,,,,,,,,,,,,
AL,UNNAMED,1975,21,18,19751112,0,,TD,22.5N,91.5W,25,,,,,,,,,,,,,
AL,UNNAMED,1975,21,18,19751112,600,,TD,21.7N,91.2W,20,,,,,,,,,,,,,
AL,UNNAMED,1975,21,18,19751112,1200,,TD,21.0N,91.0W,20,,,,,,,,,,,,,
AL,UNNAMED,1975,21,18,19751112,1800,,TD,20.3N,90.5W,-99,,,,,,,,,,,,,
AL,UNNAMED,1975,22,9,19751129,1200,,TD,25.0N,52.0W,20,,,,,,,,,,,,,
AL,UNNAMED,1975,22,9,19751129,1800,,TD,26.2N,51.1W,25,,,,,,,,,,,,,
AL,UNNAMED,1975,22,9,19751130,0,,TD,26.5N,50.2W,25,,,,,,,,,,,,,
AL,UNNAMED,1975,22,9,19751130,600,,TD,27.2N,49.4W,25,,,,,,,,,,,,,
AL,UNNAMED,1975,22,9,19751130,1200,,TD,28.0N,48.5W,25,,,,,,,,,,,,,
AL,UNNAMED,1975,22,9,19751130,1800,,TD,28.5N,48.9W,25,,,,,,,,,,,,,
AL,UNNAMED,1975,22,9,19751201,0,,TD,29.0N,48.8W,25,,,,,,,,,,,,,
AL,UNNAMED,1975,22,9,19751201,600,,TD,29.5N,48.9W,20,,,,,,,,,,,,,
AL,UNNAMED,1975,22,9,19751201,1200,,TD,30.0N,49.0W,20,,,,,,,,,,,,,
AL,UNNAMED,1975,23,17,19751209,1200,,SS,41.6N,42.9W,35,997,,,,,,,,,,,,
AL,UNNAMED,1975,23,17,19751209,1800,,SS,41.1N,43.0W,40,,,,,,,,,,,,,
AL,UNNAMED,1975,23,17,19751210,0,,SS,40.4N,43.1W,45,,,,,,,,,,,,,
AL,UNNAMED,1975,23,17,19751210,600,,SS,39.6N,43.2W,55,,,,,,,,,,,,,
AL,UNNAMED,1975,23,17,19751210,1200,,SS,38.3N,43.4W,60,992,,,,,,,,,,,,
AL,UNNAMED,1975,23,17,19751210,1800,,SS,36.5N,43.7W,55,,,,,,,,,,,,,
AL,UNNAMED,1975,23,17,19751211,0,,SS,34.5N,44.0W,50,,,,,,,,,,,,,
AL,UNNAMED,1975,23,17,19751211,600,,SS,32.5N,43.7W,45,,,,,,,,,,,,,
AL,UNNAMED,1975,23,17,19751211,1200,,SS,30.5N,42.9W,40,,,,,,,,,,,,,
AL,UNNAMED,1975,23,17,19751211,1800,,SS,28.7N,41.9W,40,985,,,,,,,,,,,,
AL,UNNAMED,1975,23,17,19751212,0,,SS,27.4N,40.5W,35,,,,,,,,,,,,,
AL,UNNAMED,1975,23,17,19751212,600,,SS,26.9N,38.2W,35,,,,,,,,,,,,,
AL,UNNAMED,1975,23,17,19751212,1200,,SD,27.0N,36.0W,30,1000,,,,,,,,,,,,
AL,UNNAMED,1975,23,17,19751212,1800,,SD,27.5N,35.0W,30,,,,,,,,,,,,,
AL,UNNAMED,1975,23,17,19751213,0,,SD,28.5N,34.6W,30,1005,,,,,,,,,,,,
AL,UNNAMED,1975,23,17,19751213,600,,SD,30.2N,34.4W,30,,,,,,,,,,,,,
AL,UNNAMED,1975,23,17,19751213,1200,,SD,32.5N,34.5W,25,1008,,,,,,,,,,,,
AL,UNNAMED,1976,1,18,19760521,1200,,SD,24.0N,89.0W,20,1010,,,,,,,,,,,,
AL,UNNAMED,1976,1,18,19760521,1800,,SD,24.8N,89.6W,20,1009,,,,,,,,,,,,
AL,UNNAMED,1976,1,18,19760522,0,,SD,25.4N,90.0W,25,1006,,,,,,,,,,,,
AL,UNNAMED,1976,1,18,19760522,600,,SD,26.0N,90.5W,25,1005,,,,,,,,,,,,
AL,UNNAMED,1976,1,18,19760522,1200,,SD,27.0N,90.8W,30,1004,,,,,,,,,,,,
AL,UNNAMED,1976,1,18,19760522,1800,,SD,26.5N,90.5W,30,1002,,,,,,,,,,,,
AL,UNNAMED,1976,1,18,19760523,0,,SS,26.3N,89.0W,35,1001,,,,,,,,,,,,
AL,UNNAMED,1976,1,18,19760523,600,,SS,27.0N,88.0W,35,999,,,,,,,,,,,,
AL,UNNAMED,1976,1,18,19760523,1200,,SS,28.5N,86.0W,40,998,,,,,,,,,,,,
AL,UNNAMED,1976,1,18,19760523,1800,,SS,29.8N,84.0W,40,998,,,,,,,,,,,,
AL,UNNAMED,1976,1,18,19760524,0,,SS,31.0N,82.0W,40,998,,,,,,,,,,,,
AL,UNNAMED,1976,1,18,19760524,600,,SS,31.8N,80.0W,40,998,,,,,,,,,,,,
AL,UNNAMED,1976,1,18,19760524,1200,,SS,32.8N,78.0W,45,996,,,,,,,,,,,,
AL,UNNAMED,1976,1,18,19760524,1800,,SS,33.5N,76.0W,45,994,,,,,,,,,,,,
AL,UNNAMED,1976,1,18,19760525,0,,SS,34.0N,74.0W,45,994,,,,,,,,,,,,
AL,UNNAMED,1976,1,18,19760525,600,,SS,34.8N,72.0W,45,996,,,,,,,,,,,,
AL,UNNAMED,1976,1,18,19760525,1200,,SS,35.5N,69.5W,40,998,,,,,,,,,,,,
AL,UNNAMED,1976,1,18,19760525,1800,,SS,36.0N,67.0W,40,998,,,,,,,,,,,,
AL,UNNAMED,1976,2,10,19760607,600,,TD,26.8N,79.0W,20,,,,,,,,,,,,,
AL,UNNAMED,1976,2,10,19760607,1200,,TD,28.0N,78.5W,25,,,,,,,,,,,,,
AL,UNNAMED,1976,2,10,19760607,1800,,TD,29.2N,78.1W,30,,,,,,,,,,,,,
AL,UNNAMED,1976,2,10,19760608,0,,TD,30.5N,77.7W,30,,,,,,,,,,,,,
AL,UNNAMED,1976,2,10,19760608,600,,TD,31.8N,77.4W,30,,,,,,,,,,,,,
AL,UNNAMED,1976,2,10,19760608,1200,,TD,33.0N,77.0W,30,,,,,,,,,,,,,
AL,UNNAMED,1976,2,10,19760608,1800,,TD,34.5N,75.2W,30,,,,,,,,,,,,,
AL,UNNAMED,1976,2,10,19760609,0,,TD,36.0N,73.3W,30,,,,,,,,,,,,,
AL,UNNAMED,1976,2,10,19760609,600,,TD,37.5N,71.4W,25,,,,,,,,,,,,,
AL,UNNAMED,1976,2,10,19760609,1200,,TD,39.0N,69.5W,20,,,,,,,,,,,,,
AL,UNNAMED,1976,3,6,19760611,1200,,TD,26.5N,81.0W,20,,,,,,,,,,,,,
AL,UNNAMED,1976,3,6,19760611,1800,,TD,28.2N,78.5W,25,,,,,,,,,,,,,
AL,UNNAMED,1976,3,6,19760612,0,,TD,30.0N,76.2W,30,,,,,,,,,,,,,
AL,UNNAMED,1976,3,6,19760612,600,,TD,31.8N,73.8W,30,,,,,,,,,,,,,
AL,UNNAMED,1976,3,6,19760612,1200,,TD,33.5N,71.5W,25,,,,,,,,,,,,,
AL,UNNAMED,1976,3,6,19760612,1800,,TD,35.2N,69.2W,20,,,,,,,,,,,,,
AL,UNNAMED,1976,4,9,19760720,1200,,TD,31.0N,72.0W,20,,,,,,,,,,,,,
AL,UNNAMED,1976,4,9,19760720,1800,,TD,31.5N,72.1W,25,,,,,,,,,,,,,
AL,UNNAMED,1976,4,9,19760721,0,,TD,32.0N,72.3W,25,,,,,,,,,,,,,
AL,UNNAMED,1976,4,9,19760721,600,,TD,32.5N,72.4W,25,,,,,,,,,,,,,
AL,UNNAMED,1976,4,9,19760721,1200,,TD,33.0N,72.5W,25,,,,,,,,,,,,,
AL,UNNAMED,1976,4,9,19760721,1800,,TD,33.3N,72.2W,25,,,,,,,,,,,,,
AL,UNNAMED,1976,4,9,19760722,0,,TD,33.5N,71.8W,25,,,,,,,,,,,,,
AL,UNNAMED,1976,4,9,19760722,600,,TD,33.7N,71.4W,20,,,,,,,,,,,,,
AL,UNNAMED,1976,4,9,19760722,1200,,TD,34.0N,71.0W,20,,,,,,,,,,,,,
AL,UNNAMED,1976,5,6,19760723,1200,,TD,10.5N,24.0W,20,,,,,,,,,,,,,
AL,UNNAMED,1976,5,6,19760723,1800,,TD,10.4N,25.5W,25,,,,,,,,,,,,,
AL,UNNAMED,1976,5,6,19760724,0,,TD,10.3N,27.0W,25,,,,,,,,,,,,,
AL,UNNAMED,1976,5,6,19760724,600,,TD,10.2N,28.5W,25,,,,,,,,,,,,,
AL,UNNAMED,1976,5,6,19760724,1200,,TD,10.0N,30.8W,25,,,,,,,,,,,,,
AL,UNNAMED,1976,5,6,19760724,1800,,TD,10.5N,32.0W,20,,,,,,,,,,,,,
AL,ANNA,1976,6,37,19760728,1800,,SD,28.0N,52.3W,20,1015,,,,,,,,,,,,
AL,ANNA,1976,6,37,19760729,0,,SD,28.0N,51.3W,20,,,,,,,,,,,,,
AL,ANNA,1976,6,37,19760729,600,,SD,28.0N,50.3W,20,,,,,,,,,,,,,
AL,ANNA,1976,6,37,19760729,1200,,SD,28.0N,49.3W,25,1012,,,,,,,,,,,,
AL,ANNA,1976,6,37,19760729,1800,,SD,28.0N,48.1W,25,,,,,,,,,,,,,
AL,ANNA,1976,6,37,19760730,0,,SD,28.3N,45.6W,30,1005,,,,,,,,,,,,
AL,ANNA,1976,6,37,19760730,600,,SS,29.8N,42.0W,35,999,,,,,,,,,,,,
AL,ANNA,1976,6,37,19760730,1200,,SS,30.1N,39.9W,40,,,,,,,,,,,,,
AL,ANNA,1976,6,37,19760730,1800,,TS,30.5N,37.7W,40,,,,,,,,,,,,,
AL,ANNA,1976,6,37,19760731,0,,TS,31.3N,35.7W,40,,,,,,,,,,,,,
AL,ANNA,1976,6,37,19760731,600,,TS,31.9N,33.6W,40,,,,,,,,,,,,,
AL,ANNA,1976,6,37,19760731,1200,,TS,32.5N,31.5W,40,,,,,,,,,,,,,
AL,ANNA,1976,6,37,19760731,1800,,TS,33.2N,29.4W,40,,,,,,,,,,,,,
AL,ANNA,1976,6,37,19760801,0,,TS,33.9N,27.1W,35,,,,,,,,,,,,,
AL,ANNA,1976,6,37,19760801,600,,TS,35.0N,24.9W,35,,,,,,,,,,,,,
AL,ANNA,1976,6,37,19760801,1200,,EX,36.3N,23.2W,35,,,,,,,,,,,,,
AL,ANNA,1976,6,37,19760801,1800,,EX,37.8N,21.8W,35,,,,,,,,,,,,,
AL,ANNA,1976,6,37,19760802,0,,EX,39.2N,20.9W,35,,,,,,,,,,,,,
AL,ANNA,1976,6,37,19760802,600,,EX,40.6N,20.3W,40,,,,,,,,,,,,,
AL,ANNA,1976,6,37,19760802,1200,,EX,42.1N,20.5W,45,,,,,,,,,,,,,
AL,ANNA,1976,6,37,19760802,1800,,EX,42.7N,21.0W,40,1004,,,,,,,,,,,,
AL,ANNA,1976,6,37,19760803,0,,EX,42.8N,21.9W,35,,,,,,,,,,,,,
AL,ANNA,1976,6,37,19760803,600,,EX,42.7N,22.8W,35,,,,,,,,,,,,,
AL,ANNA,1976,6,37,19760803,1200,,EX,42.5N,23.7W,30,1006,,,,,,,,,,,,
AL,ANNA,1976,6,37,19760803,1800,,EX,41.9N,24.9W,30,,,,,,,,,,,,,
AL,ANNA,1976,6,37,19760804,0,,EX,41.2N,25.9W,30,,,,,,,,,,,,,
AL,ANNA,1976,6,37,19760804,600,,EX,40.4N,26.7W,30,,,,,,,,,,,,,
AL,ANNA,1976,6,37,19760804,1200,,EX,39.5N,27.5W,30,1008,,,,,,,,,,,,
AL,ANNA,1976,6,37,19760804,1800,,EX,38.5N,28.1W,30,,,,,,,,,,,,,
AL,ANNA,1976,6,37,19760805,0,,EX,38.0N,28.1W,30,,,,,,,,,,,,,
AL,ANNA,1976,6,37,19760805,600,,EX,37.5N,27.7W,30,,,,,,,,,,,,,
AL,ANNA,1976,6,37,19760805,1200,,EX,37.4N,27.3W,25,1012,,,,,,,,,,,,
AL,ANNA,1976,6,37,19760805,1800,,EX,37.4N,26.7W,25,,,,,,,,,,,,,
AL,ANNA,1976,6,37,19760806,0,,EX,37.5N,26.3W,25,,,,,,,,,,,,,
AL,ANNA,1976,6,37,19760806,600,,EX,37.6N,25.6W,25,,,,,,,,,,,,,
AL,ANNA,1976,6,37,19760806,1200,,EX,37.9N,25.1W,25,1015,,,,,,,,,,,,
AL,ANNA,1976,6,37,19760806,1800,,EX,38.2N,24.6W,25,,,,,,,,,,,,,
AL,BELLE,1976,7,18,19760806,600,,TD,26.0N,72.8W,25,1012,,,,,,,,,,,,
AL,BELLE,1976,7,18,19760806,1200,,TD,26.3N,73.0W,25,1012,,,,,,,,,,,,
AL,BELLE,1976,7,18,19760806,1800,,TD,26.0N,73.4W,30,1009,,,,,,,,,,,,
AL,BELLE,1976,7,18,19760807,0,,TS,25.6N,73.2W,40,1005,,,,,,,,,,,,
AL,BELLE,1976,7,18,19760807,600,,TS,26.0N,73.2W,45,1000,,,,,,,,,,,,
AL,BELLE,1976,7,18,19760807,1200,,TS,26.2N,73.7W,55,993,,,,,,,,,,,,
AL,BELLE,1976,7,18,19760807,1800,,HU,26.6N,74.2W,70,985,,,,,,,,,,,,
AL,BELLE,1976,7,18,19760808,0,,HU,26.9N,74.6W,80,972,,,,,,,,,,,,
AL,BELLE,1976,7,18,19760808,600,,HU,27.4N,75.1W,90,962,,,,,,,,,,,,
AL,BELLE,1976,7,18,19760808,1200,,HU,28.1N,75.1W,95,959,,,,,,,,,,,,
AL,BELLE,1976,7,18,19760808,1800,,HU,29.5N,75.3W,100,958,,,,,,,,,,,,
AL,BELLE,1976,7,18,19760809,0,,HU,30.9N,75.3W,105,957,,,,,,,,,,,,
AL,BELLE,1976,7,18,19760809,600,,HU,32.5N,75.2W,105,959,,,,,,,,,,,,
AL,BELLE,1976,7,18,19760809,1200,,HU,34.4N,74.7W,95,963,,,,,,,,,,,,
AL,BELLE,1976,7,18,19760809,1800,,HU,36.6N,74.2W,90,970,,,,,,,,,,,,
AL,BELLE,1976,7,18,19760810,0,,HU,38.8N,73.8W,80,977,,,,,,,,,,,,
AL,BELLE,1976,7,18,19760810,600,,TS,41.0N,73.2W,60,983,,,,,,,,,,,,
AL,BELLE,1976,7,18,19760810,1200,,TS,42.6N,72.4W,35,992,,,,,,,,,,,,
AL,DOTTIE,1976,8,15,19760818,0,,TD,26.0N,84.0W,20,1010,,,,,,,,,,,,
AL,DOTTIE,1976,8,15,19760818,600,,TD,25.3N,83.3W,20,,,,,,,,,,,,,
AL,DOTTIE,1976,8,15,19760818,1200,,TD,24.7N,82.7W,20,1009,,,,,,,,,,,,
AL,DOTTIE,1976,8,15,19760818,1800,,TD,24.5N,82.5W,20,,,,,,,,,,,,,
AL,DOTTIE,1976,8,15,19760819,0,,TD,24.6N,82.2W,25,,,,,,,,,,,,,
AL,DOTTIE,1976,8,15,19760819,600,,TD,24.8N,82.0W,30,1003,,,,,,,,,,,,
AL,DOTTIE,1976,8,15,19760819,1200,,TS,25.0N,81.7W,35,,,,,,,,,,,,,
AL,DOTTIE,1976,8,15,19760819,1800,,TS,26.6N,80.1W,35,1006,,,,,,,,,,,,
AL,DOTTIE,1976,8,15,19760820,0,,TS,28.2N,80.0W,40,,,,,,,,,,,,,
AL,DOTTIE,1976,8,15,19760820,600,,TS,29.6N,80.0W,45,996,,,,,,,,,,,,
AL,DOTTIE,1976,8,15,19760820,1200,,TS,30.6N,80.0W,40,999,,,,,,,,,,,,
AL,DOTTIE,1976,8,15,19760820,1800,,TS,32.0N,80.0W,35,1005,,,,,,,,,,,,
AL,DOTTIE,1976,8,15,19760821,0,,TS,33.0N,80.0W,35,1005,,,,,,,,,,,,
AL,DOTTIE,1976,8,15,19760821,600,,TD,33.3N,80.0W,25,1010,,,,,,,,,,,,
AL,DOTTIE,1976,8,15,19760821,1200,,TD,33.5N,80.0W,20,1015,,,,,,,,,,,,
AL,CANDICE,1976,9,25,19760818,1200,,TD,31.7N,68.2W,30,1007,,,,,,,,,,,,
AL,CANDICE,1976,9,25,19760818,1800,,TS,33.4N,67.5W,35,1003,,,,,,,,,,,,
AL,CANDICE,1976,9,25,19760819,0,,TS,35.2N,66.4W,40,996,,,,,,,,,,,,
AL,CANDICE,1976,9,25,19760819,600,,TS,36.7N,65.7W,40,,,,,,,,,,,,,
AL,CANDICE,1976,9,25,19760819,1200,,TS,37.7N,65.0W,40,,,,,,,,,,,,,
AL,CANDICE,1976,9,25,19760819,1800,,TS,38.2N,64.0W,40,999,,,,,,,,,,,,
AL,CANDICE,1976,9,25,19760820,0,,TS,38.8N,63.7W,35,1005,,,,,,,,,,,,
AL,CANDICE,1976,9,25,19760820,600,,TS,39.7N,63.3W,35,1005,,,,,,,,,,,,
AL,CANDICE,1976,9,25,19760820,1200,,TS,40.2N,62.0W,35,,,,,,,,,,,,,
AL,CANDICE,1976,9,25,19760820,1800,,TS,40.8N,61.0W,40,997,,,,,,,,,,,,
AL,CANDICE,1976,9,25,19760821,0,,TS,41.1N,59.8W,40,,,,,,,,,,,,,
AL,CANDICE,1976,9,25,19760821,600,,HU,41.2N,59.3W,65,993,,,,,,,,,,,,
AL,CANDICE,1976,9,25,19760821,1200,,HU,41.0N,59.0W,65,989,,,,,,,,,,,,
AL,CANDICE,1976,9,25,19760821,1800,,HU,40.5N,58.7W,65,,,,,,,,,,,,,
AL,CANDICE,1976,9,25,19760822,0,,HU,40.3N,58.2W,65,,,,,,,,,,,,,
AL,CANDICE,1976,9,25,19760822,600,,HU,40.8N,57.8W,70,,,,,,,,,,,,,
AL,CANDICE,1976,9,25,19760822,1200,,HU,41.0N,57.0W,70,,,,,,,,,,,,,
AL,CANDICE,1976,9,25,19760822,1800,,HU,41.3N,56.4W,80,964,,,,,,,,,,,,
AL,CANDICE,1976,9,25,19760823,0,,HU,41.7N,55.5W,80,,,,,,,,,,,,,
AL,CANDICE,1976,9,25,19760823,600,,HU,42.4N,54.3W,80,,,,,,,,,,,,,
AL,CANDICE,1976,9,25,19760823,1200,,HU,43.1N,53.2W,80,,,,,,,,,,,,,
AL,CANDICE,1976,9,25,19760823,1800,,HU,44.4N,51.2W,80,971,,,,,,,,,,,,
AL,CANDICE,1976,9,25,19760824,0,,HU,45.9N,48.7W,80,,,,,,,,,,,,,
AL,CANDICE,1976,9,25,19760824,600,,HU,47.3N,45.5W,65,,,,,,,,,,,,,
AL,CANDICE,1976,9,25,19760824,1200,,HU,49.9N,42.8W,65,,,,,,,,,,,,,
AL,EMMY,1976,10,62,19760820,1200,,TD,14.0N,48.0W,20,1012,,,,,,,,,,,,
AL,EMMY,1976,10,62,19760820,1800,,TD,14.0N,49.3W,20,,,,,,,,,,,,,
AL,EMMY,1976,10,62,19760821,0,,TD,14.0N,50.6W,20,,,,,,,,,,,,,
AL,EMMY,1976,10,62,19760821,600,,TD,14.1N,51.8W,20,,,,,,,,,,,,,
AL,EMMY,1976,10,62,19760821,1200,,TD,14.4N,52.8W,25,1012,,,,,,,,,,,,
AL,EMMY,1976,10,62,19760821,1800,,TD,14.8N,53.5W,25,,,,,,,,,,,,,
AL,EMMY,1976,10,62,19760822,0,,TD,15.2N,54.2W,25,1010,,,,,,,,,,,,
AL,EMMY,1976,10,62,19760822,600,,TD,15.8N,55.2W,30,1009,,,,,,,,,,,,
AL,EMMY,1976,10,62,19760822,1200,,TS,16.2N,56.0W,35,1006,,,,,,,,,,,,
AL,EMMY,1976,10,62,19760822,1800,,TS,17.0N,57.2W,40,1004,,,,,,,,,,,,
AL,EMMY,1976,10,62,19760823,0,,TS,17.8N,58.6W,45,,,,,,,,,,,,,
AL,EMMY,1976,10,62,19760823,600,,TS,18.6N,60.0W,50,997,,,,,,,,,,,,
AL,EMMY,1976,10,62,19760823,1200,,TS,19.4N,61.0W,55,,,,,,,,,,,,,
AL,EMMY,1976,10,62,19760823,1800,,TS,20.2N,62.0W,55,996,,,,,,,,,,,,
AL,EMMY,1976,10,62,19760824,0,,TS,21.3N,63.2W,55,998,,,,,,,,,,,,
AL,EMMY,1976,10,62,19760824,600,,TS,22.7N,64.0W,55,999,,,,,,,,,,,,
AL,EMMY,1976,10,62,19760824,1200,,TS,23.8N,64.5W,55,999,,,,,,,,,,,,
AL,EMMY,1976,10,62,19760824,1800,,TS,24.5N,64.8W,60,995,,,,,,,,,,,,
AL,EMMY,1976,10,62,19760825,0,,TS,25.3N,64.2W,60,,,,,,,,,,,,,
AL,EMMY,1976,10,62,19760825,600,,TS,26.0N,63.4W,60,991,,,,,,,,,,,,
AL,EMMY,1976,10,62,19760825,1200,,HU,26.5N,62.1W,65,990,,,,,,,,,,,,
AL,EMMY,1976,10,62,19760825,1800,,HU,26.6N,60.4W,65,991,,,,,,,,,,,,
AL,EMMY,1976,10,62,19760826,0,,HU,26.8N,59.0W,70,988,,,,,,,,,,,,
AL,EMMY,1976,10,62,19760826,600,,HU,27.0N,57.8W,75,984,,,,,,,,,,,,
AL,EMMY,1976,10,62,19760826,1200,,HU,27.2N,56.2W,80,980,,,,,,,,,,,,
AL,EMMY,1976,10,62,19760826,1800,,HU,27.7N,54.8W,85,976,,,,,,,,,,,,
AL,EMMY,1976,10,62,19760827,0,,HU,28.9N,53.6W,85,,,,,,,,,,,,,
AL,EMMY,1976,10,62,19760827,600,,HU,29.8N,53.4W,85,,,,,,,,,,,,,
AL,EMMY,1976,10,62,19760827,1200,,HU,30.9N,53.7W,85,975,,,,,,,,,,,,
AL,EMMY,1976,10,62,19760827,1800,,HU,31.8N,54.0W,85,,,,,,,,,,,,,
AL,EMMY,1976,10,62,19760828,0,,HU,32.5N,55.2W,85,,,,,,,,,,,,,
AL,EMMY,1976,10,62,19760828,600,,HU,33.0N,56.0W,85,,,,,,,,,,,,,
AL,EMMY,1976,10,62,19760828,1200,,HU,33.5N,56.6W,85,975,,,,,,,,,,,,
AL,EMMY,1976,10,62,19760828,1800,,HU,34.0N,57.2W,85,,,,,,,,,,,,,
AL,EMMY,1976,10,62,19760829,0,,HU,34.4N,57.4W,85,,,,,,,,,,,,,
AL,EMMY,1976,10,62,19760829,600,,HU,34.8N,57.4W,85,,,,,,,,,,,,,
AL,EMMY,1976,10,62,19760829,1200,,HU,35.0N,56.8W,90,974,,,,,,,,,,,,
AL,EMMY,1976,10,62,19760829,1800,,HU,35.0N,55.5W,90,,,,,,,,,,,,,
AL,EMMY,1976,10,62,19760830,0,,HU,35.0N,54.5W,90,,,,,,,,,,,,,
AL,EMMY,1976,10,62,19760830,600,,HU,35.0N,53.3W,90,,,,,,,,,,,,,
AL,EMMY,1976,10,62,19760830,1200,,HU,34.9N,52.0W,90,975,,,,,,,,,,,,
AL,EMMY,1976,10,62,19760830,1800,,HU,34.9N,50.5W,90,,,,,,,,,,,,,
AL,EMMY,1976,10,62,19760831,0,,HU,34.9N,48.7W,90,,,,,,,,,,,,,
AL,EMMY,1976,10,62,19760831,600,,HU,34.9N,46.8W,90,,,,,,,,,,,,,
AL,EMMY,1976,10,62,19760831,1200,,HU,35.1N,44.9W,85,977,,,,,,,,,,,,
AL,EMMY,1976,10,62,19760831,1800,,HU,35.2N,42.8W,85,,,,,,,,,,,,,
AL,EMMY,1976,10,62,19760901,0,,HU,35.5N,40.5W,85,,,,,,,,,,,,,
AL,EMMY,1976,10,62,19760901,600,,HU,35.4N,38.5W,85,,,,,,,,,,,,,
AL,EMMY,1976,10,62,19760901,1200,,HU,35.1N,36.6W,80,975,,,,,,,,,,,,
AL,EMMY,1976,10,62,19760901,1800,,HU,34.8N,34.8W,80,,,,,,,,,,,,,
AL,EMMY,1976,10,62,19760902,0,,HU,34.0N,33.2W,80,,,,,,,,,,,,,
AL,EMMY,1976,10,62,19760902,600,,HU,33.6N,32.0W,80,,,,,,,,,,,,,
AL,EMMY,1976,10,62,19760902,1200,,HU,33.6N,30.5W,80,,,,,,,,,,,,,
AL,EMMY,1976,10,62,19760902,1800,,HU,34.2N,29.4W,80,,,,,,,,,,,,,
AL,EMMY,1976,10,62,19760903,0,,HU,35.2N,28.7W,75,980,,,,,,,,,,,,
AL,EMMY,1976,10,62,19760903,600,,HU,36.2N,28.3W,75,,,,,,,,,,,,,
AL,EMMY,1976,10,62,19760903,1200,,HU,37.2N,28.0W,75,,,,,,,,,,,,,
AL,EMMY,1976,10,62,19760903,1800,,HU,38.0N,27.2W,70,984,,,,,,,,,,,,
AL,EMMY,1976,10,62,19760904,0,,HU,38.8N,26.8W,65,988,,,,,,,,,,,,
AL,EMMY,1976,10,62,19760904,600,,HU,39.6N,25.8W,65,994,,,,,,,,,,,,
AL,EMMY,1976,10,62,19760904,1200,,EX,40.5N,25.0W,50,998,,,,,,,,,,,,
AL,EMMY,1976,10,62,19760904,1800,,EX,41.0N,24.0W,30,1002,,,,,,,,,,,,
AL,FRANCES,1976,11,45,19760827,1200,,TD,12.5N,37.5W,25,1009,,,,,,,,,,,,
AL,FRANCES,1976,11,45,19760827,1800,,TD,13.0N,39.0W,25,,,,,,,,,,,,,
AL,FRANCES,1976,11,45,19760828,0,,TD,13.5N,40.5W,25,,,,,,,,,,,,,
AL,FRANCES,1976,11,45,19760828,600,,TD,13.8N,42.1W,25,,,,,,,,,,,,,
AL,FRANCES,1976,11,45,19760828,1200,,TD,14.3N,43.7W,30,,,,,,,,,,,,,
AL,FRANCES,1976,11,45,19760828,1800,,TS,14.7N,45.3W,50,1002,,,,,,,,,,,,
AL,FRANCES,1976,11,45,19760829,0,,TS,15.4N,46.8W,50,,,,,,,,,,,,,
AL,FRANCES,1976,11,45,19760829,600,,TS,16.1N,48.4W,50,,,,,,,,,,,,,
AL,FRANCES,1976,11,45,19760829,1200,,TS,16.6N,49.6W,50,998,,,,,,,,,,,,
AL,FRANCES,1976,11,45,19760829,1800,,TS,17.5N,50.5W,60,994,,,,,,,,,,,,
AL,FRANCES,1976,11,45,19760830,0,,HU,18.3N,51.6W,65,991,,,,,,,,,,,,
AL,FRANCES,1976,11,45,19760830,600,,HU,18.9N,52.3W,65,,,,,,,,,,,,,
AL,FRANCES,1976,11,45,19760830,1200,,HU,19.4N,53.3W,65,,,,,,,,,,,,,
AL,FRANCES,1976,11,45,19760830,1800,,HU,20.2N,54.2W,65,987,,,,,,,,,,,,
AL,FRANCES,1976,11,45,19760831,0,,HU,21.0N,54.9W,65,980,,,,,,,,,,,,
AL,FRANCES,1976,11,45,19760831,600,,HU,22.0N,55.1W,65,,,,,,,,,,,,,
AL,FRANCES,1976,11,45,19760831,1200,,HU,23.1N,55.2W,75,975,,,,,,,,,,,,
AL,FRANCES,1976,11,45,19760831,1800,,HU,24.2N,55.2W,75,,,,,,,,,,,,,
AL,FRANCES,1976,11,45,19760901,0,,HU,25.3N,54.9W,90,968,,,,,,,,,,,,
AL,FRANCES,1976,11,45,19760901,600,,HU,26.3N,54.3W,100,963,,,,,,,,,,,,
AL,FRANCES,1976,11,45,19760901,1200,,HU,27.2N,53.7W,95,966,,,,,,,,,,,,
AL,FRANCES,1976,11,45,19760901,1800,,HU,27.8N,52.6W,95,,,,,,,,,,,,,
AL,FRANCES,1976,11,45,19760902,0,,HU,28.2N,51.3W,95,,,,,,,,,,,,,
AL,FRANCES,1976,11,45,19760902,600,,HU,28.2N,50.1W,95,,,,,,,,,,,,,
AL,FRANCES,1976,11,45,19760902,1200,,HU,28.3N,48.7W,95,,,,,,,,,,,,,
AL,FRANCES,1976,11,45,19760902,1800,,HU,28.5N,47.1W,85,,,,,,,,,,,,,
AL,FRANCES,1976,11,45,19760903,0,,HU,28.9N,45.1W,75,,,,,,,,,,,,,
AL,FRANCES,1976,11,45,19760903,600,,HU,29.0N,42.9W,65,,,,,,,,,,,,,
AL,FRANCES,1976,11,45,19760903,1200,,HU,29.7N,40.8W,65,,,,,,,,,,,,,
AL,FRANCES,1976,11,45,19760903,1800,,HU,30.6N,39.0W,65,,,,,,,,,,,,,
AL,FRANCES,1976,11,45,19760904,0,,HU,32.0N,37.2W,65,992,,,,,,,,,,,,
AL,FRANCES,1976,11,45,19760904,600,,HU,33.4N,35.6W,65,,,,,,,,,,,,,
AL,FRANCES,1976,11,45,19760904,1200,,EX,34.9N,34.1W,55,992,,,,,,,,,,,,
AL,FRANCES,1976,11,45,19760904,1800,,EX,36.4N,32.5W,55,,,,,,,,,,,,,
AL,FRANCES,1976,11,45,19760905,0,,EX,37.8N,30.8W,55,,,,,,,,,,,,,
AL,FRANCES,1976,11,45,19760905,600,,EX,39.4N,29.3W,55,,,,,,,,,,,,,
AL,FRANCES,1976,11,45,19760905,1200,,EX,41.0N,28.0W,55,,,,,,,,,,,,,
AL,FRANCES,1976,11,45,19760905,1800,,EX,42.1N,27.2W,55,,,,,,,,,,,,,
AL,FRANCES,1976,11,45,19760906,0,,EX,43.5N,27.1W,55,,,,,,,,,,,,,
AL,FRANCES,1976,11,45,19760906,600,,EX,42.8N,28.6W,55,,,,,,,,,,,,,
AL,FRANCES,1976,11,45,19760906,1200,,EX,42.0N,28.2W,55,,,,,,,,,,,,,
AL,FRANCES,1976,11,45,19760906,1800,,EX,41.9N,27.6W,45,998,,,,,,,,,,,,
AL,FRANCES,1976,11,45,19760907,0,,EX,41.8N,27.0W,45,,,,,,,,,,,,,
AL,FRANCES,1976,11,45,19760907,600,,EX,41.7N,26.3W,45,,,,,,,,,,,,,
AL,FRANCES,1976,11,45,19760907,1200,,EX,41.6N,25.7W,45,,,,,,,,,,,,,
AL,UNNAMED,1976,12,9,19760904,1200,,TD,32.0N,77.0W,20,,,,,,,,,,,,,
AL,UNNAMED,1976,12,9,19760904,1800,,TD,32.4N,76.5W,25,,,,,,,,,,,,,
AL,UNNAMED,1976,12,9,19760905,0,,TD,32.8N,76.0W,25,,,,,,,,,,,,,
AL,UNNAMED,1976,12,9,19760905,600,,TD,33.1N,75.5W,25,,,,,,,,,,,,,
AL,UNNAMED,1976,12,9,19760905,1200,,TD,33.5N,75.0W,25,,,,,,,,,,,,,
AL,UNNAMED,1976,12,9,19760905,1800,,TD,33.7N,74.1W,25,,,,,,,,,,,,,
AL,UNNAMED,1976,12,9,19760906,0,,TD,34.0N,73.3W,25,,,,,,,,,,,,,
AL,UNNAMED,1976,12,9,19760906,600,,TD,34.3N,72.4W,20,,,,,,,,,,,,,
AL,UNNAMED,1976,12,9,19760906,1200,,TD,34.5N,71.5W,20,,,,,,,,,,,,,
AL,UNNAMED,1976,13,9,19760905,1200,,TD,26.5N,85.0W,20,,,,,,,,,,,,,
AL,UNNAMED,1976,13,9,19760905,1800,,TD,26.9N,85.4W,25,,,,,,,,,,,,,
AL,UNNAMED,1976,13,9,19760906,0,,TD,27.3N,85.8W,25,,,,,,,,,,,,,
AL,UNNAMED,1976,13,9,19760906,600,,TD,27.6N,86.1W,25,,,,,,,,,,,,,
AL,UNNAMED,1976,13,9,19760906,1200,,TD,28.0N,86.5W,25,,,,,,,,,,,,,
AL,UNNAMED,1976,13,9,19760906,1800,,TD,28.0N,87.2W,25,,,,,,,,,,,,,
AL,UNNAMED,1976,13,9,19760907,0,,TD,28.0N,87.8W,25,,,,,,,,,,,,,
AL,UNNAMED,1976,13,9,19760907,600,,TD,28.0N,88.4W,20,,,,,,,,,,,,,
AL,UNNAMED,1976,13,9,19760907,1200,,TD,28.0N,89.0W,20,,,,,,,,,,,,,
AL,UNNAMED,1976,14,15,19760913,1200,,SD,28.0N,81.5W,15,1017,,,,,,,,,,,,
AL,UNNAMED,1976,14,15,19760913,1800,,SD,28.7N,81.5W,15,1016,,,,,,,,,,,,
AL,UNNAMED,1976,14,15,19760914,0,,SD,29.5N,81.5W,20,1015,,,,,,,,,,,,
AL,UNNAMED,1976,14,15,19760914,600,,SD,30.2N,81.5W,25,1014,,,,,,,,,,,,
AL,UNNAMED,1976,14,15,19760914,1200,,SS,31.0N,81.2W,35,1013,,,,,,,,,,,,
AL,UNNAMED,1976,14,15,19760914,1800,,SS,31.6N,81.0W,35,1012,,,,,,,,,,,,
AL,UNNAMED,1976,14,15,19760915,0,,SS,32.2N,80.8W,40,1011,,,,,,,,,,,,
AL,UNNAMED,1976,14,15,19760915,600,,SS,33.0N,80.4W,35,1011,,,,,,,,,,,,
AL,UNNAMED,1976,14,15,19760915,1200,,SS,33.8N,80.0W,35,1011,,,,,,,,,,,,
AL,UNNAMED,1976,14,15,19760915,1800,,SD,34.6N,79.5W,30,1012,,,,,,,,,,,,
AL,UNNAMED,1976,14,15,19760916,0,,SD,35.0N,79.0W,30,1012,,,,,,,,,,,,
AL,UNNAMED,1976,14,15,19760916,600,,SD,35.5N,78.9W,25,1012,,,,,,,,,,,,
AL,UNNAMED,1976,14,15,19760916,1200,,SD,36.0N,78.8W,20,1013,,,,,,,,,,,,
AL,UNNAMED,1976,14,15,19760916,1800,,SD,36.5N,78.4W,15,1013,,,,,,,,,,,,
AL,UNNAMED,1976,14,15,19760917,0,,SD,37.0N,78.0W,15,1014,,,,,,,,,,,,
AL,UNNAMED,1976,15,29,19760920,1200,,TD,13.5N,28.0W,20,,,,,,,,,,,,,
AL,UNNAMED,1976,15,29,19760920,1800,,TD,14.1N,29.2W,25,,,,,,,,,,,,,
AL,UNNAMED,1976,15,29,19760921,0,,TD,14.8N,30.5W,25,,,,,,,,,,,,,
AL,UNNAMED,1976,15,29,19760921,600,,TD,15.4N,31.7W,30,,,,,,,,,,,,,
AL,UNNAMED,1976,15,29,19760921,1200,,TD,16.0N,33.0W,30,,,,,,,,,,,,,
AL,UNNAMED,1976,15,29,19760921,1800,,TD,16.7N,34.3W,30,,,,,,,,,,,,,
AL,UNNAMED,1976,15,29,19760922,0,,TD,17.3N,35.2W,30,,,,,,,,,,,,,
AL,UNNAMED,1976,15,29,19760922,600,,TD,17.9N,36.4W,30,,,,,,,,,,,,,
AL,UNNAMED,1976,15,29,19760922,1200,,TD,18.5N,37.5W,30,,,,,,,,,,,,,
AL,UNNAMED,1976,15,29,19760922,1800,,TD,19.2N,39.4W,30,,,,,,,,,,,,,
AL,UNNAMED,1976,15,29,19760923,0,,TD,19.8N,41.3W,30,,,,,,,,,,,,,
AL,UNNAMED,1976,15,29,19760923,600,,TD,20.4N,43.2W,30,,,,,,,,,,,,,
AL,UNNAMED,1976,15,29,19760923,1200,,TD,21.0N,45.0W,30,,,,,,,,,,,,,
AL,UNNAMED,1976,15,29,19760923,1800,,TD,21.1N,45.3W,30,,,,,,,,,,,,,
AL,UNNAMED,1976,15,29,19760924,0,,TD,21.2N,45.7W,30,,,,,,,,,,,,,
AL,UNNAMED,1976,15,29,19760924,600,,TD,21.3N,46.1W,30,,,,,,,,,,,,,
AL,UNNAMED,1976,15,29,19760924,1200,,TD,21.5N,46.5W,30,,,,,,,,,,,,,
AL,UNNAMED,1976,15,29,19760924,1800,,TD,21.6N,46.6W,30,,,,,,,,,,,,,
AL,UNNAMED,1976,15,29,19760925,0,,TD,21.7N,46.7W,30,,,,,,,,,,,,,
AL,UNNAMED,1976,15,29,19760925,600,,TD,21.8N,46.8W,30,,,,,,,,,,,,,
AL,UNNAMED,1976,15,29,19760925,1200,,TD,22.0N,47.0W,30,,,,,,,,,,,,,
AL,UNNAMED,1976,15,29,19760925,1800,,TD,22.7N,46.7W,30,,,,,,,,,,,,,
AL,UNNAMED,1976,15,29,19760926,0,,TD,23.5N,46.5W,25,,,,,,,,,,,,,
AL,UNNAMED,1976,15,29,19760926,600,,TD,24.2N,46.2W,25,,,,,,,,,,,,,
AL,UNNAMED,1976,15,29,19760926,1200,,TD,25.0N,46.0W,25,,,,,,,,,,,,,
AL,UNNAMED,1976,15,29,19760926,1800,,TD,25.5N,45.5W,25,,,,,,,,,,,,,
AL,UNNAMED,1976,15,29,19760927,0,,TD,26.0N,45.0W,25,,,,,,,,,,,,,
AL,UNNAMED,1976,15,29,19760927,600,,TD,26.5N,44.5W,20,,,,,,,,,,,,,
AL,UNNAMED,1976,15,29,19760927,1200,,TD,27.0N,44.0W,20,,,,,,,,,,,,,
AL,UNNAMED,1976,16,10,19760922,1200,,TD,25.5N,91.0W,20,,,,,,,,,,,,,
AL,UNNAMED,1976,16,10,19760922,1800,,TD,25.8N,90.8W,25,,,,,,,,,,,,,
AL,UNNAMED,1976,16,10,19760923,0,,TD,26.2N,90.7W,25,,,,,,,,,,,,,
AL,UNNAMED,1976,16,10,19760923,600,,TD,26.6N,90.6W,25,,,,,,,,,,,,,
AL,UNNAMED,1976,16,10,19760923,1200,,TD,27.0N,90.5W,25,,,,,,,,,,,,,
AL,UNNAMED,1976,16,10,19760923,1800,,TD,27.6N,90.2W,25,,,,,,,,,,,,,
AL,UNNAMED,1976,16,10,19760924,0,,TD,28.3N,89.8W,25,,,,,,,,,,,,,
AL,UNNAMED,1976,16,10,19760924,600,,TD,28.9N,89.4W,25,,,,,,,,,,,,,
AL,UNNAMED,1976,16,10,19760924,1200,,TD,29.5N,89.0W,20,,,,,,,,,,,,,
AL,UNNAMED,1976,16,10,19760924,1800,,TD,31.0N,88.5W,-99,,,,,,,,,,,,,
AL,GLORIA,1976,17,35,19760926,1200,,TD,23.0N,58.0W,20,1009,,,,,,,,,,,,
AL,GLORIA,1976,17,35,19760926,1800,,TD,23.7N,58.1W,20,1007,,,,,,,,,,,,
AL,GLORIA,1976,17,35,19760927,0,,TD,24.3N,58.2W,25,1005,,,,,,,,,,,,
AL,GLORIA,1976,17,35,19760927,600,,TD,24.9N,58.1W,30,1001,,,,,,,,,,,,
AL,GLORIA,1976,17,35,19760927,1200,,TS,25.7N,58.0W,35,997,,,,,,,,,,,,
AL,GLORIA,1976,17,35,19760927,1800,,TS,26.3N,58.0W,45,994,,,,,,,,,,,,
AL,GLORIA,1976,17,35,19760928,0,,TS,27.0N,58.0W,55,993,,,,,,,,,,,,
AL,GLORIA,1976,17,35,19760928,600,,TS,27.5N,58.2W,60,992,,,,,,,,,,,,
AL,GLORIA,1976,17,35,19760928,1200,,TS,27.8N,58.6W,60,992,,,,,,,,,,,,
AL,GLORIA,1976,17,35,19760928,1800,,TS,28.2N,59.0W,60,991,,,,,,,,,,,,
AL,GLORIA,1976,17,35,19760929,0,,TS,28.6N,59.5W,60,988,,,,,,,,,,,,
AL,GLORIA,1976,17,35,19760929,600,,HU,29.1N,59.8W,65,984,,,,,,,,,,,,
AL,GLORIA,1976,17,35,19760929,1200,,HU,29.7N,60.2W,65,979,,,,,,,,,,,,
AL,GLORIA,1976,17,35,19760929,1800,,HU,30.2N,60.3W,70,973,,,,,,,,,,,,
AL,GLORIA,1976,17,35,19760930,0,,HU,31.1N,60.2W,80,970,,,,,,,,,,,,
AL,GLORIA,1976,17,35,19760930,600,,HU,32.2N,59.8W,85,971,,,,,,,,,,,,
AL,GLORIA,1976,17,35,19760930,1200,,HU,33.1N,58.8W,90,977,,,,,,,,,,,,
AL,GLORIA,1976,17,35,19760930,1800,,HU,34.0N,57.5W,90,981,,,,,,,,,,,,
AL,GLORIA,1976,17,35,19761001,0,,HU,34.7N,56.1W,90,985,,,,,,,,,,,,
AL,GLORIA,1976,17,35,19761001,600,,HU,35.3N,54.8W,85,988,,,,,,,,,,,,
AL,GLORIA,1976,17,35,19761001,1200,,HU,35.7N,53.7W,80,990,,,,,,,,,,,,
AL,GLORIA,1976,17,35,19761001,1800,,HU,36.1N,52.6W,75,992,,,,,,,,,,,,
AL,GLORIA,1976,17,35,19761002,0,,HU,36.4N,51.7W,70,993,,,,,,,,,,,,
AL,GLORIA,1976,17,35,19761002,600,,TS,36.6N,50.8W,60,994,,,,,,,,,,,,
AL,GLORIA,1976,17,35,19761002,1200,,TS,36.8N,49.9W,60,995,,,,,,,,,,,,
AL,GLORIA,1976,17,35,19761002,1800,,TS,36.9N,49.0W,55,996,,,,,,,,,,,,
AL,GLORIA,1976,17,35,19761003,0,,TS,36.8N,48.3W,50,997,,,,,,,,,,,,
AL,GLORIA,1976,17,35,19761003,600,,TS,36.4N,47.6W,45,998,,,,,,,,,,,,
AL,GLORIA,1976,17,35,19761003,1200,,TS,36.2N,46.9W,40,999,,,,,,,,,,,,
AL,GLORIA,1976,17,35,19761003,1800,,TS,35.8N,45.8W,40,1001,,,,,,,,,,,,
AL,GLORIA,1976,17,35,19761004,0,,TS,35.7N,44.6W,35,1002,,,,,,,,,,,,
AL,GLORIA,1976,17,35,19761004,600,,TD,36.0N,43.0W,30,1003,,,,,,,,,,,,
AL,GLORIA,1976,17,35,19761004,1200,,TD,36.5N,41.4W,30,1005,,,,,,,,,,,,
AL,GLORIA,1976,17,35,19761004,1800,,TD,37.4N,38.7W,30,1006,,,,,,,,,,,,
AL,GLORIA,1976,17,35,19761005,0,,EX,39.0N,35.0W,30,1008,,,,,,,,,,,,
AL,UNNAMED,1976,18,9,19760926,1200,,TD,12.0N,35.0W,20,,,,,,,,,,,,,
AL,UNNAMED,1976,18,9,19760926,1800,,TD,12.0N,36.3W,25,,,,,,,,,,,,,
AL,UNNAMED,1976,18,9,19760927,0,,TD,12.0N,37.5W,25,,,,,,,,,,,,,
AL,UNNAMED,1976,18,9,19760927,600,,TD,12.0N,38.8W,30,,,,,,,,,,,,,
AL,UNNAMED,1976,18,9,19760927,1200,,TD,12.0N,40.0W,30,,,,,,,,,,,,,
AL,UNNAMED,1976,18,9,19760927,1800,,TD,12.2N,39.0W,30,,,,,,,,,,,,,
AL,UNNAMED,1976,18,9,19760928,0,,TD,12.5N,38.0W,30,,,,,,,,,,,,,
AL,UNNAMED,1976,18,9,19760928,600,,TD,12.8N,37.0W,25,,,,,,,,,,,,,
AL,UNNAMED,1976,18,9,19760928,1200,,TD,13.0N,36.0W,20,,,,,,,,,,,,,
AL,UNNAMED,1976,19,37,19761003,1200,,TD,15.0N,39.0W,20,,,,,,,,,,,,,
AL,UNNAMED,1976,19,37,19761003,1800,,TD,15.5N,40.8W,25,,,,,,,,,,,,,
AL,UNNAMED,1976,19,37,19761004,0,,TD,16.0N,42.5W,25,,,,,,,,,,,,,
AL,UNNAMED,1976,19,37,19761004,600,,TD,16.5N,44.2W,25,,,,,,,,,,,,,
AL,UNNAMED,1976,19,37,19761004,1200,,TD,17.0N,46.0W,30,,,,,,,,,,,,,
AL,UNNAMED,1976,19,37,19761004,1800,,TD,17.3N,47.2W,30,,,,,,,,,,,,,
AL,UNNAMED,1976,19,37,19761005,0,,TD,17.7N,48.5W,30,,,,,,,,,,,,,
AL,UNNAMED,1976,19,37,19761005,600,,TD,18.1N,49.7W,30,,,,,,,,,,,,,
AL,UNNAMED,1976,19,37,19761005,1200,,TD,18.5N,51.0W,30,,,,,,,,,,,,,
AL,UNNAMED,1976,19,37,19761005,1800,,TD,17.8N,52.0W,25,,,,,,,,,,,,,
AL,UNNAMED,1976,19,37,19761006,0,,TD,17.0N,53.0W,25,,,,,,,,,,,,,
AL,UNNAMED,1976,19,37,19761006,600,,TD,16.2N,55.0W,25,,,,,,,,,,,,,
AL,UNNAMED,1976,19,37,19761006,1200,,TD,15.5N,57.0W,25,,,,,,,,,,,,,
AL,UNNAMED,1976,19,37,19761006,1800,,TD,14.9N,58.2W,25,,,,,,,,,,,,,
AL,UNNAMED,1976,19,37,19761007,0,,TD,14.2N,59.5W,25,,,,,,,,,,,,,
AL,UNNAMED,1976,19,37,19761007,600,,TD,13.6N,60.7W,25,,,,,,,,,,,,,
AL,UNNAMED,1976,19,37,19761007,1200,,TD,13.0N,62.0W,25,,,,,,,,,,,,,
AL,UNNAMED,1976,19,37,19761007,1800,,TD,13.2N,63.0W,25,,,,,,,,,,,,,
AL,UNNAMED,1976,19,37,19761008,0,,TD,13.3N,64.0W,25,,,,,,,,,,,,,
AL,UNNAMED,1976,19,37,19761008,600,,TD,13.4N,65.0W,25,,,,,,,,,,,,,
AL,UNNAMED,1976,19,37,19761008,1200,,TD,13.5N,66.0W,30,,,,,,,,,,,,,
AL,UNNAMED,1976,19,37,19761008,1800,,TD,13.6N,66.7W,30,,,,,,,,,,,,,
AL,UNNAMED,1976,19,37,19761009,0,,TD,13.7N,67.5W,30,,,,,,,,,,,,,
AL,UNNAMED,1976,19,37,19761009,600,,TD,13.8N,68.2W,30,,,,,,,,,,,,,
AL,UNNAMED,1976,19,37,19761009,1200,,TD,14.0N,69.0W,30,,,,,,,,,,,,,
AL,UNNAMED,1976,19,37,19761009,1800,,TD,14.3N,69.3W,30,,,,,,,,,,,,,
AL,UNNAMED,1976,19,37,19761010,0,,TD,14.7N,69.7W,30,,,,,,,,,,,,,
AL,UNNAMED,1976,19,37,19761010,600,,TD,15.1N,70.1W,30,,,,,,,,,,,,,
AL,UNNAMED,1976,19,37,19761010,1200,,TD,15.5N,70.5W,30,,,,,,,,,,,,,
AL,UNNAMED,1976,19,37,19761010,1800,,TD,15.8N,70.6W,30,,,,,,,,,,,,,
AL,UNNAMED,1976,19,37,19761011,0,,TD,16.2N,70.7W,30,,,,,,,,,,,,,
AL,UNNAMED,1976,19,37,19761011,600,,TD,16.6N,70.9W,25,,,,,,,,,,,,,
AL,UNNAMED,1976,19,37,19761011,1200,,TD,17.0N,71.0W,25,,,,,,,,,,,,,
AL,UNNAMED,1976,19,37,19761011,1800,,TD,17.7N,71.0W,25,,,,,,,,,,,,,
AL,UNNAMED,1976,19,37,19761012,0,,TD,18.5N,71.0W,25,,,,,,,,,,,,,
AL,UNNAMED,1976,19,37,19761012,600,,TD,19.2N,71.0W,-99,,,,,,,,,,,,,
AL,UNNAMED,1976,19,37,19761012,1200,,TD,20.0N,71.0W,15,,,,,,,,,,,,,
AL,UNNAMED,1976,20,13,19761012,1200,,TD,20.0N,46.0W,20,,,,,,,,,,,,,
AL,UNNAMED,1976,20,13,19761012,1800,,TD,20.5N,46.2W,25,,,,,,,,,,,,,
AL,UNNAMED,1976,20,13,19761013,0,,TD,21.0N,46.5W,25,,,,,,,,,,,,,
AL,UNNAMED,1976,20,13,19761013,600,,TD,21.5N,46.8W,25,,,,,,,,,,,,,
AL,UNNAMED,1976,20,13,19761013,1200,,TD,22.0N,47.0W,25,,,,,,,,,,,,,
AL,UNNAMED,1976,20,13,19761013,1800,,TD,22.7N,47.5W,25,,,,,,,,,,,,,
AL,UNNAMED,1976,20,13,19761014,0,,TD,22.5N,48.0W,25,,,,,,,,,,,,,
AL,UNNAMED,1976,20,13,19761014,600,,TD,22.7N,48.5W,30,,,,,,,,,,,,,
AL,UNNAMED,1976,20,13,19761014,1200,,TD,23.0N,49.0W,30,,,,,,,,,,,,,
AL,UNNAMED,1976,20,13,19761014,1800,,TD,23.7N,48.5W,30,,,,,,,,,,,,,
AL,UNNAMED,1976,20,13,19761015,0,,TD,24.5N,48.0W,25,,,,,,,,,,,,,
AL,UNNAMED,1976,20,13,19761015,600,,TD,25.2N,47.5W,25,,,,,,,,,,,,,
AL,UNNAMED,1976,20,13,19761015,1200,,TD,26.0N,47.0W,20,,,,,,,,,,,,,
AL,HOLLY,1976,21,26,19761022,1800,,TD,19.1N,55.8W,25,1006,,,,,,,,,,,,
AL,HOLLY,1976,21,26,19761023,0,,TD,19.8N,56.4W,25,,,,,,,,,,,,,
AL,HOLLY,1976,21,26,19761023,600,,TD,20.9N,56.7W,25,,,,,,,,,,,,,
AL,HOLLY,1976,21,26,19761023,1200,,TD,22.0N,57.0W,25,,,,,,,,,,,,,
AL,HOLLY,1976,21,26,19761023,1800,,TS,22.5N,58.0W,35,1002,,,,,,,,,,,,
AL,HOLLY,1976,21,26,19761024,0,,TS,23.3N,58.3W,35,,,,,,,,,,,,,
AL,HOLLY,1976,21,26,19761024,600,,TS,24.2N,58.2W,45,995,,,,,,,,,,,,
AL,HOLLY,1976,21,26,19761024,1200,,HU,24.9N,58.1W,65,990,,,,,,,,,,,,
AL,HOLLY,1976,21,26,19761024,1800,,HU,25.8N,57.8W,65,,,,,,,,,,,,,
AL,HOLLY,1976,21,26,19761025,0,,HU,27.2N,57.5W,65,995,,,,,,,,,,,,
AL,HOLLY,1976,21,26,19761025,600,,HU,28.7N,56.7W,65,,,,,,,,,,,,,
AL,HOLLY,1976,21,26,19761025,1200,,TS,30.4N,55.7W,50,1000,,,,,,,,,,,,
AL,HOLLY,1976,21,26,19761025,1800,,TS,31.7N,54.0W,50,,,,,,,,,,,,,
AL,HOLLY,1976,21,26,19761026,0,,TS,32.2N,53.0W,50,,,,,,,,,,,,,
AL,HOLLY,1976,21,26,19761026,600,,TS,32.3N,52.1W,50,,,,,,,,,,,,,
AL,HOLLY,1976,21,26,19761026,1200,,TS,32.5N,51.3W,40,,,,,,,,,,,,,
AL,HOLLY,1976,21,26,19761026,1800,,TS,32.6N,50.3W,40,,,,,,,,,,,,,
AL,HOLLY,1976,21,26,19761027,0,,TS,33.2N,50.1W,40,,,,,,,,,,,,,
AL,HOLLY,1976,21,26,19761027,600,,TS,33.9N,50.0W,40,,,,,,,,,,,,,
AL,HOLLY,1976,21,26,19761027,1200,,TS,34.6N,49.5W,40,,,,,,,,,,,,,
AL,HOLLY,1976,21,26,19761027,1800,,TS,35.6N,48.0W,40,,,,,,,,,,,,,
AL,HOLLY,1976,21,26,19761028,0,,TS,37.1N,45.9W,40,,,,,,,,,,,,,
AL,HOLLY,1976,21,26,19761028,600,,TS,38.8N,43.5W,35,,,,,,,,,,,,,
AL,HOLLY,1976,21,26,19761028,1200,,TS,42.1N,39.5W,35,,,,,,,,,,,,,
AL,HOLLY,1976,21,26,19761028,1800,,EX,44.8N,35.0W,35,,,,,,,,,,,,,
AL,HOLLY,1976,21,26,19761029,0,,EX,46.5N,30.0W,35,1000,,,,,,,,,,,,
AL,UNNAMED,1977,1,6,19770613,1200,,TD,25.0N,94.5W,20,,,,,,,,,,,,,
AL,UNNAMED,1977,1,6,19770613,1800,,TD,26.0N,94.8W,25,,,,,,,,,,,,,
AL,UNNAMED,1977,1,6,19770614,0,,TD,27.0N,95.2W,25,,,,,,,,,,,,,
AL,UNNAMED,1977,1,6,19770614,600,,TD,28.0N,95.6W,25,,,,,,,,,,,,,
AL,UNNAMED,1977,1,6,19770614,1200,,TD,29.0N,96.0W,25,,,,,,,,,,,,,
AL,UNNAMED,1977,1,6,19770614,1800,,TD,30.0N,96.4W,-99,,,,,,,,,,,,,
AL,UNNAMED,1977,2,6,19770718,600,,TD,25.8N,86.8W,20,,,,,,,,,,,,,
AL,UNNAMED,1977,2,6,19770718,1200,,TD,27.0N,87.0W,25,,,,,,,,,,,,,
AL,UNNAMED,1977,2,6,19770718,1800,,TD,28.3N,87.2W,30,,,,,,,,,,,,,
AL,UNNAMED,1977,2,6,19770719,0,,TD,29.5N,87.5W,30,,,,,,,,,,,,,
AL,UNNAMED,1977,2,6,19770719,600,,TD,30.7N,87.8W,25,,,,,,,,,,,,,
AL,UNNAMED,1977,2,6,19770719,1200,,TD,32.0N,88.0W,-99,,,,,,,,,,,,,
AL,UNNAMED,1977,3,5,19770725,1200,,TD,25.5N,84.0W,20,,,,,,,,,,,,,
AL,UNNAMED,1977,3,5,19770725,1800,,TD,25.4N,84.8W,25,,,,,,,,,,,,,
AL,UNNAMED,1977,3,5,19770726,0,,TD,25.3N,85.5W,25,,,,,,,,,,,,,
AL,UNNAMED,1977,3,5,19770726,600,,TD,25.1N,86.2W,25,,,,,,,,,,,,,
AL,UNNAMED,1977,3,5,19770726,1200,,TD,25.0N,87.0W,20,,,,,,,,,,,,,
AL,UNNAMED,1977,4,13,19770801,1200,,TD,11.5N,17.5W,20,,,,,,,,,,,,,
AL,UNNAMED,1977,4,13,19770801,1800,,TD,11.5N,19.5W,25,,,,,,,,,,,,,
AL,UNNAMED,1977,4,13,19770802,0,,TD,11.5N,21.5W,25,,,,,,,,,,,,,
AL,UNNAMED,1977,4,13,19770802,600,,TD,11.5N,23.5W,30,,,,,,,,,,,,,
AL,UNNAMED,1977,4,13,19770802,1200,,TD,11.5N,25.5W,30,,,,,,,,,,,,,
AL,UNNAMED,1977,4,13,19770802,1800,,TD,11.6N,27.1W,30,,,,,,,,,,,,,
AL,UNNAMED,1977,4,13,19770803,0,,TD,11.7N,28.7W,30,,,,,,,,,,,,,
AL,UNNAMED,1977,4,13,19770803,600,,TD,11.8N,30.3W,30,,,,,,,,,,,,,
AL,UNNAMED,1977,4,13,19770803,1200,,TD,12.0N,32.0W,30,,,,,,,,,,,,,
AL,UNNAMED,1977,4,13,19770803,1800,,TD,12.4N,33.5W,30,,,,,,,,,,,,,
AL,UNNAMED,1977,4,13,19770804,0,,TD,12.8N,35.0W,25,,,,,,,,,,,,,
AL,UNNAMED,1977,4,13,19770804,600,,TD,13.2N,36.5W,25,,,,,,,,,,,,,
AL,UNNAMED,1977,4,13,19770804,1200,,TD,13.5N,38.0W,20,,,,,,,,,,,,,
AL,ANITA,1977,5,20,19770829,1200,,TD,26.9N,88.4W,20,1012,,,,,,,,,,,,
AL,ANITA,1977,5,20,19770829,1800,,TD,27.0N,88.9W,25,1010,,,,,,,,,,,,
AL,ANITA,1977,5,20,19770830,0,,TD,26.9N,89.4W,30,1009,,,,,,,,,,,,
AL,ANITA,1977,5,20,19770830,600,,TS,26.8N,89.8W,40,1006,,,,,,,,,,,,
AL,ANITA,1977,5,20,19770830,1200,,TS,26.7N,90.3W,50,1003,,,,,,,,,,,,
AL,ANITA,1977,5,20,19770830,1800,,HU,26.5N,90.6W,65,997,,,,,,,,,,,,
AL,ANITA,1977,5,20,19770831,0,,HU,26.4N,91.0W,70,991,,,,,,,,,,,,
AL,ANITA,1977,5,20,19770831,600,,HU,26.3N,91.4W,75,988,,,,,,,,,,,,
AL,ANITA,1977,5,20,19770831,1200,,HU,26.2N,91.8W,75,986,,,,,,,,,,,,
AL,ANITA,1977,5,20,19770831,1800,,HU,26.1N,92.3W,80,985,,,,,,,,,,,,
AL,ANITA,1977,5,20,19770901,0,,HU,25.9N,92.8W,80,979,,,,,,,,,,,,
AL,ANITA,1977,5,20,19770901,600,,HU,25.8N,93.7W,85,972,,,,,,,,,,,,
AL,ANITA,1977,5,20,19770901,1200,,HU,25.5N,94.7W,90,963,,,,,,,,,,,,
AL,ANITA,1977,5,20,19770901,1800,,HU,25.2N,95.5W,110,945,,,,,,,,,,,,
AL,ANITA,1977,5,20,19770902,0,,HU,24.6N,96.2W,140,931,,,,,,,,,,,,
AL,ANITA,1977,5,20,19770902,600,,HU,24.2N,97.1W,150,926,,,,,,,,,,,,
AL,ANITA,1977,5,20,19770902,1200,,HU,23.7N,98.0W,120,940,,,,,,,,,,,,
AL,ANITA,1977,5,20,19770902,1800,,HU,23.1N,99.2W,70,978,,,,,,,,,,,,
AL,ANITA,1977,5,20,19770903,0,,TS,22.5N,101.0W,40,998,,,,,,,,,,,,
AL,ANITA,1977,5,20,19770903,600,,TD,22.0N,103.0W,25,1011,,,,,,,,,,,,
AL,BABE,1977,6,24,19770903,600,,SD,26.8N,86.3W,25,1007,,,,,,,,,,,,
AL,BABE,1977,6,24,19770903,1200,,SD,27.4N,87.3W,30,,,,,,,,,,,,,
AL,BABE,1977,6,24,19770903,1800,,SS,27.6N,88.5W,35,1005,,,,,,,,,,,,
AL,BABE,1977,6,24,19770904,0,,SS,27.4N,89.7W,35,,,,,,,,,,,,,
AL,BABE,1977,6,24,19770904,600,,SS,26.6N,90.5W,40,,,,,,,,,,,,,
AL,BABE,1977,6,24,19770904,1200,,SS,26.8N,91.7W,45,1003,,,,,,,,,,,,
AL,BABE,1977,6,24,19770904,1800,,TS,27.5N,91.7W,50,1000,,,,,,,,,,,,
AL,BABE,1977,6,24,19770905,0,,TS,28.0N,91.6W,60,,,,,,,,,,,,,
AL,BABE,1977,6,24,19770905,600,,HU,28.7N,91.4W,65,995,,,,,,,,,,,,
AL,BABE,1977,6,24,19770905,1200,,HU,29.5N,91.2W,65,,,,,,,,,,,,,
AL,BABE,1977,6,24,19770905,1800,,TS,29.8N,91.6W,50,1000,,,,,,,,,,,,
AL,BABE,1977,6,24,19770906,0,,TD,30.2N,91.3W,30,,,,,,,,,,,,,
AL,BABE,1977,6,24,19770906,600,,TD,30.6N,90.7W,30,,,,,,,,,,,,,
AL,BABE,1977,6,24,19770906,1200,,TD,31.1N,90.0W,30,,,,,,,,,,,,,
AL,BABE,1977,6,24,19770906,1800,,TD,31.7N,89.4W,25,1004,,,,,,,,,,,,
AL,BABE,1977,6,24,19770907,0,,TD,32.4N,88.8W,25,,,,,,,,,,,,,
AL,BABE,1977,6,24,19770907,600,,TD,33.2N,88.0W,25,,,,,,,,,,,,,
AL,BABE,1977,6,24,19770907,1200,,TD,33.8N,87.1W,25,1008,,,,,,,,,,,,
AL,BABE,1977,6,24,19770907,1800,,TD,34.3N,85.8W,25,,,,,,,,,,,,,
AL,BABE,1977,6,24,19770908,0,,TD,34.5N,84.8W,25,1010,,,,,,,,,,,,
AL,BABE,1977,6,24,19770908,600,,TD,34.6N,83.9W,25,,,,,,,,,,,,,
AL,BABE,1977,6,24,19770908,1200,,TD,34.7N,82.6W,25,,,,,,,,,,,,,
AL,BABE,1977,6,24,19770908,1800,,TD,34.8N,81.3W,25,,,,,,,,,,,,,
AL,BABE,1977,6,24,19770909,0,,TD,34.8N,80.2W,25,1012,,,,,,,,,,,,
AL,CLARA,1977,7,27,19770905,1200,,TD,32.8N,80.0W,20,1015,,,,,,,,,,,,
AL,CLARA,1977,7,27,19770905,1800,,TD,33.2N,79.0W,20,1014,,,,,,,,,,,,
AL,CLARA,1977,7,27,19770906,0,,TD,33.6N,78.2W,20,1013,,,,,,,,,,,,
AL,CLARA,1977,7,27,19770906,600,,TD,33.8N,77.6W,25,1012,,,,,,,,,,,,
AL,CLARA,1977,7,27,19770906,1200,,TD,34.0N,77.0W,25,1011,,,,,,,,,,,,
AL,CLARA,1977,7,27,19770906,1800,,TD,34.2N,76.4W,25,1010,,,,,,,,,,,,
AL,CLARA,1977,7,27,19770907,0,,TD,34.4N,75.8W,30,1010,,,,,,,,,,,,
AL,CLARA,1977,7,27,19770907,600,,TD,34.6N,75.0W,30,1010,,,,,,,,,,,,
AL,CLARA,1977,7,27,19770907,1200,,TD,34.7N,74.3W,30,1010,,,,,,,,,,,,
AL,CLARA,1977,7,27,19770907,1800,,TD,34.9N,73.0W,30,1010,,,,,,,,,,,,
AL,CLARA,1977,7,27,19770908,0,,TS,35.1N,71.7W,35,1006,,,,,,,,,,,,
AL,CLARA,1977,7,27,19770908,600,,TS,35.3N,69.7W,45,1001,,,,,,,,,,,,
AL,CLARA,1977,7,27,19770908,1200,,HU,35.5N,67.7W,65,993,,,,,,,,,,,,
AL,CLARA,1977,7,27,19770908,1800,,HU,35.6N,66.2W,65,994,,,,,,,,,,,,
AL,CLARA,1977,7,27,19770909,0,,HU,35.5N,64.6W,65,998,,,,,,,,,,,,
AL,CLARA,1977,7,27,19770909,600,,TS,34.8N,63.5W,60,1000,,,,,,,,,,,,
AL,CLARA,1977,7,27,19770909,1200,,TS,34.0N,62.8W,55,999,,,,,,,,,,,,
AL,CLARA,1977,7,27,19770909,1800,,TS,33.4N,62.8W,50,1001,,,,,,,,,,,,
AL,CLARA,1977,7,27,19770910,0,,TS,32.8N,63.2W,45,1000,,,,,,,,,,,,
AL,CLARA,1977,7,27,19770910,600,,TS,32.8N,63.6W,40,1000,,,,,,,,,,,,
AL,CLARA,1977,7,27,19770910,1200,,TS,33.0N,63.8W,45,1001,,,,,,,,,,,,
AL,CLARA,1977,7,27,19770910,1800,,TS,33.5N,63.7W,45,1001,,,,,,,,,,,,
AL,CLARA,1977,7,27,19770911,0,,TS,34.2N,63.2W,45,1002,,,,,,,,,,,,
AL,CLARA,1977,7,27,19770911,600,,TS,34.8N,62.5W,45,1002,,,,,,,,,,,,
AL,CLARA,1977,7,27,19770911,1200,,EX,36.0N,61.5W,45,1001,,,,,,,,,,,,
AL,CLARA,1977,7,27,19770911,1800,,EX,38.0N,59.8W,45,1001,,,,,,,,,,,,
AL,CLARA,1977,7,27,19770912,0,,EX,40.5N,57.5W,45,1001,,,,,,,,,,,,
AL,UNNAMED,1977,8,9,19770917,1200,,TD,10.0N,35.5W,20,,,,,,,,,,,,,
AL,UNNAMED,1977,8,9,19770917,1800,,TD,10.0N,36.7W,25,,,,,,,,,,,,,
AL,UNNAMED,1977,8,9,19770918,0,,TD,10.0N,38.0W,25,,,,,,,,,,,,,
AL,UNNAMED,1977,8,9,19770918,600,,TD,10.0N,39.2W,25,,,,,,,,,,,,,
AL,UNNAMED,1977,8,9,19770918,1200,,TD,10.0N,40.5W,25,,,,,,,,,,,,,
AL,UNNAMED,1977,8,9,19770918,1800,,TD,10.0N,41.7W,25,,,,,,,,,,,,,
AL,UNNAMED,1977,8,9,19770919,0,,TD,10.0N,42.8W,25,,,,,,,,,,,,,
AL,UNNAMED,1977,8,9,19770919,600,,TD,10.0N,43.9W,20,,,,,,,,,,,,,
AL,UNNAMED,1977,8,9,19770919,1200,,TD,10.0N,45.0W,20,,,,,,,,,,,,,
AL,UNNAMED,1977,9,5,19770922,1200,,TD,20.0N,95.0W,20,,,,,,,,,,,,,
AL,UNNAMED,1977,9,5,19770922,1800,,TD,20.5N,95.8W,25,,,,,,,,,,,,,
AL,UNNAMED,1977,9,5,19770923,0,,TD,21.0N,96.5W,25,,,,,,,,,,,,,
AL,UNNAMED,1977,9,5,19770923,600,,TD,21.5N,97.2W,25,,,,,,,,,,,,,
AL,UNNAMED,1977,9,5,19770923,1200,,TD,22.0N,98.0W,-99,,,,,,,,,,,,,
AL,DOROTHY,1977,10,15,19770926,1800,,TD,28.5N,71.5W,20,1010,,,,,,,,,,,,
AL,DOROTHY,1977,10,15,19770927,0,,TD,29.5N,69.8W,20,1009,,,,,,,,,,,,
AL,DOROTHY,1977,10,15,19770927,600,,TD,30.2N,67.9W,30,1005,,,,,,,,,,,,
AL,DOROTHY,1977,10,15,19770927,1200,,TS,30.9N,65.8W,40,1002,,,,,,,,,,,,
AL,DOROTHY,1977,10,15,19770927,1800,,TS,31.9N,63.6W,45,1000,,,,,,,,,,,,
AL,DOROTHY,1977,10,15,19770928,0,,TS,33.2N,61.8W,50,996,,,,,,,,,,,,
AL,DOROTHY,1977,10,15,19770928,600,,TS,34.4N,60.8W,60,992,,,,,,,,,,,,
AL,DOROTHY,1977,10,15,19770928,1200,,HU,35.5N,59.7W,65,988,,,,,,,,,,,,
AL,DOROTHY,1977,10,15,19770928,1800,,HU,37.0N,58.8W,70,984,,,,,,,,,,,,
AL,DOROTHY,1977,10,15,19770929,0,,HU,38.3N,57.0W,75,980,,,,,,,,,,,,
AL,DOROTHY,1977,10,15,19770929,600,,HU,40.0N,55.5W,70,984,,,,,,,,,,,,
AL,DOROTHY,1977,10,15,19770929,1200,,HU,42.0N,54.0W,65,988,,,,,,,,,,,,
AL,DOROTHY,1977,10,15,19770929,1800,,EX,44.5N,53.0W,60,990,,,,,,,,,,,,
AL,DOROTHY,1977,10,15,19770930,0,,EX,47.0N,51.0W,50,995,,,,,,,,,,,,
AL,DOROTHY,1977,10,15,19770930,600,,EX,49.5N,48.5W,45,1000,,,,,,,,,,,,
AL,UNNAMED,1977,11,9,19771001,1200,,TD,10.0N,46.0W,20,,,,,,,,,,,,,
AL,UNNAMED,1977,11,9,19771001,1800,,TD,10.3N,47.2W,25,,,,,,,,,,,,,
AL,UNNAMED,1977,11,9,19771002,0,,TD,10.5N,48.5W,25,,,,,,,,,,,,,
AL,UNNAMED,1977,11,9,19771002,600,,TD,10.7N,49.8W,25,,,,,,,,,,,,,
AL,UNNAMED,1977,11,9,19771002,1200,,TD,11.0N,51.0W,30,,,,,,,,,,,,,
AL,UNNAMED,1977,11,9,19771002,1800,,TD,11.3N,52.2W,30,,,,,,,,,,,,,
AL,UNNAMED,1977,11,9,19771003,0,,TD,11.5N,53.5W,25,,,,,,,,,,,,,
AL,UNNAMED,1977,11,9,19771003,600,,TD,11.8N,54.8W,25,,,,,,,,,,,,,
AL,UNNAMED,1977,11,9,19771003,1200,,TD,12.0N,56.0W,20,,,,,,,,,,,,,
AL,UNNAMED,1977,12,9,19771003,1200,,TD,27.5N,43.0W,20,,,,,,,,,,,,,
AL,UNNAMED,1977,12,9,19771003,1800,,TD,27.8N,43.2W,25,,,,,,,,,,,,,
AL,UNNAMED,1977,12,9,19771004,0,,TD,28.2N,43.2W,25,,,,,,,,,,,,,
AL,UNNAMED,1977,12,9,19771004,600,,TD,28.6N,43.3W,30,,,,,,,,,,,,,
AL,UNNAMED,1977,12,9,19771004,1200,,TD,29.0N,43.5W,30,,,,,,,,,,,,,
AL,UNNAMED,1977,12,9,19771004,1800,,TD,29.5N,44.8W,30,,,,,,,,,,,,,
AL,UNNAMED,1977,12,9,19771005,0,,TD,30.0N,46.2W,25,,,,,,,,,,,,,
AL,UNNAMED,1977,12,9,19771005,600,,TD,30.5N,47.6W,25,,,,,,,,,,,,,
AL,UNNAMED,1977,12,9,19771005,1200,,TD,31.0N,49.0W,20,,,,,,,,,,,,,
AL,EVELYN,1977,13,10,19771013,1800,,TD,26.9N,62.9W,30,1010,,,,,,,,,,,,
AL,EVELYN,1977,13,10,19771014,0,,TD,29.0N,64.0W,30,1008,,,,,,,,,,,,
AL,EVELYN,1977,13,10,19771014,600,,TS,30.9N,64.9W,35,1005,,,,,,,,,,,,
AL,EVELYN,1977,13,10,19771014,1200,,TS,33.0N,64.9W,40,1002,,,,,,,,,,,,
AL,EVELYN,1977,13,10,19771014,1800,,TS,35.9N,64.4W,50,999,,,,,,,,,,,,
AL,EVELYN,1977,13,10,19771015,0,,HU,39.2N,63.3W,65,994,,,,,,,,,,,,
AL,EVELYN,1977,13,10,19771015,600,,HU,42.4N,61.5W,70,996,,,,,,,,,,,,
AL,EVELYN,1977,13,10,19771015,1200,,HU,45.5N,60.1W,70,998,,,,,,,,,,,,
AL,EVELYN,1977,13,10,19771015,1800,,HU,47.4N,59.2W,70,999,,,,,,,,,,,,
AL,EVELYN,1977,13,10,19771016,0,,EX,49.1N,58.3W,45,1000,,,,,,,,,,,,
AL,FRIEDA,1977,14,10,19771016,1800,,TD,17.3N,83.2W,25,1011,,,,,,,,,,,,
AL,FRIEDA,1977,14,10,19771017,0,,TD,17.3N,83.4W,30,1010,,,,,,,,,,,,
AL,FRIEDA,1977,14,10,19771017,600,,TD,17.3N,83.6W,30,1009,,,,,,,,,,,,
AL,FRIEDA,1977,14,10,19771017,1200,,TS,17.2N,83.9W,40,1008,,,,,,,,,,,,
AL,FRIEDA,1977,14,10,19771017,1800,,TS,17.2N,84.4W,45,1007,,,,,,,,,,,,
AL,FRIEDA,1977,14,10,19771018,0,,TS,17.3N,85.0W,50,1006,,,,,,,,,,,,
AL,FRIEDA,1977,14,10,19771018,600,,TS,17.4N,85.8W,40,1005,,,,,,,,,,,,
AL,FRIEDA,1977,14,10,19771018,1200,,TD,17.5N,86.6W,30,1006,,,,,,,,,,,,
AL,FRIEDA,1977,14,10,19771018,1800,,TD,17.6N,87.4W,25,1008,,,,,,,,,,,,
AL,FRIEDA,1977,14,10,19771019,0,,TD,17.6N,88.3W,20,1010,,,,,,,,,,,,
AL,UNNAMED,1977,15,6,19771024,1200,,TD,25.5N,95.5W,20,,,,,,,,,,,,,
AL,UNNAMED,1977,15,6,19771024,1800,,TD,26.5N,94.2W,25,,,,,,,,,,,,,
AL,UNNAMED,1977,15,6,19771025,0,,TD,27.5N,92.8W,30,,,,,,,,,,,,,
AL,UNNAMED,1977,15,6,19771025,600,,TD,28.5N,91.4W,30,,,,,,,,,,,,,
AL,UNNAMED,1977,15,6,19771025,1200,,TD,29.5N,90.0W,25,,,,,,,,,,,,,
AL,UNNAMED,1977,15,6,19771025,1800,,TD,30.5N,88.6W,-99,,,,,,,,,,,,,
AL,UNNAMED,1978,1,19,19780118,1200,,SD,22.0N,44.0W,25,1013,,,,,,,,,,,,
AL,UNNAMED,1978,1,19,19780118,1800,,SD,22.5N,45.0W,25,,,,,,,,,,,,,
AL,UNNAMED,1978,1,19,19780119,0,,SD,23.0N,46.0W,30,,,,,,,,,,,,,
AL,UNNAMED,1978,1,19,19780119,600,,SD,23.3N,46.7W,30,,,,,,,,,,,,,
AL,UNNAMED,1978,1,19,19780119,1200,,SS,23.5N,47.6W,35,1008,,,,,,,,,,,,
AL,UNNAMED,1978,1,19,19780119,1800,,SS,23.8N,48.3W,35,,,,,,,,,,,,,
AL,UNNAMED,1978,1,19,19780120,0,,SS,24.0N,49.5W,35,1005,,,,,,,,,,,,
AL,UNNAMED,1978,1,19,19780120,600,,SS,23.9N,50.5W,35,,,,,,,,,,,,,
AL,UNNAMED,1978,1,19,19780120,1200,,SS,23.3N,52.0W,40,1002,,,,,,,,,,,,
AL,UNNAMED,1978,1,19,19780120,1800,,SS,22.9N,53.5W,40,,,,,,,,,,,,,
AL,UNNAMED,1978,1,19,19780121,0,,SS,22.8N,54.8W,40,,,,,,,,,,,,,
AL,UNNAMED,1978,1,19,19780121,600,,SS,22.7N,56.0W,40,,,,,,,,,,,,,
AL,UNNAMED,1978,1,19,19780121,1200,,SS,22.6N,57.3W,40,,,,,,,,,,,,,
AL,UNNAMED,1978,1,19,19780121,1800,,SS,22.4N,58.8W,40,1003,,,,,,,,,,,,
AL,UNNAMED,1978,1,19,19780122,0,,SS,22.0N,59.8W,35,,,,,,,,,,,,,
AL,UNNAMED,1978,1,19,19780122,600,,SS,21.7N,60.8W,35,,,,,,,,,,,,,
AL,UNNAMED,1978,1,19,19780122,1200,,SD,21.4N,61.8W,30,,,,,,,,,,,,,
AL,UNNAMED,1978,1,19,19780122,1800,,SD,21.0N,62.9W,25,1010,,,,,,,,,,,,
AL,UNNAMED,1978,1,19,19780123,0,,SD,21.0N,64.0W,25,,,,,,,,,,,,,
AL,UNNAMED,1978,2,6,19780621,1200,,TD,25.2N,86.5W,20,,,,,,,,,,,,,
AL,UNNAMED,1978,2,6,19780621,1800,,TD,25.6N,85.8W,25,,,,,,,,,,,,,
AL,UNNAMED,1978,2,6,19780622,0,,TD,26.0N,85.0W,25,,,,,,,,,,,,,
AL,UNNAMED,1978,2,6,19780622,600,,TD,26.2N,84.5W,25,,,,,,,,,,,,,
AL,UNNAMED,1978,2,6,19780622,1200,,TD,26.4N,84.0W,20,,,,,,,,,,,,,
AL,UNNAMED,1978,2,6,19780622,1800,,TD,26.6N,83.5W,-99,,,,,,,,,,,,,
AL,UNNAMED,1978,3,9,19780710,1200,,TD,15.5N,27.5W,20,,,,,,,,,,,,,
AL,UNNAMED,1978,3,9,19780710,1800,,TD,15.5N,29.7W,25,,,,,,,,,,,,,
AL,UNNAMED,1978,3,9,19780711,0,,TD,15.5N,32.0W,25,,,,,,,,,,,,,
AL,UNNAMED,1978,3,9,19780711,600,,TD,15.5N,34.0W,30,,,,,,,,,,,,,
AL,UNNAMED,1978,3,9,19780711,1200,,TD,15.5N,36.0W,30,,,,,,,,,,,,,
AL,UNNAMED,1978,3,9,19780711,1800,,TD,15.5N,38.0W,30,,,,,,,,,,,,,
AL,UNNAMED,1978,3,9,19780712,0,,TD,15.5N,40.0W,25,,,,,,,,,,,,,
AL,UNNAMED,1978,3,9,19780712,600,,TD,15.0N,42.0W,25,,,,,,,,,,,,,
AL,UNNAMED,1978,3,9,19780712,1200,,TD,14.5N,44.0W,20,,,,,,,,,,,,,
AL,AMELIA,1978,4,6,19780730,1800,,TD,25.7N,97.0W,30,1006,,,,,,,,,,,,
AL,AMELIA,1978,4,6,19780731,0,,TS,26.4N,97.4W,45,1005,,,,,,,,,,,,
AL,AMELIA,1978,4,6,19780731,600,,TS,27.2N,97.8W,40,1007,,,,,,,,,,,,
AL,AMELIA,1978,4,6,19780731,1200,,TS,28.0N,98.2W,35,1008,,,,,,,,,,,,
AL,AMELIA,1978,4,6,19780731,1800,,TD,28.6N,98.7W,30,1010,,,,,,,,,,,,
AL,AMELIA,1978,4,6,19780801,0,,TD,29.3N,99.2W,25,1010,,,,,,,,,,,,
AL,BESS,1978,5,13,19780805,1200,,TD,25.3N,90.4W,20,1012,,,,,,,,,,,,
AL,BESS,1978,5,13,19780805,1800,,TD,25.1N,91.0W,20,1012,,,,,,,,,,,,
AL,BESS,1978,5,13,19780806,0,,TD,24.8N,91.8W,25,1011,,,,,,,,,,,,
AL,BESS,1978,5,13,19780806,600,,TD,24.5N,92.5W,30,1010,,,,,,,,,,,,
AL,BESS,1978,5,13,19780806,1200,,TD,24.2N,93.3W,30,1009,,,,,,,,,,,,
AL,BESS,1978,5,13,19780806,1800,,TS,23.9N,94.0W,35,1008,,,,,,,,,,,,
AL,BESS,1978,5,13,19780807,0,,TS,23.3N,95.0W,40,1007,,,,,,,,,,,,
AL,BESS,1978,5,13,19780807,600,,TS,22.8N,95.7W,40,1006,,,,,,,,,,,,
AL,BESS,1978,5,13,19780807,1200,,TS,22.2N,96.2W,40,1005,,,,,,,,,,,,
AL,BESS,1978,5,13,19780807,1800,,TS,21.6N,96.6W,45,1006,,,,,,,,,,,,
AL,BESS,1978,5,13,19780808,0,,TS,21.1N,96.8W,45,1007,,,,,,,,,,,,
AL,BESS,1978,5,13,19780808,600,,TS,20.4N,96.9W,40,1008,,,,,,,,,,,,
AL,BESS,1978,5,13,19780808,1200,,TD,20.0N,97.0W,25,1010,,,,,,,,,,,,
AL,CORA,1978,6,19,19780807,1200,,TD,13.0N,35.0W,25,1010,,,,,,,,,,,,
AL,CORA,1978,6,19,19780807,1800,,TD,13.4N,36.2W,25,1010,,,,,,,,,,,,
AL,CORA,1978,6,19,19780808,0,,TD,13.8N,37.8W,25,1009,,,,,,,,,,,,
AL,CORA,1978,6,19,19780808,600,,TD,13.9N,39.6W,30,1008,,,,,,,,,,,,
AL,CORA,1978,6,19,19780808,1200,,TS,14.0N,41.5W,50,1003,,,,,,,,,,,,
AL,CORA,1978,6,19,19780808,1800,,HU,14.0N,43.2W,65,990,,,,,,,,,,,,
AL,CORA,1978,6,19,19780809,0,,HU,14.0N,44.9W,80,980,,,,,,,,,,,,
AL,CORA,1978,6,19,19780809,600,,HU,13.9N,46.8W,80,980,,,,,,,,,,,,
AL,CORA,1978,6,19,19780809,1200,,HU,13.6N,48.6W,70,988,,,,,,,,,,,,
AL,CORA,1978,6,19,19780809,1800,,HU,13.2N,50.6W,65,998,,,,,,,,,,,,
AL,CORA,1978,6,19,19780810,0,,TS,12.8N,52.8W,60,1006,,,,,,,,,,,,
AL,CORA,1978,6,19,19780810,600,,TS,12.4N,54.8W,55,1007,,,,,,,,,,,,
AL,CORA,1978,6,19,19780810,1200,,TS,12.2N,56.8W,55,1007,,,,,,,,,,,,
AL,CORA,1978,6,19,19780810,1800,,TS,12.1N,58.8W,50,1008,,,,,,,,,,,,
AL,CORA,1978,6,19,19780811,0,,TS,12.0N,60.9W,45,1008,,,,,,,,,,,,
AL,CORA,1978,6,19,19780811,600,,TS,12.0N,62.8W,35,1008,,,,,,,,,,,,
AL,CORA,1978,6,19,19780811,1200,,TD,12.1N,64.8W,30,1008,,,,,,,,,,,,
AL,CORA,1978,6,19,19780811,1800,,TD,12.1N,66.8W,30,1009,,,,,,,,,,,,
AL,CORA,1978,6,19,19780812,0,,TD,12.2N,68.8W,30,1010,,,,,,,,,,,,
AL,UNNAMED,1978,7,18,19780807,1200,,TD,13.0N,52.5W,20,,,,,,,,,,,,,
AL,UNNAMED,1978,7,18,19780807,1800,,TD,13.0N,54.5W,25,,,,,,,,,,,,,
AL,UNNAMED,1978,7,18,19780808,0,,TD,13.0N,56.5W,25,,,,,,,,,,,,,
AL,UNNAMED,1978,7,18,19780808,600,,TD,13.0N,58.5W,25,,,,,,,,,,,,,
AL,UNNAMED,1978,7,18,19780808,1200,,TD,13.0N,60.5W,30,,,,,,,,,,,,,
AL,UNNAMED,1978,7,18,19780808,1800,,TD,13.0N,62.5W,30,,,,,,,,,,,,,
AL,UNNAMED,1978,7,18,19780809,0,,TD,13.0N,64.5W,30,,,,,,,,,,,,,
AL,UNNAMED,1978,7,18,19780809,600,,TD,13.0N,66.3W,30,,,,,,,,,,,,,
AL,UNNAMED,1978,7,18,19780809,1200,,TD,13.0N,68.0W,30,,,,,,,,,,,,,
AL,UNNAMED,1978,7,18,19780809,1800,,TD,13.0N,70.0W,25,,,,,,,,,,,,,
AL,UNNAMED,1978,7,18,19780810,0,,TD,13.0N,72.0W,25,,,,,,,,,,,,,
AL,UNNAMED,1978,7,18,19780810,600,,TD,12.9N,74.0W,25,,,,,,,,,,,,,
AL,UNNAMED,1978,7,18,19780810,1200,,TD,12.8N,76.0W,25,,,,,,,,,,,,,
AL,UNNAMED,1978,7,18,19780810,1800,,TD,12.7N,77.5W,20,,,,,,,,,,,,,
AL,UNNAMED,1978,7,18,19780811,0,,TD,12.5N,79.0W,20,,,,,,,,,,,,,
AL,UNNAMED,1978,7,18,19780811,600,,TD,12.3N,80.7W,20,,,,,,,,,,,,,
AL,UNNAMED,1978,7,18,19780811,1200,,TD,12.0N,82.5W,20,,,,,,,,,,,,,
AL,UNNAMED,1978,7,18,19780811,1800,,TD,11.8N,84.0W,-99,,,,,,,,,,,,,
AL,UNNAMED,1978,8,6,19780809,1200,,TD,26.5N,90.0W,20,,,,,,,,,,,,,
AL,UNNAMED,1978,8,6,19780809,1800,,TD,27.0N,90.0W,25,,,,,,,,,,,,,
AL,UNNAMED,1978,8,6,19780810,0,,TD,27.6N,89.9W,25,,,,,,,,,,,,,
AL,UNNAMED,1978,8,6,19780810,600,,TD,28.2N,89.7W,25,,,,,,,,,,,,,
AL,UNNAMED,1978,8,6,19780810,1200,,TD,28.8N,89.5W,25,,,,,,,,,,,,,
AL,UNNAMED,1978,8,6,19780810,1800,,TD,29.4N,89.2W,-99,,,,,,,,,,,,,
AL,DEBRA,1978,9,14,19780826,1200,,TD,23.4N,88.4W,25,1010,,,,,,,,,,,,
AL,DEBRA,1978,9,14,19780826,1800,,TD,24.2N,89.5W,25,,,,,,,,,,,,,
AL,DEBRA,1978,9,14,19780827,0,,TD,24.4N,90.4W,25,,,,,,,,,,,,,
AL,DEBRA,1978,9,14,19780827,600,,TD,24.5N,91.4W,25,1008,,,,,,,,,,,,
AL,DEBRA,1978,9,14,19780827,1200,,TD,24.6N,92.3W,25,,,,,,,,,,,,,
AL,DEBRA,1978,9,14,19780827,1800,,TD,25.1N,93.1W,25,,,,,,,,,,,,,
AL,DEBRA,1978,9,14,19780828,0,,TD,25.8N,93.8W,25,1006,,,,,,,,,,,,
AL,DEBRA,1978,9,14,19780828,600,,TD,26.8N,94.3W,25,,,,,,,,,,,,,
AL,DEBRA,1978,9,14,19780828,1200,,TD,27.8N,94.3W,30,,,,,,,,,,,,,
AL,DEBRA,1978,9,14,19780828,1800,,TS,28.7N,94.1W,40,1002,,,,,,,,,,,,
AL,DEBRA,1978,9,14,19780829,0,,TS,29.6N,93.6W,50,1000,,,,,,,,,,,,
AL,DEBRA,1978,9,14,19780829,600,,TD,30.7N,93.3W,30,,,,,,,,,,,,,
AL,DEBRA,1978,9,14,19780829,1200,,TD,32.0N,93.0W,30,1002,,,,,,,,,,,,
AL,DEBRA,1978,9,14,19780829,1800,,TD,34.2N,92.7W,15,1005,,,,,,,,,,,,
AL,ELLA,1978,10,27,19780830,0,,TD,26.2N,59.7W,20,1012,,,,,,,,,,,,
AL,ELLA,1978,10,27,19780830,600,,TD,26.5N,60.8W,20,1011,,,,,,,,,,,,
AL,ELLA,1978,10,27,19780830,1200,,TD,27.0N,62.0W,30,1010,,,,,,,,,,,,
AL,ELLA,1978,10,27,19780830,1800,,TS,27.3N,63.1W,40,1005,,,,,,,,,,,,
AL,ELLA,1978,10,27,19780831,0,,TS,27.6N,64.2W,50,1000,,,,,,,,,,,,
AL,ELLA,1978,10,27,19780831,600,,TS,28.2N,65.9W,55,993,,,,,,,,,,,,
AL,ELLA,1978,10,27,19780831,1200,,TS,28.8N,67.6W,60,986,,,,,,,,,,,,
AL,ELLA,1978,10,27,19780831,1800,,HU,29.3N,68.8W,70,980,,,,,,,,,,,,
AL,ELLA,1978,10,27,19780901,0,,HU,29.6N,70.0W,90,978,,,,,,,,,,,,
AL,ELLA,1978,10,27,19780901,600,,HU,30.1N,71.1W,100,975,,,,,,,,,,,,
AL,ELLA,1978,10,27,19780901,1200,,HU,30.7N,71.8W,110,970,,,,,,,,,,,,
AL,ELLA,1978,10,27,19780901,1800,,HU,31.1N,72.3W,110,960,,,,,,,,,,,,
AL,ELLA,1978,10,27,19780902,0,,HU,31.2N,72.7W,105,960,,,,,,,,,,,,
AL,ELLA,1978,10,27,19780902,600,,HU,31.4N,73.1W,100,977,,,,,,,,,,,,
AL,ELLA,1978,10,27,19780902,1200,,HU,31.6N,73.3W,80,981,,,,,,,,,,,,
AL,ELLA,1978,10,27,19780902,1800,,HU,31.9N,73.0W,70,983,,,,,,,,,,,,
AL,ELLA,1978,10,27,19780903,0,,HU,32.3N,72.8W,70,983,,,,,,,,,,,,
AL,ELLA,1978,10,27,19780903,600,,HU,33.0N,72.4W,80,981,,,,,,,,,,,,
AL,ELLA,1978,10,27,19780903,1200,,HU,33.8N,71.7W,85,976,,,,,,,,,,,,
AL,ELLA,1978,10,27,19780903,1800,,HU,35.0N,70.2W,95,970,,,,,,,,,,,,
AL,ELLA,1978,10,27,19780904,0,,HU,36.2N,68.3W,110,962,,,,,,,,,,,,
AL,ELLA,1978,10,27,19780904,600,,HU,38.0N,66.0W,115,958,,,,,,,,,,,,
AL,ELLA,1978,10,27,19780904,1200,,HU,40.0N,63.0W,120,956,,,,,,,,,,,,
AL,ELLA,1978,10,27,19780904,1800,,HU,42.5N,59.5W,115,956,,,,,,,,,,,,
AL,ELLA,1978,10,27,19780905,0,,HU,45.0N,55.0W,105,960,,,,,,,,,,,,
AL,ELLA,1978,10,27,19780905,600,,HU,47.2N,50.2W,80,975,,,,,,,,,,,,
AL,ELLA,1978,10,27,19780905,1200,,HU,49.0N,45.0W,65,980,,,,,,,,,,,,
AL,UNNAMED,1978,11,9,19780830,1200,,TD,27.8N,91.0W,20,,,,,,,,,,,,,
AL,UNNAMED,1978,11,9,19780830,1800,,TD,27.8N,90.3W,25,,,,,,,,,,,,,
AL,UNNAMED,1978,11,9,19780831,0,,TD,27.9N,89.6W,30,,,,,,,,,,,,,
AL,UNNAMED,1978,11,9,19780831,600,,TD,27.9N,88.9W,30,,,,,,,,,,,,,
AL,UNNAMED,1978,11,9,19780831,1200,,TD,28.0N,88.2W,30,,,,,,,,,,,,,
AL,UNNAMED,1978,11,9,19780831,1800,,TD,28.0N,87.6W,25,,,,,,,,,,,,,
AL,UNNAMED,1978,11,9,19780901,0,,TD,28.0N,87.1W,25,,,,,,,,,,,,,
AL,UNNAMED,1978,11,9,19780901,600,,TD,28.0N,86.6W,20,,,,,,,,,,,,,
AL,UNNAMED,1978,11,9,19780901,1200,,TD,28.0N,86.0W,20,,,,,,,,,,,,,
AL,UNNAMED,1978,12,33,19780903,1200,,TD,14.0N,16.0W,20,,,,,,,,,,,,,
AL,UNNAMED,1978,12,33,19780903,1800,,TD,13.9N,17.1W,20,,,,,,,,,,,,,
AL,UNNAMED,1978,12,33,19780904,0,,TD,13.7N,18.2W,25,,,,,,,,,,,,,
AL,UNNAMED,1978,12,33,19780904,600,,TD,13.6N,19.3W,25,,,,,,,,,,,,,
AL,UNNAMED,1978,12,33,19780904,1200,,TD,13.5N,20.5W,25,,,,,,,,,,,,,
AL,UNNAMED,1978,12,33,19780904,1800,,TD,13.5N,22.1W,30,,,,,,,,,,,,,
AL,UNNAMED,1978,12,33,19780905,0,,TD,13.4N,23.7W,30,,,,,,,,,,,,,
AL,UNNAMED,1978,12,33,19780905,600,,TD,13.3N,25.3W,30,,,,,,,,,,,,,
AL,UNNAMED,1978,12,33,19780905,1200,,TD,13.2N,27.0W,30,,,,,,,,,,,,,
AL,UNNAMED,1978,12,33,19780905,1800,,TD,13.4N,28.1W,30,,,,,,,,,,,,,
AL,UNNAMED,1978,12,33,19780906,0,,TD,13.6N,29.3W,30,,,,,,,,,,,,,
AL,UNNAMED,1978,12,33,19780906,600,,TD,13.8N,30.9W,30,,,,,,,,,,,,,
AL,UNNAMED,1978,12,33,19780906,1200,,TD,14.0N,32.5W,30,,,,,,,,,,,,,
AL,UNNAMED,1978,12,33,19780906,1800,,TD,14.6N,33.3W,30,,,,,,,,,,,,,
AL,UNNAMED,1978,12,33,19780907,0,,TD,15.2N,34.2W,30,,,,,,,,,,,,,
AL,UNNAMED,1978,12,33,19780907,600,,TD,15.8N,35.1W,30,,,,,,,,,,,,,
AL,UNNAMED,1978,12,33,19780907,1200,,TD,16.5N,36.0W,30,,,,,,,,,,,,,
AL,UNNAMED,1978,12,33,19780907,1800,,TD,17.3N,37.0W,30,,,,,,,,,,,,,
AL,UNNAMED,1978,12,33,19780908,0,,TD,18.2N,38.0W,30,,,,,,,,,,,,,
AL,UNNAMED,1978,12,33,19780908,600,,TD,19.1N,39.0W,30,,,,,,,,,,,,,
AL,UNNAMED,1978,12,33,19780908,1200,,TD,20.0N,40.0W,25,,,,,,,,,,,,,
AL,UNNAMED,1978,12,33,19780908,1800,,TD,21.0N,40.5W,25,,,,,,,,,,,,,
AL,UNNAMED,1978,12,33,19780909,0,,TD,22.0N,41.0W,25,,,,,,,,,,,,,
AL,UNNAMED,1978,12,33,19780909,600,,TD,23.0N,41.5W,25,,,,,,,,,,,,,
AL,UNNAMED,1978,12,33,19780909,1200,,TD,24.0N,42.0W,25,,,,,,,,,,,,,
AL,UNNAMED,1978,12,33,19780909,1800,,TD,25.1N,42.0W,25,,,,,,,,,,,,,
AL,UNNAMED,1978,12,33,19780910,0,,TD,26.2N,42.0W,25,,,,,,,,,,,,,
AL,UNNAMED,1978,12,33,19780910,600,,TD,27.3N,42.0W,25,,,,,,,,,,,,,
AL,UNNAMED,1978,12,33,19780910,1200,,TD,28.5N,42.0W,20,,,,,,,,,,,,,
AL,UNNAMED,1978,12,33,19780910,1800,,TD,29.8N,41.3W,20,,,,,,,,,,,,,
AL,UNNAMED,1978,12,33,19780911,0,,TD,31.0N,40.5W,20,,,,,,,,,,,,,
AL,UNNAMED,1978,12,33,19780911,600,,TD,32.3N,39.7W,20,,,,,,,,,,,,,
AL,UNNAMED,1978,12,33,19780911,1200,,TD,37.5N,39.0W,20,,,,,,,,,,,,,
AL,FLOSSIE,1978,13,50,19780904,0,,TD,12.0N,39.0W,25,1006,,,,,,,,,,,,
AL,FLOSSIE,1978,13,50,19780904,600,,TD,13.0N,40.0W,30,,,,,,,,,,,,,
AL,FLOSSIE,1978,13,50,19780904,1200,,TS,14.2N,41.2W,35,,,,,,,,,,,,,
AL,FLOSSIE,1978,13,50,19780904,1800,,TS,15.5N,42.9W,35,,,,,,,,,,,,,
AL,FLOSSIE,1978,13,50,19780905,0,,TS,16.7N,44.8W,35,,,,,,,,,,,,,
AL,FLOSSIE,1978,13,50,19780905,600,,TS,17.8N,46.4W,35,,,,,,,,,,,,,
AL,FLOSSIE,1978,13,50,19780905,1200,,TS,18.9N,47.9W,35,,,,,,,,,,,,,
AL,FLOSSIE,1978,13,50,19780905,1800,,TS,20.3N,49.5W,35,,,,,,,,,,,,,
AL,FLOSSIE,1978,13,50,19780906,0,,TS,21.2N,51.2W,35,,,,,,,,,,,,,
AL,FLOSSIE,1978,13,50,19780906,600,,TS,22.0N,53.2W,35,,,,,,,,,,,,,
AL,FLOSSIE,1978,13,50,19780906,1200,,TS,22.1N,55.1W,35,,,,,,,,,,,,,
AL,FLOSSIE,1978,13,50,19780906,1800,,TS,21.8N,56.8W,40,1003,,,,,,,,,,,,
AL,FLOSSIE,1978,13,50,19780907,0,,TS,21.7N,58.0W,40,,,,,,,,,,,,,
AL,FLOSSIE,1978,13,50,19780907,600,,TS,21.8N,59.0W,40,,,,,,,,,,,,,
AL,FLOSSIE,1978,13,50,19780907,1200,,TS,22.2N,60.0W,40,1001,,,,,,,,,,,,
AL,FLOSSIE,1978,13,50,19780907,1800,,TS,22.3N,61.2W,40,,,,,,,,,,,,,
AL,FLOSSIE,1978,13,50,19780908,0,,TS,22.6N,62.0W,40,,,,,,,,,,,,,
AL,FLOSSIE,1978,13,50,19780908,600,,TS,23.5N,62.0W,35,1005,,,,,,,,,,,,
AL,FLOSSIE,1978,13,50,19780908,1200,,TS,24.3N,61.1W,35,,,,,,,,,,,,,
AL,FLOSSIE,1978,13,50,19780908,1800,,TD,25.0N,60.5W,30,1008,,,,,,,,,,,,
AL,FLOSSIE,1978,13,50,19780909,0,,TD,25.7N,59.9W,30,,,,,,,,,,,,,
AL,FLOSSIE,1978,13,50,19780909,600,,TD,26.4N,59.2W,25,1010,,,,,,,,,,,,
AL,FLOSSIE,1978,13,50,19780909,1200,,TD,27.2N,58.3W,25,,,,,,,,,,,,,
AL,FLOSSIE,1978,13,50,19780909,1800,,TD,27.7N,57.3W,25,,,,,,,,,,,,,
AL,FLOSSIE,1978,13,50,19780910,0,,TD,28.2N,56.1W,25,,,,,,,,,,,,,
AL,FLOSSIE,1978,13,50,19780910,600,,TD,28.6N,54.8W,30,1008,,,,,,,,,,,,
AL,FLOSSIE,1978,13,50,19780910,1200,,TD,28.7N,53.4W,30,,,,,,,,,,,,,
AL,FLOSSIE,1978,13,50,19780910,1800,,TD,29.1N,52.0W,30,,,,,,,,,,,,,
AL,FLOSSIE,1978,13,50,19780911,0,,TS,29.2N,50.5W,35,1005,,,,,,,,,,,,
AL,FLOSSIE,1978,13,50,19780911,600,,TS,29.9N,49.1W,45,1001,,,,,,,,,,,,
AL,FLOSSIE,1978,13,50,19780911,1200,,TS,30.7N,47.5W,55,998,,,,,,,,,,,,
AL,FLOSSIE,1978,13,50,19780911,1800,,TS,31.0N,45.7W,55,,,,,,,,,,,,,
AL,FLOSSIE,1978,13,50,19780912,0,,TS,31.3N,44.7W,60,995,,,,,,,,,,,,
AL,FLOSSIE,1978,13,50,19780912,600,,HU,31.4N,44.0W,65,992,,,,,,,,,,,,
AL,FLOSSIE,1978,13,50,19780912,1200,,HU,31.6N,43.5W,75,985,,,,,,,,,,,,
AL,FLOSSIE,1978,13,50,19780912,1800,,HU,31.7N,43.0W,80,980,,,,,,,,,,,,
AL,FLOSSIE,1978,13,50,19780913,0,,HU,31.8N,42.9W,85,976,,,,,,,,,,,,
AL,FLOSSIE,1978,13,50,19780913,600,,HU,32.1N,43.0W,85,,,,,,,,,,,,,
AL,FLOSSIE,1978,13,50,19780913,1200,,HU,32.6N,43.0W,85,,,,,,,,,,,,,
AL,FLOSSIE,1978,13,50,19780913,1800,,HU,33.6N,43.1W,75,985,,,,,,,,,,,,
AL,FLOSSIE,1978,13,50,19780914,0,,HU,34.6N,43.1W,75,,,,,,,,,,,,,
AL,FLOSSIE,1978,13,50,19780914,600,,HU,35.9N,42.9W,75,,,,,,,,,,,,,
AL,FLOSSIE,1978,13,50,19780914,1200,,HU,37.4N,41.9W,75,,,,,,,,,,,,,
AL,FLOSSIE,1978,13,50,19780914,1800,,HU,39.3N,40.6W,75,,,,,,,,,,,,,
AL,FLOSSIE,1978,13,50,19780915,0,,HU,40.9N,38.5W,75,,,,,,,,,,,,,
AL,FLOSSIE,1978,13,50,19780915,600,,HU,43.1N,35.9W,65,992,,,,,,,,,,,,
AL,FLOSSIE,1978,13,50,19780915,1200,,TS,45.7N,32.8W,55,998,,,,,,,,,,,,
AL,FLOSSIE,1978,13,50,19780915,1800,,TS,47.7N,29.4W,50,,,,,,,,,,,,,
AL,FLOSSIE,1978,13,50,19780916,0,,EX,49.8N,24.3W,45,1000,,,,,,,,,,,,
AL,FLOSSIE,1978,13,50,19780916,600,,EX,51.5N,19.0W,45,,,,,,,,,,,,,
AL,UNNAMED,1978,14,10,19780908,1200,,TD,23.0N,94.0W,20,,,,,,,,,,,,,
AL,UNNAMED,1978,14,10,19780908,1800,,TD,23.3N,94.5W,25,,,,,,,,,,,,,
AL,UNNAMED,1978,14,10,19780909,0,,TD,23.5N,95.0W,25,,,,,,,,,,,,,
AL,UNNAMED,1978,14,10,19780909,600,,TD,23.8N,95.5W,30,,,,,,,,,,,,,
AL,UNNAMED,1978,14,10,19780909,1200,,TD,24.0N,96.0W,30,,,,,,,,,,,,,
AL,UNNAMED,1978,14,10,19780909,1800,,TD,23.9N,96.5W,30,,,,,,,,,,,,,
AL,UNNAMED,1978,14,10,19780910,0,,TD,23.7N,97.0W,30,,,,,,,,,,,,,
AL,UNNAMED,1978,14,10,19780910,600,,TD,23.6N,97.5W,25,,,,,,,,,,,,,
AL,UNNAMED,1978,14,10,19780910,1200,,TD,23.5N,98.0W,20,,,,,,,,,,,,,
AL,UNNAMED,1978,14,10,19780910,1800,,TD,24.0N,98.5W,-99,,,,,,,,,,,,,
AL,HOPE,1978,15,39,19780912,0,,SD,29.8N,80.0W,25,1012,,,,,,,,,,,,
AL,HOPE,1978,15,39,19780912,600,,SD,30.3N,79.3W,25,,,,,,,,,,,,,
AL,HOPE,1978,15,39,19780912,1200,,SD,30.9N,78.6W,25,1010,,,,,,,,,,,,
AL,HOPE,1978,15,39,19780912,1800,,SD,31.2N,77.7W,25,,,,,,,,,,,,,
AL,HOPE,1978,15,39,19780913,0,,SD,31.1N,76.5W,25,1010,,,,,,,,,,,,
AL,HOPE,1978,15,39,19780913,600,,SD,31.2N,75.2W,25,,,,,,,,,,,,,
AL,HOPE,1978,15,39,19780913,1200,,SD,31.8N,74.2W,25,1009,,,,,,,,,,,,
AL,HOPE,1978,15,39,19780913,1800,,SD,32.3N,73.1W,25,,,,,,,,,,,,,
AL,HOPE,1978,15,39,19780914,0,,SD,32.8N,72.1W,25,1008,,,,,,,,,,,,
AL,HOPE,1978,15,39,19780914,600,,SD,33.0N,70.8W,25,,,,,,,,,,,,,
AL,HOPE,1978,15,39,19780914,1200,,SD,33.2N,68.7W,30,1009,,,,,,,,,,,,
AL,HOPE,1978,15,39,19780914,1800,,SD,33.3N,66.2W,30,,,,,,,,,,,,,
AL,HOPE,1978,15,39,19780915,0,,SS,32.9N,64.8W,35,1008,,,,,,,,,,,,
AL,HOPE,1978,15,39,19780915,600,,SS,32.0N,62.8W,35,,,,,,,,,,,,,
AL,HOPE,1978,15,39,19780915,1200,,SS,31.6N,62.1W,35,1005,,,,,,,,,,,,
AL,HOPE,1978,15,39,19780915,1800,,SS,31.1N,61.3W,35,,,,,,,,,,,,,
AL,HOPE,1978,15,39,19780916,0,,SS,31.0N,60.3W,35,1002,,,,,,,,,,,,
AL,HOPE,1978,15,39,19780916,600,,SS,31.0N,59.2W,35,,,,,,,,,,,,,
AL,HOPE,1978,15,39,19780916,1200,,SS,31.2N,58.1W,35,,,,,,,,,,,,,
AL,HOPE,1978,15,39,19780916,1800,,SS,31.7N,57.2W,35,,,,,,,,,,,,,
AL,HOPE,1978,15,39,19780917,0,,SS,32.4N,56.0W,35,,,,,,,,,,,,,
AL,HOPE,1978,15,39,19780917,600,,TS,33.0N,54.8W,40,1000,,,,,,,,,,,,
AL,HOPE,1978,15,39,19780917,1200,,TS,33.8N,53.4W,40,,,,,,,,,,,,,
AL,HOPE,1978,15,39,19780917,1800,,TS,35.0N,51.8W,45,998,,,,,,,,,,,,
AL,HOPE,1978,15,39,19780918,0,,TS,36.0N,49.9W,50,,,,,,,,,,,,,
AL,HOPE,1978,15,39,19780918,600,,TS,37.0N,47.8W,50,995,,,,,,,,,,,,
AL,HOPE,1978,15,39,19780918,1200,,TS,38.0N,45.2W,50,,,,,,,,,,,,,
AL,HOPE,1978,15,39,19780918,1800,,TS,39.1N,43.0W,55,990,,,,,,,,,,,,
AL,HOPE,1978,15,39,19780919,0,,TS,40.1N,40.5W,55,,,,,,,,,,,,,
AL,HOPE,1978,15,39,19780919,600,,TS,41.2N,38.5W,55,,,,,,,,,,,,,
AL,HOPE,1978,15,39,19780919,1200,,TS,42.5N,36.5W,55,987,,,,,,,,,,,,
AL,HOPE,1978,15,39,19780919,1800,,TS,44.0N,35.0W,55,,,,,,,,,,,,,
AL,HOPE,1978,15,39,19780920,0,,TS,45.5N,33.0W,55,990,,,,,,,,,,,,
AL,HOPE,1978,15,39,19780920,600,,TS,48.2N,30.0W,50,,,,,,,,,,,,,
AL,HOPE,1978,15,39,19780920,1200,,TS,51.5N,29.5W,50,,,,,,,,,,,,,
AL,HOPE,1978,15,39,19780920,1800,,TS,54.0N,29.5W,50,,,,,,,,,,,,,
AL,HOPE,1978,15,39,19780921,0,,TS,57.0N,30.0W,50,995,,,,,,,,,,,,
AL,HOPE,1978,15,39,19780921,600,,TS,59.5N,28.0W,45,,,,,,,,,,,,,
AL,HOPE,1978,15,39,19780921,1200,,EX,61.0N,23.0W,45,,,,,,,,,,,,,
AL,GRETA,1978,16,26,19780913,1800,,TD,11.0N,62.5W,25,,,,,,,,,,,,,
AL,GRETA,1978,16,26,19780914,0,,TD,11.5N,64.5W,25,,,,,,,,,,,,,
AL,GRETA,1978,16,26,19780914,600,,TD,12.0N,66.0W,30,,,,,,,,,,,,,
AL,GRETA,1978,16,26,19780914,1200,,TS,12.5N,67.5W,35,,,,,,,,,,,,,
AL,GRETA,1978,16,26,19780914,1800,,TS,13.0N,69.0W,35,1004,,,,,,,,,,,,
AL,GRETA,1978,16,26,19780915,0,,TS,13.3N,70.4W,40,,,,,,,,,,,,,
AL,GRETA,1978,16,26,19780915,600,,TS,13.4N,71.7W,40,,,,,,,,,,,,,
AL,GRETA,1978,16,26,19780915,1200,,TS,13.5N,73.1W,45,,,,,,,,,,,,,
AL,GRETA,1978,16,26,19780915,1800,,TS,13.7N,74.2W,50,1000,,,,,,,,,,,,
AL,GRETA,1978,16,26,19780916,0,,TS,13.8N,75.3W,55,995,,,,,,,,,,,,
AL,GRETA,1978,16,26,19780916,600,,TS,13.8N,76.7W,60,,,,,,,,,,,,,
AL,GRETA,1978,16,26,19780916,1200,,HU,14.0N,77.7W,70,989,,,,,,,,,,,,
AL,GRETA,1978,16,26,19780916,1800,,HU,14.3N,78.7W,75,,,,,,,,,,,,,
AL,GRETA,1978,16,26,19780917,0,,HU,14.6N,79.6W,80,982,,,,,,,,,,,,
AL,GRETA,1978,16,26,19780917,600,,HU,14.9N,80.5W,85,,,,,,,,,,,,,
AL,GRETA,1978,16,26,19780917,1200,,HU,15.2N,81.6W,90,974,,,,,,,,,,,,
AL,GRETA,1978,16,26,19780917,1800,,HU,15.5N,82.6W,95,968,,,,,,,,,,,,
AL,GRETA,1978,16,26,19780918,0,,HU,15.6N,83.4W,110,952,,,,,,,,,,,,
AL,GRETA,1978,16,26,19780918,600,,HU,15.8N,84.3W,115,947,,,,,,,,,,,,
AL,GRETA,1978,16,26,19780918,1200,,HU,16.4N,85.6W,105,957,,,,,,,,,,,,
AL,GRETA,1978,16,26,19780918,1800,,HU,16.6N,86.9W,100,964,,,,,,,,,,,,
AL,GRETA,1978,16,26,19780919,0,,HU,17.0N,88.2W,95,964,,,,,,,,,,,,
AL,GRETA,1978,16,26,19780919,600,,TS,17.0N,89.4W,50,,,,,,,,,,,,,
AL,GRETA,1978,16,26,19780919,1200,,TD,16.7N,90.7W,30,,,,,,,,,,,,,
AL,GRETA,1978,16,26,19780919,1800,,TD,16.0N,92.0W,30,,,,,,,,,,,,,
AL,GRETA,1978,16,26,19780920,0,,TD,15.7N,93.0W,30,,,,,,,,,,,,,
AL,UNNAMED,1978,17,45,19780918,1200,,TD,13.0N,16.0W,20,,,,,,,,,,,,,
AL,UNNAMED,1978,17,45,19780918,1800,,TD,12.8N,17.4W,20,,,,,,,,,,,,,
AL,UNNAMED,1978,17,45,19780919,0,,TD,12.5N,18.8W,25,,,,,,,,,,,,,
AL,UNNAMED,1978,17,45,19780919,600,,TD,12.3N,20.1W,25,,,,,,,,,,,,,
AL,UNNAMED,1978,17,45,19780919,1200,,TD,12.0N,21.5W,30,,,,,,,,,,,,,
AL,UNNAMED,1978,17,45,19780919,1800,,TD,12.0N,22.9W,30,,,,,,,,,,,,,
AL,UNNAMED,1978,17,45,19780920,0,,TD,12.0N,24.3W,30,,,,,,,,,,,,,
AL,UNNAMED,1978,17,45,19780920,600,,TD,12.0N,25.7W,30,,,,,,,,,,,,,
AL,UNNAMED,1978,17,45,19780920,1200,,TD,12.0N,27.0W,30,,,,,,,,,,,,,
AL,UNNAMED,1978,17,45,19780920,1800,,TD,12.2N,28.3W,30,,,,,,,,,,,,,
AL,UNNAMED,1978,17,45,19780921,0,,TD,12.5N,29.5W,30,,,,,,,,,,,,,
AL,UNNAMED,1978,17,45,19780921,600,,TD,12.7N,30.7W,30,,,,,,,,,,,,,
AL,UNNAMED,1978,17,45,19780921,1200,,TD,13.0N,32.0W,30,,,,,,,,,,,,,
AL,UNNAMED,1978,17,45,19780921,1800,,TD,13.5N,33.7W,30,,,,,,,,,,,,,
AL,UNNAMED,1978,17,45,19780922,0,,TD,14.0N,35.5W,30,,,,,,,,,,,,,
AL,UNNAMED,1978,17,45,19780922,600,,TD,14.5N,37.3W,30,,,,,,,,,,,,,
AL,UNNAMED,1978,17,45,19780922,1200,,TD,15.0N,39.0W,30,,,,,,,,,,,,,
AL,UNNAMED,1978,17,45,19780922,1800,,TD,15.4N,39.8W,30,,,,,,,,,,,,,
AL,UNNAMED,1978,17,45,19780923,0,,TD,15.8N,40.5W,30,,,,,,,,,,,,,
AL,UNNAMED,1978,17,45,19780923,600,,TD,16.2N,41.2W,30,,,,,,,,,,,,,
AL,UNNAMED,1978,17,45,19780923,1200,,TD,16.5N,42.0W,30,,,,,,,,,,,,,
AL,UNNAMED,1978,17,45,19780923,1800,,TD,16.6N,42.7W,30,,,,,,,,,,,,,
AL,UNNAMED,1978,17,45,19780924,0,,TD,16.7N,43.5W,30,,,,,,,,,,,,,
AL,UNNAMED,1978,17,45,19780924,600,,TD,16.8N,44.2W,30,,,,,,,,,,,,,
AL,UNNAMED,1978,17,45,19780924,1200,,TD,17.0N,45.0W,30,,,,,,,,,,,,,
AL,UNNAMED,1978,17,45,19780924,1800,,TD,17.2N,46.0W,30,,,,,,,,,,,,,
AL,UNNAMED,1978,17,45,19780925,0,,TD,17.5N,47.0W,30,,,,,,,,,,,,,
AL,UNNAMED,1978,17,45,19780925,600,,TD,17.8N,48.0W,30,,,,,,,,,,,,,
AL,UNNAMED,1978,17,45,19780925,1200,,TD,18.0N,49.0W,30,,,,,,,,,,,,,
AL,UNNAMED,1978,17,45,19780925,1800,,TD,18.5N,49.8W,30,,,,,,,,,,,,,
AL,UNNAMED,1978,17,45,19780926,0,,TD,19.0N,50.5W,30,,,,,,,,,,,,,
AL,UNNAMED,1978,17,45,19780926,600,,TD,19.5N,51.2W,30,,,,,,,,,,,,,
AL,UNNAMED,1978,17,45,19780926,1200,,TD,20.0N,52.0W,30,,,,,,,,,,,,,
AL,UNNAMED,1978,17,45,19780926,1800,,TD,20.8N,52.8W,30,,,,,,,,,,,,,
AL,UNNAMED,1978,17,45,19780927,0,,TD,21.5N,53.5W,30,,,,,,,,,,,,,
AL,UNNAMED,1978,17,45,19780927,600,,TD,22.2N,54.2W,30,,,,,,,,,,,,,
AL,UNNAMED,1978,17,45,19780927,1200,,TD,23.0N,55.0W,30,,,,,,,,,,,,,
AL,UNNAMED,1978,17,45,19780927,1800,,TD,23.8N,55.5W,25,,,,,,,,,,,,,
AL,UNNAMED,1978,17,45,19780928,0,,TD,24.5N,56.0W,25,,,,,,,,,,,,,
AL,UNNAMED,1978,17,45,19780928,600,,TD,25.2N,56.5W,25,,,,,,,,,,,,,
AL,UNNAMED,1978,17,45,19780928,1200,,TD,26.0N,57.0W,25,,,,,,,,,,,,,
AL,UNNAMED,1978,17,45,19780928,1800,,TD,27.8N,57.0W,25,,,,,,,,,,,,,
AL,UNNAMED,1978,17,45,19780929,0,,TD,29.5N,57.0W,20,,,,,,,,,,,,,
AL,UNNAMED,1978,17,45,19780929,600,,TD,31.2N,57.0W,20,,,,,,,,,,,,,
AL,UNNAMED,1978,17,45,19780929,1200,,TD,33.0N,57.0W,20,,,,,,,,,,,,,
AL,UNNAMED,1978,18,9,19780921,1200,,TD,20.0N,91.0W,20,,,,,,,,,,,,,
AL,UNNAMED,1978,18,9,19780921,1800,,TD,20.2N,92.0W,25,,,,,,,,,,,,,
AL,UNNAMED,1978,18,9,19780922,0,,TD,20.5N,93.0W,25,,,,,,,,,,,,,
AL,UNNAMED,1978,18,9,19780922,600,,TD,20.8N,94.0W,30,,,,,,,,,,,,,
AL,UNNAMED,1978,18,9,19780922,1200,,TD,21.0N,95.0W,30,,,,,,,,,,,,,
AL,UNNAMED,1978,18,9,19780922,1800,,TD,21.2N,95.8W,30,,,,,,,,,,,,,
AL,UNNAMED,1978,18,9,19780923,0,,TD,21.5N,96.5W,30,,,,,,,,,,,,,
AL,UNNAMED,1978,18,9,19780923,600,,TD,21.8N,97.2W,25,,,,,,,,,,,,,
AL,UNNAMED,1978,18,9,19780923,1200,,TD,22.0N,98.0W,-99,,,,,,,,,,,,,
AL,IRMA,1978,19,14,19781002,1200,,SD,31.7N,31.5W,30,1010,,,,,,,,,,,,
AL,IRMA,1978,19,14,19781002,1800,,SD,32.0N,31.5W,30,1006,,,,,,,,,,,,
AL,IRMA,1978,19,14,19781003,0,,SD,32.3N,31.5W,30,,,,,,,,,,,,,
AL,IRMA,1978,19,14,19781003,600,,SD,32.6N,31.5W,30,,,,,,,,,,,,,
AL,IRMA,1978,19,14,19781003,1200,,SD,32.9N,31.5W,30,,,,,,,,,,,,,
AL,IRMA,1978,19,14,19781003,1800,,SD,33.4N,31.5W,30,,,,,,,,,,,,,
AL,IRMA,1978,19,14,19781004,0,,SD,33.9N,31.5W,30,,,,,,,,,,,,,
AL,IRMA,1978,19,14,19781004,600,,SD,34.5N,31.5W,30,,,,,,,,,,,,,
AL,IRMA,1978,19,14,19781004,1200,,TS,35.1N,31.5W,40,1004,,,,,,,,,,,,
AL,IRMA,1978,19,14,19781004,1800,,TS,35.8N,31.4W,45,1002,,,,,,,,,,,,
AL,IRMA,1978,19,14,19781005,0,,TS,36.7N,31.2W,45,1001,,,,,,,,,,,,
AL,IRMA,1978,19,14,19781005,600,,TS,38.2N,30.4W,40,1002,,,,,,,,,,,,
AL,IRMA,1978,19,14,19781005,1200,,TS,40.0N,28.8W,40,,,,,,,,,,,,,
AL,IRMA,1978,19,14,19781005,1800,,EX,43.0N,26.2W,40,,,,,,,,,,,,,
AL,JULIET,1978,20,16,19781007,1800,,TD,18.0N,55.6W,25,1011,,,,,,,,,,,,
AL,JULIET,1978,20,16,19781008,0,,TD,18.3N,56.6W,30,1010,,,,,,,,,,,,
AL,JULIET,1978,20,16,19781008,600,,TD,18.6N,57.7W,30,1009,,,,,,,,,,,,
AL,JULIET,1978,20,16,19781008,1200,,TS,18.8N,58.7W,35,1008,,,,,,,,,,,,
AL,JULIET,1978,20,16,19781008,1800,,TS,19.0N,59.8W,40,1007,,,,,,,,,,,,
AL,JULIET,1978,20,16,19781009,0,,TS,19.3N,60.9W,45,1006,,,,,,,,,,,,
AL,JULIET,1978,20,16,19781009,600,,TS,19.7N,62.0W,45,1006,,,,,,,,,,,,
AL,JULIET,1978,20,16,19781009,1200,,TS,19.9N,63.0W,45,1006,,,,,,,,,,,,
AL,JULIET,1978,20,16,19781009,1800,,TS,20.3N,64.2W,45,1006,,,,,,,,,,,,
AL,JULIET,1978,20,16,19781010,0,,TS,20.9N,65.4W,45,1006,,,,,,,,,,,,
AL,JULIET,1978,20,16,19781010,600,,TS,21.7N,67.0W,45,1006,,,,,,,,,,,,
AL,JULIET,1978,20,16,19781010,1200,,TS,22.8N,68.8W,45,1006,,,,,,,,,,,,
AL,JULIET,1978,20,16,19781010,1800,,TS,24.3N,70.1W,45,1006,,,,,,,,,,,,
AL,JULIET,1978,20,16,19781011,0,,TS,26.2N,70.9W,45,1006,,,,,,,,,,,,
AL,JULIET,1978,20,16,19781011,600,,TS,28.3N,71.0W,40,1006,,,,,,,,,,,,
AL,JULIET,1978,20,16,19781011,1200,,TS,30.2N,69.9W,35,1006,,,,,,,,,,,,
AL,UNNAMED,1978,21,18,19781013,1200,,TD,40.5N,31.0W,20,,,,,,,,,,,,,
AL,UNNAMED,1978,21,18,19781013,1800,,TD,39.7N,31.5W,20,,,,,,,,,,,,,
AL,UNNAMED,1978,21,18,19781014,0,,TD,38.8N,32.0W,20,,,,,,,,,,,,,
AL,UNNAMED,1978,21,18,19781014,600,,TD,37.9N,32.5W,20,,,,,,,,,,,,,
AL,UNNAMED,1978,21,18,19781014,1200,,TD,37.0N,33.0W,20,,,,,,,,,,,,,
AL,UNNAMED,1978,21,18,19781014,1800,,TD,36.5N,34.0W,20,,,,,,,,,,,,,
AL,UNNAMED,1978,21,18,19781015,0,,TD,36.0N,35.0W,25,,,,,,,,,,,,,
AL,UNNAMED,1978,21,18,19781015,600,,TD,35.5N,36.0W,25,,,,,,,,,,,,,
AL,UNNAMED,1978,21,18,19781015,1200,,TD,35.0N,37.0W,30,,,,,,,,,,,,,
AL,UNNAMED,1978,21,18,19781015,1800,,TD,35.2N,38.0W,30,,,,,,,,,,,,,
AL,UNNAMED,1978,21,18,19781016,0,,TD,35.5N,39.0W,30,,,,,,,,,,,,,
AL,UNNAMED,1978,21,18,19781016,600,,TD,35.8N,40.0W,30,,,,,,,,,,,,,
AL,UNNAMED,1978,21,18,19781016,1200,,TD,36.0N,41.0W,30,,,,,,,,,,,,,
AL,UNNAMED,1978,21,18,19781016,1800,,TD,37.0N,41.0W,30,,,,,,,,,,,,,
AL,UNNAMED,1978,21,18,19781017,0,,TD,38.0N,41.0W,30,,,,,,,,,,,,,
AL,UNNAMED,1978,21,18,19781017,600,,TD,39.0N,41.0W,25,,,,,,,,,,,,,
AL,UNNAMED,1978,21,18,19781017,1200,,TD,40.0N,41.0W,25,,,,,,,,,,,,,
AL,UNNAMED,1978,21,18,19781017,1800,,TD,41.0N,40.5W,20,,,,,,,,,,,,,
AL,UNNAMED,1978,22,13,19781026,1200,,TD,8.0N,26.0W,20,,,,,,,,,,,,,
AL,UNNAMED,1978,22,13,19781026,1800,,TD,8.0N,27.0W,20,,,,,,,,,,,,,
AL,UNNAMED,1978,22,13,19781027,0,,TD,8.0N,28.0W,25,,,,,,,,,,,,,
AL,UNNAMED,1978,22,13,19781027,600,,TD,8.0N,29.0W,25,,,,,,,,,,,,,
AL,UNNAMED,1978,22,13,19781027,1200,,TD,8.0N,30.0W,25,,,,,,,,,,,,,
AL,UNNAMED,1978,22,13,19781027,1800,,TD,8.0N,31.2W,25,,,,,,,,,,,,,
AL,UNNAMED,1978,22,13,19781028,0,,TD,8.0N,32.5W,25,,,,,,,,,,,,,
AL,UNNAMED,1978,22,13,19781028,600,,TD,8.0N,33.7W,25,,,,,,,,,,,,,
AL,UNNAMED,1978,22,13,19781028,1200,,TD,8.0N,35.0W,25,,,,,,,,,,,,,
AL,UNNAMED,1978,22,13,19781028,1800,,TD,8.2N,35.8W,20,,,,,,,,,,,,,
AL,UNNAMED,1978,22,13,19781029,0,,TD,8.5N,36.5W,20,,,,,,,,,,,,,
AL,UNNAMED,1978,22,13,19781029,600,,TD,8.7N,37.2W,20,,,,,,,,,,,,,
AL,UNNAMED,1978,22,13,19781029,1200,,TD,9.0N,38.0W,20,,,,,,,,,,,,,
AL,KENDRA,1978,23,24,19781028,1800,,TD,23.5N,72.7W,30,1008,,,,,,,,,,,,
AL,KENDRA,1978,23,24,19781029,0,,TS,24.2N,73.2W,40,1002,,,,,,,,,,,,
AL,KENDRA,1978,23,24,19781029,600,,TS,24.9N,73.6W,40,,,,,,,,,,,,,
AL,KENDRA,1978,23,24,19781029,1200,,TS,25.7N,73.7W,55,998,,,,,,,,,,,,
AL,KENDRA,1978,23,24,19781029,1800,,HU,26.2N,74.1W,65,995,,,,,,,,,,,,
AL,KENDRA,1978,23,24,19781030,0,,HU,27.3N,73.7W,65,,,,,,,,,,,,,
AL,KENDRA,1978,23,24,19781030,600,,HU,28.1N,73.5W,65,,,,,,,,,,,,,
AL,KENDRA,1978,23,24,19781030,1200,,HU,28.9N,72.6W,70,990,,,,,,,,,,,,
AL,KENDRA,1978,23,24,19781030,1800,,HU,29.3N,72.3W,65,998,,,,,,,,,,,,
AL,KENDRA,1978,23,24,19781031,0,,TS,30.0N,72.0W,45,1006,,,,,,,,,,,,
AL,KENDRA,1978,23,24,19781031,600,,TS,30.5N,72.1W,45,,,,,,,,,,,,,
AL,KENDRA,1978,23,24,19781031,1200,,TS,31.1N,71.9W,45,,,,,,,,,,,,,
AL,KENDRA,1978,23,24,19781031,1800,,TS,31.7N,71.7W,45,,,,,,,,,,,,,
AL,KENDRA,1978,23,24,19781101,0,,TS,32.6N,70.5W,45,,,,,,,,,,,,,
AL,KENDRA,1978,23,24,19781101,600,,EX,33.7N,68.2W,30,1008,,,,,,,,,,,,
AL,KENDRA,1978,23,24,19781101,1200,,EX,35.2N,65.5W,30,1006,,,,,,,,,,,,
AL,KENDRA,1978,23,24,19781101,1800,,EX,38.0N,60.5W,40,1002,,,,,,,,,,,,
AL,KENDRA,1978,23,24,19781102,0,,EX,40.5N,55.5W,40,,,,,,,,,,,,,
AL,KENDRA,1978,23,24,19781102,600,,EX,41.0N,50.0W,40,,,,,,,,,,,,,
AL,KENDRA,1978,23,24,19781102,1200,,EX,43.5N,44.0W,40,,,,,,,,,,,,,
AL,KENDRA,1978,23,24,19781102,1800,,EX,44.5N,39.5W,40,,,,,,,,,,,,,
AL,KENDRA,1978,23,24,19781103,0,,EX,46.0N,35.0W,30,1004,,,,,,,,,,,,
AL,KENDRA,1978,23,24,19781103,600,,EX,47.5N,31.0W,30,,,,,,,,,,,,,
AL,KENDRA,1978,23,24,19781103,1200,,EX,50.0N,27.0W,30,,,,,,,,,,,,,
AL,UNNAMED,1978,24,9,19781103,1200,,TD,30.0N,75.0W,20,,,,,,,,,,,,,
AL,UNNAMED,1978,24,9,19781103,1800,,TD,30.9N,74.7W,25,,,,,,,,,,,,,
AL,UNNAMED,1978,24,9,19781104,0,,TD,31.9N,74.4W,25,,,,,,,,,,,,,
AL,UNNAMED,1978,24,9,19781104,600,,TD,32.8N,74.3W,25,,,,,,,,,,,,,
AL,UNNAMED,1978,24,9,19781104,1200,,TD,33.8N,74.2W,25,,,,,,,,,,,,,
AL,UNNAMED,1978,24,9,19781104,1800,,TD,34.7N,73.5W,25,,,,,,,,,,,,,
AL,UNNAMED,1978,24,9,19781105,0,,TD,35.0N,72.8W,25,,,,,,,,,,,,,
AL,UNNAMED,1978,24,9,19781105,600,,TD,36.3N,71.9W,20,,,,,,,,,,,,,
AL,UNNAMED,1978,24,9,19781105,1200,,TD,37.0N,71.0W,20,,,,,,,,,,,,,
AL,UNNAMED,1979,1,22,19790611,1200,,TD,17.4N,81.1W,20,,,,,,,,,,,,,
AL,UNNAMED,1979,1,22,19790611,1800,,TD,17.7N,80.8W,25,,,,,,,,,,,,,
AL,UNNAMED,1979,1,22,19790612,0,,TD,18.1N,80.2W,25,,,,,,,,,,,,,
AL,UNNAMED,1979,1,22,19790612,600,,TD,18.4N,79.9W,25,,,,,,,,,,,,,
AL,UNNAMED,1979,1,22,19790612,1200,,TD,19.0N,79.6W,25,,,,,,,,,,,,,
AL,UNNAMED,1979,1,22,19790612,1800,,TD,19.5N,79.4W,30,,,,,,,,,,,,,
AL,UNNAMED,1979,1,22,19790613,0,,TD,20.0N,79.2W,30,,,,,,,,,,,,,
AL,UNNAMED,1979,1,22,19790613,600,,TD,20.5N,79.1W,30,,,,,,,,,,,,,
AL,UNNAMED,1979,1,22,19790613,1200,,TD,21.0N,79.0W,25,,,,,,,,,,,,,
AL,UNNAMED,1979,1,22,19790613,1800,,TD,21.8N,79.0W,25,,,,,,,,,,,,,
AL,UNNAMED,1979,1,22,19790614,0,,TD,22.9N,79.0W,25,,,,,,,,,,,,,
AL,UNNAMED,1979,1,22,19790614,600,,TD,23.7N,79.0W,25,,,,,,,,,,,,,
AL,UNNAMED,1979,1,22,19790614,1200,,TD,24.5N,79.0W,30,,,,,,,,,,,,,
AL,UNNAMED,1979,1,22,19790614,1800,,TD,25.1N,79.0W,30,,,,,,,,,,,,,
AL,UNNAMED,1979,1,22,19790615,0,,TD,25.9N,79.0W,30,,,,,,,,,,,,,
AL,UNNAMED,1979,1,22,19790615,600,,TD,26.6N,79.1W,30,,,,,,,,,,,,,
AL,UNNAMED,1979,1,22,19790615,1200,,TD,27.2N,79.4W,30,,,,,,,,,,,,,
AL,UNNAMED,1979,1,22,19790615,1800,,TD,28.1N,79.7W,30,,,,,,,,,,,,,
AL,UNNAMED,1979,1,22,19790616,0,,TD,29.4N,79.9W,30,,,,,,,,,,,,,
AL,UNNAMED,1979,1,22,19790616,600,,TD,30.8N,80.0W,30,,,,,,,,,,,,,
AL,UNNAMED,1979,1,22,19790616,1200,,TD,32.0N,80.0W,30,,,,,,,,,,,,,
AL,UNNAMED,1979,1,22,19790616,1800,,TD,33.4N,80.2W,-99,,,,,,,,,,,,,
AL,ANA,1979,2,19,19790619,1200,,TD,10.0N,45.0W,25,1011,,,,,,,,,,,,
AL,ANA,1979,2,19,19790619,1800,,TD,10.2N,46.0W,25,1011,,,,,,,,,,,,
AL,ANA,1979,2,19,19790620,0,,TD,10.5N,47.0W,25,1010,,,,,,,,,,,,
AL,ANA,1979,2,19,19790620,600,,TD,10.9N,48.1W,25,1010,,,,,,,,,,,,
AL,ANA,1979,2,19,19790620,1200,,TD,11.3N,49.2W,25,1010,,,,,,,,,,,,
AL,ANA,1979,2,19,19790620,1800,,TD,11.8N,50.2W,25,1009,,,,,,,,,,,,
AL,ANA,1979,2,19,19790621,0,,TD,12.3N,51.1W,30,1009,,,,,,,,,,,,
AL,ANA,1979,2,19,19790621,600,,TD,12.9N,51.9W,30,1008,,,,,,,,,,,,
AL,ANA,1979,2,19,19790621,1200,,TD,13.5N,52.7W,30,1008,,,,,,,,,,,,
AL,ANA,1979,2,19,19790621,1800,,TD,13.9N,53.5W,30,1007,,,,,,,,,,,,
AL,ANA,1979,2,19,19790622,0,,TS,14.2N,54.7W,35,1007,,,,,,,,,,,,
AL,ANA,1979,2,19,19790622,600,,TS,14.2N,55.8W,40,1005,,,,,,,,,,,,
AL,ANA,1979,2,19,19790622,1200,,TS,14.2N,56.9W,50,1006,,,,,,,,,,,,
AL,ANA,1979,2,19,19790622,1800,,TS,14.1N,58.3W,40,1008,,,,,,,,,,,,
AL,ANA,1979,2,19,19790623,0,,TS,14.1N,59.8W,35,1010,,,,,,,,,,,,
AL,ANA,1979,2,19,19790623,600,,TD,14.0N,61.3W,30,1012,,,,,,,,,,,,
AL,ANA,1979,2,19,19790623,1200,,TD,14.0N,62.8W,25,1012,,,,,,,,,,,,
AL,ANA,1979,2,19,19790623,1800,,TD,14.0N,64.5W,25,1012,,,,,,,,,,,,
AL,ANA,1979,2,19,19790624,0,,TD,14.0N,66.2W,25,1012,,,,,,,,,,,,
AL,UNNAMED,1979,3,21,19790708,1200,,TD,20.4N,70.0W,20,,,,,,,,,,,,,
AL,UNNAMED,1979,3,21,19790708,1800,,TD,21.0N,70.3W,25,,,,,,,,,,,,,
AL,UNNAMED,1979,3,21,19790709,0,,TD,21.8N,70.8W,25,,,,,,,,,,,,,
AL,UNNAMED,1979,3,21,19790709,600,,TD,22.3N,71.1W,25,,,,,,,,,,,,,
AL,UNNAMED,1979,3,21,19790709,1200,,TD,23.0N,71.2W,25,,,,,,,,,,,,,
AL,UNNAMED,1979,3,21,19790709,1800,,TD,23.9N,71.0W,25,,,,,,,,,,,,,
AL,UNNAMED,1979,3,21,19790710,0,,TD,24.7N,71.0W,25,,,,,,,,,,,,,
AL,UNNAMED,1979,3,21,19790710,600,,TD,25.4N,70.8W,25,,,,,,,,,,,,,
AL,UNNAMED,1979,3,21,19790710,1200,,TD,26.1N,70.4W,25,,,,,,,,,,,,,
AL,UNNAMED,1979,3,21,19790710,1800,,TD,27.0N,70.1W,25,,,,,,,,,,,,,
AL,UNNAMED,1979,3,21,19790711,0,,TD,28.1N,69.9W,25,,,,,,,,,,,,,
AL,UNNAMED,1979,3,21,19790711,600,,TD,29.2N,69.7W,25,,,,,,,,,,,,,
AL,UNNAMED,1979,3,21,19790711,1200,,TD,30.1N,69.2W,25,,,,,,,,,,,,,
AL,UNNAMED,1979,3,21,19790711,1800,,TD,31.7N,68.1W,25,,,,,,,,,,,,,
AL,UNNAMED,1979,3,21,19790712,0,,TD,33.0N,67.0W,25,,,,,,,,,,,,,
AL,UNNAMED,1979,3,21,19790712,600,,TD,34.0N,65.5W,25,,,,,,,,,,,,,
AL,UNNAMED,1979,3,21,19790712,1200,,TD,35.0N,64.0W,25,,,,,,,,,,,,,
AL,UNNAMED,1979,3,21,19790712,1800,,TD,36.2N,62.0W,25,,,,,,,,,,,,,
AL,UNNAMED,1979,3,21,19790713,0,,TD,37.8N,59.9W,25,,,,,,,,,,,,,
AL,UNNAMED,1979,3,21,19790713,600,,TD,39.0N,57.8W,20,,,,,,,,,,,,,
AL,UNNAMED,1979,3,21,19790713,1200,,TD,40.2N,55.2W,20,,,,,,,,,,,,,
AL,BOB,1979,4,29,19790709,1200,,TD,22.0N,96.0W,20,1012,,,,,,,,,,,,
AL,BOB,1979,4,29,19790709,1800,,TD,22.5N,95.3W,25,1010,,,,,,,,,,,,
AL,BOB,1979,4,29,19790710,0,,TD,23.0N,94.6W,30,1007,,,,,,,,,,,,
AL,BOB,1979,4,29,19790710,600,,TS,23.5N,93.8W,35,1004,,,,,,,,,,,,
AL,BOB,1979,4,29,19790710,1200,,TS,24.0N,93.0W,50,998,,,,,,,,,,,,
AL,BOB,1979,4,29,19790710,1800,,TS,25.0N,92.3W,55,996,,,,,,,,,,,,
AL,BOB,1979,4,29,19790711,0,,HU,26.2N,91.6W,65,988,,,,,,,,,,,,
AL,BOB,1979,4,29,19790711,600,,HU,27.8N,91.1W,65,991,,,,,,,,,,,,
AL,BOB,1979,4,29,19790711,1200,,HU,29.1N,90.6W,65,986,,,,,,,,,,,,
AL,BOB,1979,4,29,19790711,1800,,TS,31.0N,90.2W,40,992,,,,,,,,,,,,
AL,BOB,1979,4,29,19790712,0,,TD,32.5N,89.9W,30,998,,,,,,,,,,,,
AL,BOB,1979,4,29,19790712,600,,TD,34.0N,89.7W,25,1002,,,,,,,,,,,,
AL,BOB,1979,4,29,19790712,1200,,TD,35.9N,89.1W,25,1004,,,,,,,,,,,,
AL,BOB,1979,4,29,19790712,1800,,TD,37.2N,87.8W,25,1006,,,,,,,,,,,,
AL,BOB,1979,4,29,19790713,0,,TD,38.5N,86.5W,25,1006,,,,,,,,,,,,
AL,BOB,1979,4,29,19790713,600,,TD,38.8N,85.3W,25,1006,,,,,,,,,,,,
AL,BOB,1979,4,29,19790713,1200,,TD,39.0N,84.0W,25,1007,,,,,,,,,,,,
AL,BOB,1979,4,29,19790713,1800,,TD,39.0N,82.7W,25,1008,,,,,,,,,,,,
AL,BOB,1979,4,29,19790714,0,,TD,39.0N,81.3W,20,1009,,,,,,,,,,,,
AL,BOB,1979,4,29,19790714,600,,TD,38.7N,80.1W,20,1009,,,,,,,,,,,,
AL,BOB,1979,4,29,19790714,1200,,TD,38.3N,78.8W,20,1010,,,,,,,,,,,,
AL,BOB,1979,4,29,19790714,1800,,TD,37.9N,77.7W,20,1010,,,,,,,,,,,,
AL,BOB,1979,4,29,19790715,0,,TD,37.5N,76.5W,20,1011,,,,,,,,,,,,
AL,BOB,1979,4,29,19790715,600,,TD,36.8N,76.3W,20,1011,,,,,,,,,,,,
AL,BOB,1979,4,29,19790715,1200,,TD,36.0N,76.0W,20,1012,,,,,,,,,,,,
AL,BOB,1979,4,29,19790715,1800,,TD,35.0N,76.3W,20,1012,,,,,,,,,,,,
AL,BOB,1979,4,29,19790716,0,,TD,34.0N,76.5W,20,1013,,,,,,,,,,,,
AL,BOB,1979,4,29,19790716,600,,TD,33.5N,75.8W,20,1013,,,,,,,,,,,,
AL,BOB,1979,4,29,19790716,1200,,TD,33.0N,75.0W,20,1014,,,,,,,,,,,,
AL,UNNAMED,1979,5,14,19790710,1200,,TD,30.0N,79.8W,20,,,,,,,,,,,,,
AL,UNNAMED,1979,5,14,19790710,1800,,TD,30.8N,78.5W,20,,,,,,,,,,,,,
AL,UNNAMED,1979,5,14,19790711,0,,TD,31.5N,77.1W,25,,,,,,,,,,,,,
AL,UNNAMED,1979,5,14,19790711,600,,TD,32.0N,75.9W,25,,,,,,,,,,,,,
AL,UNNAMED,1979,5,14,19790711,1200,,TD,32.6N,74.1W,30,,,,,,,,,,,,,
AL,UNNAMED,1979,5,14,19790711,1800,,TD,32.6N,72.7W,30,,,,,,,,,,,,,
AL,UNNAMED,1979,5,14,19790712,0,,TD,32.4N,71.2W,30,,,,,,,,,,,,,
AL,UNNAMED,1979,5,14,19790712,600,,TD,32.1N,70.0W,30,,,,,,,,,,,,,
AL,UNNAMED,1979,5,14,19790712,1200,,TD,32.0N,68.8W,30,,,,,,,,,,,,,
AL,UNNAMED,1979,5,14,19790712,1800,,TD,31.9N,66.6W,30,,,,,,,,,,,,,
AL,UNNAMED,1979,5,14,19790713,0,,TD,31.8N,64.5W,30,,,,,,,,,,,,,
AL,UNNAMED,1979,5,14,19790713,600,,TD,31.9N,62.4W,30,,,,,,,,,,,,,
AL,UNNAMED,1979,5,14,19790713,1200,,TD,32.0N,60.5W,25,,,,,,,,,,,,,
AL,UNNAMED,1979,5,14,19790713,1800,,TD,32.7N,58.2W,20,,,,,,,,,,,,,
AL,CLAUDETTE,1979,6,57,19790715,1200,,TD,12.5N,46.3W,20,1014,,,,,,,,,,,,
AL,CLAUDETTE,1979,6,57,19790715,1800,,TD,12.8N,48.4W,20,1014,,,,,,,,,,,,
AL,CLAUDETTE,1979,6,57,19790716,0,,TD,13.4N,50.4W,25,1012,,,,,,,,,,,,
AL,CLAUDETTE,1979,6,57,19790716,600,,TD,14.6N,52.1W,25,1012,,,,,,,,,,,,
AL,CLAUDETTE,1979,6,57,19790716,1200,,TD,15.7N,53.8W,30,1011,,,,,,,,,,,,
AL,CLAUDETTE,1979,6,57,19790716,1800,,TD,16.5N,55.5W,30,1011,,,,,,,,,,,,
AL,CLAUDETTE,1979,6,57,19790717,0,,TD,17.0N,57.2W,30,1011,,,,,,,,,,,,
AL,CLAUDETTE,1979,6,57,19790717,600,,TD,17.5N,58.8W,30,1011,,,,,,,,,,,,
AL,CLAUDETTE,1979,6,57,19790717,1200,,TS,17.8N,60.3W,35,1011,,,,,,,,,,,,
AL,CLAUDETTE,1979,6,57,19790717,1800,,TS,18.0N,62.1W,40,1010,,,,,,,,,,,,
AL,CLAUDETTE,1979,6,57,19790718,0,,TS,18.2N,63.8W,35,1010,,,,,,,,,,,,
AL,CLAUDETTE,1979,6,57,19790718,600,,TD,18.3N,65.4W,30,1011,,,,,,,,,,,,
AL,CLAUDETTE,1979,6,57,19790718,1200,,TD,18.4N,67.0W,30,1011,,,,,,,,,,,,
AL,CLAUDETTE,1979,6,57,19790718,1800,,TD,18.5N,68.5W,25,1012,,,,,,,,,,,,
AL,CLAUDETTE,1979,6,57,19790719,0,,TD,18.7N,69.5W,20,1012,,,,,,,,,,,,
AL,CLAUDETTE,1979,6,57,19790719,600,,TD,18.8N,70.5W,20,1012,,,,,,,,,,,,
AL,CLAUDETTE,1979,6,57,19790719,1200,,TD,18.8N,71.4W,20,1012,,,,,,,,,,,,
AL,CLAUDETTE,1979,6,57,19790719,1800,,TD,19.0N,72.4W,20,1012,,,,,,,,,,,,
AL,CLAUDETTE,1979,6,57,19790720,0,,TD,19.0N,73.3W,20,1013,,,,,,,,,,,,
AL,CLAUDETTE,1979,6,57,19790720,600,,TD,19.2N,74.7W,20,1013,,,,,,,,,,,,
AL,CLAUDETTE,1979,6,57,19790720,1200,,TD,19.5N,76.7W,20,1013,,,,,,,,,,,,
AL,CLAUDETTE,1979,6,57,19790720,1800,,TD,20.0N,78.7W,20,1013,,,,,,,,,,,,
AL,CLAUDETTE,1979,6,57,19790721,0,,TD,20.6N,80.4W,20,1013,,,,,,,,,,,,
AL,CLAUDETTE,1979,6,57,19790721,600,,TD,21.4N,82.2W,25,1013,,,,,,,,,,,,
AL,CLAUDETTE,1979,6,57,19790721,1200,,TD,22.1N,83.5W,30,1012,,,,,,,,,,,,
AL,CLAUDETTE,1979,6,57,19790721,1800,,TD,22.8N,85.0W,30,1010,,,,,,,,,,,,
AL,CLAUDETTE,1979,6,57,19790722,0,,TD,23.5N,86.5W,30,1007,,,,,,,,,,,,
AL,CLAUDETTE,1979,6,57,19790722,600,,TD,24.0N,87.4W,30,1007,,,,,,,,,,,,
AL,CLAUDETTE,1979,6,57,19790722,1200,,TD,24.5N,88.5W,30,1007,,,,,,,,,,,,
AL,CLAUDETTE,1979,6,57,19790722,1800,,TD,25.0N,89.5W,30,1006,,,,,,,,,,,,
AL,CLAUDETTE,1979,6,57,19790723,0,,TD,25.4N,90.5W,30,1005,,,,,,,,,,,,
AL,CLAUDETTE,1979,6,57,19790723,600,,TD,25.9N,91.4W,30,1004,,,,,,,,,,,,
AL,CLAUDETTE,1979,6,57,19790723,1200,,TS,26.4N,92.4W,35,1003,,,,,,,,,,,,
AL,CLAUDETTE,1979,6,57,19790723,1800,,TS,26.9N,92.9W,35,1003,,,,,,,,,,,,
AL,CLAUDETTE,1979,6,57,19790724,0,,TS,27.5N,93.4W,35,1003,,,,,,,,,,,,
AL,CLAUDETTE,1979,6,57,19790724,600,,TS,28.3N,93.5W,40,1003,,,,,,,,,,,,
AL,CLAUDETTE,1979,6,57,19790724,1200,,TS,28.8N,93.7W,45,1002,,,,,,,,,,,,
AL,CLAUDETTE,1979,6,57,19790724,1800,,TS,29.6N,93.9W,45,1000,,,,,,,,,,,,
AL,CLAUDETTE,1979,6,57,19790725,0,,TS,30.3N,93.9W,40,997,,,,,,,,,,,,
AL,CLAUDETTE,1979,6,57,19790725,600,,TS,30.3N,94.3W,35,998,,,,,,,,,,,,
AL,CLAUDETTE,1979,6,57,19790725,1200,,TD,30.5N,94.8W,30,1000,,,,,,,,,,,,
AL,CLAUDETTE,1979,6,57,19790725,1800,,TD,30.5N,95.2W,30,1001,,,,,,,,,,,,
AL,CLAUDETTE,1979,6,57,19790726,0,,TD,30.2N,95.3W,30,1001,,,,,,,,,,,,
AL,CLAUDETTE,1979,6,57,19790726,600,,TD,30.6N,95.1W,30,1002,,,,,,,,,,,,
AL,CLAUDETTE,1979,6,57,19790726,1200,,TD,30.8N,95.4W,25,1003,,,,,,,,,,,,
AL,CLAUDETTE,1979,6,57,19790726,1800,,TD,31.3N,96.3W,25,1004,,,,,,,,,,,,
AL,CLAUDETTE,1979,6,57,19790727,0,,TD,31.8N,96.6W,20,1004,,,,,,,,,,,,
AL,CLAUDETTE,1979,6,57,19790727,600,,TD,32.7N,96.4W,20,1006,,,,,,,,,,,,
AL,CLAUDETTE,1979,6,57,19790727,1200,,TD,34.0N,95.9W,15,1007,,,,,,,,,,,,
AL,CLAUDETTE,1979,6,57,19790727,1800,,TD,35.3N,95.3W,15,1007,,,,,,,,,,,,
AL,CLAUDETTE,1979,6,57,19790728,0,,TD,36.4N,94.6W,15,1007,,,,,,,,,,,,
AL,CLAUDETTE,1979,6,57,19790728,600,,TD,37.8N,93.4W,15,1008,,,,,,,,,,,,
AL,CLAUDETTE,1979,6,57,19790728,1200,,TD,38.6N,91.0W,15,1009,,,,,,,,,,,,
AL,CLAUDETTE,1979,6,57,19790728,1800,,TD,38.8N,88.0W,15,1009,,,,,,,,,,,,
AL,CLAUDETTE,1979,6,57,19790729,0,,TD,39.0N,85.2W,15,1010,,,,,,,,,,,,
AL,CLAUDETTE,1979,6,57,19790729,600,,TD,39.0N,82.8W,15,1011,,,,,,,,,,,,
AL,CLAUDETTE,1979,6,57,19790729,1200,,TD,39.0N,80.2W,15,1011,,,,,,,,,,,,
AL,UNNAMED,1979,7,14,19790723,1200,,TD,17.0N,35.5W,20,,,,,,,,,,,,,
AL,UNNAMED,1979,7,14,19790723,1800,,TD,17.4N,37.2W,20,,,,,,,,,,,,,
AL,UNNAMED,1979,7,14,19790724,0,,TD,17.8N,39.0W,25,,,,,,,,,,,,,
AL,UNNAMED,1979,7,14,19790724,600,,TD,18.0N,40.5W,25,,,,,,,,,,,,,
AL,UNNAMED,1979,7,14,19790724,1200,,TD,18.2N,42.1W,30,,,,,,,,,,,,,
AL,UNNAMED,1979,7,14,19790724,1800,,TD,18.9N,43.9W,30,,,,,,,,,,,,,
AL,UNNAMED,1979,7,14,19790725,0,,TD,19.5N,45.5W,30,,,,,,,,,,,,,
AL,UNNAMED,1979,7,14,19790725,600,,TD,20.3N,47.0W,30,,,,,,,,,,,,,
AL,UNNAMED,1979,7,14,19790725,1200,,TD,21.0N,48.9W,30,,,,,,,,,,,,,
AL,UNNAMED,1979,7,14,19790725,1800,,TD,22.0N,50.0W,30,,,,,,,,,,,,,
AL,UNNAMED,1979,7,14,19790726,0,,TD,23.2N,51.0W,25,,,,,,,,,,,,,
AL,UNNAMED,1979,7,14,19790726,600,,TD,24.5N,51.5W,25,,,,,,,,,,,,,
AL,UNNAMED,1979,7,14,19790726,1200,,TD,26.0N,52.0W,25,,,,,,,,,,,,,
AL,UNNAMED,1979,7,14,19790726,1800,,TD,26.5N,52.5W,20,,,,,,,,,,,,,
AL,UNNAMED,1979,8,25,19790731,1200,,TD,17.0N,54.0W,25,,,,,,,,,,,,,
AL,UNNAMED,1979,8,25,19790731,1800,,TD,17.6N,56.3W,25,,,,,,,,,,,,,
AL,UNNAMED,1979,8,25,19790801,0,,TD,18.3N,58.6W,25,,,,,,,,,,,,,
AL,UNNAMED,1979,8,25,19790801,600,,TD,19.4N,60.6W,25,,,,,,,,,,,,,
AL,UNNAMED,1979,8,25,19790801,1200,,TD,20.7N,62.3W,30,,,,,,,,,,,,,
AL,UNNAMED,1979,8,25,19790801,1800,,TD,21.9N,63.5W,30,,,,,,,,,,,,,
AL,UNNAMED,1979,8,25,19790802,0,,TD,23.0N,64.8W,30,,,,,,,,,,,,,
AL,UNNAMED,1979,8,25,19790802,600,,TD,24.4N,65.5W,30,,,,,,,,,,,,,
AL,UNNAMED,1979,8,25,19790802,1200,,TD,25.9N,66.6W,30,,,,,,,,,,,,,
AL,UNNAMED,1979,8,25,19790802,1800,,TD,27.0N,67.0W,30,,,,,,,,,,,,,
AL,UNNAMED,1979,8,25,19790803,0,,TD,28.0N,67.5W,30,,,,,,,,,,,,,
AL,UNNAMED,1979,8,25,19790803,600,,TD,29.1N,68.0W,30,,,,,,,,,,,,,
AL,UNNAMED,1979,8,25,19790803,1200,,TD,30.2N,68.1W,30,,,,,,,,,,,,,
AL,UNNAMED,1979,8,25,19790803,1800,,TD,32.0N,68.5W,30,,,,,,,,,,,,,
AL,UNNAMED,1979,8,25,19790804,0,,TD,33.5N,68.5W,30,,,,,,,,,,,,,
AL,UNNAMED,1979,8,25,19790804,600,,TD,35.0N,68.5W,30,,,,,,,,,,,,,
AL,UNNAMED,1979,8,25,19790804,1200,,TD,36.6N,68.4W,30,,,,,,,,,,,,,
AL,UNNAMED,1979,8,25,19790804,1800,,TD,38.5N,67.5W,30,,,,,,,,,,,,,
AL,UNNAMED,1979,8,25,19790805,0,,TD,40.5N,66.5W,30,,,,,,,,,,,,,
AL,UNNAMED,1979,8,25,19790805,600,,TD,42.0N,65.0W,30,,,,,,,,,,,,,
AL,UNNAMED,1979,8,25,19790805,1200,,TD,43.8N,63.8W,30,,,,,,,,,,,,,
AL,UNNAMED,1979,8,25,19790805,1800,,TD,46.0N,60.0W,25,,,,,,,,,,,,,
AL,UNNAMED,1979,8,25,19790806,0,,TD,47.5N,55.5W,25,,,,,,,,,,,,,
AL,UNNAMED,1979,8,25,19790806,600,,TD,48.2N,50.6W,25,,,,,,,,,,,,,
AL,UNNAMED,1979,8,25,19790806,1200,,TD,48.5N,45.0W,20,,,,,,,,,,,,,
AL,DAVID,1979,9,55,19790825,1200,,TD,11.7N,36.1W,25,1008,,,,,,,,,,,,
AL,DAVID,1979,9,55,19790825,1800,,TD,11.7N,38.2W,25,1007,,,,,,,,,,,,
AL,DAVID,1979,9,55,19790826,0,,TD,11.7N,40.3W,30,1006,,,,,,,,,,,,
AL,DAVID,1979,9,55,19790826,600,,TS,11.6N,42.2W,35,1005,,,,,,,,,,,,
AL,DAVID,1979,9,55,19790826,1200,,TS,11.6N,44.0W,40,1003,,,,,,,,,,,,
AL,DAVID,1979,9,55,19790826,1800,,TS,11.6N,45.5W,45,998,,,,,,,,,,,,
AL,DAVID,1979,9,55,19790827,0,,TS,11.7N,47.0W,55,990,,,,,,,,,,,,
AL,DAVID,1979,9,55,19790827,600,,HU,11.8N,48.5W,65,980,,,,,,,,,,,,
AL,DAVID,1979,9,55,19790827,1200,,HU,11.8N,50.0W,80,966,,,,,,,,,,,,
AL,DAVID,1979,9,55,19790827,1800,,HU,11.9N,51.5W,95,954,,,,,,,,,,,,
AL,DAVID,1979,9,55,19790828,0,,HU,12.2N,52.9W,115,947,,,,,,,,,,,,
AL,DAVID,1979,9,55,19790828,600,,HU,12.5N,54.4W,125,941,,,,,,,,,,,,
AL,DAVID,1979,9,55,19790828,1200,,HU,12.8N,55.7W,130,938,,,,,,,,,,,,
AL,DAVID,1979,9,55,19790828,1800,,HU,13.2N,56.9W,125,941,,,,,,,,,,,,
AL,DAVID,1979,9,55,19790829,0,,HU,13.7N,58.0W,120,944,,,,,,,,,,,,
AL,DAVID,1979,9,55,19790829,600,,HU,14.2N,59.2W,120,942,,,,,,,,,,,,
AL,DAVID,1979,9,55,19790829,1200,,HU,14.8N,60.3W,125,938,,,,,,,,,,,,
AL,DAVID,1979,9,55,19790829,1800,,HU,15.3N,61.6W,125,933,,,,,,,,,,,,
AL,DAVID,1979,9,55,19790830,0,,HU,15.6N,62.8W,130,929,,,,,,,,,,,,
AL,DAVID,1979,9,55,19790830,600,,HU,16.0N,64.2W,140,925,,,,,,,,,,,,
AL,DAVID,1979,9,55,19790830,1200,,HU,16.3N,65.2W,145,924,,,,,,,,,,,,
AL,DAVID,1979,9,55,19790830,1800,,HU,16.6N,66.2W,150,924,,,,,,,,,,,,
AL,DAVID,1979,9,55,19790831,0,,HU,16.8N,67.3W,145,927,,,,,,,,,,,,
AL,DAVID,1979,9,55,19790831,600,,HU,17.0N,68.3W,145,928,,,,,,,,,,,,
AL,DAVID,1979,9,55,19790831,1200,,HU,17.2N,69.1W,145,927,,,,,,,,,,,,
AL,DAVID,1979,9,55,19790831,1800,,HU,17.9N,69.7W,150,926,,,,,,,,,,,,
AL,DAVID,1979,9,55,19790901,0,,HU,18.8N,70.4W,130,953,,,,,,,,,,,,
AL,DAVID,1979,9,55,19790901,600,,HU,19.3N,72.0W,100,978,,,,,,,,,,,,
AL,DAVID,1979,9,55,19790901,1200,,HU,19.7N,73.7W,65,1002,,,,,,,,,,,,
AL,DAVID,1979,9,55,19790901,1800,,TS,20.6N,74.6W,60,1002,,,,,,,,,,,,
AL,DAVID,1979,9,55,19790902,0,,HU,21.3N,75.2W,65,997,,,,,,,,,,,,
AL,DAVID,1979,9,55,19790902,600,,HU,21.9N,75.5W,70,990,,,,,,,,,,,,
AL,DAVID,1979,9,55,19790902,1200,,HU,23.0N,76.3W,70,984,,,,,,,,,,,,
AL,DAVID,1979,9,55,19790902,1800,,HU,23.9N,77.4W,75,979,,,,,,,,,,,,
AL,DAVID,1979,9,55,19790903,0,,HU,24.6N,78.2W,80,976,,,,,,,,,,,,
AL,DAVID,1979,9,55,19790903,600,,HU,25.3N,79.1W,80,974,,,,,,,,,,,,
AL,DAVID,1979,9,55,19790903,1200,,HU,26.3N,79.6W,85,973,,,,,,,,,,,,
AL,DAVID,1979,9,55,19790903,1800,,HU,27.2N,80.2W,85,972,,,,,,,,,,,,
AL,DAVID,1979,9,55,19790904,0,,HU,28.0N,80.5W,85,971,,,,,,,,,,,,
AL,DAVID,1979,9,55,19790904,600,,HU,29.1N,80.8W,85,970,,,,,,,,,,,,
AL,DAVID,1979,9,55,19790904,1200,,HU,30.2N,80.9W,85,970,,,,,,,,,,,,
AL,DAVID,1979,9,55,19790904,1800,,HU,31.5N,81.2W,80,970,,,,,,,,,,,,
AL,DAVID,1979,9,55,19790905,0,,HU,32.5N,81.1W,65,972,,,,,,,,,,,,
AL,DAVID,1979,9,55,19790905,600,,TS,33.5N,80.9W,55,976,,,,,,,,,,,,
AL,DAVID,1979,9,55,19790905,1200,,TS,34.9N,80.6W,45,980,,,,,,,,,,,,
AL,DAVID,1979,9,55,19790905,1800,,TS,36.2N,80.1W,40,984,,,,,,,,,,,,
AL,DAVID,1979,9,55,19790906,0,,TS,37.6N,79.5W,40,987,,,,,,,,,,,,
AL,DAVID,1979,9,55,19790906,600,,TS,39.2N,78.5W,40,989,,,,,,,,,,,,
AL,DAVID,1979,9,55,19790906,1200,,TS,41.5N,76.3W,40,991,,,,,,,,,,,,
AL,DAVID,1979,9,55,19790906,1800,,EX,43.3N,73.7W,40,992,,,,,,,,,,,,
AL,DAVID,1979,9,55,19790907,0,,EX,45.0N,70.0W,45,991,,,,,,,,,,,,
AL,DAVID,1979,9,55,19790907,600,,EX,46.5N,66.0W,50,988,,,,,,,,,,,,
AL,DAVID,1979,9,55,19790907,1200,,EX,47.5N,61.5W,50,987,,,,,,,,,,,,
AL,DAVID,1979,9,55,19790907,1800,,EX,50.0N,57.0W,55,986,,,,,,,,,,,,
AL,DAVID,1979,9,55,19790908,0,,EX,52.5N,52.5W,60,985,,,,,,,,,,,,
AL,UNNAMED,1979,10,13,19790825,1200,,TD,18.0N,94.5W,20,,,,,,,,,,,,,
AL,UNNAMED,1979,10,13,19790825,1800,,TD,19.0N,95.0W,25,,,,,,,,,,,,,
AL,UNNAMED,1979,10,13,19790826,0,,TD,19.4N,95.2W,25,,,,,,,,,,,,,
AL,UNNAMED,1979,10,13,19790826,600,,TD,20.0N,96.0W,30,,,,,,,,,,,,,
AL,UNNAMED,1979,10,13,19790826,1200,,TD,20.8N,96.0W,30,,,,,,,,,,,,,
AL,UNNAMED,1979,10,13,19790826,1800,,TD,21.8N,96.0W,30,,,,,,,,,,,,,
AL,UNNAMED,1979,10,13,19790827,0,,TD,22.7N,96.0W,30,,,,,,,,,,,,,
AL,UNNAMED,1979,10,13,19790827,600,,TD,23.4N,96.0W,30,,,,,,,,,,,,,
AL,UNNAMED,1979,10,13,19790827,1200,,TD,24.2N,96.1W,30,,,,,,,,,,,,,
AL,UNNAMED,1979,10,13,19790827,1800,,TD,24.9N,96.6W,25,,,,,,,,,,,,,
AL,UNNAMED,1979,10,13,19790828,0,,TD,24.7N,97.1W,25,,,,,,,,,,,,,
AL,UNNAMED,1979,10,13,19790828,600,,TD,24.0N,98.5W,25,,,,,,,,,,,,,
AL,UNNAMED,1979,10,13,19790828,1200,,TD,23.8N,99.0W,-99,,,,,,,,,,,,,
AL,FREDERIC,1979,11,68,19790829,600,,TD,11.0N,25.5W,25,1009,,,,,,,,,,,,
AL,FREDERIC,1979,11,68,19790829,1200,,TD,11.1N,28.0W,30,1009,,,,,,,,,,,,
AL,FREDERIC,1979,11,68,19790829,1800,,TD,11.2N,30.5W,30,1008,,,,,,,,,,,,
AL,FREDERIC,1979,11,68,19790830,0,,TD,11.3N,32.5W,30,1007,,,,,,,,,,,,
AL,FREDERIC,1979,11,68,19790830,600,,TD,11.4N,34.2W,30,1006,,,,,,,,,,,,
AL,FREDERIC,1979,11,68,19790830,1200,,TS,11.5N,36.0W,35,1005,,,,,,,,,,,,
AL,FREDERIC,1979,11,68,19790830,1800,,TS,11.6N,37.8W,40,1003,,,,,,,,,,,,
AL,FREDERIC,1979,11,68,19790831,0,,TS,11.7N,39.7W,45,1000,,,,,,,,,,,,
AL,FREDERIC,1979,11,68,19790831,600,,TS,11.8N,41.6W,50,997,,,,,,,,,,,,
AL,FREDERIC,1979,11,68,19790831,1200,,TS,11.9N,43.5W,55,994,,,,,,,,,,,,
AL,FREDERIC,1979,11,68,19790831,1800,,TS,12.0N,45.1W,55,991,,,,,,,,,,,,
AL,FREDERIC,1979,11,68,19790901,0,,TS,12.5N,47.0W,60,988,,,,,,,,,,,,
AL,FREDERIC,1979,11,68,19790901,600,,HU,12.9N,48.7W,65,987,,,,,,,,,,,,
AL,FREDERIC,1979,11,68,19790901,1200,,HU,13.3N,50.4W,65,988,,,,,,,,,,,,
AL,FREDERIC,1979,11,68,19790901,1800,,HU,13.8N,52.3W,65,990,,,,,,,,,,,,
AL,FREDERIC,1979,11,68,19790902,0,,TS,14.3N,54.1W,60,992,,,,,,,,,,,,
AL,FREDERIC,1979,11,68,19790902,600,,TS,14.9N,55.5W,60,994,,,,,,,,,,,,
AL,FREDERIC,1979,11,68,19790902,1200,,TS,15.5N,57.2W,60,996,,,,,,,,,,,,
AL,FREDERIC,1979,11,68,19790902,1800,,TS,16.3N,58.8W,55,999,,,,,,,,,,,,
AL,FREDERIC,1979,11,68,19790903,0,,TS,16.7N,59.8W,55,1002,,,,,,,,,,,,
AL,FREDERIC,1979,11,68,19790903,600,,TS,17.1N,60.8W,55,1000,,,,,,,,,,,,
AL,FREDERIC,1979,11,68,19790903,1200,,TS,17.5N,61.8W,50,999,,,,,,,,,,,,
AL,FREDERIC,1979,11,68,19790903,1800,,TS,17.8N,62.8W,50,1000,,,,,,,,,,,,
AL,FREDERIC,1979,11,68,19790904,0,,TS,18.0N,63.8W,50,1002,,,,,,,,,,,,
AL,FREDERIC,1979,11,68,19790904,600,,TS,18.1N,64.8W,45,1003,,,,,,,,,,,,
AL,FREDERIC,1979,11,68,19790904,1200,,TS,18.1N,65.8W,45,1004,,,,,,,,,,,,
AL,FREDERIC,1979,11,68,19790904,1800,,TS,18.1N,66.8W,45,1005,,,,,,,,,,,,
AL,FREDERIC,1979,11,68,19790905,0,,TS,18.0N,67.8W,45,1006,,,,,,,,,,,,
AL,FREDERIC,1979,11,68,19790905,600,,TS,17.5N,68.7W,45,1007,,,,,,,,,,,,
AL,FREDERIC,1979,11,68,19790905,1200,,TS,17.4N,69.2W,40,1008,,,,,,,,,,,,
AL,FREDERIC,1979,11,68,19790905,1800,,TS,17.8N,69.6W,40,1007,,,,,,,,,,,,
AL,FREDERIC,1979,11,68,19790906,0,,TS,18.5N,69.9W,40,1005,,,,,,,,,,,,
AL,FREDERIC,1979,11,68,19790906,600,,TS,19.4N,70.7W,35,1005,,,,,,,,,,,,
AL,FREDERIC,1979,11,68,19790906,1200,,TS,19.9N,71.8W,35,1006,,,,,,,,,,,,
AL,FREDERIC,1979,11,68,19790906,1800,,TD,20.0N,73.0W,30,1006,,,,,,,,,,,,
AL,FREDERIC,1979,11,68,19790907,0,,TD,20.1N,74.5W,30,1006,,,,,,,,,,,,
AL,FREDERIC,1979,11,68,19790907,600,,TD,20.3N,75.8W,25,1006,,,,,,,,,,,,
AL,FREDERIC,1979,11,68,19790907,1200,,TD,20.6N,77.0W,25,1005,,,,,,,,,,,,
AL,FREDERIC,1979,11,68,19790907,1800,,TD,20.9N,78.0W,25,1004,,,,,,,,,,,,
AL,FREDERIC,1979,11,68,19790908,0,,TD,21.1N,78.7W,30,1003,,,,,,,,,,,,
AL,FREDERIC,1979,11,68,19790908,600,,TD,21.3N,79.3W,30,1003,,,,,,,,,,,,
AL,FREDERIC,1979,11,68,19790908,1200,,TD,21.5N,79.8W,30,1002,,,,,,,,,,,,
AL,FREDERIC,1979,11,68,19790908,1800,,TD,21.6N,80.5W,30,1002,,,,,,,,,,,,
AL,FREDERIC,1979,11,68,19790909,0,,TS,21.7N,81.0W,35,1001,,,,,,,,,,,,
AL,FREDERIC,1979,11,68,19790909,600,,TS,21.8N,81.5W,40,1000,,,,,,,,,,,,
AL,FREDERIC,1979,11,68,19790909,1200,,TS,21.9N,82.0W,45,999,,,,,,,,,,,,
AL,FREDERIC,1979,11,68,19790909,1800,,TS,22.0N,82.5W,50,997,,,,,,,,,,,,
AL,FREDERIC,1979,11,68,19790910,0,,TS,22.4N,83.0W,55,995,,,,,,,,,,,,
AL,FREDERIC,1979,11,68,19790910,600,,TS,22.7N,83.3W,60,992,,,,,,,,,,,,
AL,FREDERIC,1979,11,68,19790910,1200,,HU,22.8N,83.6W,65,990,,,,,,,,,,,,
AL,FREDERIC,1979,11,68,19790910,1800,,HU,23.0N,83.8W,70,987,,,,,,,,,,,,
AL,FREDERIC,1979,11,68,19790911,0,,HU,23.3N,84.0W,75,985,,,,,,,,,,,,
AL,FREDERIC,1979,11,68,19790911,600,,HU,23.8N,84.4W,80,983,,,,,,,,,,,,
AL,FREDERIC,1979,11,68,19790911,1200,,HU,24.4N,84.8W,85,980,,,,,,,,,,,,
AL,FREDERIC,1979,11,68,19790911,1800,,HU,25.0N,85.2W,95,968,,,,,,,,,,,,
AL,FREDERIC,1979,11,68,19790912,0,,HU,25.7N,85.8W,100,960,,,,,,,,,,,,
AL,FREDERIC,1979,11,68,19790912,600,,HU,26.5N,86.4W,110,952,,,,,,,,,,,,
AL,FREDERIC,1979,11,68,19790912,1200,,HU,27.4N,87.0W,115,943,,,,,,,,,,,,
AL,FREDERIC,1979,11,68,19790912,1800,,HU,28.4N,87.7W,115,950,,,,,,,,,,,,
AL,FREDERIC,1979,11,68,19790913,0,,HU,29.7N,88.0W,115,946,,,,,,,,,,,,
AL,FREDERIC,1979,11,68,19790913,600,,HU,30.8N,88.5W,95,955,,,,,,,,,,,,
AL,FREDERIC,1979,11,68,19790913,1200,,HU,32.2N,88.7W,65,975,,,,,,,,,,,,
AL,FREDERIC,1979,11,68,19790913,1800,,TS,34.0N,88.0W,45,985,,,,,,,,,,,,
AL,FREDERIC,1979,11,68,19790914,0,,TS,35.2N,87.0W,40,990,,,,,,,,,,,,
AL,FREDERIC,1979,11,68,19790914,600,,TS,37.0N,84.5W,35,996,,,,,,,,,,,,
AL,FREDERIC,1979,11,68,19790914,1200,,TS,39.5N,81.0W,35,997,,,,,,,,,,,,
AL,FREDERIC,1979,11,68,19790914,1800,,EX,42.5N,76.0W,30,998,,,,,,,,,,,,
AL,FREDERIC,1979,11,68,19790915,0,,EX,48.0N,68.0W,30,988,,,,,,,,,,,,
AL,ELENA,1979,12,13,19790830,0,,TD,25.5N,89.1W,25,1008,,,,,,,,,,,,
AL,ELENA,1979,12,13,19790830,600,,TD,26.0N,89.9W,25,1008,,,,,,,,,,,,
AL,ELENA,1979,12,13,19790830,1200,,TD,26.4N,90.7W,30,1007,,,,,,,,,,,,
AL,ELENA,1979,12,13,19790830,1800,,TS,26.8N,91.8W,35,1006,,,,,,,,,,,,
AL,ELENA,1979,12,13,19790831,0,,TS,26.5N,93.0W,35,1004,,,,,,,,,,,,
AL,ELENA,1979,12,13,19790831,600,,TS,26.8N,93.8W,35,1006,,,,,,,,,,,,
AL,ELENA,1979,12,13,19790831,1200,,TS,27.0N,94.2W,35,1008,,,,,,,,,,,,
AL,ELENA,1979,12,13,19790831,1800,,TS,27.3N,94.7W,35,1008,,,,,,,,,,,,
AL,ELENA,1979,12,13,19790901,0,,TS,27.6N,95.1W,35,1008,,,,,,,,,,,,
AL,ELENA,1979,12,13,19790901,600,,TS,27.9N,95.5W,35,1008,,,,,,,,,,,,
AL,ELENA,1979,12,13,19790901,1200,,TS,28.5N,95.8W,35,1008,,,,,,,,,,,,
AL,ELENA,1979,12,13,19790901,1800,,TD,29.0N,95.8W,30,1008,,,,,,,,,,,,
AL,ELENA,1979,12,13,19790902,0,,TD,29.6N,95.8W,25,1008,,,,,,,,,,,,
AL,UNNAMED,1979,13,21,19790901,1200,,TD,19.9N,22.0W,20,,,,,,,,,,,,,
AL,UNNAMED,1979,13,21,19790901,1800,,TD,20.4N,23.0W,25,,,,,,,,,,,,,
AL,UNNAMED,1979,13,21,19790902,0,,TD,20.8N,23.6W,25,,,,,,,,,,,,,
AL,UNNAMED,1979,13,21,19790902,600,,TD,21.2N,26.0W,30,,,,,,,,,,,,,
AL,UNNAMED,1979,13,21,19790902,1200,,TD,22.0N,27.3W,30,,,,,,,,,,,,,
AL,UNNAMED,1979,13,21,19790902,1800,,TD,22.2N,28.7W,30,,,,,,,,,,,,,
AL,UNNAMED,1979,13,21,19790903,0,,TD,23.0N,30.0W,30,,,,,,,,,,,,,
AL,UNNAMED,1979,13,21,19790903,600,,TD,23.3N,31.8W,30,,,,,,,,,,,,,
AL,UNNAMED,1979,13,21,19790903,1200,,TD,23.9N,33.2W,30,,,,,,,,,,,,,
AL,UNNAMED,1979,13,21,19790903,1800,,TD,24.9N,34.9W,30,,,,,,,,,,,,,
AL,UNNAMED,1979,13,21,19790904,0,,TD,26.0N,36.5W,30,,,,,,,,,,,,,
AL,UNNAMED,1979,13,21,19790904,600,,TD,27.2N,37.8W,30,,,,,,,,,,,,,
AL,UNNAMED,1979,13,21,19790904,1200,,TD,28.7N,39.0W,30,,,,,,,,,,,,,
AL,UNNAMED,1979,13,21,19790904,1800,,TD,30.1N,39.5W,30,,,,,,,,,,,,,
AL,UNNAMED,1979,13,21,19790905,0,,TD,31.5N,39.8W,25,,,,,,,,,,,,,
AL,UNNAMED,1979,13,21,19790905,600,,TD,32.9N,39.5W,25,,,,,,,,,,,,,
AL,UNNAMED,1979,13,21,19790905,1200,,TD,34.0N,39.0W,25,,,,,,,,,,,,,
AL,UNNAMED,1979,13,21,19790905,1800,,TD,35.3N,38.5W,25,,,,,,,,,,,,,
AL,UNNAMED,1979,13,21,19790906,0,,TD,36.7N,37.9W,25,,,,,,,,,,,,,
AL,UNNAMED,1979,13,21,19790906,600,,TD,37.8N,37.0W,20,,,,,,,,,,,,,
AL,UNNAMED,1979,13,21,19790906,1200,,TD,39.0N,36.0W,20,,,,,,,,,,,,,
AL,GLORIA,1979,14,44,19790904,1200,,TD,15.5N,21.0W,25,1005,,,,,,,,,,,,
AL,GLORIA,1979,14,44,19790904,1800,,TD,16.5N,22.5W,25,1004,,,,,,,,,,,,
AL,GLORIA,1979,14,44,19790905,0,,TD,17.5N,24.0W,25,1003,,,,,,,,,,,,
AL,GLORIA,1979,14,44,19790905,600,,TD,18.5N,25.5W,25,1002,,,,,,,,,,,,
AL,GLORIA,1979,14,44,19790905,1200,,TD,19.0N,27.0W,30,1002,,,,,,,,,,,,
AL,GLORIA,1979,14,44,19790905,1800,,TD,19.8N,28.8W,30,1002,,,,,,,,,,,,
AL,GLORIA,1979,14,44,19790906,0,,TD,20.5N,30.3W,30,1001,,,,,,,,,,,,
AL,GLORIA,1979,14,44,19790906,600,,TD,21.2N,32.0W,30,1001,,,,,,,,,,,,
AL,GLORIA,1979,14,44,19790906,1200,,TS,22.0N,33.8W,35,1000,,,,,,,,,,,,
AL,GLORIA,1979,14,44,19790906,1800,,TS,22.5N,35.5W,45,998,,,,,,,,,,,,
AL,GLORIA,1979,14,44,19790907,0,,TS,23.2N,36.8W,55,995,,,,,,,,,,,,
AL,GLORIA,1979,14,44,19790907,600,,HU,24.4N,37.2W,65,992,,,,,,,,,,,,
AL,GLORIA,1979,14,44,19790907,1200,,HU,25.6N,38.0W,65,990,,,,,,,,,,,,
AL,GLORIA,1979,14,44,19790907,1800,,HU,26.4N,38.7W,70,988,,,,,,,,,,,,
AL,GLORIA,1979,14,44,19790908,0,,HU,27.0N,39.2W,75,985,,,,,,,,,,,,
AL,GLORIA,1979,14,44,19790908,600,,HU,27.5N,40.0W,75,985,,,,,,,,,,,,
AL,GLORIA,1979,14,44,19790908,1200,,HU,28.0N,40.3W,75,985,,,,,,,,,,,,
AL,GLORIA,1979,14,44,19790908,1800,,HU,28.6N,41.0W,75,985,,,,,,,,,,,,
AL,GLORIA,1979,14,44,19790909,0,,HU,29.3N,41.7W,75,985,,,,,,,,,,,,
AL,GLORIA,1979,14,44,19790909,600,,HU,29.9N,42.5W,75,985,,,,,,,,,,,,
AL,GLORIA,1979,14,44,19790909,1200,,HU,30.4N,43.2W,75,985,,,,,,,,,,,,
AL,GLORIA,1979,14,44,19790909,1800,,HU,31.0N,44.0W,70,987,,,,,,,,,,,,
AL,GLORIA,1979,14,44,19790910,0,,HU,31.5N,45.0W,70,989,,,,,,,,,,,,
AL,GLORIA,1979,14,44,19790910,600,,HU,31.2N,45.8W,65,991,,,,,,,,,,,,
AL,GLORIA,1979,14,44,19790910,1200,,HU,31.0N,46.8W,65,993,,,,,,,,,,,,
AL,GLORIA,1979,14,44,19790910,1800,,TS,31.1N,47.0W,60,994,,,,,,,,,,,,
AL,GLORIA,1979,14,44,19790911,0,,TS,31.3N,47.4W,55,995,,,,,,,,,,,,
AL,GLORIA,1979,14,44,19790911,600,,TS,31.4N,47.9W,55,995,,,,,,,,,,,,
AL,GLORIA,1979,14,44,19790911,1200,,TS,31.6N,48.1W,60,994,,,,,,,,,,,,
AL,GLORIA,1979,14,44,19790911,1800,,HU,31.8N,48.4W,65,992,,,,,,,,,,,,
AL,GLORIA,1979,14,44,19790912,0,,HU,32.2N,48.6W,70,988,,,,,,,,,,,,
AL,GLORIA,1979,14,44,19790912,600,,HU,32.4N,48.6W,75,985,,,,,,,,,,,,
AL,GLORIA,1979,14,44,19790912,1200,,HU,32.8N,48.3W,80,980,,,,,,,,,,,,
AL,GLORIA,1979,14,44,19790912,1800,,HU,33.2N,47.8W,85,975,,,,,,,,,,,,
AL,GLORIA,1979,14,44,19790913,0,,HU,33.9N,47.0W,85,975,,,,,,,,,,,,
AL,GLORIA,1979,14,44,19790913,600,,HU,34.5N,46.0W,85,976,,,,,,,,,,,,
AL,GLORIA,1979,14,44,19790913,1200,,HU,35.0N,45.0W,85,977,,,,,,,,,,,,
AL,GLORIA,1979,14,44,19790913,1800,,HU,36.0N,43.8W,80,978,,,,,,,,,,,,
AL,GLORIA,1979,14,44,19790914,0,,HU,37.0N,41.5W,80,979,,,,,,,,,,,,
AL,GLORIA,1979,14,44,19790914,600,,HU,38.5N,39.5W,75,980,,,,,,,,,,,,
AL,GLORIA,1979,14,44,19790914,1200,,HU,40.2N,37.8W,75,985,,,,,,,,,,,,
AL,GLORIA,1979,14,44,19790914,1800,,HU,42.0N,35.8W,70,988,,,,,,,,,,,,
AL,GLORIA,1979,14,44,19790915,0,,HU,43.4N,34.0W,65,992,,,,,,,,,,,,
AL,GLORIA,1979,14,44,19790915,600,,EX,45.0N,32.0W,60,994,,,,,,,,,,,,
AL,HENRI,1979,15,39,19790915,0,,TD,20.3N,86.8W,25,1003,,,,,,,,,,,,
AL,HENRI,1979,15,39,19790915,600,,TD,21.5N,86.9W,25,1003,,,,,,,,,,,,
AL,HENRI,1979,15,39,19790915,1200,,TD,22.5N,87.4W,30,1003,,,,,,,,,,,,
AL,HENRI,1979,15,39,19790915,1800,,TD,22.5N,88.5W,30,1003,,,,,,,,,,,,
AL,HENRI,1979,15,39,19790916,0,,TD,22.5N,89.7W,30,1003,,,,,,,,,,,,
AL,HENRI,1979,15,39,19790916,600,,TD,22.5N,91.0W,30,1002,,,,,,,,,,,,
AL,HENRI,1979,15,39,19790916,1200,,TS,22.1N,92.2W,35,1001,,,,,,,,,,,,
AL,HENRI,1979,15,39,19790916,1800,,TS,21.3N,93.1W,45,999,,,,,,,,,,,,
AL,HENRI,1979,15,39,19790917,0,,TS,20.2N,93.6W,55,995,,,,,,,,,,,,
AL,HENRI,1979,15,39,19790917,600,,HU,20.2N,94.0W,65,990,,,,,,,,,,,,
AL,HENRI,1979,15,39,19790917,1200,,HU,20.4N,94.3W,75,983,,,,,,,,,,,,
AL,HENRI,1979,15,39,19790917,1800,,HU,20.8N,94.6W,70,984,,,,,,,,,,,,
AL,HENRI,1979,15,39,19790918,0,,HU,20.9N,95.0W,65,992,,,,,,,,,,,,
AL,HENRI,1979,15,39,19790918,600,,TS,21.0N,95.4W,60,997,,,,,,,,,,,,
AL,HENRI,1979,15,39,19790918,1200,,TS,21.2N,95.7W,50,1000,,,,,,,,,,,,
AL,HENRI,1979,15,39,19790918,1800,,TS,21.6N,95.7W,40,1000,,,,,,,,,,,,
AL,HENRI,1979,15,39,19790919,0,,TS,21.5N,95.7W,40,1000,,,,,,,,,,,,
AL,HENRI,1979,15,39,19790919,600,,TS,21.3N,95.6W,35,1001,,,,,,,,,,,,
AL,HENRI,1979,15,39,19790919,1200,,TS,21.1N,95.5W,35,1003,,,,,,,,,,,,
AL,HENRI,1979,15,39,19790919,1800,,TD,21.1N,95.3W,30,1005,,,,,,,,,,,,
AL,HENRI,1979,15,39,19790920,0,,TD,21.1N,94.9W,30,1005,,,,,,,,,,,,
AL,HENRI,1979,15,39,19790920,600,,TD,21.1N,94.5W,30,1005,,,,,,,,,,,,
AL,HENRI,1979,15,39,19790920,1200,,TD,21.2N,94.2W,30,1006,,,,,,,,,,,,
AL,HENRI,1979,15,39,19790920,1800,,TD,21.2N,93.7W,30,1006,,,,,,,,,,,,
AL,HENRI,1979,15,39,19790921,0,,TD,21.4N,93.4W,30,1006,,,,,,,,,,,,
AL,HENRI,1979,15,39,19790921,600,,TD,21.7N,93.1W,30,1007,,,,,,,,,,,,
AL,HENRI,1979,15,39,19790921,1200,,TD,22.0N,92.7W,30,1008,,,,,,,,,,,,
AL,HENRI,1979,15,39,19790921,1800,,TD,22.3N,92.3W,30,1009,,,,,,,,,,,,
AL,HENRI,1979,15,39,19790922,0,,TD,22.6N,92.1W,25,1010,,,,,,,,,,,,
AL,HENRI,1979,15,39,19790922,600,,TD,23.0N,91.7W,20,1011,,,,,,,,,,,,
AL,HENRI,1979,15,39,19790922,1200,,TD,23.3N,91.5W,20,1011,,,,,,,,,,,,
AL,HENRI,1979,15,39,19790922,1800,,TD,23.8N,91.0W,20,1011,,,,,,,,,,,,
AL,HENRI,1979,15,39,19790923,0,,TD,24.3N,90.5W,20,1011,,,,,,,,,,,,
AL,HENRI,1979,15,39,19790923,600,,TD,24.8N,90.1W,20,1011,,,,,,,,,,,,
AL,HENRI,1979,15,39,19790923,1200,,TD,25.3N,89.6W,20,1011,,,,,,,,,,,,
AL,HENRI,1979,15,39,19790923,1800,,TD,25.4N,88.8W,20,1011,,,,,,,,,,,,
AL,HENRI,1979,15,39,19790924,0,,TD,25.6N,88.0W,20,1011,,,,,,,,,,,,
AL,HENRI,1979,15,39,19790924,600,,TD,26.0N,87.3W,20,1011,,,,,,,,,,,,
AL,HENRI,1979,15,39,19790924,1200,,EX,26.4N,86.7W,20,1011,,,,,,,,,,,,
AL,UNNAMED,1979,16,21,19790916,1200,,TD,15.6N,48.5W,20,,,,,,,,,,,,,
AL,UNNAMED,1979,16,21,19790916,1800,,TD,16.2N,49.2W,20,,,,,,,,,,,,,
AL,UNNAMED,1979,16,21,19790917,0,,TD,17.0N,50.0W,25,,,,,,,,,,,,,
AL,UNNAMED,1979,16,21,19790917,600,,TD,17.9N,50.6W,25,,,,,,,,,,,,,
AL,UNNAMED,1979,16,21,19790917,1200,,TD,19.0N,51.0W,25,,,,,,,,,,,,,
AL,UNNAMED,1979,16,21,19790917,1800,,TD,19.8N,51.5W,25,,,,,,,,,,,,,
AL,UNNAMED,1979,16,21,19790918,0,,TD,20.8N,51.6W,25,,,,,,,,,,,,,
AL,UNNAMED,1979,16,21,19790918,600,,TD,21.7N,51.6W,30,,,,,,,,,,,,,
AL,UNNAMED,1979,16,21,19790918,1200,,TD,22.4N,51.7W,30,,,,,,,,,,,,,
AL,UNNAMED,1979,16,21,19790918,1800,,TD,23.0N,51.6W,30,,,,,,,,,,,,,
AL,UNNAMED,1979,16,21,19790919,0,,TD,25.6N,51.6W,30,,,,,,,,,,,,,
AL,UNNAMED,1979,16,21,19790919,600,,TD,27.0N,51.5W,30,,,,,,,,,,,,,
AL,UNNAMED,1979,16,21,19790919,1200,,TD,28.8N,51.5W,30,,,,,,,,,,,,,
AL,UNNAMED,1979,16,21,19790919,1800,,TD,30.2N,51.5W,30,,,,,,,,,,,,,
AL,UNNAMED,1979,16,21,19790920,0,,TD,32.1N,51.2W,30,,,,,,,,,,,,,
AL,UNNAMED,1979,16,21,19790920,600,,TD,34.0N,51.0W,30,,,,,,,,,,,,,
AL,UNNAMED,1979,16,21,19790920,1200,,TD,35.9N,50.4W,25,,,,,,,,,,,,,
AL,UNNAMED,1979,16,21,19790920,1800,,TD,37.1N,50.0W,25,,,,,,,,,,,,,
AL,UNNAMED,1979,16,21,19790921,0,,TD,39.0N,49.0W,25,,,,,,,,,,,,,
AL,UNNAMED,1979,16,21,19790921,600,,TD,40.2N,48.1W,25,,,,,,,,,,,,,
AL,UNNAMED,1979,16,21,19790921,1200,,TD,41.8N,47.0W,20,,,,,,,,,,,,,
AL,UNNAMED,1979,17,33,19791012,1200,,TD,16.9N,87.3W,20,,,,,,,,,,,,,
AL,UNNAMED,1979,17,33,19791012,1800,,TD,17.2N,87.1W,20,,,,,,,,,,,,,
AL,UNNAMED,1979,17,33,19791013,0,,TD,17.6N,86.9W,25,,,,,,,,,,,,,
AL,UNNAMED,1979,17,33,19791013,600,,TD,17.9N,86.4W,25,,,,,,,,,,,,,
AL,UNNAMED,1979,17,33,19791013,1200,,TD,18.0N,86.0W,25,,,,,,,,,,,,,
AL,UNNAMED,1979,17,33,19791013,1800,,TD,18.1N,85.5W,30,,,,,,,,,,,,,
AL,UNNAMED,1979,17,33,19791014,0,,TD,18.2N,84.9W,30,,,,,,,,,,,,,
AL,UNNAMED,1979,17,33,19791014,600,,TD,18.3N,84.4W,30,,,,,,,,,,,,,
AL,UNNAMED,1979,17,33,19791014,1200,,TD,18.4N,83.9W,30,,,,,,,,,,,,,
AL,UNNAMED,1979,17,33,19791014,1800,,TD,18.5N,83.4W,30,,,,,,,,,,,,,
AL,UNNAMED,1979,17,33,19791015,0,,TD,18.8N,82.9W,30,,,,,,,,,,,,,
AL,UNNAMED,1979,17,33,19791015,600,,TD,18.9N,82.4W,30,,,,,,,,,,,,,
AL,UNNAMED,1979,17,33,19791015,1200,,TD,19.1N,82.1W,30,,,,,,,,,,,,,
AL,UNNAMED,1979,17,33,19791015,1800,,TD,19.3N,81.8W,30,,,,,,,,,,,,,
AL,UNNAMED,1979,17,33,19791016,0,,TD,19.7N,81.4W,30,,,,,,,,,,,,,
AL,UNNAMED,1979,17,33,19791016,600,,TD,20.0N,81.2W,30,,,,,,,,,,,,,
AL,UNNAMED,1979,17,33,19791016,1200,,TD,20.3N,81.2W,30,,,,,,,,,,,,,
AL,UNNAMED,1979,17,33,19791016,1800,,TD,20.7N,81.4W,30,,,,,,,,,,,,,
AL,UNNAMED,1979,17,33,19791017,0,,TD,21.0N,81.7W,30,,,,,,,,,,,,,
AL,UNNAMED,1979,17,33,19791017,600,,TD,21.1N,82.1W,30,,,,,,,,,,,,,
AL,UNNAMED,1979,17,33,19791017,1200,,TD,21.2N,82.5W,30,,,,,,,,,,,,,
AL,UNNAMED,1979,17,33,19791017,1800,,TD,21.1N,83.0W,30,,,,,,,,,,,,,
AL,UNNAMED,1979,17,33,19791018,0,,TD,21.0N,83.5W,25,,,,,,,,,,,,,
AL,UNNAMED,1979,17,33,19791018,600,,TD,20.9N,84.0W,25,,,,,,,,,,,,,
AL,UNNAMED,1979,17,33,19791018,1200,,TD,20.5N,84.4W,25,,,,,,,,,,,,,
AL,UNNAMED,1979,17,33,19791018,1800,,TD,20.2N,84.8W,25,,,,,,,,,,,,,
AL,UNNAMED,1979,17,33,19791019,0,,TD,20.0N,85.1W,25,,,,,,,,,,,,,
AL,UNNAMED,1979,17,33,19791019,600,,TD,19.7N,85.7W,25,,,,,,,,,,,,,
AL,UNNAMED,1979,17,33,19791019,1200,,TD,19.5N,86.4W,25,,,,,,,,,,,,,
AL,UNNAMED,1979,17,33,19791019,1800,,TD,19.1N,86.9W,25,,,,,,,,,,,,,
AL,UNNAMED,1979,17,33,19791020,0,,TD,19.0N,87.2W,20,,,,,,,,,,,,,
AL,UNNAMED,1979,17,33,19791020,600,,TD,18.8N,87.9W,20,,,,,,,,,,,,,
AL,UNNAMED,1979,17,33,19791020,1200,,TD,18.6N,88.2W,-99,,,,,,,,,,,,,
AL,UNNAMED,1979,18,9,19791023,1200,,SD,29.0N,66.0W,25,1007,,,,,,,,,,,,
AL,UNNAMED,1979,18,9,19791023,1800,,SD,31.0N,65.3W,25,1004,,,,,,,,,,,,
AL,UNNAMED,1979,18,9,19791024,0,,SD,33.0N,64.8W,30,1000,,,,,,,,,,,,
AL,UNNAMED,1979,18,9,19791024,600,,SS,35.0N,64.0W,40,996,,,,,,,,,,,,
AL,UNNAMED,1979,18,9,19791024,1200,,SS,37.5N,63.0W,50,990,,,,,,,,,,,,
AL,UNNAMED,1979,18,9,19791024,1800,,SS,40.5N,62.0W,65,985,,,,,,,,,,,,
AL,UNNAMED,1979,18,9,19791025,0,,SS,43.5N,61.0W,60,980,,,,,,,,,,,,
AL,UNNAMED,1979,18,9,19791025,600,,SS,47.5N,58.4W,50,982,,,,,,,,,,,,
AL,UNNAMED,1979,18,9,19791025,1200,,SS,51.0N,55.0W,45,987,,,,,,,,,,,,
AL,UNNAMED,1979,19,21,19791024,1200,,TD,12.0N,77.0W,20,,,,,,,,,,,,,
AL,UNNAMED,1979,19,21,19791024,1800,,TD,12.5N,77.3W,25,,,,,,,,,,,,,
AL,UNNAMED,1979,19,21,19791025,0,,TD,13.2N,77.6W,25,,,,,,,,,,,,,
AL,UNNAMED,1979,19,21,19791025,600,,TD,14.0N,78.0W,25,,,,,,,,,,,,,
AL,UNNAMED,1979,19,21,19791025,1200,,TD,14.8N,78.2W,30,,,,,,,,,,,,,
AL,UNNAMED,1979,19,21,19791025,1800,,TD,15.5N,78.5W,30,,,,,,,,,,,,,
AL,UNNAMED,1979,19,21,19791026,0,,TD,16.4N,78.9W,30,,,,,,,,,,,,,
AL,UNNAMED,1979,19,21,19791026,600,,TD,17.2N,79.2W,30,,,,,,,,,,,,,
AL,UNNAMED,1979,19,21,19791026,1200,,TD,18.0N,80.0W,30,,,,,,,,,,,,,
AL,UNNAMED,1979,19,21,19791026,1800,,TD,17.9N,80.5W,25,,,,,,,,,,,,,
AL,UNNAMED,1979,19,21,19791027,0,,TD,17.6N,81.0W,25,,,,,,,,,,,,,
AL,UNNAMED,1979,19,21,19791027,600,,TD,17.3N,81.6W,25,,,,,,,,,,,,,
AL,UNNAMED,1979,19,21,19791027,1200,,TD,16.9N,82.0W,25,,,,,,,,,,,,,
AL,UNNAMED,1979,19,21,19791027,1800,,TD,16.6N,82.1W,25,,,,,,,,,,,,,
AL,UNNAMED,1979,19,21,19791028,0,,TD,16.3N,82.4W,25,,,,,,,,,,,,,
AL,UNNAMED,1979,19,21,19791028,600,,TD,16.0N,82.6W,25,,,,,,,,,,,,,
AL,UNNAMED,1979,19,21,19791028,1200,,TD,15.8N,82.9W,25,,,,,,,,,,,,,
AL,UNNAMED,1979,19,21,19791028,1800,,TD,15.4N,83.0W,25,,,,,,,,,,,,,
AL,UNNAMED,1979,19,21,19791029,0,,TD,15.0N,83.2W,20,,,,,,,,,,,,,
AL,UNNAMED,1979,19,21,19791029,600,,TD,14.8N,83.6W,20,,,,,,,,,,,,,
AL,UNNAMED,1979,19,21,19791029,1200,,TD,14.4N,83.8W,-99,,,,,,,,,,,,,
AL,UNNAMED,1979,20,11,19791107,1200,,TD,24.5N,56.1W,20,,,,,,,,,,,,,
AL,UNNAMED,1979,20,11,19791107,1800,,TD,25.2N,55.2W,25,,,,,,,,,,,,,
AL,UNNAMED,1979,20,11,19791108,0,,TD,26.0N,54.5W,25,,,,,,,,,,,,,
AL,UNNAMED,1979,20,11,19791108,600,,TD,26.5N,53.6W,25,,,,,,,,,,,,,
AL,UNNAMED,1979,20,11,19791108,1200,,TD,27.1N,52.7W,30,,,,,,,,,,,,,
AL,UNNAMED,1979,20,11,19791108,1800,,TD,27.8N,51.5W,30,,,,,,,,,,,,,
AL,UNNAMED,1979,20,11,19791109,0,,TD,28.3N,50.4W,30,,,,,,,,,,,,,
AL,UNNAMED,1979,20,11,19791109,600,,TD,29.0N,49.5W,30,,,,,,,,,,,,,
AL,UNNAMED,1979,20,11,19791109,1200,,TD,29.1N,48.2W,30,,,,,,,,,,,,,
AL,UNNAMED,1979,20,11,19791109,1800,,TD,29.2N,46.9W,25,,,,,,,,,,,,,
AL,UNNAMED,1979,20,11,19791110,0,,TD,29.2N,45.5W,20,,,,,,,,,,,,,
AL,UNNAMED,1980,1,17,19800717,0,,TD,30.5N,76.5W,20,,,,,,,,,,,,,
AL,UNNAMED,1980,1,17,19800717,600,,TD,30.2N,77.2W,25,,,,,,,,,,,,,
AL,UNNAMED,1980,1,17,19800717,1200,,TD,30.0N,78.0W,25,,,,,,,,,,,,,
AL,UNNAMED,1980,1,17,19800717,1800,,TD,29.9N,79.3W,25,,,,,,,,,,,,,
AL,UNNAMED,1980,1,17,19800718,0,,TD,29.8N,80.2W,25,,,,,,,,,,,,,
AL,UNNAMED,1980,1,17,19800718,600,,TD,29.5N,81.1W,25,,,,,,,,,,,,,
AL,UNNAMED,1980,1,17,19800718,1200,,TD,29.5N,82.0W,20,,,,,,,,,,,,,
AL,UNNAMED,1980,1,17,19800718,1800,,TD,29.4N,83.0W,20,,,,,,,,,,,,,
AL,UNNAMED,1980,1,17,19800719,0,,TD,29.4N,84.0W,20,,,,,,,,,,,,,
AL,UNNAMED,1980,1,17,19800719,600,,TD,29.5N,84.7W,20,,,,,,,,,,,,,
AL,UNNAMED,1980,1,17,19800719,1200,,TD,29.6N,85.8W,25,,,,,,,,,,,,,
AL,UNNAMED,1980,1,17,19800719,1800,,TD,29.7N,86.4W,25,,,,,,,,,,,,,
AL,UNNAMED,1980,1,17,19800720,0,,TD,29.8N,87.0W,25,,,,,,,,,,,,,
AL,UNNAMED,1980,1,17,19800720,600,,TD,29.9N,87.8W,25,,,,,,,,,,,,,
AL,UNNAMED,1980,1,17,19800720,1200,,TD,30.0N,88.5W,25,,,,,,,,,,,,,
AL,UNNAMED,1980,1,17,19800720,1800,,TD,30.4N,89.2W,20,,,,,,,,,,,,,
AL,UNNAMED,1980,1,17,19800721,0,,TD,30.8N,90.0W,-99,,,,,,,,,,,,,
AL,UNNAMED,1980,2,17,19800717,1200,,TD,25.0N,90.0W,20,,,,,,,,,,,,,
AL,UNNAMED,1980,2,17,19800717,1800,,TD,25.2N,90.4W,25,,,,,,,,,,,,,
AL,UNNAMED,1980,2,17,19800718,0,,TD,25.4N,90.9W,25,,,,,,,,,,,,,
AL,UNNAMED,1980,2,17,19800718,600,,TD,25.7N,91.2W,30,,,,,,,,,,,,,
AL,UNNAMED,1980,2,17,19800718,1200,,TD,26.0N,91.8W,30,,,,,,,,,,,,,
AL,UNNAMED,1980,2,17,19800718,1800,,TD,26.2N,92.1W,30,,,,,,,,,,,,,
AL,UNNAMED,1980,2,17,19800719,0,,TD,26.4N,92.7W,30,,,,,,,,,,,,,
AL,UNNAMED,1980,2,17,19800719,600,,TD,26.8N,93.0W,30,,,,,,,,,,,,,
AL,UNNAMED,1980,2,17,19800719,1200,,TD,27.0N,93.5W,30,,,,,,,,,,,,,
AL,UNNAMED,1980,2,17,19800719,1800,,TD,27.4N,94.0W,30,,,,,,,,,,,,,
AL,UNNAMED,1980,2,17,19800720,0,,TD,27.8N,94.5W,30,,,,,,,,,,,,,
AL,UNNAMED,1980,2,17,19800720,600,,TD,28.0N,94.9W,30,,,,,,,,,,,,,
AL,UNNAMED,1980,2,17,19800720,1200,,TD,28.5N,95.2W,30,,,,,,,,,,,,,
AL,UNNAMED,1980,2,17,19800720,1800,,TD,29.0N,95.7W,25,,,,,,,,,,,,,
AL,UNNAMED,1980,2,17,19800721,0,,TD,29.5N,95.7W,25,,,,,,,,,,,,,
AL,UNNAMED,1980,2,17,19800721,600,,TD,30.0N,95.5W,25,,,,,,,,,,,,,
AL,UNNAMED,1980,2,17,19800721,1200,,TD,30.5N,95.0W,-99,,,,,,,,,,,,,
AL,UNNAMED,1980,3,17,19800722,0,,TD,23.2N,73.5W,20,,,,,,,,,,,,,
AL,UNNAMED,1980,3,17,19800722,600,,TD,24.0N,74.5W,25,,,,,,,,,,,,,
AL,UNNAMED,1980,3,17,19800722,1200,,TD,25.1N,75.4W,25,,,,,,,,,,,,,
AL,UNNAMED,1980,3,17,19800722,1800,,TD,26.2N,76.2W,30,,,,,,,,,,,,,
AL,UNNAMED,1980,3,17,19800723,0,,TD,27.0N,76.8W,30,,,,,,,,,,,,,
AL,UNNAMED,1980,3,17,19800723,600,,TD,28.2N,77.4W,30,,,,,,,,,,,,,
AL,UNNAMED,1980,3,17,19800723,1200,,TD,29.3N,77.8W,30,,,,,,,,,,,,,
AL,UNNAMED,1980,3,17,19800723,1800,,TD,30.8N,77.7W,30,,,,,,,,,,,,,
AL,UNNAMED,1980,3,17,19800724,0,,TD,31.8N,77.4W,30,,,,,,,,,,,,,
AL,UNNAMED,1980,3,17,19800724,600,,TD,33.0N,76.8W,30,,,,,,,,,,,,,
AL,UNNAMED,1980,3,17,19800724,1200,,TD,34.0N,75.8W,30,,,,,,,,,,,,,
AL,UNNAMED,1980,3,17,19800724,1800,,TD,35.1N,73.9W,25,,,,,,,,,,,,,
AL,UNNAMED,1980,3,17,19800725,0,,TD,36.0N,72.0W,25,,,,,,,,,,,,,
AL,UNNAMED,1980,3,17,19800725,600,,TD,36.5N,70.0W,25,,,,,,,,,,,,,
AL,UNNAMED,1980,3,17,19800725,1200,,TD,37.0N,68.2W,25,,,,,,,,,,,,,
AL,UNNAMED,1980,3,17,19800725,1800,,TD,37.2N,66.0W,20,,,,,,,,,,,,,
AL,UNNAMED,1980,3,17,19800726,0,,TD,37.6N,64.0W,20,,,,,,,,,,,,,
AL,ALLEN,1980,4,46,19800731,1200,,DB,11.0N,30.0W,25,,,,,,,,,,,,,
AL,ALLEN,1980,4,46,19800731,1800,,DB,10.9N,32.2W,25,,,,,,,,,,,,,
AL,ALLEN,1980,4,46,19800801,0,,TD,10.8N,34.3W,30,1010,,,,,,,,,,,,
AL,ALLEN,1980,4,46,19800801,600,,TD,10.7N,36.4W,30,1009,,,,,,,,,,,,
AL,ALLEN,1980,4,46,19800801,1200,,TD,10.7N,38.6W,30,1008,,,,,,,,,,,,
AL,ALLEN,1980,4,46,19800801,1800,,TD,10.7N,40.7W,30,1006,,,,,,,,,,,,
AL,ALLEN,1980,4,46,19800802,0,,TS,11.0N,42.8W,35,1005,,,,,,,,,,,,
AL,ALLEN,1980,4,46,19800802,600,,TS,11.4N,44.8W,45,1000,,,,,,,,,,,,
AL,ALLEN,1980,4,46,19800802,1200,,TS,11.9N,46.9W,55,995,,,,,,,,,,,,
AL,ALLEN,1980,4,46,19800802,1800,,TS,12.3N,49.1W,60,990,,,,,,,,,,,,
AL,ALLEN,1980,4,46,19800803,0,,HU,12.4N,51.4W,65,985,,,,,,,,,,,,
AL,ALLEN,1980,4,46,19800803,600,,HU,12.6N,53.6W,70,980,,,,,,,,,,,,
AL,ALLEN,1980,4,46,19800803,1200,,HU,12.8N,55.6W,80,975,,,,,,,,,,,,
AL,ALLEN,1980,4,46,19800803,1800,,HU,12.9N,57.5W,95,965,,,,,,,,,,,,
AL,ALLEN,1980,4,46,19800804,0,,HU,13.3N,59.1W,110,950,,,,,,,,,,,,
AL,ALLEN,1980,4,46,19800804,600,,HU,13.6N,61.0W,115,948,,,,,,,,,,,,
AL,ALLEN,1980,4,46,19800804,1200,,HU,14.0N,63.0W,125,945,,,,,,,,,,,,
AL,ALLEN,1980,4,46,19800804,1800,,HU,14.4N,64.9W,130,930,,,,,,,,,,,,
AL,ALLEN,1980,4,46,19800805,0,,HU,14.8N,66.7W,140,911,,,,,,,,,,,,
AL,ALLEN,1980,4,46,19800805,600,,HU,15.4N,68.6W,145,916,,,,,,,,,,,,
AL,ALLEN,1980,4,46,19800805,1200,,HU,15.9N,70.5W,155,932,,,,,,,,,,,,
AL,ALLEN,1980,4,46,19800805,1800,,HU,16.5N,72.3W,150,940,,,,,,,,,,,,
AL,ALLEN,1980,4,46,19800806,0,,HU,17.8N,73.8W,140,945,,,,,,,,,,,,
AL,ALLEN,1980,4,46,19800806,600,,HU,18.3N,75.9W,115,955,,,,,,,,,,,,
AL,ALLEN,1980,4,46,19800806,1200,,HU,19.2N,78.0W,115,955,,,,,,,,,,,,
AL,ALLEN,1980,4,46,19800806,1800,,HU,20.0N,80.1W,125,955,,,,,,,,,,,,
AL,ALLEN,1980,4,46,19800807,0,,HU,20.1N,81.9W,135,945,,,,,,,,,,,,
AL,ALLEN,1980,4,46,19800807,600,,HU,20.4N,83.6W,145,935,,,,,,,,,,,,
AL,ALLEN,1980,4,46,19800807,1200,,HU,21.0N,84.8W,155,910,,,,,,,,,,,,
AL,ALLEN,1980,4,46,19800807,1800,,HU,21.8N,86.4W,165,899,,,,,,,,,,,,
AL,ALLEN,1980,4,46,19800808,0,,HU,22.2N,87.9W,155,920,,,,,,,,,,,,
AL,ALLEN,1980,4,46,19800808,600,,HU,22.8N,89.2W,130,945,,,,,,,,,,,,
AL,ALLEN,1980,4,46,19800808,1200,,HU,23.4N,90.5W,115,960,,,,,,,,,,,,
AL,ALLEN,1980,4,46,19800808,1800,,HU,23.9N,91.8W,130,940,,,,,,,,,,,,
AL,ALLEN,1980,4,46,19800809,0,,HU,24.5N,93.0W,145,912,,,,,,,,,,,,
AL,ALLEN,1980,4,46,19800809,600,,HU,25.0N,94.2W,155,909,,,,,,,,,,,,
AL,ALLEN,1980,4,46,19800809,1200,,HU,25.2N,95.4W,140,916,,,,,,,,,,,,
AL,ALLEN,1980,4,46,19800809,1800,,HU,25.4N,96.1W,125,925,,,,,,,,,,,,
AL,ALLEN,1980,4,46,19800810,0,,HU,25.8N,96.8W,110,935,,,,,,,,,,,,
AL,ALLEN,1980,4,46,19800810,600,,HU,26.1N,97.2W,100,945,,,,,,,,,,,,
AL,ALLEN,1980,4,46,19800810,1200,,HU,26.7N,98.1W,85,960,,,,,,,,,,,,
AL,ALLEN,1980,4,46,19800810,1800,,HU,27.3N,99.0W,70,970,,,,,,,,,,,,
AL,ALLEN,1980,4,46,19800811,0,,TS,27.7N,99.8W,60,990,,,,,,,,,,,,
AL,ALLEN,1980,4,46,19800811,600,,TS,28.0N,100.9W,45,1000,,,,,,,,,,,,
AL,ALLEN,1980,4,46,19800811,1200,,TD,28.5N,101.9W,30,1005,,,,,,,,,,,,
AL,ALLEN,1980,4,46,19800811,1800,,TD,28.9N,102.9W,30,1008,,,,,,,,,,,,
AL,UNNAMED,1980,5,17,19800813,0,,TD,15.0N,21.0W,20,,,,,,,,,,,,,
AL,UNNAMED,1980,5,17,19800813,600,,TD,15.2N,22.5W,25,,,,,,,,,,,,,
AL,UNNAMED,1980,5,17,19800813,1200,,TD,15.8N,24.2W,25,,,,,,,,,,,,,
AL,UNNAMED,1980,5,17,19800813,1800,,TD,16.7N,25.9W,30,,,,,,,,,,,,,
AL,UNNAMED,1980,5,17,19800814,0,,TD,17.8N,27.1W,30,,,,,,,,,,,,,
AL,UNNAMED,1980,5,17,19800814,600,,TD,18.8N,28.7W,30,,,,,,,,,,,,,
AL,UNNAMED,1980,5,17,19800814,1200,,TD,20.0N,30.0W,30,,,,,,,,,,,,,
AL,UNNAMED,1980,5,17,19800814,1800,,TD,21.0N,31.7W,30,,,,,,,,,,,,,
AL,UNNAMED,1980,5,17,19800815,0,,TD,22.0N,33.0W,30,,,,,,,,,,,,,
AL,UNNAMED,1980,5,17,19800815,600,,TD,23.2N,34.3W,30,,,,,,,,,,,,,
AL,UNNAMED,1980,5,17,19800815,1200,,TD,24.8N,35.9W,30,,,,,,,,,,,,,
AL,UNNAMED,1980,5,17,19800815,1800,,TD,27.3N,37.2W,30,,,,,,,,,,,,,
AL,UNNAMED,1980,5,17,19800816,0,,TD,30.0N,36.6W,30,,,,,,,,,,,,,
AL,UNNAMED,1980,5,17,19800816,600,,TD,32.1N,34.4W,25,,,,,,,,,,,,,
AL,UNNAMED,1980,5,17,19800816,1200,,TD,33.8N,31.9W,25,,,,,,,,,,,,,
AL,UNNAMED,1980,5,17,19800816,1800,,TD,35.2N,29.0W,25,,,,,,,,,,,,,
AL,UNNAMED,1980,5,17,19800817,0,,TD,36.7N,26.2W,20,,,,,,,,,,,,,
AL,BONNIE,1980,6,24,19800814,0,,TD,12.7N,35.5W,25,1010,,,,,,,,,,,,
AL,BONNIE,1980,6,24,19800814,600,,TD,13.5N,36.6W,30,1008,,,,,,,,,,,,
AL,BONNIE,1980,6,24,19800814,1200,,TS,14.7N,37.3W,35,1005,,,,,,,,,,,,
AL,BONNIE,1980,6,24,19800814,1800,,TS,15.7N,37.5W,45,1000,,,,,,,,,,,,
AL,BONNIE,1980,6,24,19800815,0,,TS,16.7N,37.8W,45,1000,,,,,,,,,,,,
AL,BONNIE,1980,6,24,19800815,600,,TS,17.7N,37.9W,45,1000,,,,,,,,,,,,
AL,BONNIE,1980,6,24,19800815,1200,,TS,18.8N,38.1W,45,1000,,,,,,,,,,,,
AL,BONNIE,1980,6,24,19800815,1800,,TS,20.4N,38.5W,55,995,,,,,,,,,,,,
AL,BONNIE,1980,6,24,19800816,0,,HU,22.0N,38.7W,75,985,,,,,,,,,,,,
AL,BONNIE,1980,6,24,19800816,600,,HU,23.7N,38.9W,85,975,,,,,,,,,,,,
AL,BONNIE,1980,6,24,19800816,1200,,HU,24.8N,39.1W,85,975,,,,,,,,,,,,
AL,BONNIE,1980,6,24,19800816,1800,,HU,25.8N,39.4W,85,975,,,,,,,,,,,,
AL,BONNIE,1980,6,24,19800817,0,,HU,27.0N,39.7W,75,985,,,,,,,,,,,,
AL,BONNIE,1980,6,24,19800817,600,,HU,28.0N,40.0W,65,990,,,,,,,,,,,,
AL,BONNIE,1980,6,24,19800817,1200,,HU,29.0N,40.3W,65,990,,,,,,,,,,,,
AL,BONNIE,1980,6,24,19800817,1800,,HU,30.0N,40.5W,65,990,,,,,,,,,,,,
AL,BONNIE,1980,6,24,19800818,0,,HU,31.1N,40.5W,65,990,,,,,,,,,,,,
AL,BONNIE,1980,6,24,19800818,600,,HU,32.4N,40.5W,65,990,,,,,,,,,,,,
AL,BONNIE,1980,6,24,19800818,1200,,HU,34.0N,40.5W,65,990,,,,,,,,,,,,
AL,BONNIE,1980,6,24,19800818,1800,,HU,35.9N,40.5W,65,990,,,,,,,,,,,,
AL,BONNIE,1980,6,24,19800819,0,,HU,38.2N,40.2W,65,990,,,,,,,,,,,,
AL,BONNIE,1980,6,24,19800819,600,,HU,41.9N,39.8W,65,990,,,,,,,,,,,,
AL,BONNIE,1980,6,24,19800819,1200,,HU,46.5N,38.4W,65,995,,,,,,,,,,,,
AL,BONNIE,1980,6,24,19800819,1800,,EX,51.0N,36.0W,45,1000,,,,,,,,,,,,
AL,CHARLEY,1980,7,22,19800820,1200,,SD,36.0N,73.0W,25,1010,,,,,,,,,,,,
AL,CHARLEY,1980,7,22,19800820,1800,,SD,35.0N,72.0W,25,1008,,,,,,,,,,,,
AL,CHARLEY,1980,7,22,19800821,0,,SD,34.0N,71.0W,30,1006,,,,,,,,,,,,
AL,CHARLEY,1980,7,22,19800821,600,,SD,33.4N,69.5W,30,1005,,,,,,,,,,,,
AL,CHARLEY,1980,7,22,19800821,1200,,SS,34.0N,68.0W,35,1003,,,,,,,,,,,,
AL,CHARLEY,1980,7,22,19800821,1800,,SS,34.8N,66.8W,40,1002,,,,,,,,,,,,
AL,CHARLEY,1980,7,22,19800822,0,,SS,35.8N,65.7W,45,1000,,,,,,,,,,,,
AL,CHARLEY,1980,7,22,19800822,600,,SS,37.0N,64.8W,50,998,,,,,,,,,,,,
AL,CHARLEY,1980,7,22,19800822,1200,,SS,38.3N,64.7W,55,996,,,,,,,,,,,,
AL,CHARLEY,1980,7,22,19800822,1800,,SS,39.1N,64.9W,60,994,,,,,,,,,,,,
AL,CHARLEY,1980,7,22,19800823,0,,HU,39.6N,65.9W,65,992,,,,,,,,,,,,
AL,CHARLEY,1980,7,22,19800823,600,,HU,38.9N,66.7W,70,990,,,,,,,,,,,,
AL,CHARLEY,1980,7,22,19800823,1200,,HU,38.2N,66.0W,70,989,,,,,,,,,,,,
AL,CHARLEY,1980,7,22,19800823,1800,,HU,38.0N,64.7W,70,990,,,,,,,,,,,,
AL,CHARLEY,1980,7,22,19800824,0,,HU,38.0N,63.1W,65,991,,,,,,,,,,,,
AL,CHARLEY,1980,7,22,19800824,600,,TS,37.9N,61.7W,60,994,,,,,,,,,,,,
AL,CHARLEY,1980,7,22,19800824,1200,,TS,37.9N,60.2W,55,998,,,,,,,,,,,,
AL,CHARLEY,1980,7,22,19800824,1800,,TS,37.9N,58.2W,45,1000,,,,,,,,,,,,
AL,CHARLEY,1980,7,22,19800825,0,,TS,38.0N,55.0W,35,1001,,,,,,,,,,,,
AL,CHARLEY,1980,7,22,19800825,600,,TS,38.1N,51.3W,35,1002,,,,,,,,,,,,
AL,CHARLEY,1980,7,22,19800825,1200,,TS,38.2N,47.0W,35,1004,,,,,,,,,,,,
AL,CHARLEY,1980,7,22,19800825,1800,,TS,38.5N,42.2W,35,1005,,,,,,,,,,,,
AL,UNNAMED,1980,8,17,19800825,0,,TD,15.9N,31.6W,20,,,,,,,,,,,,,
AL,UNNAMED,1980,8,17,19800825,600,,TD,15.8N,34.0W,25,,,,,,,,,,,,,
AL,UNNAMED,1980,8,17,19800825,1200,,TD,15.7N,35.3W,25,,,,,,,,,,,,,
AL,UNNAMED,1980,8,17,19800825,1800,,TD,15.6N,36.9W,25,,,,,,,,,,,,,
AL,UNNAMED,1980,8,17,19800826,0,,TD,15.5N,38.3W,25,,,,,,,,,,,,,
AL,UNNAMED,1980,8,17,19800826,600,,TD,15.4N,39.8W,25,,,,,,,,,,,,,
AL,UNNAMED,1980,8,17,19800826,1200,,TD,15.4N,41.0W,25,,,,,,,,,,,,,
AL,UNNAMED,1980,8,17,19800826,1800,,TD,15.3N,43.0W,30,,,,,,,,,,,,,
AL,UNNAMED,1980,8,17,19800827,0,,TD,15.4N,44.9W,30,,,,,,,,,,,,,
AL,UNNAMED,1980,8,17,19800827,600,,TD,15.8N,46.8W,30,,,,,,,,,,,,,
AL,UNNAMED,1980,8,17,19800827,1200,,TD,16.0N,48.8W,30,,,,,,,,,,,,,
AL,UNNAMED,1980,8,17,19800827,1800,,TD,16.7N,50.8W,30,,,,,,,,,,,,,
AL,UNNAMED,1980,8,17,19800828,0,,TD,17.8N,52.7W,30,,,,,,,,,,,,,
AL,UNNAMED,1980,8,17,19800828,600,,TD,19.0N,54.3W,30,,,,,,,,,,,,,
AL,UNNAMED,1980,8,17,19800828,1200,,TD,20.5N,56.0W,25,,,,,,,,,,,,,
AL,UNNAMED,1980,8,17,19800828,1800,,TD,22.0N,58.0W,25,,,,,,,,,,,,,
AL,UNNAMED,1980,8,17,19800829,0,,TD,22.5N,60.0W,20,,,,,,,,,,,,,
AL,GEORGES,1980,9,32,19800901,0,,TD,15.6N,38.0W,30,1010,,,,,,,,,,,,
AL,GEORGES,1980,9,32,19800901,600,,TD,15.9N,39.4W,30,1010,,,,,,,,,,,,
AL,GEORGES,1980,9,32,19800901,1200,,TD,16.3N,40.8W,30,1010,,,,,,,,,,,,
AL,GEORGES,1980,9,32,19800901,1800,,TD,16.8N,42.1W,30,1010,,,,,,,,,,,,
AL,GEORGES,1980,9,32,19800902,0,,TD,17.3N,43.7W,30,1010,,,,,,,,,,,,
AL,GEORGES,1980,9,32,19800902,600,,TD,17.5N,45.7W,30,1010,,,,,,,,,,,,
AL,GEORGES,1980,9,32,19800902,1200,,TD,17.7N,48.1W,30,1010,,,,,,,,,,,,
AL,GEORGES,1980,9,32,19800902,1800,,TD,17.8N,50.3W,30,1010,,,,,,,,,,,,
AL,GEORGES,1980,9,32,19800903,0,,TD,17.9N,52.4W,30,1010,,,,,,,,,,,,
AL,GEORGES,1980,9,32,19800903,600,,TD,18.0N,54.5W,30,1010,,,,,,,,,,,,
AL,GEORGES,1980,9,32,19800903,1200,,TD,18.6N,56.9W,30,1010,,,,,,,,,,,,
AL,GEORGES,1980,9,32,19800903,1800,,TD,19.7N,59.0W,25,1011,,,,,,,,,,,,
AL,GEORGES,1980,9,32,19800904,0,,TD,21.0N,61.0W,20,1012,,,,,,,,,,,,
AL,GEORGES,1980,9,32,19800904,600,,DB,22.1N,62.3W,20,1012,,,,,,,,,,,,
AL,GEORGES,1980,9,32,19800904,1200,,DB,23.4N,63.6W,20,1013,,,,,,,,,,,,
AL,GEORGES,1980,9,32,19800904,1800,,DB,24.8N,64.8W,20,1013,,,,,,,,,,,,
AL,GEORGES,1980,9,32,19800905,0,,DB,26.1N,65.8W,20,1014,,,,,,,,,,,,
AL,GEORGES,1980,9,32,19800905,600,,DB,27.5N,67.0W,20,1014,,,,,,,,,,,,
AL,GEORGES,1980,9,32,19800905,1200,,SD,28.5N,68.6W,25,1014,,,,,,,,,,,,
AL,GEORGES,1980,9,32,19800905,1800,,SD,29.0N,69.4W,30,1013,,,,,,,,,,,,
AL,GEORGES,1980,9,32,19800906,0,,SD,29.7N,70.0W,30,1013,,,,,,,,,,,,
AL,GEORGES,1980,9,32,19800906,600,,SD,30.6N,70.0W,30,1010,,,,,,,,,,,,
AL,GEORGES,1980,9,32,19800906,1200,,SD,31.7N,69.6W,30,1008,,,,,,,,,,,,
AL,GEORGES,1980,9,32,19800906,1800,,SD,32.9N,69.1W,30,1007,,,,,,,,,,,,
AL,GEORGES,1980,9,32,19800907,0,,TS,34.4N,67.9W,40,1004,,,,,,,,,,,,
AL,GEORGES,1980,9,32,19800907,600,,TS,35.9N,65.9W,45,1002,,,,,,,,,,,,
AL,GEORGES,1980,9,32,19800907,1200,,TS,37.3N,63.7W,50,1000,,,,,,,,,,,,
AL,GEORGES,1980,9,32,19800907,1800,,TS,38.6N,61.5W,55,997,,,,,,,,,,,,
AL,GEORGES,1980,9,32,19800908,0,,HU,40.2N,59.0W,70,993,,,,,,,,,,,,
AL,GEORGES,1980,9,32,19800908,600,,HU,42.9N,55.1W,70,993,,,,,,,,,,,,
AL,GEORGES,1980,9,32,19800908,1200,,HU,45.6N,51.1W,70,993,,,,,,,,,,,,
AL,GEORGES,1980,9,32,19800908,1800,,HU,48.0N,46.9W,65,993,,,,,,,,,,,,
AL,EARL,1980,10,27,19800904,1200,,TD,17.7N,24.0W,25,1008,,,,,,,,,,,,
AL,EARL,1980,10,27,19800904,1800,,TD,17.4N,25.3W,30,1006,,,,,,,,,,,,
AL,EARL,1980,10,27,19800905,0,,TS,17.8N,26.7W,35,1003,,,,,,,,,,,,
AL,EARL,1980,10,27,19800905,600,,TS,18.2N,28.0W,40,1000,,,,,,,,,,,,
AL,EARL,1980,10,27,19800905,1200,,TS,18.8N,29.5W,40,999,,,,,,,,,,,,
AL,EARL,1980,10,27,19800905,1800,,TS,19.2N,31.0W,40,999,,,,,,,,,,,,
AL,EARL,1980,10,27,19800906,0,,TS,19.7N,32.0W,40,999,,,,,,,,,,,,
AL,EARL,1980,10,27,19800906,600,,TS,20.3N,33.8W,40,999,,,,,,,,,,,,
AL,EARL,1980,10,27,19800906,1200,,TS,21.0N,35.5W,45,998,,,,,,,,,,,,
AL,EARL,1980,10,27,19800906,1800,,TS,21.5N,36.5W,45,997,,,,,,,,,,,,
AL,EARL,1980,10,27,19800907,0,,TS,22.2N,37.8W,45,996,,,,,,,,,,,,
AL,EARL,1980,10,27,19800907,600,,TS,23.2N,38.8W,45,996,,,,,,,,,,,,
AL,EARL,1980,10,27,19800907,1200,,TS,25.0N,39.7W,45,995,,,,,,,,,,,,
AL,EARL,1980,10,27,19800907,1800,,TS,27.0N,40.3W,50,993,,,,,,,,,,,,
AL,EARL,1980,10,27,19800908,0,,TS,29.0N,41.2W,60,992,,,,,,,,,,,,
AL,EARL,1980,10,27,19800908,600,,HU,30.4N,42.5W,65,988,,,,,,,,,,,,
AL,EARL,1980,10,27,19800908,1200,,HU,32.0N,43.5W,65,985,,,,,,,,,,,,
AL,EARL,1980,10,27,19800908,1800,,HU,33.3N,44.1W,65,986,,,,,,,,,,,,
AL,EARL,1980,10,27,19800909,0,,HU,34.7N,44.3W,65,988,,,,,,,,,,,,
AL,EARL,1980,10,27,19800909,600,,HU,36.3N,43.8W,65,990,,,,,,,,,,,,
AL,EARL,1980,10,27,19800909,1200,,HU,38.0N,43.1W,65,991,,,,,,,,,,,,
AL,EARL,1980,10,27,19800909,1800,,HU,40.5N,41.5W,65,992,,,,,,,,,,,,
AL,EARL,1980,10,27,19800910,0,,HU,43.0N,39.0W,65,994,,,,,,,,,,,,
AL,EARL,1980,10,27,19800910,600,,HU,45.2N,36.0W,65,995,,,,,,,,,,,,
AL,EARL,1980,10,27,19800910,1200,,TS,47.5N,32.5W,55,,,,,,,,,,,,,
AL,EARL,1980,10,27,19800910,1800,,EX,49.5N,28.5W,55,,,,,,,,,,,,,
AL,EARL,1980,10,27,19800911,0,,EX,51.5N,23.5W,55,,,,,,,,,,,,,
AL,DANIELLE,1980,11,12,19800904,1800,,TD,28.3N,90.6W,25,1010,,,,,,,,,,,,
AL,DANIELLE,1980,11,12,19800905,0,,TD,28.3N,91.3W,25,1010,,,,,,,,,,,,
AL,DANIELLE,1980,11,12,19800905,600,,TD,28.4N,91.8W,25,1009,,,,,,,,,,,,
AL,DANIELLE,1980,11,12,19800905,1200,,TD,28.8N,92.4W,30,1008,,,,,,,,,,,,
AL,DANIELLE,1980,11,12,19800905,1800,,TS,29.4N,93.4W,50,1004,,,,,,,,,,,,
AL,DANIELLE,1980,11,12,19800906,0,,TS,29.4N,94.9W,40,1004,,,,,,,,,,,,
AL,DANIELLE,1980,11,12,19800906,600,,TS,29.3N,96.3W,35,1008,,,,,,,,,,,,
AL,DANIELLE,1980,11,12,19800906,1200,,TD,29.1N,97.0W,30,1008,,,,,,,,,,,,
AL,DANIELLE,1980,11,12,19800906,1800,,TD,29.0N,97.8W,25,1008,,,,,,,,,,,,
AL,DANIELLE,1980,11,12,19800907,0,,TD,29.0N,98.3W,20,1010,,,,,,,,,,,,
AL,DANIELLE,1980,11,12,19800907,600,,TD,29.0N,99.0W,20,1010,,,,,,,,,,,,
AL,DANIELLE,1980,11,12,19800907,1200,,TD,29.0N,100.0W,20,1010,,,,,,,,,,,,
AL,FRANCES,1980,12,61,19800906,0,,TD,12.5N,19.0W,25,1010,,,,,,,,,,,,
AL,FRANCES,1980,12,61,19800906,600,,TD,12.5N,20.0W,25,1009,,,,,,,,,,,,
AL,FRANCES,1980,12,61,19800906,1200,,TD,12.6N,21.0W,30,1008,,,,,,,,,,,,
AL,FRANCES,1980,12,61,19800906,1800,,TS,12.7N,21.8W,35,1005,,,,,,,,,,,,
AL,FRANCES,1980,12,61,19800907,0,,TS,12.8N,22.5W,40,1002,,,,,,,,,,,,
AL,FRANCES,1980,12,61,19800907,600,,TS,12.9N,23.2W,45,998,,,,,,,,,,,,
AL,FRANCES,1980,12,61,19800907,1200,,TS,13.0N,24.0W,55,994,,,,,,,,,,,,
AL,FRANCES,1980,12,61,19800907,1800,,TS,13.0N,24.8W,60,990,,,,,,,,,,,,
AL,FRANCES,1980,12,61,19800908,0,,HU,13.0N,25.6W,65,986,,,,,,,,,,,,
AL,FRANCES,1980,12,61,19800908,600,,HU,13.0N,26.8W,70,978,,,,,,,,,,,,
AL,FRANCES,1980,12,61,19800908,1200,,HU,12.9N,28.0W,80,970,,,,,,,,,,,,
AL,FRANCES,1980,12,61,19800908,1800,,HU,12.8N,29.0W,90,965,,,,,,,,,,,,
AL,FRANCES,1980,12,61,19800909,0,,HU,12.8N,29.8W,100,960,,,,,,,,,,,,
AL,FRANCES,1980,12,61,19800909,600,,HU,12.9N,30.5W,100,958,,,,,,,,,,,,
AL,FRANCES,1980,12,61,19800909,1200,,HU,13.0N,31.3W,100,960,,,,,,,,,,,,
AL,FRANCES,1980,12,61,19800909,1800,,HU,13.2N,32.1W,90,965,,,,,,,,,,,,
AL,FRANCES,1980,12,61,19800910,0,,HU,13.4N,32.9W,90,966,,,,,,,,,,,,
AL,FRANCES,1980,12,61,19800910,600,,HU,13.8N,33.5W,90,967,,,,,,,,,,,,
AL,FRANCES,1980,12,61,19800910,1200,,HU,14.2N,34.1W,85,968,,,,,,,,,,,,
AL,FRANCES,1980,12,61,19800910,1800,,HU,14.9N,34.6W,80,970,,,,,,,,,,,,
AL,FRANCES,1980,12,61,19800911,0,,HU,15.4N,34.9W,85,968,,,,,,,,,,,,
AL,FRANCES,1980,12,61,19800911,600,,HU,16.0N,35.0W,90,965,,,,,,,,,,,,
AL,FRANCES,1980,12,61,19800911,1200,,HU,16.3N,35.3W,90,967,,,,,,,,,,,,
AL,FRANCES,1980,12,61,19800911,1800,,HU,16.6N,35.9W,85,968,,,,,,,,,,,,
AL,FRANCES,1980,12,61,19800912,0,,HU,17.0N,36.1W,80,970,,,,,,,,,,,,
AL,FRANCES,1980,12,61,19800912,600,,HU,17.2N,36.9W,80,970,,,,,,,,,,,,
AL,FRANCES,1980,12,61,19800912,1200,,HU,17.8N,37.8W,80,970,,,,,,,,,,,,
AL,FRANCES,1980,12,61,19800912,1800,,HU,18.3N,38.5W,80,970,,,,,,,,,,,,
AL,FRANCES,1980,12,61,19800913,0,,HU,18.6N,39.6W,80,970,,,,,,,,,,,,
AL,FRANCES,1980,12,61,19800913,600,,HU,18.8N,40.6W,85,968,,,,,,,,,,,,
AL,FRANCES,1980,12,61,19800913,1200,,HU,18.9N,42.0W,90,965,,,,,,,,,,,,
AL,FRANCES,1980,12,61,19800913,1800,,HU,19.3N,43.4W,90,965,,,,,,,,,,,,
AL,FRANCES,1980,12,61,19800914,0,,HU,19.8N,44.7W,90,965,,,,,,,,,,,,
AL,FRANCES,1980,12,61,19800914,600,,HU,20.2N,45.9W,90,965,,,,,,,,,,,,
AL,FRANCES,1980,12,61,19800914,1200,,HU,20.8N,46.9W,90,965,,,,,,,,,,,,
AL,FRANCES,1980,12,61,19800914,1800,,HU,21.6N,48.0W,90,965,,,,,,,,,,,,
AL,FRANCES,1980,12,61,19800915,0,,HU,22.5N,48.8W,90,965,,,,,,,,,,,,
AL,FRANCES,1980,12,61,19800915,600,,HU,23.3N,49.6W,90,965,,,,,,,,,,,,
AL,FRANCES,1980,12,61,19800915,1200,,HU,24.6N,50.2W,90,965,,,,,,,,,,,,
AL,FRANCES,1980,12,61,19800915,1800,,HU,25.8N,50.8W,90,965,,,,,,,,,,,,
AL,FRANCES,1980,12,61,19800916,0,,HU,27.4N,50.8W,90,965,,,,,,,,,,,,
AL,FRANCES,1980,12,61,19800916,600,,HU,28.8N,50.6W,90,965,,,,,,,,,,,,
AL,FRANCES,1980,12,61,19800916,1200,,HU,30.2N,50.0W,90,965,,,,,,,,,,,,
AL,FRANCES,1980,12,61,19800916,1800,,HU,31.8N,49.2W,90,965,,,,,,,,,,,,
AL,FRANCES,1980,12,61,19800917,0,,HU,33.0N,48.0W,90,965,,,,,,,,,,,,
AL,FRANCES,1980,12,61,19800917,600,,HU,33.9N,47.2W,85,968,,,,,,,,,,,,
AL,FRANCES,1980,12,61,19800917,1200,,HU,34.7N,46.4W,80,970,,,,,,,,,,,,
AL,FRANCES,1980,12,61,19800917,1800,,HU,35.7N,45.9W,80,970,,,,,,,,,,,,
AL,FRANCES,1980,12,61,19800918,0,,HU,36.7N,45.8W,80,970,,,,,,,,,,,,
AL,FRANCES,1980,12,61,19800918,600,,HU,37.8N,45.8W,80,970,,,,,,,,,,,,
AL,FRANCES,1980,12,61,19800918,1200,,HU,39.0N,46.2W,80,970,,,,,,,,,,,,
AL,FRANCES,1980,12,61,19800918,1800,,HU,40.0N,46.5W,80,972,,,,,,,,,,,,
AL,FRANCES,1980,12,61,19800919,0,,HU,41.2N,46.4W,75,974,,,,,,,,,,,,
AL,FRANCES,1980,12,61,19800919,600,,HU,42.4N,45.8W,70,978,,,,,,,,,,,,
AL,FRANCES,1980,12,61,19800919,1200,,HU,43.6N,44.9W,65,986,,,,,,,,,,,,
AL,FRANCES,1980,12,61,19800919,1800,,HU,44.5N,43.2W,65,986,,,,,,,,,,,,
AL,FRANCES,1980,12,61,19800920,0,,HU,45.7N,41.0W,65,988,,,,,,,,,,,,
AL,FRANCES,1980,12,61,19800920,600,,TS,47.0N,39.0W,60,990,,,,,,,,,,,,
AL,FRANCES,1980,12,61,19800920,1200,,TS,49.4N,35.5W,55,994,,,,,,,,,,,,
AL,FRANCES,1980,12,61,19800920,1800,,TS,51.2N,32.0W,50,998,,,,,,,,,,,,
AL,FRANCES,1980,12,61,19800921,0,,EX,54.0N,29.0W,45,1000,,,,,,,,,,,,
AL,HERMINE,1980,13,23,19800920,1200,,TD,14.6N,77.2W,25,1008,,,,,,,,,,,,
AL,HERMINE,1980,13,23,19800920,1800,,TD,14.8N,78.7W,25,1007,,,,,,,,,,,,
AL,HERMINE,1980,13,23,19800921,0,,TD,15.0N,80.2W,30,1006,,,,,,,,,,,,
AL,HERMINE,1980,13,23,19800921,600,,TS,15.1N,81.6W,35,1003,,,,,,,,,,,,
AL,HERMINE,1980,13,23,19800921,1200,,TS,15.3N,83.0W,40,1000,,,,,,,,,,,,
AL,HERMINE,1980,13,23,19800921,1800,,TS,15.8N,84.2W,45,998,,,,,,,,,,,,
AL,HERMINE,1980,13,23,19800922,0,,TS,16.5N,85.5W,50,996,,,,,,,,,,,,
AL,HERMINE,1980,13,23,19800922,600,,TS,17.1N,86.7W,55,995,,,,,,,,,,,,
AL,HERMINE,1980,13,23,19800922,1200,,TS,17.8N,87.8W,60,994,,,,,,,,,,,,
AL,HERMINE,1980,13,23,19800922,1800,,TS,18.4N,88.9W,55,994,,,,,,,,,,,,
AL,HERMINE,1980,13,23,19800923,0,,TS,18.8N,90.2W,50,995,,,,,,,,,,,,
AL,HERMINE,1980,13,23,19800923,600,,TS,19.1N,91.3W,45,995,,,,,,,,,,,,
AL,HERMINE,1980,13,23,19800923,1200,,TS,19.3N,92.6W,50,995,,,,,,,,,,,,
AL,HERMINE,1980,13,23,19800923,1800,,TS,19.3N,93.2W,55,994,,,,,,,,,,,,
AL,HERMINE,1980,13,23,19800924,0,,TS,19.2N,93.8W,60,993,,,,,,,,,,,,
AL,HERMINE,1980,13,23,19800924,600,,TS,18.8N,94.4W,60,993,,,,,,,,,,,,
AL,HERMINE,1980,13,23,19800924,1200,,TS,18.5N,94.8W,55,994,,,,,,,,,,,,
AL,HERMINE,1980,13,23,19800924,1800,,TS,18.1N,95.1W,50,997,,,,,,,,,,,,
AL,HERMINE,1980,13,23,19800925,0,,TS,17.7N,95.5W,45,1000,,,,,,,,,,,,
AL,HERMINE,1980,13,23,19800925,600,,TS,17.3N,95.8W,40,1003,,,,,,,,,,,,
AL,HERMINE,1980,13,23,19800925,1200,,TS,17.0N,96.0W,35,1005,,,,,,,,,,,,
AL,HERMINE,1980,13,23,19800925,1800,,TD,17.0N,96.0W,30,1007,,,,,,,,,,,,
AL,HERMINE,1980,13,23,19800926,0,,TD,17.0N,96.0W,25,1008,,,,,,,,,,,,
AL,IVAN,1980,14,45,19801001,0,,EX,33.6N,20.0W,25,1010,,,,,,,,,,,,
AL,IVAN,1980,14,45,19801001,600,,EX,33.7N,20.7W,25,1010,,,,,,,,,,,,
AL,IVAN,1980,14,45,19801001,1200,,EX,33.8N,21.5W,25,1010,,,,,,,,,,,,
AL,IVAN,1980,14,45,19801001,1800,,EX,34.1N,22.2W,25,1010,,,,,,,,,,,,
AL,IVAN,1980,14,45,19801002,0,,EX,34.5N,22.8W,25,1010,,,,,,,,,,,,
AL,IVAN,1980,14,45,19801002,600,,EX,35.0N,23.3W,25,1009,,,,,,,,,,,,
AL,IVAN,1980,14,45,19801002,1200,,EX,35.7N,23.7W,25,1009,,,,,,,,,,,,
AL,IVAN,1980,14,45,19801002,1800,,EX,36.5N,23.8W,25,1009,,,,,,,,,,,,
AL,IVAN,1980,14,45,19801003,0,,EX,37.2N,23.5W,25,1009,,,,,,,,,,,,
AL,IVAN,1980,14,45,19801003,600,,EX,37.8N,23.1W,25,1009,,,,,,,,,,,,
AL,IVAN,1980,14,45,19801003,1200,,EX,38.7N,22.5W,25,1008,,,,,,,,,,,,
AL,IVAN,1980,14,45,19801003,1800,,EX,38.5N,21.4W,25,1007,,,,,,,,,,,,
AL,IVAN,1980,14,45,19801004,0,,EX,37.7N,21.8W,25,1006,,,,,,,,,,,,
AL,IVAN,1980,14,45,19801004,600,,EX,37.0N,22.7W,25,1005,,,,,,,,,,,,
AL,IVAN,1980,14,45,19801004,1200,,TD,36.5N,23.5W,30,1000,,,,,,,,,,,,
AL,IVAN,1980,14,45,19801004,1800,,TS,35.6N,24.6W,40,998,,,,,,,,,,,,
AL,IVAN,1980,14,45,19801005,0,,TS,34.4N,25.7W,50,996,,,,,,,,,,,,
AL,IVAN,1980,14,45,19801005,600,,TS,33.4N,26.8W,55,995,,,,,,,,,,,,
AL,IVAN,1980,14,45,19801005,1200,,TS,32.4N,28.3W,60,994,,,,,,,,,,,,
AL,IVAN,1980,14,45,19801005,1800,,TS,31.3N,29.6W,60,993,,,,,,,,,,,,
AL,IVAN,1980,14,45,19801006,0,,HU,30.1N,30.5W,65,992,,,,,,,,,,,,
AL,IVAN,1980,14,45,19801006,600,,HU,29.1N,31.1W,75,985,,,,,,,,,,,,
AL,IVAN,1980,14,45,19801006,1200,,HU,28.4N,31.3W,85,976,,,,,,,,,,,,
AL,IVAN,1980,14,45,19801006,1800,,HU,28.1N,31.1W,90,970,,,,,,,,,,,,
AL,IVAN,1980,14,45,19801007,0,,HU,28.0N,30.7W,90,970,,,,,,,,,,,,
AL,IVAN,1980,14,45,19801007,600,,HU,28.5N,30.6W,90,970,,,,,,,,,,,,
AL,IVAN,1980,14,45,19801007,1200,,HU,29.5N,31.7W,90,970,,,,,,,,,,,,
AL,IVAN,1980,14,45,19801007,1800,,HU,29.8N,32.7W,90,970,,,,,,,,,,,,
AL,IVAN,1980,14,45,19801008,0,,HU,30.0N,34.4W,90,970,,,,,,,,,,,,
AL,IVAN,1980,14,45,19801008,600,,HU,30.6N,36.2W,90,970,,,,,,,,,,,,
AL,IVAN,1980,14,45,19801008,1200,,HU,31.3N,37.4W,90,970,,,,,,,,,,,,
AL,IVAN,1980,14,45,19801008,1800,,HU,31.5N,39.0W,90,970,,,,,,,,,,,,
AL,IVAN,1980,14,45,19801009,0,,HU,31.7N,40.5W,90,970,,,,,,,,,,,,
AL,IVAN,1980,14,45,19801009,600,,HU,32.3N,41.0W,90,971,,,,,,,,,,,,
AL,IVAN,1980,14,45,19801009,1200,,HU,33.2N,41.1W,90,973,,,,,,,,,,,,
AL,IVAN,1980,14,45,19801009,1800,,HU,33.8N,41.2W,90,975,,,,,,,,,,,,
AL,IVAN,1980,14,45,19801010,0,,HU,34.9N,40.7W,90,977,,,,,,,,,,,,
AL,IVAN,1980,14,45,19801010,600,,HU,36.2N,40.0W,90,978,,,,,,,,,,,,
AL,IVAN,1980,14,45,19801010,1200,,HU,37.8N,39.1W,90,978,,,,,,,,,,,,
AL,IVAN,1980,14,45,19801010,1800,,HU,39.7N,37.9W,80,980,,,,,,,,,,,,
AL,IVAN,1980,14,45,19801011,0,,HU,42.0N,36.1W,75,985,,,,,,,,,,,,
AL,IVAN,1980,14,45,19801011,600,,HU,44.4N,34.1W,70,988,,,,,,,,,,,,
AL,IVAN,1980,14,45,19801011,1200,,HU,46.8N,31.5W,65,990,,,,,,,,,,,,
AL,IVAN,1980,14,45,19801011,1800,,HU,49.7N,27.5W,65,990,,,,,,,,,,,,
AL,IVAN,1980,14,45,19801012,0,,EX,52.5N,24.5W,60,990,,,,,,,,,,,,
AL,UNNAMED,1980,15,9,19801016,0,,TD,16.2N,85.2W,20,,,,,,,,,,,,,
AL,UNNAMED,1980,15,9,19801016,600,,TD,16.2N,85.5W,25,,,,,,,,,,,,,
AL,UNNAMED,1980,15,9,19801016,1200,,TD,16.2N,85.9W,25,,,,,,,,,,,,,
AL,UNNAMED,1980,15,9,19801016,1800,,TD,16.2N,86.3W,25,,,,,,,,,,,,,
AL,UNNAMED,1980,15,9,19801017,0,,TD,16.2N,86.6W,25,,,,,,,,,,,,,
AL,UNNAMED,1980,15,9,19801017,600,,TD,16.2N,86.8W,25,,,,,,,,,,,,,
AL,UNNAMED,1980,15,9,19801017,1200,,TD,16.3N,87.0W,25,,,,,,,,,,,,,
AL,UNNAMED,1980,15,9,19801017,1800,,TD,16.4N,87.4W,20,,,,,,,,,,,,,
AL,UNNAMED,1980,15,9,19801018,0,,TD,16.5N,87.8W,20,,,,,,,,,,,,,
AL,JEANNE,1980,16,35,19801107,1800,,DB,13.6N,82.6W,20,1008,,,,,,,,,,,,
AL,JEANNE,1980,16,35,19801108,0,,DB,14.7N,83.0W,20,1006,,,,,,,,,,,,
AL,JEANNE,1980,16,35,19801108,600,,DB,16.0N,83.4W,20,1006,,,,,,,,,,,,
AL,JEANNE,1980,16,35,19801108,1200,,DB,17.3N,83.9W,25,1006,,,,,,,,,,,,
AL,JEANNE,1980,16,35,19801108,1800,,TD,18.6N,84.3W,30,1005,,,,,,,,,,,,
AL,JEANNE,1980,16,35,19801109,0,,TD,19.3N,84.6W,30,1005,,,,,,,,,,,,
AL,JEANNE,1980,16,35,19801109,600,,TD,20.0N,84.8W,30,1004,,,,,,,,,,,,
AL,JEANNE,1980,16,35,19801109,1200,,TS,20.8N,85.1W,40,1000,,,,,,,,,,,,
AL,JEANNE,1980,16,35,19801109,1800,,TS,21.3N,85.2W,45,999,,,,,,,,,,,,
AL,JEANNE,1980,16,35,19801110,0,,TS,21.6N,85.3W,50,999,,,,,,,,,,,,
AL,JEANNE,1980,16,35,19801110,600,,TS,22.0N,85.4W,50,999,,,,,,,,,,,,
AL,JEANNE,1980,16,35,19801110,1200,,TS,22.5N,85.5W,50,999,,,,,,,,,,,,
AL,JEANNE,1980,16,35,19801110,1800,,TS,23.2N,85.7W,50,999,,,,,,,,,,,,
AL,JEANNE,1980,16,35,19801111,0,,TS,23.7N,86.1W,55,998,,,,,,,,,,,,
AL,JEANNE,1980,16,35,19801111,600,,TS,24.1N,86.5W,60,997,,,,,,,,,,,,
AL,JEANNE,1980,16,35,19801111,1200,,HU,24.1N,87.0W,65,992,,,,,,,,,,,,
AL,JEANNE,1980,16,35,19801111,1800,,HU,24.1N,87.2W,75,986,,,,,,,,,,,,
AL,JEANNE,1980,16,35,19801112,0,,HU,24.1N,87.4W,85,988,,,,,,,,,,,,
AL,JEANNE,1980,16,35,19801112,600,,HU,23.9N,88.3W,70,992,,,,,,,,,,,,
AL,JEANNE,1980,16,35,19801112,1200,,HU,23.8N,89.0W,65,994,,,,,,,,,,,,
AL,JEANNE,1980,16,35,19801112,1800,,HU,23.8N,89.8W,65,995,,,,,,,,,,,,
AL,JEANNE,1980,16,35,19801113,0,,TS,24.0N,90.3W,55,999,,,,,,,,,,,,
AL,JEANNE,1980,16,35,19801113,600,,TS,24.9N,91.6W,55,997,,,,,,,,,,,,
AL,JEANNE,1980,16,35,19801113,1200,,TS,25.6N,92.8W,60,993,,,,,,,,,,,,
AL,JEANNE,1980,16,35,19801113,1800,,TS,25.6N,94.0W,60,994,,,,,,,,,,,,
AL,JEANNE,1980,16,35,19801114,0,,TS,25.5N,95.0W,55,996,,,,,,,,,,,,
AL,JEANNE,1980,16,35,19801114,600,,TS,25.6N,95.2W,50,998,,,,,,,,,,,,
AL,JEANNE,1980,16,35,19801114,1200,,TS,25.8N,95.2W,50,1002,,,,,,,,,,,,
AL,JEANNE,1980,16,35,19801114,1800,,TS,26.0N,94.8W,40,1002,,,,,,,,,,,,
AL,JEANNE,1980,16,35,19801115,0,,TD,26.2N,94.4W,30,1004,,,,,,,,,,,,
AL,JEANNE,1980,16,35,19801115,600,,TD,26.3N,93.7W,30,1004,,,,,,,,,,,,
AL,JEANNE,1980,16,35,19801115,1200,,TD,26.2N,93.2W,25,1005,,,,,,,,,,,,
AL,JEANNE,1980,16,35,19801115,1800,,TD,25.9N,92.9W,20,1006,,,,,,,,,,,,
AL,JEANNE,1980,16,35,19801116,0,,TD,25.4N,93.0W,20,1007,,,,,,,,,,,,
AL,JEANNE,1980,16,35,19801116,600,,TD,25.2N,93.1W,20,1007,,,,,,,,,,,,
AL,UNNAMED,1980,17,25,19801112,1200,,TD,13.0N,80.0W,20,,,,,,,,,,,,,
AL,UNNAMED,1980,17,25,19801112,1800,,TD,13.4N,80.7W,20,,,,,,,,,,,,,
AL,UNNAMED,1980,17,25,19801113,0,,TD,14.0N,81.2W,25,,,,,,,,,,,,,
AL,UNNAMED,1980,17,25,19801113,600,,TD,14.4N,81.9W,25,,,,,,,,,,,,,
AL,UNNAMED,1980,17,25,19801113,1200,,TD,15.0N,82.4W,30,,,,,,,,,,,,,
AL,UNNAMED,1980,17,25,19801113,1800,,TD,15.9N,83.0W,30,,,,,,,,,,,,,
AL,UNNAMED,1980,17,25,19801114,0,,TD,16.4N,83.5W,30,,,,,,,,,,,,,
AL,UNNAMED,1980,17,25,19801114,600,,TD,17.1N,83.8W,30,,,,,,,,,,,,,
AL,UNNAMED,1980,17,25,19801114,1200,,TD,18.0N,83.9W,30,,,,,,,,,,,,,
AL,UNNAMED,1980,17,25,19801114,1800,,TD,18.8N,83.8W,30,,,,,,,,,,,,,
AL,UNNAMED,1980,17,25,19801115,0,,TD,19.4N,83.6W,30,,,,,,,,,,,,,
AL,UNNAMED,1980,17,25,19801115,600,,TD,20.0N,83.3W,30,,,,,,,,,,,,,
AL,UNNAMED,1980,17,25,19801115,1200,,TD,20.7N,83.0W,30,,,,,,,,,,,,,
AL,UNNAMED,1980,17,25,19801115,1800,,TD,21.1N,82.9W,30,,,,,,,,,,,,,
AL,UNNAMED,1980,17,25,19801116,0,,TD,21.7N,82.8W,25,,,,,,,,,,,,,
AL,UNNAMED,1980,17,25,19801116,600,,TD,22.2N,82.7W,25,,,,,,,,,,,,,
AL,UNNAMED,1980,17,25,19801116,1200,,TD,22.9N,82.8W,25,,,,,,,,,,,,,
AL,UNNAMED,1980,17,25,19801116,1800,,TD,23.9N,82.9W,30,,,,,,,,,,,,,
AL,UNNAMED,1980,17,25,19801117,0,,TD,24.4N,83.0W,30,,,,,,,,,,,,,
AL,UNNAMED,1980,17,25,19801117,600,,TD,25.2N,83.2W,30,,,,,,,,,,,,,
AL,UNNAMED,1980,17,25,19801117,1200,,TD,26.0N,83.5W,30,,,,,,,,,,,,,
AL,UNNAMED,1980,17,25,19801117,1800,,TD,27.2N,83.2W,25,,,,,,,,,,,,,
AL,UNNAMED,1980,17,25,19801118,0,,TD,28.0N,83.0W,25,,,,,,,,,,,,,
AL,UNNAMED,1980,17,25,19801118,600,,TD,29.0N,82.0W,20,,,,,,,,,,,,,
AL,UNNAMED,1980,17,25,19801118,1200,,TD,30.0N,81.0W,20,,,,,,,,,,,,,
AL,KARL,1980,18,13,19801125,0,,SS,36.0N,46.0W,50,988,,,,,,,,,,,,
AL,KARL,1980,18,13,19801125,600,,SS,36.8N,44.8W,50,988,,,,,,,,,,,,
AL,KARL,1980,18,13,19801125,1200,,SS,37.2N,44.5W,55,988,,,,,,,,,,,,
AL,KARL,1980,18,13,19801125,1800,,HU,37.7N,44.7W,65,988,,,,,,,,,,,,
AL,KARL,1980,18,13,19801126,0,,HU,37.4N,44.8W,70,988,,,,,,,,,,,,
AL,KARL,1980,18,13,19801126,600,,HU,37.0N,44.2W,75,985,,,,,,,,,,,,
AL,KARL,1980,18,13,19801126,1200,,HU,36.8N,42.5W,75,985,,,,,,,,,,,,
AL,KARL,1980,18,13,19801126,1800,,HU,37.1N,40.5W,75,985,,,,,,,,,,,,
AL,KARL,1980,18,13,19801127,0,,HU,37.8N,38.3W,70,988,,,,,,,,,,,,
AL,KARL,1980,18,13,19801127,600,,HU,38.9N,36.5W,65,990,,,,,,,,,,,,
AL,KARL,1980,18,13,19801127,1200,,HU,40.4N,34.9W,65,990,,,,,,,,,,,,
AL,KARL,1980,18,13,19801127,1800,,HU,42.3N,33.1W,65,990,,,,,,,,,,,,
AL,KARL,1980,18,13,19801128,0,,EX,45.0N,32.0W,65,990,,,,,,,,,,,,
AL,UNNAMED,1981,1,5,19810406,1200,,TD,21.0N,61.5W,25,,,,,,,,,,,,,
AL,UNNAMED,1981,1,5,19810406,1800,,TD,20.2N,62.1W,30,,,,,,,,,,,,,
AL,UNNAMED,1981,1,5,19810407,0,,TD,19.7N,62.9W,30,,,,,,,,,,,,,
AL,UNNAMED,1981,1,5,19810407,600,,TD,18.9N,63.4W,25,,,,,,,,,,,,,
AL,UNNAMED,1981,1,5,19810407,1200,,TD,18.0N,64.0W,20,,,,,,,,,,,,,
AL,UNNAMED,1981,2,10,19810419,1200,,TD,11.0N,79.0W,20,,,,,,,,,,,,,
AL,UNNAMED,1981,2,10,19810419,1800,,TD,11.7N,78.7W,25,,,,,,,,,,,,,
AL,UNNAMED,1981,2,10,19810420,0,,TD,12.3N,78.2W,25,,,,,,,,,,,,,
AL,UNNAMED,1981,2,10,19810420,600,,TD,13.0N,78.0W,25,,,,,,,,,,,,,
AL,UNNAMED,1981,2,10,19810420,1200,,TD,13.5N,77.5W,25,,,,,,,,,,,,,
AL,UNNAMED,1981,2,10,19810420,1800,,TD,14.5N,77.5W,25,,,,,,,,,,,,,
AL,UNNAMED,1981,2,10,19810421,0,,TD,14.2N,78.4W,25,,,,,,,,,,,,,
AL,UNNAMED,1981,2,10,19810421,600,,TD,13.4N,79.0W,20,,,,,,,,,,,,,
AL,UNNAMED,1981,2,10,19810421,1200,,TD,12.8N,79.6W,20,,,,,,,,,,,,,
AL,UNNAMED,1981,2,10,19810421,1800,,TD,12.0N,80.2W,15,,,,,,,,,,,,,
AL,ARLENE,1981,3,11,19810506,1800,,TD,18.4N,83.6W,30,1006,,,,,,,,,,,,
AL,ARLENE,1981,3,11,19810507,0,,TD,18.4N,82.7W,30,1006,,,,,,,,,,,,
AL,ARLENE,1981,3,11,19810507,600,,TD,18.6N,81.7W,30,1005,,,,,,,,,,,,
AL,ARLENE,1981,3,11,19810507,1200,,TS,19.0N,80.6W,35,1003,,,,,,,,,,,,
AL,ARLENE,1981,3,11,19810507,1800,,TS,19.6N,79.7W,40,1000,,,,,,,,,,,,
AL,ARLENE,1981,3,11,19810508,0,,TS,20.3N,78.7W,45,999,,,,,,,,,,,,
AL,ARLENE,1981,3,11,19810508,600,,TD,21.1N,77.4W,30,1003,,,,,,,,,,,,
AL,ARLENE,1981,3,11,19810508,1200,,TD,22.4N,76.4W,30,1006,,,,,,,,,,,,
AL,ARLENE,1981,3,11,19810508,1800,,TS,23.0N,74.5W,50,1004,,,,,,,,,,,,
AL,ARLENE,1981,3,11,19810509,0,,TD,23.4N,72.8W,30,1006,,,,,,,,,,,,
AL,ARLENE,1981,3,11,19810509,600,,TD,24.0N,71.0W,25,1010,,,,,,,,,,,,
AL,UNNAMED,1981,4,11,19810603,600,,TD,19.4N,94.3W,20,,,,,,,,,,,,,
AL,UNNAMED,1981,4,11,19810603,1200,,TD,20.0N,95.0W,25,,,,,,,,,,,,,
AL,UNNAMED,1981,4,11,19810603,1800,,TD,20.9N,95.3W,25,,,,,,,,,,,,,
AL,UNNAMED,1981,4,11,19810604,0,,TD,21.8N,95.8W,30,,,,,,,,,,,,,
AL,UNNAMED,1981,4,11,19810604,600,,TD,22.8N,96.0W,30,,,,,,,,,,,,,
AL,UNNAMED,1981,4,11,19810604,1200,,TD,23.6N,96.4W,30,,,,,,,,,,,,,
AL,UNNAMED,1981,4,11,19810604,1800,,TD,25.0N,96.3W,30,,,,,,,,,,,,,
AL,UNNAMED,1981,4,11,19810605,0,,TD,26.2N,96.2W,30,,,,,,,,,,,,,
AL,UNNAMED,1981,4,11,19810605,600,,TD,27.7N,96.1W,30,,,,,,,,,,,,,
AL,UNNAMED,1981,4,11,19810605,1200,,TD,29.0N,96.0W,25,,,,,,,,,,,,,
AL,UNNAMED,1981,4,11,19810605,1800,,TD,30.3N,95.3W,-99,,,,,,,,,,,,,
AL,UNNAMED,1981,5,7,19810617,1200,,TD,19.5N,91.6W,20,,,,,,,,,,,,,
AL,UNNAMED,1981,5,7,19810617,1800,,TD,19.8N,92.7W,25,,,,,,,,,,,,,
AL,UNNAMED,1981,5,7,19810618,0,,TD,20.2N,93.8W,25,,,,,,,,,,,,,
AL,UNNAMED,1981,5,7,19810618,600,,TD,20.6N,94.9W,30,,,,,,,,,,,,,
AL,UNNAMED,1981,5,7,19810618,1200,,TD,21.0N,96.0W,30,,,,,,,,,,,,,
AL,UNNAMED,1981,5,7,19810618,1800,,TD,21.3N,97.0W,25,,,,,,,,,,,,,
AL,UNNAMED,1981,5,7,19810619,0,,TD,21.8N,98.2W,-99,,,,,,,,,,,,,
AL,BRET,1981,6,9,19810629,1200,,SS,36.0N,65.0W,35,1012,,,,,,,,,,,,
AL,BRET,1981,6,9,19810629,1800,,SS,36.0N,67.0W,45,1007,,,,,,,,,,,,
AL,BRET,1981,6,9,19810630,0,,SS,36.0N,69.0W,55,1003,,,,,,,,,,,,
AL,BRET,1981,6,9,19810630,600,,TS,36.0N,71.0W,60,999,,,,,,,,,,,,
AL,BRET,1981,6,9,19810630,1200,,TS,36.0N,72.5W,60,996,,,,,,,,,,,,
AL,BRET,1981,6,9,19810630,1800,,TS,36.2N,73.8W,60,996,,,,,,,,,,,,
AL,BRET,1981,6,9,19810701,0,,TS,36.6N,74.7W,50,1000,,,,,,,,,,,,
AL,BRET,1981,6,9,19810701,600,,TD,37.4N,76.0W,30,1006,,,,,,,,,,,,
AL,BRET,1981,6,9,19810701,1200,,TD,38.5N,78.5W,20,,,,,,,,,,,,,
AL,UNNAMED,1981,7,8,19810702,600,,TD,24.0N,79.0W,20,,,,,,,,,,,,,
AL,UNNAMED,1981,7,8,19810702,1200,,TD,25.0N,80.0W,25,,,,,,,,,,,,,
AL,UNNAMED,1981,7,8,19810702,1800,,TD,26.8N,80.3W,25,,,,,,,,,,,,,
AL,UNNAMED,1981,7,8,19810703,0,,TD,28.0N,80.5W,25,,,,,,,,,,,,,
AL,UNNAMED,1981,7,8,19810703,600,,TD,29.2N,80.8W,30,,,,,,,,,,,,,
AL,UNNAMED,1981,7,8,19810703,1200,,TD,31.0N,81.0W,30,,,,,,,,,,,,,
AL,UNNAMED,1981,7,8,19810703,1800,,TD,32.5N,80.5W,25,,,,,,,,,,,,,
AL,UNNAMED,1981,7,8,19810704,0,,TD,34.0N,80.0W,-99,,,,,,,,,,,,,
AL,UNNAMED,1981,8,7,19810725,600,,TD,23.3N,91.8W,20,,,,,,,,,,,,,
AL,UNNAMED,1981,8,7,19810725,1200,,TD,23.8N,93.0W,25,,,,,,,,,,,,,
AL,UNNAMED,1981,8,7,19810725,1800,,TD,24.0N,94.1W,25,,,,,,,,,,,,,
AL,UNNAMED,1981,8,7,19810726,0,,TD,24.3N,95.2W,30,,,,,,,,,,,,,
AL,UNNAMED,1981,8,7,19810726,600,,TD,24.8N,96.7W,30,,,,,,,,,,,,,
AL,UNNAMED,1981,8,7,19810726,1200,,TD,25.0N,98.0W,25,,,,,,,,,,,,,
AL,UNNAMED,1981,8,7,19810726,1800,,TD,25.4N,99.3W,-99,,,,,,,,,,,,,
AL,CINDY,1981,9,12,19810802,1800,,SD,36.1N,67.8W,30,1010,,,,,,,,,,,,
AL,CINDY,1981,9,12,19810803,0,,SD,36.7N,67.1W,30,1008,,,,,,,,,,,,
AL,CINDY,1981,9,12,19810803,600,,SD,37.4N,66.2W,30,1006,,,,,,,,,,,,
AL,CINDY,1981,9,12,19810803,1200,,TD,38.3N,65.7W,30,1003,,,,,,,,,,,,
AL,CINDY,1981,9,12,19810803,1800,,TS,38.7N,64.9W,40,1003,,,,,,,,,,,,
AL,CINDY,1981,9,12,19810804,0,,TS,39.0N,63.8W,50,1002,,,,,,,,,,,,
AL,CINDY,1981,9,12,19810804,600,,TS,39.4N,62.2W,50,1002,,,,,,,,,,,,
AL,CINDY,1981,9,12,19810804,1200,,TS,40.4N,60.7W,50,1003,,,,,,,,,,,,
AL,CINDY,1981,9,12,19810804,1800,,TS,41.3N,58.4W,50,1004,,,,,,,,,,,,
AL,CINDY,1981,9,12,19810805,0,,TS,42.2N,55.7W,45,1005,,,,,,,,,,,,
AL,CINDY,1981,9,12,19810805,600,,TS,43.3N,52.7W,40,1006,,,,,,,,,,,,
AL,CINDY,1981,9,12,19810805,1200,,EX,44.1N,50.4W,30,1008,,,,,,,,,,,,
AL,DENNIS,1981,10,60,19810807,600,,TD,10.5N,25.7W,30,1009,,,,,,,,,,,,
AL,DENNIS,1981,10,60,19810807,1200,,TD,10.8N,28.1W,30,1008,,,,,,,,,,,,
AL,DENNIS,1981,10,60,19810807,1800,,TD,11.0N,29.6W,30,1007,,,,,,,,,,,,
AL,DENNIS,1981,10,60,19810808,0,,TS,11.3N,31.3W,35,1006,,,,,,,,,,,,
AL,DENNIS,1981,10,60,19810808,600,,TS,11.7N,33.1W,35,1005,,,,,,,,,,,,
AL,DENNIS,1981,10,60,19810808,1200,,TS,12.0N,35.0W,35,1004,,,,,,,,,,,,
AL,DENNIS,1981,10,60,19810808,1800,,TS,12.5N,36.7W,40,1003,,,,,,,,,,,,
AL,DENNIS,1981,10,60,19810809,0,,TS,12.8N,38.7W,40,1002,,,,,,,,,,,,
AL,DENNIS,1981,10,60,19810809,600,,TS,13.1N,40.8W,40,1001,,,,,,,,,,,,
AL,DENNIS,1981,10,60,19810809,1200,,TS,13.3N,43.0W,40,1001,,,,,,,,,,,,
AL,DENNIS,1981,10,60,19810809,1800,,TS,13.5N,45.0W,40,1001,,,,,,,,,,,,
AL,DENNIS,1981,10,60,19810810,0,,TS,13.5N,47.0W,40,1001,,,,,,,,,,,,
AL,DENNIS,1981,10,60,19810810,600,,TS,13.5N,49.0W,40,1002,,,,,,,,,,,,
AL,DENNIS,1981,10,60,19810810,1200,,TS,13.5N,51.0W,40,1004,,,,,,,,,,,,
AL,DENNIS,1981,10,60,19810810,1800,,TS,13.6N,52.9W,35,1006,,,,,,,,,,,,
AL,DENNIS,1981,10,60,19810811,0,,TD,13.8N,54.9W,30,1007,,,,,,,,,,,,
AL,DENNIS,1981,10,60,19810811,600,,TD,14.0N,56.5W,30,1008,,,,,,,,,,,,
AL,DENNIS,1981,10,60,19810811,1200,,TD,14.3N,58.3W,30,1009,,,,,,,,,,,,
AL,DENNIS,1981,10,60,19810811,1800,,TD,14.6N,60.1W,30,1010,,,,,,,,,,,,
AL,DENNIS,1981,10,60,19810812,0,,TD,14.9N,61.9W,25,1010,,,,,,,,,,,,
AL,DENNIS,1981,10,60,19810812,600,,TD,15.2N,63.8W,25,1011,,,,,,,,,,,,
AL,DENNIS,1981,10,60,19810812,1200,,TD,15.4N,65.7W,25,1011,,,,,,,,,,,,
AL,DENNIS,1981,10,60,19810812,1800,,TD,15.6N,67.6W,25,1011,,,,,,,,,,,,
AL,DENNIS,1981,10,60,19810813,0,,WV,15.8N,69.5W,15,,,,,,,,,,,,,
AL,DENNIS,1981,10,60,19810813,600,,WV,15.9N,71.2W,15,,,,,,,,,,,,,
AL,DENNIS,1981,10,60,19810813,1200,,WV,16.1N,72.8W,15,,,,,,,,,,,,,
AL,DENNIS,1981,10,60,19810813,1800,,WV,16.4N,74.4W,15,,,,,,,,,,,,,
AL,DENNIS,1981,10,60,19810814,0,,WV,16.8N,75.7W,15,,,,,,,,,,,,,
AL,DENNIS,1981,10,60,19810814,600,,WV,17.4N,77.0W,15,,,,,,,,,,,,,
AL,DENNIS,1981,10,60,19810814,1200,,WV,18.0N,78.0W,15,,,,,,,,,,,,,
AL,DENNIS,1981,10,60,19810814,1800,,WV,18.8N,78.8W,15,,,,,,,,,,,,,
AL,DENNIS,1981,10,60,19810815,0,,WV,19.5N,79.5W,15,,,,,,,,,,,,,
AL,DENNIS,1981,10,60,19810815,600,,WV,20.3N,80.0W,15,,,,,,,,,,,,,
AL,DENNIS,1981,10,60,19810815,1200,,WV,21.0N,80.5W,15,,,,,,,,,,,,,
AL,DENNIS,1981,10,60,19810815,1800,,TD,21.7N,80.8W,30,1007,,,,,,,,,,,,
AL,DENNIS,1981,10,60,19810816,0,,TS,22.4N,81.0W,35,1005,,,,,,,,,,,,
AL,DENNIS,1981,10,60,19810816,600,,TS,23.0N,81.2W,35,1003,,,,,,,,,,,,
AL,DENNIS,1981,10,60,19810816,1200,,TS,23.8N,81.4W,35,1001,,,,,,,,,,,,
AL,DENNIS,1981,10,60,19810816,1800,,TS,24.5N,81.3W,35,1000,,,,,,,,,,,,
AL,DENNIS,1981,10,60,19810817,0,,TS,24.9N,81.3W,35,998,,,,,,,,,,,,
AL,DENNIS,1981,10,60,19810817,600,,TS,25.2N,81.2W,35,999,,,,,,,,,,,,
AL,DENNIS,1981,10,60,19810817,1200,,TS,25.8N,81.2W,35,999,,,,,,,,,,,,
AL,DENNIS,1981,10,60,19810817,1800,,TS,26.2N,81.2W,35,1001,,,,,,,,,,,,
AL,DENNIS,1981,10,60,19810818,0,,TS,26.5N,81.2W,35,1003,,,,,,,,,,,,
AL,DENNIS,1981,10,60,19810818,600,,TS,26.8N,81.1W,35,1004,,,,,,,,,,,,
AL,DENNIS,1981,10,60,19810818,1200,,TS,27.2N,81.0W,35,1005,,,,,,,,,,,,
AL,DENNIS,1981,10,60,19810818,1800,,TS,27.6N,81.0W,35,1005,,,,,,,,,,,,
AL,DENNIS,1981,10,60,19810819,0,,TS,28.7N,80.8W,35,1004,,,,,,,,,,,,
AL,DENNIS,1981,10,60,19810819,600,,TS,29.7N,80.8W,40,1003,,,,,,,,,,,,
AL,DENNIS,1981,10,60,19810819,1200,,TS,31.0N,80.8W,40,1002,,,,,,,,,,,,
AL,DENNIS,1981,10,60,19810819,1800,,TS,32.2N,79.9W,45,1001,,,,,,,,,,,,
AL,DENNIS,1981,10,60,19810820,0,,TS,33.4N,78.8W,50,999,,,,,,,,,,,,
AL,DENNIS,1981,10,60,19810820,600,,TS,34.7N,77.0W,55,998,,,,,,,,,,,,
AL,DENNIS,1981,10,60,19810820,1200,,TS,35.5N,75.2W,60,997,,,,,,,,,,,,
AL,DENNIS,1981,10,60,19810820,1800,,HU,36.3N,73.0W,65,995,,,,,,,,,,,,
AL,DENNIS,1981,10,60,19810821,0,,HU,37.1N,70.4W,70,995,,,,,,,,,,,,
AL,DENNIS,1981,10,60,19810821,600,,TS,37.8N,68.0W,55,998,,,,,,,,,,,,
AL,DENNIS,1981,10,60,19810821,1200,,TS,38.1N,65.4W,45,1000,,,,,,,,,,,,
AL,DENNIS,1981,10,60,19810821,1800,,TS,38.4N,62.8W,40,1003,,,,,,,,,,,,
AL,DENNIS,1981,10,60,19810822,0,,EX,37.8N,59.7W,35,1005,,,,,,,,,,,,
AL,UNNAMED,1981,11,19,19810817,600,,TD,12.8N,33.0W,20,,,,,,,,,,,,,
AL,UNNAMED,1981,11,19,19810817,1200,,TD,13.0N,34.5W,25,,,,,,,,,,,,,
AL,UNNAMED,1981,11,19,19810817,1800,,TD,13.3N,36.0W,25,,,,,,,,,,,,,
AL,UNNAMED,1981,11,19,19810818,0,,TD,13.6N,37.4W,30,,,,,,,,,,,,,
AL,UNNAMED,1981,11,19,19810818,600,,TD,13.8N,38.9W,30,,,,,,,,,,,,,
AL,UNNAMED,1981,11,19,19810818,1200,,TD,14.0N,40.5W,30,,,,,,,,,,,,,
AL,UNNAMED,1981,11,19,19810818,1800,,TD,14.0N,42.2W,30,,,,,,,,,,,,,
AL,UNNAMED,1981,11,19,19810819,0,,TD,14.0N,44.0W,30,,,,,,,,,,,,,
AL,UNNAMED,1981,11,19,19810819,600,,TD,13.9N,46.0W,30,,,,,,,,,,,,,
AL,UNNAMED,1981,11,19,19810819,1200,,TD,13.8N,47.7W,30,,,,,,,,,,,,,
AL,UNNAMED,1981,11,19,19810819,1800,,TD,13.6N,49.0W,25,,,,,,,,,,,,,
AL,UNNAMED,1981,11,19,19810820,0,,TD,13.4N,50.3W,25,,,,,,,,,,,,,
AL,UNNAMED,1981,11,19,19810820,600,,TD,13.1N,51.9W,25,,,,,,,,,,,,,
AL,UNNAMED,1981,11,19,19810820,1200,,TD,13.0N,53.1W,25,,,,,,,,,,,,,
AL,UNNAMED,1981,11,19,19810820,1800,,TD,12.5N,54.5W,25,,,,,,,,,,,,,
AL,UNNAMED,1981,11,19,19810821,0,,TD,12.0N,55.7W,20,,,,,,,,,,,,,
AL,UNNAMED,1981,11,19,19810821,600,,TD,11.6N,56.9W,20,,,,,,,,,,,,,
AL,UNNAMED,1981,11,19,19810821,1200,,TD,11.0N,58.0W,20,,,,,,,,,,,,,
AL,UNNAMED,1981,11,19,19810821,1800,,TD,10.3N,59.1W,15,,,,,,,,,,,,,
AL,UNNAMED,1981,12,12,19810826,1800,,TD,20.7N,92.6W,20,,,,,,,,,,,,,
AL,UNNAMED,1981,12,12,19810827,0,,TD,21.0N,93.6W,20,,,,,,,,,,,,,
AL,UNNAMED,1981,12,12,19810827,600,,TD,21.2N,94.2W,25,,,,,,,,,,,,,
AL,UNNAMED,1981,12,12,19810827,1200,,TD,21.6N,95.0W,30,,,,,,,,,,,,,
AL,UNNAMED,1981,12,12,19810827,1800,,TD,22.0N,95.9W,30,,,,,,,,,,,,,
AL,UNNAMED,1981,12,12,19810828,0,,TD,22.3N,96.7W,30,,,,,,,,,,,,,
AL,UNNAMED,1981,12,12,19810828,600,,TD,22.8N,97.2W,30,,,,,,,,,,,,,
AL,UNNAMED,1981,12,12,19810828,1200,,TD,23.0N,98.0W,25,,,,,,,,,,,,,
AL,UNNAMED,1981,12,12,19810828,1800,,TD,24.0N,98.2W,25,,,,,,,,,,,,,
AL,UNNAMED,1981,12,12,19810829,0,,TD,24.7N,98.6W,25,,,,,,,,,,,,,
AL,UNNAMED,1981,12,12,19810829,600,,TD,25.2N,98.8W,25,,,,,,,,,,,,,
AL,UNNAMED,1981,12,12,19810829,1200,,TD,26.0N,99.0W,-99,,,,,,,,,,,,,
AL,EMILY,1981,13,47,19810831,1200,,SD,29.8N,72.7W,30,1008,,,,,,,,,,,,
AL,EMILY,1981,13,47,19810831,1800,,SD,29.9N,71.2W,30,1006,,,,,,,,,,,,
AL,EMILY,1981,13,47,19810901,0,,SS,29.9N,69.7W,35,1004,,,,,,,,,,,,
AL,EMILY,1981,13,47,19810901,600,,SS,30.1N,68.4W,40,1000,,,,,,,,,,,,
AL,EMILY,1981,13,47,19810901,1200,,TS,30.4N,67.3W,40,996,,,,,,,,,,,,
AL,EMILY,1981,13,47,19810901,1800,,TS,31.3N,66.6W,45,994,,,,,,,,,,,,
AL,EMILY,1981,13,47,19810902,0,,TS,31.9N,65.9W,50,992,,,,,,,,,,,,
AL,EMILY,1981,13,47,19810902,600,,TS,32.6N,65.1W,50,990,,,,,,,,,,,,
AL,EMILY,1981,13,47,19810902,1200,,TS,33.3N,64.4W,50,988,,,,,,,,,,,,
AL,EMILY,1981,13,47,19810902,1800,,TS,34.1N,64.1W,55,986,,,,,,,,,,,,
AL,EMILY,1981,13,47,19810903,0,,TS,35.0N,64.0W,55,984,,,,,,,,,,,,
AL,EMILY,1981,13,47,19810903,600,,TS,36.0N,65.0W,60,982,,,,,,,,,,,,
AL,EMILY,1981,13,47,19810903,1200,,TS,35.0N,65.8W,60,980,,,,,,,,,,,,
AL,EMILY,1981,13,47,19810903,1800,,TS,34.2N,65.0W,60,978,,,,,,,,,,,,
AL,EMILY,1981,13,47,19810904,0,,HU,34.6N,63.6W,65,976,,,,,,,,,,,,
AL,EMILY,1981,13,47,19810904,600,,HU,35.3N,62.7W,70,974,,,,,,,,,,,,
AL,EMILY,1981,13,47,19810904,1200,,HU,36.2N,61.9W,70,972,,,,,,,,,,,,
AL,EMILY,1981,13,47,19810904,1800,,HU,37.1N,61.2W,70,971,,,,,,,,,,,,
AL,EMILY,1981,13,47,19810905,0,,HU,38.2N,60.9W,75,970,,,,,,,,,,,,
AL,EMILY,1981,13,47,19810905,600,,HU,38.6N,60.8W,75,968,,,,,,,,,,,,
AL,EMILY,1981,13,47,19810905,1200,,HU,39.0N,60.8W,75,967,,,,,,,,,,,,
AL,EMILY,1981,13,47,19810905,1800,,HU,39.4N,59.9W,80,966,,,,,,,,,,,,
AL,EMILY,1981,13,47,19810906,0,,HU,39.9N,59.0W,80,967,,,,,,,,,,,,
AL,EMILY,1981,13,47,19810906,600,,HU,40.3N,58.4W,80,968,,,,,,,,,,,,
AL,EMILY,1981,13,47,19810906,1200,,HU,40.8N,58.0W,80,970,,,,,,,,,,,,
AL,EMILY,1981,13,47,19810906,1800,,HU,41.2N,57.4W,75,971,,,,,,,,,,,,
AL,EMILY,1981,13,47,19810907,0,,HU,41.6N,56.8W,75,972,,,,,,,,,,,,
AL,EMILY,1981,13,47,19810907,600,,HU,41.9N,55.9W,70,974,,,,,,,,,,,,
AL,EMILY,1981,13,47,19810907,1200,,HU,42.0N,55.0W,70,976,,,,,,,,,,,,
AL,EMILY,1981,13,47,19810907,1800,,HU,42.3N,54.1W,65,978,,,,,,,,,,,,
AL,EMILY,1981,13,47,19810908,0,,TS,42.7N,53.4W,60,982,,,,,,,,,,,,
AL,EMILY,1981,13,47,19810908,600,,TS,42.9N,52.5W,60,984,,,,,,,,,,,,
AL,EMILY,1981,13,47,19810908,1200,,TS,42.2N,51.9W,55,986,,,,,,,,,,,,
AL,EMILY,1981,13,47,19810908,1800,,TS,41.7N,51.2W,55,988,,,,,,,,,,,,
AL,EMILY,1981,13,47,19810909,0,,TS,41.0N,50.2W,55,990,,,,,,,,,,,,
AL,EMILY,1981,13,47,19810909,600,,TS,40.9N,49.1W,50,991,,,,,,,,,,,,
AL,EMILY,1981,13,47,19810909,1200,,TS,40.9N,47.9W,50,992,,,,,,,,,,,,
AL,EMILY,1981,13,47,19810909,1800,,TS,41.0N,46.9W,50,993,,,,,,,,,,,,
AL,EMILY,1981,13,47,19810910,0,,TS,41.2N,45.9W,45,995,,,,,,,,,,,,
AL,EMILY,1981,13,47,19810910,600,,TS,41.9N,45.1W,40,998,,,,,,,,,,,,
AL,EMILY,1981,13,47,19810910,1200,,TS,42.5N,44.8W,40,1000,,,,,,,,,,,,
AL,EMILY,1981,13,47,19810910,1800,,TS,42.7N,44.0W,40,1001,,,,,,,,,,,,
AL,EMILY,1981,13,47,19810911,0,,TS,42.2N,43.3W,40,1002,,,,,,,,,,,,
AL,EMILY,1981,13,47,19810911,600,,TS,42.1N,42.7W,35,1004,,,,,,,,,,,,
AL,EMILY,1981,13,47,19810911,1200,,TS,42.2N,42.0W,35,1005,,,,,,,,,,,,
AL,EMILY,1981,13,47,19810911,1800,,EX,42.3N,41.5W,30,1007,,,,,,,,,,,,
AL,EMILY,1981,13,47,19810912,0,,EX,42.7N,41.0W,30,1008,,,,,,,,,,,,
AL,FLOYD,1981,14,37,19810903,1200,,TD,16.2N,60.3W,20,1010,,,,,,,,,,,,
AL,FLOYD,1981,14,37,19810903,1800,,TD,16.7N,61.1W,20,1010,,,,,,,,,,,,
AL,FLOYD,1981,14,37,19810904,0,,TD,17.3N,61.9W,20,1009,,,,,,,,,,,,
AL,FLOYD,1981,14,37,19810904,600,,TD,18.0N,62.6W,20,1008,,,,,,,,,,,,
AL,FLOYD,1981,14,37,19810904,1200,,TD,18.6N,63.3W,30,1006,,,,,,,,,,,,
AL,FLOYD,1981,14,37,19810904,1800,,TS,19.0N,64.0W,35,1004,,,,,,,,,,,,
AL,FLOYD,1981,14,37,19810905,0,,TS,19.5N,64.7W,45,1002,,,,,,,,,,,,
AL,FLOYD,1981,14,37,19810905,600,,TS,20.1N,65.5W,50,1000,,,,,,,,,,,,
AL,FLOYD,1981,14,37,19810905,1200,,TS,20.9N,66.2W,60,999,,,,,,,,,,,,
AL,FLOYD,1981,14,37,19810905,1800,,HU,21.7N,67.1W,70,997,,,,,,,,,,,,
AL,FLOYD,1981,14,37,19810906,0,,HU,22.6N,67.7W,80,994,,,,,,,,,,,,
AL,FLOYD,1981,14,37,19810906,600,,HU,23.6N,68.6W,85,991,,,,,,,,,,,,
AL,FLOYD,1981,14,37,19810906,1200,,HU,24.5N,69.1W,90,988,,,,,,,,,,,,
AL,FLOYD,1981,14,37,19810906,1800,,HU,25.5N,69.1W,95,985,,,,,,,,,,,,
AL,FLOYD,1981,14,37,19810907,0,,HU,26.4N,69.1W,100,981,,,,,,,,,,,,
AL,FLOYD,1981,14,37,19810907,600,,HU,27.5N,68.9W,100,978,,,,,,,,,,,,
AL,FLOYD,1981,14,37,19810907,1200,,HU,28.4N,68.5W,100,975,,,,,,,,,,,,
AL,FLOYD,1981,14,37,19810907,1800,,HU,29.3N,67.8W,100,975,,,,,,,,,,,,
AL,FLOYD,1981,14,37,19810908,0,,HU,29.9N,67.2W,95,989,,,,,,,,,,,,
AL,FLOYD,1981,14,37,19810908,600,,HU,30.6N,66.5W,90,995,,,,,,,,,,,,
AL,FLOYD,1981,14,37,19810908,1200,,HU,31.4N,65.6W,85,998,,,,,,,,,,,,
AL,FLOYD,1981,14,37,19810908,1800,,TS,32.0N,64.7W,60,1003,,,,,,,,,,,,
AL,FLOYD,1981,14,37,19810909,0,,TS,32.9N,63.0W,50,1005,,,,,,,,,,,,
AL,FLOYD,1981,14,37,19810909,600,,TS,33.7N,60.7W,45,1007,,,,,,,,,,,,
AL,FLOYD,1981,14,37,19810909,1200,,TS,34.2N,58.5W,45,1007,,,,,,,,,,,,
AL,FLOYD,1981,14,37,19810909,1800,,TS,33.8N,56.3W,40,1007,,,,,,,,,,,,
AL,FLOYD,1981,14,37,19810910,0,,TS,33.5N,54.0W,40,1007,,,,,,,,,,,,
AL,FLOYD,1981,14,37,19810910,600,,TS,33.6N,51.3W,40,1007,,,,,,,,,,,,
AL,FLOYD,1981,14,37,19810910,1200,,TS,34.0N,48.7W,40,1008,,,,,,,,,,,,
AL,FLOYD,1981,14,37,19810910,1800,,TS,34.0N,46.4W,40,1008,,,,,,,,,,,,
AL,FLOYD,1981,14,37,19810911,0,,TS,33.8N,44.1W,40,1008,,,,,,,,,,,,
AL,FLOYD,1981,14,37,19810911,600,,TS,34.5N,41.7W,40,1008,,,,,,,,,,,,
AL,FLOYD,1981,14,37,19810911,1200,,TS,35.5N,39.7W,40,1008,,,,,,,,,,,,
AL,FLOYD,1981,14,37,19810911,1800,,TS,36.6N,38.3W,40,1008,,,,,,,,,,,,
AL,FLOYD,1981,14,37,19810912,0,,TS,37.6N,36.9W,40,1009,,,,,,,,,,,,
AL,FLOYD,1981,14,37,19810912,600,,TS,39.0N,35.2W,40,1009,,,,,,,,,,,,
AL,FLOYD,1981,14,37,19810912,1200,,TS,40.6N,33.4W,35,1009,,,,,,,,,,,,
AL,GERT,1981,15,36,19810907,0,,TD,14.8N,54.0W,25,1013,,,,,,,,,,,,
AL,GERT,1981,15,36,19810907,600,,TD,14.9N,55.7W,30,1012,,,,,,,,,,,,
AL,GERT,1981,15,36,19810907,1200,,TD,15.1N,57.4W,30,1012,,,,,,,,,,,,
AL,GERT,1981,15,36,19810907,1800,,TD,15.3N,59.0W,30,1010,,,,,,,,,,,,
AL,GERT,1981,15,36,19810908,0,,TS,15.6N,60.6W,40,1008,,,,,,,,,,,,
AL,GERT,1981,15,36,19810908,600,,TS,16.1N,62.3W,45,1005,,,,,,,,,,,,
AL,GERT,1981,15,36,19810908,1200,,TS,16.8N,64.0W,50,1002,,,,,,,,,,,,
AL,GERT,1981,15,36,19810908,1800,,TS,17.8N,65.4W,50,1004,,,,,,,,,,,,
AL,GERT,1981,15,36,19810909,0,,TS,18.9N,66.9W,45,1006,,,,,,,,,,,,
AL,GERT,1981,15,36,19810909,600,,TS,19.6N,68.3W,40,1009,,,,,,,,,,,,
AL,GERT,1981,15,36,19810909,1200,,TS,20.3N,70.0W,35,1011,,,,,,,,,,,,
AL,GERT,1981,15,36,19810909,1800,,TS,21.3N,71.7W,35,1012,,,,,,,,,,,,
AL,GERT,1981,15,36,19810910,0,,TS,22.1N,72.8W,40,1010,,,,,,,,,,,,
AL,GERT,1981,15,36,19810910,600,,TS,22.7N,73.7W,50,1008,,,,,,,,,,,,
AL,GERT,1981,15,36,19810910,1200,,TS,23.7N,74.5W,60,1001,,,,,,,,,,,,
AL,GERT,1981,15,36,19810910,1800,,HU,24.8N,74.4W,70,996,,,,,,,,,,,,
AL,GERT,1981,15,36,19810911,0,,HU,26.3N,73.9W,80,993,,,,,,,,,,,,
AL,GERT,1981,15,36,19810911,600,,HU,27.7N,73.0W,85,990,,,,,,,,,,,,
AL,GERT,1981,15,36,19810911,1200,,HU,29.0N,72.0W,90,988,,,,,,,,,,,,
AL,GERT,1981,15,36,19810911,1800,,HU,30.2N,70.9W,90,988,,,,,,,,,,,,
AL,GERT,1981,15,36,19810912,0,,HU,31.5N,69.6W,90,989,,,,,,,,,,,,
AL,GERT,1981,15,36,19810912,600,,HU,32.5N,68.5W,90,990,,,,,,,,,,,,
AL,GERT,1981,15,36,19810912,1200,,HU,33.4N,67.1W,85,992,,,,,,,,,,,,
AL,GERT,1981,15,36,19810912,1800,,HU,34.1N,65.6W,70,997,,,,,,,,,,,,
AL,GERT,1981,15,36,19810913,0,,TS,34.9N,63.5W,60,1002,,,,,,,,,,,,
AL,GERT,1981,15,36,19810913,600,,TS,35.8N,60.7W,55,1006,,,,,,,,,,,,
AL,GERT,1981,15,36,19810913,1200,,TS,36.8N,57.0W,50,1008,,,,,,,,,,,,
AL,GERT,1981,15,36,19810913,1800,,TS,37.7N,53.2W,45,1010,,,,,,,,,,,,
AL,GERT,1981,15,36,19810914,0,,TS,38.3N,49.4W,40,1010,,,,,,,,,,,,
AL,GERT,1981,15,36,19810914,600,,TS,38.8N,45.6W,40,1011,,,,,,,,,,,,
AL,GERT,1981,15,36,19810914,1200,,TS,39.2N,41.9W,35,1012,,,,,,,,,,,,
AL,GERT,1981,15,36,19810914,1800,,TD,39.6N,38.6W,30,1012,,,,,,,,,,,,
AL,GERT,1981,15,36,19810915,0,,TD,39.9N,35.3W,30,1012,,,,,,,,,,,,
AL,GERT,1981,15,36,19810915,600,,TD,40.1N,33.0W,25,1012,,,,,,,,,,,,
AL,GERT,1981,15,36,19810915,1200,,TD,40.3N,30.7W,25,1012,,,,,,,,,,,,
AL,GERT,1981,15,36,19810915,1800,,TD,40.5N,28.2W,20,1012,,,,,,,,,,,,
AL,HARVEY,1981,16,34,19810911,1800,,TD,14.0N,49.0W,25,1009,,,,,,,,,,,,
AL,HARVEY,1981,16,34,19810912,0,,TD,15.4N,50.7W,25,1006,,,,,,,,,,,,
AL,HARVEY,1981,16,34,19810912,600,,TD,17.1N,52.7W,25,1003,,,,,,,,,,,,
AL,HARVEY,1981,16,34,19810912,1200,,TD,18.4N,54.7W,30,1001,,,,,,,,,,,,
AL,HARVEY,1981,16,34,19810912,1800,,TS,19.4N,56.3W,40,995,,,,,,,,,,,,
AL,HARVEY,1981,16,34,19810913,0,,HU,20.2N,57.8W,70,990,,,,,,,,,,,,
AL,HARVEY,1981,16,34,19810913,600,,HU,21.2N,59.3W,70,985,,,,,,,,,,,,
AL,HARVEY,1981,16,34,19810913,1200,,HU,22.2N,60.6W,75,983,,,,,,,,,,,,
AL,HARVEY,1981,16,34,19810913,1800,,HU,23.1N,61.4W,80,980,,,,,,,,,,,,
AL,HARVEY,1981,16,34,19810914,0,,HU,24.1N,62.0W,85,978,,,,,,,,,,,,
AL,HARVEY,1981,16,34,19810914,600,,HU,25.2N,62.5W,90,976,,,,,,,,,,,,
AL,HARVEY,1981,16,34,19810914,1200,,HU,26.4N,62.7W,95,960,,,,,,,,,,,,
AL,HARVEY,1981,16,34,19810914,1800,,HU,27.6N,62.8W,110,952,,,,,,,,,,,,
AL,HARVEY,1981,16,34,19810915,0,,HU,28.4N,62.6W,115,946,,,,,,,,,,,,
AL,HARVEY,1981,16,34,19810915,600,,HU,29.5N,62.3W,110,952,,,,,,,,,,,,
AL,HARVEY,1981,16,34,19810915,1200,,HU,30.8N,61.2W,105,958,,,,,,,,,,,,
AL,HARVEY,1981,16,34,19810915,1800,,HU,32.1N,60.3W,100,963,,,,,,,,,,,,
AL,HARVEY,1981,16,34,19810916,0,,HU,33.2N,59.2W,90,970,,,,,,,,,,,,
AL,HARVEY,1981,16,34,19810916,600,,HU,34.2N,58.0W,85,975,,,,,,,,,,,,
AL,HARVEY,1981,16,34,19810916,1200,,HU,34.9N,56.8W,80,980,,,,,,,,,,,,
AL,HARVEY,1981,16,34,19810916,1800,,HU,35.3N,55.7W,65,990,,,,,,,,,,,,
AL,HARVEY,1981,16,34,19810917,0,,HU,35.7N,54.8W,65,991,,,,,,,,,,,,
AL,HARVEY,1981,16,34,19810917,600,,HU,35.9N,53.8W,65,992,,,,,,,,,,,,
AL,HARVEY,1981,16,34,19810917,1200,,HU,36.2N,52.7W,65,993,,,,,,,,,,,,
AL,HARVEY,1981,16,34,19810917,1800,,HU,36.5N,51.3W,65,995,,,,,,,,,,,,
AL,HARVEY,1981,16,34,19810918,0,,HU,37.1N,49.9W,65,996,,,,,,,,,,,,
AL,HARVEY,1981,16,34,19810918,600,,HU,37.5N,48.2W,65,997,,,,,,,,,,,,
AL,HARVEY,1981,16,34,19810918,1200,,TS,37.9N,46.8W,55,998,,,,,,,,,,,,
AL,HARVEY,1981,16,34,19810918,1800,,TS,38.3N,45.2W,45,1002,,,,,,,,,,,,
AL,HARVEY,1981,16,34,19810919,0,,TS,38.5N,43.0W,35,1005,,,,,,,,,,,,
AL,HARVEY,1981,16,34,19810919,600,,EX,38.3N,40.6W,25,1006,,,,,,,,,,,,
AL,HARVEY,1981,16,34,19810919,1200,,EX,38.1N,38.0W,25,1007,,,,,,,,,,,,
AL,HARVEY,1981,16,34,19810919,1800,,EX,37.7N,35.3W,25,1008,,,,,,,,,,,,
AL,HARVEY,1981,16,34,19810920,0,,EX,36.7N,32.8W,25,1009,,,,,,,,,,,,
AL,UNNAMED,1981,17,11,19810912,0,,TD,11.8N,73.8W,20,,,,,,,,,,,,,
AL,UNNAMED,1981,17,11,19810912,600,,TD,11.9N,74.9W,25,,,,,,,,,,,,,
AL,UNNAMED,1981,17,11,19810912,1200,,TD,12.0N,76.0W,25,,,,,,,,,,,,,
AL,UNNAMED,1981,17,11,19810912,1800,,TD,12.2N,77.1W,30,,,,,,,,,,,,,
AL,UNNAMED,1981,17,11,19810913,0,,TD,12.3N,78.2W,30,,,,,,,,,,,,,
AL,UNNAMED,1981,17,11,19810913,600,,TD,12.4N,79.4W,30,,,,,,,,,,,,,
AL,UNNAMED,1981,17,11,19810913,1200,,TD,12.5N,80.6W,30,,,,,,,,,,,,,
AL,UNNAMED,1981,17,11,19810913,1800,,TD,12.8N,81.4W,30,,,,,,,,,,,,,
AL,UNNAMED,1981,17,11,19810914,0,,TD,12.9N,82.3W,30,,,,,,,,,,,,,
AL,UNNAMED,1981,17,11,19810914,600,,TD,12.9N,83.2W,25,,,,,,,,,,,,,
AL,UNNAMED,1981,17,11,19810914,1200,,TD,13.0N,84.0W,-99,,,,,,,,,,,,,
AL,IRENE,1981,18,48,19810921,1200,,TD,13.5N,32.5W,25,1015,,,,,,,,,,,,
AL,IRENE,1981,18,48,19810921,1800,,TD,13.3N,33.6W,25,1013,,,,,,,,,,,,
AL,IRENE,1981,18,48,19810922,0,,TD,13.1N,34.9W,25,1012,,,,,,,,,,,,
AL,IRENE,1981,18,48,19810922,600,,TD,12.8N,36.0W,30,1011,,,,,,,,,,,,
AL,IRENE,1981,18,48,19810922,1200,,TD,12.6N,37.2W,30,1010,,,,,,,,,,,,
AL,IRENE,1981,18,48,19810922,1800,,TD,12.5N,38.4W,30,1009,,,,,,,,,,,,
AL,IRENE,1981,18,48,19810923,0,,TD,12.4N,39.6W,30,1007,,,,,,,,,,,,
AL,IRENE,1981,18,48,19810923,600,,TS,12.5N,40.8W,35,1005,,,,,,,,,,,,
AL,IRENE,1981,18,48,19810923,1200,,TS,12.7N,42.2W,40,1003,,,,,,,,,,,,
AL,IRENE,1981,18,48,19810923,1800,,TS,13.0N,43.8W,45,1001,,,,,,,,,,,,
AL,IRENE,1981,18,48,19810924,0,,TS,13.3N,45.3W,45,999,,,,,,,,,,,,
AL,IRENE,1981,18,48,19810924,600,,TS,13.8N,46.7W,50,996,,,,,,,,,,,,
AL,IRENE,1981,18,48,19810924,1200,,TS,14.3N,47.8W,55,994,,,,,,,,,,,,
AL,IRENE,1981,18,48,19810924,1800,,TS,15.0N,48.9W,60,991,,,,,,,,,,,,
AL,IRENE,1981,18,48,19810925,0,,HU,15.6N,50.1W,65,987,,,,,,,,,,,,
AL,IRENE,1981,18,48,19810925,600,,HU,16.6N,51.2W,70,983,,,,,,,,,,,,
AL,IRENE,1981,18,48,19810925,1200,,HU,17.4N,52.0W,80,980,,,,,,,,,,,,
AL,IRENE,1981,18,48,19810925,1800,,HU,18.2N,52.8W,90,977,,,,,,,,,,,,
AL,IRENE,1981,18,48,19810926,0,,HU,19.1N,53.5W,85,976,,,,,,,,,,,,
AL,IRENE,1981,18,48,19810926,600,,HU,19.7N,54.3W,80,976,,,,,,,,,,,,
AL,IRENE,1981,18,48,19810926,1200,,HU,20.3N,55.1W,80,980,,,,,,,,,,,,
AL,IRENE,1981,18,48,19810926,1800,,HU,21.0N,55.7W,85,982,,,,,,,,,,,,
AL,IRENE,1981,18,48,19810927,0,,HU,21.8N,56.4W,95,968,,,,,,,,,,,,
AL,IRENE,1981,18,48,19810927,600,,HU,22.4N,56.8W,90,966,,,,,,,,,,,,
AL,IRENE,1981,18,48,19810927,1200,,HU,23.0N,57.2W,90,970,,,,,,,,,,,,
AL,IRENE,1981,18,48,19810927,1800,,HU,23.8N,57.2W,95,966,,,,,,,,,,,,
AL,IRENE,1981,18,48,19810928,0,,HU,24.7N,56.9W,100,962,,,,,,,,,,,,
AL,IRENE,1981,18,48,19810928,600,,HU,25.8N,56.8W,105,966,,,,,,,,,,,,
AL,IRENE,1981,18,48,19810928,1200,,HU,27.0N,56.7W,105,959,,,,,,,,,,,,
AL,IRENE,1981,18,48,19810928,1800,,HU,28.4N,56.2W,105,960,,,,,,,,,,,,
AL,IRENE,1981,18,48,19810929,0,,HU,29.8N,55.3W,100,962,,,,,,,,,,,,
AL,IRENE,1981,18,48,19810929,600,,HU,31.3N,54.0W,100,965,,,,,,,,,,,,
AL,IRENE,1981,18,48,19810929,1200,,HU,32.6N,52.6W,95,968,,,,,,,,,,,,
AL,IRENE,1981,18,48,19810929,1800,,HU,34.1N,50.4W,90,972,,,,,,,,,,,,
AL,IRENE,1981,18,48,19810930,0,,HU,35.9N,47.5W,85,976,,,,,,,,,,,,
AL,IRENE,1981,18,48,19810930,600,,HU,37.5N,45.1W,80,980,,,,,,,,,,,,
AL,IRENE,1981,18,48,19810930,1200,,HU,38.9N,42.4W,75,983,,,,,,,,,,,,
AL,IRENE,1981,18,48,19810930,1800,,HU,40.0N,39.5W,70,986,,,,,,,,,,,,
AL,IRENE,1981,18,48,19811001,0,,HU,41.3N,36.1W,65,989,,,,,,,,,,,,
AL,IRENE,1981,18,48,19811001,600,,TS,42.5N,33.7W,60,991,,,,,,,,,,,,
AL,IRENE,1981,18,48,19811001,1200,,TS,43.7N,32.0W,60,994,,,,,,,,,,,,
AL,IRENE,1981,18,48,19811001,1800,,TS,44.8N,30.3W,55,996,,,,,,,,,,,,
AL,IRENE,1981,18,48,19811002,0,,TS,45.1N,28.5W,50,999,,,,,,,,,,,,
AL,IRENE,1981,18,48,19811002,600,,EX,45.4N,25.0W,45,,,,,,,,,,,,,
AL,IRENE,1981,18,48,19811002,1200,,EX,45.2N,21.0W,45,,,,,,,,,,,,,
AL,IRENE,1981,18,48,19811002,1800,,EX,44.5N,17.0W,45,,,,,,,,,,,,,
AL,IRENE,1981,18,48,19811003,0,,EX,43.6N,11.5W,45,,,,,,,,,,,,,
AL,IRENE,1981,18,48,19811003,600,,EX,45.0N,4.0W,45,,,,,,,,,,,,,
AL,UNNAMED,1981,19,36,19810926,0,,TD,8.0N,38.0W,20,,,,,,,,,,,,,
AL,UNNAMED,1981,19,36,19810926,600,,TD,8.2N,39.0W,20,,,,,,,,,,,,,
AL,UNNAMED,1981,19,36,19810926,1200,,TD,8.7N,40.0W,25,,,,,,,,,,,,,
AL,UNNAMED,1981,19,36,19810926,1800,,TD,8.9N,41.0W,25,,,,,,,,,,,,,
AL,UNNAMED,1981,19,36,19810927,0,,TD,9.0N,42.0W,30,,,,,,,,,,,,,
AL,UNNAMED,1981,19,36,19810927,600,,TD,9.3N,43.0W,30,,,,,,,,,,,,,
AL,UNNAMED,1981,19,36,19810927,1200,,TD,9.6N,44.0W,30,,,,,,,,,,,,,
AL,UNNAMED,1981,19,36,19810927,1800,,TD,10.0N,45.0W,30,,,,,,,,,,,,,
AL,UNNAMED,1981,19,36,19810928,0,,TD,10.2N,46.0W,30,,,,,,,,,,,,,
AL,UNNAMED,1981,19,36,19810928,600,,TD,10.7N,47.0W,30,,,,,,,,,,,,,
AL,UNNAMED,1981,19,36,19810928,1200,,TD,11.0N,48.0W,30,,,,,,,,,,,,,
AL,UNNAMED,1981,19,36,19810928,1800,,TD,11.3N,49.0W,30,,,,,,,,,,,,,
AL,UNNAMED,1981,19,36,19810929,0,,TD,11.8N,50.0W,30,,,,,,,,,,,,,
AL,UNNAMED,1981,19,36,19810929,600,,TD,12.0N,51.0W,30,,,,,,,,,,,,,
AL,UNNAMED,1981,19,36,19810929,1200,,TD,12.4N,52.0W,30,,,,,,,,,,,,,
AL,UNNAMED,1981,19,36,19810929,1800,,TD,13.0N,53.2W,30,,,,,,,,,,,,,
AL,UNNAMED,1981,19,36,19810930,0,,TD,13.8N,54.6W,30,,,,,,,,,,,,,
AL,UNNAMED,1981,19,36,19810930,600,,TD,14.3N,55.8W,30,,,,,,,,,,,,,
AL,UNNAMED,1981,19,36,19810930,1200,,TD,15.0N,57.0W,30,,,,,,,,,,,,,
AL,UNNAMED,1981,19,36,19810930,1800,,TD,15.2N,58.2W,30,,,,,,,,,,,,,
AL,UNNAMED,1981,19,36,19811001,0,,TD,15.9N,59.8W,30,,,,,,,,,,,,,
AL,UNNAMED,1981,19,36,19811001,600,,TD,16.1N,61.0W,30,,,,,,,,,,,,,
AL,UNNAMED,1981,19,36,19811001,1200,,TD,16.5N,62.3W,30,,,,,,,,,,,,,
AL,UNNAMED,1981,19,36,19811001,1800,,TD,17.5N,63.2W,30,,,,,,,,,,,,,
AL,UNNAMED,1981,19,36,19811002,0,,TD,18.9N,64.1W,30,,,,,,,,,,,,,
AL,UNNAMED,1981,19,36,19811002,600,,TD,19.8N,65.0W,30,,,,,,,,,,,,,
AL,UNNAMED,1981,19,36,19811002,1200,,TD,21.0N,66.0W,30,,,,,,,,,,,,,
AL,UNNAMED,1981,19,36,19811002,1800,,TD,22.5N,65.3W,30,,,,,,,,,,,,,
AL,UNNAMED,1981,19,36,19811003,0,,TD,24.0N,64.5W,30,,,,,,,,,,,,,
AL,UNNAMED,1981,19,36,19811003,600,,TD,25.3N,63.8W,30,,,,,,,,,,,,,
AL,UNNAMED,1981,19,36,19811003,1200,,TD,27.0N,63.0W,30,,,,,,,,,,,,,
AL,UNNAMED,1981,19,36,19811003,1800,,TD,28.8N,61.3W,30,,,,,,,,,,,,,
AL,UNNAMED,1981,19,36,19811004,0,,TD,30.3N,59.7W,25,,,,,,,,,,,,,
AL,UNNAMED,1981,19,36,19811004,600,,TD,32.0N,57.7W,25,,,,,,,,,,,,,
AL,UNNAMED,1981,19,36,19811004,1200,,TD,33.7N,55.8W,20,,,,,,,,,,,,,
AL,UNNAMED,1981,19,36,19811004,1800,,TD,35.0N,53.6W,20,,,,,,,,,,,,,
AL,JOSE,1981,20,15,19811029,1200,,TD,25.0N,47.5W,25,1010,,,,,,,,,,,,
AL,JOSE,1981,20,15,19811029,1800,,TD,26.4N,47.1W,30,1008,,,,,,,,,,,,
AL,JOSE,1981,20,15,19811030,0,,TS,27.7N,46.6W,35,1006,,,,,,,,,,,,
AL,JOSE,1981,20,15,19811030,600,,TS,28.7N,45.9W,35,1004,,,,,,,,,,,,
AL,JOSE,1981,20,15,19811030,1200,,TS,29.6N,45.2W,35,1004,,,,,,,,,,,,
AL,JOSE,1981,20,15,19811030,1800,,TS,30.2N,44.5W,35,1002,,,,,,,,,,,,
AL,JOSE,1981,20,15,19811031,0,,TS,30.7N,43.9W,35,1002,,,,,,,,,,,,
AL,JOSE,1981,20,15,19811031,600,,TS,31.1N,43.1W,40,1000,,,,,,,,,,,,
AL,JOSE,1981,20,15,19811031,1200,,TS,31.5N,42.2W,45,998,,,,,,,,,,,,
AL,JOSE,1981,20,15,19811031,1800,,TS,31.9N,40.8W,45,998,,,,,,,,,,,,
AL,JOSE,1981,20,15,19811101,0,,TS,32.5N,39.0W,40,998,,,,,,,,,,,,
AL,JOSE,1981,20,15,19811101,600,,TS,33.7N,37.0W,40,998,,,,,,,,,,,,
AL,JOSE,1981,20,15,19811101,1200,,TS,35.3N,34.9W,35,998,,,,,,,,,,,,
AL,JOSE,1981,20,15,19811101,1800,,SD,37.8N,32.1W,30,998,,,,,,,,,,,,
AL,JOSE,1981,20,15,19811102,0,,SD,41.5N,29.5W,25,,,,,,,,,,,,,
AL,KATRINA,1981,21,20,19811103,0,,TD,16.9N,81.2W,25,1005,,,,,,,,,,,,
AL,KATRINA,1981,21,20,19811103,600,,TD,17.2N,81.3W,25,1005,,,,,,,,,,,,
AL,KATRINA,1981,21,20,19811103,1200,,TD,17.5N,81.4W,25,1004,,,,,,,,,,,,
AL,KATRINA,1981,21,20,19811103,1800,,TD,17.8N,81.4W,30,1002,,,,,,,,,,,,
AL,KATRINA,1981,21,20,19811104,0,,TD,18.1N,81.4W,30,1001,,,,,,,,,,,,
AL,KATRINA,1981,21,20,19811104,600,,TS,18.3N,81.4W,35,1000,,,,,,,,,,,,
AL,KATRINA,1981,21,20,19811104,1200,,TS,18.6N,81.3W,40,998,,,,,,,,,,,,
AL,KATRINA,1981,21,20,19811104,1800,,TS,18.9N,81.2W,50,996,,,,,,,,,,,,
AL,KATRINA,1981,21,20,19811105,0,,TS,19.2N,81.1W,60,993,,,,,,,,,,,,
AL,KATRINA,1981,21,20,19811105,600,,HU,19.6N,80.8W,65,988,,,,,,,,,,,,
AL,KATRINA,1981,21,20,19811105,1200,,HU,20.0N,80.5W,75,980,,,,,,,,,,,,
AL,KATRINA,1981,21,20,19811105,1800,,HU,20.4N,80.1W,70,988,,,,,,,,,,,,
AL,KATRINA,1981,21,20,19811106,0,,HU,20.9N,79.5W,65,996,,,,,,,,,,,,
AL,KATRINA,1981,21,20,19811106,600,,TS,21.6N,78.3W,55,999,,,,,,,,,,,,
AL,KATRINA,1981,21,20,19811106,1200,,TS,22.4N,77.0W,50,1001,,,,,,,,,,,,
AL,KATRINA,1981,21,20,19811106,1800,,TS,23.2N,75.5W,45,1001,,,,,,,,,,,,
AL,KATRINA,1981,21,20,19811107,0,,TS,24.0N,73.3W,40,1001,,,,,,,,,,,,
AL,KATRINA,1981,21,20,19811107,600,,TS,25.0N,70.6W,40,1002,,,,,,,,,,,,
AL,KATRINA,1981,21,20,19811107,1200,,TS,25.9N,67.5W,40,1002,,,,,,,,,,,,
AL,KATRINA,1981,21,20,19811107,1800,,TS,26.8N,64.5W,40,1002,,,,,,,,,,,,
AL,UNNAMED,1981,22,20,19811112,1200,,SS,31.0N,74.0W,45,1004,,,,,,,,,,,,
AL,UNNAMED,1981,22,20,19811112,1800,,SS,31.4N,73.1W,45,1003,,,,,,,,,,,,
AL,UNNAMED,1981,22,20,19811113,0,,SS,31.8N,72.3W,50,1001,,,,,,,,,,,,
AL,UNNAMED,1981,22,20,19811113,600,,SS,32.2N,71.6W,55,999,,,,,,,,,,,,
AL,UNNAMED,1981,22,20,19811113,1200,,SS,32.7N,71.0W,55,997,,,,,,,,,,,,
AL,UNNAMED,1981,22,20,19811113,1800,,SS,33.2N,70.6W,55,995,,,,,,,,,,,,
AL,UNNAMED,1981,22,20,19811114,0,,SS,33.7N,70.6W,60,993,,,,,,,,,,,,
AL,UNNAMED,1981,22,20,19811114,600,,SS,34.3N,70.8W,60,991,,,,,,,,,,,,
AL,UNNAMED,1981,22,20,19811114,1200,,SS,34.8N,71.1W,60,989,,,,,,,,,,,,
AL,UNNAMED,1981,22,20,19811114,1800,,SS,35.3N,71.4W,60,986,,,,,,,,,,,,
AL,UNNAMED,1981,22,20,19811115,0,,SS,35.8N,71.8W,60,984,,,,,,,,,,,,
AL,UNNAMED,1981,22,20,19811115,600,,SS,36.5N,71.9W,60,981,,,,,,,,,,,,
AL,UNNAMED,1981,22,20,19811115,1200,,SS,37.2N,71.8W,60,979,,,,,,,,,,,,
AL,UNNAMED,1981,22,20,19811115,1800,,SS,37.9N,71.4W,60,978,,,,,,,,,,,,
AL,UNNAMED,1981,22,20,19811116,0,,SS,38.6N,70.9W,60,978,,,,,,,,,,,,
AL,UNNAMED,1981,22,20,19811116,600,,SS,39.3N,70.2W,55,979,,,,,,,,,,,,
AL,UNNAMED,1981,22,20,19811116,1200,,SS,40.0N,69.5W,55,981,,,,,,,,,,,,
AL,UNNAMED,1981,22,20,19811116,1800,,SS,40.7N,68.5W,55,983,,,,,,,,,,,,
AL,UNNAMED,1981,22,20,19811117,0,,SS,41.4N,67.1W,50,985,,,,,,,,,,,,
AL,UNNAMED,1981,22,20,19811117,600,,SS,42.9N,65.8W,45,990,,,,,,,,,,,,
AL,ALBERTO,1982,1,17,19820602,1200,,TD,21.7N,87.1W,20,1005,,,,,,,,,,,,
AL,ALBERTO,1982,1,17,19820602,1800,,TD,22.2N,86.5W,25,1004,,,,,,,,,,,,
AL,ALBERTO,1982,1,17,19820603,0,,TD,22.6N,85.8W,30,1003,,,,,,,,,,,,
AL,ALBERTO,1982,1,17,19820603,600,,TS,22.8N,85.0W,40,1001,,,,,,,,,,,,
AL,ALBERTO,1982,1,17,19820603,1200,,TS,23.2N,84.2W,50,995,,,,,,,,,,,,
AL,ALBERTO,1982,1,17,19820603,1800,,HU,24.0N,83.6W,75,985,,,,,,,,,,,,
AL,ALBERTO,1982,1,17,19820604,0,,HU,24.8N,83.4W,65,992,,,,,,,,,,,,
AL,ALBERTO,1982,1,17,19820604,600,,TS,24.9N,84.1W,55,998,,,,,,,,,,,,
AL,ALBERTO,1982,1,17,19820604,1200,,TS,24.9N,84.8W,45,1002,,,,,,,,,,,,
AL,ALBERTO,1982,1,17,19820604,1800,,TS,25.0N,84.2W,40,1005,,,,,,,,,,,,
AL,ALBERTO,1982,1,17,19820605,0,,TD,25.1N,84.1W,30,1007,,,,,,,,,,,,
AL,ALBERTO,1982,1,17,19820605,600,,TD,25.2N,84.0W,25,1008,,,,,,,,,,,,
AL,ALBERTO,1982,1,17,19820605,1200,,TD,25.3N,83.9W,25,1009,,,,,,,,,,,,
AL,ALBERTO,1982,1,17,19820605,1800,,TD,25.4N,83.6W,25,1010,,,,,,,,,,,,
AL,ALBERTO,1982,1,17,19820606,0,,TD,25.5N,83.3W,25,1010,,,,,,,,,,,,
AL,ALBERTO,1982,1,17,19820606,600,,TD,25.5N,83.0W,25,1010,,,,,,,,,,,,
AL,ALBERTO,1982,1,17,19820606,1200,,TD,25.5N,82.6W,20,1010,,,,,,,,,,,,
AL,UNNAMED,1982,2,12,19820618,0,,SD,25.8N,86.4W,25,1004,,,,,,,,,,,,
AL,UNNAMED,1982,2,12,19820618,600,,SD,27.1N,84.6W,30,1003,,,,,,,,,,,,
AL,UNNAMED,1982,2,12,19820618,1200,,SS,28.7N,82.8W,40,999,,,,,,,,,,,,
AL,UNNAMED,1982,2,12,19820618,1800,,SS,31.4N,80.3W,60,992,,,,,,,,,,,,
AL,UNNAMED,1982,2,12,19820619,0,,SS,32.5N,79.2W,60,992,,,,,,,,,,,,
AL,UNNAMED,1982,2,12,19820619,600,,SS,33.9N,77.8W,60,992,,,,,,,,,,,,
AL,UNNAMED,1982,2,12,19820619,1200,,SS,35.3N,76.0W,60,992,,,,,,,,,,,,
AL,UNNAMED,1982,2,12,19820619,1800,,SS,37.1N,73.0W,60,992,,,,,,,,,,,,
AL,UNNAMED,1982,2,12,19820620,0,,SS,39.5N,70.0W,60,992,,,,,,,,,,,,
AL,UNNAMED,1982,2,12,19820620,600,,SS,42.5N,65.5W,60,988,,,,,,,,,,,,
AL,UNNAMED,1982,2,12,19820620,1200,,SS,44.5N,60.0W,60,984,,,,,,,,,,,,
AL,UNNAMED,1982,2,12,19820620,1800,,EX,45.4N,56.0W,60,990,,,,,,,,,,,,
AL,BERYL,1982,3,37,19820828,1200,,TD,13.7N,22.2W,30,1008,,,,,,,,,,,,
AL,BERYL,1982,3,37,19820828,1800,,TS,13.9N,22.7W,35,1006,,,,,,,,,,,,
AL,BERYL,1982,3,37,19820829,0,,TS,14.1N,23.6W,35,1005,,,,,,,,,,,,
AL,BERYL,1982,3,37,19820829,600,,TS,14.5N,24.9W,40,1003,,,,,,,,,,,,
AL,BERYL,1982,3,37,19820829,1200,,TS,14.9N,26.3W,45,1002,,,,,,,,,,,,
AL,BERYL,1982,3,37,19820829,1800,,TS,15.3N,27.7W,45,1000,,,,,,,,,,,,
AL,BERYL,1982,3,37,19820830,0,,TS,15.7N,29.1W,50,999,,,,,,,,,,,,
AL,BERYL,1982,3,37,19820830,600,,TS,16.0N,30.6W,50,998,,,,,,,,,,,,
AL,BERYL,1982,3,37,19820830,1200,,TS,16.3N,32.1W,50,996,,,,,,,,,,,,
AL,BERYL,1982,3,37,19820830,1800,,TS,16.7N,33.6W,55,995,,,,,,,,,,,,
AL,BERYL,1982,3,37,19820831,0,,TS,17.0N,35.0W,55,993,,,,,,,,,,,,
AL,BERYL,1982,3,37,19820831,600,,TS,17.2N,36.4W,60,992,,,,,,,,,,,,
AL,BERYL,1982,3,37,19820831,1200,,TS,17.7N,37.8W,60,991,,,,,,,,,,,,
AL,BERYL,1982,3,37,19820831,1800,,TS,18.0N,39.0W,60,990,,,,,,,,,,,,
AL,BERYL,1982,3,37,19820901,0,,TS,18.3N,40.0W,60,989,,,,,,,,,,,,
AL,BERYL,1982,3,37,19820901,600,,TS,18.6N,40.9W,60,998,,,,,,,,,,,,
AL,BERYL,1982,3,37,19820901,1200,,TS,18.8N,41.7W,60,998,,,,,,,,,,,,
AL,BERYL,1982,3,37,19820901,1800,,TS,19.0N,42.4W,60,990,,,,,,,,,,,,
AL,BERYL,1982,3,37,19820902,0,,TS,19.2N,43.2W,55,994,,,,,,,,,,,,
AL,BERYL,1982,3,37,19820902,600,,TS,19.4N,44.1W,45,1000,,,,,,,,,,,,
AL,BERYL,1982,3,37,19820902,1200,,TS,19.7N,45.1W,35,1005,,,,,,,,,,,,
AL,BERYL,1982,3,37,19820902,1800,,TD,19.9N,46.2W,30,1008,,,,,,,,,,,,
AL,BERYL,1982,3,37,19820903,0,,TD,20.1N,47.4W,30,1009,,,,,,,,,,,,
AL,BERYL,1982,3,37,19820903,600,,TD,20.1N,48.6W,30,1009,,,,,,,,,,,,
AL,BERYL,1982,3,37,19820903,1200,,TD,20.0N,49.8W,30,1006,,,,,,,,,,,,
AL,BERYL,1982,3,37,19820903,1800,,TD,20.0N,51.0W,30,1006,,,,,,,,,,,,
AL,BERYL,1982,3,37,19820904,0,,TD,19.9N,51.9W,30,1008,,,,,,,,,,,,
AL,BERYL,1982,3,37,19820904,600,,TD,19.9N,52.9W,30,1009,,,,,,,,,,,,
AL,BERYL,1982,3,37,19820904,1200,,TD,19.8N,53.8W,30,1009,,,,,,,,,,,,
AL,BERYL,1982,3,37,19820904,1800,,TD,19.7N,54.9W,30,1009,,,,,,,,,,,,
AL,BERYL,1982,3,37,19820905,0,,TD,19.6N,55.9W,30,1009,,,,,,,,,,,,
AL,BERYL,1982,3,37,19820905,600,,TD,19.4N,57.0W,25,1009,,,,,,,,,,,,
AL,BERYL,1982,3,37,19820905,1200,,TD,19.4N,58.3W,25,1010,,,,,,,,,,,,
AL,BERYL,1982,3,37,19820905,1800,,TD,19.5N,59.7W,30,1010,,,,,,,,,,,,
AL,BERYL,1982,3,37,19820906,0,,TD,19.7N,61.0W,30,1010,,,,,,,,,,,,
AL,BERYL,1982,3,37,19820906,600,,TD,19.8N,62.3W,30,1010,,,,,,,,,,,,
AL,BERYL,1982,3,37,19820906,1200,,TD,20.0N,63.6W,25,1010,,,,,,,,,,,,
AL,UNNAMED,1982,4,15,19820906,0,,TD,16.8N,53.0W,20,,,,,,,,,,,,,
AL,UNNAMED,1982,4,15,19820906,600,,TD,16.9N,54.1W,25,,,,,,,,,,,,,
AL,UNNAMED,1982,4,15,19820906,1200,,TD,17.0N,55.1W,25,,,,,,,,,,,,,
AL,UNNAMED,1982,4,15,19820906,1800,,TD,17.7N,56.2W,30,,,,,,,,,,,,,
AL,UNNAMED,1982,4,15,19820907,0,,TD,18.0N,57.2W,30,,,,,,,,,,,,,
AL,UNNAMED,1982,4,15,19820907,600,,TD,18.6N,58.2W,30,,,,,,,,,,,,,
AL,UNNAMED,1982,4,15,19820907,1200,,TD,19.0N,59.0W,30,,,,,,,,,,,,,
AL,UNNAMED,1982,4,15,19820907,1800,,TD,19.5N,60.2W,30,,,,,,,,,,,,,
AL,UNNAMED,1982,4,15,19820908,0,,TD,20.0N,61.2W,30,,,,,,,,,,,,,
AL,UNNAMED,1982,4,15,19820908,600,,TD,20.4N,62.2W,30,,,,,,,,,,,,,
AL,UNNAMED,1982,4,15,19820908,1200,,TD,21.0N,63.0W,30,,,,,,,,,,,,,
AL,UNNAMED,1982,4,15,19820908,1800,,TD,21.8N,64.0W,30,,,,,,,,,,,,,
AL,UNNAMED,1982,4,15,19820909,0,,TD,22.4N,64.9W,25,,,,,,,,,,,,,
AL,UNNAMED,1982,4,15,19820909,600,,TD,23.2N,65.5W,25,,,,,,,,,,,,,
AL,UNNAMED,1982,4,15,19820909,1200,,TD,24.0N,66.0W,20,,,,,,,,,,,,,
AL,CHRIS,1982,5,16,19820909,0,,SD,26.2N,91.0W,25,1010,,,,,,,,,,,,
AL,CHRIS,1982,5,16,19820909,600,,SD,26.3N,91.7W,25,1010,,,,,,,,,,,,
AL,CHRIS,1982,5,16,19820909,1200,,SD,26.4N,92.3W,25,1009,,,,,,,,,,,,
AL,CHRIS,1982,5,16,19820909,1800,,SD,26.6N,93.0W,30,1009,,,,,,,,,,,,
AL,CHRIS,1982,5,16,19820910,0,,TD,26.8N,93.1W,30,1008,,,,,,,,,,,,
AL,CHRIS,1982,5,16,19820910,600,,TD,26.9N,94.0W,30,1007,,,,,,,,,,,,
AL,CHRIS,1982,5,16,19820910,1200,,TS,27.3N,94.2W,35,1005,,,,,,,,,,,,
AL,CHRIS,1982,5,16,19820910,1800,,TS,27.9N,94.1W,45,1001,,,,,,,,,,,,
AL,CHRIS,1982,5,16,19820911,0,,TS,28.4N,94.1W,50,1000,,,,,,,,,,,,
AL,CHRIS,1982,5,16,19820911,600,,TS,29.0N,94.0W,50,997,,,,,,,,,,,,
AL,CHRIS,1982,5,16,19820911,1200,,TS,29.8N,93.8W,55,994,,,,,,,,,,,,
AL,CHRIS,1982,5,16,19820911,1800,,TS,30.8N,93.4W,40,999,,,,,,,,,,,,
AL,CHRIS,1982,5,16,19820912,0,,TD,31.8N,93.2W,30,1004,,,,,,,,,,,,
AL,CHRIS,1982,5,16,19820912,600,,TD,32.8N,92.8W,30,1006,,,,,,,,,,,,
AL,CHRIS,1982,5,16,19820912,1200,,TD,33.8N,92.4W,30,1008,,,,,,,,,,,,
AL,CHRIS,1982,5,16,19820912,1800,,TD,34.8N,91.8W,25,1010,,,,,,,,,,,,
AL,DEBBY,1982,6,30,19820913,1200,,TD,19.8N,69.5W,30,1010,,,,,,,,,,,,
AL,DEBBY,1982,6,30,19820913,1800,,TD,20.8N,70.2W,30,1009,,,,,,,,,,,,
AL,DEBBY,1982,6,30,19820914,0,,TD,21.5N,71.0W,30,1009,,,,,,,,,,,,
AL,DEBBY,1982,6,30,19820914,600,,TD,22.4N,71.8W,30,1008,,,,,,,,,,,,
AL,DEBBY,1982,6,30,19820914,1200,,TS,23.5N,71.9W,35,1006,,,,,,,,,,,,
AL,DEBBY,1982,6,30,19820914,1800,,TS,24.6N,71.8W,55,1000,,,,,,,,,,,,
AL,DEBBY,1982,6,30,19820915,0,,HU,25.6N,71.0W,65,993,,,,,,,,,,,,
AL,DEBBY,1982,6,30,19820915,600,,HU,26.7N,70.3W,65,990,,,,,,,,,,,,
AL,DEBBY,1982,6,30,19820915,1200,,HU,27.8N,69.6W,75,980,,,,,,,,,,,,
AL,DEBBY,1982,6,30,19820915,1800,,HU,29.0N,68.5W,90,969,,,,,,,,,,,,
AL,DEBBY,1982,6,30,19820916,0,,HU,30.5N,67.5W,95,966,,,,,,,,,,,,
AL,DEBBY,1982,6,30,19820916,600,,HU,32.1N,66.7W,95,966,,,,,,,,,,,,
AL,DEBBY,1982,6,30,19820916,1200,,HU,33.6N,65.8W,95,966,,,,,,,,,,,,
AL,DEBBY,1982,6,30,19820916,1800,,HU,35.1N,65.6W,95,966,,,,,,,,,,,,
AL,DEBBY,1982,6,30,19820917,0,,HU,36.4N,65.6W,95,966,,,,,,,,,,,,
AL,DEBBY,1982,6,30,19820917,600,,HU,36.8N,65.6W,95,966,,,,,,,,,,,,
AL,DEBBY,1982,6,30,19820917,1200,,HU,37.1N,65.0W,95,966,,,,,,,,,,,,
AL,DEBBY,1982,6,30,19820917,1800,,HU,37.6N,63.5W,100,960,,,,,,,,,,,,
AL,DEBBY,1982,6,30,19820918,0,,HU,38.8N,62.3W,115,950,,,,,,,,,,,,
AL,DEBBY,1982,6,30,19820918,600,,HU,40.1N,60.7W,110,952,,,,,,,,,,,,
AL,DEBBY,1982,6,30,19820918,1200,,HU,41.6N,58.5W,110,954,,,,,,,,,,,,
AL,DEBBY,1982,6,30,19820918,1800,,HU,43.5N,56.1W,100,960,,,,,,,,,,,,
AL,DEBBY,1982,6,30,19820919,0,,HU,45.3N,53.5W,90,970,,,,,,,,,,,,
AL,DEBBY,1982,6,30,19820919,600,,HU,47.0N,50.5W,75,979,,,,,,,,,,,,
AL,DEBBY,1982,6,30,19820919,1200,,HU,48.5N,47.1W,70,987,,,,,,,,,,,,
AL,DEBBY,1982,6,30,19820919,1800,,HU,50.0N,43.5W,70,987,,,,,,,,,,,,
AL,DEBBY,1982,6,30,19820920,0,,HU,50.8N,39.0W,70,987,,,,,,,,,,,,
AL,DEBBY,1982,6,30,19820920,600,,TS,51.5N,33.5W,60,993,,,,,,,,,,,,
AL,DEBBY,1982,6,30,19820920,1200,,TS,51.8N,26.6W,50,996,,,,,,,,,,,,
AL,DEBBY,1982,6,30,19820920,1800,,EX,51.5N,19.0W,50,996,,,,,,,,,,,,
AL,UNNAMED,1982,7,15,19820924,0,,TD,25.3N,71.5W,20,,,,,,,,,,,,,
AL,UNNAMED,1982,7,15,19820924,600,,TD,26.0N,72.5W,25,,,,,,,,,,,,,
AL,UNNAMED,1982,7,15,19820924,1200,,TD,27.1N,73.0W,25,,,,,,,,,,,,,
AL,UNNAMED,1982,7,15,19820924,1800,,TD,28.1N,72.1W,30,,,,,,,,,,,,,
AL,UNNAMED,1982,7,15,19820925,0,,TD,29.0N,71.5W,30,,,,,,,,,,,,,
AL,UNNAMED,1982,7,15,19820925,600,,TD,30.0N,70.6W,30,,,,,,,,,,,,,
AL,UNNAMED,1982,7,15,19820925,1200,,TD,31.0N,69.6W,30,,,,,,,,,,,,,
AL,UNNAMED,1982,7,15,19820925,1800,,TD,32.3N,68.5W,30,,,,,,,,,,,,,
AL,UNNAMED,1982,7,15,19820926,0,,TD,33.5N,67.5W,30,,,,,,,,,,,,,
AL,UNNAMED,1982,7,15,19820926,600,,TD,34.8N,66.2W,30,,,,,,,,,,,,,
AL,UNNAMED,1982,7,15,19820926,1200,,TD,36.0N,65.0W,30,,,,,,,,,,,,,
AL,UNNAMED,1982,7,15,19820926,1800,,TD,37.0N,64.0W,30,,,,,,,,,,,,,
AL,UNNAMED,1982,7,15,19820927,0,,TD,38.0N,63.0W,25,,,,,,,,,,,,,
AL,UNNAMED,1982,7,15,19820927,600,,TD,39.2N,61.5W,25,,,,,,,,,,,,,
AL,UNNAMED,1982,7,15,19820927,1200,,TD,40.1N,60.1W,20,,,,,,,,,,,,,
AL,ERNESTO,1982,8,11,19820930,1200,,TD,24.8N,65.4W,30,1006,,,,,,,,,,,,
AL,ERNESTO,1982,8,11,19820930,1800,,TD,25.3N,66.8W,30,1005,,,,,,,,,,,,
AL,ERNESTO,1982,8,11,19821001,0,,TD,25.9N,67.4W,30,1005,,,,,,,,,,,,
AL,ERNESTO,1982,8,11,19821001,600,,TS,26.5N,67.8W,35,1004,,,,,,,,,,,,
AL,ERNESTO,1982,8,11,19821001,1200,,TS,27.3N,67.7W,40,1003,,,,,,,,,,,,
AL,ERNESTO,1982,8,11,19821001,1800,,TS,27.9N,67.1W,50,1000,,,,,,,,,,,,
AL,ERNESTO,1982,8,11,19821002,0,,TS,28.5N,66.2W,60,997,,,,,,,,,,,,
AL,ERNESTO,1982,8,11,19821002,600,,TS,29.1N,65.1W,55,997,,,,,,,,,,,,
AL,ERNESTO,1982,8,11,19821002,1200,,TS,29.8N,63.0W,50,998,,,,,,,,,,,,
AL,ERNESTO,1982,8,11,19821002,1800,,TS,30.5N,60.5W,45,1001,,,,,,,,,,,,
AL,ERNESTO,1982,8,11,19821003,0,,EX,32.0N,58.0W,40,1003,,,,,,,,,,,,
AL,UNNAMED,1983,1,22,19830723,1200,,TD,10.0N,38.0W,20,,,,,,,,,,,,,
AL,UNNAMED,1983,1,22,19830723,1800,,TD,10.2N,39.4W,25,,,,,,,,,,,,,
AL,UNNAMED,1983,1,22,19830724,0,,TD,10.7N,40.8W,25,,,,,,,,,,,,,
AL,UNNAMED,1983,1,22,19830724,600,,TD,10.9N,42.1W,30,,,,,,,,,,,,,
AL,UNNAMED,1983,1,22,19830724,1200,,TD,11.0N,43.4W,30,,,,,,,,,,,,,
AL,UNNAMED,1983,1,22,19830724,1800,,TD,11.2N,44.9W,30,,,,,,,,,,,,,
AL,UNNAMED,1983,1,22,19830725,0,,TD,11.6N,46.2W,30,,,,,,,,,,,,,
AL,UNNAMED,1983,1,22,19830725,600,,TD,11.8N,47.8W,30,,,,,,,,,,,,,
AL,UNNAMED,1983,1,22,19830725,1200,,TD,12.0N,49.0W,30,,,,,,,,,,,,,
AL,UNNAMED,1983,1,22,19830725,1800,,TD,12.1N,50.5W,30,,,,,,,,,,,,,
AL,UNNAMED,1983,1,22,19830726,0,,TD,12.2N,52.0W,30,,,,,,,,,,,,,
AL,UNNAMED,1983,1,22,19830726,600,,TD,12.4N,53.1W,30,,,,,,,,,,,,,
AL,UNNAMED,1983,1,22,19830726,1200,,TD,12.6N,54.5W,30,,,,,,,,,,,,,
AL,UNNAMED,1983,1,22,19830726,1800,,TD,13.0N,56.0W,30,,,,,,,,,,,,,
AL,UNNAMED,1983,1,22,19830727,0,,TD,13.1N,57.2W,30,,,,,,,,,,,,,
AL,UNNAMED,1983,1,22,19830727,600,,TD,13.3N,58.8W,30,,,,,,,,,,,,,
AL,UNNAMED,1983,1,22,19830727,1200,,TD,13.7N,60.1W,30,,,,,,,,,,,,,
AL,UNNAMED,1983,1,22,19830727,1800,,TD,13.9N,61.8W,30,,,,,,,,,,,,,
AL,UNNAMED,1983,1,22,19830728,0,,TD,14.0N,63.0W,25,,,,,,,,,,,,,
AL,UNNAMED,1983,1,22,19830728,600,,TD,14.2N,64.6W,25,,,,,,,,,,,,,
AL,UNNAMED,1983,1,22,19830728,1200,,TD,14.6N,66.0W,20,,,,,,,,,,,,,
AL,UNNAMED,1983,1,22,19830728,1800,,TD,15.0N,67.5W,20,,,,,,,,,,,,,
AL,UNNAMED,1983,2,25,19830727,1200,,TD,12.0N,27.0W,25,,,,,,,,,,,,,
AL,UNNAMED,1983,2,25,19830727,1800,,TD,12.0N,28.5W,25,,,,,,,,,,,,,
AL,UNNAMED,1983,2,25,19830728,0,,TD,12.0N,29.7W,25,,,,,,,,,,,,,
AL,UNNAMED,1983,2,25,19830728,600,,TD,12.0N,31.0W,25,,,,,,,,,,,,,
AL,UNNAMED,1983,2,25,19830728,1200,,TD,12.1N,32.1W,30,,,,,,,,,,,,,
AL,UNNAMED,1983,2,25,19830728,1800,,TD,12.5N,33.8W,30,,,,,,,,,,,,,
AL,UNNAMED,1983,2,25,19830729,0,,TD,12.9N,35.2W,30,,,,,,,,,,,,,
AL,UNNAMED,1983,2,25,19830729,600,,TD,13.1N,36.9W,30,,,,,,,,,,,,,
AL,UNNAMED,1983,2,25,19830729,1200,,TD,13.6N,38.4W,30,,,,,,,,,,,,,
AL,UNNAMED,1983,2,25,19830729,1800,,TD,13.9N,39.9W,30,,,,,,,,,,,,,
AL,UNNAMED,1983,2,25,19830730,0,,TD,14.1N,41.2W,30,,,,,,,,,,,,,
AL,UNNAMED,1983,2,25,19830730,600,,TD,14.4N,42.6W,30,,,,,,,,,,,,,
AL,UNNAMED,1983,2,25,19830730,1200,,TD,14.7N,44.0W,30,,,,,,,,,,,,,
AL,UNNAMED,1983,2,25,19830730,1800,,TD,15.0N,45.5W,30,,,,,,,,,,,,,
AL,UNNAMED,1983,2,25,19830731,0,,TD,15.3N,47.1W,30,,,,,,,,,,,,,
AL,UNNAMED,1983,2,25,19830731,600,,TD,15.7N,48.8W,30,,,,,,,,,,,,,
AL,UNNAMED,1983,2,25,19830731,1200,,TD,16.0N,50.2W,30,,,,,,,,,,,,,
AL,UNNAMED,1983,2,25,19830731,1800,,TD,16.2N,52.0W,30,,,,,,,,,,,,,
AL,UNNAMED,1983,2,25,19830801,0,,TD,16.7N,53.8W,25,,,,,,,,,,,,,
AL,UNNAMED,1983,2,25,19830801,600,,TD,17.0N,55.4W,25,,,,,,,,,,,,,
AL,UNNAMED,1983,2,25,19830801,1200,,TD,17.1N,57.0W,25,,,,,,,,,,,,,
AL,UNNAMED,1983,2,25,19830801,1800,,TD,17.7N,58.7W,25,,,,,,,,,,,,,
AL,UNNAMED,1983,2,25,19830802,0,,TD,18.0N,60.2W,25,,,,,,,,,,,,,
AL,UNNAMED,1983,2,25,19830802,600,,TD,18.3N,61.8W,20,,,,,,,,,,,,,
AL,UNNAMED,1983,2,25,19830802,1200,,TD,18.8N,63.1W,20,,,,,,,,,,,,,
AL,ALICIA,1983,3,25,19830815,1200,,TD,27.3N,90.5W,30,1009,,,,,,,,,,,,
AL,ALICIA,1983,3,25,19830815,1800,,TS,27.2N,91.0W,40,1006,,,,,,,,,,,,
AL,ALICIA,1983,3,25,19830816,0,,TS,27.1N,91.5W,45,1005,,,,,,,,,,,,
AL,ALICIA,1983,3,25,19830816,600,,TS,27.0N,92.0W,50,1004,,,,,,,,,,,,
AL,ALICIA,1983,3,25,19830816,1200,,TS,27.1N,92.4W,55,1002,,,,,,,,,,,,
AL,ALICIA,1983,3,25,19830816,1800,,TS,27.3N,92.8W,60,998,,,,,,,,,,,,
AL,ALICIA,1983,3,25,19830817,0,,HU,27.4N,93.3W,65,991,,,,,,,,,,,,
AL,ALICIA,1983,3,25,19830817,600,,HU,27.7N,93.7W,70,987,,,,,,,,,,,,
AL,ALICIA,1983,3,25,19830817,1200,,HU,27.9N,94.2W,75,983,,,,,,,,,,,,
AL,ALICIA,1983,3,25,19830817,1800,,HU,28.1N,94.5W,90,974,,,,,,,,,,,,
AL,ALICIA,1983,3,25,19830818,0,,HU,28.4N,94.8W,95,969,,,,,,,,,,,,
AL,ALICIA,1983,3,25,19830818,600,,HU,28.9N,95.0W,100,963,,,,,,,,,,,,
AL,ALICIA,1983,3,25,19830818,700,L,HU,29.1N,95.1W,100,962,,,,,,,,,,,,
AL,ALICIA,1983,3,25,19830818,1200,,HU,29.7N,95.5W,80,965,,,,,,,,,,,,
AL,ALICIA,1983,3,25,19830818,1800,,TS,30.5N,96.0W,40,990,,,,,,,,,,,,
AL,ALICIA,1983,3,25,19830819,0,,TS,31.5N,96.7W,35,998,,,,,,,,,,,,
AL,ALICIA,1983,3,25,19830819,600,,TD,32.4N,97.4W,30,1003,,,,,,,,,,,,
AL,ALICIA,1983,3,25,19830819,1200,,TD,33.3N,98.0W,25,1006,,,,,,,,,,,,
AL,ALICIA,1983,3,25,19830819,1800,,TD,34.4N,98.5W,25,1009,,,,,,,,,,,,
AL,ALICIA,1983,3,25,19830820,0,,TD,35.4N,99.0W,20,1010,,,,,,,,,,,,
AL,ALICIA,1983,3,25,19830820,600,,EX,36.5N,99.4W,20,1011,,,,,,,,,,,,
AL,ALICIA,1983,3,25,19830820,1200,,EX,37.6N,99.2W,20,1011,,,,,,,,,,,,
AL,ALICIA,1983,3,25,19830820,1800,,EX,38.9N,99.0W,20,1011,,,,,,,,,,,,
AL,ALICIA,1983,3,25,19830821,0,,EX,40.0N,98.0W,20,1010,,,,,,,,,,,,
AL,ALICIA,1983,3,25,19830821,600,,EX,41.2N,97.0W,20,1010,,,,,,,,,,,,
AL,BARRY,1983,4,26,19830823,1800,,TD,26.0N,76.0W,25,1012,,,,,,,,,,,,
AL,BARRY,1983,4,26,19830824,0,,TD,26.8N,76.2W,30,1011,,,,,,,,,,,,
AL,BARRY,1983,4,26,19830824,600,,TS,27.4N,76.3W,40,1010,,,,,,,,,,,,
AL,BARRY,1983,4,26,19830824,1200,,TS,28.1N,76.8W,50,1011,,,,,,,,,,,,
AL,BARRY,1983,4,26,19830824,1800,,TS,28.1N,77.6W,50,1011,,,,,,,,,,,,
AL,BARRY,1983,4,26,19830825,0,,TS,28.1N,78.9W,45,1011,,,,,,,,,,,,
AL,BARRY,1983,4,26,19830825,600,,TS,28.0N,79.8W,40,1012,,,,,,,,,,,,
AL,BARRY,1983,4,26,19830825,1100,L,TD,27.9N,80.6W,30,1013,,,,,,,,,,,,
AL,BARRY,1983,4,26,19830825,1200,,TD,27.9N,80.8W,30,1013,,,,,,,,,,,,
AL,BARRY,1983,4,26,19830825,1800,,TD,27.5N,82.0W,25,1014,,,,,,,,,,,,
AL,BARRY,1983,4,26,19830826,0,,TD,27.0N,83.8W,20,1013,,,,,,,,,,,,
AL,BARRY,1983,4,26,19830826,600,,TD,26.3N,85.0W,25,1013,,,,,,,,,,,,
AL,BARRY,1983,4,26,19830826,1200,,TD,25.7N,86.3W,30,1012,,,,,,,,,,,,
AL,BARRY,1983,4,26,19830826,1800,,TD,25.2N,87.6W,30,1011,,,,,,,,,,,,
AL,BARRY,1983,4,26,19830827,0,,TD,25.1N,88.9W,30,1010,,,,,,,,,,,,
AL,BARRY,1983,4,26,19830827,600,,TD,25.2N,90.2W,30,1009,,,,,,,,,,,,
AL,BARRY,1983,4,26,19830827,1200,,TS,25.8N,91.6W,35,1008,,,,,,,,,,,,
AL,BARRY,1983,4,26,19830827,1800,,TS,25.8N,93.0W,45,1002,,,,,,,,,,,,
AL,BARRY,1983,4,26,19830828,0,,TS,25.7N,94.5W,60,999,,,,,,,,,,,,
AL,BARRY,1983,4,26,19830828,600,,TS,25.5N,95.5W,60,998,,,,,,,,,,,,
AL,BARRY,1983,4,26,19830828,1200,,HU,25.5N,96.4W,65,993,,,,,,,,,,,,
AL,BARRY,1983,4,26,19830828,1725,L,HU,25.4N,97.4W,70,986,,,,,,,,,,,,
AL,BARRY,1983,4,26,19830828,1800,,HU,25.4N,97.5W,70,986,,,,,,,,,,,,
AL,BARRY,1983,4,26,19830829,0,,TS,25.5N,98.5W,40,995,,,,,,,,,,,,
AL,BARRY,1983,4,26,19830829,600,,TD,25.5N,99.5W,30,1005,,,,,,,,,,,,
AL,BARRY,1983,4,26,19830829,1200,,TD,25.5N,100.5W,25,1010,,,,,,,,,,,,
AL,CHANTAL,1983,5,20,19830910,1200,,TD,30.2N,64.4W,25,1010,,,,,,,,,,,,
AL,CHANTAL,1983,5,20,19830910,1800,,TD,30.9N,64.0W,30,1008,,,,,,,,,,,,
AL,CHANTAL,1983,5,20,19830911,0,,TS,31.6N,63.3W,35,1005,,,,,,,,,,,,
AL,CHANTAL,1983,5,20,19830911,600,,TS,32.0N,62.4W,45,1000,,,,,,,,,,,,
AL,CHANTAL,1983,5,20,19830911,1200,,TS,32.4N,61.2W,55,996,,,,,,,,,,,,
AL,CHANTAL,1983,5,20,19830911,1800,,HU,32.8N,60.0W,65,994,,,,,,,,,,,,
AL,CHANTAL,1983,5,20,19830912,0,,HU,33.1N,58.9W,65,994,,,,,,,,,,,,
AL,CHANTAL,1983,5,20,19830912,600,,HU,33.6N,57.6W,65,994,,,,,,,,,,,,
AL,CHANTAL,1983,5,20,19830912,1200,,HU,34.0N,56.3W,65,994,,,,,,,,,,,,
AL,CHANTAL,1983,5,20,19830912,1800,,HU,34.4N,55.5W,65,994,,,,,,,,,,,,
AL,CHANTAL,1983,5,20,19830913,0,,TS,34.8N,54.9W,55,1000,,,,,,,,,,,,
AL,CHANTAL,1983,5,20,19830913,600,,TS,35.3N,54.5W,55,1000,,,,,,,,,,,,
AL,CHANTAL,1983,5,20,19830913,1200,,TS,35.9N,54.2W,45,1005,,,,,,,,,,,,
AL,CHANTAL,1983,5,20,19830913,1800,,TS,36.3N,53.9W,40,1005,,,,,,,,,,,,
AL,CHANTAL,1983,5,20,19830914,0,,TS,36.8N,53.8W,40,1005,,,,,,,,,,,,
AL,CHANTAL,1983,5,20,19830914,600,,TS,37.4N,53.8W,40,1006,,,,,,,,,,,,
AL,CHANTAL,1983,5,20,19830914,1200,,TS,38.7N,53.8W,35,1008,,,,,,,,,,,,
AL,CHANTAL,1983,5,20,19830914,1800,,TS,39.5N,52.5W,35,1008,,,,,,,,,,,,
AL,CHANTAL,1983,5,20,19830915,0,,TD,40.4N,50.7W,30,1009,,,,,,,,,,,,
AL,CHANTAL,1983,5,20,19830915,600,,TD,41.7N,48.8W,30,1009,,,,,,,,,,,,
AL,DEAN,1983,6,17,19830926,1800,,SS,28.0N,73.0W,35,1010,,,,,,,,,,,,
AL,DEAN,1983,6,17,19830927,0,,SS,28.5N,72.9W,35,1009,,,,,,,,,,,,
AL,DEAN,1983,6,17,19830927,600,,SS,29.0N,72.8W,40,1006,,,,,,,,,,,,
AL,DEAN,1983,6,17,19830927,1200,,SS,29.5N,72.6W,40,1003,,,,,,,,,,,,
AL,DEAN,1983,6,17,19830927,1800,,TS,30.3N,72.1W,40,1000,,,,,,,,,,,,
AL,DEAN,1983,6,17,19830928,0,,TS,31.2N,71.7W,45,999,,,,,,,,,,,,
AL,DEAN,1983,6,17,19830928,600,,TS,32.2N,71.1W,45,999,,,,,,,,,,,,
AL,DEAN,1983,6,17,19830928,1200,,TS,33.1N,70.7W,50,1000,,,,,,,,,,,,
AL,DEAN,1983,6,17,19830928,1800,,TS,34.0N,70.7W,50,1001,,,,,,,,,,,,
AL,DEAN,1983,6,17,19830929,0,,TS,34.5N,70.8W,55,1003,,,,,,,,,,,,
AL,DEAN,1983,6,17,19830929,600,,TS,34.8N,71.0W,55,1005,,,,,,,,,,,,
AL,DEAN,1983,6,17,19830929,1200,,TS,35.1N,71.5W,55,1006,,,,,,,,,,,,
AL,DEAN,1983,6,17,19830929,1800,,TS,35.8N,73.0W,55,1007,,,,,,,,,,,,
AL,DEAN,1983,6,17,19830930,0,,TS,36.4N,74.0W,55,1008,,,,,,,,,,,,
AL,DEAN,1983,6,17,19830930,600,,TS,37.0N,74.9W,55,1009,,,,,,,,,,,,
AL,DEAN,1983,6,17,19830930,1200,,TS,37.5N,75.8W,40,1010,,,,,,,,,,,,
AL,DEAN,1983,6,17,19830930,1800,,TD,37.9N,76.9W,30,1015,,,,,,,,,,,,
AL,UNNAMED,1984,1,11,19840611,1200,,TD,28.0N,75.5W,20,,,,,,,,,,,,,
AL,UNNAMED,1984,1,11,19840611,1800,,TD,28.2N,75.8W,25,,,,,,,,,,,,,
AL,UNNAMED,1984,1,11,19840612,0,,TD,28.4N,76.5W,25,,,,,,,,,,,,,
AL,UNNAMED,1984,1,11,19840612,600,,TD,28.7N,77.2W,30,,,,,,,,,,,,,
AL,UNNAMED,1984,1,11,19840612,1200,,TD,28.9N,77.8W,30,,,,,,,,,,,,,
AL,UNNAMED,1984,1,11,19840612,1800,,TD,29.0N,78.3W,30,,,,,,,,,,,,,
AL,UNNAMED,1984,1,11,19840613,0,,TD,29.2N,79.1W,30,,,,,,,,,,,,,
AL,UNNAMED,1984,1,11,19840613,600,,TD,29.6N,79.9W,30,,,,,,,,,,,,,
AL,UNNAMED,1984,1,11,19840613,1200,,TD,29.8N,80.3W,25,,,,,,,,,,,,,
AL,UNNAMED,1984,1,11,19840613,1800,,TD,29.9N,81.0W,25,,,,,,,,,,,,,
AL,UNNAMED,1984,1,11,19840614,0,,TD,30.2N,81.8W,-99,,,,,,,,,,,,,
AL,UNNAMED,1984,2,8,19840618,1200,,TD,20.5N,94.0W,20,,,,,,,,,,,,,
AL,UNNAMED,1984,2,8,19840618,1800,,TD,20.8N,94.8W,20,,,,,,,,,,,,,
AL,UNNAMED,1984,2,8,19840619,0,,TD,21.0N,95.5W,25,,,,,,,,,,,,,
AL,UNNAMED,1984,2,8,19840619,600,,TD,21.2N,96.2W,25,,,,,,,,,,,,,
AL,UNNAMED,1984,2,8,19840619,1200,,TD,21.6N,96.8W,30,,,,,,,,,,,,,
AL,UNNAMED,1984,2,8,19840619,1800,,TD,21.9N,97.2W,30,,,,,,,,,,,,,
AL,UNNAMED,1984,2,8,19840620,0,,TD,22.1N,98.0W,30,,,,,,,,,,,,,
AL,UNNAMED,1984,2,8,19840620,600,,TD,22.7N,98.5W,-99,,,,,,,,,,,,,
AL,UNNAMED,1984,3,11,19840724,600,,TD,11.8N,47.8W,25,,,,,,,,,,,,,
AL,UNNAMED,1984,3,11,19840724,1200,,TD,12.0N,50.0W,25,,,,,,,,,,,,,
AL,UNNAMED,1984,3,11,19840724,1800,,TD,12.7N,52.1W,25,,,,,,,,,,,,,
AL,UNNAMED,1984,3,11,19840725,0,,TD,13.0N,54.5W,30,,,,,,,,,,,,,
AL,UNNAMED,1984,3,11,19840725,600,,TD,13.3N,56.9W,30,,,,,,,,,,,,,
AL,UNNAMED,1984,3,11,19840725,1200,,TD,13.9N,59.0W,30,,,,,,,,,,,,,
AL,UNNAMED,1984,3,11,19840725,1800,,TD,14.2N,61.5W,30,,,,,,,,,,,,,
AL,UNNAMED,1984,3,11,19840726,0,,TD,14.5N,63.5W,30,,,,,,,,,,,,,
AL,UNNAMED,1984,3,11,19840726,600,,TD,14.8N,65.8W,25,,,,,,,,,,,,,
AL,UNNAMED,1984,3,11,19840726,1200,,TD,15.0N,68.0W,25,,,,,,,,,,,,,
AL,UNNAMED,1984,3,11,19840726,1800,,TD,15.2N,70.2W,20,,,,,,,,,,,,,
AL,UNNAMED,1984,4,10,19840806,1200,,TD,37.0N,68.2W,20,,,,,,,,,,,,,
AL,UNNAMED,1984,4,10,19840806,1800,,TD,37.2N,67.1W,25,,,,,,,,,,,,,
AL,UNNAMED,1984,4,10,19840807,0,,TD,37.5N,65.9W,25,,,,,,,,,,,,,
AL,UNNAMED,1984,4,10,19840807,600,,TD,37.8N,64.6W,30,,,,,,,,,,,,,
AL,UNNAMED,1984,4,10,19840807,1200,,TD,38.0N,63.2W,30,,,,,,,,,,,,,
AL,UNNAMED,1984,4,10,19840807,1800,,TD,38.2N,62.5W,30,,,,,,,,,,,,,
AL,UNNAMED,1984,4,10,19840808,0,,TD,38.8N,61.8W,30,,,,,,,,,,,,,
AL,UNNAMED,1984,4,10,19840808,600,,TD,39.0N,60.9W,25,,,,,,,,,,,,,
AL,UNNAMED,1984,4,10,19840808,1200,,TD,39.3N,60.0W,25,,,,,,,,,,,,,
AL,UNNAMED,1984,4,10,19840808,1800,,TD,39.8N,59.0W,20,,,,,,,,,,,,,
AL,UNNAMED,1984,5,14,19840818,600,,SD,33.0N,65.0W,25,1005,,,,,,,,,,,,
AL,UNNAMED,1984,5,14,19840818,1200,,SD,33.9N,63.1W,25,1004,,,,,,,,,,,,
AL,UNNAMED,1984,5,14,19840818,1800,,SD,34.7N,61.3W,30,1003,,,,,,,,,,,,
AL,UNNAMED,1984,5,14,19840819,0,,SD,35.5N,59.5W,30,1002,,,,,,,,,,,,
AL,UNNAMED,1984,5,14,19840819,600,,SD,36.5N,58.0W,30,1001,,,,,,,,,,,,
AL,UNNAMED,1984,5,14,19840819,1200,,SS,38.0N,56.4W,35,1000,,,,,,,,,,,,
AL,UNNAMED,1984,5,14,19840819,1800,,SS,39.6N,54.8W,35,1000,,,,,,,,,,,,
AL,UNNAMED,1984,5,14,19840820,0,,SS,41.2N,53.2W,40,1000,,,,,,,,,,,,
AL,UNNAMED,1984,5,14,19840820,600,,SS,42.5N,50.8W,45,1000,,,,,,,,,,,,
AL,UNNAMED,1984,5,14,19840820,1200,,SS,43.7N,48.3W,50,1001,,,,,,,,,,,,
AL,UNNAMED,1984,5,14,19840820,1800,,SS,45.1N,46.0W,50,1002,,,,,,,,,,,,
AL,UNNAMED,1984,5,14,19840821,0,,SS,46.8N,44.0W,45,1004,,,,,,,,,,,,
AL,UNNAMED,1984,5,14,19840821,600,,SS,47.9N,41.1W,40,1006,,,,,,,,,,,,
AL,UNNAMED,1984,5,14,19840821,1200,,SD,48.5N,38.0W,30,1008,,,,,,,,,,,,
AL,ARTHUR,1984,6,33,19840828,1800,,TD,10.5N,51.0W,25,1010,,,,,,,,,,,,
AL,ARTHUR,1984,6,33,19840829,0,,TD,10.5N,52.5W,25,1009,,,,,,,,,,,,
AL,ARTHUR,1984,6,33,19840829,600,,TD,10.6N,54.0W,25,1008,,,,,,,,,,,,
AL,ARTHUR,1984,6,33,19840829,1200,,TS,11.2N,55.0W,35,1006,,,,,,,,,,,,
AL,ARTHUR,1984,6,33,19840829,1800,,TS,11.8N,55.8W,45,1004,,,,,,,,,,,,
AL,ARTHUR,1984,6,33,19840830,0,,TS,12.4N,56.3W,45,1004,,,,,,,,,,,,
AL,ARTHUR,1984,6,33,19840830,600,,TS,13.0N,57.0W,40,1005,,,,,,,,,,,,
AL,ARTHUR,1984,6,33,19840830,1200,,TS,13.4N,57.4W,35,1006,,,,,,,,,,,,
AL,ARTHUR,1984,6,33,19840830,1800,,TS,14.0N,57.8W,35,1007,,,,,,,,,,,,
AL,ARTHUR,1984,6,33,19840831,0,,TS,14.4N,58.0W,35,1009,,,,,,,,,,,,
AL,ARTHUR,1984,6,33,19840831,600,,TS,14.8N,58.1W,35,1009,,,,,,,,,,,,
AL,ARTHUR,1984,6,33,19840831,1200,,TS,15.3N,58.2W,35,1010,,,,,,,,,,,,
AL,ARTHUR,1984,6,33,19840831,1800,,TD,16.0N,58.4W,30,1011,,,,,,,,,,,,
AL,ARTHUR,1984,6,33,19840901,0,,TD,16.7N,58.6W,30,1011,,,,,,,,,,,,
AL,ARTHUR,1984,6,33,19840901,600,,TD,16.9N,59.1W,30,1012,,,,,,,,,,,,
AL,ARTHUR,1984,6,33,19840901,1200,,TD,17.0N,59.8W,30,1011,,,,,,,,,,,,
AL,ARTHUR,1984,6,33,19840901,1800,,TD,17.2N,60.2W,25,1010,,,,,,,,,,,,
AL,ARTHUR,1984,6,33,19840902,0,,TD,17.6N,60.6W,25,1010,,,,,,,,,,,,
AL,ARTHUR,1984,6,33,19840902,600,,TD,17.9N,61.0W,25,1010,,,,,,,,,,,,
AL,ARTHUR,1984,6,33,19840902,1200,,TD,18.2N,61.2W,25,1010,,,,,,,,,,,,
AL,ARTHUR,1984,6,33,19840902,1800,,TD,18.7N,61.4W,30,1009,,,,,,,,,,,,
AL,ARTHUR,1984,6,33,19840903,0,,TD,18.9N,61.8W,30,1008,,,,,,,,,,,,
AL,ARTHUR,1984,6,33,19840903,600,,TD,19.2N,62.0W,30,1008,,,,,,,,,,,,
AL,ARTHUR,1984,6,33,19840903,1200,,TD,19.5N,62.2W,30,1010,,,,,,,,,,,,
AL,ARTHUR,1984,6,33,19840903,1800,,TD,19.8N,62.6W,30,1011,,,,,,,,,,,,
AL,ARTHUR,1984,6,33,19840904,0,,TD,20.2N,62.9W,25,1012,,,,,,,,,,,,
AL,ARTHUR,1984,6,33,19840904,600,,TD,21.0N,63.3W,25,1012,,,,,,,,,,,,
AL,ARTHUR,1984,6,33,19840904,1200,,TD,21.8N,64.0W,25,1013,,,,,,,,,,,,
AL,ARTHUR,1984,6,33,19840904,1800,,TD,22.3N,65.0W,25,1013,,,,,,,,,,,,
AL,ARTHUR,1984,6,33,19840905,0,,TD,22.8N,66.0W,25,1014,,,,,,,,,,,,
AL,ARTHUR,1984,6,33,19840905,600,,TD,23.1N,66.9W,25,1014,,,,,,,,,,,,
AL,ARTHUR,1984,6,33,19840905,1200,,TD,24.0N,67.9W,25,1014,,,,,,,,,,,,
AL,ARTHUR,1984,6,33,19840905,1800,,TD,25.0N,68.5W,25,1014,,,,,,,,,,,,
AL,BERTHA,1984,7,22,19840830,1200,,TD,13.1N,41.0W,25,1009,,,,,,,,,,,,
AL,BERTHA,1984,7,22,19840830,1800,,TD,13.3N,42.2W,25,1009,,,,,,,,,,,,
AL,BERTHA,1984,7,22,19840831,0,,TD,13.7N,43.4W,30,1008,,,,,,,,,,,,
AL,BERTHA,1984,7,22,19840831,600,,TD,14.4N,44.5W,30,1008,,,,,,,,,,,,
AL,BERTHA,1984,7,22,19840831,1200,,TS,14.9N,45.3W,35,1007,,,,,,,,,,,,
AL,BERTHA,1984,7,22,19840831,1800,,TS,15.7N,46.6W,35,1007,,,,,,,,,,,,
AL,BERTHA,1984,7,22,19840901,0,,TS,16.3N,47.7W,35,1007,,,,,,,,,,,,
AL,BERTHA,1984,7,22,19840901,600,,TS,17.0N,48.7W,35,1007,,,,,,,,,,,,
AL,BERTHA,1984,7,22,19840901,1200,,TD,17.5N,49.5W,30,1008,,,,,,,,,,,,
AL,BERTHA,1984,7,22,19840901,1800,,TD,18.2N,50.5W,30,1008,,,,,,,,,,,,
AL,BERTHA,1984,7,22,19840902,0,,TD,19.2N,51.3W,30,1008,,,,,,,,,,,,
AL,BERTHA,1984,7,22,19840902,600,,TD,20.0N,52.1W,30,1009,,,,,,,,,,,,
AL,BERTHA,1984,7,22,19840902,1200,,TD,20.8N,53.1W,25,1010,,,,,,,,,,,,
AL,BERTHA,1984,7,22,19840902,1800,,TD,22.6N,52.8W,25,1010,,,,,,,,,,,,
AL,BERTHA,1984,7,22,19840903,0,,TD,23.8N,52.5W,25,1010,,,,,,,,,,,,
AL,BERTHA,1984,7,22,19840903,600,,TD,25.1N,51.9W,25,1010,,,,,,,,,,,,
AL,BERTHA,1984,7,22,19840903,1200,,TD,26.1N,50.5W,20,1012,,,,,,,,,,,,
AL,BERTHA,1984,7,22,19840903,1800,,TD,27.1N,49.1W,20,1012,,,,,,,,,,,,
AL,BERTHA,1984,7,22,19840904,0,,TD,28.3N,47.8W,20,1013,,,,,,,,,,,,
AL,BERTHA,1984,7,22,19840904,600,,TD,29.6N,46.0W,20,1013,,,,,,,,,,,,
AL,BERTHA,1984,7,22,19840904,1200,,TD,30.5N,44.5W,20,1013,,,,,,,,,,,,
AL,BERTHA,1984,7,22,19840904,1800,,TD,32.0N,42.0W,20,1013,,,,,,,,,,,,
AL,CESAR,1984,8,12,19840831,0,,SD,36.6N,66.9W,25,1008,,,,,,,,,,,,
AL,CESAR,1984,8,12,19840831,600,,SD,37.8N,66.0W,30,1005,,,,,,,,,,,,
AL,CESAR,1984,8,12,19840831,1200,,TS,38.9N,65.0W,35,1001,,,,,,,,,,,,
AL,CESAR,1984,8,12,19840831,1800,,TS,39.8N,63.1W,35,999,,,,,,,,,,,,
AL,CESAR,1984,8,12,19840901,0,,TS,40.6N,61.1W,40,999,,,,,,,,,,,,
AL,CESAR,1984,8,12,19840901,600,,TS,41.7N,59.0W,40,998,,,,,,,,,,,,
AL,CESAR,1984,8,12,19840901,1200,,TS,42.9N,56.9W,40,998,,,,,,,,,,,,
AL,CESAR,1984,8,12,19840901,1800,,TS,44.0N,54.9W,40,998,,,,,,,,,,,,
AL,CESAR,1984,8,12,19840902,0,,TS,44.9N,53.3W,45,998,,,,,,,,,,,,
AL,CESAR,1984,8,12,19840902,600,,TS,45.5N,51.8W,45,997,,,,,,,,,,,,
AL,CESAR,1984,8,12,19840902,1200,,TS,46.0N,50.4W,50,994,,,,,,,,,,,,
AL,CESAR,1984,8,12,19840902,1800,,EX,46.2N,48.9W,50,989,,,,,,,,,,,,
AL,UNNAMED,1984,9,8,19840906,1200,,TD,21.0N,96.0W,20,,,,,,,,,,,,,
AL,UNNAMED,1984,9,8,19840906,1800,,TD,21.3N,96.1W,25,,,,,,,,,,,,,
AL,UNNAMED,1984,9,8,19840907,0,,TD,21.8N,96.3W,25,,,,,,,,,,,,,
AL,UNNAMED,1984,9,8,19840907,600,,TD,22.0N,96.6W,30,,,,,,,,,,,,,
AL,UNNAMED,1984,9,8,19840907,1200,,TD,22.3N,96.8W,30,,,,,,,,,,,,,
AL,UNNAMED,1984,9,8,19840907,1800,,TD,22.7N,97.1W,30,,,,,,,,,,,,,
AL,UNNAMED,1984,9,8,19840908,0,,TD,23.0N,97.8W,25,,,,,,,,,,,,,
AL,UNNAMED,1984,9,8,19840908,600,,TD,23.2N,98.1W,-99,,,,,,,,,,,,,
AL,DIANA,1984,10,33,19840908,1200,,TS,28.5N,77.4W,35,1008,,,,,,,,,,,,
AL,DIANA,1984,10,33,19840908,1800,,TS,28.6N,78.3W,40,1006,,,,,,,,,,,,
AL,DIANA,1984,10,33,19840909,0,,TS,28.5N,79.2W,45,1004,,,,,,,,,,,,
AL,DIANA,1984,10,33,19840909,600,,TS,28.6N,79.7W,50,1002,,,,,,,,,,,,
AL,DIANA,1984,10,33,19840909,1200,,TS,29.0N,79.9W,55,1000,,,,,,,,,,,,
AL,DIANA,1984,10,33,19840909,1800,,TS,29.4N,80.1W,60,995,,,,,,,,,,,,
AL,DIANA,1984,10,33,19840910,0,,TS,29.7N,80.4W,60,994,,,,,,,,,,,,
AL,DIANA,1984,10,33,19840910,600,,TS,30.1N,80.3W,60,995,,,,,,,,,,,,
AL,DIANA,1984,10,33,19840910,1200,,HU,30.5N,80.0W,65,991,,,,,,,,,,,,
AL,DIANA,1984,10,33,19840910,1800,,HU,30.8N,79.6W,70,986,,,,,,,,,,,,
AL,DIANA,1984,10,33,19840911,0,,HU,31.3N,79.1W,80,980,,,,,,,,,,,,
AL,DIANA,1984,10,33,19840911,600,,HU,31.8N,78.7W,85,973,,,,,,,,,,,,
AL,DIANA,1984,10,33,19840911,1200,,HU,32.6N,78.4W,100,960,,,,,,,,,,,,
AL,DIANA,1984,10,33,19840911,1800,,HU,33.4N,78.0W,110,952,,,,,,,,,,,,
AL,DIANA,1984,10,33,19840912,0,,HU,33.9N,77.7W,115,949,,,,,,,,,,,,
AL,DIANA,1984,10,33,19840912,600,,HU,34.0N,77.4W,95,963,,,,,,,,,,,,
AL,DIANA,1984,10,33,19840912,1200,,HU,34.0N,77.2W,95,967,,,,,,,,,,,,
AL,DIANA,1984,10,33,19840912,1800,,HU,33.9N,77.1W,90,970,,,,,,,,,,,,
AL,DIANA,1984,10,33,19840913,0,,HU,33.8N,77.4W,85,972,,,,,,,,,,,,
AL,DIANA,1984,10,33,19840913,600,,HU,33.9N,77.9W,80,978,,,,,,,,,,,,
AL,DIANA,1984,10,33,19840913,700,L,HU,33.9N,78.0W,80,979,,,,,,,,,,,,
AL,DIANA,1984,10,33,19840913,1200,,HU,34.0N,78.3W,65,990,,,,,,,,,,,,
AL,DIANA,1984,10,33,19840913,1800,,TS,34.3N,78.5W,55,999,,,,,,,,,,,,
AL,DIANA,1984,10,33,19840914,0,,TS,34.6N,78.5W,45,1003,,,,,,,,,,,,
AL,DIANA,1984,10,33,19840914,600,,TS,35.0N,78.0W,40,1005,,,,,,,,,,,,
AL,DIANA,1984,10,33,19840914,1200,,TS,35.3N,77.1W,45,1003,,,,,,,,,,,,
AL,DIANA,1984,10,33,19840914,1800,,TS,35.6N,76.0W,50,1000,,,,,,,,,,,,
AL,DIANA,1984,10,33,19840915,0,,TS,36.2N,74.4W,55,997,,,,,,,,,,,,
AL,DIANA,1984,10,33,19840915,600,,TS,37.2N,72.7W,60,994,,,,,,,,,,,,
AL,DIANA,1984,10,33,19840915,1200,,TS,38.5N,70.3W,60,992,,,,,,,,,,,,
AL,DIANA,1984,10,33,19840915,1800,,TS,41.0N,66.0W,60,992,,,,,,,,,,,,
AL,DIANA,1984,10,33,19840916,0,,TS,43.5N,61.9W,60,994,,,,,,,,,,,,
AL,DIANA,1984,10,33,19840916,600,,EX,46.0N,57.8W,60,995,,,,,,,,,,,,
AL,EDOUARD,1984,11,7,19840914,0,,TD,20.3N,96.1W,30,1000,,,,,,,,,,,,
AL,EDOUARD,1984,11,7,19840914,600,,TS,20.5N,96.2W,35,1000,,,,,,,,,,,,
AL,EDOUARD,1984,11,7,19840914,1200,,TS,20.7N,96.1W,40,1000,,,,,,,,,,,,
AL,EDOUARD,1984,11,7,19840914,1800,,TS,20.5N,96.0W,45,1001,,,,,,,,,,,,
AL,EDOUARD,1984,11,7,19840915,0,,TS,20.3N,95.8W,55,998,,,,,,,,,,,,
AL,EDOUARD,1984,11,7,19840915,600,,TD,20.0N,95.7W,25,1002,,,,,,,,,,,,
AL,EDOUARD,1984,11,7,19840915,1200,,TD,20.0N,95.7W,25,1001,,,,,,,,,,,,
AL,FRAN,1984,12,21,19840915,1200,,TD,13.7N,21.3W,25,1010,,,,,,,,,,,,
AL,FRAN,1984,12,21,19840915,1800,,TD,13.8N,22.0W,25,1010,,,,,,,,,,,,
AL,FRAN,1984,12,21,19840916,0,,TD,13.9N,22.7W,30,1010,,,,,,,,,,,,
AL,FRAN,1984,12,21,19840916,600,,TD,14.0N,23.4W,30,1009,,,,,,,,,,,,
AL,FRAN,1984,12,21,19840916,1200,,TD,14.3N,24.1W,30,1008,,,,,,,,,,,,
AL,FRAN,1984,12,21,19840916,1800,,TS,14.8N,24.8W,35,1006,,,,,,,,,,,,
AL,FRAN,1984,12,21,19840917,0,,TS,15.3N,25.3W,45,1000,,,,,,,,,,,,
AL,FRAN,1984,12,21,19840917,600,,TS,16.3N,26.0W,50,998,,,,,,,,,,,,
AL,FRAN,1984,12,21,19840917,1200,,TS,17.3N,26.5W,50,996,,,,,,,,,,,,
AL,FRAN,1984,12,21,19840917,1800,,TS,18.4N,27.1W,55,995,,,,,,,,,,,,
AL,FRAN,1984,12,21,19840918,0,,TS,19.5N,28.0W,55,994,,,,,,,,,,,,
AL,FRAN,1984,12,21,19840918,600,,TS,20.2N,29.6W,55,994,,,,,,,,,,,,
AL,FRAN,1984,12,21,19840918,1200,,TS,20.9N,31.0W,55,994,,,,,,,,,,,,
AL,FRAN,1984,12,21,19840918,1800,,TS,21.1N,32.8W,50,995,,,,,,,,,,,,
AL,FRAN,1984,12,21,19840919,0,,TS,21.1N,34.3W,50,996,,,,,,,,,,,,
AL,FRAN,1984,12,21,19840919,600,,TS,21.0N,36.0W,50,1000,,,,,,,,,,,,
AL,FRAN,1984,12,21,19840919,1200,,TS,20.9N,37.9W,45,1005,,,,,,,,,,,,
AL,FRAN,1984,12,21,19840919,1800,,TS,20.8N,39.5W,40,1005,,,,,,,,,,,,
AL,FRAN,1984,12,21,19840920,0,,TS,20.5N,40.7W,35,1006,,,,,,,,,,,,
AL,FRAN,1984,12,21,19840920,600,,TD,20.2N,42.0W,30,1008,,,,,,,,,,,,
AL,FRAN,1984,12,21,19840920,1200,,TD,20.0N,43.0W,25,1009,,,,,,,,,,,,
AL,GUSTAV,1984,13,11,19840916,1800,,TD,28.6N,65.5W,30,1009,,,,,,,,,,,,
AL,GUSTAV,1984,13,11,19840917,0,,TD,29.6N,65.5W,30,1009,,,,,,,,,,,,
AL,GUSTAV,1984,13,11,19840917,600,,TD,30.3N,65.5W,30,1009,,,,,,,,,,,,
AL,GUSTAV,1984,13,11,19840917,1200,,TD,31.3N,65.2W,30,1009,,,,,,,,,,,,
AL,GUSTAV,1984,13,11,19840917,1800,,TD,32.1N,64.7W,30,1009,,,,,,,,,,,,
AL,GUSTAV,1984,13,11,19840918,0,,TD,32.1N,64.7W,30,1009,,,,,,,,,,,,
AL,GUSTAV,1984,13,11,19840918,600,,TD,32.1N,64.7W,30,1009,,,,,,,,,,,,
AL,GUSTAV,1984,13,11,19840918,1200,,TD,32.1N,64.7W,30,1009,,,,,,,,,,,,
AL,GUSTAV,1984,13,11,19840918,1800,,TS,32.1N,64.7W,45,1006,,,,,,,,,,,,
AL,GUSTAV,1984,13,11,19840919,0,,TS,33.2N,63.6W,45,1006,,,,,,,,,,,,
AL,GUSTAV,1984,13,11,19840919,600,,TS,34.6N,62.6W,45,1006,,,,,,,,,,,,
AL,HORTENSE,1984,14,40,19840923,0,,SD,31.3N,58.3W,30,1009,,,,,,,,,,,,
AL,HORTENSE,1984,14,40,19840923,600,,SD,30.7N,58.7W,30,1007,,,,,,,,,,,,
AL,HORTENSE,1984,14,40,19840923,1200,,SD,30.0N,59.0W,30,1005,,,,,,,,,,,,
AL,HORTENSE,1984,14,40,19840923,1800,,SS,29.2N,59.1W,35,1002,,,,,,,,,,,,
AL,HORTENSE,1984,14,40,19840924,0,,SS,28.6N,59.2W,35,1000,,,,,,,,,,,,
AL,HORTENSE,1984,14,40,19840924,600,,SS,28.4N,59.4W,35,999,,,,,,,,,,,,
AL,HORTENSE,1984,14,40,19840924,1200,,SS,28.4N,59.8W,40,999,,,,,,,,,,,,
AL,HORTENSE,1984,14,40,19840924,1800,,TS,28.5N,60.1W,40,999,,,,,,,,,,,,
AL,HORTENSE,1984,14,40,19840925,0,,TS,28.7N,60.3W,45,999,,,,,,,,,,,,
AL,HORTENSE,1984,14,40,19840925,600,,TS,28.9N,60.4W,55,998,,,,,,,,,,,,
AL,HORTENSE,1984,14,40,19840925,1200,,TS,29.3N,60.6W,60,997,,,,,,,,,,,,
AL,HORTENSE,1984,14,40,19840925,1800,,HU,29.7N,60.8W,65,996,,,,,,,,,,,,
AL,HORTENSE,1984,14,40,19840926,0,,HU,30.2N,61.1W,65,993,,,,,,,,,,,,
AL,HORTENSE,1984,14,40,19840926,600,,TS,30.8N,61.0W,60,994,,,,,,,,,,,,
AL,HORTENSE,1984,14,40,19840926,1200,,TS,31.3N,60.7W,50,995,,,,,,,,,,,,
AL,HORTENSE,1984,14,40,19840926,1800,,TS,32.0N,60.9W,45,996,,,,,,,,,,,,
AL,HORTENSE,1984,14,40,19840927,0,,TS,32.4N,60.8W,40,996,,,,,,,,,,,,
AL,HORTENSE,1984,14,40,19840927,600,,TS,32.8N,60.5W,40,995,,,,,,,,,,,,
AL,HORTENSE,1984,14,40,19840927,1200,,TS,33.0N,60.0W,35,995,,,,,,,,,,,,
AL,HORTENSE,1984,14,40,19840927,1800,,TS,32.9N,59.8W,35,995,,,,,,,,,,,,
AL,HORTENSE,1984,14,40,19840928,0,,TS,32.7N,59.9W,35,995,,,,,,,,,,,,
AL,HORTENSE,1984,14,40,19840928,600,,TS,32.3N,60.2W,35,996,,,,,,,,,,,,
AL,HORTENSE,1984,14,40,19840928,1200,,TS,31.7N,61.0W,40,996,,,,,,,,,,,,
AL,HORTENSE,1984,14,40,19840928,1800,,TS,31.1N,61.7W,40,997,,,,,,,,,,,,
AL,HORTENSE,1984,14,40,19840929,0,,TS,30.6N,62.4W,45,998,,,,,,,,,,,,
AL,HORTENSE,1984,14,40,19840929,600,,TS,30.5N,63.2W,45,999,,,,,,,,,,,,
AL,HORTENSE,1984,14,40,19840929,1200,,TS,30.6N,64.0W,45,1001,,,,,,,,,,,,
AL,HORTENSE,1984,14,40,19840929,1800,,TS,30.9N,64.7W,40,1002,,,,,,,,,,,,
AL,HORTENSE,1984,14,40,19840930,0,,TS,31.4N,65.0W,40,1004,,,,,,,,,,,,
AL,HORTENSE,1984,14,40,19840930,600,,TS,32.3N,64.9W,35,1006,,,,,,,,,,,,
AL,HORTENSE,1984,14,40,19840930,1200,,TS,33.9N,64.2W,35,1007,,,,,,,,,,,,
AL,HORTENSE,1984,14,40,19840930,1800,,TS,35.8N,62.2W,35,1006,,,,,,,,,,,,
AL,HORTENSE,1984,14,40,19841001,0,,TS,37.4N,59.8W,40,1004,,,,,,,,,,,,
AL,HORTENSE,1984,14,40,19841001,600,,TS,38.8N,57.0W,45,1001,,,,,,,,,,,,
AL,HORTENSE,1984,14,40,19841001,1200,,TS,40.0N,54.0W,50,998,,,,,,,,,,,,
AL,HORTENSE,1984,14,40,19841001,1800,,TS,40.9N,50.4W,50,996,,,,,,,,,,,,
AL,HORTENSE,1984,14,40,19841002,0,,TS,41.7N,46.8W,50,995,,,,,,,,,,,,
AL,HORTENSE,1984,14,40,19841002,600,,TS,42.3N,43.0W,50,995,,,,,,,,,,,,
AL,HORTENSE,1984,14,40,19841002,1200,,TS,42.8N,39.0W,50,995,,,,,,,,,,,,
AL,HORTENSE,1984,14,40,19841002,1800,,TS,43.2N,35.0W,45,996,,,,,,,,,,,,
AL,ISIDORE,1984,15,25,19840925,1200,,TD,23.4N,73.0W,30,1003,,,,,,,,,,,,
AL,ISIDORE,1984,15,25,19840925,1800,,TD,23.9N,73.9W,30,1003,,,,,,,,,,,,
AL,ISIDORE,1984,15,25,19840926,0,,TD,24.3N,74.9W,30,1002,,,,,,,,,,,,
AL,ISIDORE,1984,15,25,19840926,600,,TD,24.5N,76.0W,30,1002,,,,,,,,,,,,
AL,ISIDORE,1984,15,25,19840926,1200,,TS,24.7N,77.0W,40,1001,,,,,,,,,,,,
AL,ISIDORE,1984,15,25,19840926,1800,,TS,25.0N,77.7W,45,1000,,,,,,,,,,,,
AL,ISIDORE,1984,15,25,19840927,0,,TS,25.4N,78.4W,45,999,,,,,,,,,,,,
AL,ISIDORE,1984,15,25,19840927,600,,TS,25.8N,79.1W,50,1000,,,,,,,,,,,,
AL,ISIDORE,1984,15,25,19840927,1200,,TS,26.4N,79.8W,50,1000,,,,,,,,,,,,
AL,ISIDORE,1984,15,25,19840927,1800,,TS,27.3N,80.5W,45,1001,,,,,,,,,,,,
AL,ISIDORE,1984,15,25,19840928,0,,TS,27.8N,81.5W,45,1002,,,,,,,,,,,,
AL,ISIDORE,1984,15,25,19840928,600,,TS,28.5N,82.3W,45,1002,,,,,,,,,,,,
AL,ISIDORE,1984,15,25,19840928,1200,,TS,29.5N,82.1W,45,1002,,,,,,,,,,,,
AL,ISIDORE,1984,15,25,19840928,1800,,TS,30.1N,81.9W,45,1001,,,,,,,,,,,,
AL,ISIDORE,1984,15,25,19840929,0,,TS,30.7N,81.4W,45,1004,,,,,,,,,,,,
AL,ISIDORE,1984,15,25,19840929,600,,TS,31.3N,80.5W,45,1005,,,,,,,,,,,,
AL,ISIDORE,1984,15,25,19840929,1200,,TS,32.2N,79.3W,45,1004,,,,,,,,,,,,
AL,ISIDORE,1984,15,25,19840929,1800,,TS,32.8N,77.8W,45,1002,,,,,,,,,,,,
AL,ISIDORE,1984,15,25,19840930,0,,TS,33.6N,76.2W,50,1000,,,,,,,,,,,,
AL,ISIDORE,1984,15,25,19840930,600,,TS,34.3N,74.4W,40,1005,,,,,,,,,,,,
AL,ISIDORE,1984,15,25,19840930,1200,,TS,34.8N,72.5W,40,1007,,,,,,,,,,,,
AL,ISIDORE,1984,15,25,19840930,1800,,TS,35.3N,70.4W,40,1007,,,,,,,,,,,,
AL,ISIDORE,1984,15,25,19841001,0,,TD,35.8N,67.7W,30,1007,,,,,,,,,,,,
AL,ISIDORE,1984,15,25,19841001,600,,TD,36.4N,65.0W,30,1008,,,,,,,,,,,,
AL,ISIDORE,1984,15,25,19841001,1200,,TD,36.8N,62.1W,25,1012,,,,,,,,,,,,
AL,JOSEPHINE,1984,16,56,19841007,600,,SD,24.1N,68.9W,25,1010,,,,,,,,,,,,
AL,JOSEPHINE,1984,16,56,19841007,1200,,SD,24.0N,69.4W,25,1008,,,,,,,,,,,,
AL,JOSEPHINE,1984,16,56,19841007,1800,,SD,23.9N,69.9W,25,1008,,,,,,,,,,,,
AL,JOSEPHINE,1984,16,56,19841008,0,,SD,23.9N,70.4W,30,1006,,,,,,,,,,,,
AL,JOSEPHINE,1984,16,56,19841008,600,,SD,24.0N,70.9W,30,1004,,,,,,,,,,,,
AL,JOSEPHINE,1984,16,56,19841008,1200,,TS,24.1N,71.4W,40,1002,,,,,,,,,,,,
AL,JOSEPHINE,1984,16,56,19841008,1800,,TS,24.3N,71.9W,50,998,,,,,,,,,,,,
AL,JOSEPHINE,1984,16,56,19841009,0,,TS,24.6N,72.2W,55,995,,,,,,,,,,,,
AL,JOSEPHINE,1984,16,56,19841009,600,,TS,25.2N,72.2W,60,994,,,,,,,,,,,,
AL,JOSEPHINE,1984,16,56,19841009,1200,,TS,25.8N,72.1W,60,995,,,,,,,,,,,,
AL,JOSEPHINE,1984,16,56,19841009,1800,,TS,26.4N,72.1W,60,993,,,,,,,,,,,,
AL,JOSEPHINE,1984,16,56,19841010,0,,TS,26.9N,72.2W,60,990,,,,,,,,,,,,
AL,JOSEPHINE,1984,16,56,19841010,600,,HU,27.2N,72.4W,65,987,,,,,,,,,,,,
AL,JOSEPHINE,1984,16,56,19841010,1200,,HU,27.5N,72.5W,70,987,,,,,,,,,,,,
AL,JOSEPHINE,1984,16,56,19841010,1800,,HU,28.0N,72.6W,70,985,,,,,,,,,,,,
AL,JOSEPHINE,1984,16,56,19841011,0,,HU,28.6N,72.5W,75,983,,,,,,,,,,,,
AL,JOSEPHINE,1984,16,56,19841011,600,,HU,29.3N,72.4W,80,979,,,,,,,,,,,,
AL,JOSEPHINE,1984,16,56,19841011,1200,,HU,30.0N,72.1W,85,974,,,,,,,,,,,,
AL,JOSEPHINE,1984,16,56,19841011,1800,,HU,30.7N,71.9W,85,971,,,,,,,,,,,,
AL,JOSEPHINE,1984,16,56,19841012,0,,HU,31.4N,71.7W,90,970,,,,,,,,,,,,
AL,JOSEPHINE,1984,16,56,19841012,600,,HU,32.2N,71.7W,90,973,,,,,,,,,,,,
AL,JOSEPHINE,1984,16,56,19841012,1200,,HU,33.0N,71.8W,90,977,,,,,,,,,,,,
AL,JOSEPHINE,1984,16,56,19841012,1800,,HU,33.7N,71.7W,90,976,,,,,,,,,,,,
AL,JOSEPHINE,1984,16,56,19841013,0,,HU,34.3N,71.4W,85,971,,,,,,,,,,,,
AL,JOSEPHINE,1984,16,56,19841013,600,,HU,34.8N,71.2W,85,973,,,,,,,,,,,,
AL,JOSEPHINE,1984,16,56,19841013,1200,,HU,35.4N,71.3W,80,975,,,,,,,,,,,,
AL,JOSEPHINE,1984,16,56,19841013,1800,,HU,36.0N,71.7W,70,973,,,,,,,,,,,,
AL,JOSEPHINE,1984,16,56,19841014,0,,HU,36.6N,71.9W,65,977,,,,,,,,,,,,
AL,JOSEPHINE,1984,16,56,19841014,600,,HU,36.8N,71.7W,65,975,,,,,,,,,,,,
AL,JOSEPHINE,1984,16,56,19841014,1200,,HU,36.6N,71.4W,70,971,,,,,,,,,,,,
AL,JOSEPHINE,1984,16,56,19841014,1800,,HU,36.3N,70.8W,70,968,,,,,,,,,,,,
AL,JOSEPHINE,1984,16,56,19841015,0,,HU,35.9N,69.8W,70,965,,,,,,,,,,,,
AL,JOSEPHINE,1984,16,56,19841015,600,,HU,36.2N,68.4W,65,966,,,,,,,,,,,,
AL,JOSEPHINE,1984,16,56,19841015,1200,,HU,36.8N,66.6W,65,973,,,,,,,,,,,,
AL,JOSEPHINE,1984,16,56,19841015,1800,,HU,37.6N,64.8W,65,971,,,,,,,,,,,,
AL,JOSEPHINE,1984,16,56,19841016,0,,HU,38.3N,63.0W,65,973,,,,,,,,,,,,
AL,JOSEPHINE,1984,16,56,19841016,600,,HU,39.2N,61.4W,65,977,,,,,,,,,,,,
AL,JOSEPHINE,1984,16,56,19841016,1200,,HU,39.9N,59.7W,65,982,,,,,,,,,,,,
AL,JOSEPHINE,1984,16,56,19841016,1800,,HU,40.6N,58.2W,65,986,,,,,,,,,,,,
AL,JOSEPHINE,1984,16,56,19841017,0,,HU,41.3N,56.6W,65,988,,,,,,,,,,,,
AL,JOSEPHINE,1984,16,56,19841017,600,,TS,42.0N,54.9W,60,990,,,,,,,,,,,,
AL,JOSEPHINE,1984,16,56,19841017,1200,,TS,43.0N,53.9W,60,992,,,,,,,,,,,,
AL,JOSEPHINE,1984,16,56,19841017,1800,,TS,43.6N,54.1W,55,993,,,,,,,,,,,,
AL,JOSEPHINE,1984,16,56,19841018,0,,TS,44.0N,54.4W,50,994,,,,,,,,,,,,
AL,JOSEPHINE,1984,16,56,19841018,600,,TS,44.0N,55.1W,50,994,,,,,,,,,,,,
AL,JOSEPHINE,1984,16,56,19841018,1200,,TS,44.1N,56.0W,50,995,,,,,,,,,,,,
AL,JOSEPHINE,1984,16,56,19841018,1800,,EX,44.0N,57.1W,45,995,,,,,,,,,,,,
AL,JOSEPHINE,1984,16,56,19841019,0,,EX,42.8N,57.7W,45,995,,,,,,,,,,,,
AL,JOSEPHINE,1984,16,56,19841019,600,,EX,41.2N,56.8W,45,995,,,,,,,,,,,,
AL,JOSEPHINE,1984,16,56,19841019,1200,,EX,40.6N,55.1W,40,995,,,,,,,,,,,,
AL,JOSEPHINE,1984,16,56,19841019,1800,,EX,40.7N,53.1W,40,995,,,,,,,,,,,,
AL,JOSEPHINE,1984,16,56,19841020,0,,EX,41.2N,50.9W,35,995,,,,,,,,,,,,
AL,JOSEPHINE,1984,16,56,19841020,600,,EX,41.8N,48.5W,30,996,,,,,,,,,,,,
AL,JOSEPHINE,1984,16,56,19841020,1200,,EX,42.2N,45.7W,30,997,,,,,,,,,,,,
AL,JOSEPHINE,1984,16,56,19841020,1800,,EX,42.8N,42.8W,30,997,,,,,,,,,,,,
AL,JOSEPHINE,1984,16,56,19841021,0,,EX,43.3N,39.5W,30,998,,,,,,,,,,,,
AL,UNNAMED,1984,17,12,19841025,600,,TD,26.2N,71.4W,20,,,,,,,,,,,,,
AL,UNNAMED,1984,17,12,19841025,1200,,TD,26.8N,73.0W,25,,,,,,,,,,,,,
AL,UNNAMED,1984,17,12,19841025,1800,,TD,27.0N,74.6W,25,,,,,,,,,,,,,
AL,UNNAMED,1984,17,12,19841026,0,,TD,26.9N,76.2W,30,,,,,,,,,,,,,
AL,UNNAMED,1984,17,12,19841026,600,,TD,26.9N,77.9W,30,,,,,,,,,,,,,
AL,UNNAMED,1984,17,12,19841026,1200,,TD,27.0N,79.2W,30,,,,,,,,,,,,,
AL,UNNAMED,1984,17,12,19841026,1800,,TD,27.2N,81.1W,25,,,,,,,,,,,,,
AL,UNNAMED,1984,17,12,19841027,0,,TD,27.8N,83.0W,25,,,,,,,,,,,,,
AL,UNNAMED,1984,17,12,19841027,600,,TD,28.0N,84.8W,25,,,,,,,,,,,,,
AL,UNNAMED,1984,17,12,19841027,1200,,TD,28.5N,86.5W,30,,,,,,,,,,,,,
AL,UNNAMED,1984,17,12,19841027,1800,,TD,29.5N,87.8W,30,,,,,,,,,,,,,
AL,UNNAMED,1984,17,12,19841028,0,,TD,30.8N,89.0W,-99,,,,,,,,,,,,,
AL,KLAUS,1984,18,33,19841105,1800,,TD,14.7N,68.8W,15,1004,,,,,,,,,,,,
AL,KLAUS,1984,18,33,19841106,0,,TD,15.2N,68.1W,15,1003,,,,,,,,,,,,
AL,KLAUS,1984,18,33,19841106,600,,TD,15.8N,67.7W,20,1003,,,,,,,,,,,,
AL,KLAUS,1984,18,33,19841106,1200,,TD,16.4N,67.1W,25,1002,,,,,,,,,,,,
AL,KLAUS,1984,18,33,19841106,1800,,TS,17.0N,66.7W,35,1001,,,,,,,,,,,,
AL,KLAUS,1984,18,33,19841107,0,,TS,17.4N,66.2W,40,1000,,,,,,,,,,,,
AL,KLAUS,1984,18,33,19841107,600,,TS,18.0N,65.8W,45,998,,,,,,,,,,,,
AL,KLAUS,1984,18,33,19841107,1200,,TS,18.5N,65.2W,50,997,,,,,,,,,,,,
AL,KLAUS,1984,18,33,19841107,1800,,TS,19.1N,64.7W,60,995,,,,,,,,,,,,
AL,KLAUS,1984,18,33,19841108,0,,HU,19.4N,64.0W,65,992,,,,,,,,,,,,
AL,KLAUS,1984,18,33,19841108,600,,HU,19.6N,63.1W,70,989,,,,,,,,,,,,
AL,KLAUS,1984,18,33,19841108,1200,,HU,19.7N,62.2W,75,986,,,,,,,,,,,,
AL,KLAUS,1984,18,33,19841108,1800,,HU,19.9N,61.4W,80,984,,,,,,,,,,,,
AL,KLAUS,1984,18,33,19841109,0,,HU,20.4N,60.8W,80,982,,,,,,,,,,,,
AL,KLAUS,1984,18,33,19841109,600,,HU,21.1N,60.1W,80,981,,,,,,,,,,,,
AL,KLAUS,1984,18,33,19841109,1200,,HU,21.8N,59.5W,80,980,,,,,,,,,,,,
AL,KLAUS,1984,18,33,19841109,1800,,HU,22.7N,58.7W,80,980,,,,,,,,,,,,
AL,KLAUS,1984,18,33,19841110,0,,HU,23.8N,57.8W,80,979,,,,,,,,,,,,
AL,KLAUS,1984,18,33,19841110,600,,HU,24.8N,56.6W,75,978,,,,,,,,,,,,
AL,KLAUS,1984,18,33,19841110,1200,,HU,26.2N,55.2W,75,977,,,,,,,,,,,,
AL,KLAUS,1984,18,33,19841110,1800,,HU,28.0N,54.0W,75,975,,,,,,,,,,,,
AL,KLAUS,1984,18,33,19841111,0,,HU,29.5N,53.0W,75,971,,,,,,,,,,,,
AL,KLAUS,1984,18,33,19841111,600,,HU,31.0N,52.5W,70,975,,,,,,,,,,,,
AL,KLAUS,1984,18,33,19841111,1200,,HU,32.2N,52.4W,70,977,,,,,,,,,,,,
AL,KLAUS,1984,18,33,19841111,1800,,HU,33.4N,52.7W,70,980,,,,,,,,,,,,
AL,KLAUS,1984,18,33,19841112,0,,HU,34.6N,53.4W,70,982,,,,,,,,,,,,
AL,KLAUS,1984,18,33,19841112,600,,HU,34.8N,54.2W,70,983,,,,,,,,,,,,
AL,KLAUS,1984,18,33,19841112,1200,,HU,35.0N,55.0W,65,984,,,,,,,,,,,,
AL,KLAUS,1984,18,33,19841112,1800,,SS,35.5N,54.2W,60,985,,,,,,,,,,,,
AL,KLAUS,1984,18,33,19841113,0,,SS,36.5N,52.8W,60,986,,,,,,,,,,,,
AL,KLAUS,1984,18,33,19841113,600,,SS,38.0N,51.0W,55,987,,,,,,,,,,,,
AL,KLAUS,1984,18,33,19841113,1200,,SS,40.0N,49.0W,55,988,,,,,,,,,,,,
AL,KLAUS,1984,18,33,19841113,1800,,EX,42.0N,47.0W,50,989,,,,,,,,,,,,
AL,UNNAMED,1984,19,20,19841123,1200,,TD,26.5N,79.5W,20,,,,,,,,,,,,,
AL,UNNAMED,1984,19,20,19841123,1800,,TD,26.8N,78.8W,20,,,,,,,,,,,,,
AL,UNNAMED,1984,19,20,19841124,0,,TD,26.7N,77.7W,25,,,,,,,,,,,,,
AL,UNNAMED,1984,19,20,19841124,600,,TD,26.4N,76.7W,25,,,,,,,,,,,,,
AL,UNNAMED,1984,19,20,19841124,1200,,TD,26.0N,75.8W,25,,,,,,,,,,,,,
AL,UNNAMED,1984,19,20,19841124,1800,,TD,25.8N,74.0W,30,,,,,,,,,,,,,
AL,UNNAMED,1984,19,20,19841125,0,,TD,25.8N,72.3W,30,,,,,,,,,,,,,
AL,UNNAMED,1984,19,20,19841125,600,,TD,25.9N,70.4W,30,,,,,,,,,,,,,
AL,UNNAMED,1984,19,20,19841125,1200,,TD,26.0N,68.6W,30,,,,,,,,,,,,,
AL,UNNAMED,1984,19,20,19841125,1800,,TD,26.0N,66.8W,30,,,,,,,,,,,,,
AL,UNNAMED,1984,19,20,19841126,0,,TD,26.0N,64.8W,30,,,,,,,,,,,,,
AL,UNNAMED,1984,19,20,19841126,600,,TD,26.0N,62.8W,30,,,,,,,,,,,,,
AL,UNNAMED,1984,19,20,19841126,1200,,TD,26.1N,61.0W,30,,,,,,,,,,,,,
AL,UNNAMED,1984,19,20,19841126,1800,,TD,26.1N,59.0W,30,,,,,,,,,,,,,
AL,UNNAMED,1984,19,20,19841127,0,,TD,26.5N,57.5W,30,,,,,,,,,,,,,
AL,UNNAMED,1984,19,20,19841127,600,,TD,27.1N,55.4W,30,,,,,,,,,,,,,
AL,UNNAMED,1984,19,20,19841127,1200,,TD,28.0N,54.0W,30,,,,,,,,,,,,,
AL,UNNAMED,1984,19,20,19841127,1800,,TD,28.9N,52.9W,30,,,,,,,,,,,,,
AL,UNNAMED,1984,19,20,19841128,0,,TD,30.0N,51.0W,30,,,,,,,,,,,,,
AL,UNNAMED,1984,19,20,19841128,600,,TD,31.1N,49.5W,25,,,,,,,,,,,,,
AL,LILI,1984,20,49,19841212,1200,,SS,34.5N,60.5W,50,995,,,,,,,,,,,,
AL,LILI,1984,20,49,19841212,1800,,SS,35.5N,60.0W,50,995,,,,,,,,,,,,
AL,LILI,1984,20,49,19841213,0,,SS,35.5N,60.0W,55,993,,,,,,,,,,,,
AL,LILI,1984,20,49,19841213,600,,SS,35.5N,60.0W,55,994,,,,,,,,,,,,
AL,LILI,1984,20,49,19841213,1200,,SS,34.9N,59.8W,55,994,,,,,,,,,,,,
AL,LILI,1984,20,49,19841213,1800,,SS,33.8N,59.5W,55,994,,,,,,,,,,,,
AL,LILI,1984,20,49,19841214,0,,SS,32.7N,59.0W,55,994,,,,,,,,,,,,
AL,LILI,1984,20,49,19841214,600,,SS,32.0N,58.0W,55,994,,,,,,,,,,,,
AL,LILI,1984,20,49,19841214,1200,,SS,31.4N,57.0W,55,994,,,,,,,,,,,,
AL,LILI,1984,20,49,19841214,1800,,SS,30.5N,56.2W,55,994,,,,,,,,,,,,
AL,LILI,1984,20,49,19841215,0,,SS,28.9N,55.9W,55,994,,,,,,,,,,,,
AL,LILI,1984,20,49,19841215,600,,SS,27.2N,55.8W,55,994,,,,,,,,,,,,
AL,LILI,1984,20,49,19841215,1200,,SS,25.8N,56.0W,55,994,,,,,,,,,,,,
AL,LILI,1984,20,49,19841215,1800,,SS,24.5N,56.3W,55,994,,,,,,,,,,,,
AL,LILI,1984,20,49,19841216,0,,SS,23.4N,56.2W,55,994,,,,,,,,,,,,
AL,LILI,1984,20,49,19841216,600,,SS,22.4N,55.4W,55,994,,,,,,,,,,,,
AL,LILI,1984,20,49,19841216,1200,,SS,22.4N,54.0W,55,994,,,,,,,,,,,,
AL,LILI,1984,20,49,19841216,1800,,SS,23.2N,52.7W,55,994,,,,,,,,,,,,
AL,LILI,1984,20,49,19841217,0,,SS,24.8N,50.8W,55,994,,,,,,,,,,,,
AL,LILI,1984,20,49,19841217,600,,SS,28.0N,49.6W,55,994,,,,,,,,,,,,
AL,LILI,1984,20,49,19841217,1200,,SS,31.2N,49.9W,55,994,,,,,,,,,,,,
AL,LILI,1984,20,49,19841217,1800,,SS,33.0N,51.0W,55,994,,,,,,,,,,,,
AL,LILI,1984,20,49,19841218,0,,SS,34.5N,53.0W,55,994,,,,,,,,,,,,
AL,LILI,1984,20,49,19841218,600,,SS,34.0N,53.6W,55,994,,,,,,,,,,,,
AL,LILI,1984,20,49,19841218,1200,,SS,33.1N,53.7W,60,990,,,,,,,,,,,,
AL,LILI,1984,20,49,19841218,1800,,SS,32.8N,53.5W,60,990,,,,,,,,,,,,
AL,LILI,1984,20,49,19841219,0,,SS,32.5N,53.3W,60,990,,,,,,,,,,,,
AL,LILI,1984,20,49,19841219,600,,SS,32.4N,53.2W,60,990,,,,,,,,,,,,
AL,LILI,1984,20,49,19841219,1200,,SS,32.3N,53.1W,60,990,,,,,,,,,,,,
AL,LILI,1984,20,49,19841219,1800,,SS,32.2N,53.0W,60,990,,,,,,,,,,,,
AL,LILI,1984,20,49,19841220,0,,SS,32.0N,52.9W,60,989,,,,,,,,,,,,
AL,LILI,1984,20,49,19841220,600,,SS,31.6N,52.5W,60,988,,,,,,,,,,,,
AL,LILI,1984,20,49,19841220,1200,,HU,31.1N,52.4W,70,980,,,,,,,,,,,,
AL,LILI,1984,20,49,19841220,1800,,HU,30.5N,52.3W,70,980,,,,,,,,,,,,
AL,LILI,1984,20,49,19841221,0,,HU,30.0N,52.2W,70,980,,,,,,,,,,,,
AL,LILI,1984,20,49,19841221,600,,HU,29.5N,52.1W,70,980,,,,,,,,,,,,
AL,LILI,1984,20,49,19841221,1200,,HU,29.0N,52.0W,70,980,,,,,,,,,,,,
AL,LILI,1984,20,49,19841221,1800,,HU,28.5N,52.0W,70,980,,,,,,,,,,,,
AL,LILI,1984,20,49,19841222,0,,HU,27.8N,52.2W,70,980,,,,,,,,,,,,
AL,LILI,1984,20,49,19841222,600,,HU,27.0N,52.9W,70,980,,,,,,,,,,,,
AL,LILI,1984,20,49,19841222,1200,,HU,26.0N,54.0W,70,980,,,,,,,,,,,,
AL,LILI,1984,20,49,19841222,1800,,HU,24.8N,55.6W,70,980,,,,,,,,,,,,
AL,LILI,1984,20,49,19841223,0,,HU,23.6N,57.1W,65,987,,,,,,,,,,,,
AL,LILI,1984,20,49,19841223,600,,TS,22.7N,58.9W,55,994,,,,,,,,,,,,
AL,LILI,1984,20,49,19841223,1200,,TS,22.0N,61.0W,50,1001,,,,,,,,,,,,
AL,LILI,1984,20,49,19841223,1800,,TS,21.2N,63.1W,45,1007,,,,,,,,,,,,
AL,LILI,1984,20,49,19841224,0,,TS,20.5N,65.1W,35,1009,,,,,,,,,,,,
AL,LILI,1984,20,49,19841224,600,,TD,19.9N,67.5W,30,1010,,,,,,,,,,,,
AL,LILI,1984,20,49,19841224,1200,,TD,19.2N,69.4W,25,1012,,,,,,,,,,,,
AL,ANA,1985,1,16,19850715,1800,,TD,29.4N,64.2W,30,1011,,,,,,,,,,,,
AL,ANA,1985,1,16,19850716,0,,TD,29.7N,64.9W,30,1011,,,,,,,,,,,,
AL,ANA,1985,1,16,19850716,600,,TD,30.1N,65.5W,30,1011,,,,,,,,,,,,
AL,ANA,1985,1,16,19850716,1200,,TD,30.6N,66.1W,30,1010,,,,,,,,,,,,
AL,ANA,1985,1,16,19850716,1800,,TS,31.3N,66.6W,35,1009,,,,,,,,,,,,
AL,ANA,1985,1,16,19850717,0,,TS,32.2N,67.0W,35,1009,,,,,,,,,,,,
AL,ANA,1985,1,16,19850717,600,,TS,33.3N,67.2W,40,1008,,,,,,,,,,,,
AL,ANA,1985,1,16,19850717,1200,,TS,34.4N,67.3W,40,1007,,,,,,,,,,,,
AL,ANA,1985,1,16,19850717,1800,,TS,35.6N,67.3W,45,1006,,,,,,,,,,,,
AL,ANA,1985,1,16,19850718,0,,TS,37.2N,66.8W,45,1004,,,,,,,,,,,,
AL,ANA,1985,1,16,19850718,600,,TS,39.1N,65.9W,45,1004,,,,,,,,,,,,
AL,ANA,1985,1,16,19850718,1200,,TS,40.8N,64.4W,50,1000,,,,,,,,,,,,
AL,ANA,1985,1,16,19850718,1800,,TS,42.5N,63.5W,55,996,,,,,,,,,,,,
AL,ANA,1985,1,16,19850719,0,,TS,44.2N,60.3W,60,996,,,,,,,,,,,,
AL,ANA,1985,1,16,19850719,600,,EX,46.0N,57.6W,55,996,,,,,,,,,,,,
AL,ANA,1985,1,16,19850719,1200,,EX,48.0N,54.5W,50,996,,,,,,,,,,,,
AL,BOB,1985,2,21,19850721,600,,TD,26.0N,85.0W,25,1012,,,,,,,,,,,,
AL,BOB,1985,2,21,19850721,1200,,TD,25.8N,84.9W,25,1011,,,,,,,,,,,,
AL,BOB,1985,2,21,19850721,1800,,TD,25.6N,84.7W,25,1011,,,,,,,,,,,,
AL,BOB,1985,2,21,19850722,0,,TD,25.6N,84.4W,25,1010,,,,,,,,,,,,
AL,BOB,1985,2,21,19850722,600,,TD,25.8N,84.2W,30,1009,,,,,,,,,,,,
AL,BOB,1985,2,21,19850722,1200,,TD,26.0N,84.0W,30,1008,,,,,,,,,,,,
AL,BOB,1985,2,21,19850722,1800,,TS,26.2N,83.8W,35,1007,,,,,,,,,,,,
AL,BOB,1985,2,21,19850723,0,,TS,26.5N,83.4W,35,1004,,,,,,,,,,,,
AL,BOB,1985,2,21,19850723,600,,TS,26.6N,82.9W,40,1004,,,,,,,,,,,,
AL,BOB,1985,2,21,19850723,1200,,TS,26.4N,82.3W,40,1005,,,,,,,,,,,,
AL,BOB,1985,2,21,19850723,1800,,TS,26.4N,81.1W,40,1006,,,,,,,,,,,,
AL,BOB,1985,2,21,19850724,0,,TS,27.2N,80.3W,40,1006,,,,,,,,,,,,
AL,BOB,1985,2,21,19850724,600,,TS,28.3N,80.4W,50,1005,,,,,,,,,,,,
AL,BOB,1985,2,21,19850724,1200,,TS,29.4N,80.4W,60,1004,,,,,,,,,,,,
AL,BOB,1985,2,21,19850724,1800,,HU,30.5N,80.5W,65,1003,,,,,,,,,,,,
AL,BOB,1985,2,21,19850725,0,,HU,31.6N,80.5W,65,1002,,,,,,,,,,,,
AL,BOB,1985,2,21,19850725,300,L,HU,32.2N,80.5W,65,1003,,,,,,,,,,,,
AL,BOB,1985,2,21,19850725,600,,TS,32.9N,80.7W,55,1004,,,,,,,,,,,,
AL,BOB,1985,2,21,19850725,1200,,TS,34.8N,80.5W,45,1006,,,,,,,,,,,,
AL,BOB,1985,2,21,19850725,1800,,TD,36.6N,80.1W,30,1009,,,,,,,,,,,,
AL,BOB,1985,2,21,19850726,0,,TD,38.3N,79.5W,25,1011,,,,,,,,,,,,
AL,CLAUDETTE,1985,3,30,19850809,1800,,SD,31.5N,80.5W,25,1013,,,,,,,,,,,,
AL,CLAUDETTE,1985,3,30,19850810,0,,SD,32.0N,79.0W,25,1012,,,,,,,,,,,,
AL,CLAUDETTE,1985,3,30,19850810,600,,SD,32.5N,77.5W,25,1011,,,,,,,,,,,,
AL,CLAUDETTE,1985,3,30,19850810,1200,,SD,33.0N,76.5W,30,1009,,,,,,,,,,,,
AL,CLAUDETTE,1985,3,30,19850810,1800,,SD,33.5N,75.3W,30,1007,,,,,,,,,,,,
AL,CLAUDETTE,1985,3,30,19850811,0,,TS,34.0N,74.0W,35,1005,,,,,,,,,,,,
AL,CLAUDETTE,1985,3,30,19850811,600,,TS,34.3N,72.7W,35,1004,,,,,,,,,,,,
AL,CLAUDETTE,1985,3,30,19850811,1200,,TS,34.5N,71.5W,35,1003,,,,,,,,,,,,
AL,CLAUDETTE,1985,3,30,19850811,1800,,TS,34.7N,70.3W,40,1002,,,,,,,,,,,,
AL,CLAUDETTE,1985,3,30,19850812,0,,TS,34.8N,69.1W,40,1001,,,,,,,,,,,,
AL,CLAUDETTE,1985,3,30,19850812,600,,TS,34.7N,67.7W,45,1000,,,,,,,,,,,,
AL,CLAUDETTE,1985,3,30,19850812,1200,,TS,34.5N,66.4W,45,999,,,,,,,,,,,,
AL,CLAUDETTE,1985,3,30,19850812,1800,,TS,34.4N,64.9W,50,997,,,,,,,,,,,,
AL,CLAUDETTE,1985,3,30,19850813,0,,TS,34.5N,63.2W,50,995,,,,,,,,,,,,
AL,CLAUDETTE,1985,3,30,19850813,600,,TS,35.1N,61.5W,55,993,,,,,,,,,,,,
AL,CLAUDETTE,1985,3,30,19850813,1200,,TS,35.5N,59.5W,55,991,,,,,,,,,,,,
AL,CLAUDETTE,1985,3,30,19850813,1800,,TS,35.3N,57.5W,60,989,,,,,,,,,,,,
AL,CLAUDETTE,1985,3,30,19850814,0,,TS,35.1N,55.0W,60,988,,,,,,,,,,,,
AL,CLAUDETTE,1985,3,30,19850814,600,,HU,35.2N,52.5W,65,988,,,,,,,,,,,,
AL,CLAUDETTE,1985,3,30,19850814,1200,,HU,35.3N,50.1W,65,987,,,,,,,,,,,,
AL,CLAUDETTE,1985,3,30,19850814,1800,,HU,35.5N,47.8W,65,986,,,,,,,,,,,,
AL,CLAUDETTE,1985,3,30,19850815,0,,HU,35.6N,45.2W,70,985,,,,,,,,,,,,
AL,CLAUDETTE,1985,3,30,19850815,600,,HU,35.7N,42.6W,70,981,,,,,,,,,,,,
AL,CLAUDETTE,1985,3,30,19850815,1200,,HU,35.8N,40.0W,75,980,,,,,,,,,,,,
AL,CLAUDETTE,1985,3,30,19850815,1800,,HU,36.4N,37.0W,75,981,,,,,,,,,,,,
AL,CLAUDETTE,1985,3,30,19850816,0,,TS,37.5N,34.5W,60,993,,,,,,,,,,,,
AL,CLAUDETTE,1985,3,30,19850816,600,,TS,39.2N,31.6W,45,998,,,,,,,,,,,,
AL,CLAUDETTE,1985,3,30,19850816,1200,,TS,40.7N,28.7W,40,1001,,,,,,,,,,,,
AL,CLAUDETTE,1985,3,30,19850816,1800,,TS,42.6N,25.7W,40,1003,,,,,,,,,,,,
AL,CLAUDETTE,1985,3,30,19850817,0,,EX,44.5N,22.5W,40,1005,,,,,,,,,,,,
AL,DANNY,1985,4,37,19850812,0,,TD,18.5N,80.7W,25,1010,,,,,,,,,,,,
AL,DANNY,1985,4,37,19850812,600,,TD,19.2N,81.4W,25,1010,,,,,,,,,,,,
AL,DANNY,1985,4,37,19850812,1200,,TD,19.9N,82.1W,25,1010,,,,,,,,,,,,
AL,DANNY,1985,4,37,19850812,1800,,TD,20.5N,82.9W,25,1011,,,,,,,,,,,,
AL,DANNY,1985,4,37,19850813,0,,TD,21.1N,83.7W,25,1011,,,,,,,,,,,,
AL,DANNY,1985,4,37,19850813,600,,TD,21.7N,84.6W,25,1011,,,,,,,,,,,,
AL,DANNY,1985,4,37,19850813,1200,,TD,22.3N,85.6W,30,1011,,,,,,,,,,,,
AL,DANNY,1985,4,37,19850813,1800,,TD,23.0N,86.7W,30,1011,,,,,,,,,,,,
AL,DANNY,1985,4,37,19850814,0,,TS,23.7N,87.8W,35,1010,,,,,,,,,,,,
AL,DANNY,1985,4,37,19850814,600,,TS,24.4N,88.8W,45,1007,,,,,,,,,,,,
AL,DANNY,1985,4,37,19850814,1200,,TS,25.1N,89.8W,50,1004,,,,,,,,,,,,
AL,DANNY,1985,4,37,19850814,1800,,TS,25.9N,90.7W,60,1001,,,,,,,,,,,,
AL,DANNY,1985,4,37,19850815,0,,HU,26.8N,91.5W,70,997,,,,,,,,,,,,
AL,DANNY,1985,4,37,19850815,600,,HU,27.8N,92.2W,75,995,,,,,,,,,,,,
AL,DANNY,1985,4,37,19850815,1200,,HU,28.9N,92.6W,80,988,,,,,,,,,,,,
AL,DANNY,1985,4,37,19850815,1630,L,HU,29.6N,92.7W,80,987,,,,,,,,,,,,
AL,DANNY,1985,4,37,19850815,1800,,HU,30.0N,92.7W,70,988,,,,,,,,,,,,
AL,DANNY,1985,4,37,19850816,0,,TS,31.0N,92.4W,50,992,,,,,,,,,,,,
AL,DANNY,1985,4,37,19850816,600,,TS,32.0N,92.0W,40,997,,,,,,,,,,,,
AL,DANNY,1985,4,37,19850816,1200,,TD,32.9N,91.4W,30,1000,,,,,,,,,,,,
AL,DANNY,1985,4,37,19850816,1800,,TD,33.7N,90.4W,30,1002,,,,,,,,,,,,
AL,DANNY,1985,4,37,19850817,0,,TD,34.3N,89.2W,30,1004,,,,,,,,,,,,
AL,DANNY,1985,4,37,19850817,600,,TD,34.7N,87.8W,30,1006,,,,,,,,,,,,
AL,DANNY,1985,4,37,19850817,1200,,TD,35.0N,86.3W,30,1008,,,,,,,,,,,,
AL,DANNY,1985,4,37,19850817,1800,,TD,35.3N,84.8W,30,1010,,,,,,,,,,,,
AL,DANNY,1985,4,37,19850818,0,,TD,35.6N,83.4W,25,1011,,,,,,,,,,,,
AL,DANNY,1985,4,37,19850818,600,,TD,35.8N,82.0W,25,1011,,,,,,,,,,,,
AL,DANNY,1985,4,37,19850818,1200,,TD,36.0N,80.6W,25,1012,,,,,,,,,,,,
AL,DANNY,1985,4,37,19850818,1800,,TD,36.3N,79.2W,25,1012,,,,,,,,,,,,
AL,DANNY,1985,4,37,19850819,0,,EX,36.7N,77.9W,25,1012,,,,,,,,,,,,
AL,DANNY,1985,4,37,19850819,600,,EX,37.1N,76.6W,25,1012,,,,,,,,,,,,
AL,DANNY,1985,4,37,19850819,1200,,EX,37.5N,75.3W,25,1012,,,,,,,,,,,,
AL,DANNY,1985,4,37,19850819,1800,,EX,38.0N,74.0W,25,1013,,,,,,,,,,,,
AL,DANNY,1985,4,37,19850820,0,,EX,38.5N,72.7W,20,1013,,,,,,,,,,,,
AL,DANNY,1985,4,37,19850820,600,,EX,39.1N,71.5W,20,1014,,,,,,,,,,,,
AL,DANNY,1985,4,37,19850820,1200,,EX,39.7N,70.4W,20,1014,,,,,,,,,,,,
AL,DANNY,1985,4,37,19850820,1800,,EX,40.4N,69.4W,20,1014,,,,,,,,,,,,
AL,ELENA,1985,5,33,19850828,0,,TD,19.8N,74.0W,30,1012,,,,,,,,,,,,
AL,ELENA,1985,5,33,19850828,600,,TD,20.8N,76.0W,30,1010,,,,,,,,,,,,
AL,ELENA,1985,5,33,19850828,1200,,TD,21.8N,78.0W,30,1008,,,,,,,,,,,,
AL,ELENA,1985,5,33,19850828,1800,,TS,22.6N,80.0W,45,1006,,,,,,,,,,,,
AL,ELENA,1985,5,33,19850829,0,,TS,23.2N,81.8W,50,1004,,,,,,,,,,,,
AL,ELENA,1985,5,33,19850829,600,,TS,24.0N,83.5W,55,1000,,,,,,,,,,,,
AL,ELENA,1985,5,33,19850829,1200,,HU,25.0N,85.0W,65,994,,,,,,,,,,,,
AL,ELENA,1985,5,33,19850829,1800,,HU,25.9N,85.8W,70,990,,,,,,,,,,,,
AL,ELENA,1985,5,33,19850830,0,,HU,26.6N,86.6W,75,986,,,,,,,,,,,,
AL,ELENA,1985,5,33,19850830,600,,HU,27.3N,87.2W,80,980,,,,,,,,,,,,
AL,ELENA,1985,5,33,19850830,1200,,HU,27.9N,87.3W,90,974,,,,,,,,,,,,
AL,ELENA,1985,5,33,19850830,1800,,HU,28.3N,86.8W,90,978,,,,,,,,,,,,
AL,ELENA,1985,5,33,19850831,0,,HU,28.4N,86.0W,90,977,,,,,,,,,,,,
AL,ELENA,1985,5,33,19850831,600,,HU,28.6N,85.3W,90,976,,,,,,,,,,,,
AL,ELENA,1985,5,33,19850831,1200,,HU,28.8N,84.4W,90,975,,,,,,,,,,,,
AL,ELENA,1985,5,33,19850831,1800,,HU,28.8N,84.0W,90,974,,,,,,,,,,,,
AL,ELENA,1985,5,33,19850901,0,,HU,28.8N,83.8W,95,971,,,,,,,,,,,,
AL,ELENA,1985,5,33,19850901,600,,HU,28.6N,83.9W,100,965,,,,,,,,,,,,
AL,ELENA,1985,5,33,19850901,1200,,HU,28.6N,84.2W,105,961,,,,,,,,,,,,
AL,ELENA,1985,5,33,19850901,1800,,HU,28.9N,84.8W,110,954,,,,,,,,,,,,
AL,ELENA,1985,5,33,19850902,0,,HU,29.4N,85.9W,110,953,,,,,,,,,,,,
AL,ELENA,1985,5,33,19850902,600,,HU,29.7N,87.3W,105,957,,,,,,,,,,,,
AL,ELENA,1985,5,33,19850902,1200,,HU,30.2N,88.8W,100,959,,,,,,,,,,,,
AL,ELENA,1985,5,33,19850902,1300,L,HU,30.4N,89.2W,100,959,,,,,,,,,,,,
AL,ELENA,1985,5,33,19850902,1800,,TS,31.0N,90.4W,60,990,,,,,,,,,,,,
AL,ELENA,1985,5,33,19850903,0,,TS,31.9N,91.8W,45,1000,,,,,,,,,,,,
AL,ELENA,1985,5,33,19850903,600,,TD,32.4N,92.8W,30,1004,,,,,,,,,,,,
AL,ELENA,1985,5,33,19850903,1200,,TD,33.2N,93.7W,25,1006,,,,,,,,,,,,
AL,ELENA,1985,5,33,19850903,1800,,TD,34.5N,94.0W,25,1008,,,,,,,,,,,,
AL,ELENA,1985,5,33,19850904,0,,TD,35.9N,93.9W,20,1010,,,,,,,,,,,,
AL,ELENA,1985,5,33,19850904,600,,TD,37.0N,93.2W,20,1010,,,,,,,,,,,,
AL,ELENA,1985,5,33,19850904,1200,,TD,38.0N,92.5W,20,1010,,,,,,,,,,,,
AL,ELENA,1985,5,33,19850904,1800,,TD,38.8N,91.4W,20,1010,,,,,,,,,,,,
AL,UNNAMED,1985,6,21,19850908,1200,,TD,20.0N,27.0W,25,,,,,,,,,,,,,
AL,UNNAMED,1985,6,21,19850908,1800,,TD,20.5N,28.0W,25,,,,,,,,,,,,,
AL,UNNAMED,1985,6,21,19850909,0,,TD,20.8N,28.8W,25,,,,,,,,,,,,,
AL,UNNAMED,1985,6,21,19850909,600,,TD,21.0N,29.5W,30,,,,,,,,,,,,,
AL,UNNAMED,1985,6,21,19850909,1200,,TD,21.1N,30.5W,30,,,,,,,,,,,,,
AL,UNNAMED,1985,6,21,19850909,1800,,TD,21.3N,32.0W,30,,,,,,,,,,,,,
AL,UNNAMED,1985,6,21,19850910,0,,TD,21.8N,33.8W,30,,,,,,,,,,,,,
AL,UNNAMED,1985,6,21,19850910,600,,TD,22.0N,35.2W,30,,,,,,,,,,,,,
AL,UNNAMED,1985,6,21,19850910,1200,,TD,22.5N,37.0W,30,,,,,,,,,,,,,
AL,UNNAMED,1985,6,21,19850910,1800,,TD,23.2N,38.0W,30,,,,,,,,,,,,,
AL,UNNAMED,1985,6,21,19850911,0,,TD,24.0N,39.0W,30,,,,,,,,,,,,,
AL,UNNAMED,1985,6,21,19850911,600,,TD,25.0N,40.0W,30,,,,,,,,,,,,,
AL,UNNAMED,1985,6,21,19850911,1200,,TD,25.8N,41.1W,30,,,,,,,,,,,,,
AL,UNNAMED,1985,6,21,19850911,1800,,TD,26.5N,42.0W,30,,,,,,,,,,,,,
AL,UNNAMED,1985,6,21,19850912,0,,TD,27.3N,43.4W,30,,,,,,,,,,,,,
AL,UNNAMED,1985,6,21,19850912,600,,TD,28.2N,44.8W,30,,,,,,,,,,,,,
AL,UNNAMED,1985,6,21,19850912,1200,,TD,29.0N,46.0W,25,,,,,,,,,,,,,
AL,UNNAMED,1985,6,21,19850912,1800,,TD,30.0N,47.0W,25,,,,,,,,,,,,,
AL,UNNAMED,1985,6,21,19850913,0,,TD,30.8N,49.0W,25,,,,,,,,,,,,,
AL,UNNAMED,1985,6,21,19850913,600,,TD,31.2N,50.2W,20,,,,,,,,,,,,,
AL,UNNAMED,1985,6,21,19850913,1200,,TD,32.0N,52.0W,20,,,,,,,,,,,,,
AL,UNNAMED,1985,7,10,19850911,1200,,TD,11.5N,60.5W,25,,,,,,,,,,,,,
AL,UNNAMED,1985,7,10,19850911,1800,,TD,12.0N,61.2W,30,,,,,,,,,,,,,
AL,UNNAMED,1985,7,10,19850912,0,,TD,12.4N,62.2W,30,,,,,,,,,,,,,
AL,UNNAMED,1985,7,10,19850912,600,,TD,12.8N,63.2W,30,,,,,,,,,,,,,
AL,UNNAMED,1985,7,10,19850912,1200,,TD,12.9N,64.1W,30,,,,,,,,,,,,,
AL,UNNAMED,1985,7,10,19850912,1800,,TD,13.1N,65.6W,30,,,,,,,,,,,,,
AL,UNNAMED,1985,7,10,19850913,0,,TD,13.4N,67.0W,30,,,,,,,,,,,,,
AL,UNNAMED,1985,7,10,19850913,600,,TD,13.8N,68.5W,30,,,,,,,,,,,,,
AL,UNNAMED,1985,7,10,19850913,1200,,TD,14.0N,70.0W,25,,,,,,,,,,,,,
AL,UNNAMED,1985,7,10,19850913,1800,,TD,14.2N,71.8W,20,,,,,,,,,,,,,
AL,FABIAN,1985,8,16,19850915,1800,,TD,23.6N,70.8W,25,1008,,,,,,,,,,,,
AL,FABIAN,1985,8,16,19850916,0,,TD,24.0N,70.1W,25,1008,,,,,,,,,,,,
AL,FABIAN,1985,8,16,19850916,600,,TD,24.5N,69.4W,30,1006,,,,,,,,,,,,
AL,FABIAN,1985,8,16,19850916,1200,,TD,25.1N,68.0W,30,1005,,,,,,,,,,,,
AL,FABIAN,1985,8,16,19850916,1800,,TS,26.0N,66.5W,40,1003,,,,,,,,,,,,
AL,FABIAN,1985,8,16,19850917,0,,TS,26.7N,64.8W,45,1001,,,,,,,,,,,,
AL,FABIAN,1985,8,16,19850917,600,,TS,27.3N,63.1W,50,996,,,,,,,,,,,,
AL,FABIAN,1985,8,16,19850917,1200,,TS,28.1N,61.2W,55,994,,,,,,,,,,,,
AL,FABIAN,1985,8,16,19850917,1800,,TS,28.9N,59.8W,55,994,,,,,,,,,,,,
AL,FABIAN,1985,8,16,19850918,0,,TS,29.7N,58.0W,55,994,,,,,,,,,,,,
AL,FABIAN,1985,8,16,19850918,600,,TS,30.2N,56.1W,55,994,,,,,,,,,,,,
AL,FABIAN,1985,8,16,19850918,1200,,TS,30.8N,54.4W,55,994,,,,,,,,,,,,
AL,FABIAN,1985,8,16,19850918,1800,,TS,31.1N,52.4W,55,994,,,,,,,,,,,,
AL,FABIAN,1985,8,16,19850919,0,,TS,31.5N,50.4W,55,994,,,,,,,,,,,,
AL,FABIAN,1985,8,16,19850919,600,,TS,31.8N,47.0W,55,994,,,,,,,,,,,,
AL,FABIAN,1985,8,16,19850919,1200,,TS,32.1N,42.5W,55,994,,,,,,,,,,,,
AL,GLORIA,1985,9,65,19850916,1200,,TD,13.3N,23.6W,25,1009,,,,,,,,,,,,
AL,GLORIA,1985,9,65,19850916,1800,,TD,13.8N,24.8W,25,1008,,,,,,,,,,,,
AL,GLORIA,1985,9,65,19850917,0,,TD,14.1N,25.9W,30,1008,,,,,,,,,,,,
AL,GLORIA,1985,9,65,19850917,600,,TD,14.3N,27.1W,30,1008,,,,,,,,,,,,
AL,GLORIA,1985,9,65,19850917,1200,,TS,14.6N,28.3W,35,1007,,,,,,,,,,,,
AL,GLORIA,1985,9,65,19850917,1800,,TS,14.7N,29.6W,35,1007,,,,,,,,,,,,
AL,GLORIA,1985,9,65,19850918,0,,TS,14.9N,31.7W,35,1006,,,,,,,,,,,,
AL,GLORIA,1985,9,65,19850918,600,,TS,15.0N,33.8W,35,1006,,,,,,,,,,,,
AL,GLORIA,1985,9,65,19850918,1200,,TS,15.1N,35.9W,35,1006,,,,,,,,,,,,
AL,GLORIA,1985,9,65,19850918,1800,,TD,15.4N,38.1W,30,1006,,,,,,,,,,,,
AL,GLORIA,1985,9,65,19850919,0,,TD,15.8N,39.5W,30,1006,,,,,,,,,,,,
AL,GLORIA,1985,9,65,19850919,600,,TD,16.2N,40.9W,30,1006,,,,,,,,,,,,
AL,GLORIA,1985,9,65,19850919,1200,,TD,16.6N,42.2W,30,1006,,,,,,,,,,,,
AL,GLORIA,1985,9,65,19850919,1800,,TD,17.0N,43.8W,30,1006,,,,,,,,,,,,
AL,GLORIA,1985,9,65,19850920,0,,TS,17.2N,45.1W,35,1005,,,,,,,,,,,,
AL,GLORIA,1985,9,65,19850920,600,,TS,17.4N,46.7W,40,1004,,,,,,,,,,,,
AL,GLORIA,1985,9,65,19850920,1200,,TS,17.5N,48.1W,45,1003,,,,,,,,,,,,
AL,GLORIA,1985,9,65,19850920,1800,,TS,17.6N,49.8W,45,1002,,,,,,,,,,,,
AL,GLORIA,1985,9,65,19850921,0,,TS,17.7N,51.2W,50,1001,,,,,,,,,,,,
AL,GLORIA,1985,9,65,19850921,600,,TS,17.7N,52.8W,55,1001,,,,,,,,,,,,
AL,GLORIA,1985,9,65,19850921,1200,,TS,17.7N,54.2W,60,1000,,,,,,,,,,,,
AL,GLORIA,1985,9,65,19850921,1800,,HU,17.7N,55.3W,65,1000,,,,,,,,,,,,
AL,GLORIA,1985,9,65,19850922,0,,HU,17.8N,56.3W,65,1000,,,,,,,,,,,,
AL,GLORIA,1985,9,65,19850922,600,,HU,17.8N,57.1W,70,996,,,,,,,,,,,,
AL,GLORIA,1985,9,65,19850922,1200,,HU,17.8N,58.2W,70,992,,,,,,,,,,,,
AL,GLORIA,1985,9,65,19850922,1800,,HU,18.4N,59.0W,65,990,,,,,,,,,,,,
AL,GLORIA,1985,9,65,19850923,0,,HU,19.0N,60.2W,65,990,,,,,,,,,,,,
AL,GLORIA,1985,9,65,19850923,600,,HU,19.7N,61.5W,65,989,,,,,,,,,,,,
AL,GLORIA,1985,9,65,19850923,1200,,HU,20.4N,62.9W,65,987,,,,,,,,,,,,
AL,GLORIA,1985,9,65,19850923,1800,,HU,21.0N,64.2W,75,980,,,,,,,,,,,,
AL,GLORIA,1985,9,65,19850924,0,,HU,21.5N,65.5W,95,956,,,,,,,,,,,,
AL,GLORIA,1985,9,65,19850924,600,,HU,21.9N,66.8W,100,952,,,,,,,,,,,,
AL,GLORIA,1985,9,65,19850924,1200,,HU,22.5N,67.9W,100,950,,,,,,,,,,,,
AL,GLORIA,1985,9,65,19850924,1800,,HU,23.2N,69.0W,105,935,,,,,,,,,,,,
AL,GLORIA,1985,9,65,19850925,0,,HU,24.2N,70.0W,120,920,,,,,,,,,,,,
AL,GLORIA,1985,9,65,19850925,600,,HU,25.1N,70.9W,125,920,,,,,,,,,,,,
AL,GLORIA,1985,9,65,19850925,1200,,HU,26.1N,72.0W,115,926,,,,,,,,,,,,
AL,GLORIA,1985,9,65,19850925,1800,,HU,26.9N,73.0W,95,933,,,,,,,,,,,,
AL,GLORIA,1985,9,65,19850926,0,,HU,27.8N,74.0W,85,940,,,,,,,,,,,,
AL,GLORIA,1985,9,65,19850926,600,,HU,28.9N,75.0W,80,944,,,,,,,,,,,,
AL,GLORIA,1985,9,65,19850926,1200,,HU,30.0N,75.5W,80,946,,,,,,,,,,,,
AL,GLORIA,1985,9,65,19850926,1800,,HU,31.4N,76.2W,85,944,,,,,,,,,,,,
AL,GLORIA,1985,9,65,19850927,0,,HU,33.2N,76.0W,90,942,,,,,,,,,,,,
AL,GLORIA,1985,9,65,19850927,530,L,HU,35.2N,75.6W,90,942,,,,,,,,,,,,
AL,GLORIA,1985,9,65,19850927,600,,HU,35.5N,75.5W,90,942,,,,,,,,,,,,
AL,GLORIA,1985,9,65,19850927,1200,,HU,38.4N,74.5W,85,951,,,,,,,,,,,,
AL,GLORIA,1985,9,65,19850927,1600,L,HU,40.6N,73.3W,75,961,,,,,,,,,,,,
AL,GLORIA,1985,9,65,19850927,1800,,HU,41.9N,72.8W,75,964,,,,,,,,,,,,
AL,GLORIA,1985,9,65,19850928,0,,EX,45.5N,70.0W,50,986,,,,,,,,,,,,
AL,GLORIA,1985,9,65,19850928,600,,EX,48.1N,67.8W,50,987,,,,,,,,,,,,
AL,GLORIA,1985,9,65,19850928,1200,,EX,49.5N,64.5W,50,987,,,,,,,,,,,,
AL,GLORIA,1985,9,65,19850928,1800,,EX,50.8N,61.2W,50,987,,,,,,,,,,,,
AL,GLORIA,1985,9,65,19850929,0,,EX,51.5N,57.5W,50,990,,,,,,,,,,,,
AL,GLORIA,1985,9,65,19850929,600,,EX,52.1N,53.8W,50,990,,,,,,,,,,,,
AL,GLORIA,1985,9,65,19850929,1200,,EX,52.4N,50.0W,50,990,,,,,,,,,,,,
AL,GLORIA,1985,9,65,19850929,1800,,EX,52.5N,47.5W,50,990,,,,,,,,,,,,
AL,GLORIA,1985,9,65,19850930,0,,EX,52.5N,45.0W,50,990,,,,,,,,,,,,
AL,GLORIA,1985,9,65,19850930,600,,EX,52.5N,42.5W,50,990,,,,,,,,,,,,
AL,GLORIA,1985,9,65,19850930,1200,,EX,52.5N,40.0W,50,990,,,,,,,,,,,,
AL,GLORIA,1985,9,65,19850930,1800,,EX,52.9N,37.9W,50,990,,,,,,,,,,,,
AL,GLORIA,1985,9,65,19851001,0,,EX,53.3N,35.9W,50,990,,,,,,,,,,,,
AL,GLORIA,1985,9,65,19851001,600,,EX,53.8N,34.0W,50,990,,,,,,,,,,,,
AL,GLORIA,1985,9,65,19851001,1200,,EX,54.5N,32.0W,50,990,,,,,,,,,,,,
AL,GLORIA,1985,9,65,19851001,1800,,EX,55.5N,30.0W,50,990,,,,,,,,,,,,
AL,GLORIA,1985,9,65,19851002,0,,EX,56.6N,29.0W,50,960,,,,,,,,,,,,
AL,HENRI,1985,10,15,19850921,1800,,TD,29.6N,74.3W,25,1008,,,,,,,,,,,,
AL,HENRI,1985,10,15,19850922,0,,TD,30.5N,74.4W,25,1008,,,,,,,,,,,,
AL,HENRI,1985,10,15,19850922,600,,TD,31.5N,74.5W,25,1009,,,,,,,,,,,,
AL,HENRI,1985,10,15,19850922,1200,,TD,32.4N,74.6W,25,1011,,,,,,,,,,,,
AL,HENRI,1985,10,15,19850922,1800,,TD,33.3N,74.6W,30,1011,,,,,,,,,,,,
AL,HENRI,1985,10,15,19850923,0,,TD,34.3N,74.5W,30,1010,,,,,,,,,,,,
AL,HENRI,1985,10,15,19850923,600,,TS,35.3N,74.3W,35,1007,,,,,,,,,,,,
AL,HENRI,1985,10,15,19850923,1200,,TS,36.0N,74.1W,50,996,,,,,,,,,,,,
AL,HENRI,1985,10,15,19850923,1800,,TS,36.7N,74.0W,45,1000,,,,,,,,,,,,
AL,HENRI,1985,10,15,19850924,0,,TS,37.4N,74.0W,40,1004,,,,,,,,,,,,
AL,HENRI,1985,10,15,19850924,600,,TS,38.2N,74.0W,35,1005,,,,,,,,,,,,
AL,HENRI,1985,10,15,19850924,1200,,TS,39.2N,73.7W,35,1006,,,,,,,,,,,,
AL,HENRI,1985,10,15,19850924,1800,,TS,40.3N,73.0W,35,1006,,,,,,,,,,,,
AL,HENRI,1985,10,15,19850924,2100,L,TS,40.8N,72.5W,35,1007,,,,,,,,,,,,
AL,HENRI,1985,10,15,19850925,0,L,TD,41.3N,71.8W,30,1007,,,,,,,,,,,,
AL,ISABEL,1985,11,36,19851007,0,,TD,17.8N,69.2W,30,1006,,,,,,,,,,,,
AL,ISABEL,1985,11,36,19851007,600,,TS,18.5N,70.5W,35,1006,,,,,,,,,,,,
AL,ISABEL,1985,11,36,19851007,1200,,TS,19.8N,71.2W,40,1006,,,,,,,,,,,,
AL,ISABEL,1985,11,36,19851007,1800,,TS,21.1N,71.5W,40,1005,,,,,,,,,,,,
AL,ISABEL,1985,11,36,19851008,0,,TS,22.4N,71.2W,45,1005,,,,,,,,,,,,
AL,ISABEL,1985,11,36,19851008,600,,TS,24.1N,71.1W,50,1005,,,,,,,,,,,,
AL,ISABEL,1985,11,36,19851008,1200,,TS,25.2N,71.5W,55,1003,,,,,,,,,,,,
AL,ISABEL,1985,11,36,19851008,1800,,TS,26.3N,72.0W,60,1002,,,,,,,,,,,,
AL,ISABEL,1985,11,36,19851009,0,,TS,27.3N,72.8W,60,997,,,,,,,,,,,,
AL,ISABEL,1985,11,36,19851009,600,,TS,27.9N,73.9W,60,1001,,,,,,,,,,,,
AL,ISABEL,1985,11,36,19851009,1200,,TS,28.1N,75.2W,60,1003,,,,,,,,,,,,
AL,ISABEL,1985,11,36,19851009,1800,,TS,28.2N,76.6W,60,1004,,,,,,,,,,,,
AL,ISABEL,1985,11,36,19851010,0,,TS,29.0N,77.8W,55,1005,,,,,,,,,,,,
AL,ISABEL,1985,11,36,19851010,600,,TS,29.1N,79.2W,45,1004,,,,,,,,,,,,
AL,ISABEL,1985,11,36,19851010,1200,,TS,29.6N,80.3W,40,1006,,,,,,,,,,,,
AL,ISABEL,1985,11,36,19851010,1800,,TS,30.3N,81.0W,35,1008,,,,,,,,,,,,
AL,ISABEL,1985,11,36,19851010,2100,L,TS,30.6N,81.4W,35,1008,,,,,,,,,,,,
AL,ISABEL,1985,11,36,19851011,0,,TD,30.8N,81.7W,30,1009,,,,,,,,,,,,
AL,ISABEL,1985,11,36,19851011,600,,TD,31.3N,81.8W,30,1011,,,,,,,,,,,,
AL,ISABEL,1985,11,36,19851011,1200,,TD,31.7N,81.6W,25,1012,,,,,,,,,,,,
AL,ISABEL,1985,11,36,19851011,1800,,TD,31.8N,80.9W,25,1013,,,,,,,,,,,,
AL,ISABEL,1985,11,36,19851012,0,,TD,31.7N,80.6W,25,1013,,,,,,,,,,,,
AL,ISABEL,1985,11,36,19851012,600,,TD,31.6N,80.3W,25,1013,,,,,,,,,,,,
AL,ISABEL,1985,11,36,19851012,1200,,TD,31.5N,79.9W,25,1014,,,,,,,,,,,,
AL,ISABEL,1985,11,36,19851012,1800,,TD,31.5N,79.5W,25,1013,,,,,,,,,,,,
AL,ISABEL,1985,11,36,19851013,0,,TD,31.7N,79.1W,25,1013,,,,,,,,,,,,
AL,ISABEL,1985,11,36,19851013,600,,TD,32.0N,78.8W,25,1013,,,,,,,,,,,,
AL,ISABEL,1985,11,36,19851013,1200,,TD,32.3N,78.4W,25,1013,,,,,,,,,,,,
AL,ISABEL,1985,11,36,19851013,1800,,TD,32.6N,78.0W,25,1012,,,,,,,,,,,,
AL,ISABEL,1985,11,36,19851014,0,,TD,32.9N,77.7W,25,1012,,,,,,,,,,,,
AL,ISABEL,1985,11,36,19851014,600,,TD,33.2N,77.1W,25,1011,,,,,,,,,,,,
AL,ISABEL,1985,11,36,19851014,1200,,TD,33.5N,76.6W,25,1010,,,,,,,,,,,,
AL,ISABEL,1985,11,36,19851014,1800,,TD,33.7N,76.0W,25,1010,,,,,,,,,,,,
AL,ISABEL,1985,11,36,19851015,0,,TD,33.9N,75.2W,25,1010,,,,,,,,,,,,
AL,ISABEL,1985,11,36,19851015,600,,TD,34.7N,74.0W,25,1010,,,,,,,,,,,,
AL,ISABEL,1985,11,36,19851015,1200,,TD,35.8N,72.7W,25,1010,,,,,,,,,,,,
AL,JUAN,1985,12,29,19851026,0,,TD,24.5N,90.5W,30,1005,,,,,,,,,,,,
AL,JUAN,1985,12,29,19851026,600,,TD,24.2N,91.5W,30,1002,,,,,,,,,,,,
AL,JUAN,1985,12,29,19851026,1200,,TS,23.8N,92.5W,35,999,,,,,,,,,,,,
AL,JUAN,1985,12,29,19851026,1800,,TS,24.4N,92.8W,40,996,,,,,,,,,,,,
AL,JUAN,1985,12,29,19851027,0,,TS,24.6N,92.0W,45,993,,,,,,,,,,,,
AL,JUAN,1985,12,29,19851027,600,,TS,25.3N,92.2W,50,990,,,,,,,,,,,,
AL,JUAN,1985,12,29,19851027,1200,,TS,25.7N,91.5W,55,986,,,,,,,,,,,,
AL,JUAN,1985,12,29,19851027,1800,,TS,26.4N,91.1W,60,984,,,,,,,,,,,,
AL,JUAN,1985,12,29,19851028,0,,HU,27.8N,91.2W,65,982,,,,,,,,,,,,
AL,JUAN,1985,12,29,19851028,600,,HU,28.6N,91.5W,70,975,,,,,,,,,,,,
AL,JUAN,1985,12,29,19851028,1200,,HU,29.4N,92.0W,75,972,,,,,,,,,,,,
AL,JUAN,1985,12,29,19851028,1800,,HU,29.3N,93.0W,75,971,,,,,,,,,,,,
AL,JUAN,1985,12,29,19851029,0,,HU,28.9N,92.5W,75,973,,,,,,,,,,,,
AL,JUAN,1985,12,29,19851029,600,,HU,29.0N,91.9W,70,975,,,,,,,,,,,,
AL,JUAN,1985,12,29,19851029,1100,L,HU,29.5N,91.4W,65,974,,,,,,,,,,,,
AL,JUAN,1985,12,29,19851029,1200,,HU,29.6N,91.3W,65,974,,,,,,,,,,,,
AL,JUAN,1985,12,29,19851029,1800,,TS,30.3N,91.9W,60,978,,,,,,,,,,,,
AL,JUAN,1985,12,29,19851030,0,,TS,30.1N,92.3W,60,980,,,,,,,,,,,,
AL,JUAN,1985,12,29,19851030,600,,TS,29.8N,92.2W,55,982,,,,,,,,,,,,
AL,JUAN,1985,12,29,19851030,1200,,TS,29.6N,92.1W,55,982,,,,,,,,,,,,
AL,JUAN,1985,12,29,19851030,1800,,TS,29.3N,91.8W,55,982,,,,,,,,,,,,
AL,JUAN,1985,12,29,19851031,0,,TS,29.1N,91.3W,55,982,,,,,,,,,,,,
AL,JUAN,1985,12,29,19851031,600,,TS,28.9N,90.3W,55,980,,,,,,,,,,,,
AL,JUAN,1985,12,29,19851031,1200,,TS,29.3N,89.1W,60,978,,,,,,,,,,,,
AL,JUAN,1985,12,29,19851031,1800,,TS,30.3N,87.7W,55,982,,,,,,,,,,,,
AL,JUAN,1985,12,29,19851101,0,,TS,31.8N,87.0W,40,984,,,,,,,,,,,,
AL,JUAN,1985,12,29,19851101,600,,TS,33.5N,86.7W,35,986,,,,,,,,,,,,
AL,JUAN,1985,12,29,19851101,1200,,EX,35.2N,86.6W,30,989,,,,,,,,,,,,
AL,JUAN,1985,12,29,19851101,1800,,EX,36.8N,87.1W,25,992,,,,,,,,,,,,
AL,KATE,1985,13,34,19851115,1800,,TS,21.1N,63.8W,35,999,,,,,,,,,,,,
AL,KATE,1985,13,34,19851116,0,,TS,21.6N,63.9W,45,998,,,,,,,,,,,,
AL,KATE,1985,13,34,19851116,600,,TS,21.7N,64.2W,50,996,,,,,,,,,,,,
AL,KATE,1985,13,34,19851116,1200,,TS,21.5N,64.8W,55,993,,,,,,,,,,,,
AL,KATE,1985,13,34,19851116,1800,,HU,21.1N,65.3W,70,987,,,,,,,,,,,,
AL,KATE,1985,13,34,19851117,0,,HU,20.7N,66.0W,75,981,,,,,,,,,,,,
AL,KATE,1985,13,34,19851117,600,,HU,20.4N,66.4W,75,984,,,,,,,,,,,,
AL,KATE,1985,13,34,19851117,1200,,HU,20.7N,67.3W,75,982,,,,,,,,,,,,
AL,KATE,1985,13,34,19851117,1800,,HU,21.1N,68.8W,80,977,,,,,,,,,,,,
AL,KATE,1985,13,34,19851118,0,,HU,21.4N,70.0W,80,976,,,,,,,,,,,,
AL,KATE,1985,13,34,19851118,600,,HU,21.6N,71.8W,80,975,,,,,,,,,,,,
AL,KATE,1985,13,34,19851118,1200,,HU,21.6N,73.3W,80,975,,,,,,,,,,,,
AL,KATE,1985,13,34,19851118,1800,,HU,21.9N,75.1W,85,972,,,,,,,,,,,,
AL,KATE,1985,13,34,19851119,0,,HU,22.1N,76.8W,95,967,,,,,,,,,,,,
AL,KATE,1985,13,34,19851119,600,,HU,22.1N,78.4W,95,968,,,,,,,,,,,,
AL,KATE,1985,13,34,19851119,1200,,HU,22.7N,80.2W,90,971,,,,,,,,,,,,
AL,KATE,1985,13,34,19851119,1800,,HU,23.2N,81.9W,80,976,,,,,,,,,,,,
AL,KATE,1985,13,34,19851120,0,,HU,23.9N,83.5W,85,972,,,,,,,,,,,,
AL,KATE,1985,13,34,19851120,600,,HU,24.6N,84.5W,95,968,,,,,,,,,,,,
AL,KATE,1985,13,34,19851120,1200,,HU,25.2N,85.3W,105,956,,,,,,,,,,,,
AL,KATE,1985,13,34,19851120,1800,,HU,26.0N,86.0W,105,955,,,,,,,,,,,,
AL,KATE,1985,13,34,19851121,0,,HU,26.8N,86.5W,105,954,,,,,,,,,,,,
AL,KATE,1985,13,34,19851121,600,,HU,27.5N,86.6W,100,961,,,,,,,,,,,,
AL,KATE,1985,13,34,19851121,1200,,HU,28.3N,86.5W,95,965,,,,,,,,,,,,
AL,KATE,1985,13,34,19851121,1800,,HU,29.2N,86.1W,85,967,,,,,,,,,,,,
AL,KATE,1985,13,34,19851121,2230,L,HU,30.0N,85.4W,85,967,,,,,,,,,,,,
AL,KATE,1985,13,34,19851122,0,,HU,30.2N,85.1W,80,975,,,,,,,,,,,,
AL,KATE,1985,13,34,19851122,600,,HU,31.5N,83.5W,65,983,,,,,,,,,,,,
AL,KATE,1985,13,34,19851122,1200,,TS,32.5N,81.5W,50,990,,,,,,,,,,,,
AL,KATE,1985,13,34,19851122,1800,,TS,33.7N,79.2W,45,996,,,,,,,,,,,,
AL,KATE,1985,13,34,19851123,0,,TS,34.7N,76.2W,40,1003,,,,,,,,,,,,
AL,KATE,1985,13,34,19851123,600,,TS,34.4N,73.5W,35,1005,,,,,,,,,,,,
AL,KATE,1985,13,34,19851123,1200,,TS,34.0N,72.0W,35,1006,,,,,,,,,,,,
AL,KATE,1985,13,34,19851123,1800,,EX,33.5N,70.5W,35,1006,,,,,,,,,,,,
AL,UNNAMED,1985,14,10,19851207,1200,,TD,11.2N,77.0W,20,,,,,,,,,,,,,
AL,UNNAMED,1985,14,10,19851207,1800,,TD,11.1N,77.5W,20,,,,,,,,,,,,,
AL,UNNAMED,1985,14,10,19851208,0,,TD,11.0N,77.9W,25,,,,,,,,,,,,,
AL,UNNAMED,1985,14,10,19851208,600,,TD,10.9N,78.3W,25,,,,,,,,,,,,,
AL,UNNAMED,1985,14,10,19851208,1200,,TD,10.6N,78.8W,30,,,,,,,,,,,,,
AL,UNNAMED,1985,14,10,19851208,1800,,TD,10.3N,79.4W,30,,,,,,,,,,,,,
AL,UNNAMED,1985,14,10,19851209,0,,TD,10.2N,79.8W,30,,,,,,,,,,,,,
AL,UNNAMED,1985,14,10,19851209,600,,TD,10.0N,80.2W,25,,,,,,,,,,,,,
AL,UNNAMED,1985,14,10,19851209,1200,,TD,9.8N,80.5W,25,,,,,,,,,,,,,
AL,UNNAMED,1985,14,10,19851209,1800,,TD,9.5N,81.0W,20,,,,,,,,,,,,,
AL,ANDREW,1986,1,16,19860605,0,,SD,26.2N,75.8W,30,1007,,,,,,,,,,,,
AL,ANDREW,1986,1,16,19860605,600,,SD,27.4N,76.0W,30,1006,,,,,,,,,,,,
AL,ANDREW,1986,1,16,19860605,1200,,SD,28.4N,76.4W,30,1005,,,,,,,,,,,,
AL,ANDREW,1986,1,16,19860605,1800,,SD,29.1N,77.0W,30,1003,,,,,,,,,,,,
AL,ANDREW,1986,1,16,19860606,0,,TS,29.7N,77.5W,35,1002,,,,,,,,,,,,
AL,ANDREW,1986,1,16,19860606,600,,TS,30.2N,77.8W,40,1003,,,,,,,,,,,,
AL,ANDREW,1986,1,16,19860606,1200,,TS,30.7N,78.0W,45,1005,,,,,,,,,,,,
AL,ANDREW,1986,1,16,19860606,1800,,TS,31.4N,77.9W,45,1004,,,,,,,,,,,,
AL,ANDREW,1986,1,16,19860607,0,,TS,31.9N,77.8W,45,1003,,,,,,,,,,,,
AL,ANDREW,1986,1,16,19860607,600,,TS,32.8N,76.9W,45,1001,,,,,,,,,,,,
AL,ANDREW,1986,1,16,19860607,1200,,TS,33.6N,76.0W,45,999,,,,,,,,,,,,
AL,ANDREW,1986,1,16,19860607,1800,,TS,34.3N,75.0W,45,1000,,,,,,,,,,,,
AL,ANDREW,1986,1,16,19860608,0,,TS,35.2N,73.9W,45,1002,,,,,,,,,,,,
AL,ANDREW,1986,1,16,19860608,600,,TS,36.3N,72.7W,45,1002,,,,,,,,,,,,
AL,ANDREW,1986,1,16,19860608,1200,,TS,37.9N,71.0W,40,1002,,,,,,,,,,,,
AL,ANDREW,1986,1,16,19860608,1800,,TS,39.6N,68.9W,35,1001,,,,,,,,,,,,
AL,BONNIE,1986,2,21,19860623,1800,,TD,25.6N,87.2W,25,1014,,,,,,,,,,,,
AL,BONNIE,1986,2,21,19860624,0,,TD,25.7N,87.8W,25,1013,,,,,,,,,,,,
AL,BONNIE,1986,2,21,19860624,600,,TD,26.0N,88.4W,25,1014,,,,,,,,,,,,
AL,BONNIE,1986,2,21,19860624,1200,,TD,26.4N,88.9W,30,1011,,,,,,,,,,,,
AL,BONNIE,1986,2,21,19860624,1800,,TS,26.6N,89.5W,40,1006,,,,,,,,,,,,
AL,BONNIE,1986,2,21,19860625,0,,TS,26.7N,90.3W,45,1001,,,,,,,,,,,,
AL,BONNIE,1986,2,21,19860625,600,,TS,26.8N,91.0W,50,1002,,,,,,,,,,,,
AL,BONNIE,1986,2,21,19860625,1200,,TS,27.2N,91.7W,55,997,,,,,,,,,,,,
AL,BONNIE,1986,2,21,19860625,1800,,HU,27.7N,92.2W,65,1001,,,,,,,,,,,,
AL,BONNIE,1986,2,21,19860626,0,,HU,28.2N,92.9W,70,999,,,,,,,,,,,,
AL,BONNIE,1986,2,21,19860626,600,,HU,29.0N,93.7W,75,995,,,,,,,,,,,,
AL,BONNIE,1986,2,21,19860626,1000,L,HU,29.6N,94.2W,75,990,,,,,,,,,,,,
AL,BONNIE,1986,2,21,19860626,1200,,HU,29.9N,94.3W,65,992,,,,,,,,,,,,
AL,BONNIE,1986,2,21,19860626,1800,,TS,30.9N,94.7W,35,1000,,,,,,,,,,,,
AL,BONNIE,1986,2,21,19860627,0,,TD,31.8N,94.7W,30,1009,,,,,,,,,,,,
AL,BONNIE,1986,2,21,19860627,600,,TD,32.8N,94.7W,25,1015,,,,,,,,,,,,
AL,BONNIE,1986,2,21,19860627,1200,,TD,33.9N,94.3W,20,1016,,,,,,,,,,,,
AL,BONNIE,1986,2,21,19860627,1800,,TD,34.8N,93.5W,20,1016,,,,,,,,,,,,
AL,BONNIE,1986,2,21,19860628,0,,TD,35.6N,92.5W,15,1014,,,,,,,,,,,,
AL,BONNIE,1986,2,21,19860628,600,,TD,36.5N,91.3W,10,1013,,,,,,,,,,,,
AL,BONNIE,1986,2,21,19860628,1200,,TD,37.2N,90.0W,10,1012,,,,,,,,,,,,
AL,UNNAMED,1986,3,21,19860723,1200,,TD,24.0N,54.9W,20,,,,,,,,,,,,,
AL,UNNAMED,1986,3,21,19860723,1800,,TD,24.3N,56.1W,20,,,,,,,,,,,,,
AL,UNNAMED,1986,3,21,19860724,0,,TD,24.6N,57.5W,20,,,,,,,,,,,,,
AL,UNNAMED,1986,3,21,19860724,600,,TD,24.8N,58.9W,25,,,,,,,,,,,,,
AL,UNNAMED,1986,3,21,19860724,1200,,TD,25.0N,60.0W,25,,,,,,,,,,,,,
AL,UNNAMED,1986,3,21,19860724,1800,,TD,25.5N,61.0W,25,,,,,,,,,,,,,
AL,UNNAMED,1986,3,21,19860725,0,,TD,26.0N,61.8W,25,,,,,,,,,,,,,
AL,UNNAMED,1986,3,21,19860725,600,,TD,26.4N,62.3W,25,,,,,,,,,,,,,
AL,UNNAMED,1986,3,21,19860725,1200,,TD,27.0N,63.0W,25,,,,,,,,,,,,,
AL,UNNAMED,1986,3,21,19860725,1800,,TD,27.9N,63.8W,30,,,,,,,,,,,,,
AL,UNNAMED,1986,3,21,19860726,0,,TD,28.5N,64.2W,30,,,,,,,,,,,,,
AL,UNNAMED,1986,3,21,19860726,600,,TD,29.4N,64.9W,30,,,,,,,,,,,,,
AL,UNNAMED,1986,3,21,19860726,1200,,TD,30.0N,65.5W,30,,,,,,,,,,,,,
AL,UNNAMED,1986,3,21,19860726,1800,,TD,31.2N,65.3W,25,,,,,,,,,,,,,
AL,UNNAMED,1986,3,21,19860727,0,,TD,32.0N,65.2W,25,,,,,,,,,,,,,
AL,UNNAMED,1986,3,21,19860727,600,,TD,33.0N,65.1W,25,,,,,,,,,,,,,
AL,UNNAMED,1986,3,21,19860727,1200,,TD,34.0N,65.0W,25,,,,,,,,,,,,,
AL,UNNAMED,1986,3,21,19860727,1800,,TD,36.0N,63.9W,25,,,,,,,,,,,,,
AL,UNNAMED,1986,3,21,19860728,0,,TD,37.8N,62.5W,20,,,,,,,,,,,,,
AL,UNNAMED,1986,3,21,19860728,600,,TD,38.5N,61.0W,20,,,,,,,,,,,,,
AL,UNNAMED,1986,3,21,19860728,1200,,TD,41.2N,59.8W,20,,,,,,,,,,,,,
AL,UNNAMED,1986,4,7,19860804,600,,TD,24.0N,92.9W,25,,,,,,,,,,,,,
AL,UNNAMED,1986,4,7,19860804,1200,,TD,24.3N,93.9W,25,,,,,,,,,,,,,
AL,UNNAMED,1986,4,7,19860804,1800,,TD,25.1N,94.5W,30,,,,,,,,,,,,,
AL,UNNAMED,1986,4,7,19860805,0,,TD,25.9N,95.2W,30,,,,,,,,,,,,,
AL,UNNAMED,1986,4,7,19860805,600,,TD,26.8N,96.0W,30,,,,,,,,,,,,,
AL,UNNAMED,1986,4,7,19860805,1200,,TD,27.2N,97.0W,25,,,,,,,,,,,,,
AL,UNNAMED,1986,4,7,19860805,1800,,TD,28.0N,97.8W,-99,,,,,,,,,,,,,
AL,CHARLEY,1986,5,68,19860813,1200,,SD,30.1N,84.0W,10,1009,,,,,,,,,,,,
AL,CHARLEY,1986,5,68,19860813,1800,,SD,30.8N,84.0W,10,1012,,,,,,,,,,,,
AL,CHARLEY,1986,5,68,19860814,0,,SD,31.4N,83.6W,10,1013,,,,,,,,,,,,
AL,CHARLEY,1986,5,68,19860814,600,,SD,32.0N,83.1W,10,1014,,,,,,,,,,,,
AL,CHARLEY,1986,5,68,19860814,1200,,SD,32.5N,82.5W,10,1015,,,,,,,,,,,,
AL,CHARLEY,1986,5,68,19860814,1800,,SD,32.4N,82.0W,10,1015,,,,,,,,,,,,
AL,CHARLEY,1986,5,68,19860815,0,,SD,32.3N,81.2W,15,1013,,,,,,,,,,,,
AL,CHARLEY,1986,5,68,19860815,600,,SD,32.3N,80.0W,15,1013,,,,,,,,,,,,
AL,CHARLEY,1986,5,68,19860815,1200,,TD,32.2N,79.0W,30,1009,,,,,,,,,,,,
AL,CHARLEY,1986,5,68,19860815,1800,,TS,32.2N,78.5W,35,1007,,,,,,,,,,,,
AL,CHARLEY,1986,5,68,19860816,0,,TS,32.3N,78.1W,40,1004,,,,,,,,,,,,
AL,CHARLEY,1986,5,68,19860816,600,,TS,32.4N,77.9W,40,1002,,,,,,,,,,,,
AL,CHARLEY,1986,5,68,19860816,1200,,TS,32.6N,77.6W,45,999,,,,,,,,,,,,
AL,CHARLEY,1986,5,68,19860816,1800,,TS,32.9N,77.4W,50,997,,,,,,,,,,,,
AL,CHARLEY,1986,5,68,19860817,0,,TS,33.2N,77.1W,55,995,,,,,,,,,,,,
AL,CHARLEY,1986,5,68,19860817,600,,TS,33.7N,76.9W,60,993,,,,,,,,,,,,
AL,CHARLEY,1986,5,68,19860817,1200,,HU,34.4N,76.6W,65,991,,,,,,,,,,,,
AL,CHARLEY,1986,5,68,19860817,1400,L,HU,34.7N,76.5W,65,990,,,,,,,,,,,,
AL,CHARLEY,1986,5,68,19860817,1800,,HU,35.4N,76.2W,65,988,,,,,,,,,,,,
AL,CHARLEY,1986,5,68,19860818,0,,HU,36.5N,75.8W,70,987,,,,,,,,,,,,
AL,CHARLEY,1986,5,68,19860818,600,,HU,37.4N,75.2W,65,990,,,,,,,,,,,,
AL,CHARLEY,1986,5,68,19860818,1200,,TS,38.2N,74.1W,60,992,,,,,,,,,,,,
AL,CHARLEY,1986,5,68,19860818,1800,,TS,39.0N,72.6W,60,994,,,,,,,,,,,,
AL,CHARLEY,1986,5,68,19860819,0,,TS,39.7N,70.9W,55,997,,,,,,,,,,,,
AL,CHARLEY,1986,5,68,19860819,600,,TS,40.4N,69.1W,50,999,,,,,,,,,,,,
AL,CHARLEY,1986,5,68,19860819,1200,,TS,40.9N,67.5W,45,1000,,,,,,,,,,,,
AL,CHARLEY,1986,5,68,19860819,1800,,TS,41.3N,65.8W,45,1002,,,,,,,,,,,,
AL,CHARLEY,1986,5,68,19860820,0,,TS,41.5N,64.0W,40,1003,,,,,,,,,,,,
AL,CHARLEY,1986,5,68,19860820,600,,TS,41.6N,62.5W,40,1004,,,,,,,,,,,,
AL,CHARLEY,1986,5,68,19860820,1200,,TS,41.7N,60.2W,40,1005,,,,,,,,,,,,
AL,CHARLEY,1986,5,68,19860820,1800,,TS,41.7N,58.4W,40,1005,,,,,,,,,,,,
AL,CHARLEY,1986,5,68,19860821,0,,EX,41.6N,56.6W,40,1000,,,,,,,,,,,,
AL,CHARLEY,1986,5,68,19860821,600,,EX,41.5N,54.8W,40,997,,,,,,,,,,,,
AL,CHARLEY,1986,5,68,19860821,1200,,EX,41.4N,53.2W,40,992,,,,,,,,,,,,
AL,CHARLEY,1986,5,68,19860821,1800,,EX,41.3N,51.2W,45,991,,,,,,,,,,,,
AL,CHARLEY,1986,5,68,19860822,0,,EX,41.3N,49.4W,45,990,,,,,,,,,,,,
AL,CHARLEY,1986,5,68,19860822,600,,EX,41.3N,47.6W,45,989,,,,,,,,,,,,
AL,CHARLEY,1986,5,68,19860822,1200,,EX,41.4N,46.2W,45,989,,,,,,,,,,,,
AL,CHARLEY,1986,5,68,19860822,1800,,EX,41.5N,44.8W,45,989,,,,,,,,,,,,
AL,CHARLEY,1986,5,68,19860823,0,,EX,41.8N,43.2W,45,988,,,,,,,,,,,,
AL,CHARLEY,1986,5,68,19860823,600,,EX,42.3N,41.6W,45,989,,,,,,,,,,,,
AL,CHARLEY,1986,5,68,19860823,1200,,EX,43.0N,39.6W,45,989,,,,,,,,,,,,
AL,CHARLEY,1986,5,68,19860823,1800,,EX,43.9N,37.2W,45,989,,,,,,,,,,,,
AL,CHARLEY,1986,5,68,19860824,0,,EX,44.9N,34.4W,45,990,,,,,,,,,,,,
AL,CHARLEY,1986,5,68,19860824,600,,EX,46.0N,31.6W,40,992,,,,,,,,,,,,
AL,CHARLEY,1986,5,68,19860824,1200,,EX,47.0N,28.8W,40,995,,,,,,,,,,,,
AL,CHARLEY,1986,5,68,19860824,1800,,EX,48.2N,26.0W,40,997,,,,,,,,,,,,
AL,CHARLEY,1986,5,68,19860825,0,,EX,49.2N,21.6W,40,999,,,,,,,,,,,,
AL,CHARLEY,1986,5,68,19860825,600,,EX,50.0N,16.4W,40,1000,,,,,,,,,,,,
AL,CHARLEY,1986,5,68,19860825,1200,,EX,50.7N,11.4W,40,994,,,,,,,,,,,,
AL,CHARLEY,1986,5,68,19860825,1800,,EX,51.4N,7.2W,50,988,,,,,,,,,,,,
AL,CHARLEY,1986,5,68,19860826,0,,EX,52.2N,4.4W,45,981,,,,,,,,,,,,
AL,CHARLEY,1986,5,68,19860826,600,,EX,52.9N,2.0W,45,980,,,,,,,,,,,,
AL,CHARLEY,1986,5,68,19860826,1200,,EX,53.6N,0.0W,45,982,,,,,,,,,,,,
AL,CHARLEY,1986,5,68,19860826,1800,,EX,54.3N,2.0E,45,986,,,,,,,,,,,,
AL,CHARLEY,1986,5,68,19860827,0,,EX,55.0N,3.7E,45,984,,,,,,,,,,,,
AL,CHARLEY,1986,5,68,19860827,600,,EX,55.5N,5.0E,45,983,,,,,,,,,,,,
AL,CHARLEY,1986,5,68,19860827,1200,,EX,56.0N,5.8E,35,985,,,,,,,,,,,,
AL,CHARLEY,1986,5,68,19860827,1800,,EX,56.3N,6.0E,35,989,,,,,,,,,,,,
AL,CHARLEY,1986,5,68,19860828,0,,EX,56.6N,6.0E,35,989,,,,,,,,,,,,
AL,CHARLEY,1986,5,68,19860828,600,,EX,56.8N,6.0E,35,991,,,,,,,,,,,,
AL,CHARLEY,1986,5,68,19860828,1200,,EX,57.0N,6.0E,30,998,,,,,,,,,,,,
AL,CHARLEY,1986,5,68,19860828,1800,,EX,57.0N,5.5E,30,999,,,,,,,,,,,,
AL,CHARLEY,1986,5,68,19860829,0,,EX,57.0N,5.0E,25,1002,,,,,,,,,,,,
AL,CHARLEY,1986,5,68,19860829,600,,EX,56.8N,5.0E,20,1004,,,,,,,,,,,,
AL,CHARLEY,1986,5,68,19860829,1200,,EX,56.5N,5.0E,20,1004,,,,,,,,,,,,
AL,CHARLEY,1986,5,68,19860829,1800,,EX,56.2N,6.0E,15,1004,,,,,,,,,,,,
AL,CHARLEY,1986,5,68,19860830,0,,EX,56.2N,8.0E,15,1006,,,,,,,,,,,,
AL,UNNAMED,1986,6,21,19860830,1200,,TD,12.5N,34.5W,20,,,,,,,,,,,,,
AL,UNNAMED,1986,6,21,19860830,1800,,TD,12.8N,35.8W,25,,,,,,,,,,,,,
AL,UNNAMED,1986,6,21,19860831,0,,TD,13.0N,37.0W,25,,,,,,,,,,,,,
AL,UNNAMED,1986,6,21,19860831,600,,TD,13.2N,38.2W,25,,,,,,,,,,,,,
AL,UNNAMED,1986,6,21,19860831,1200,,TD,13.3N,39.5W,25,,,,,,,,,,,,,
AL,UNNAMED,1986,6,21,19860831,1800,,TD,13.8N,40.8W,30,,,,,,,,,,,,,
AL,UNNAMED,1986,6,21,19860901,0,,TD,14.0N,42.0W,30,,,,,,,,,,,,,
AL,UNNAMED,1986,6,21,19860901,600,,TD,14.2N,43.2W,30,,,,,,,,,,,,,
AL,UNNAMED,1986,6,21,19860901,1200,,TD,14.5N,44.5W,30,,,,,,,,,,,,,
AL,UNNAMED,1986,6,21,19860901,1800,,TD,16.0N,46.0W,30,,,,,,,,,,,,,
AL,UNNAMED,1986,6,21,19860902,0,,TD,17.0N,47.0W,30,,,,,,,,,,,,,
AL,UNNAMED,1986,6,21,19860902,600,,TD,18.2N,48.2W,30,,,,,,,,,,,,,
AL,UNNAMED,1986,6,21,19860902,1200,,TD,19.4N,49.7W,30,,,,,,,,,,,,,
AL,UNNAMED,1986,6,21,19860902,1800,,TD,20.8N,50.9W,30,,,,,,,,,,,,,
AL,UNNAMED,1986,6,21,19860903,0,,TD,21.9N,52.0W,30,,,,,,,,,,,,,
AL,UNNAMED,1986,6,21,19860903,600,,TD,23.0N,53.0W,30,,,,,,,,,,,,,
AL,UNNAMED,1986,6,21,19860903,1200,,TD,24.0N,54.0W,25,,,,,,,,,,,,,
AL,UNNAMED,1986,6,21,19860903,1800,,TD,26.0N,54.7W,25,,,,,,,,,,,,,
AL,UNNAMED,1986,6,21,19860904,0,,TD,27.2N,55.2W,25,,,,,,,,,,,,,
AL,UNNAMED,1986,6,21,19860904,600,,TD,29.0N,55.6W,25,,,,,,,,,,,,,
AL,UNNAMED,1986,6,21,19860904,1200,,TD,30.8N,56.0W,20,,,,,,,,,,,,,
AL,UNNAMED,1986,7,13,19860901,1200,,TD,17.6N,86.2W,20,,,,,,,,,,,,,
AL,UNNAMED,1986,7,13,19860901,1800,,TD,18.0N,87.8W,20,,,,,,,,,,,,,
AL,UNNAMED,1986,7,13,19860902,0,,TD,18.5N,88.8W,20,,,,,,,,,,,,,
AL,UNNAMED,1986,7,13,19860902,600,,TD,19.0N,90.0W,20,,,,,,,,,,,,,
AL,UNNAMED,1986,7,13,19860902,1200,,TD,19.2N,91.0W,25,,,,,,,,,,,,,
AL,UNNAMED,1986,7,13,19860902,1800,,TD,19.7N,92.0W,25,,,,,,,,,,,,,
AL,UNNAMED,1986,7,13,19860903,0,,TD,20.0N,93.0W,25,,,,,,,,,,,,,
AL,UNNAMED,1986,7,13,19860903,600,,TD,20.2N,94.0W,30,,,,,,,,,,,,,
AL,UNNAMED,1986,7,13,19860903,1200,,TD,20.7N,95.0W,30,,,,,,,,,,,,,
AL,UNNAMED,1986,7,13,19860903,1800,,TD,21.1N,96.1W,30,,,,,,,,,,,,,
AL,UNNAMED,1986,7,13,19860904,0,,TD,21.8N,97.1W,25,,,,,,,,,,,,,
AL,UNNAMED,1986,7,13,19860904,600,,TD,22.1N,98.0W,25,,,,,,,,,,,,,
AL,UNNAMED,1986,7,13,19860904,1200,,TD,22.9N,99.0W,-99,,,,,,,,,,,,,
AL,DANIELLE,1986,8,14,19860907,600,,TD,10.5N,52.0W,25,1008,,,,,,,,,,,,
AL,DANIELLE,1986,8,14,19860907,1200,,TD,11.0N,54.0W,30,1005,,,,,,,,,,,,
AL,DANIELLE,1986,8,14,19860907,1800,,TS,11.2N,55.8W,35,1003,,,,,,,,,,,,
AL,DANIELLE,1986,8,14,19860908,0,,TS,11.8N,57.5W,45,1000,,,,,,,,,,,,
AL,DANIELLE,1986,8,14,19860908,600,,TS,12.2N,59.4W,50,1000,,,,,,,,,,,,
AL,DANIELLE,1986,8,14,19860908,1200,,TS,12.5N,61.2W,50,1002,,,,,,,,,,,,
AL,DANIELLE,1986,8,14,19860908,1800,,TS,13.0N,63.0W,50,1002,,,,,,,,,,,,
AL,DANIELLE,1986,8,14,19860909,0,,TS,13.4N,64.8W,45,1004,,,,,,,,,,,,
AL,DANIELLE,1986,8,14,19860909,600,,TS,13.8N,66.5W,40,1006,,,,,,,,,,,,
AL,DANIELLE,1986,8,14,19860909,1200,,TS,14.0N,68.5W,35,1008,,,,,,,,,,,,
AL,DANIELLE,1986,8,14,19860909,1800,,TD,14.5N,70.5W,30,1010,,,,,,,,,,,,
AL,DANIELLE,1986,8,14,19860910,0,,TD,14.8N,72.5W,30,1012,,,,,,,,,,,,
AL,DANIELLE,1986,8,14,19860910,600,,TD,14.9N,75.5W,30,1012,,,,,,,,,,,,
AL,DANIELLE,1986,8,14,19860910,1200,,TD,14.8N,78.5W,30,1013,,,,,,,,,,,,
AL,EARL,1986,9,38,19860910,1800,,TD,21.8N,50.8W,30,1010,,,,,,,,,,,,
AL,EARL,1986,9,38,19860911,0,,TS,22.4N,51.6W,35,1009,,,,,,,,,,,,
AL,EARL,1986,9,38,19860911,600,,TS,23.2N,52.3W,45,1006,,,,,,,,,,,,
AL,EARL,1986,9,38,19860911,1200,,TS,24.1N,52.9W,55,1002,,,,,,,,,,,,
AL,EARL,1986,9,38,19860911,1800,,HU,25.0N,53.4W,70,999,,,,,,,,,,,,
AL,EARL,1986,9,38,19860912,0,,HU,25.6N,53.8W,75,996,,,,,,,,,,,,
AL,EARL,1986,9,38,19860912,600,,HU,26.3N,54.3W,80,993,,,,,,,,,,,,
AL,EARL,1986,9,38,19860912,1200,,HU,26.8N,54.8W,85,988,,,,,,,,,,,,
AL,EARL,1986,9,38,19860912,1800,,HU,27.2N,55.4W,90,985,,,,,,,,,,,,
AL,EARL,1986,9,38,19860913,0,,HU,28.1N,55.5W,90,983,,,,,,,,,,,,
AL,EARL,1986,9,38,19860913,600,,HU,28.8N,55.3W,90,983,,,,,,,,,,,,
AL,EARL,1986,9,38,19860913,1200,,HU,29.5N,54.9W,90,983,,,,,,,,,,,,
AL,EARL,1986,9,38,19860913,1800,,HU,30.1N,54.7W,90,983,,,,,,,,,,,,
AL,EARL,1986,9,38,19860914,0,,HU,30.4N,53.8W,90,982,,,,,,,,,,,,
AL,EARL,1986,9,38,19860914,600,,HU,30.5N,53.1W,90,980,,,,,,,,,,,,
AL,EARL,1986,9,38,19860914,1200,,HU,30.6N,52.4W,90,979,,,,,,,,,,,,
AL,EARL,1986,9,38,19860914,1800,,HU,30.6N,51.7W,90,979,,,,,,,,,,,,
AL,EARL,1986,9,38,19860915,0,,HU,30.4N,51.1W,90,980,,,,,,,,,,,,
AL,EARL,1986,9,38,19860915,600,,HU,30.0N,50.6W,90,980,,,,,,,,,,,,
AL,EARL,1986,9,38,19860915,1200,,HU,29.6N,50.1W,90,981,,,,,,,,,,,,
AL,EARL,1986,9,38,19860915,1800,,HU,29.2N,49.6W,85,982,,,,,,,,,,,,
AL,EARL,1986,9,38,19860916,0,,HU,29.0N,49.0W,80,983,,,,,,,,,,,,
AL,EARL,1986,9,38,19860916,600,,HU,28.7N,48.5W,80,983,,,,,,,,,,,,
AL,EARL,1986,9,38,19860916,1200,,HU,29.1N,48.9W,75,984,,,,,,,,,,,,
AL,EARL,1986,9,38,19860916,1800,,HU,29.5N,49.3W,75,984,,,,,,,,,,,,
AL,EARL,1986,9,38,19860917,0,,HU,29.9N,49.9W,75,985,,,,,,,,,,,,
AL,EARL,1986,9,38,19860917,600,,HU,30.6N,50.3W,70,985,,,,,,,,,,,,
AL,EARL,1986,9,38,19860917,1200,,HU,31.4N,50.9W,70,986,,,,,,,,,,,,
AL,EARL,1986,9,38,19860917,1800,,HU,32.6N,50.7W,70,986,,,,,,,,,,,,
AL,EARL,1986,9,38,19860918,0,,HU,34.0N,50.4W,70,987,,,,,,,,,,,,
AL,EARL,1986,9,38,19860918,600,,HU,36.0N,49.6W,65,988,,,,,,,,,,,,
AL,EARL,1986,9,38,19860918,1200,,HU,38.3N,48.4W,65,989,,,,,,,,,,,,
AL,EARL,1986,9,38,19860918,1800,,HU,41.0N,47.5W,65,990,,,,,,,,,,,,
AL,EARL,1986,9,38,19860919,0,,EX,43.5N,46.3W,60,992,,,,,,,,,,,,
AL,EARL,1986,9,38,19860919,600,,EX,46.2N,44.8W,60,993,,,,,,,,,,,,
AL,EARL,1986,9,38,19860919,1200,,EX,49.0N,42.0W,55,995,,,,,,,,,,,,
AL,EARL,1986,9,38,19860919,1800,,EX,52.0N,39.5W,55,996,,,,,,,,,,,,
AL,EARL,1986,9,38,19860920,0,,EX,56.0N,34.0W,55,997,,,,,,,,,,,,
AL,FRANCES,1986,10,13,19861118,1800,,TD,22.8N,62.8W,30,1009,,,,,,,,,,,,
AL,FRANCES,1986,10,13,19861119,0,,TD,23.5N,62.9W,30,1008,,,,,,,,,,,,
AL,FRANCES,1986,10,13,19861119,600,,TS,23.9N,62.9W,35,1007,,,,,,,,,,,,
AL,FRANCES,1986,10,13,19861119,1200,,TS,24.4N,62.8W,40,1006,,,,,,,,,,,,
AL,FRANCES,1986,10,13,19861119,1800,,TS,24.8N,62.7W,50,1004,,,,,,,,,,,,
AL,FRANCES,1986,10,13,19861120,0,,TS,25.8N,62.1W,55,1002,,,,,,,,,,,,
AL,FRANCES,1986,10,13,19861120,600,,HU,27.0N,61.0W,65,1001,,,,,,,,,,,,
AL,FRANCES,1986,10,13,19861120,1200,,HU,27.8N,59.6W,75,1000,,,,,,,,,,,,
AL,FRANCES,1986,10,13,19861120,1800,,HU,28.5N,58.7W,75,1000,,,,,,,,,,,,
AL,FRANCES,1986,10,13,19861121,0,,HU,29.1N,58.2W,70,1001,,,,,,,,,,,,
AL,FRANCES,1986,10,13,19861121,600,,HU,29.7N,58.0W,65,1002,,,,,,,,,,,,
AL,FRANCES,1986,10,13,19861121,1200,,TS,30.4N,57.9W,55,1003,,,,,,,,,,,,
AL,FRANCES,1986,10,13,19861121,1800,,TS,31.1N,57.9W,45,1005,,,,,,,,,,,,
AL,UNNAMED,1987,1,31,19870524,1200,,TD,21.2N,68.5W,25,,,,,,,,,,,,,
AL,UNNAMED,1987,1,31,19870524,1800,,TD,21.5N,69.0W,25,,,,,,,,,,,,,
AL,UNNAMED,1987,1,31,19870525,0,,TD,22.0N,69.5W,25,,,,,,,,,,,,,
AL,UNNAMED,1987,1,31,19870525,600,,TD,22.6N,69.5W,25,,,,,,,,,,,,,
AL,UNNAMED,1987,1,31,19870525,1200,,TD,23.3N,69.3W,30,,,,,,,,,,,,,
AL,UNNAMED,1987,1,31,19870525,1800,,TD,24.0N,69.0W,30,,,,,,,,,,,,,
AL,UNNAMED,1987,1,31,19870526,0,,TD,24.6N,68.8W,30,,,,,,,,,,,,,
AL,UNNAMED,1987,1,31,19870526,600,,TD,25.3N,69.0W,30,,,,,,,,,,,,,
AL,UNNAMED,1987,1,31,19870526,1200,,TD,26.0N,69.4W,30,,,,,,,,,,,,,
AL,UNNAMED,1987,1,31,19870526,1800,,TD,25.7N,69.4W,30,,,,,,,,,,,,,
AL,UNNAMED,1987,1,31,19870527,0,,TD,26.5N,68.8W,30,,,,,,,,,,,,,
AL,UNNAMED,1987,1,31,19870527,600,,TD,26.8N,69.6W,30,,,,,,,,,,,,,
AL,UNNAMED,1987,1,31,19870527,1200,,TD,26.1N,69.9W,30,,,,,,,,,,,,,
AL,UNNAMED,1987,1,31,19870527,1800,,TD,25.8N,69.6W,30,,,,,,,,,,,,,
AL,UNNAMED,1987,1,31,19870528,0,,TD,25.4N,69.7W,30,,,,,,,,,,,,,
AL,UNNAMED,1987,1,31,19870528,600,,TD,25.3N,70.1W,30,,,,,,,,,,,,,
AL,UNNAMED,1987,1,31,19870528,1200,,TD,25.3N,70.8W,30,,,,,,,,,,,,,
AL,UNNAMED,1987,1,31,19870528,1800,,TD,25.3N,71.7W,30,,,,,,,,,,,,,
AL,UNNAMED,1987,1,31,19870529,0,,TD,25.4N,72.5W,30,,,,,,,,,,,,,
AL,UNNAMED,1987,1,31,19870529,600,,TD,25.5N,73.3W,30,,,,,,,,,,,,,
AL,UNNAMED,1987,1,31,19870529,1200,,TD,25.6N,74.1W,30,,,,,,,,,,,,,
AL,UNNAMED,1987,1,31,19870529,1800,,TD,25.7N,75.0W,30,,,,,,,,,,,,,
AL,UNNAMED,1987,1,31,19870530,0,,TD,25.8N,75.7W,30,,,,,,,,,,,,,
AL,UNNAMED,1987,1,31,19870530,600,,TD,25.8N,76.5W,30,,,,,,,,,,,,,
AL,UNNAMED,1987,1,31,19870530,1200,,TD,25.9N,77.3W,30,,,,,,,,,,,,,
AL,UNNAMED,1987,1,31,19870530,1800,,TD,25.8N,78.5W,30,,,,,,,,,,,,,
AL,UNNAMED,1987,1,31,19870531,0,,TD,25.3N,79.4W,30,,,,,,,,,,,,,
AL,UNNAMED,1987,1,31,19870531,600,,TD,24.7N,80.2W,30,,,,,,,,,,,,,
AL,UNNAMED,1987,1,31,19870531,1200,,TD,24.6N,80.6W,25,,,,,,,,,,,,,
AL,UNNAMED,1987,1,31,19870531,1800,,TD,24.5N,81.0W,20,,,,,,,,,,,,,
AL,UNNAMED,1987,1,31,19870601,0,,TD,24.4N,81.7W,15,,,,,,,,,,,,,
AL,UNNAMED,1987,3,32,19870809,1200,,TD,26.3N,93.6W,30,1010,,,,,,,,,,,,
AL,UNNAMED,1987,3,32,19870809,1800,,TS,27.3N,94.0W,35,1008,,,,,,,,,,,,
AL,UNNAMED,1987,3,32,19870810,0,,TS,28.4N,94.4W,40,1008,,,,,,,,,,,,
AL,UNNAMED,1987,3,32,19870810,600,L,TS,29.5N,94.5W,40,1009,,,,,,,,,,,,
AL,UNNAMED,1987,3,32,19870810,1200,,TS,30.5N,94.5W,40,1009,,,,,,,,,,,,
AL,UNNAMED,1987,3,32,19870810,1800,,TD,31.3N,94.1W,30,1009,,,,,,,,,,,,
AL,UNNAMED,1987,3,32,19870811,0,,TD,31.8N,93.5W,25,1009,,,,,,,,,,,,
AL,UNNAMED,1987,3,32,19870811,600,,TD,32.3N,92.7W,25,1009,,,,,,,,,,,,
AL,UNNAMED,1987,3,32,19870811,1200,,TD,32.3N,91.8W,25,1008,,,,,,,,,,,,
AL,UNNAMED,1987,3,32,19870811,1800,,TD,32.2N,91.2W,25,1008,,,,,,,,,,,,
AL,UNNAMED,1987,3,32,19870812,0,,TD,32.1N,90.6W,25,1007,,,,,,,,,,,,
AL,UNNAMED,1987,3,32,19870812,600,,TD,32.0N,90.2W,25,1007,,,,,,,,,,,,
AL,UNNAMED,1987,3,32,19870812,1200,,TD,32.0N,89.7W,25,1007,,,,,,,,,,,,
AL,UNNAMED,1987,3,32,19870812,1800,,TD,32.0N,89.3W,20,1007,,,,,,,,,,,,
AL,UNNAMED,1987,3,32,19870813,0,,TD,31.9N,88.8W,20,1008,,,,,,,,,,,,
AL,UNNAMED,1987,3,32,19870813,600,,TD,31.8N,88.4W,20,1008,,,,,,,,,,,,
AL,UNNAMED,1987,3,32,19870813,1200,,TD,31.7N,88.0W,20,1009,,,,,,,,,,,,
AL,UNNAMED,1987,3,32,19870813,1800,,TD,31.5N,87.7W,15,1009,,,,,,,,,,,,
AL,UNNAMED,1987,3,32,19870814,0,,TD,31.3N,87.4W,15,1010,,,,,,,,,,,,
AL,UNNAMED,1987,3,32,19870814,600,,TD,31.1N,87.1W,15,1010,,,,,,,,,,,,
AL,UNNAMED,1987,3,32,19870814,1200,,TD,30.8N,86.8W,15,1010,,,,,,,,,,,,
AL,UNNAMED,1987,3,32,19870814,1800,,TD,30.6N,86.6W,15,1011,,,,,,,,,,,,
AL,UNNAMED,1987,3,32,19870815,0,,TD,30.3N,86.3W,15,1011,,,,,,,,,,,,
AL,UNNAMED,1987,3,32,19870815,600,,TD,30.0N,86.0W,15,1011,,,,,,,,,,,,
AL,UNNAMED,1987,3,32,19870815,1200,,TD,29.8N,85.6W,15,1012,,,,,,,,,,,,
AL,UNNAMED,1987,3,32,19870815,1800,,TD,29.7N,85.0W,15,1012,,,,,,,,,,,,
AL,UNNAMED,1987,3,32,19870816,0,,TD,29.8N,84.5W,15,1013,,,,,,,,,,,,
AL,UNNAMED,1987,3,32,19870816,600,,TD,30.2N,84.0W,15,1014,,,,,,,,,,,,
AL,UNNAMED,1987,3,32,19870816,1200,,TD,30.5N,83.7W,15,1014,,,,,,,,,,,,
AL,UNNAMED,1987,3,32,19870816,1800,,TD,30.9N,83.2W,10,1014,,,,,,,,,,,,
AL,UNNAMED,1987,3,32,19870817,0,,TD,31.4N,82.9W,10,1015,,,,,,,,,,,,
AL,UNNAMED,1987,3,32,19870817,600,,TD,31.8N,82.3W,10,1015,,,,,,,,,,,,
AL,ARLENE,1987,2,81,19870808,0,,LO,34.3N,77.5W,10,1016,,,,,,,,,,,,
AL,ARLENE,1987,2,81,19870808,600,,LO,33.8N,76.7W,10,1016,,,,,,,,,,,,
AL,ARLENE,1987,2,81,19870808,1200,,LO,33.0N,76.0W,10,1015,,,,,,,,,,,,
AL,ARLENE,1987,2,81,19870808,1800,,LO,32.0N,75.6W,10,1015,,,,,,,,,,,,
AL,ARLENE,1987,2,81,19870809,0,,LO,31.0N,75.2W,10,1014,,,,,,,,,,,,
AL,ARLENE,1987,2,81,19870809,600,,LO,30.0N,75.0W,10,1014,,,,,,,,,,,,
AL,ARLENE,1987,2,81,19870809,1200,,LO,29.0N,75.1W,15,1013,,,,,,,,,,,,
AL,ARLENE,1987,2,81,19870809,1800,,LO,28.1N,75.4W,15,1012,,,,,,,,,,,,
AL,ARLENE,1987,2,81,19870810,0,,LO,27.2N,75.8W,15,1011,,,,,,,,,,,,
AL,ARLENE,1987,2,81,19870810,600,,LO,26.3N,76.3W,20,1010,,,,,,,,,,,,
AL,ARLENE,1987,2,81,19870810,1200,,LO,25.5N,76.9W,20,1009,,,,,,,,,,,,
AL,ARLENE,1987,2,81,19870810,1800,,TD,25.0N,78.0W,25,1009,,,,,,,,,,,,
AL,ARLENE,1987,2,81,19870811,0,,TD,26.2N,78.2W,25,1009,,,,,,,,,,,,
AL,ARLENE,1987,2,81,19870811,600,,TD,27.2N,77.2W,25,1008,,,,,,,,,,,,
AL,ARLENE,1987,2,81,19870811,1200,,TD,28.3N,75.7W,25,1008,,,,,,,,,,,,
AL,ARLENE,1987,2,81,19870811,1800,,TS,29.4N,74.4W,35,1006,,,,,,,,,,,,
AL,ARLENE,1987,2,81,19870812,0,,TS,30.7N,73.2W,40,1002,,,,,,,,,,,,
AL,ARLENE,1987,2,81,19870812,600,,TS,31.4N,72.3W,40,1001,,,,,,,,,,,,
AL,ARLENE,1987,2,81,19870812,1200,,TS,32.0N,71.0W,45,1000,,,,,,,,,,,,
AL,ARLENE,1987,2,81,19870812,1800,,TS,32.4N,69.7W,45,999,,,,,,,,,,,,
AL,ARLENE,1987,2,81,19870813,0,,TS,32.6N,68.3W,55,997,,,,,,,,,,,,
AL,ARLENE,1987,2,81,19870813,600,,TS,32.9N,67.0W,55,997,,,,,,,,,,,,
AL,ARLENE,1987,2,81,19870813,1200,,TS,33.0N,65.5W,55,998,,,,,,,,,,,,
AL,ARLENE,1987,2,81,19870813,1800,,TS,33.0N,64.5W,55,999,,,,,,,,,,,,
AL,ARLENE,1987,2,81,19870814,0,,TS,33.0N,63.6W,50,1002,,,,,,,,,,,,
AL,ARLENE,1987,2,81,19870814,600,,TS,32.9N,62.8W,45,1003,,,,,,,,,,,,
AL,ARLENE,1987,2,81,19870814,1200,,TS,32.8N,62.3W,50,996,,,,,,,,,,,,
AL,ARLENE,1987,2,81,19870814,1800,,TS,32.6N,61.8W,55,994,,,,,,,,,,,,
AL,ARLENE,1987,2,81,19870815,0,,TS,32.4N,61.3W,55,994,,,,,,,,,,,,
AL,ARLENE,1987,2,81,19870815,600,,TS,32.2N,60.8W,55,995,,,,,,,,,,,,
AL,ARLENE,1987,2,81,19870815,1200,,TS,31.7N,60.3W,50,996,,,,,,,,,,,,
AL,ARLENE,1987,2,81,19870815,1800,,TS,31.3N,60.0W,45,998,,,,,,,,,,,,
AL,ARLENE,1987,2,81,19870816,0,,TS,30.9N,59.6W,45,999,,,,,,,,,,,,
AL,ARLENE,1987,2,81,19870816,600,,TS,30.5N,59.3W,45,1000,,,,,,,,,,,,
AL,ARLENE,1987,2,81,19870816,1200,,TS,30.2N,59.0W,45,1000,,,,,,,,,,,,
AL,ARLENE,1987,2,81,19870816,1800,,TS,29.9N,58.7W,45,1000,,,,,,,,,,,,
AL,ARLENE,1987,2,81,19870817,0,,TS,29.8N,58.2W,45,1000,,,,,,,,,,,,
AL,ARLENE,1987,2,81,19870817,600,,TS,29.8N,57.8W,45,1001,,,,,,,,,,,,
AL,ARLENE,1987,2,81,19870817,1200,,TS,29.9N,57.3W,40,1002,,,,,,,,,,,,
AL,ARLENE,1987,2,81,19870817,1800,,TS,30.2N,56.8W,40,1003,,,,,,,,,,,,
AL,ARLENE,1987,2,81,19870818,0,,TS,30.9N,56.2W,35,1004,,,,,,,,,,,,
AL,ARLENE,1987,2,81,19870818,600,,TS,31.5N,55.7W,35,1005,,,,,,,,,,,,
AL,ARLENE,1987,2,81,19870818,1200,,TS,32.4N,54.7W,35,1005,,,,,,,,,,,,
AL,ARLENE,1987,2,81,19870818,1800,,TS,33.3N,53.5W,35,1005,,,,,,,,,,,,
AL,ARLENE,1987,2,81,19870819,0,,TS,34.0N,52.2W,35,1005,,,,,,,,,,,,
AL,ARLENE,1987,2,81,19870819,600,,TS,34.8N,50.8W,35,1005,,,,,,,,,,,,
AL,ARLENE,1987,2,81,19870819,1200,,TS,35.4N,49.5W,35,1005,,,,,,,,,,,,
AL,ARLENE,1987,2,81,19870819,1800,,TS,35.5N,47.5W,35,1005,,,,,,,,,,,,
AL,ARLENE,1987,2,81,19870820,0,,TS,35.0N,46.0W,35,1004,,,,,,,,,,,,
AL,ARLENE,1987,2,81,19870820,600,,TS,34.5N,44.5W,40,1002,,,,,,,,,,,,
AL,ARLENE,1987,2,81,19870820,1200,,TS,34.0N,43.5W,40,1000,,,,,,,,,,,,
AL,ARLENE,1987,2,81,19870820,1800,,TS,33.8N,43.0W,50,997,,,,,,,,,,,,
AL,ARLENE,1987,2,81,19870821,0,,TS,33.7N,42.7W,55,995,,,,,,,,,,,,
AL,ARLENE,1987,2,81,19870821,600,,TS,33.6N,42.3W,55,994,,,,,,,,,,,,
AL,ARLENE,1987,2,81,19870821,1200,,TS,33.5N,42.0W,55,993,,,,,,,,,,,,
AL,ARLENE,1987,2,81,19870821,1800,,TS,34.5N,42.5W,60,991,,,,,,,,,,,,
AL,ARLENE,1987,2,81,19870822,0,,TS,35.5N,43.0W,60,989,,,,,,,,,,,,
AL,ARLENE,1987,2,81,19870822,600,,HU,36.5N,43.0W,65,988,,,,,,,,,,,,
AL,ARLENE,1987,2,81,19870822,1200,,HU,38.0N,43.0W,65,987,,,,,,,,,,,,
AL,ARLENE,1987,2,81,19870822,1800,,HU,39.5N,42.5W,65,987,,,,,,,,,,,,
AL,ARLENE,1987,2,81,19870823,0,,HU,41.5N,41.0W,65,987,,,,,,,,,,,,
AL,ARLENE,1987,2,81,19870823,600,,HU,44.0N,39.0W,65,987,,,,,,,,,,,,
AL,ARLENE,1987,2,81,19870823,1200,,HU,46.5N,36.5W,65,988,,,,,,,,,,,,
AL,ARLENE,1987,2,81,19870823,1800,,HU,48.5N,33.0W,65,988,,,,,,,,,,,,
AL,ARLENE,1987,2,81,19870824,0,,EX,50.0N,30.0W,60,989,,,,,,,,,,,,
AL,ARLENE,1987,2,81,19870824,600,,EX,50.5N,27.0W,60,991,,,,,,,,,,,,
AL,ARLENE,1987,2,81,19870824,1200,,EX,50.5N,23.5W,60,992,,,,,,,,,,,,
AL,ARLENE,1987,2,81,19870824,1800,,EX,50.0N,20.0W,55,995,,,,,,,,,,,,
AL,ARLENE,1987,2,81,19870825,0,,EX,48.0N,18.0W,50,998,,,,,,,,,,,,
AL,ARLENE,1987,2,81,19870825,600,,EX,46.0N,17.0W,45,1002,,,,,,,,,,,,
AL,ARLENE,1987,2,81,19870825,1200,,EX,44.0N,16.5W,35,1006,,,,,,,,,,,,
AL,ARLENE,1987,2,81,19870825,1800,,EX,43.0N,15.0W,25,1009,,,,,,,,,,,,
AL,ARLENE,1987,2,81,19870826,0,,EX,41.5N,14.5W,20,1010,,,,,,,,,,,,
AL,ARLENE,1987,2,81,19870826,600,,EX,39.5N,14.0W,15,1011,,,,,,,,,,,,
AL,ARLENE,1987,2,81,19870826,1200,,EX,37.5N,11.5W,10,1010,,,,,,,,,,,,
AL,ARLENE,1987,2,81,19870826,1800,,EX,39.0N,8.0W,10,1009,,,,,,,,,,,,
AL,ARLENE,1987,2,81,19870827,0,,EX,39.0N,6.0W,15,1008,,,,,,,,,,,,
AL,ARLENE,1987,2,81,19870827,600,,EX,39.0N,5.0W,15,1008,,,,,,,,,,,,
AL,ARLENE,1987,2,81,19870827,1200,,EX,39.0N,4.5W,15,1008,,,,,,,,,,,,
AL,ARLENE,1987,2,81,19870827,1800,,EX,39.0N,4.0W,10,1008,,,,,,,,,,,,
AL,ARLENE,1987,2,81,19870828,0,,EX,39.0N,4.0W,10,1009,,,,,,,,,,,,
AL,UNNAMED,1987,4,11,19870813,0,,TD,12.5N,47.0W,20,,,,,,,,,,,,,
AL,UNNAMED,1987,4,11,19870813,600,,TD,13.2N,49.2W,25,,,,,,,,,,,,,
AL,UNNAMED,1987,4,11,19870813,1200,,TD,14.0N,51.0W,30,,,,,,,,,,,,,
AL,UNNAMED,1987,4,11,19870813,1800,,TD,14.8N,52.5W,30,,,,,,,,,,,,,
AL,UNNAMED,1987,4,11,19870814,0,,TD,15.5N,54.0W,30,,,,,,,,,,,,,
AL,UNNAMED,1987,4,11,19870814,600,,TD,16.2N,55.5W,30,,,,,,,,,,,,,
AL,UNNAMED,1987,4,11,19870814,1200,,TD,17.0N,57.0W,30,,,,,,,,,,,,,
AL,UNNAMED,1987,4,11,19870814,1800,,TD,17.2N,58.5W,25,,,,,,,,,,,,,
AL,UNNAMED,1987,4,11,19870815,0,,TD,18.0N,60.5W,20,,,,,,,,,,,,,
AL,UNNAMED,1987,4,11,19870815,600,,TD,18.5N,62.2W,20,,,,,,,,,,,,,
AL,UNNAMED,1987,4,11,19870815,1200,,TD,19.0N,64.0W,15,,,,,,,,,,,,,
AL,BRET,1987,5,26,19870818,0,,TD,14.8N,20.0W,25,1011,,,,,,,,,,,,
AL,BRET,1987,5,26,19870818,600,,TD,14.9N,22.0W,25,1010,,,,,,,,,,,,
AL,BRET,1987,5,26,19870818,1200,,TD,15.0N,24.0W,30,1008,,,,,,,,,,,,
AL,BRET,1987,5,26,19870818,1800,,TS,15.1N,26.0W,35,1004,,,,,,,,,,,,
AL,BRET,1987,5,26,19870819,0,,TS,15.2N,27.9W,35,1004,,,,,,,,,,,,
AL,BRET,1987,5,26,19870819,600,,TS,15.3N,29.5W,35,1004,,,,,,,,,,,,
AL,BRET,1987,5,26,19870819,1200,,TS,15.4N,31.0W,35,1004,,,,,,,,,,,,
AL,BRET,1987,5,26,19870819,1800,,TS,15.5N,32.4W,40,1002,,,,,,,,,,,,
AL,BRET,1987,5,26,19870820,0,,TS,15.6N,34.0W,40,1002,,,,,,,,,,,,
AL,BRET,1987,5,26,19870820,600,,TS,15.7N,35.5W,45,1000,,,,,,,,,,,,
AL,BRET,1987,5,26,19870820,1200,,TS,15.8N,37.0W,45,1000,,,,,,,,,,,,
AL,BRET,1987,5,26,19870820,1800,,TS,15.9N,38.4W,45,1000,,,,,,,,,,,,
AL,BRET,1987,5,26,19870821,0,,TS,16.0N,39.8W,40,1002,,,,,,,,,,,,
AL,BRET,1987,5,26,19870821,600,,TS,16.4N,41.0W,40,1002,,,,,,,,,,,,
AL,BRET,1987,5,26,19870821,1200,,TS,16.9N,42.5W,35,1005,,,,,,,,,,,,
AL,BRET,1987,5,26,19870821,1800,,TS,17.1N,43.9W,35,1005,,,,,,,,,,,,
AL,BRET,1987,5,26,19870822,0,,TS,17.5N,45.0W,35,1005,,,,,,,,,,,,
AL,BRET,1987,5,26,19870822,600,,TS,17.8N,46.1W,35,1005,,,,,,,,,,,,
AL,BRET,1987,5,26,19870822,1200,,TS,18.1N,47.2W,35,1007,,,,,,,,,,,,
AL,BRET,1987,5,26,19870822,1800,,TD,18.4N,48.3W,30,1009,,,,,,,,,,,,
AL,BRET,1987,5,26,19870823,0,,TD,19.0N,49.4W,30,1009,,,,,,,,,,,,
AL,BRET,1987,5,26,19870823,600,,TD,19.8N,50.3W,30,1009,,,,,,,,,,,,
AL,BRET,1987,5,26,19870823,1200,,TD,20.5N,51.3W,25,1011,,,,,,,,,,,,
AL,BRET,1987,5,26,19870823,1800,,TD,21.4N,52.5W,25,1011,,,,,,,,,,,,
AL,BRET,1987,5,26,19870824,0,,TD,22.2N,53.8W,25,1011,,,,,,,,,,,,
AL,BRET,1987,5,26,19870824,600,,TD,23.8N,54.5W,25,1011,,,,,,,,,,,,
AL,UNNAMED,1987,6,14,19870830,1200,,TD,14.0N,32.0W,25,,,,,,,,,,,,,
AL,UNNAMED,1987,6,14,19870830,1800,,TD,14.2N,33.2W,25,,,,,,,,,,,,,
AL,UNNAMED,1987,6,14,19870831,0,,TD,14.5N,34.6W,30,,,,,,,,,,,,,
AL,UNNAMED,1987,6,14,19870831,600,,TD,14.8N,35.8W,30,,,,,,,,,,,,,
AL,UNNAMED,1987,6,14,19870831,1200,,TD,15.0N,37.0W,30,,,,,,,,,,,,,
AL,UNNAMED,1987,6,14,19870831,1800,,TD,15.2N,38.2W,30,,,,,,,,,,,,,
AL,UNNAMED,1987,6,14,19870901,0,,TD,15.5N,39.8W,30,,,,,,,,,,,,,
AL,UNNAMED,1987,6,14,19870901,600,,TD,15.9N,40.9W,30,,,,,,,,,,,,,
AL,UNNAMED,1987,6,14,19870901,1200,,TD,16.0N,42.0W,30,,,,,,,,,,,,,
AL,UNNAMED,1987,6,14,19870901,1800,,TD,16.2N,43.2W,30,,,,,,,,,,,,,
AL,UNNAMED,1987,6,14,19870902,0,,TD,16.7N,44.4W,30,,,,,,,,,,,,,
AL,UNNAMED,1987,6,14,19870902,600,,TD,16.9N,45.8W,25,,,,,,,,,,,,,
AL,UNNAMED,1987,6,14,19870902,1200,,TD,17.0N,47.0W,25,,,,,,,,,,,,,
AL,UNNAMED,1987,6,14,19870902,1800,,TD,17.2N,48.2W,20,,,,,,,,,,,,,
AL,CINDY,1987,7,22,19870905,1200,,TD,15.2N,31.3W,25,1011,,,,,,,,,,,,
AL,CINDY,1987,7,22,19870905,1800,,TD,16.0N,32.2W,30,1009,,,,,,,,,,,,
AL,CINDY,1987,7,22,19870906,0,,TD,16.9N,33.1W,30,1009,,,,,,,,,,,,
AL,CINDY,1987,7,22,19870906,600,,TD,18.0N,34.2W,30,1009,,,,,,,,,,,,
AL,CINDY,1987,7,22,19870906,1200,,TD,18.9N,35.3W,30,1009,,,,,,,,,,,,
AL,CINDY,1987,7,22,19870906,1800,,TD,20.0N,36.6W,30,1009,,,,,,,,,,,,
AL,CINDY,1987,7,22,19870907,0,,TD,21.3N,37.8W,30,1009,,,,,,,,,,,,
AL,CINDY,1987,7,22,19870907,600,,TD,22.9N,38.6W,30,1008,,,,,,,,,,,,
AL,CINDY,1987,7,22,19870907,1200,,TS,24.6N,39.3W,35,1007,,,,,,,,,,,,
AL,CINDY,1987,7,22,19870907,1800,,TS,26.4N,39.3W,40,1003,,,,,,,,,,,,
AL,CINDY,1987,7,22,19870908,0,,TS,28.2N,39.4W,45,1000,,,,,,,,,,,,
AL,CINDY,1987,7,22,19870908,600,,TS,30.0N,39.5W,45,1000,,,,,,,,,,,,
AL,CINDY,1987,7,22,19870908,1200,,TS,31.1N,39.5W,45,1000,,,,,,,,,,,,
AL,CINDY,1987,7,22,19870908,1800,,TS,32.2N,39.4W,40,1003,,,,,,,,,,,,
AL,CINDY,1987,7,22,19870909,0,,TS,33.3N,39.3W,35,1005,,,,,,,,,,,,
AL,CINDY,1987,7,22,19870909,600,,TS,34.4N,39.0W,35,1005,,,,,,,,,,,,
AL,CINDY,1987,7,22,19870909,1200,,TS,35.7N,37.9W,35,1007,,,,,,,,,,,,
AL,CINDY,1987,7,22,19870909,1800,,TS,37.0N,36.5W,35,1007,,,,,,,,,,,,
AL,CINDY,1987,7,22,19870910,0,,TS,38.1N,34.9W,35,1007,,,,,,,,,,,,
AL,CINDY,1987,7,22,19870910,600,,TS,39.7N,32.6W,35,1007,,,,,,,,,,,,
AL,CINDY,1987,7,22,19870910,1200,,TS,41.0N,30.5W,35,1007,,,,,,,,,,,,
AL,CINDY,1987,7,22,19870910,1800,,EX,42.5N,28.0W,35,1005,,,,,,,,,,,,
AL,UNNAMED,1987,8,12,19870906,0,,TD,12.8N,63.3W,25,,,,,,,,,,,,,
AL,UNNAMED,1987,8,12,19870906,600,,TD,12.9N,65.0W,30,,,,,,,,,,,,,
AL,UNNAMED,1987,8,12,19870906,1200,,TD,13.0N,67.0W,30,,,,,,,,,,,,,
AL,UNNAMED,1987,8,12,19870906,1800,,TD,13.1N,69.0W,30,,,,,,,,,,,,,
AL,UNNAMED,1987,8,12,19870907,0,,TD,13.2N,70.8W,30,,,,,,,,,,,,,
AL,UNNAMED,1987,8,12,19870907,600,,TD,13.3N,72.5W,30,,,,,,,,,,,,,
AL,UNNAMED,1987,8,12,19870907,1200,,TD,13.4N,74.2W,30,,,,,,,,,,,,,
AL,UNNAMED,1987,8,12,19870907,1800,,TD,13.6N,76.3W,30,,,,,,,,,,,,,
AL,UNNAMED,1987,8,12,19870908,0,,TD,13.8N,78.2W,30,,,,,,,,,,,,,
AL,UNNAMED,1987,8,12,19870908,600,,TD,13.9N,80.1W,30,,,,,,,,,,,,,
AL,UNNAMED,1987,8,12,19870908,1200,,TD,14.0N,82.0W,30,,,,,,,,,,,,,
AL,UNNAMED,1987,8,12,19870908,1800,,TD,14.0N,83.9W,-99,,,,,,,,,,,,,
AL,UNNAMED,1987,9,7,19870907,0,,TD,28.6N,78.0W,25,,,,,,,,,,,,,
AL,UNNAMED,1987,9,7,19870907,600,,TD,29.8N,78.5W,30,,,,,,,,,,,,,
AL,UNNAMED,1987,9,7,19870907,1200,,TD,31.0N,78.7W,30,,,,,,,,,,,,,
AL,UNNAMED,1987,9,7,19870907,1800,,TD,32.3N,78.6W,30,,,,,,,,,,,,,
AL,UNNAMED,1987,9,7,19870908,0,,TD,33.5N,78.5W,30,,,,,,,,,,,,,
AL,UNNAMED,1987,9,7,19870908,600,,TD,34.8N,78.5W,-99,,,,,,,,,,,,,
AL,UNNAMED,1987,9,7,19870908,1200,,TD,36.0N,78.5W,-99,,,,,,,,,,,,,
AL,DENNIS,1987,10,49,19870908,1800,,TD,10.8N,18.4W,25,1012,,,,,,,,,,,,
AL,DENNIS,1987,10,49,19870909,0,,TD,10.9N,19.5W,25,1011,,,,,,,,,,,,
AL,DENNIS,1987,10,49,19870909,600,,TD,10.9N,20.7W,25,1011,,,,,,,,,,,,
AL,DENNIS,1987,10,49,19870909,1200,,TD,10.9N,21.9W,25,1011,,,,,,,,,,,,
AL,DENNIS,1987,10,49,19870909,1800,,TD,10.8N,23.0W,30,1011,,,,,,,,,,,,
AL,DENNIS,1987,10,49,19870910,0,,TD,10.7N,23.6W,30,1011,,,,,,,,,,,,
AL,DENNIS,1987,10,49,19870910,600,,TD,10.7N,24.3W,30,1009,,,,,,,,,,,,
AL,DENNIS,1987,10,49,19870910,1200,,TS,10.8N,25.0W,35,1008,,,,,,,,,,,,
AL,DENNIS,1987,10,49,19870910,1800,,TS,10.9N,25.7W,35,1005,,,,,,,,,,,,
AL,DENNIS,1987,10,49,19870911,0,,TS,11.3N,26.3W,40,1003,,,,,,,,,,,,
AL,DENNIS,1987,10,49,19870911,600,,TS,11.8N,27.0W,40,1002,,,,,,,,,,,,
AL,DENNIS,1987,10,49,19870911,1200,,TS,12.3N,27.7W,45,1001,,,,,,,,,,,,
AL,DENNIS,1987,10,49,19870911,1800,,TS,12.8N,28.5W,45,1000,,,,,,,,,,,,
AL,DENNIS,1987,10,49,19870912,0,,TS,13.2N,29.5W,45,1000,,,,,,,,,,,,
AL,DENNIS,1987,10,49,19870912,600,,TS,13.5N,30.5W,40,1001,,,,,,,,,,,,
AL,DENNIS,1987,10,49,19870912,1200,,TS,13.8N,31.5W,40,1002,,,,,,,,,,,,
AL,DENNIS,1987,10,49,19870912,1800,,TS,14.2N,32.5W,35,1004,,,,,,,,,,,,
AL,DENNIS,1987,10,49,19870913,0,,TS,14.6N,33.2W,35,1005,,,,,,,,,,,,
AL,DENNIS,1987,10,49,19870913,600,,TS,15.1N,33.9W,35,1005,,,,,,,,,,,,
AL,DENNIS,1987,10,49,19870913,1200,,TS,15.5N,34.6W,35,1005,,,,,,,,,,,,
AL,DENNIS,1987,10,49,19870913,1800,,TS,15.9N,35.4W,35,1005,,,,,,,,,,,,
AL,DENNIS,1987,10,49,19870914,0,,TS,16.3N,36.7W,35,1005,,,,,,,,,,,,
AL,DENNIS,1987,10,49,19870914,600,,TS,16.8N,37.9W,35,1005,,,,,,,,,,,,
AL,DENNIS,1987,10,49,19870914,1200,,TS,17.2N,39.2W,35,1005,,,,,,,,,,,,
AL,DENNIS,1987,10,49,19870914,1800,,TS,17.7N,40.5W,35,1005,,,,,,,,,,,,
AL,DENNIS,1987,10,49,19870915,0,,TS,17.8N,41.5W,35,1005,,,,,,,,,,,,
AL,DENNIS,1987,10,49,19870915,600,,TS,17.8N,42.4W,35,1005,,,,,,,,,,,,
AL,DENNIS,1987,10,49,19870915,1200,,TS,17.7N,43.4W,35,1005,,,,,,,,,,,,
AL,DENNIS,1987,10,49,19870915,1800,,TS,17.6N,44.4W,35,1005,,,,,,,,,,,,
AL,DENNIS,1987,10,49,19870916,0,,TS,17.5N,45.1W,35,1005,,,,,,,,,,,,
AL,DENNIS,1987,10,49,19870916,600,,TS,17.5N,45.7W,35,1005,,,,,,,,,,,,
AL,DENNIS,1987,10,49,19870916,1200,,TS,17.6N,46.3W,35,1005,,,,,,,,,,,,
AL,DENNIS,1987,10,49,19870916,1800,,TS,17.6N,46.9W,35,1005,,,,,,,,,,,,
AL,DENNIS,1987,10,49,19870917,0,,TS,17.7N,47.7W,35,1005,,,,,,,,,,,,
AL,DENNIS,1987,10,49,19870917,600,,TS,17.8N,48.4W,35,1005,,,,,,,,,,,,
AL,DENNIS,1987,10,49,19870917,1200,,TS,17.8N,49.1W,35,1006,,,,,,,,,,,,
AL,DENNIS,1987,10,49,19870917,1800,,TS,17.9N,49.9W,35,1006,,,,,,,,,,,,
AL,DENNIS,1987,10,49,19870918,0,,TD,18.1N,51.1W,30,1007,,,,,,,,,,,,
AL,DENNIS,1987,10,49,19870918,600,,TD,18.5N,52.1W,30,1009,,,,,,,,,,,,
AL,DENNIS,1987,10,49,19870918,1200,,TD,20.8N,53.0W,30,1010,,,,,,,,,,,,
AL,DENNIS,1987,10,49,19870918,1800,,TD,23.2N,53.8W,30,1011,,,,,,,,,,,,
AL,DENNIS,1987,10,49,19870919,0,,TD,24.5N,54.8W,30,1012,,,,,,,,,,,,
AL,DENNIS,1987,10,49,19870919,600,,TD,25.7N,55.7W,30,1012,,,,,,,,,,,,
AL,DENNIS,1987,10,49,19870919,1200,,TD,27.0N,56.8W,25,1012,,,,,,,,,,,,
AL,DENNIS,1987,10,49,19870919,1800,,TD,28.5N,57.4W,25,1012,,,,,,,,,,,,
AL,DENNIS,1987,10,49,19870920,0,,TD,30.2N,56.0W,25,1012,,,,,,,,,,,,
AL,DENNIS,1987,10,49,19870920,600,,TD,31.3N,54.0W,25,1012,,,,,,,,,,,,
AL,DENNIS,1987,10,49,19870920,1200,,TD,32.1N,51.7W,25,1012,,,,,,,,,,,,
AL,DENNIS,1987,10,49,19870920,1800,,EX,32.8N,49.5W,25,1012,,,,,,,,,,,,
AL,UNNAMED,1987,11,17,19870913,1200,,TD,14.0N,54.0W,25,,,,,,,,,,,,,
AL,UNNAMED,1987,11,17,19870913,1800,,TD,14.7N,54.8W,25,,,,,,,,,,,,,
AL,UNNAMED,1987,11,17,19870914,0,,TD,15.0N,55.5W,30,,,,,,,,,,,,,
AL,UNNAMED,1987,11,17,19870914,600,,TD,15.5N,56.1W,30,,,,,,,,,,,,,
AL,UNNAMED,1987,11,17,19870914,1200,,TD,16.0N,57.0W,30,,,,,,,,,,,,,
AL,UNNAMED,1987,11,17,19870914,1800,,TD,16.5N,57.8W,30,,,,,,,,,,,,,
AL,UNNAMED,1987,11,17,19870915,0,,TD,17.0N,58.5W,30,,,,,,,,,,,,,
AL,UNNAMED,1987,11,17,19870915,600,,TD,17.5N,59.2W,30,,,,,,,,,,,,,
AL,UNNAMED,1987,11,17,19870915,1200,,TD,18.0N,60.0W,30,,,,,,,,,,,,,
AL,UNNAMED,1987,11,17,19870915,1800,,TD,18.5N,60.8W,25,,,,,,,,,,,,,
AL,UNNAMED,1987,11,17,19870916,0,,TD,19.0N,61.8W,25,,,,,,,,,,,,,
AL,UNNAMED,1987,11,17,19870916,600,,TD,19.5N,62.7W,25,,,,,,,,,,,,,
AL,UNNAMED,1987,11,17,19870916,1200,,TD,20.0N,63.5W,25,,,,,,,,,,,,,
AL,UNNAMED,1987,11,17,19870916,1800,,TD,20.5N,63.9W,20,,,,,,,,,,,,,
AL,UNNAMED,1987,11,17,19870917,0,,TD,21.0N,64.0W,20,,,,,,,,,,,,,
AL,UNNAMED,1987,11,17,19870917,600,,TD,21.5N,64.0W,20,,,,,,,,,,,,,
AL,UNNAMED,1987,11,17,19870917,1200,,TD,22.0N,64.0W,15,,,,,,,,,,,,,
AL,EMILY,1987,12,30,19870920,0,,TD,9.8N,51.3W,25,1008,,,,,,,,,,,,
AL,EMILY,1987,12,30,19870920,600,,TD,10.4N,53.0W,25,1007,,,,,,,,,,,,
AL,EMILY,1987,12,30,19870920,1200,,TD,10.9N,54.7W,30,1006,,,,,,,,,,,,
AL,EMILY,1987,12,30,19870920,1800,,TS,11.4N,56.4W,35,1005,,,,,,,,,,,,
AL,EMILY,1987,12,30,19870921,0,,TS,12.0N,58.0W,40,1004,,,,,,,,,,,,
AL,EMILY,1987,12,30,19870921,600,,TS,12.4N,59.7W,40,1004,,,,,,,,,,,,
AL,EMILY,1987,12,30,19870921,1200,,TS,13.1N,61.3W,45,1004,,,,,,,,,,,,
AL,EMILY,1987,12,30,19870921,1800,,TS,13.7N,63.1W,50,1002,,,,,,,,,,,,
AL,EMILY,1987,12,30,19870922,0,,TS,14.5N,64.7W,60,992,,,,,,,,,,,,
AL,EMILY,1987,12,30,19870922,600,,HU,15.1N,66.3W,80,978,,,,,,,,,,,,
AL,EMILY,1987,12,30,19870922,1200,,HU,15.9N,67.7W,90,971,,,,,,,,,,,,
AL,EMILY,1987,12,30,19870922,1800,,HU,16.7N,69.1W,110,958,,,,,,,,,,,,
AL,EMILY,1987,12,30,19870923,0,,HU,17.8N,70.4W,105,960,,,,,,,,,,,,
AL,EMILY,1987,12,30,19870923,300,L,HU,18.3N,71.0W,95,965,,,,,,,,,,,,
AL,EMILY,1987,12,30,19870923,600,,HU,19.0N,71.5W,70,984,,,,,,,,,,,,
AL,EMILY,1987,12,30,19870923,1200,,TS,20.0N,72.3W,55,1004,,,,,,,,,,,,
AL,EMILY,1987,12,30,19870923,1800,,TS,20.9N,72.8W,40,1003,,,,,,,,,,,,
AL,EMILY,1987,12,30,19870924,0,,TS,22.0N,73.0W,40,1000,,,,,,,,,,,,
AL,EMILY,1987,12,30,19870924,600,,TS,23.2N,73.0W,45,1001,,,,,,,,,,,,
AL,EMILY,1987,12,30,19870924,1200,,TS,24.4N,72.7W,45,1002,,,,,,,,,,,,
AL,EMILY,1987,12,30,19870924,1800,,TS,26.0N,72.0W,45,1002,,,,,,,,,,,,
AL,EMILY,1987,12,30,19870925,0,,TS,28.0N,70.5W,45,999,,,,,,,,,,,,
AL,EMILY,1987,12,30,19870925,600,,HU,30.2N,68.0W,70,985,,,,,,,,,,,,
AL,EMILY,1987,12,30,19870925,1145,L,HU,32.3N,64.7W,75,974,,,,,,,,,,,,
AL,EMILY,1987,12,30,19870925,1200,,HU,32.4N,64.6W,80,974,,,,,,,,,,,,
AL,EMILY,1987,12,30,19870925,1800,,HU,35.0N,60.0W,80,974,,,,,,,,,,,,
AL,EMILY,1987,12,30,19870926,0,,HU,38.0N,55.0W,75,976,,,,,,,,,,,,
AL,EMILY,1987,12,30,19870926,600,,HU,41.2N,49.0W,70,979,,,,,,,,,,,,
AL,EMILY,1987,12,30,19870926,1200,,HU,44.8N,42.5W,65,983,,,,,,,,,,,,
AL,EMILY,1987,12,30,19870926,1800,,EX,49.0N,36.0W,55,994,,,,,,,,,,,,
AL,FLOYD,1987,13,21,19871009,600,,TD,15.0N,82.6W,25,1004,,,,,,,,,,,,
AL,FLOYD,1987,13,21,19871009,1200,,TD,14.5N,82.5W,25,1003,,,,,,,,,,,,
AL,FLOYD,1987,13,21,19871009,1800,,TD,14.1N,82.1W,25,1001,,,,,,,,,,,,
AL,FLOYD,1987,13,21,19871010,0,,TD,14.4N,81.8W,25,999,,,,,,,,,,,,
AL,FLOYD,1987,13,21,19871010,600,,TD,15.3N,82.2W,30,999,,,,,,,,,,,,
AL,FLOYD,1987,13,21,19871010,1200,,TS,16.0N,82.2W,35,999,,,,,,,,,,,,
AL,FLOYD,1987,13,21,19871010,1800,,TS,16.8N,83.5W,35,999,,,,,,,,,,,,
AL,FLOYD,1987,13,21,19871011,0,,TS,17.6N,83.9W,40,999,,,,,,,,,,,,
AL,FLOYD,1987,13,21,19871011,600,,TS,18.4N,84.2W,40,998,,,,,,,,,,,,
AL,FLOYD,1987,13,21,19871011,1200,,TS,19.4N,84.5W,45,997,,,,,,,,,,,,
AL,FLOYD,1987,13,21,19871011,1800,,TS,20.5N,84.5W,50,996,,,,,,,,,,,,
AL,FLOYD,1987,13,21,19871012,0,,TS,21.7N,84.3W,55,995,,,,,,,,,,,,
AL,FLOYD,1987,13,21,19871012,600,,TS,23.0N,84.0W,60,994,,,,,,,,,,,,
AL,FLOYD,1987,13,21,19871012,1200,,HU,24.0N,82.9W,65,993,,,,,,,,,,,,
AL,FLOYD,1987,13,21,19871012,1800,,HU,24.7N,81.5W,65,993,,,,,,,,,,,,
AL,FLOYD,1987,13,21,19871012,2100,L,HU,25.1N,80.5W,65,993,,,,,,,,,,,,
AL,FLOYD,1987,13,21,19871013,0,,TS,25.3N,79.9W,60,993,,,,,,,,,,,,
AL,FLOYD,1987,13,21,19871013,600,,TS,26.0N,78.3W,50,994,,,,,,,,,,,,
AL,FLOYD,1987,13,21,19871013,1200,,TS,27.0N,76.9W,45,996,,,,,,,,,,,,
AL,FLOYD,1987,13,21,19871013,1800,,EX,28.1N,75.4W,40,997,,,,,,,,,,,,
AL,FLOYD,1987,13,21,19871014,0,,EX,29.5N,74.0W,40,998,,,,,,,,,,,,
AL,UNNAMED,1987,14,17,19871031,1800,,TD,16.5N,77.5W,30,,,,,,,,,,,,,
AL,UNNAMED,1987,14,17,19871101,0,,TD,17.5N,78.5W,30,,,,,,,,,,,,,
AL,UNNAMED,1987,14,17,19871101,600,,TD,18.4N,79.3W,30,,,,,,,,,,,,,
AL,UNNAMED,1987,14,17,19871101,1200,,TD,19.5N,79.9W,30,,,,,,,,,,,,,
AL,UNNAMED,1987,14,17,19871101,1800,,TD,20.1N,80.3W,30,,,,,,,,,,,,,
AL,UNNAMED,1987,14,17,19871102,0,,TD,20.3N,80.5W,25,,,,,,,,,,,,,
AL,UNNAMED,1987,14,17,19871102,600,,TD,20.7N,80.8W,25,,,,,,,,,,,,,
AL,UNNAMED,1987,14,17,19871102,1200,,TD,21.1N,81.1W,25,,,,,,,,,,,,,
AL,UNNAMED,1987,14,17,19871102,1800,,TD,21.4N,81.4W,25,,,,,,,,,,,,,
AL,UNNAMED,1987,14,17,19871103,0,,TD,22.3N,81.8W,25,,,,,,,,,,,,,
AL,UNNAMED,1987,14,17,19871103,600,,TD,23.2N,82.2W,25,,,,,,,,,,,,,
AL,UNNAMED,1987,14,17,19871103,1200,,TD,24.0N,82.9W,25,,,,,,,,,,,,,
AL,UNNAMED,1987,14,17,19871103,1800,,TD,24.9N,83.6W,25,,,,,,,,,,,,,
AL,UNNAMED,1987,14,17,19871104,0,,TD,25.7N,83.9W,25,,,,,,,,,,,,,
AL,UNNAMED,1987,14,17,19871104,600,,TD,26.7N,83.5W,25,,,,,,,,,,,,,
AL,UNNAMED,1987,14,17,19871104,1200,,TD,27.5N,83.0W,20,,,,,,,,,,,,,
AL,UNNAMED,1987,14,17,19871104,1800,,TD,28.5N,82.0W,20,,,,,,,,,,,,,
AL,ALBERTO,1988,1,13,19880805,1800,,TD,32.0N,77.5W,20,1015,,,,,,,,,,,,
AL,ALBERTO,1988,1,13,19880806,0,,TD,32.8N,76.2W,20,1014,,,,,,,,,,,,
AL,ALBERTO,1988,1,13,19880806,600,,TD,34.0N,75.2W,20,1013,,,,,,,,,,,,
AL,ALBERTO,1988,1,13,19880806,1200,,TD,35.2N,74.6W,25,1012,,,,,,,,,,,,
AL,ALBERTO,1988,1,13,19880806,1800,,TD,37.0N,73.5W,25,1011,,,,,,,,,,,,
AL,ALBERTO,1988,1,13,19880807,0,,TD,38.7N,72.4W,25,1009,,,,,,,,,,,,
AL,ALBERTO,1988,1,13,19880807,600,,TD,40.0N,70.8W,30,1006,,,,,,,,,,,,
AL,ALBERTO,1988,1,13,19880807,1200,,TS,41.5N,69.0W,35,1002,,,,,,,,,,,,
AL,ALBERTO,1988,1,13,19880807,1800,,TS,43.0N,67.5W,35,1002,,,,,,,,,,,,
AL,ALBERTO,1988,1,13,19880808,0,,TS,45.0N,65.5W,35,1004,,,,,,,,,,,,
AL,ALBERTO,1988,1,13,19880808,600,,TS,47.0N,63.0W,35,1006,,,,,,,,,,,,
AL,ALBERTO,1988,1,13,19880808,1200,,EX,49.0N,60.0W,30,1008,,,,,,,,,,,,
AL,ALBERTO,1988,1,13,19880808,1800,,EX,51.0N,56.0W,25,1010,,,,,,,,,,,,
AL,BERYL,1988,2,12,19880808,0,,TD,30.4N,90.3W,25,1010,,,,,,,,,,,,
AL,BERYL,1988,2,12,19880808,600,,TD,29.7N,89.7W,30,1009,,,,,,,,,,,,
AL,BERYL,1988,2,12,19880808,1200,,TS,29.7N,89.4W,35,1007,,,,,,,,,,,,
AL,BERYL,1988,2,12,19880808,1800,,TS,29.4N,89.2W,40,1005,,,,,,,,,,,,
AL,BERYL,1988,2,12,19880809,0,,TS,29.3N,89.1W,45,1002,,,,,,,,,,,,
AL,BERYL,1988,2,12,19880809,600,,TS,29.6N,89.5W,45,1001,,,,,,,,,,,,
AL,BERYL,1988,2,12,19880809,1200,,TS,30.1N,90.4W,45,1002,,,,,,,,,,,,
AL,BERYL,1988,2,12,19880809,1800,,TS,30.1N,90.9W,40,1005,,,,,,,,,,,,
AL,BERYL,1988,2,12,19880810,0,,TD,30.3N,91.6W,30,1006,,,,,,,,,,,,
AL,BERYL,1988,2,12,19880810,600,,TD,30.7N,92.2W,30,1007,,,,,,,,,,,,
AL,BERYL,1988,2,12,19880810,1200,,TD,31.2N,92.6W,25,1008,,,,,,,,,,,,
AL,BERYL,1988,2,12,19880810,1800,,TD,31.7N,93.2W,20,1011,,,,,,,,,,,,
AL,CHRIS,1988,3,39,19880821,1200,,TD,14.9N,43.3W,25,1009,,,,,,,,,,,,
AL,CHRIS,1988,3,39,19880821,1800,,TD,14.6N,45.7W,25,1009,,,,,,,,,,,,
AL,CHRIS,1988,3,39,19880822,0,,TD,14.6N,47.8W,25,1009,,,,,,,,,,,,
AL,CHRIS,1988,3,39,19880822,600,,TD,14.7N,49.9W,25,1009,,,,,,,,,,,,
AL,CHRIS,1988,3,39,19880822,1200,,TD,14.8N,51.9W,30,1009,,,,,,,,,,,,
AL,CHRIS,1988,3,39,19880822,1800,,TD,15.1N,54.0W,30,1009,,,,,,,,,,,,
AL,CHRIS,1988,3,39,19880823,0,,TD,15.3N,55.7W,30,1009,,,,,,,,,,,,
AL,CHRIS,1988,3,39,19880823,600,,TD,15.6N,57.5W,30,1009,,,,,,,,,,,,
AL,CHRIS,1988,3,39,19880823,1200,,TD,16.0N,59.2W,30,1009,,,,,,,,,,,,
AL,CHRIS,1988,3,39,19880823,1800,,TD,16.3N,61.0W,30,1009,,,,,,,,,,,,
AL,CHRIS,1988,3,39,19880824,0,,TD,16.7N,62.4W,30,1009,,,,,,,,,,,,
AL,CHRIS,1988,3,39,19880824,600,,TD,16.9N,63.8W,30,1009,,,,,,,,,,,,
AL,CHRIS,1988,3,39,19880824,1200,,TD,17.2N,65.2W,30,1009,,,,,,,,,,,,
AL,CHRIS,1988,3,39,19880824,1800,,TD,17.5N,66.7W,30,1009,,,,,,,,,,,,
AL,CHRIS,1988,3,39,19880825,0,,TD,17.8N,67.8W,30,1009,,,,,,,,,,,,
AL,CHRIS,1988,3,39,19880825,600,,TD,18.2N,68.8W,30,1009,,,,,,,,,,,,
AL,CHRIS,1988,3,39,19880825,1200,,TD,18.5N,69.8W,30,1008,,,,,,,,,,,,
AL,CHRIS,1988,3,39,19880825,1800,,TD,19.1N,70.9W,30,1008,,,,,,,,,,,,
AL,CHRIS,1988,3,39,19880826,0,,TD,19.8N,72.1W,30,1008,,,,,,,,,,,,
AL,CHRIS,1988,3,39,19880826,600,,TD,20.5N,73.2W,30,1008,,,,,,,,,,,,
AL,CHRIS,1988,3,39,19880826,1200,,TD,21.5N,74.2W,30,1008,,,,,,,,,,,,
AL,CHRIS,1988,3,39,19880826,1800,,TD,22.5N,75.4W,30,1008,,,,,,,,,,,,
AL,CHRIS,1988,3,39,19880827,0,,TD,23.3N,76.2W,30,1008,,,,,,,,,,,,
AL,CHRIS,1988,3,39,19880827,600,,TD,24.1N,77.2W,30,1008,,,,,,,,,,,,
AL,CHRIS,1988,3,39,19880827,1200,,TD,24.9N,78.1W,30,1008,,,,,,,,,,,,
AL,CHRIS,1988,3,39,19880827,1800,,TD,25.8N,79.0W,30,1008,,,,,,,,,,,,
AL,CHRIS,1988,3,39,19880828,0,,TD,26.8N,79.7W,30,1008,,,,,,,,,,,,
AL,CHRIS,1988,3,39,19880828,600,,TS,28.2N,80.0W,40,1008,,,,,,,,,,,,
AL,CHRIS,1988,3,39,19880828,1200,,TS,30.8N,80.8W,45,1005,,,,,,,,,,,,
AL,CHRIS,1988,3,39,19880828,1500,L,TS,32.0N,80.9W,40,1005,,,,,,,,,,,,
AL,CHRIS,1988,3,39,19880828,1800,,TS,32.8N,81.1W,35,1006,,,,,,,,,,,,
AL,CHRIS,1988,3,39,19880829,0,,TD,34.1N,81.1W,25,1008,,,,,,,,,,,,
AL,CHRIS,1988,3,39,19880829,600,,TD,35.8N,80.6W,20,1009,,,,,,,,,,,,
AL,CHRIS,1988,3,39,19880829,1200,,TD,37.5N,79.5W,20,1009,,,,,,,,,,,,
AL,CHRIS,1988,3,39,19880829,1800,,TD,39.2N,77.6W,20,1010,,,,,,,,,,,,
AL,CHRIS,1988,3,39,19880830,0,,TD,41.2N,73.6W,20,1008,,,,,,,,,,,,
AL,CHRIS,1988,3,39,19880830,600,,TD,43.5N,69.9W,20,1008,,,,,,,,,,,,
AL,CHRIS,1988,3,39,19880830,1200,,TD,45.0N,65.0W,25,1008,,,,,,,,,,,,
AL,CHRIS,1988,3,39,19880830,1800,,TD,46.5N,60.0W,25,1008,,,,,,,,,,,,
AL,DEBBY,1988,4,33,19880831,1800,,TD,20.1N,91.0W,25,1006,,,,,,,,,,,,
AL,DEBBY,1988,4,33,19880901,0,,TD,20.2N,91.7W,25,1005,,,,,,,,,,,,
AL,DEBBY,1988,4,33,19880901,600,,TD,20.3N,92.4W,25,1005,,,,,,,,,,,,
AL,DEBBY,1988,4,33,19880901,1200,,TD,20.4N,93.1W,25,1004,,,,,,,,,,,,
AL,DEBBY,1988,4,33,19880901,1800,,TD,20.5N,93.8W,30,1003,,,,,,,,,,,,
AL,DEBBY,1988,4,33,19880902,0,,TD,20.6N,94.5W,30,1003,,,,,,,,,,,,
AL,DEBBY,1988,4,33,19880902,600,,TS,20.7N,95.2W,40,1001,,,,,,,,,,,,
AL,DEBBY,1988,4,33,19880902,1200,,TS,20.8N,95.9W,50,998,,,,,,,,,,,,
AL,DEBBY,1988,4,33,19880902,1800,,HU,20.8N,96.6W,65,992,,,,,,,,,,,,
AL,DEBBY,1988,4,33,19880903,0,L,HU,20.7N,97.3W,65,987,,,,,,,,,,,,
AL,DEBBY,1988,4,33,19880903,600,,TS,20.5N,98.1W,50,995,,,,,,,,,,,,
AL,DEBBY,1988,4,33,19880903,1200,,TS,20.3N,98.9W,35,998,,,,,,,,,,,,
AL,DEBBY,1988,4,33,19880903,1800,,TD,20.0N,99.8W,30,999,,,,,,,,,,,,
AL,DEBBY,1988,4,33,19880904,0,,TD,19.8N,100.7W,30,1000,,,,,,,,,,,,
AL,DEBBY,1988,4,33,19880904,600,,TD,19.6N,101.6W,30,1000,,,,,,,,,,,,
AL,DEBBY,1988,4,33,19880904,1200,,TD,19.5N,102.5W,30,1000,,,,,,,,,,,,
AL,DEBBY,1988,4,33,19880904,1800,,TD,19.4N,103.4W,30,1001,,,,,,,,,,,,
AL,DEBBY,1988,4,33,19880905,0,,TD,19.5N,104.3W,30,1001,,,,,,,,,,,,
AL,DEBBY,1988,4,33,19880905,600,,TD,19.6N,105.1W,30,1002,,,,,,,,,,,,
AL,DEBBY,1988,4,33,19880905,1200,,TD,19.9N,105.9W,30,1003,,,,,,,,,,,,
AL,DEBBY,1988,4,33,19880905,1800,,TD,20.5N,106.4W,30,1004,,,,,,,,,,,,
AL,DEBBY,1988,4,33,19880906,0,,TD,21.0N,106.8W,30,1004,,,,,,,,,,,,
AL,DEBBY,1988,4,33,19880906,600,,TD,21.5N,107.1W,30,1005,,,,,,,,,,,,
AL,DEBBY,1988,4,33,19880906,1200,,TD,22.0N,107.4W,25,1005,,,,,,,,,,,,
AL,DEBBY,1988,4,33,19880906,1800,,TD,22.5N,107.7W,25,1006,,,,,,,,,,,,
AL,DEBBY,1988,4,33,19880907,0,,TD,23.0N,108.0W,25,1006,,,,,,,,,,,,
AL,DEBBY,1988,4,33,19880907,600,,TD,23.5N,108.3W,25,1007,,,,,,,,,,,,
AL,DEBBY,1988,4,33,19880907,1200,,TD,23.9N,108.5W,25,1007,,,,,,,,,,,,
AL,DEBBY,1988,4,33,19880907,1800,,TD,24.2N,108.7W,25,1007,,,,,,,,,,,,
AL,DEBBY,1988,4,33,19880908,0,,TD,24.4N,108.9W,25,1008,,,,,,,,,,,,
AL,DEBBY,1988,4,33,19880908,600,,TD,24.3N,109.1W,20,1008,,,,,,,,,,,,
AL,DEBBY,1988,4,33,19880908,1200,,TD,24.2N,109.3W,20,1008,,,,,,,,,,,,
AL,DEBBY,1988,4,33,19880908,1800,,TD,24.0N,109.0W,20,1008,,,,,,,,,,,,
AL,ERNESTO,1988,5,9,19880903,0,,TD,32.5N,60.5W,25,1016,,,,,,,,,,,,
AL,ERNESTO,1988,5,9,19880903,600,,TD,33.1N,59.2W,25,1012,,,,,,,,,,,,
AL,ERNESTO,1988,5,9,19880903,1200,,TD,34.3N,56.5W,30,1008,,,,,,,,,,,,
AL,ERNESTO,1988,5,9,19880903,1800,,TS,35.2N,53.1W,35,1004,,,,,,,,,,,,
AL,ERNESTO,1988,5,9,19880904,0,,TS,35.9N,49.5W,40,1001,,,,,,,,,,,,
AL,ERNESTO,1988,5,9,19880904,600,,TS,36.6N,44.4W,45,999,,,,,,,,,,,,
AL,ERNESTO,1988,5,9,19880904,1200,,TS,38.0N,39.5W,50,997,,,,,,,,,,,,
AL,ERNESTO,1988,5,9,19880904,1800,,TS,40.2N,35.0W,50,996,,,,,,,,,,,,
AL,ERNESTO,1988,5,9,19880905,0,,TS,43.1N,29.7W,55,994,,,,,,,,,,,,
AL,UNNAMED,1988,6,13,19880907,0,,TD,12.5N,17.5W,25,1011,,,,,,,,,,,,
AL,UNNAMED,1988,6,13,19880907,600,,TD,13.1N,18.0W,25,1011,,,,,,,,,,,,
AL,UNNAMED,1988,6,13,19880907,1200,,TS,13.8N,18.5W,35,1008,,,,,,,,,,,,
AL,UNNAMED,1988,6,13,19880907,1800,,TS,14.8N,19.0W,35,1007,,,,,,,,,,,,
AL,UNNAMED,1988,6,13,19880908,0,,TS,15.3N,19.1W,40,1005,,,,,,,,,,,,
AL,UNNAMED,1988,6,13,19880908,600,,TS,16.4N,19.8W,40,1003,,,,,,,,,,,,
AL,UNNAMED,1988,6,13,19880908,1200,,TS,17.5N,20.5W,50,1002,,,,,,,,,,,,
AL,UNNAMED,1988,6,13,19880908,1800,,TS,18.8N,21.0W,50,999,,,,,,,,,,,,
AL,UNNAMED,1988,6,13,19880909,0,,TS,19.9N,21.6W,50,994,,,,,,,,,,,,
AL,UNNAMED,1988,6,13,19880909,600,,TS,21.4N,22.0W,50,996,,,,,,,,,,,,
AL,UNNAMED,1988,6,13,19880909,1200,,TS,22.9N,22.5W,35,1005,,,,,,,,,,,,
AL,UNNAMED,1988,6,13,19880909,1800,,TD,24.0N,22.5W,25,1006,,,,,,,,,,,,
AL,UNNAMED,1988,6,13,19880910,0,,TD,25.0N,23.0W,25,1009,,,,,,,,,,,,
AL,FLORENCE,1988,7,20,19880907,600,,TD,22.8N,92.0W,25,1000,,,,,,,,,,,,
AL,FLORENCE,1988,7,20,19880907,1200,,TD,22.8N,91.2W,30,998,,,,,,,,,,,,
AL,FLORENCE,1988,7,20,19880907,1800,,TS,22.7N,90.2W,40,996,,,,,,,,,,,,
AL,FLORENCE,1988,7,20,19880908,0,,TS,22.6N,89.6W,45,993,,,,,,,,,,,,
AL,FLORENCE,1988,7,20,19880908,600,,TS,22.7N,89.8W,45,990,,,,,,,,,,,,
AL,FLORENCE,1988,7,20,19880908,1200,,TS,23.1N,89.7W,45,990,,,,,,,,,,,,
AL,FLORENCE,1988,7,20,19880908,1800,,TS,23.4N,89.5W,45,992,,,,,,,,,,,,
AL,FLORENCE,1988,7,20,19880909,0,,TS,24.2N,89.2W,50,992,,,,,,,,,,,,
AL,FLORENCE,1988,7,20,19880909,600,,TS,25.0N,89.2W,50,991,,,,,,,,,,,,
AL,FLORENCE,1988,7,20,19880909,1200,,TS,26.1N,89.2W,55,998,,,,,,,,,,,,
AL,FLORENCE,1988,7,20,19880909,1800,,HU,27.4N,89.2W,65,985,,,,,,,,,,,,
AL,FLORENCE,1988,7,20,19880909,2300,I,HU,28.5N,89.3W,70,982,,,,,,,,,,,,
AL,FLORENCE,1988,7,20,19880910,0,,HU,28.7N,89.3W,70,983,,,,,,,,,,,,
AL,FLORENCE,1988,7,20,19880910,200,L,HU,29.1N,89.3W,70,984,,,,,,,,,,,,
AL,FLORENCE,1988,7,20,19880910,600,,TS,29.7N,89.7W,60,988,,,,,,,,,,,,
AL,FLORENCE,1988,7,20,19880910,1200,,TD,30.7N,90.7W,30,998,,,,,,,,,,,,
AL,FLORENCE,1988,7,20,19880910,1800,,TD,31.8N,91.5W,20,1003,,,,,,,,,,,,
AL,FLORENCE,1988,7,20,19880911,0,,TD,32.4N,92.3W,15,1007,,,,,,,,,,,,
AL,FLORENCE,1988,7,20,19880911,600,,TD,32.7N,93.3W,15,1009,,,,,,,,,,,,
AL,FLORENCE,1988,7,20,19880911,1200,,TD,33.0N,94.5W,15,1010,,,,,,,,,,,,
AL,GILBERT,1988,8,49,19880908,1800,,TD,12.0N,54.0W,25,1008,,,,,,,,,,,,
AL,GILBERT,1988,8,49,19880909,0,,TD,12.7N,55.6W,25,1007,,,,,,,,,,,,
AL,GILBERT,1988,8,49,19880909,600,,TD,13.3N,57.1W,30,1006,,,,,,,,,,,,
AL,GILBERT,1988,8,49,19880909,1200,,TD,14.0N,58.6W,30,1005,,,,,,,,,,,,
AL,GILBERT,1988,8,49,19880909,1800,,TS,14.5N,60.1W,35,1004,,,,,,,,,,,,
AL,GILBERT,1988,8,49,19880910,0,,TS,14.8N,61.5W,40,1002,,,,,,,,,,,,
AL,GILBERT,1988,8,49,19880910,600,,TS,15.0N,62.8W,45,998,,,,,,,,,,,,
AL,GILBERT,1988,8,49,19880910,1200,,TS,15.3N,64.1W,50,995,,,,,,,,,,,,
AL,GILBERT,1988,8,49,19880910,1800,,TS,15.7N,65.4W,55,992,,,,,,,,,,,,
AL,GILBERT,1988,8,49,19880911,0,,HU,15.9N,66.8W,65,989,,,,,,,,,,,,
AL,GILBERT,1988,8,49,19880911,600,,HU,16.2N,68.0W,80,982,,,,,,,,,,,,
AL,GILBERT,1988,8,49,19880911,1200,,HU,16.1N,69.5W,95,975,,,,,,,,,,,,
AL,GILBERT,1988,8,49,19880911,1800,,HU,16.2N,70.7W,100,970,,,,,,,,,,,,
AL,GILBERT,1988,8,49,19880912,0,,HU,16.8N,72.0W,105,964,,,,,,,,,,,,
AL,GILBERT,1988,8,49,19880912,600,,HU,17.3N,73.7W,110,962,,,,,,,,,,,,
AL,GILBERT,1988,8,49,19880912,1200,,HU,17.6N,75.3W,110,960,,,,,,,,,,,,
AL,GILBERT,1988,8,49,19880912,1700,L,HU,17.8N,76.8W,115,960,,,,,,,,,,,,
AL,GILBERT,1988,8,49,19880912,1800,,HU,17.9N,76.9W,110,960,,,,,,,,,,,,
AL,GILBERT,1988,8,49,19880913,0,,HU,18.2N,78.5W,110,960,,,,,,,,,,,,
AL,GILBERT,1988,8,49,19880913,600,,HU,18.5N,79.7W,115,952,,,,,,,,,,,,
AL,GILBERT,1988,8,49,19880913,1200,,HU,18.8N,81.1W,125,934,,,,,,,,,,,,
AL,GILBERT,1988,8,49,19880913,1800,,HU,19.4N,82.5W,140,905,,,,,,,,,,,,
AL,GILBERT,1988,8,49,19880914,0,,HU,19.7N,83.8W,160,888,,,,,,,,,,,,
AL,GILBERT,1988,8,49,19880914,600,,HU,19.9N,85.3W,155,889,,,,,,,,,,,,
AL,GILBERT,1988,8,49,19880914,1200,,HU,20.4N,86.5W,145,892,,,,,,,,,,,,
AL,GILBERT,1988,8,49,19880914,1500,L,HU,20.7N,87.0W,140,900,,,,,,,,,,,,
AL,GILBERT,1988,8,49,19880914,1800,,HU,20.9N,87.8W,130,925,,,,,,,,,,,,
AL,GILBERT,1988,8,49,19880915,0,,HU,21.3N,89.5W,100,944,,,,,,,,,,,,
AL,GILBERT,1988,8,49,19880915,600,,HU,21.6N,90.7W,90,949,,,,,,,,,,,,
AL,GILBERT,1988,8,49,19880915,1200,,HU,21.9N,91.7W,85,950,,,,,,,,,,,,
AL,GILBERT,1988,8,49,19880915,1800,,HU,22.1N,92.8W,90,950,,,,,,,,,,,,
AL,GILBERT,1988,8,49,19880916,0,,HU,22.5N,93.8W,100,949,,,,,,,,,,,,
AL,GILBERT,1988,8,49,19880916,600,,HU,22.9N,94.8W,110,946,,,,,,,,,,,,
AL,GILBERT,1988,8,49,19880916,1200,,HU,23.7N,95.9W,115,948,,,,,,,,,,,,
AL,GILBERT,1988,8,49,19880916,1800,,HU,23.9N,97.0W,115,950,,,,,,,,,,,,
AL,GILBERT,1988,8,49,19880916,2200,L,HU,24.2N,97.8W,110,955,,,,,,,,,,,,
AL,GILBERT,1988,8,49,19880917,0,,HU,24.4N,98.2W,80,964,,,,,,,,,,,,
AL,GILBERT,1988,8,49,19880917,600,,TS,24.8N,99.3W,50,988,,,,,,,,,,,,
AL,GILBERT,1988,8,49,19880917,1200,,TS,25.0N,100.5W,35,996,,,,,,,,,,,,
AL,GILBERT,1988,8,49,19880917,1800,,TD,25.4N,101.9W,30,1000,,,,,,,,,,,,
AL,GILBERT,1988,8,49,19880918,0,,TD,26.0N,103.2W,30,1002,,,,,,,,,,,,
AL,GILBERT,1988,8,49,19880918,600,,TD,27.6N,103.7W,30,1004,,,,,,,,,,,,
AL,GILBERT,1988,8,49,19880918,1200,,TD,29.3N,102.6W,25,1003,,,,,,,,,,,,
AL,GILBERT,1988,8,49,19880918,1800,,TD,31.5N,101.3W,25,1003,,,,,,,,,,,,
AL,GILBERT,1988,8,49,19880919,0,,TD,33.2N,99.7W,25,1002,,,,,,,,,,,,
AL,GILBERT,1988,8,49,19880919,600,,TD,35.8N,97.7W,25,1001,,,,,,,,,,,,
AL,GILBERT,1988,8,49,19880919,1200,,TD,37.7N,93.2W,25,999,,,,,,,,,,,,
AL,GILBERT,1988,8,49,19880919,1800,,EX,40.2N,89.9W,25,998,,,,,,,,,,,,
AL,GILBERT,1988,8,49,19880920,0,,EX,43.4N,86.5W,25,995,,,,,,,,,,,,
AL,HELENE,1988,9,44,19880919,1800,,TD,13.4N,31.6W,30,1009,,,,,,,,,,,,
AL,HELENE,1988,9,44,19880920,0,,TD,13.3N,32.7W,32,1008,,,,,,,,,,,,
AL,HELENE,1988,9,44,19880920,600,,TS,13.2N,33.8W,35,1008,,,,,,,,,,,,
AL,HELENE,1988,9,44,19880920,1200,,TS,13.0N,34.8W,40,1004,,,,,,,,,,,,
AL,HELENE,1988,9,44,19880920,1800,,TS,12.4N,35.7W,45,1002,,,,,,,,,,,,
AL,HELENE,1988,9,44,19880921,0,,TS,12.2N,36.7W,50,998,,,,,,,,,,,,
AL,HELENE,1988,9,44,19880921,600,,TS,12.0N,37.7W,60,993,,,,,,,,,,,,
AL,HELENE,1988,9,44,19880921,1200,,HU,12.1N,38.8W,70,998,,,,,,,,,,,,
AL,HELENE,1988,9,44,19880921,1800,,HU,12.4N,39.9W,75,983,,,,,,,,,,,,
AL,HELENE,1988,9,44,19880922,0,,HU,12.7N,40.6W,80,978,,,,,,,,,,,,
AL,HELENE,1988,9,44,19880922,600,,HU,13.0N,41.5W,90,972,,,,,,,,,,,,
AL,HELENE,1988,9,44,19880922,1200,,HU,13.2N,42.3W,95,965,,,,,,,,,,,,
AL,HELENE,1988,9,44,19880922,1800,,HU,13.5N,43.1W,100,959,,,,,,,,,,,,
AL,HELENE,1988,9,44,19880923,0,,HU,13.9N,44.0W,110,953,,,,,,,,,,,,
AL,HELENE,1988,9,44,19880923,600,,HU,14.1N,44.9W,115,945,,,,,,,,,,,,
AL,HELENE,1988,9,44,19880923,1200,,HU,14.7N,45.5W,120,939,,,,,,,,,,,,
AL,HELENE,1988,9,44,19880923,1800,,HU,15.3N,46.1W,125,938,,,,,,,,,,,,
AL,HELENE,1988,9,44,19880924,0,,HU,15.9N,46.9W,120,940,,,,,,,,,,,,
AL,HELENE,1988,9,44,19880924,600,,HU,16.6N,47.5W,120,944,,,,,,,,,,,,
AL,HELENE,1988,9,44,19880924,1200,,HU,17.4N,48.0W,115,948,,,,,,,,,,,,
AL,HELENE,1988,9,44,19880924,1800,,HU,18.1N,48.5W,110,954,,,,,,,,,,,,
AL,HELENE,1988,9,44,19880925,0,,HU,18.7N,48.9W,100,959,,,,,,,,,,,,
AL,HELENE,1988,9,44,19880925,600,,HU,19.4N,49.0W,100,963,,,,,,,,,,,,
AL,HELENE,1988,9,44,19880925,1200,,HU,20.0N,49.1W,95,966,,,,,,,,,,,,
AL,HELENE,1988,9,44,19880925,1800,,HU,20.9N,49.3W,90,968,,,,,,,,,,,,
AL,HELENE,1988,9,44,19880926,0,,HU,22.2N,49.5W,85,971,,,,,,,,,,,,
AL,HELENE,1988,9,44,19880926,600,,HU,23.4N,49.7W,85,973,,,,,,,,,,,,
AL,HELENE,1988,9,44,19880926,1200,,HU,24.5N,49.9W,80,975,,,,,,,,,,,,
AL,HELENE,1988,9,44,19880926,1800,,HU,25.8N,50.3W,80,976,,,,,,,,,,,,
AL,HELENE,1988,9,44,19880927,0,,HU,27.1N,51.1W,75,977,,,,,,,,,,,,
AL,HELENE,1988,9,44,19880927,600,,HU,28.2N,51.9W,75,979,,,,,,,,,,,,
AL,HELENE,1988,9,44,19880927,1200,,HU,29.8N,52.0W,75,979,,,,,,,,,,,,
AL,HELENE,1988,9,44,19880927,1800,,HU,30.9N,51.9W,75,979,,,,,,,,,,,,
AL,HELENE,1988,9,44,19880928,0,,HU,31.9N,51.5W,75,979,,,,,,,,,,,,
AL,HELENE,1988,9,44,19880928,600,,HU,32.8N,51.0W,80,977,,,,,,,,,,,,
AL,HELENE,1988,9,44,19880928,1200,,HU,33.5N,50.3W,80,975,,,,,,,,,,,,
AL,HELENE,1988,9,44,19880928,1800,,HU,34.7N,49.5W,85,972,,,,,,,,,,,,
AL,HELENE,1988,9,44,19880929,0,,HU,36.1N,48.5W,90,970,,,,,,,,,,,,
AL,HELENE,1988,9,44,19880929,600,,HU,38.0N,46.5W,90,970,,,,,,,,,,,,
AL,HELENE,1988,9,44,19880929,1200,,HU,40.2N,44.4W,85,973,,,,,,,,,,,,
AL,HELENE,1988,9,44,19880929,1800,,HU,42.9N,42.0W,75,979,,,,,,,,,,,,
AL,HELENE,1988,9,44,19880930,0,,HU,46.2N,38.8W,65,985,,,,,,,,,,,,
AL,HELENE,1988,9,44,19880930,600,,HU,50.2N,34.5W,65,990,,,,,,,,,,,,
AL,HELENE,1988,9,44,19880930,1200,,EX,55.0N,30.0W,60,992,,,,,,,,,,,,
AL,ISAAC,1988,10,12,19880928,1800,,TD,9.0N,45.5W,25,1009,,,,,,,,,,,,
AL,ISAAC,1988,10,12,19880929,0,,TD,9.1N,47.0W,25,1008,,,,,,,,,,,,
AL,ISAAC,1988,10,12,19880929,600,,TD,9.3N,48.7W,25,1007,,,,,,,,,,,,
AL,ISAAC,1988,10,12,19880929,1200,,TD,9.5N,50.0W,25,1007,,,,,,,,,,,,
AL,ISAAC,1988,10,12,19880929,1800,,TD,9.6N,51.3W,30,1006,,,,,,,,,,,,
AL,ISAAC,1988,10,12,19880930,0,,TD,9.8N,52.2W,30,1006,,,,,,,,,,,,
AL,ISAAC,1988,10,12,19880930,600,,TD,10.2N,53.1W,30,1006,,,,,,,,,,,,
AL,ISAAC,1988,10,12,19880930,1200,,TD,10.8N,54.5W,30,1005,,,,,,,,,,,,
AL,ISAAC,1988,10,12,19880930,1800,,TS,11.4N,56.0W,35,1005,,,,,,,,,,,,
AL,ISAAC,1988,10,12,19881001,0,,TS,11.8N,57.7W,40,1005,,,,,,,,,,,,
AL,ISAAC,1988,10,12,19881001,600,,TS,12.0N,59.5W,35,1005,,,,,,,,,,,,
AL,ISAAC,1988,10,12,19881001,1200,,TD,12.0N,61.2W,30,1006,,,,,,,,,,,,
AL,JOAN,1988,11,53,19881010,1800,,TD,8.9N,42.2W,25,1010,,,,,,,,,,,,
AL,JOAN,1988,11,53,19881011,0,,TD,9.5N,43.6W,30,1008,,,,,,,,,,,,
AL,JOAN,1988,11,53,19881011,600,,TS,10.1N,45.0W,35,1005,,,,,,,,,,,,
AL,JOAN,1988,11,53,19881011,1200,,TS,10.7N,46.4W,40,1003,,,,,,,,,,,,
AL,JOAN,1988,11,53,19881011,1800,,TS,11.2N,47.9W,45,1000,,,,,,,,,,,,
AL,JOAN,1988,11,53,19881012,0,,TS,11.5N,49.0W,50,999,,,,,,,,,,,,
AL,JOAN,1988,11,53,19881012,600,,TS,11.8N,50.1W,45,1000,,,,,,,,,,,,
AL,JOAN,1988,11,53,19881012,1200,,TS,12.1N,51.3W,45,1003,,,,,,,,,,,,
AL,JOAN,1988,11,53,19881012,1800,,TS,12.3N,52.5W,40,1006,,,,,,,,,,,,
AL,JOAN,1988,11,53,19881013,0,,TS,12.4N,53.8W,40,1007,,,,,,,,,,,,
AL,JOAN,1988,11,53,19881013,600,,TS,12.5N,54.9W,40,1007,,,,,,,,,,,,
AL,JOAN,1988,11,53,19881013,1200,,TS,12.6N,56.0W,40,1006,,,,,,,,,,,,
AL,JOAN,1988,11,53,19881013,1800,,TS,12.7N,57.1W,40,1005,,,,,,,,,,,,
AL,JOAN,1988,11,53,19881014,0,,TS,12.6N,58.3W,40,1003,,,,,,,,,,,,
AL,JOAN,1988,11,53,19881014,600,,TS,12.4N,59.4W,40,1002,,,,,,,,,,,,
AL,JOAN,1988,11,53,19881014,1200,,TS,12.2N,60.0W,45,1001,,,,,,,,,,,,
AL,JOAN,1988,11,53,19881014,1800,,TS,12.0N,60.8W,45,1001,,,,,,,,,,,,
AL,JOAN,1988,11,53,19881015,0,,TS,12.1N,61.5W,45,1003,,,,,,,,,,,,
AL,JOAN,1988,11,53,19881015,100,L,TS,12.1N,61.8W,45,1003,,,,,,,,,,,,
AL,JOAN,1988,11,53,19881015,600,,TS,12.1N,62.8W,45,1004,,,,,,,,,,,,
AL,JOAN,1988,11,53,19881015,1200,,TS,12.0N,63.8W,45,1004,,,,,,,,,,,,
AL,JOAN,1988,11,53,19881015,1800,,TS,11.9N,64.9W,45,1003,,,,,,,,,,,,
AL,JOAN,1988,11,53,19881016,0,,TS,12.0N,66.1W,45,1002,,,,,,,,,,,,
AL,JOAN,1988,11,53,19881016,600,,TS,12.0N,67.2W,50,1001,,,,,,,,,,,,
AL,JOAN,1988,11,53,19881016,1200,,TS,11.9N,68.2W,50,1000,,,,,,,,,,,,
AL,JOAN,1988,11,53,19881016,1800,,TS,12.0N,69.2W,50,999,,,,,,,,,,,,
AL,JOAN,1988,11,53,19881017,0,,TS,12.0N,70.2W,55,998,,,,,,,,,,,,
AL,JOAN,1988,11,53,19881017,600,L,TS,12.0N,71.2W,55,997,,,,,,,,,,,,
AL,JOAN,1988,11,53,19881017,1200,,TS,11.9N,72.1W,60,995,,,,,,,,,,,,
AL,JOAN,1988,11,53,19881017,1800,,TS,11.8N,73.0W,60,993,,,,,,,,,,,,
AL,JOAN,1988,11,53,19881018,0,,HU,11.8N,74.0W,65,990,,,,,,,,,,,,
AL,JOAN,1988,11,53,19881018,600,,HU,11.7N,75.0W,70,987,,,,,,,,,,,,
AL,JOAN,1988,11,53,19881018,1200,,HU,11.5N,75.8W,75,984,,,,,,,,,,,,
AL,JOAN,1988,11,53,19881018,1800,,HU,11.3N,76.5W,80,980,,,,,,,,,,,,
AL,JOAN,1988,11,53,19881019,0,,HU,11.2N,77.2W,90,976,,,,,,,,,,,,
AL,JOAN,1988,11,53,19881019,600,,HU,11.3N,77.8W,95,970,,,,,,,,,,,,
AL,JOAN,1988,11,53,19881019,1200,,HU,11.4N,78.3W,105,960,,,,,,,,,,,,
AL,JOAN,1988,11,53,19881019,1800,,HU,11.3N,78.9W,110,953,,,,,,,,,,,,
AL,JOAN,1988,11,53,19881020,0,,HU,11.3N,79.3W,105,956,,,,,,,,,,,,
AL,JOAN,1988,11,53,19881020,600,,HU,11.1N,79.8W,85,967,,,,,,,,,,,,
AL,JOAN,1988,11,53,19881020,1200,,HU,11.1N,79.5W,70,971,,,,,,,,,,,,
AL,JOAN,1988,11,53,19881020,1800,,HU,11.3N,79.9W,70,973,,,,,,,,,,,,
AL,JOAN,1988,11,53,19881021,0,,HU,11.5N,80.3W,75,972,,,,,,,,,,,,
AL,JOAN,1988,11,53,19881021,600,,HU,11.5N,80.7W,90,970,,,,,,,,,,,,
AL,JOAN,1988,11,53,19881021,1200,,HU,11.6N,81.2W,100,964,,,,,,,,,,,,
AL,JOAN,1988,11,53,19881021,1800,,HU,11.8N,81.8W,110,952,,,,,,,,,,,,
AL,JOAN,1988,11,53,19881022,0,,HU,11.9N,82.5W,120,937,,,,,,,,,,,,
AL,JOAN,1988,11,53,19881022,600,,HU,11.9N,83.2W,125,932,,,,,,,,,,,,
AL,JOAN,1988,11,53,19881022,1000,L,HU,11.9N,83.7W,125,932,,,,,,,,,,,,
AL,JOAN,1988,11,53,19881022,1200,,HU,11.9N,83.9W,120,936,,,,,,,,,,,,
AL,JOAN,1988,11,53,19881022,1800,,HU,12.0N,85.0W,70,983,,,,,,,,,,,,
AL,JOAN,1988,11,53,19881023,0,,TS,12.1N,85.9W,55,993,,,,,,,,,,,,
AL,JOAN,1988,11,53,19881023,600,,TS,12.2N,86.8W,45,1000,,,,,,,,,,,,
AL,KEITH,1988,12,39,19881117,1800,,TD,14.9N,74.3W,30,1008,,,,,,,,,,,,
AL,KEITH,1988,12,39,19881118,0,,TD,15.0N,75.5W,30,1008,,,,,,,,,,,,
AL,KEITH,1988,12,39,19881118,600,,TD,15.0N,76.5W,30,1008,,,,,,,,,,,,
AL,KEITH,1988,12,39,19881118,1200,,TD,15.0N,77.7W,30,1008,,,,,,,,,,,,
AL,KEITH,1988,12,39,19881118,1800,,TD,15.0N,79.0W,30,1008,,,,,,,,,,,,
AL,KEITH,1988,12,39,19881119,0,,TD,15.0N,79.9W,30,1007,,,,,,,,,,,,
AL,KEITH,1988,12,39,19881119,600,,TD,15.1N,80.4W,30,1007,,,,,,,,,,,,
AL,KEITH,1988,12,39,19881119,1200,,TD,15.2N,81.2W,30,1007,,,,,,,,,,,,
AL,KEITH,1988,12,39,19881119,1800,,TD,15.5N,81.8W,30,1006,,,,,,,,,,,,
AL,KEITH,1988,12,39,19881120,0,,TD,15.8N,82.6W,30,1005,,,,,,,,,,,,
AL,KEITH,1988,12,39,19881120,600,,TS,16.3N,83.4W,35,1004,,,,,,,,,,,,
AL,KEITH,1988,12,39,19881120,1200,,TS,17.8N,84.5W,40,1002,,,,,,,,,,,,
AL,KEITH,1988,12,39,19881120,1800,,TS,19.1N,85.4W,45,997,,,,,,,,,,,,
AL,KEITH,1988,12,39,19881121,0,,TS,19.8N,86.1W,60,985,,,,,,,,,,,,
AL,KEITH,1988,12,39,19881121,600,,TS,20.7N,86.6W,60,993,,,,,,,,,,,,
AL,KEITH,1988,12,39,19881121,800,L,TS,21.2N,86.8W,60,993,,,,,,,,,,,,
AL,KEITH,1988,12,39,19881121,1200,,TS,21.8N,87.0W,60,993,,,,,,,,,,,,
AL,KEITH,1988,12,39,19881121,1800,,TS,22.4N,87.2W,60,990,,,,,,,,,,,,
AL,KEITH,1988,12,39,19881122,0,,TS,23.1N,87.0W,60,993,,,,,,,,,,,,
AL,KEITH,1988,12,39,19881122,600,,TS,23.8N,86.8W,55,995,,,,,,,,,,,,
AL,KEITH,1988,12,39,19881122,1200,,TS,24.4N,86.2W,55,995,,,,,,,,,,,,
AL,KEITH,1988,12,39,19881122,1800,,TS,25.5N,85.1W,55,993,,,,,,,,,,,,
AL,KEITH,1988,12,39,19881123,0,,TS,26.5N,84.2W,55,994,,,,,,,,,,,,
AL,KEITH,1988,12,39,19881123,600,,TS,27.3N,82.8W,55,995,,,,,,,,,,,,
AL,KEITH,1988,12,39,19881123,700,L,TS,27.3N,82.6W,55,995,,,,,,,,,,,,
AL,KEITH,1988,12,39,19881123,1200,,TS,27.9N,81.3W,35,999,,,,,,,,,,,,
AL,KEITH,1988,12,39,19881123,1800,,TS,28.9N,79.8W,40,998,,,,,,,,,,,,
AL,KEITH,1988,12,39,19881124,0,,TS,29.7N,77.7W,50,995,,,,,,,,,,,,
AL,KEITH,1988,12,39,19881124,600,,TS,31.0N,75.2W,55,992,,,,,,,,,,,,
AL,KEITH,1988,12,39,19881124,1200,,TS,32.5N,70.5W,60,990,,,,,,,,,,,,
AL,KEITH,1988,12,39,19881124,1800,,EX,34.0N,66.0W,55,985,,,,,,,,,,,,
AL,KEITH,1988,12,39,19881125,0,,EX,36.0N,60.0W,50,982,,,,,,,,,,,,
AL,KEITH,1988,12,39,19881125,600,,EX,39.0N,54.0W,50,976,,,,,,,,,,,,
AL,KEITH,1988,12,39,19881125,1200,,EX,40.0N,49.0W,50,964,,,,,,,,,,,,
AL,KEITH,1988,12,39,19881125,1800,,EX,44.0N,45.0W,55,960,,,,,,,,,,,,
AL,KEITH,1988,12,39,19881126,0,,EX,48.0N,43.0W,65,950,,,,,,,,,,,,
AL,KEITH,1988,12,39,19881126,600,,EX,52.0N,42.0W,65,945,,,,,,,,,,,,
AL,KEITH,1988,12,39,19881126,1200,,EX,52.5N,44.0W,65,945,,,,,,,,,,,,
AL,KEITH,1988,12,39,19881126,1800,,EX,52.0N,46.0W,65,950,,,,,,,,,,,,
AL,UNNAMED,1988,13,9,19880531,1200,,TD,20.3N,84.7W,25,,,,,,,,,,,,,
AL,UNNAMED,1988,13,9,19880531,1800,,TD,21.0N,84.0W,25,,,,,,,,,,,,,
AL,UNNAMED,1988,13,9,19880601,0,,TD,21.0N,84.0W,25,,,,,,,,,,,,,
AL,UNNAMED,1988,13,9,19880601,600,,TD,21.4N,83.6W,25,,,,,,,,,,,,,
AL,UNNAMED,1988,13,9,19880601,1200,,TD,21.5N,83.4W,25,,,,,,,,,,,,,
AL,UNNAMED,1988,13,9,19880601,1800,,TD,22.5N,82.5W,25,,,,,,,,,,,,,
AL,UNNAMED,1988,13,9,19880602,0,,TD,23.0N,82.0W,25,,,,,,,,,,,,,
AL,UNNAMED,1988,13,9,19880602,600,,TD,24.0N,81.0W,20,,,,,,,,,,,,,
AL,UNNAMED,1988,13,9,19880602,1200,,TD,25.0N,80.0W,20,,,,,,,,,,,,,
AL,UNNAMED,1988,14,7,19880813,0,,TD,25.0N,74.5W,30,,,,,,,,,,,,,
AL,UNNAMED,1988,14,7,19880813,600,,TD,25.2N,75.3W,30,,,,,,,,,,,,,
AL,UNNAMED,1988,14,7,19880813,1200,,TD,27.0N,78.0W,30,,,,,,,,,,,,,
AL,UNNAMED,1988,14,7,19880813,1800,,TD,28.5N,78.0W,30,,,,,,,,,,,,,
AL,UNNAMED,1988,14,7,19880814,0,,TD,30.5N,79.5W,30,,,,,,,,,,,,,
AL,UNNAMED,1988,14,7,19880814,600,,TD,30.5N,81.3W,30,,,,,,,,,,,,,
AL,UNNAMED,1988,14,7,19880814,1200,,TD,30.5N,82.0W,30,,,,,,,,,,,,,
AL,UNNAMED,1988,15,45,19880820,1200,,TD,13.0N,21.0W,25,,,,,,,,,,,,,
AL,UNNAMED,1988,15,45,19880820,1800,,TD,13.0N,21.3W,25,,,,,,,,,,,,,
AL,UNNAMED,1988,15,45,19880821,0,,TD,13.0N,21.6W,25,,,,,,,,,,,,,
AL,UNNAMED,1988,15,45,19880821,600,,TD,13.5N,21.9W,30,,,,,,,,,,,,,
AL,UNNAMED,1988,15,45,19880821,1200,,TD,14.3N,22.0W,30,,,,,,,,,,,,,
AL,UNNAMED,1988,15,45,19880821,1800,,TD,15.1N,22.5W,30,,,,,,,,,,,,,
AL,UNNAMED,1988,15,45,19880822,0,,TD,16.0N,23.0W,25,,,,,,,,,,,,,
AL,UNNAMED,1988,15,45,19880822,600,,TD,16.7N,23.9W,30,,,,,,,,,,,,,
AL,UNNAMED,1988,15,45,19880822,1200,,TD,17.3N,24.8W,30,,,,,,,,,,,,,
AL,UNNAMED,1988,15,45,19880822,1800,,TD,17.9N,25.6W,30,,,,,,,,,,,,,
AL,UNNAMED,1988,15,45,19880823,0,,TD,18.5N,26.5W,30,,,,,,,,,,,,,
AL,UNNAMED,1988,15,45,19880823,600,,TD,18.9N,27.7W,30,,,,,,,,,,,,,
AL,UNNAMED,1988,15,45,19880823,1200,,TD,19.3N,29.0W,30,,,,,,,,,,,,,
AL,UNNAMED,1988,15,45,19880823,1800,,TD,19.7N,30.3W,30,,,,,,,,,,,,,
AL,UNNAMED,1988,15,45,19880824,0,,TD,20.0N,31.5W,30,,,,,,,,,,,,,
AL,UNNAMED,1988,15,45,19880824,600,,TD,20.3N,32.8W,30,,,,,,,,,,,,,
AL,UNNAMED,1988,15,45,19880824,1200,,TD,20.5N,34.2W,30,,,,,,,,,,,,,
AL,UNNAMED,1988,15,45,19880824,1800,,TD,20.8N,35.6W,30,,,,,,,,,,,,,
AL,UNNAMED,1988,15,45,19880825,0,,TD,21.0N,37.0W,30,,,,,,,,,,,,,
AL,UNNAMED,1988,15,45,19880825,600,,TD,21.5N,38.2W,30,,,,,,,,,,,,,
AL,UNNAMED,1988,15,45,19880825,1200,,TD,22.0N,40.3W,30,,,,,,,,,,,,,
AL,UNNAMED,1988,15,45,19880825,1800,,TD,22.5N,41.9W,30,,,,,,,,,,,,,
AL,UNNAMED,1988,15,45,19880826,0,,TD,23.0N,43.5W,30,,,,,,,,,,,,,
AL,UNNAMED,1988,15,45,19880826,600,,WV,23.5N,45.4W,15,,,,,,,,,,,,,
AL,UNNAMED,1988,15,45,19880826,1200,,WV,24.0N,47.3W,15,,,,,,,,,,,,,
AL,UNNAMED,1988,15,45,19880826,1800,,WV,24.5N,49.2W,15,,,,,,,,,,,,,
AL,UNNAMED,1988,15,45,19880827,0,,WV,25.0N,51.1W,15,,,,,,,,,,,,,
AL,UNNAMED,1988,15,45,19880827,600,,WV,25.5N,53.0W,15,,,,,,,,,,,,,
AL,UNNAMED,1988,15,45,19880827,1200,,WV,26.0N,54.9W,15,,,,,,,,,,,,,
AL,UNNAMED,1988,15,45,19880827,1800,,WV,26.5N,56.8W,15,,,,,,,,,,,,,
AL,UNNAMED,1988,15,45,19880828,0,,WV,27.1N,58.7W,15,,,,,,,,,,,,,
AL,UNNAMED,1988,15,45,19880828,600,,WV,27.7N,60.6W,15,,,,,,,,,,,,,
AL,UNNAMED,1988,15,45,19880828,1200,,WV,28.3N,62.5W,15,,,,,,,,,,,,,
AL,UNNAMED,1988,15,45,19880828,1800,,WV,28.9N,64.4W,15,,,,,,,,,,,,,
AL,UNNAMED,1988,15,45,19880829,0,,WV,29.5N,66.3W,15,,,,,,,,,,,,,
AL,UNNAMED,1988,15,45,19880829,600,,WV,30.1N,68.2W,15,,,,,,,,,,,,,
AL,UNNAMED,1988,15,45,19880829,1200,,WV,30.7N,70.1W,15,,,,,,,,,,,,,
AL,UNNAMED,1988,15,45,19880829,1800,,TD,31.5N,72.0W,20,,,,,,,,,,,,,
AL,UNNAMED,1988,15,45,19880830,0,,TD,33.5N,72.5W,30,,,,,,,,,,,,,
AL,UNNAMED,1988,15,45,19880830,600,,TD,35.5N,72.5W,30,,,,,,,,,,,,,
AL,UNNAMED,1988,15,45,19880830,1200,,TD,37.5N,71.0W,30,,,,,,,,,,,,,
AL,UNNAMED,1988,15,45,19880830,1800,,TD,38.5N,69.5W,30,,,,,,,,,,,,,
AL,UNNAMED,1988,15,45,19880831,0,,TD,39.5N,67.5W,30,,,,,,,,,,,,,
AL,UNNAMED,1988,15,45,19880831,600,,TD,41.3N,64.5W,30,,,,,,,,,,,,,
AL,UNNAMED,1988,15,45,19880831,1200,,TD,43.0N,62.0W,30,,,,,,,,,,,,,
AL,UNNAMED,1988,16,16,19880820,1800,,TD,12.5N,60.7W,25,,,,,,,,,,,,,
AL,UNNAMED,1988,16,16,19880821,0,,TD,12.7N,61.5W,25,,,,,,,,,,,,,
AL,UNNAMED,1988,16,16,19880821,600,,TD,13.0N,63.5W,30,,,,,,,,,,,,,
AL,UNNAMED,1988,16,16,19880821,1200,,TD,13.5N,65.5W,25,,,,,,,,,,,,,
AL,UNNAMED,1988,16,16,19880821,1800,,TD,13.7N,66.5W,25,,,,,,,,,,,,,
AL,UNNAMED,1988,16,16,19880822,0,,TD,14.2N,67.7W,25,,,,,,,,,,,,,
AL,UNNAMED,1988,16,16,19880822,600,,TD,14.0N,69.0W,25,,,,,,,,,,,,,
AL,UNNAMED,1988,16,16,19880822,1200,,TD,14.5N,70.5W,30,,,,,,,,,,,,,
AL,UNNAMED,1988,16,16,19880822,1800,,TD,15.0N,74.0W,30,,,,,,,,,,,,,
AL,UNNAMED,1988,16,16,19880823,0,,TD,15.5N,75.4W,30,,,,,,,,,,,,,
AL,UNNAMED,1988,16,16,19880823,600,,TD,15.0N,76.5W,30,,,,,,,,,,,,,
AL,UNNAMED,1988,16,16,19880823,1200,,TD,14.3N,79.0W,25,,,,,,,,,,,,,
AL,UNNAMED,1988,16,16,19880823,1800,,TD,15.0N,80.0W,25,,,,,,,,,,,,,
AL,UNNAMED,1988,16,16,19880824,0,,TD,15.5N,81.8W,25,,,,,,,,,,,,,
AL,UNNAMED,1988,16,16,19880824,600,,TD,16.2N,83.7W,25,,,,,,,,,,,,,
AL,UNNAMED,1988,16,16,19880824,1200,,TD,16.0N,85.1W,25,,,,,,,,,,,,,
AL,UNNAMED,1988,17,2,19880904,0,,TD,28.0N,93.5W,30,,,,,,,,,,,,,
AL,UNNAMED,1988,17,2,19880904,600,,TD,28.0N,92.5W,25,,,,,,,,,,,,,
AL,UNNAMED,1988,18,6,19880927,1800,,TD,11.5N,20.6W,25,,,,,,,,,,,,,
AL,UNNAMED,1988,18,6,19880928,0,,TD,12.1N,21.3W,25,,,,,,,,,,,,,
AL,UNNAMED,1988,18,6,19880928,600,,TD,11.1N,24.8W,25,,,,,,,,,,,,,
AL,UNNAMED,1988,18,6,19880928,1200,,TD,12.0N,26.5W,25,,,,,,,,,,,,,
AL,UNNAMED,1988,18,6,19880928,1800,,TD,12.0N,27.6W,25,,,,,,,,,,,,,
AL,UNNAMED,1988,18,6,19880929,0,,TD,12.0N,28.8W,25,,,,,,,,,,,,,
AL,UNNAMED,1988,19,9,19881019,1800,,TD,12.9N,72.7W,25,,,,,,,,,,,,,
AL,UNNAMED,1988,19,9,19881020,0,,TD,13.0N,72.7W,30,,,,,,,,,,,,,
AL,UNNAMED,1988,19,9,19881020,600,,TD,13.5N,71.4W,30,,,,,,,,,,,,,
AL,UNNAMED,1988,19,9,19881020,1200,,TD,14.2N,71.2W,30,,,,,,,,,,,,,
AL,UNNAMED,1988,19,9,19881020,1800,,TD,14.2N,71.2W,30,,,,,,,,,,,,,
AL,UNNAMED,1988,19,9,19881021,0,,TD,13.2N,71.4W,30,,,,,,,,,,,,,
AL,UNNAMED,1988,19,9,19881021,600,,TD,13.8N,71.6W,25,,,,,,,,,,,,,
AL,UNNAMED,1988,19,9,19881021,1200,,TD,14.4N,72.0W,25,,,,,,,,,,,,,
AL,UNNAMED,1988,19,9,19881021,1800,,TD,14.3N,72.7W,25,,,,,,,,,,,,,
AL,UNNAMED,1989,1,7,19890615,1800,,TD,20.7N,94.3W,25,,,,,,,,,,,,,
AL,UNNAMED,1989,1,7,19890616,0,,TD,20.9N,94.0W,25,,,,,,,,,,,,,
AL,UNNAMED,1989,1,7,19890616,600,,TD,20.9N,93.9W,25,,,,,,,,,,,,,
AL,UNNAMED,1989,1,7,19890616,1200,,TD,20.6N,93.8W,25,,,,,,,,,,,,,
AL,UNNAMED,1989,1,7,19890616,1800,,TD,20.1N,93.7W,25,,,,,,,,,,,,,
AL,UNNAMED,1989,1,7,19890617,0,,TD,19.6N,93.6W,25,,,,,,,,,,,,,
AL,UNNAMED,1989,1,7,19890617,600,,TD,19.2N,93.7W,25,,,,,,,,,,,,,
AL,ALLISON,1989,2,29,19890624,1800,,TD,27.0N,96.0W,30,1008,,,,,,,,,,,,
AL,ALLISON,1989,2,29,19890625,0,,TD,27.0N,96.0W,30,1006,,,,,,,,,,,,
AL,ALLISON,1989,2,29,19890625,600,,TD,27.2N,96.0W,30,1005,,,,,,,,,,,,
AL,ALLISON,1989,2,29,19890625,1200,,TD,27.4N,95.9W,30,1005,,,,,,,,,,,,
AL,ALLISON,1989,2,29,19890625,1800,,TD,27.6N,95.8W,30,1005,,,,,,,,,,,,
AL,ALLISON,1989,2,29,19890626,0,,TS,27.8N,95.8W,35,1004,,,,,,,,,,,,
AL,ALLISON,1989,2,29,19890626,600,,TS,28.1N,95.8W,35,1004,,,,,,,,,,,,
AL,ALLISON,1989,2,29,19890626,1200,,TS,28.6N,95.7W,40,1003,,,,,,,,,,,,
AL,ALLISON,1989,2,29,19890626,1300,L,TS,28.7N,95.7W,40,1002,,,,,,,,,,,,
AL,ALLISON,1989,2,29,19890626,1800,,TS,29.1N,95.7W,45,1001,,,,,,,,,,,,
AL,ALLISON,1989,2,29,19890627,0,,TS,29.7N,95.7W,45,999,,,,,,,,,,,,
AL,ALLISON,1989,2,29,19890627,600,,TS,30.2N,95.3W,35,1000,,,,,,,,,,,,
AL,ALLISON,1989,2,29,19890627,1200,,TD,30.6N,94.9W,30,1002,,,,,,,,,,,,
AL,ALLISON,1989,2,29,19890627,1800,,TD,30.9N,94.6W,30,1004,,,,,,,,,,,,
AL,ALLISON,1989,2,29,19890628,0,,EX,31.1N,94.2W,30,1004,,,,,,,,,,,,
AL,ALLISON,1989,2,29,19890628,600,,EX,31.1N,93.9W,30,1005,,,,,,,,,,,,
AL,ALLISON,1989,2,29,19890628,1200,,EX,31.0N,93.7W,30,1006,,,,,,,,,,,,
AL,ALLISON,1989,2,29,19890628,1800,,EX,30.6N,93.8W,25,1007,,,,,,,,,,,,
AL,ALLISON,1989,2,29,19890629,0,,EX,30.5N,94.2W,25,1008,,,,,,,,,,,,
AL,ALLISON,1989,2,29,19890629,600,,EX,30.3N,94.6W,25,1008,,,,,,,,,,,,
AL,ALLISON,1989,2,29,19890629,1200,,EX,30.1N,95.0W,25,1008,,,,,,,,,,,,
AL,ALLISON,1989,2,29,19890629,1800,,EX,29.8N,95.2W,25,1008,,,,,,,,,,,,
AL,ALLISON,1989,2,29,19890630,0,,EX,29.6N,95.3W,20,1009,,,,,,,,,,,,
AL,ALLISON,1989,2,29,19890630,600,,EX,29.7N,95.7W,20,1010,,,,,,,,,,,,
AL,ALLISON,1989,2,29,19890630,1200,,EX,30.4N,95.7W,20,1011,,,,,,,,,,,,
AL,ALLISON,1989,2,29,19890630,1800,,EX,31.1N,95.5W,20,1010,,,,,,,,,,,,
AL,ALLISON,1989,2,29,19890701,0,,EX,31.8N,95.1W,20,1010,,,,,,,,,,,,
AL,ALLISON,1989,2,29,19890701,600,,EX,32.3N,94.5W,20,1010,,,,,,,,,,,,
AL,ALLISON,1989,2,29,19890701,1200,,EX,32.8N,93.8W,20,1010,,,,,,,,,,,,
AL,BARRY,1989,3,18,19890709,1800,,TD,12.8N,37.8W,25,1015,,,,,,,,,,,,
AL,BARRY,1989,3,18,19890710,0,,TD,13.0N,39.9W,25,1015,,,,,,,,,,,,
AL,BARRY,1989,3,18,19890710,600,,TD,13.9N,42.1W,25,1014,,,,,,,,,,,,
AL,BARRY,1989,3,18,19890710,1200,,TD,15.0N,44.6W,30,1013,,,,,,,,,,,,
AL,BARRY,1989,3,18,19890710,1800,,TD,16.3N,46.9W,30,1013,,,,,,,,,,,,
AL,BARRY,1989,3,18,19890711,0,,TS,17.7N,48.2W,35,1012,,,,,,,,,,,,
AL,BARRY,1989,3,18,19890711,600,,TS,18.8N,49.2W,40,1011,,,,,,,,,,,,
AL,BARRY,1989,3,18,19890711,1200,,TS,19.8N,50.4W,40,1010,,,,,,,,,,,,
AL,BARRY,1989,3,18,19890711,1800,,TS,20.7N,51.8W,40,1007,,,,,,,,,,,,
AL,BARRY,1989,3,18,19890712,0,,TS,21.4N,53.1W,45,1005,,,,,,,,,,,,
AL,BARRY,1989,3,18,19890712,600,,TS,22.1N,53.9W,45,1005,,,,,,,,,,,,
AL,BARRY,1989,3,18,19890712,1200,,TS,22.8N,54.4W,45,1005,,,,,,,,,,,,
AL,BARRY,1989,3,18,19890712,1800,,TS,23.5N,54.9W,40,1008,,,,,,,,,,,,
AL,BARRY,1989,3,18,19890713,0,,TS,23.8N,55.4W,40,1012,,,,,,,,,,,,
AL,BARRY,1989,3,18,19890713,600,,TS,24.0N,56.0W,35,1014,,,,,,,,,,,,
AL,BARRY,1989,3,18,19890713,1200,,TS,23.9N,56.6W,35,1016,,,,,,,,,,,,
AL,BARRY,1989,3,18,19890713,1800,,TD,23.7N,57.4W,30,1017,,,,,,,,,,,,
AL,BARRY,1989,3,18,19890714,0,,TD,23.3N,58.1W,30,1018,,,,,,,,,,,,
AL,CHANTAL,1989,4,16,19890730,1200,,TD,22.5N,90.0W,20,1011,,,,,,,,,,,,
AL,CHANTAL,1989,4,16,19890730,1800,,TD,23.5N,90.2W,25,1010,,,,,,,,,,,,
AL,CHANTAL,1989,4,16,19890731,0,,TD,24.4N,90.5W,30,1009,,,,,,,,,,,,
AL,CHANTAL,1989,4,16,19890731,600,,TS,25.4N,91.0W,35,1004,,,,,,,,,,,,
AL,CHANTAL,1989,4,16,19890731,1200,,TS,26.2N,91.7W,50,995,,,,,,,,,,,,
AL,CHANTAL,1989,4,16,19890731,1800,,TS,27.1N,92.2W,55,993,,,,,,,,,,,,
AL,CHANTAL,1989,4,16,19890801,0,,HU,27.9N,92.8W,65,991,,,,,,,,,,,,
AL,CHANTAL,1989,4,16,19890801,600,,HU,28.7N,93.5W,70,987,,,,,,,,,,,,
AL,CHANTAL,1989,4,16,19890801,1200,,HU,29.5N,94.3W,70,984,,,,,,,,,,,,
AL,CHANTAL,1989,4,16,19890801,1300,L,HU,29.6N,94.4W,70,986,,,,,,,,,,,,
AL,CHANTAL,1989,4,16,19890801,1800,,TS,30.2N,95.2W,50,993,,,,,,,,,,,,
AL,CHANTAL,1989,4,16,19890802,0,,TS,30.8N,96.1W,35,1000,,,,,,,,,,,,
AL,CHANTAL,1989,4,16,19890802,600,,TD,31.5N,96.9W,25,1004,,,,,,,,,,,,
AL,CHANTAL,1989,4,16,19890802,1200,,TD,32.3N,97.5W,20,1007,,,,,,,,,,,,
AL,CHANTAL,1989,4,16,19890802,1800,,TD,33.3N,98.0W,20,1008,,,,,,,,,,,,
AL,CHANTAL,1989,4,16,19890803,0,,TD,34.5N,98.5W,20,1009,,,,,,,,,,,,
AL,DEAN,1989,5,38,19890731,600,,TD,14.8N,41.8W,25,1010,,,,,,,,,,,,
AL,DEAN,1989,5,38,19890731,1200,,TD,15.0N,44.1W,25,1009,,,,,,,,,,,,
AL,DEAN,1989,5,38,19890731,1800,,TD,15.1N,46.0W,30,1008,,,,,,,,,,,,
AL,DEAN,1989,5,38,19890801,0,,TD,15.4N,47.6W,30,1006,,,,,,,,,,,,
AL,DEAN,1989,5,38,19890801,600,,TS,15.8N,49.3W,35,1004,,,,,,,,,,,,
AL,DEAN,1989,5,38,19890801,1200,,TS,16.1N,51.1W,40,1002,,,,,,,,,,,,
AL,DEAN,1989,5,38,19890801,1800,,TS,16.4N,52.9W,45,1000,,,,,,,,,,,,
AL,DEAN,1989,5,38,19890802,0,,TS,16.6N,54.6W,50,998,,,,,,,,,,,,
AL,DEAN,1989,5,38,19890802,600,,TS,16.9N,56.4W,60,996,,,,,,,,,,,,
AL,DEAN,1989,5,38,19890802,1200,,HU,17.3N,58.1W,65,994,,,,,,,,,,,,
AL,DEAN,1989,5,38,19890802,1800,,HU,17.9N,59.5W,70,992,,,,,,,,,,,,
AL,DEAN,1989,5,38,19890803,0,,HU,18.5N,60.7W,70,990,,,,,,,,,,,,
AL,DEAN,1989,5,38,19890803,600,,HU,18.9N,61.7W,70,987,,,,,,,,,,,,
AL,DEAN,1989,5,38,19890803,1200,,HU,19.3N,62.7W,75,985,,,,,,,,,,,,
AL,DEAN,1989,5,38,19890803,1800,,HU,19.7N,63.4W,75,985,,,,,,,,,,,,
AL,DEAN,1989,5,38,19890804,0,,HU,20.1N,63.8W,75,986,,,,,,,,,,,,
AL,DEAN,1989,5,38,19890804,600,,HU,20.4N,63.9W,75,986,,,,,,,,,,,,
AL,DEAN,1989,5,38,19890804,1200,,HU,20.9N,63.9W,75,985,,,,,,,,,,,,
AL,DEAN,1989,5,38,19890804,1800,,HU,21.6N,63.8W,75,984,,,,,,,,,,,,
AL,DEAN,1989,5,38,19890805,0,,HU,22.5N,63.8W,75,983,,,,,,,,,,,,
AL,DEAN,1989,5,38,19890805,600,,HU,23.5N,63.8W,75,983,,,,,,,,,,,,
AL,DEAN,1989,5,38,19890805,1200,,HU,24.7N,63.9W,75,980,,,,,,,,,,,,
AL,DEAN,1989,5,38,19890805,1800,,HU,26.0N,64.0W,75,980,,,,,,,,,,,,
AL,DEAN,1989,5,38,19890806,0,,HU,27.6N,64.3W,75,979,,,,,,,,,,,,
AL,DEAN,1989,5,38,19890806,600,,HU,29.2N,64.6W,80,978,,,,,,,,,,,,
AL,DEAN,1989,5,38,19890806,1200,,HU,30.8N,65.0W,80,975,,,,,,,,,,,,
AL,DEAN,1989,5,38,19890806,1800,,HU,32.4N,65.1W,85,971,,,,,,,,,,,,
AL,DEAN,1989,5,38,19890807,0,,HU,34.0N,64.9W,90,968,,,,,,,,,,,,
AL,DEAN,1989,5,38,19890807,600,,HU,35.6N,64.5W,90,969,,,,,,,,,,,,
AL,DEAN,1989,5,38,19890807,1200,,HU,37.5N,64.0W,85,979,,,,,,,,,,,,
AL,DEAN,1989,5,38,19890807,1800,,HU,39.4N,63.4W,80,972,,,,,,,,,,,,
AL,DEAN,1989,5,38,19890808,0,,HU,41.7N,62.1W,75,975,,,,,,,,,,,,
AL,DEAN,1989,5,38,19890808,600,,HU,44.1N,59.7W,65,978,,,,,,,,,,,,
AL,DEAN,1989,5,38,19890808,1200,,TS,46.5N,56.5W,55,991,,,,,,,,,,,,
AL,DEAN,1989,5,38,19890808,1300,L,TS,46.9N,55.9W,55,991,,,,,,,,,,,,
AL,DEAN,1989,5,38,19890808,1800,,TS,48.8N,53.2W,45,995,,,,,,,,,,,,
AL,DEAN,1989,5,38,19890809,0,,TS,50.8N,48.1W,40,1000,,,,,,,,,,,,
AL,DEAN,1989,5,38,19890809,600,,TS,51.8N,41.9W,35,1003,,,,,,,,,,,,
AL,UNNAMED,1989,6,36,19890808,1800,,TD,15.8N,20.8W,25,,,,,,,,,,,,,
AL,UNNAMED,1989,6,36,19890809,0,,TD,15.8N,19.9W,25,,,,,,,,,,,,,
AL,UNNAMED,1989,6,36,19890809,600,,TD,15.7N,19.1W,25,,,,,,,,,,,,,
AL,UNNAMED,1989,6,36,19890809,1200,,TD,15.7N,18.4W,25,,,,,,,,,,,,,
AL,UNNAMED,1989,6,36,19890809,1800,,TD,15.7N,17.8W,25,,,,,,,,,,,,,
AL,UNNAMED,1989,6,36,19890810,0,,TD,15.6N,17.4W,25,,,,,,,,,,,,,
AL,UNNAMED,1989,6,36,19890810,600,,TD,15.6N,17.1W,25,,,,,,,,,,,,,
AL,UNNAMED,1989,6,36,19890810,1200,,TD,15.6N,16.9W,25,,,,,,,,,,,,,
AL,UNNAMED,1989,6,36,19890810,1800,,TD,15.6N,16.8W,25,,,,,,,,,,,,,
AL,UNNAMED,1989,6,36,19890811,0,,TD,15.6N,16.9W,25,,,,,,,,,,,,,
AL,UNNAMED,1989,6,36,19890811,600,,TD,15.6N,17.1W,25,,,,,,,,,,,,,
AL,UNNAMED,1989,6,36,19890811,1200,,TD,15.6N,17.4W,25,,,,,,,,,,,,,
AL,UNNAMED,1989,6,36,19890811,1800,,TD,15.7N,17.9W,25,,,,,,,,,,,,,
AL,UNNAMED,1989,6,36,19890812,0,,TD,15.7N,18.5W,25,,,,,,,,,,,,,
AL,UNNAMED,1989,6,36,19890812,600,,TD,15.8N,19.2W,25,,,,,,,,,,,,,
AL,UNNAMED,1989,6,36,19890812,1200,,TD,15.8N,20.1W,25,,,,,,,,,,,,,
AL,UNNAMED,1989,6,36,19890812,1800,,TD,15.9N,21.1W,25,,,,,,,,,,,,,
AL,UNNAMED,1989,6,36,19890813,0,,TD,16.1N,22.8W,25,,,,,,,,,,,,,
AL,UNNAMED,1989,6,36,19890813,600,,TD,16.4N,25.3W,25,,,,,,,,,,,,,
AL,UNNAMED,1989,6,36,19890813,1200,,TD,16.6N,28.5W,25,,,,,,,,,,,,,
AL,UNNAMED,1989,6,36,19890813,1800,,TD,16.5N,31.4W,25,,,,,,,,,,,,,
AL,UNNAMED,1989,6,36,19890814,0,,TD,16.2N,33.6W,25,,,,,,,,,,,,,
AL,UNNAMED,1989,6,36,19890814,600,,TD,15.7N,35.3W,25,,,,,,,,,,,,,
AL,UNNAMED,1989,6,36,19890814,1200,,TD,15.0N,36.5W,25,,,,,,,,,,,,,
AL,UNNAMED,1989,6,36,19890814,1800,,TD,14.4N,37.7W,25,,,,,,,,,,,,,
AL,UNNAMED,1989,6,36,19890815,0,,TD,14.4N,39.3W,25,,,,,,,,,,,,,
AL,UNNAMED,1989,6,36,19890815,600,,TD,15.0N,41.1W,25,,,,,,,,,,,,,
AL,UNNAMED,1989,6,36,19890815,1200,,TD,15.4N,42.7W,25,,,,,,,,,,,,,
AL,UNNAMED,1989,6,36,19890815,1800,,TD,15.6N,44.0W,25,,,,,,,,,,,,,
AL,UNNAMED,1989,6,36,19890816,0,,TD,15.8N,45.4W,25,,,,,,,,,,,,,
AL,UNNAMED,1989,6,36,19890816,600,,TD,16.0N,47.2W,25,,,,,,,,,,,,,
AL,UNNAMED,1989,6,36,19890816,1200,,TD,16.1N,49.2W,30,,,,,,,,,,,,,
AL,UNNAMED,1989,6,36,19890816,1800,,TD,16.5N,51.1W,30,,,,,,,,,,,,,
AL,UNNAMED,1989,6,36,19890817,0,,TD,17.1N,52.5W,30,,,,,,,,,,,,,
AL,UNNAMED,1989,6,36,19890817,600,,TD,17.6N,53.8W,25,,,,,,,,,,,,,
AL,UNNAMED,1989,6,36,19890817,1200,,TD,17.7N,55.1W,25,,,,,,,,,,,,,
AL,ERIN,1989,7,37,19890818,0,,TD,14.3N,22.4W,25,1012,,,,,,,,,,,,
AL,ERIN,1989,7,37,19890818,600,,TD,15.2N,23.8W,25,1012,,,,,,,,,,,,
AL,ERIN,1989,7,37,19890818,1200,,TD,16.2N,25.2W,25,1011,,,,,,,,,,,,
AL,ERIN,1989,7,37,19890818,1800,,TD,17.0N,26.5W,30,1010,,,,,,,,,,,,
AL,ERIN,1989,7,37,19890819,0,,TD,17.4N,27.8W,30,1009,,,,,,,,,,,,
AL,ERIN,1989,7,37,19890819,600,,TD,17.7N,29.4W,30,1008,,,,,,,,,,,,
AL,ERIN,1989,7,37,19890819,1200,,TD,18.1N,31.1W,30,1007,,,,,,,,,,,,
AL,ERIN,1989,7,37,19890819,1800,,TS,18.5N,32.7W,35,1005,,,,,,,,,,,,
AL,ERIN,1989,7,37,19890820,0,,TS,19.1N,34.3W,35,1004,,,,,,,,,,,,
AL,ERIN,1989,7,37,19890820,600,,TS,19.6N,35.6W,40,1003,,,,,,,,,,,,
AL,ERIN,1989,7,37,19890820,1200,,TS,20.1N,36.9W,40,1002,,,,,,,,,,,,
AL,ERIN,1989,7,37,19890820,1800,,TS,20.6N,38.3W,40,1001,,,,,,,,,,,,
AL,ERIN,1989,7,37,19890821,0,,TS,21.1N,39.7W,45,1000,,,,,,,,,,,,
AL,ERIN,1989,7,37,19890821,600,,TS,22.0N,41.1W,45,998,,,,,,,,,,,,
AL,ERIN,1989,7,37,19890821,1200,,TS,23.3N,42.1W,45,997,,,,,,,,,,,,
AL,ERIN,1989,7,37,19890821,1800,,TS,24.7N,42.8W,50,994,,,,,,,,,,,,
AL,ERIN,1989,7,37,19890822,0,,TS,26.2N,43.3W,55,992,,,,,,,,,,,,
AL,ERIN,1989,7,37,19890822,600,,TS,27.6N,43.8W,60,989,,,,,,,,,,,,
AL,ERIN,1989,7,37,19890822,1200,,HU,28.8N,44.5W,65,986,,,,,,,,,,,,
AL,ERIN,1989,7,37,19890822,1800,,HU,29.7N,45.2W,70,983,,,,,,,,,,,,
AL,ERIN,1989,7,37,19890823,0,,HU,30.3N,45.9W,70,981,,,,,,,,,,,,
AL,ERIN,1989,7,37,19890823,600,,HU,30.9N,46.3W,75,979,,,,,,,,,,,,
AL,ERIN,1989,7,37,19890823,1200,,HU,31.5N,46.2W,80,977,,,,,,,,,,,,
AL,ERIN,1989,7,37,19890823,1800,,HU,32.0N,46.0W,80,975,,,,,,,,,,,,
AL,ERIN,1989,7,37,19890824,0,,HU,32.6N,45.6W,85,973,,,,,,,,,,,,
AL,ERIN,1989,7,37,19890824,600,,HU,33.3N,45.2W,85,971,,,,,,,,,,,,
AL,ERIN,1989,7,37,19890824,1200,,HU,34.1N,44.5W,90,970,,,,,,,,,,,,
AL,ERIN,1989,7,37,19890824,1800,,HU,35.1N,43.6W,90,969,,,,,,,,,,,,
AL,ERIN,1989,7,37,19890825,0,,HU,36.3N,42.4W,90,968,,,,,,,,,,,,
AL,ERIN,1989,7,37,19890825,600,,HU,37.6N,41.1W,90,969,,,,,,,,,,,,
AL,ERIN,1989,7,37,19890825,1200,,HU,39.0N,39.7W,90,971,,,,,,,,,,,,
AL,ERIN,1989,7,37,19890825,1800,,HU,40.6N,38.3W,85,973,,,,,,,,,,,,
AL,ERIN,1989,7,37,19890826,0,,HU,42.3N,37.2W,80,976,,,,,,,,,,,,
AL,ERIN,1989,7,37,19890826,600,,HU,44.4N,36.2W,75,980,,,,,,,,,,,,
AL,ERIN,1989,7,37,19890826,1200,,HU,47.0N,35.1W,70,983,,,,,,,,,,,,
AL,ERIN,1989,7,37,19890826,1800,,HU,49.5N,33.5W,65,986,,,,,,,,,,,,
AL,ERIN,1989,7,37,19890827,0,,TS,51.9N,31.8W,60,991,,,,,,,,,,,,
AL,FELIX,1989,8,63,19890826,0,,TD,16.8N,21.0W,25,1009,,,,,,,,,,,,
AL,FELIX,1989,8,63,19890826,600,,TD,16.9N,21.7W,30,1008,,,,,,,,,,,,
AL,FELIX,1989,8,63,19890826,1200,,TD,17.0N,22.2W,30,1007,,,,,,,,,,,,
AL,FELIX,1989,8,63,19890826,1800,,TS,17.2N,22.9W,35,1005,,,,,,,,,,,,
AL,FELIX,1989,8,63,19890827,0,,TS,17.4N,23.5W,35,1003,,,,,,,,,,,,
AL,FELIX,1989,8,63,19890827,600,,TS,17.8N,23.9W,40,1001,,,,,,,,,,,,
AL,FELIX,1989,8,63,19890827,1200,,TS,18.2N,24.0W,45,1000,,,,,,,,,,,,
AL,FELIX,1989,8,63,19890827,1800,,TS,18.7N,24.3W,50,998,,,,,,,,,,,,
AL,FELIX,1989,8,63,19890828,0,,TS,19.1N,24.6W,50,996,,,,,,,,,,,,
AL,FELIX,1989,8,63,19890828,600,,TS,19.7N,24.8W,55,995,,,,,,,,,,,,
AL,FELIX,1989,8,63,19890828,1200,,TS,20.0N,24.9W,50,995,,,,,,,,,,,,
AL,FELIX,1989,8,63,19890828,1800,,TS,20.5N,24.9W,50,995,,,,,,,,,,,,
AL,FELIX,1989,8,63,19890829,0,,TS,20.8N,25.3W,45,1000,,,,,,,,,,,,
AL,FELIX,1989,8,63,19890829,600,,TS,21.1N,26.0W,35,1001,,,,,,,,,,,,
AL,FELIX,1989,8,63,19890829,1200,,TS,21.4N,26.9W,35,1005,,,,,,,,,,,,
AL,FELIX,1989,8,63,19890829,1800,,TD,21.9N,27.8W,30,1006,,,,,,,,,,,,
AL,FELIX,1989,8,63,19890830,0,,TD,22.5N,28.7W,30,1008,,,,,,,,,,,,
AL,FELIX,1989,8,63,19890830,600,,TD,23.4N,29.7W,30,1009,,,,,,,,,,,,
AL,FELIX,1989,8,63,19890830,1200,,TD,24.2N,31.0W,30,1009,,,,,,,,,,,,
AL,FELIX,1989,8,63,19890830,1800,,TD,25.1N,32.4W,30,1010,,,,,,,,,,,,
AL,FELIX,1989,8,63,19890831,0,,TD,26.3N,34.0W,30,1010,,,,,,,,,,,,
AL,FELIX,1989,8,63,19890831,600,,TD,27.6N,35.6W,30,1010,,,,,,,,,,,,
AL,FELIX,1989,8,63,19890831,1200,,TD,28.9N,37.1W,30,1010,,,,,,,,,,,,
AL,FELIX,1989,8,63,19890831,1800,,TD,29.7N,38.6W,30,1010,,,,,,,,,,,,
AL,FELIX,1989,8,63,19890901,0,,TD,30.5N,39.7W,30,1009,,,,,,,,,,,,
AL,FELIX,1989,8,63,19890901,600,,TD,31.1N,41.1W,30,1009,,,,,,,,,,,,
AL,FELIX,1989,8,63,19890901,1200,,TD,31.8N,40.8W,30,1009,,,,,,,,,,,,
AL,FELIX,1989,8,63,19890901,1800,,TD,32.2N,40.9W,30,1009,,,,,,,,,,,,
AL,FELIX,1989,8,63,19890902,0,,TD,32.7N,40.9W,30,1008,,,,,,,,,,,,
AL,FELIX,1989,8,63,19890902,600,,TD,33.0N,40.9W,30,1008,,,,,,,,,,,,
AL,FELIX,1989,8,63,19890902,1200,,TD,33.1N,41.0W,30,1008,,,,,,,,,,,,
AL,FELIX,1989,8,63,19890902,1800,,TD,33.2N,41.3W,30,1008,,,,,,,,,,,,
AL,FELIX,1989,8,63,19890903,0,,TS,33.2N,41.8W,35,1005,,,,,,,,,,,,
AL,FELIX,1989,8,63,19890903,600,,TS,33.4N,42.3W,35,1005,,,,,,,,,,,,
AL,FELIX,1989,8,63,19890903,1200,,TS,33.5N,42.9W,35,1005,,,,,,,,,,,,
AL,FELIX,1989,8,63,19890903,1800,,TS,33.8N,43.9W,35,1005,,,,,,,,,,,,
AL,FELIX,1989,8,63,19890904,0,,TS,34.0N,45.2W,40,1004,,,,,,,,,,,,
AL,FELIX,1989,8,63,19890904,600,,TS,34.3N,46.3W,40,1003,,,,,,,,,,,,
AL,FELIX,1989,8,63,19890904,1200,,TS,34.9N,47.5W,45,1002,,,,,,,,,,,,
AL,FELIX,1989,8,63,19890904,1800,,TS,35.3N,48.1W,45,1000,,,,,,,,,,,,
AL,FELIX,1989,8,63,19890905,0,,TS,35.7N,48.8W,55,995,,,,,,,,,,,,
AL,FELIX,1989,8,63,19890905,600,,HU,36.0N,48.7W,65,988,,,,,,,,,,,,
AL,FELIX,1989,8,63,19890905,1200,,HU,36.3N,48.6W,70,982,,,,,,,,,,,,
AL,FELIX,1989,8,63,19890905,1800,,HU,36.7N,48.3W,75,979,,,,,,,,,,,,
AL,FELIX,1989,8,63,19890906,0,,HU,36.9N,48.2W,75,979,,,,,,,,,,,,
AL,FELIX,1989,8,63,19890906,600,,HU,37.2N,48.1W,75,979,,,,,,,,,,,,
AL,FELIX,1989,8,63,19890906,1200,,HU,37.4N,48.0W,70,982,,,,,,,,,,,,
AL,FELIX,1989,8,63,19890906,1800,,HU,37.6N,47.9W,70,984,,,,,,,,,,,,
AL,FELIX,1989,8,63,19890907,0,,HU,38.0N,47.8W,65,988,,,,,,,,,,,,
AL,FELIX,1989,8,63,19890907,600,,TS,38.5N,47.7W,60,990,,,,,,,,,,,,
AL,FELIX,1989,8,63,19890907,1200,,TS,39.3N,47.6W,55,992,,,,,,,,,,,,
AL,FELIX,1989,8,63,19890907,1800,,TS,40.4N,47.0W,50,994,,,,,,,,,,,,
AL,FELIX,1989,8,63,19890908,0,,TS,41.3N,46.7W,50,995,,,,,,,,,,,,
AL,FELIX,1989,8,63,19890908,600,,TS,42.4N,45.8W,45,998,,,,,,,,,,,,
AL,FELIX,1989,8,63,19890908,1200,,TS,43.6N,44.8W,45,1000,,,,,,,,,,,,
AL,FELIX,1989,8,63,19890908,1800,,TS,45.0N,42.8W,40,1002,,,,,,,,,,,,
AL,FELIX,1989,8,63,19890909,0,,TS,46.5N,40.5W,35,1005,,,,,,,,,,,,
AL,FELIX,1989,8,63,19890909,600,,EX,46.5N,38.0W,40,1002,,,,,,,,,,,,
AL,FELIX,1989,8,63,19890909,1200,,EX,46.5N,35.5W,40,1000,,,,,,,,,,,,
AL,FELIX,1989,8,63,19890909,1800,,EX,45.5N,33.5W,45,997,,,,,,,,,,,,
AL,FELIX,1989,8,63,19890910,0,,EX,44.5N,31.5W,50,995,,,,,,,,,,,,
AL,FELIX,1989,8,63,19890910,600,,EX,43.5N,30.2W,50,995,,,,,,,,,,,,
AL,FELIX,1989,8,63,19890910,1200,,EX,42.5N,29.0W,50,995,,,,,,,,,,,,
AL,UNNAMED,1989,9,6,19890827,600,,TD,13.0N,48.2W,20,,,,,,,,,,,,,
AL,UNNAMED,1989,9,6,19890827,1200,,TD,13.0N,49.1W,25,,,,,,,,,,,,,
AL,UNNAMED,1989,9,6,19890827,1800,,TD,13.1N,50.3W,25,,,,,,,,,,,,,
AL,UNNAMED,1989,9,6,19890828,0,,TD,13.2N,51.4W,25,,,,,,,,,,,,,
AL,UNNAMED,1989,9,6,19890828,600,,TD,13.5N,52.4W,25,,,,,,,,,,,,,
AL,UNNAMED,1989,9,6,19890828,1200,,TD,13.8N,53.4W,25,,,,,,,,,,,,,
AL,GABRIELLE,1989,10,58,19890830,1200,,TD,11.6N,21.0W,25,1011,,,,,,,,,,,,
AL,GABRIELLE,1989,10,58,19890830,1800,,TD,11.3N,23.0W,30,1009,,,,,,,,,,,,
AL,GABRIELLE,1989,10,58,19890831,0,,TS,11.3N,24.8W,35,1005,,,,,,,,,,,,
AL,GABRIELLE,1989,10,58,19890831,600,,TS,11.4N,26.5W,35,1005,,,,,,,,,,,,
AL,GABRIELLE,1989,10,58,19890831,1200,,TS,11.5N,28.3W,45,1000,,,,,,,,,,,,
AL,GABRIELLE,1989,10,58,19890831,1800,,TS,11.5N,30.0W,55,994,,,,,,,,,,,,
AL,GABRIELLE,1989,10,58,19890901,0,,HU,11.5N,31.7W,65,987,,,,,,,,,,,,
AL,GABRIELLE,1989,10,58,19890901,600,,HU,11.8N,33.4W,65,987,,,,,,,,,,,,
AL,GABRIELLE,1989,10,58,19890901,1200,,HU,12.3N,35.1W,65,987,,,,,,,,,,,,
AL,GABRIELLE,1989,10,58,19890901,1800,,HU,12.8N,36.8W,65,987,,,,,,,,,,,,
AL,GABRIELLE,1989,10,58,19890902,0,,HU,13.4N,38.6W,75,980,,,,,,,,,,,,
AL,GABRIELLE,1989,10,58,19890902,600,,HU,13.9N,40.3W,80,977,,,,,,,,,,,,
AL,GABRIELLE,1989,10,58,19890902,1200,,HU,14.4N,42.0W,85,974,,,,,,,,,,,,
AL,GABRIELLE,1989,10,58,19890902,1800,,HU,14.8N,43.8W,90,970,,,,,,,,,,,,
AL,GABRIELLE,1989,10,58,19890903,0,,HU,15.2N,45.5W,95,966,,,,,,,,,,,,
AL,GABRIELLE,1989,10,58,19890903,600,,HU,15.6N,47.2W,100,960,,,,,,,,,,,,
AL,GABRIELLE,1989,10,58,19890903,1200,,HU,16.1N,48.8W,105,948,,,,,,,,,,,,
AL,GABRIELLE,1989,10,58,19890903,1800,,HU,16.5N,50.3W,105,937,,,,,,,,,,,,
AL,GABRIELLE,1989,10,58,19890903,2046,P,HU,16.8N,50.9W,105,935,,,,,,,,,,,,
AL,GABRIELLE,1989,10,58,19890904,0,,HU,17.0N,51.5W,105,937,,,,,,,,,,,,
AL,GABRIELLE,1989,10,58,19890904,600,,HU,17.4N,52.7W,110,940,,,,,,,,,,,,
AL,GABRIELLE,1989,10,58,19890904,1200,,HU,18.0N,53.8W,115,942,,,,,,,,,,,,
AL,GABRIELLE,1989,10,58,19890904,1800,,HU,18.6N,54.8W,120,942,,,,,,,,,,,,
AL,GABRIELLE,1989,10,58,19890905,0,,HU,19.3N,55.7W,125,944,,,,,,,,,,,,
AL,GABRIELLE,1989,10,58,19890905,600,,HU,19.9N,56.5W,125,941,,,,,,,,,,,,
AL,GABRIELLE,1989,10,58,19890905,1200,,HU,20.6N,57.2W,125,941,,,,,,,,,,,,
AL,GABRIELLE,1989,10,58,19890905,1800,,HU,21.4N,57.8W,125,941,,,,,,,,,,,,
AL,GABRIELLE,1989,10,58,19890906,0,,HU,22.2N,58.3W,125,944,,,,,,,,,,,,
AL,GABRIELLE,1989,10,58,19890906,600,,HU,23.1N,58.8W,120,942,,,,,,,,,,,,
AL,GABRIELLE,1989,10,58,19890906,1200,,HU,24.0N,59.3W,120,944,,,,,,,,,,,,
AL,GABRIELLE,1989,10,58,19890906,1800,,HU,25.1N,59.8W,120,944,,,,,,,,,,,,
AL,GABRIELLE,1989,10,58,19890907,0,,HU,26.4N,60.0W,120,943,,,,,,,,,,,,
AL,GABRIELLE,1989,10,58,19890907,600,,HU,27.7N,60.0W,105,948,,,,,,,,,,,,
AL,GABRIELLE,1989,10,58,19890907,1200,,HU,29.0N,59.9W,95,950,,,,,,,,,,,,
AL,GABRIELLE,1989,10,58,19890907,1800,,HU,30.5N,59.8W,95,951,,,,,,,,,,,,
AL,GABRIELLE,1989,10,58,19890908,0,,HU,32.1N,59.6W,95,951,,,,,,,,,,,,
AL,GABRIELLE,1989,10,58,19890908,600,,HU,33.7N,59.6W,90,955,,,,,,,,,,,,
AL,GABRIELLE,1989,10,58,19890908,1200,,HU,35.1N,59.6W,85,961,,,,,,,,,,,,
AL,GABRIELLE,1989,10,58,19890908,1800,,HU,36.4N,59.7W,80,970,,,,,,,,,,,,
AL,GABRIELLE,1989,10,58,19890909,0,,HU,37.2N,59.8W,75,979,,,,,,,,,,,,
AL,GABRIELLE,1989,10,58,19890909,600,,HU,38.0N,59.9W,70,987,,,,,,,,,,,,
AL,GABRIELLE,1989,10,58,19890909,1200,,HU,38.5N,60.0W,65,988,,,,,,,,,,,,
AL,GABRIELLE,1989,10,58,19890909,1800,,HU,38.9N,60.1W,65,990,,,,,,,,,,,,
AL,GABRIELLE,1989,10,58,19890910,0,,HU,39.1N,60.3W,65,990,,,,,,,,,,,,
AL,GABRIELLE,1989,10,58,19890910,600,,TS,39.1N,60.4W,60,994,,,,,,,,,,,,
AL,GABRIELLE,1989,10,58,19890910,1200,,TS,39.1N,60.6W,60,996,,,,,,,,,,,,
AL,GABRIELLE,1989,10,58,19890910,1800,,TS,39.1N,61.1W,55,998,,,,,,,,,,,,
AL,GABRIELLE,1989,10,58,19890911,0,,TS,39.1N,61.6W,50,1000,,,,,,,,,,,,
AL,GABRIELLE,1989,10,58,19890911,600,,TS,39.0N,62.0W,45,1002,,,,,,,,,,,,
AL,GABRIELLE,1989,10,58,19890911,1200,,TS,39.4N,62.0W,40,1003,,,,,,,,,,,,
AL,GABRIELLE,1989,10,58,19890911,1800,,TS,39.9N,61.3W,35,1005,,,,,,,,,,,,
AL,GABRIELLE,1989,10,58,19890912,0,,TS,40.2N,60.6W,35,1005,,,,,,,,,,,,
AL,GABRIELLE,1989,10,58,19890912,600,,TS,40.3N,59.7W,35,1006,,,,,,,,,,,,
AL,GABRIELLE,1989,10,58,19890912,1200,,TD,40.5N,58.7W,30,1007,,,,,,,,,,,,
AL,GABRIELLE,1989,10,58,19890912,1800,,TD,41.0N,57.1W,30,1008,,,,,,,,,,,,
AL,GABRIELLE,1989,10,58,19890913,0,,TD,41.8N,55.3W,30,1009,,,,,,,,,,,,
AL,GABRIELLE,1989,10,58,19890913,600,,TD,42.7N,53.5W,30,1010,,,,,,,,,,,,
AL,GABRIELLE,1989,10,58,19890913,1200,,TD,43.8N,51.5W,30,1010,,,,,,,,,,,,
AL,HUGO,1989,11,64,19890910,1200,,TD,13.2N,20.0W,25,1010,,,,,,,,,,,,
AL,HUGO,1989,11,64,19890910,1800,,TD,13.3N,21.8W,25,1010,,,,,,,,,,,,
AL,HUGO,1989,11,64,19890911,0,,TD,13.2N,23.7W,30,1009,,,,,,,,,,,,
AL,HUGO,1989,11,64,19890911,600,,TD,13.0N,25.5W,30,1007,,,,,,,,,,,,
AL,HUGO,1989,11,64,19890911,1200,,TD,12.8N,27.3W,30,1005,,,,,,,,,,,,
AL,HUGO,1989,11,64,19890911,1800,,TS,12.5N,29.2W,35,1003,,,,,,,,,,,,
AL,HUGO,1989,11,64,19890912,0,,TS,12.5N,31.0W,40,1002,,,,,,,,,,,,
AL,HUGO,1989,11,64,19890912,600,,TS,12.5N,32.9W,45,1000,,,,,,,,,,,,
AL,HUGO,1989,11,64,19890912,1200,,TS,12.5N,34.8W,45,998,,,,,,,,,,,,
AL,HUGO,1989,11,64,19890912,1800,,TS,12.6N,36.7W,50,996,,,,,,,,,,,,
AL,HUGO,1989,11,64,19890913,0,,TS,12.6N,38.2W,55,994,,,,,,,,,,,,
AL,HUGO,1989,11,64,19890913,600,,TS,12.7N,40.0W,55,992,,,,,,,,,,,,
AL,HUGO,1989,11,64,19890913,1200,,TS,12.8N,41.8W,60,990,,,,,,,,,,,,
AL,HUGO,1989,11,64,19890913,1800,,HU,12.8N,43.5W,65,987,,,,,,,,,,,,
AL,HUGO,1989,11,64,19890914,0,,HU,12.9N,44.9W,70,984,,,,,,,,,,,,
AL,HUGO,1989,11,64,19890914,600,,HU,13.0N,46.3W,80,980,,,,,,,,,,,,
AL,HUGO,1989,11,64,19890914,1200,,HU,13.2N,47.8W,85,975,,,,,,,,,,,,
AL,HUGO,1989,11,64,19890914,1800,,HU,13.6N,49.1W,90,970,,,,,,,,,,,,
AL,HUGO,1989,11,64,19890915,0,,HU,13.8N,50.5W,100,962,,,,,,,,,,,,
AL,HUGO,1989,11,64,19890915,600,,HU,14.0N,51.9W,110,957,,,,,,,,,,,,
AL,HUGO,1989,11,64,19890915,1200,,HU,14.2N,53.3W,125,940,,,,,,,,,,,,
AL,HUGO,1989,11,64,19890915,1800,,HU,14.6N,54.6W,140,918,,,,,,,,,,,,
AL,HUGO,1989,11,64,19890916,0,,HU,14.8N,56.1W,135,923,,,,,,,,,,,,
AL,HUGO,1989,11,64,19890916,600,,HU,15.1N,57.3W,130,927,,,,,,,,,,,,
AL,HUGO,1989,11,64,19890916,1200,,HU,15.4N,58.4W,120,940,,,,,,,,,,,,
AL,HUGO,1989,11,64,19890916,1800,,HU,15.8N,59.4W,120,941,,,,,,,,,,,,
AL,HUGO,1989,11,64,19890917,0,,HU,16.1N,60.4W,120,941,,,,,,,,,,,,
AL,HUGO,1989,11,64,19890917,500,L,HU,16.3N,61.3W,120,941,,,,,,,,,,,,
AL,HUGO,1989,11,64,19890917,600,,HU,16.4N,61.5W,120,943,,,,,,,,,,,,
AL,HUGO,1989,11,64,19890917,1200,,HU,16.6N,62.5W,125,949,,,,,,,,,,,,
AL,HUGO,1989,11,64,19890917,1800,,HU,16.9N,63.5W,125,945,,,,,,,,,,,,
AL,HUGO,1989,11,64,19890918,0,,HU,17.2N,64.1W,130,934,,,,,,,,,,,,
AL,HUGO,1989,11,64,19890918,600,L,HU,17.7N,64.8W,120,940,,,,,,,,,,,,
AL,HUGO,1989,11,64,19890918,1200,L,HU,18.2N,65.5W,110,945,,,,,,,,,,,,
AL,HUGO,1989,11,64,19890918,1300,L,HU,18.3N,65.6W,110,946,,,,,,,,,,,,
AL,HUGO,1989,11,64,19890918,1800,,HU,19.1N,66.4W,105,958,,,,,,,,,,,,
AL,HUGO,1989,11,64,19890919,0,,HU,19.7N,66.8W,100,959,,,,,,,,,,,,
AL,HUGO,1989,11,64,19890919,600,,HU,20.7N,67.3W,90,962,,,,,,,,,,,,
AL,HUGO,1989,11,64,19890919,1200,,HU,21.6N,68.0W,90,964,,,,,,,,,,,,
AL,HUGO,1989,11,64,19890919,1800,,HU,22.6N,68.6W,90,966,,,,,,,,,,,,
AL,HUGO,1989,11,64,19890920,0,,HU,23.5N,69.3W,90,957,,,,,,,,,,,,
AL,HUGO,1989,11,64,19890920,600,,HU,24.4N,70.1W,90,957,,,,,,,,,,,,
AL,HUGO,1989,11,64,19890920,1200,,HU,25.2N,71.0W,95,958,,,,,,,,,,,,
AL,HUGO,1989,11,64,19890920,1800,,HU,26.3N,72.2W,95,953,,,,,,,,,,,,
AL,HUGO,1989,11,64,19890921,0,,HU,27.2N,73.4W,100,950,,,,,,,,,,,,
AL,HUGO,1989,11,64,19890921,600,,HU,28.0N,74.9W,100,950,,,,,,,,,,,,
AL,HUGO,1989,11,64,19890921,1200,,HU,29.0N,76.1W,110,948,,,,,,,,,,,,
AL,HUGO,1989,11,64,19890921,1800,,HU,30.2N,77.5W,120,944,,,,,,,,,,,,
AL,HUGO,1989,11,64,19890922,0,,HU,31.7N,78.8W,120,935,,,,,,,,,,,,
AL,HUGO,1989,11,64,19890922,400,L,HU,32.8N,79.8W,120,934,,,,,,,,,,,,
AL,HUGO,1989,11,64,19890922,600,,HU,33.5N,80.3W,85,952,,,,,,,,,,,,
AL,HUGO,1989,11,64,19890922,1200,,TS,35.9N,81.7W,55,975,,,,,,,,,,,,
AL,HUGO,1989,11,64,19890922,1800,,TS,38.5N,81.8W,40,987,,,,,,,,,,,,
AL,HUGO,1989,11,64,19890923,0,,EX,42.2N,80.2W,35,988,,,,,,,,,,,,
AL,HUGO,1989,11,64,19890923,600,,EX,46.0N,74.5W,40,990,,,,,,,,,,,,
AL,HUGO,1989,11,64,19890923,1200,,EX,49.0N,69.0W,40,992,,,,,,,,,,,,
AL,HUGO,1989,11,64,19890923,1800,,EX,51.0N,65.0W,40,993,,,,,,,,,,,,
AL,HUGO,1989,11,64,19890924,0,,EX,52.0N,62.0W,40,994,,,,,,,,,,,,
AL,HUGO,1989,11,64,19890924,600,,EX,52.5N,60.5W,40,993,,,,,,,,,,,,
AL,HUGO,1989,11,64,19890924,1200,,EX,53.0N,59.5W,40,991,,,,,,,,,,,,
AL,HUGO,1989,11,64,19890924,1800,,EX,53.5N,58.5W,40,989,,,,,,,,,,,,
AL,HUGO,1989,11,64,19890925,0,,EX,54.0N,57.0W,40,983,,,,,,,,,,,,
AL,HUGO,1989,11,64,19890925,600,,EX,56.0N,52.0W,40,979,,,,,,,,,,,,
AL,HUGO,1989,11,64,19890925,1200,,EX,58.0N,46.0W,40,974,,,,,,,,,,,,
AL,IRIS,1989,12,21,19890916,1800,,TD,11.3N,44.0W,25,1017,,,,,,,,,,,,
AL,IRIS,1989,12,21,19890917,0,,TD,11.2N,46.0W,30,1010,,,,,,,,,,,,
AL,IRIS,1989,12,21,19890917,600,,TD,11.2N,48.0W,30,1009,,,,,,,,,,,,
AL,IRIS,1989,12,21,19890917,1200,,TD,11.3N,50.0W,30,1008,,,,,,,,,,,,
AL,IRIS,1989,12,21,19890917,1800,,TD,11.5N,51.7W,30,1007,,,,,,,,,,,,
AL,IRIS,1989,12,21,19890918,0,,TS,11.9N,53.2W,35,1005,,,,,,,,,,,,
AL,IRIS,1989,12,21,19890918,600,,TS,12.6N,54.6W,35,1004,,,,,,,,,,,,
AL,IRIS,1989,12,21,19890918,1200,,TS,14.0N,55.5W,40,1003,,,,,,,,,,,,
AL,IRIS,1989,12,21,19890918,1800,,TS,15.6N,56.1W,45,1002,,,,,,,,,,,,
AL,IRIS,1989,12,21,19890919,0,,TS,17.0N,56.8W,50,1001,,,,,,,,,,,,
AL,IRIS,1989,12,21,19890919,600,,TS,18.1N,57.5W,55,1001,,,,,,,,,,,,
AL,IRIS,1989,12,21,19890919,1200,,TS,19.2N,58.2W,60,1001,,,,,,,,,,,,
AL,IRIS,1989,12,21,19890919,1800,,TS,20.0N,59.2W,60,1001,,,,,,,,,,,,
AL,IRIS,1989,12,21,19890920,0,,TS,20.5N,60.3W,50,1002,,,,,,,,,,,,
AL,IRIS,1989,12,21,19890920,600,,TS,20.9N,61.3W,40,1003,,,,,,,,,,,,
AL,IRIS,1989,12,21,19890920,1200,,TS,21.3N,62.2W,35,1005,,,,,,,,,,,,
AL,IRIS,1989,12,21,19890920,1800,,TS,21.7N,63.1W,35,1007,,,,,,,,,,,,
AL,IRIS,1989,12,21,19890921,0,,TD,21.9N,64.1W,30,1008,,,,,,,,,,,,
AL,IRIS,1989,12,21,19890921,600,,TD,22.2N,65.1W,30,1010,,,,,,,,,,,,
AL,IRIS,1989,12,21,19890921,1200,,TD,22.4N,66.0W,25,1011,,,,,,,,,,,,
AL,IRIS,1989,12,21,19890921,1800,,TD,22.5N,67.0W,25,1012,,,,,,,,,,,,
AL,UNNAMED,1989,13,15,19891002,0,,TD,11.9N,43.0W,25,,,,,,,,,,,,,
AL,UNNAMED,1989,13,15,19891002,600,,TD,12.0N,45.1W,25,,,,,,,,,,,,,
AL,UNNAMED,1989,13,15,19891002,1200,,TD,12.5N,46.5W,25,,,,,,,,,,,,,
AL,UNNAMED,1989,13,15,19891002,1800,,TD,13.2N,47.6W,25,,,,,,,,,,,,,
AL,UNNAMED,1989,13,15,19891003,0,,TD,14.0N,48.4W,30,,,,,,,,,,,,,
AL,UNNAMED,1989,13,15,19891003,600,,TD,14.9N,49.1W,30,,,,,,,,,,,,,
AL,UNNAMED,1989,13,15,19891003,1200,,TD,16.0N,49.9W,30,,,,,,,,,,,,,
AL,UNNAMED,1989,13,15,19891003,1800,,TD,17.0N,50.6W,30,,,,,,,,,,,,,
AL,UNNAMED,1989,13,15,19891004,0,,TD,17.9N,50.9W,30,,,,,,,,,,,,,
AL,UNNAMED,1989,13,15,19891004,600,,TD,18.7N,51.0W,30,,,,,,,,,,,,,
AL,UNNAMED,1989,13,15,19891004,1200,,TD,19.5N,50.9W,30,,,,,,,,,,,,,
AL,UNNAMED,1989,13,15,19891004,1800,,TD,20.4N,50.8W,30,,,,,,,,,,,,,
AL,UNNAMED,1989,13,15,19891005,0,,TD,21.3N,50.3W,30,,,,,,,,,,,,,
AL,UNNAMED,1989,13,15,19891005,600,,TD,22.1N,49.6W,30,,,,,,,,,,,,,
AL,UNNAMED,1989,13,15,19891005,1200,,TD,22.3N,49.4W,25,,,,,,,,,,,,,
AL,JERRY,1989,14,20,19891012,1200,,TD,19.4N,92.4W,25,1009,,,,,,,,,,,,
AL,JERRY,1989,14,20,19891012,1800,,TD,19.8N,92.7W,30,1006,,,,,,,,,,,,
AL,JERRY,1989,14,20,19891013,0,,TS,20.4N,93.0W,35,1004,,,,,,,,,,,,
AL,JERRY,1989,14,20,19891013,600,,TS,21.0N,93.2W,40,1001,,,,,,,,,,,,
AL,JERRY,1989,14,20,19891013,1200,,TS,21.7N,93.3W,45,997,,,,,,,,,,,,
AL,JERRY,1989,14,20,19891013,1800,,TS,22.6N,93.4W,50,995,,,,,,,,,,,,
AL,JERRY,1989,14,20,19891014,0,,TS,23.5N,93.5W,55,991,,,,,,,,,,,,
AL,JERRY,1989,14,20,19891014,600,,TS,24.2N,93.3W,55,992,,,,,,,,,,,,
AL,JERRY,1989,14,20,19891014,1200,,TS,24.6N,93.1W,55,992,,,,,,,,,,,,
AL,JERRY,1989,14,20,19891014,1800,,TS,25.0N,92.8W,55,994,,,,,,,,,,,,
AL,JERRY,1989,14,20,19891015,0,,TS,25.8N,93.1W,55,994,,,,,,,,,,,,
AL,JERRY,1989,14,20,19891015,600,,TS,26.5N,93.4W,55,994,,,,,,,,,,,,
AL,JERRY,1989,14,20,19891015,1200,,TS,27.3N,94.0W,60,991,,,,,,,,,,,,
AL,JERRY,1989,14,20,19891015,1800,,HU,28.1N,94.6W,65,986,,,,,,,,,,,,
AL,JERRY,1989,14,20,19891015,2100,P,HU,28.6N,94.8W,70,982,,,,,,,,,,,,
AL,JERRY,1989,14,20,19891016,0,,HU,29.1N,95.0W,75,983,,,,,,,,,,,,
AL,JERRY,1989,14,20,19891016,30,L,HU,29.2N,95.0W,75,983,,,,,,,,,,,,
AL,JERRY,1989,14,20,19891016,600,,TS,30.4N,94.9W,35,991,,,,,,,,,,,,
AL,JERRY,1989,14,20,19891016,1200,,TD,32.0N,94.5W,20,1000,,,,,,,,,,,,
AL,JERRY,1989,14,20,19891016,1800,,TD,33.8N,93.8W,15,1009,,,,,,,,,,,,
AL,KAREN,1989,15,24,19891128,1200,,TD,17.1N,84.0W,25,1005,,,,,,,,,,,,
AL,KAREN,1989,15,24,19891128,1800,,TD,18.0N,84.8W,30,1004,,,,,,,,,,,,
AL,KAREN,1989,15,24,19891129,0,,TD,19.0N,85.1W,30,1004,,,,,,,,,,,,
AL,KAREN,1989,15,24,19891129,600,,TD,19.5N,85.1W,30,1005,,,,,,,,,,,,
AL,KAREN,1989,15,24,19891129,1200,,TD,20.0N,85.0W,30,1005,,,,,,,,,,,,
AL,KAREN,1989,15,24,19891129,1800,,TD,20.4N,84.6W,30,1005,,,,,,,,,,,,
AL,KAREN,1989,15,24,19891130,0,,TS,20.8N,84.2W,35,1004,,,,,,,,,,,,
AL,KAREN,1989,15,24,19891130,600,,TS,20.8N,83.6W,45,1003,,,,,,,,,,,,
AL,KAREN,1989,15,24,19891130,1200,,TS,20.8N,83.4W,50,1001,,,,,,,,,,,,
AL,KAREN,1989,15,24,19891130,1800,,TS,20.5N,83.1W,50,1000,,,,,,,,,,,,
AL,KAREN,1989,15,24,19891201,0,,TS,19.9N,83.1W,45,1001,,,,,,,,,,,,
AL,KAREN,1989,15,24,19891201,600,,TS,19.3N,83.2W,40,1002,,,,,,,,,,,,
AL,KAREN,1989,15,24,19891201,1200,,TS,19.0N,83.3W,35,1003,,,,,,,,,,,,
AL,KAREN,1989,15,24,19891201,1800,,TS,18.5N,84.0W,35,1005,,,,,,,,,,,,
AL,KAREN,1989,15,24,19891202,0,,TS,18.0N,84.5W,35,1005,,,,,,,,,,,,
AL,KAREN,1989,15,24,19891202,600,,TS,17.8N,84.9W,35,1005,,,,,,,,,,,,
AL,KAREN,1989,15,24,19891202,1200,,TS,17.5N,85.5W,35,1006,,,,,,,,,,,,
AL,KAREN,1989,15,24,19891202,1800,,TS,17.5N,85.5W,35,1007,,,,,,,,,,,,
AL,KAREN,1989,15,24,19891203,0,,TS,17.5N,85.5W,35,1007,,,,,,,,,,,,
AL,KAREN,1989,15,24,19891203,600,,TS,17.4N,85.3W,40,1005,,,,,,,,,,,,
AL,KAREN,1989,15,24,19891203,1200,,TS,17.2N,85.0W,40,1004,,,,,,,,,,,,
AL,KAREN,1989,15,24,19891203,1800,,TS,17.0N,84.5W,40,1001,,,,,,,,,,,,
AL,KAREN,1989,15,24,19891204,0,,TS,16.5N,83.9W,35,1002,,,,,,,,,,,,
AL,KAREN,1989,15,24,19891204,600,,TD,16.5N,83.9W,30,1005,,,,,,,,,,,,
AL,UNNAMED,1990,1,7,19900524,1800,,TD,18.8N,84.0W,25,,,,,,,,,,,,,
AL,UNNAMED,1990,1,7,19900525,0,,TD,19.7N,84.0W,25,,,,,,,,,,,,,
AL,UNNAMED,1990,1,7,19900525,600,,TD,20.7N,83.7W,25,,,,,,,,,,,,,
AL,UNNAMED,1990,1,7,19900525,1200,,TD,21.8N,83.3W,25,,,,,,,,,,,,,
AL,UNNAMED,1990,1,7,19900525,1800,,TD,23.0N,82.8W,25,,,,,,,,,,,,,
AL,UNNAMED,1990,1,7,19900526,0,,TD,24.0N,82.2W,25,,,,,,,,,,,,,
AL,UNNAMED,1990,1,7,19900526,600,,TD,24.0N,82.2W,25,,,,,,,,,,,,,
AL,ARTHUR,1990,2,22,19900722,600,,TD,8.8N,41.9W,25,1010,,,,,,,,,,,,
AL,ARTHUR,1990,2,22,19900722,1200,,TD,8.9N,43.2W,25,1010,,,,,,,,,,,,
AL,ARTHUR,1990,2,22,19900722,1800,,TD,9.3N,44.6W,25,1010,,,,,,,,,,,,
AL,ARTHUR,1990,2,22,19900723,0,,TD,9.3N,46.4W,25,1010,,,,,,,,,,,,
AL,ARTHUR,1990,2,22,19900723,600,,TD,9.2N,48.4W,25,1010,,,,,,,,,,,,
AL,ARTHUR,1990,2,22,19900723,1200,,TD,9.2N,50.3W,25,1010,,,,,,,,,,,,
AL,ARTHUR,1990,2,22,19900723,1800,,TD,9.4N,52.1W,25,1009,,,,,,,,,,,,
AL,ARTHUR,1990,2,22,19900724,0,,TD,9.7N,53.7W,30,1008,,,,,,,,,,,,
AL,ARTHUR,1990,2,22,19900724,600,,TD,10.1N,55.3W,30,1007,,,,,,,,,,,,
AL,ARTHUR,1990,2,22,19900724,1200,,TS,10.5N,56.8W,35,1006,,,,,,,,,,,,
AL,ARTHUR,1990,2,22,19900724,1800,,TS,10.8N,58.5W,35,1005,,,,,,,,,,,,
AL,ARTHUR,1990,2,22,19900725,0,,TS,11.1N,60.0W,40,1004,,,,,,,,,,,,
AL,ARTHUR,1990,2,22,19900725,600,,TS,11.7N,61.3W,45,1003,,,,,,,,,,,,
AL,ARTHUR,1990,2,22,19900725,1200,,TS,12.4N,62.5W,50,1001,,,,,,,,,,,,
AL,ARTHUR,1990,2,22,19900725,1800,,TS,13.1N,63.7W,60,995,,,,,,,,,,,,
AL,ARTHUR,1990,2,22,19900726,0,,TS,13.7N,65.0W,60,997,,,,,,,,,,,,
AL,ARTHUR,1990,2,22,19900726,600,,TS,14.2N,66.4W,50,1000,,,,,,,,,,,,
AL,ARTHUR,1990,2,22,19900726,1200,,TS,14.8N,67.9W,45,1002,,,,,,,,,,,,
AL,ARTHUR,1990,2,22,19900726,1800,,TS,15.6N,69.8W,40,1007,,,,,,,,,,,,
AL,ARTHUR,1990,2,22,19900727,0,,TS,16.2N,71.8W,35,1009,,,,,,,,,,,,
AL,ARTHUR,1990,2,22,19900727,600,,TD,16.6N,73.8W,30,1010,,,,,,,,,,,,
AL,ARTHUR,1990,2,22,19900727,1200,,TD,16.5N,75.6W,30,1010,,,,,,,,,,,,
AL,BERTHA,1990,3,37,19900724,1200,,SD,34.0N,75.0W,20,1012,,,,,,,,,,,,
AL,BERTHA,1990,3,37,19900724,1800,,SD,33.6N,73.8W,20,1013,,,,,,,,,,,,
AL,BERTHA,1990,3,37,19900725,0,,SD,33.0N,72.7W,20,1013,,,,,,,,,,,,
AL,BERTHA,1990,3,37,19900725,600,,SD,32.1N,71.9W,20,1013,,,,,,,,,,,,
AL,BERTHA,1990,3,37,19900725,1200,,SD,31.2N,71.8W,20,1012,,,,,,,,,,,,
AL,BERTHA,1990,3,37,19900725,1800,,SD,30.7N,72.2W,25,1011,,,,,,,,,,,,
AL,BERTHA,1990,3,37,19900726,0,,SD,30.5N,72.8W,25,1010,,,,,,,,,,,,
AL,BERTHA,1990,3,37,19900726,600,,SD,30.3N,73.4W,25,1010,,,,,,,,,,,,
AL,BERTHA,1990,3,37,19900726,1200,,SD,30.1N,74.0W,25,1010,,,,,,,,,,,,
AL,BERTHA,1990,3,37,19900726,1800,,SD,29.8N,74.6W,25,1010,,,,,,,,,,,,
AL,BERTHA,1990,3,37,19900727,0,,SD,29.6N,75.2W,25,1009,,,,,,,,,,,,
AL,BERTHA,1990,3,37,19900727,600,,TD,29.3N,75.6W,30,1008,,,,,,,,,,,,
AL,BERTHA,1990,3,37,19900727,1200,,TD,29.1N,75.8W,30,1008,,,,,,,,,,,,
AL,BERTHA,1990,3,37,19900727,1800,,TD,28.8N,76.0W,30,1007,,,,,,,,,,,,
AL,BERTHA,1990,3,37,19900728,0,,TS,28.6N,75.8W,35,1005,,,,,,,,,,,,
AL,BERTHA,1990,3,37,19900728,600,,TS,28.8N,75.4W,40,1003,,,,,,,,,,,,
AL,BERTHA,1990,3,37,19900728,1200,,TS,29.1N,74.8W,45,1000,,,,,,,,,,,,
AL,BERTHA,1990,3,37,19900728,1800,,TS,29.6N,74.2W,55,995,,,,,,,,,,,,
AL,BERTHA,1990,3,37,19900729,0,,HU,30.2N,73.6W,65,990,,,,,,,,,,,,
AL,BERTHA,1990,3,37,19900729,600,,HU,30.8N,73.0W,65,988,,,,,,,,,,,,
AL,BERTHA,1990,3,37,19900729,1200,,HU,31.3N,72.2W,65,989,,,,,,,,,,,,
AL,BERTHA,1990,3,37,19900729,1800,,TS,31.9N,71.2W,60,990,,,,,,,,,,,,
AL,BERTHA,1990,3,37,19900730,0,,TS,32.7N,70.2W,60,989,,,,,,,,,,,,
AL,BERTHA,1990,3,37,19900730,600,,TS,33.7N,69.2W,60,987,,,,,,,,,,,,
AL,BERTHA,1990,3,37,19900730,1200,,HU,34.7N,68.3W,65,985,,,,,,,,,,,,
AL,BERTHA,1990,3,37,19900730,1800,,HU,35.7N,67.5W,65,979,,,,,,,,,,,,
AL,BERTHA,1990,3,37,19900731,0,,HU,36.6N,67.0W,70,974,,,,,,,,,,,,
AL,BERTHA,1990,3,37,19900731,600,,HU,37.5N,66.5W,65,975,,,,,,,,,,,,
AL,BERTHA,1990,3,37,19900731,1200,,HU,38.3N,65.9W,65,976,,,,,,,,,,,,
AL,BERTHA,1990,3,37,19900731,1800,,HU,39.0N,65.3W,65,977,,,,,,,,,,,,
AL,BERTHA,1990,3,37,19900801,0,,HU,39.6N,64.5W,65,977,,,,,,,,,,,,
AL,BERTHA,1990,3,37,19900801,600,,HU,40.3N,63.7W,65,977,,,,,,,,,,,,
AL,BERTHA,1990,3,37,19900801,1200,,HU,41.1N,62.7W,65,977,,,,,,,,,,,,
AL,BERTHA,1990,3,37,19900801,1800,,HU,42.4N,61.5W,65,975,,,,,,,,,,,,
AL,BERTHA,1990,3,37,19900802,0,,HU,44.2N,60.5W,70,973,,,,,,,,,,,,
AL,BERTHA,1990,3,37,19900802,600,,EX,46.0N,60.0W,60,978,,,,,,,,,,,,
AL,BERTHA,1990,3,37,19900802,1200,,EX,48.4N,60.0W,55,982,,,,,,,,,,,,
AL,CESAR,1990,4,31,19900731,0,,TD,10.1N,22.2W,25,1014,,,,,,,,,,,,
AL,CESAR,1990,4,31,19900731,600,,TD,10.4N,23.3W,25,1013,,,,,,,,,,,,
AL,CESAR,1990,4,31,19900731,1200,,TD,10.8N,24.5W,25,1013,,,,,,,,,,,,
AL,CESAR,1990,4,31,19900731,1800,,TD,11.1N,25.6W,25,1013,,,,,,,,,,,,
AL,CESAR,1990,4,31,19900801,0,,TD,11.5N,26.9W,25,1013,,,,,,,,,,,,
AL,CESAR,1990,4,31,19900801,600,,TD,12.2N,28.3W,25,1012,,,,,,,,,,,,
AL,CESAR,1990,4,31,19900801,1200,,TD,13.4N,29.7W,30,1012,,,,,,,,,,,,
AL,CESAR,1990,4,31,19900801,1800,,TD,14.6N,31.2W,30,1009,,,,,,,,,,,,
AL,CESAR,1990,4,31,19900802,0,,TS,15.4N,32.3W,35,1005,,,,,,,,,,,,
AL,CESAR,1990,4,31,19900802,600,,TS,16.1N,33.5W,45,1002,,,,,,,,,,,,
AL,CESAR,1990,4,31,19900802,1200,,TS,16.7N,34.7W,45,1000,,,,,,,,,,,,
AL,CESAR,1990,4,31,19900802,1800,,TS,17.4N,35.9W,45,1000,,,,,,,,,,,,
AL,CESAR,1990,4,31,19900803,0,,TS,18.1N,37.1W,45,1000,,,,,,,,,,,,
AL,CESAR,1990,4,31,19900803,600,,TS,18.8N,38.4W,45,1000,,,,,,,,,,,,
AL,CESAR,1990,4,31,19900803,1200,,TS,19.3N,39.7W,45,1000,,,,,,,,,,,,
AL,CESAR,1990,4,31,19900803,1800,,TS,19.8N,40.8W,45,1000,,,,,,,,,,,,
AL,CESAR,1990,4,31,19900804,0,,TS,20.4N,41.9W,45,1000,,,,,,,,,,,,
AL,CESAR,1990,4,31,19900804,600,,TS,21.2N,42.8W,45,1000,,,,,,,,,,,,
AL,CESAR,1990,4,31,19900804,1200,,TS,22.0N,43.5W,45,1000,,,,,,,,,,,,
AL,CESAR,1990,4,31,19900804,1800,,TS,22.8N,44.0W,45,1000,,,,,,,,,,,,
AL,CESAR,1990,4,31,19900805,0,,TS,23.6N,44.5W,45,1000,,,,,,,,,,,,
AL,CESAR,1990,4,31,19900805,600,,TS,24.4N,45.1W,45,1000,,,,,,,,,,,,
AL,CESAR,1990,4,31,19900805,1200,,TS,25.3N,45.7W,45,1000,,,,,,,,,,,,
AL,CESAR,1990,4,31,19900805,1800,,TS,26.1N,46.3W,40,1002,,,,,,,,,,,,
AL,CESAR,1990,4,31,19900806,0,,TS,26.6N,46.7W,40,1004,,,,,,,,,,,,
AL,CESAR,1990,4,31,19900806,600,,TS,26.8N,46.8W,35,1006,,,,,,,,,,,,
AL,CESAR,1990,4,31,19900806,1200,,TD,26.9N,46.8W,30,1009,,,,,,,,,,,,
AL,CESAR,1990,4,31,19900806,1800,,TD,26.9N,46.6W,30,1011,,,,,,,,,,,,
AL,CESAR,1990,4,31,19900807,0,,TD,26.9N,46.4W,25,1013,,,,,,,,,,,,
AL,CESAR,1990,4,31,19900807,600,,TD,26.9N,46.3W,25,1014,,,,,,,,,,,,
AL,CESAR,1990,4,31,19900807,1200,,TD,26.8N,46.3W,25,1016,,,,,,,,,,,,
AL,EDOUARD,1990,6,44,19900802,1800,,SD,38.0N,23.0W,30,1015,,,,,,,,,,,,
AL,EDOUARD,1990,6,44,19900803,0,,SD,38.3N,23.0W,30,1013,,,,,,,,,,,,
AL,EDOUARD,1990,6,44,19900803,600,,SD,38.8N,23.1W,30,1010,,,,,,,,,,,,
AL,EDOUARD,1990,6,44,19900803,1200,,SS,39.2N,23.3W,35,1009,,,,,,,,,,,,
AL,EDOUARD,1990,6,44,19900803,1800,,SS,39.5N,23.9W,40,1006,,,,,,,,,,,,
AL,EDOUARD,1990,6,44,19900804,0,,SS,39.7N,25.3W,40,1005,,,,,,,,,,,,
AL,EDOUARD,1990,6,44,19900804,600,,SS,39.4N,27.3W,35,1006,,,,,,,,,,,,
AL,EDOUARD,1990,6,44,19900804,1200,,SS,38.8N,29.0W,35,1006,,,,,,,,,,,,
AL,EDOUARD,1990,6,44,19900804,1800,,SD,38.1N,30.1W,30,1007,,,,,,,,,,,,
AL,EDOUARD,1990,6,44,19900805,0,,SD,37.6N,30.8W,30,1007,,,,,,,,,,,,
AL,EDOUARD,1990,6,44,19900805,600,,SD,37.3N,31.6W,30,1007,,,,,,,,,,,,
AL,EDOUARD,1990,6,44,19900805,1200,,SD,37.1N,32.5W,30,1007,,,,,,,,,,,,
AL,EDOUARD,1990,6,44,19900805,1800,,SD,37.0N,33.1W,25,1009,,,,,,,,,,,,
AL,EDOUARD,1990,6,44,19900806,0,,SD,37.0N,33.4W,25,1010,,,,,,,,,,,,
AL,EDOUARD,1990,6,44,19900806,600,,SD,37.1N,33.5W,25,1010,,,,,,,,,,,,
AL,EDOUARD,1990,6,44,19900806,1200,,SD,37.2N,33.5W,25,1010,,,,,,,,,,,,
AL,EDOUARD,1990,6,44,19900806,1800,,TD,37.5N,33.5W,25,1010,,,,,,,,,,,,
AL,EDOUARD,1990,6,44,19900807,0,,TD,37.5N,33.7W,25,1010,,,,,,,,,,,,
AL,EDOUARD,1990,6,44,19900807,600,,TD,37.4N,33.9W,25,1008,,,,,,,,,,,,
AL,EDOUARD,1990,6,44,19900807,1200,,TD,37.1N,34.2W,25,1008,,,,,,,,,,,,
AL,EDOUARD,1990,6,44,19900807,1800,,TD,36.9N,34.2W,25,1008,,,,,,,,,,,,
AL,EDOUARD,1990,6,44,19900808,0,,TD,36.9N,34.0W,30,1007,,,,,,,,,,,,
AL,EDOUARD,1990,6,44,19900808,600,,TD,37.0N,33.6W,30,1007,,,,,,,,,,,,
AL,EDOUARD,1990,6,44,19900808,1200,,TD,37.1N,33.0W,30,1007,,,,,,,,,,,,
AL,EDOUARD,1990,6,44,19900808,1800,,TS,37.4N,32.0W,35,1005,,,,,,,,,,,,
AL,EDOUARD,1990,6,44,19900809,0,,TS,37.8N,30.8W,35,1004,,,,,,,,,,,,
AL,EDOUARD,1990,6,44,19900809,600,,TS,38.5N,29.6W,40,1003,,,,,,,,,,,,
AL,EDOUARD,1990,6,44,19900809,1200,,TS,39.2N,28.6W,35,1005,,,,,,,,,,,,
AL,EDOUARD,1990,6,44,19900809,1800,,TS,39.6N,28.1W,35,1006,,,,,,,,,,,,
AL,EDOUARD,1990,6,44,19900810,0,,TS,39.7N,27.7W,35,1006,,,,,,,,,,,,
AL,EDOUARD,1990,6,44,19900810,600,,TS,39.6N,27.1W,35,1007,,,,,,,,,,,,
AL,EDOUARD,1990,6,44,19900810,1200,,TD,39.3N,26.1W,30,1009,,,,,,,,,,,,
AL,EDOUARD,1990,6,44,19900810,1800,,TD,39.1N,25.0W,30,1010,,,,,,,,,,,,
AL,EDOUARD,1990,6,44,19900811,0,,TD,39.0N,23.8W,30,1010,,,,,,,,,,,,
AL,EDOUARD,1990,6,44,19900811,600,,TD,39.0N,22.9W,30,1010,,,,,,,,,,,,
AL,EDOUARD,1990,6,44,19900811,1200,,EX,39.1N,22.0W,30,1010,,,,,,,,,,,,
AL,EDOUARD,1990,6,44,19900811,1800,,EX,39.0N,21.2W,30,1010,,,,,,,,,,,,
AL,EDOUARD,1990,6,44,19900812,0,,EX,38.9N,20.5W,30,1010,,,,,,,,,,,,
AL,EDOUARD,1990,6,44,19900812,600,,EX,38.8N,19.9W,30,1010,,,,,,,,,,,,
AL,EDOUARD,1990,6,44,19900812,1200,,EX,38.5N,19.3W,30,1010,,,,,,,,,,,,
AL,EDOUARD,1990,6,44,19900812,1800,,EX,38.1N,18.5W,25,1011,,,,,,,,,,,,
AL,EDOUARD,1990,6,44,19900813,0,,EX,37.7N,17.8W,20,1012,,,,,,,,,,,,
AL,EDOUARD,1990,6,44,19900813,600,,EX,37.6N,17.1W,20,1012,,,,,,,,,,,,
AL,EDOUARD,1990,6,44,19900813,1200,,EX,38.0N,16.6W,20,1014,,,,,,,,,,,,
AL,DIANA,1990,5,24,19900804,0,,TD,13.2N,79.5W,25,1009,,,,,,,,,,,,
AL,DIANA,1990,5,24,19900804,600,,TD,13.9N,80.8W,25,1008,,,,,,,,,,,,
AL,DIANA,1990,5,24,19900804,1200,,TD,14.8N,81.8W,25,1007,,,,,,,,,,,,
AL,DIANA,1990,5,24,19900804,1800,,TD,15.7N,82.6W,30,1006,,,,,,,,,,,,
AL,DIANA,1990,5,24,19900805,0,,TS,16.6N,83.6W,35,1005,,,,,,,,,,,,
AL,DIANA,1990,5,24,19900805,600,,TS,17.4N,84.8W,40,1003,,,,,,,,,,,,
AL,DIANA,1990,5,24,19900805,1200,,TS,18.3N,86.3W,45,1000,,,,,,,,,,,,
AL,DIANA,1990,5,24,19900805,1800,L,TS,19.1N,87.6W,55,994,,,,,,,,,,,,
AL,DIANA,1990,5,24,19900806,0,,TS,19.7N,88.7W,45,1000,,,,,,,,,,,,
AL,DIANA,1990,5,24,19900806,600,,TS,20.2N,90.0W,45,1000,,,,,,,,,,,,
AL,DIANA,1990,5,24,19900806,1200,,TS,20.5N,91.1W,45,1000,,,,,,,,,,,,
AL,DIANA,1990,5,24,19900806,1800,,TS,20.6N,92.3W,50,1000,,,,,,,,,,,,
AL,DIANA,1990,5,24,19900807,0,,TS,20.6N,93.6W,60,998,,,,,,,,,,,,
AL,DIANA,1990,5,24,19900807,600,,HU,20.7N,94.7W,65,990,,,,,,,,,,,,
AL,DIANA,1990,5,24,19900807,1200,,HU,20.8N,95.8W,75,986,,,,,,,,,,,,
AL,DIANA,1990,5,24,19900807,1800,,HU,20.9N,96.8W,85,980,,,,,,,,,,,,
AL,DIANA,1990,5,24,19900807,1900,L,HU,20.9N,97.0W,85,980,,,,,,,,,,,,
AL,DIANA,1990,5,24,19900808,0,,TS,20.8N,98.1W,55,1000,,,,,,,,,,,,
AL,DIANA,1990,5,24,19900808,600,,TS,20.7N,99.4W,50,1005,,,,,,,,,,,,
AL,DIANA,1990,5,24,19900808,1200,,TD,20.8N,100.8W,30,1009,,,,,,,,,,,,
AL,DIANA,1990,5,24,19900808,1800,,TD,21.1N,102.2W,25,1010,,,,,,,,,,,,
AL,DIANA,1990,5,24,19900809,0,,TD,21.6N,103.4W,25,1010,,,,,,,,,,,,
AL,DIANA,1990,5,24,19900809,600,,TD,22.0N,104.9W,20,1010,,,,,,,,,,,,
AL,DIANA,1990,5,24,19900809,1200,,TD,22.5N,107.0W,20,1010,,,,,,,,,,,,
AL,FRAN,1990,7,13,19900811,1200,,TD,9.0N,32.1W,25,1010,,,,,,,,,,,,
AL,FRAN,1990,7,13,19900811,1800,,TD,8.5N,34.0W,25,1009,,,,,,,,,,,,
AL,FRAN,1990,7,13,19900812,0,,TD,8.3N,36.2W,30,1009,,,,,,,,,,,,
AL,FRAN,1990,7,13,19900812,600,,TD,8.2N,39.0W,30,1009,,,,,,,,,,,,
AL,FRAN,1990,7,13,19900812,1200,,TD,8.0N,42.0W,30,1009,,,,,,,,,,,,
AL,FRAN,1990,7,13,19900812,1800,,TD,7.9N,44.6W,25,1010,,,,,,,,,,,,
AL,FRAN,1990,7,13,19900813,0,,WV,8.2N,46.8W,15,,,,,,,,,,,,,
AL,FRAN,1990,7,13,19900813,600,,WV,8.4N,48.9W,15,,,,,,,,,,,,,
AL,FRAN,1990,7,13,19900813,1200,,TD,8.7N,51.1W,30,1010,,,,,,,,,,,,
AL,FRAN,1990,7,13,19900813,1800,,TS,9.0N,53.6W,35,1010,,,,,,,,,,,,
AL,FRAN,1990,7,13,19900814,0,,TS,9.2N,56.0W,35,1009,,,,,,,,,,,,
AL,FRAN,1990,7,13,19900814,600,,TS,9.7N,59.0W,35,1008,,,,,,,,,,,,
AL,FRAN,1990,7,13,19900814,1200,,TS,10.2N,61.3W,35,1007,,,,,,,,,,,,
AL,GUSTAV,1990,8,41,19900824,600,,TD,12.6N,45.9W,25,1010,,,,,,,,,,,,
AL,GUSTAV,1990,8,41,19900824,1200,,TD,12.9N,46.9W,30,1009,,,,,,,,,,,,
AL,GUSTAV,1990,8,41,19900824,1800,,TD,13.2N,48.0W,30,1007,,,,,,,,,,,,
AL,GUSTAV,1990,8,41,19900825,0,,TS,13.3N,49.0W,35,1005,,,,,,,,,,,,
AL,GUSTAV,1990,8,41,19900825,600,,TS,13.5N,50.1W,40,1004,,,,,,,,,,,,
AL,GUSTAV,1990,8,41,19900825,1200,,TS,13.7N,51.2W,45,1002,,,,,,,,,,,,
AL,GUSTAV,1990,8,41,19900825,1800,,TS,13.8N,52.3W,50,1000,,,,,,,,,,,,
AL,GUSTAV,1990,8,41,19900826,0,,TS,14.0N,53.3W,55,997,,,,,,,,,,,,
AL,GUSTAV,1990,8,41,19900826,600,,TS,14.2N,54.4W,60,993,,,,,,,,,,,,
AL,GUSTAV,1990,8,41,19900826,1200,,HU,14.5N,55.5W,65,990,,,,,,,,,,,,
AL,GUSTAV,1990,8,41,19900826,1800,,HU,15.0N,56.4W,70,984,,,,,,,,,,,,
AL,GUSTAV,1990,8,41,19900827,0,,HU,15.3N,57.0W,75,980,,,,,,,,,,,,
AL,GUSTAV,1990,8,41,19900827,600,,HU,15.9N,57.7W,85,973,,,,,,,,,,,,
AL,GUSTAV,1990,8,41,19900827,1200,,HU,16.6N,58.0W,90,967,,,,,,,,,,,,
AL,GUSTAV,1990,8,41,19900827,1800,,HU,17.3N,58.2W,95,965,,,,,,,,,,,,
AL,GUSTAV,1990,8,41,19900828,0,,HU,18.1N,58.2W,95,966,,,,,,,,,,,,
AL,GUSTAV,1990,8,41,19900828,600,,HU,19.0N,58.1W,90,969,,,,,,,,,,,,
AL,GUSTAV,1990,8,41,19900828,1200,,HU,20.0N,58.0W,85,973,,,,,,,,,,,,
AL,GUSTAV,1990,8,41,19900828,1800,,HU,21.1N,58.0W,80,978,,,,,,,,,,,,
AL,GUSTAV,1990,8,41,19900829,0,,HU,22.2N,57.8W,75,981,,,,,,,,,,,,
AL,GUSTAV,1990,8,41,19900829,600,,HU,22.9N,57.8W,70,984,,,,,,,,,,,,
AL,GUSTAV,1990,8,41,19900829,1200,,HU,23.7N,57.8W,75,982,,,,,,,,,,,,
AL,GUSTAV,1990,8,41,19900829,1800,,HU,24.4N,57.8W,75,979,,,,,,,,,,,,
AL,GUSTAV,1990,8,41,19900830,0,,HU,25.2N,57.8W,80,975,,,,,,,,,,,,
AL,GUSTAV,1990,8,41,19900830,600,,HU,26.0N,57.8W,85,972,,,,,,,,,,,,
AL,GUSTAV,1990,8,41,19900830,1200,,HU,27.0N,57.8W,90,968,,,,,,,,,,,,
AL,GUSTAV,1990,8,41,19900830,1800,,HU,27.8N,57.8W,95,963,,,,,,,,,,,,
AL,GUSTAV,1990,8,41,19900831,0,,HU,28.9N,57.7W,100,958,,,,,,,,,,,,
AL,GUSTAV,1990,8,41,19900831,600,,HU,30.3N,57.5W,105,956,,,,,,,,,,,,
AL,GUSTAV,1990,8,41,19900831,1200,,HU,31.7N,57.2W,100,959,,,,,,,,,,,,
AL,GUSTAV,1990,8,41,19900831,1800,,HU,33.0N,56.5W,100,961,,,,,,,,,,,,
AL,GUSTAV,1990,8,41,19900901,0,,HU,34.4N,55.6W,95,964,,,,,,,,,,,,
AL,GUSTAV,1990,8,41,19900901,600,,HU,35.6N,54.5W,90,967,,,,,,,,,,,,
AL,GUSTAV,1990,8,41,19900901,1200,,HU,36.8N,53.2W,85,970,,,,,,,,,,,,
AL,GUSTAV,1990,8,41,19900901,1800,,HU,38.0N,52.0W,80,974,,,,,,,,,,,,
AL,GUSTAV,1990,8,41,19900902,0,,HU,39.4N,50.9W,75,978,,,,,,,,,,,,
AL,GUSTAV,1990,8,41,19900902,600,,HU,40.7N,49.8W,70,982,,,,,,,,,,,,
AL,GUSTAV,1990,8,41,19900902,1200,,HU,42.1N,48.6W,65,985,,,,,,,,,,,,
AL,GUSTAV,1990,8,41,19900902,1800,,TS,43.8N,48.0W,60,988,,,,,,,,,,,,
AL,GUSTAV,1990,8,41,19900903,0,,TS,46.0N,46.5W,55,993,,,,,,,,,,,,
AL,GUSTAV,1990,8,41,19900903,600,,EX,48.5N,44.5W,55,997,,,,,,,,,,,,
AL,HORTENSE,1990,9,26,19900825,0,,TD,12.5N,35.0W,25,1010,,,,,,,,,,,,
AL,HORTENSE,1990,9,26,19900825,600,,TD,12.9N,36.1W,30,1009,,,,,,,,,,,,
AL,HORTENSE,1990,9,26,19900825,1200,,TD,13.3N,37.3W,30,1008,,,,,,,,,,,,
AL,HORTENSE,1990,9,26,19900825,1800,,TD,13.7N,38.5W,30,1008,,,,,,,,,,,,
AL,HORTENSE,1990,9,26,19900826,0,,TD,13.9N,39.4W,30,1007,,,,,,,,,,,,
AL,HORTENSE,1990,9,26,19900826,600,,TS,14.4N,40.0W,35,1005,,,,,,,,,,,,
AL,HORTENSE,1990,9,26,19900826,1200,,TS,15.4N,40.2W,35,1004,,,,,,,,,,,,
AL,HORTENSE,1990,9,26,19900826,1800,,TS,16.5N,40.3W,40,1003,,,,,,,,,,,,
AL,HORTENSE,1990,9,26,19900827,0,,TS,17.4N,40.5W,40,1002,,,,,,,,,,,,
AL,HORTENSE,1990,9,26,19900827,600,,TS,18.1N,41.0W,45,1001,,,,,,,,,,,,
AL,HORTENSE,1990,9,26,19900827,1200,,TS,18.9N,41.7W,45,999,,,,,,,,,,,,
AL,HORTENSE,1990,9,26,19900827,1800,,TS,20.0N,42.5W,50,997,,,,,,,,,,,,
AL,HORTENSE,1990,9,26,19900828,0,,TS,21.0N,43.2W,50,996,,,,,,,,,,,,
AL,HORTENSE,1990,9,26,19900828,600,,TS,21.7N,43.6W,55,994,,,,,,,,,,,,
AL,HORTENSE,1990,9,26,19900828,1200,,TS,22.3N,44.1W,55,993,,,,,,,,,,,,
AL,HORTENSE,1990,9,26,19900828,1800,,TS,22.8N,44.9W,55,994,,,,,,,,,,,,
AL,HORTENSE,1990,9,26,19900829,0,,TS,23.5N,45.7W,55,994,,,,,,,,,,,,
AL,HORTENSE,1990,9,26,19900829,600,,TS,24.4N,46.6W,50,995,,,,,,,,,,,,
AL,HORTENSE,1990,9,26,19900829,1200,,TS,25.4N,47.6W,45,999,,,,,,,,,,,,
AL,HORTENSE,1990,9,26,19900829,1800,,TS,26.6N,48.6W,35,1003,,,,,,,,,,,,
AL,HORTENSE,1990,9,26,19900830,0,,TD,27.9N,49.5W,30,1005,,,,,,,,,,,,
AL,HORTENSE,1990,9,26,19900830,600,,TD,29.3N,50.2W,30,1006,,,,,,,,,,,,
AL,HORTENSE,1990,9,26,19900830,1200,,TD,31.0N,50.9W,30,1008,,,,,,,,,,,,
AL,HORTENSE,1990,9,26,19900830,1800,,TD,32.8N,51.6W,25,1010,,,,,,,,,,,,
AL,HORTENSE,1990,9,26,19900831,0,,TD,34.4N,51.7W,25,1012,,,,,,,,,,,,
AL,HORTENSE,1990,9,26,19900831,600,,TD,36.2N,51.2W,20,1014,,,,,,,,,,,,
AL,ISIDORE,1990,10,55,19900904,0,,TD,7.2N,23.4W,25,1010,,,,,,,,,,,,
AL,ISIDORE,1990,10,55,19900904,600,,TD,7.4N,25.1W,25,1010,,,,,,,,,,,,
AL,ISIDORE,1990,10,55,19900904,1200,,TD,8.4N,26.7W,25,1009,,,,,,,,,,,,
AL,ISIDORE,1990,10,55,19900904,1800,,TD,9.2N,28.4W,30,1009,,,,,,,,,,,,
AL,ISIDORE,1990,10,55,19900905,0,,TD,9.7N,29.9W,30,1009,,,,,,,,,,,,
AL,ISIDORE,1990,10,55,19900905,600,,TD,9.9N,31.4W,30,1008,,,,,,,,,,,,
AL,ISIDORE,1990,10,55,19900905,1200,,TS,10.0N,32.7W,35,1007,,,,,,,,,,,,
AL,ISIDORE,1990,10,55,19900905,1800,,TS,10.4N,33.8W,40,1005,,,,,,,,,,,,
AL,ISIDORE,1990,10,55,19900906,0,,TS,11.3N,34.7W,45,1004,,,,,,,,,,,,
AL,ISIDORE,1990,10,55,19900906,600,,TS,12.4N,35.4W,50,1003,,,,,,,,,,,,
AL,ISIDORE,1990,10,55,19900906,1200,,TS,13.5N,36.0W,55,1000,,,,,,,,,,,,
AL,ISIDORE,1990,10,55,19900906,1800,,TS,14.7N,36.4W,60,997,,,,,,,,,,,,
AL,ISIDORE,1990,10,55,19900907,0,,HU,15.9N,36.8W,65,994,,,,,,,,,,,,
AL,ISIDORE,1990,10,55,19900907,600,,HU,17.2N,37.3W,75,983,,,,,,,,,,,,
AL,ISIDORE,1990,10,55,19900907,1200,,HU,18.5N,37.6W,85,978,,,,,,,,,,,,
AL,ISIDORE,1990,10,55,19900907,1800,,HU,19.9N,37.9W,80,979,,,,,,,,,,,,
AL,ISIDORE,1990,10,55,19900908,0,,HU,21.1N,38.2W,75,979,,,,,,,,,,,,
AL,ISIDORE,1990,10,55,19900908,600,,HU,22.2N,38.7W,70,985,,,,,,,,,,,,
AL,ISIDORE,1990,10,55,19900908,1200,,HU,23.2N,39.3W,65,994,,,,,,,,,,,,
AL,ISIDORE,1990,10,55,19900908,1800,,TS,24.3N,40.0W,60,996,,,,,,,,,,,,
AL,ISIDORE,1990,10,55,19900909,0,,TS,25.6N,40.7W,55,999,,,,,,,,,,,,
AL,ISIDORE,1990,10,55,19900909,600,,TS,26.8N,41.7W,50,1000,,,,,,,,,,,,
AL,ISIDORE,1990,10,55,19900909,1200,,TS,27.9N,43.0W,55,995,,,,,,,,,,,,
AL,ISIDORE,1990,10,55,19900909,1800,,HU,28.6N,44.2W,65,990,,,,,,,,,,,,
AL,ISIDORE,1990,10,55,19900910,0,,HU,29.0N,45.1W,65,987,,,,,,,,,,,,
AL,ISIDORE,1990,10,55,19900910,600,,HU,29.4N,45.6W,65,987,,,,,,,,,,,,
AL,ISIDORE,1990,10,55,19900910,1200,,HU,29.8N,46.1W,65,987,,,,,,,,,,,,
AL,ISIDORE,1990,10,55,19900910,1800,,HU,30.1N,46.6W,65,987,,,,,,,,,,,,
AL,ISIDORE,1990,10,55,19900911,0,,HU,30.6N,47.0W,65,987,,,,,,,,,,,,
AL,ISIDORE,1990,10,55,19900911,600,,HU,31.2N,47.4W,75,984,,,,,,,,,,,,
AL,ISIDORE,1990,10,55,19900911,1200,,HU,31.9N,48.0W,80,980,,,,,,,,,,,,
AL,ISIDORE,1990,10,55,19900911,1800,,HU,32.6N,48.7W,80,979,,,,,,,,,,,,
AL,ISIDORE,1990,10,55,19900912,0,,HU,33.1N,49.5W,75,979,,,,,,,,,,,,
AL,ISIDORE,1990,10,55,19900912,600,,HU,33.4N,50.1W,75,980,,,,,,,,,,,,
AL,ISIDORE,1990,10,55,19900912,1200,,HU,33.6N,50.4W,70,986,,,,,,,,,,,,
AL,ISIDORE,1990,10,55,19900912,1800,,HU,33.8N,50.6W,65,987,,,,,,,,,,,,
AL,ISIDORE,1990,10,55,19900913,0,,HU,34.1N,50.7W,65,987,,,,,,,,,,,,
AL,ISIDORE,1990,10,55,19900913,600,,HU,34.4N,50.8W,65,987,,,,,,,,,,,,
AL,ISIDORE,1990,10,55,19900913,1200,,HU,34.9N,50.8W,65,987,,,,,,,,,,,,
AL,ISIDORE,1990,10,55,19900913,1800,,HU,35.4N,50.6W,65,987,,,,,,,,,,,,
AL,ISIDORE,1990,10,55,19900914,0,,HU,35.8N,50.1W,65,987,,,,,,,,,,,,
AL,ISIDORE,1990,10,55,19900914,600,,HU,36.2N,49.4W,65,987,,,,,,,,,,,,
AL,ISIDORE,1990,10,55,19900914,1200,,HU,36.6N,48.7W,65,987,,,,,,,,,,,,
AL,ISIDORE,1990,10,55,19900914,1800,,HU,37.1N,47.9W,65,987,,,,,,,,,,,,
AL,ISIDORE,1990,10,55,19900915,0,,HU,37.8N,47.4W,65,987,,,,,,,,,,,,
AL,ISIDORE,1990,10,55,19900915,600,,HU,38.7N,47.2W,65,987,,,,,,,,,,,,
AL,ISIDORE,1990,10,55,19900915,1200,,HU,39.6N,47.5W,65,987,,,,,,,,,,,,
AL,ISIDORE,1990,10,55,19900915,1800,,HU,40.3N,48.0W,65,987,,,,,,,,,,,,
AL,ISIDORE,1990,10,55,19900916,0,,HU,40.5N,48.5W,65,987,,,,,,,,,,,,
AL,ISIDORE,1990,10,55,19900916,600,,TS,41.8N,47.9W,60,990,,,,,,,,,,,,
AL,ISIDORE,1990,10,55,19900916,1200,,TS,43.5N,47.0W,55,995,,,,,,,,,,,,
AL,ISIDORE,1990,10,55,19900916,1800,,TS,45.0N,45.5W,45,997,,,,,,,,,,,,
AL,ISIDORE,1990,10,55,19900917,0,,TS,46.5N,43.5W,45,1000,,,,,,,,,,,,
AL,ISIDORE,1990,10,55,19900917,600,,TS,48.2N,41.5W,35,1005,,,,,,,,,,,,
AL,ISIDORE,1990,10,55,19900917,1200,,EX,50.0N,39.5W,35,1006,,,,,,,,,,,,
AL,UNNAMED,1990,11,37,19900918,1200,,TD,15.0N,45.0W,30,,,,,,,,,,,,,
AL,UNNAMED,1990,11,37,19900918,1800,,TD,15.3N,45.5W,30,,,,,,,,,,,,,
AL,UNNAMED,1990,11,37,19900919,0,,TD,15.5N,46.0W,30,,,,,,,,,,,,,
AL,UNNAMED,1990,11,37,19900919,600,,TD,15.7N,46.9W,30,,,,,,,,,,,,,
AL,UNNAMED,1990,11,37,19900919,1200,,TD,16.0N,47.5W,30,,,,,,,,,,,,,
AL,UNNAMED,1990,11,37,19900919,1800,,TD,16.0N,47.5W,30,,,,,,,,,,,,,
AL,UNNAMED,1990,11,37,19900920,0,,TD,16.0N,47.9W,30,,,,,,,,,,,,,
AL,UNNAMED,1990,11,37,19900920,600,,TD,16.2N,48.0W,30,,,,,,,,,,,,,
AL,UNNAMED,1990,11,37,19900920,1200,,TD,16.4N,48.3W,30,,,,,,,,,,,,,
AL,UNNAMED,1990,11,37,19900920,1800,,TD,16.7N,48.7W,30,,,,,,,,,,,,,
AL,UNNAMED,1990,11,37,19900921,0,,TD,16.8N,48.9W,30,,,,,,,,,,,,,
AL,UNNAMED,1990,11,37,19900921,600,,TD,16.9N,49.1W,30,,,,,,,,,,,,,
AL,UNNAMED,1990,11,37,19900921,1200,,TD,17.0N,49.5W,30,,,,,,,,,,,,,
AL,UNNAMED,1990,11,37,19900921,1800,,TD,17.1N,49.8W,30,,,,,,,,,,,,,
AL,UNNAMED,1990,11,37,19900922,0,,TD,17.2N,50.0W,30,,,,,,,,,,,,,
AL,UNNAMED,1990,11,37,19900922,600,,TD,17.3N,50.2W,30,,,,,,,,,,,,,
AL,UNNAMED,1990,11,37,19900922,1200,,TD,17.4N,50.5W,30,,,,,,,,,,,,,
AL,UNNAMED,1990,11,37,19900922,1800,,TD,17.7N,50.8W,30,,,,,,,,,,,,,
AL,UNNAMED,1990,11,37,19900923,0,,TD,17.8N,51.0W,30,,,,,,,,,,,,,
AL,UNNAMED,1990,11,37,19900923,600,,TD,17.8N,51.2W,30,,,,,,,,,,,,,
AL,UNNAMED,1990,11,37,19900923,1200,,TD,17.8N,51.2W,30,,,,,,,,,,,,,
AL,UNNAMED,1990,11,37,19900923,1800,,TD,17.9N,51.5W,30,,,,,,,,,,,,,
AL,UNNAMED,1990,11,37,19900924,0,,TD,18.0N,51.9W,30,,,,,,,,,,,,,
AL,UNNAMED,1990,11,37,19900924,600,,TD,18.1N,52.0W,30,,,,,,,,,,,,,
AL,UNNAMED,1990,11,37,19900924,1200,,TD,18.2N,52.2W,30,,,,,,,,,,,,,
AL,UNNAMED,1990,11,37,19900924,1800,,TD,18.3N,52.4W,30,,,,,,,,,,,,,
AL,UNNAMED,1990,11,37,19900925,0,,TD,18.4N,52.8W,30,,,,,,,,,,,,,
AL,UNNAMED,1990,11,37,19900925,600,,TD,18.5N,53.0W,30,,,,,,,,,,,,,
AL,UNNAMED,1990,11,37,19900925,1200,,TD,18.6N,53.2W,30,,,,,,,,,,,,,
AL,UNNAMED,1990,11,37,19900925,1800,,TD,18.7N,53.4W,30,,,,,,,,,,,,,
AL,UNNAMED,1990,11,37,19900926,0,,TD,18.9N,53.8W,30,,,,,,,,,,,,,
AL,UNNAMED,1990,11,37,19900926,600,,TD,19.0N,54.0W,30,,,,,,,,,,,,,
AL,UNNAMED,1990,11,37,19900926,1200,,TD,19.1N,54.2W,30,,,,,,,,,,,,,
AL,UNNAMED,1990,11,37,19900926,1800,,TD,19.4N,54.4W,30,,,,,,,,,,,,,
AL,UNNAMED,1990,11,37,19900927,0,,TD,19.8N,54.8W,30,,,,,,,,,,,,,
AL,UNNAMED,1990,11,37,19900927,600,,TD,19.8N,54.8W,30,,,,,,,,,,,,,
AL,UNNAMED,1990,11,37,19900927,1200,,TD,19.8N,55.0W,30,,,,,,,,,,,,,
AL,JOSEPHINE,1990,12,62,19900921,600,,TD,14.0N,32.0W,30,1009,,,,,,,,,,,,
AL,JOSEPHINE,1990,12,62,19900921,1200,,TD,14.5N,32.4W,30,1009,,,,,,,,,,,,
AL,JOSEPHINE,1990,12,62,19900921,1800,,TD,15.0N,32.7W,30,1008,,,,,,,,,,,,
AL,JOSEPHINE,1990,12,62,19900922,0,,TD,15.6N,33.0W,30,1007,,,,,,,,,,,,
AL,JOSEPHINE,1990,12,62,19900922,600,,TD,16.1N,33.2W,30,1007,,,,,,,,,,,,
AL,JOSEPHINE,1990,12,62,19900922,1200,,TD,16.7N,33.4W,30,1007,,,,,,,,,,,,
AL,JOSEPHINE,1990,12,62,19900922,1800,,TD,17.4N,33.4W,30,1007,,,,,,,,,,,,
AL,JOSEPHINE,1990,12,62,19900923,0,,TD,17.9N,33.5W,30,1009,,,,,,,,,,,,
AL,JOSEPHINE,1990,12,62,19900923,600,,TD,18.2N,33.6W,30,1009,,,,,,,,,,,,
AL,JOSEPHINE,1990,12,62,19900923,1200,,TD,18.5N,33.8W,30,1009,,,,,,,,,,,,
AL,JOSEPHINE,1990,12,62,19900923,1800,,TD,18.7N,34.0W,30,1009,,,,,,,,,,,,
AL,JOSEPHINE,1990,12,62,19900924,0,,TD,19.0N,34.1W,30,1008,,,,,,,,,,,,
AL,JOSEPHINE,1990,12,62,19900924,600,,TD,19.1N,34.1W,30,1007,,,,,,,,,,,,
AL,JOSEPHINE,1990,12,62,19900924,1200,,TS,19.3N,34.2W,35,1005,,,,,,,,,,,,
AL,JOSEPHINE,1990,12,62,19900924,1800,,TS,19.4N,34.4W,35,1005,,,,,,,,,,,,
AL,JOSEPHINE,1990,12,62,19900925,0,,TS,19.5N,34.6W,40,1003,,,,,,,,,,,,
AL,JOSEPHINE,1990,12,62,19900925,600,,TS,19.7N,34.8W,40,1002,,,,,,,,,,,,
AL,JOSEPHINE,1990,12,62,19900925,1200,,TS,19.9N,35.2W,40,1003,,,,,,,,,,,,
AL,JOSEPHINE,1990,12,62,19900925,1800,,TS,20.1N,35.9W,35,1005,,,,,,,,,,,,
AL,JOSEPHINE,1990,12,62,19900926,0,,TS,20.3N,36.8W,35,1006,,,,,,,,,,,,
AL,JOSEPHINE,1990,12,62,19900926,600,,TD,20.4N,37.6W,30,1008,,,,,,,,,,,,
AL,JOSEPHINE,1990,12,62,19900926,1200,,TD,20.3N,38.4W,30,1009,,,,,,,,,,,,
AL,JOSEPHINE,1990,12,62,19900926,1800,,TD,20.2N,38.9W,30,1009,,,,,,,,,,,,
AL,JOSEPHINE,1990,12,62,19900927,0,,TD,20.2N,39.3W,30,1009,,,,,,,,,,,,
AL,JOSEPHINE,1990,12,62,19900927,600,,TD,20.2N,39.6W,30,1010,,,,,,,,,,,,
AL,JOSEPHINE,1990,12,62,19900927,1200,,TD,20.3N,40.0W,25,1012,,,,,,,,,,,,
AL,JOSEPHINE,1990,12,62,19900927,1800,,TD,20.4N,40.4W,25,1012,,,,,,,,,,,,
AL,JOSEPHINE,1990,12,62,19900928,0,,TD,20.6N,40.6W,25,1012,,,,,,,,,,,,
AL,JOSEPHINE,1990,12,62,19900928,600,,TD,20.9N,40.9W,25,1012,,,,,,,,,,,,
AL,JOSEPHINE,1990,12,62,19900928,1200,,TD,21.2N,41.2W,25,1012,,,,,,,,,,,,
AL,JOSEPHINE,1990,12,62,19900928,1800,,TD,21.6N,41.6W,25,1012,,,,,,,,,,,,
AL,JOSEPHINE,1990,12,62,19900929,0,,TD,22.0N,42.1W,25,1012,,,,,,,,,,,,
AL,JOSEPHINE,1990,12,62,19900929,600,,TD,22.5N,42.8W,25,1012,,,,,,,,,,,,
AL,JOSEPHINE,1990,12,62,19900929,1200,,TD,23.1N,43.6W,25,1010,,,,,,,,,,,,
AL,JOSEPHINE,1990,12,62,19900929,1800,,TD,23.8N,44.3W,30,1009,,,,,,,,,,,,
AL,JOSEPHINE,1990,12,62,19900930,0,,TD,24.5N,45.0W,30,1009,,,,,,,,,,,,
AL,JOSEPHINE,1990,12,62,19900930,600,,TD,25.5N,45.4W,30,1009,,,,,,,,,,,,
AL,JOSEPHINE,1990,12,62,19900930,1200,,TD,26.7N,45.5W,30,1009,,,,,,,,,,,,
AL,JOSEPHINE,1990,12,62,19900930,1800,,TD,27.8N,45.3W,30,1009,,,,,,,,,,,,
AL,JOSEPHINE,1990,12,62,19901001,0,,TD,28.5N,44.8W,30,1009,,,,,,,,,,,,
AL,JOSEPHINE,1990,12,62,19901001,600,,TD,29.1N,43.8W,30,1007,,,,,,,,,,,,
AL,JOSEPHINE,1990,12,62,19901001,1200,,TS,29.6N,42.4W,35,1005,,,,,,,,,,,,
AL,JOSEPHINE,1990,12,62,19901001,1800,,TS,29.9N,41.1W,35,1005,,,,,,,,,,,,
AL,JOSEPHINE,1990,12,62,19901002,0,,TS,30.0N,40.0W,35,1005,,,,,,,,,,,,
AL,JOSEPHINE,1990,12,62,19901002,600,,TS,30.0N,39.4W,35,1004,,,,,,,,,,,,
AL,JOSEPHINE,1990,12,62,19901002,1200,,TS,29.8N,39.2W,40,1003,,,,,,,,,,,,
AL,JOSEPHINE,1990,12,62,19901002,1800,,TS,29.6N,39.2W,35,1005,,,,,,,,,,,,
AL,JOSEPHINE,1990,12,62,19901003,0,,TS,29.4N,39.4W,35,1005,,,,,,,,,,,,
AL,JOSEPHINE,1990,12,62,19901003,600,,TS,29.1N,40.0W,35,1005,,,,,,,,,,,,
AL,JOSEPHINE,1990,12,62,19901003,1200,,TS,28.6N,40.7W,35,1005,,,,,,,,,,,,
AL,JOSEPHINE,1990,12,62,19901003,1800,,TS,28.3N,41.4W,40,1003,,,,,,,,,,,,
AL,JOSEPHINE,1990,12,62,19901004,0,,TS,28.2N,42.1W,45,1000,,,,,,,,,,,,
AL,JOSEPHINE,1990,12,62,19901004,600,,TS,28.5N,42.5W,50,997,,,,,,,,,,,,
AL,JOSEPHINE,1990,12,62,19901004,1200,,TS,29.0N,42.6W,55,994,,,,,,,,,,,,
AL,JOSEPHINE,1990,12,62,19901004,1800,,TS,29.5N,42.3W,60,990,,,,,,,,,,,,
AL,JOSEPHINE,1990,12,62,19901005,0,,HU,30.0N,41.5W,65,987,,,,,,,,,,,,
AL,JOSEPHINE,1990,12,62,19901005,600,,HU,30.7N,40.5W,65,986,,,,,,,,,,,,
AL,JOSEPHINE,1990,12,62,19901005,1200,,HU,32.1N,39.3W,70,984,,,,,,,,,,,,
AL,JOSEPHINE,1990,12,62,19901005,1800,,HU,34.1N,38.4W,75,980,,,,,,,,,,,,
AL,JOSEPHINE,1990,12,62,19901006,0,,HU,36.5N,38.5W,70,984,,,,,,,,,,,,
AL,JOSEPHINE,1990,12,62,19901006,600,,HU,38.9N,40.0W,70,985,,,,,,,,,,,,
AL,JOSEPHINE,1990,12,62,19901006,1200,,TS,41.0N,42.9W,60,990,,,,,,,,,,,,
AL,KLAUS,1990,13,25,19901003,1200,,TD,15.6N,59.3W,30,1008,,,,,,,,,,,,
AL,KLAUS,1990,13,25,19901003,1800,,TS,16.2N,59.6W,35,1007,,,,,,,,,,,,
AL,KLAUS,1990,13,25,19901004,0,,TS,16.4N,59.8W,45,1005,,,,,,,,,,,,
AL,KLAUS,1990,13,25,19901004,600,,TS,16.5N,60.1W,50,997,,,,,,,,,,,,
AL,KLAUS,1990,13,25,19901004,1200,,TS,16.6N,60.4W,50,997,,,,,,,,,,,,
AL,KLAUS,1990,13,25,19901004,1800,,TS,16.8N,60.7W,55,997,,,,,,,,,,,,
AL,KLAUS,1990,13,25,19901005,0,,TS,16.9N,60.9W,55,996,,,,,,,,,,,,
AL,KLAUS,1990,13,25,19901005,600,,TS,17.0N,61.1W,60,993,,,,,,,,,,,,
AL,KLAUS,1990,13,25,19901005,1200,,HU,17.2N,61.2W,70,985,,,,,,,,,,,,
AL,KLAUS,1990,13,25,19901005,1800,,HU,17.4N,61.4W,70,991,,,,,,,,,,,,
AL,KLAUS,1990,13,25,19901006,0,,HU,17.7N,61.6W,65,992,,,,,,,,,,,,
AL,KLAUS,1990,13,25,19901006,600,,TS,18.1N,61.8W,60,994,,,,,,,,,,,,
AL,KLAUS,1990,13,25,19901006,1200,,TS,18.3N,62.1W,60,995,,,,,,,,,,,,
AL,KLAUS,1990,13,25,19901006,1800,,TS,18.6N,62.3W,55,996,,,,,,,,,,,,
AL,KLAUS,1990,13,25,19901007,0,,TS,18.7N,62.7W,55,998,,,,,,,,,,,,
AL,KLAUS,1990,13,25,19901007,600,,TS,18.8N,63.1W,55,1000,,,,,,,,,,,,
AL,KLAUS,1990,13,25,19901007,1200,,TS,18.9N,63.8W,50,1001,,,,,,,,,,,,
AL,KLAUS,1990,13,25,19901007,1800,,TS,19.2N,64.9W,40,1004,,,,,,,,,,,,
AL,KLAUS,1990,13,25,19901008,0,,TD,19.7N,66.1W,30,1005,,,,,,,,,,,,
AL,KLAUS,1990,13,25,19901008,600,,TD,20.4N,67.5W,30,1005,,,,,,,,,,,,
AL,KLAUS,1990,13,25,19901008,1200,,TS,21.1N,68.9W,40,1005,,,,,,,,,,,,
AL,KLAUS,1990,13,25,19901008,1800,,TS,21.9N,70.1W,45,1004,,,,,,,,,,,,
AL,KLAUS,1990,13,25,19901009,0,,TS,22.6N,71.2W,45,1004,,,,,,,,,,,,
AL,KLAUS,1990,13,25,19901009,600,,TS,23.4N,72.3W,45,1006,,,,,,,,,,,,
AL,KLAUS,1990,13,25,19901009,1200,,TS,24.5N,73.4W,35,1007,,,,,,,,,,,,
AL,LILI,1990,14,38,19901006,600,,SS,36.0N,44.0W,45,1000,,,,,,,,,,,,
AL,LILI,1990,14,38,19901006,1200,,SS,35.7N,44.1W,50,999,,,,,,,,,,,,
AL,LILI,1990,14,38,19901006,1800,,SS,35.3N,44.2W,50,998,,,,,,,,,,,,
AL,LILI,1990,14,38,19901007,0,,SS,35.0N,44.4W,50,998,,,,,,,,,,,,
AL,LILI,1990,14,38,19901007,600,,SS,34.7N,44.5W,45,999,,,,,,,,,,,,
AL,LILI,1990,14,38,19901007,1200,,SS,34.4N,44.6W,45,1000,,,,,,,,,,,,
AL,LILI,1990,14,38,19901007,1800,,SS,34.1N,44.8W,45,1000,,,,,,,,,,,,
AL,LILI,1990,14,38,19901008,0,,SS,33.8N,45.0W,45,1000,,,,,,,,,,,,
AL,LILI,1990,14,38,19901008,600,,SS,33.5N,45.3W,50,998,,,,,,,,,,,,
AL,LILI,1990,14,38,19901008,1200,,SS,32.8N,46.0W,50,996,,,,,,,,,,,,
AL,LILI,1990,14,38,19901008,1800,,SS,32.2N,46.8W,55,994,,,,,,,,,,,,
AL,LILI,1990,14,38,19901009,0,,SS,31.6N,47.6W,60,992,,,,,,,,,,,,
AL,LILI,1990,14,38,19901009,600,,SS,31.3N,48.3W,60,995,,,,,,,,,,,,
AL,LILI,1990,14,38,19901009,1200,,SS,31.1N,48.8W,50,997,,,,,,,,,,,,
AL,LILI,1990,14,38,19901009,1800,,SS,31.0N,49.2W,50,998,,,,,,,,,,,,
AL,LILI,1990,14,38,19901010,0,,SS,31.0N,49.5W,50,998,,,,,,,,,,,,
AL,LILI,1990,14,38,19901010,600,,SS,30.9N,50.1W,50,996,,,,,,,,,,,,
AL,LILI,1990,14,38,19901010,1200,,SS,31.0N,51.3W,55,992,,,,,,,,,,,,
AL,LILI,1990,14,38,19901010,1800,,SS,31.3N,53.4W,60,989,,,,,,,,,,,,
AL,LILI,1990,14,38,19901011,0,,HU,31.2N,55.9W,65,987,,,,,,,,,,,,
AL,LILI,1990,14,38,19901011,600,,HU,31.0N,58.7W,65,987,,,,,,,,,,,,
AL,LILI,1990,14,38,19901011,1200,,HU,30.7N,61.3W,65,988,,,,,,,,,,,,
AL,LILI,1990,14,38,19901011,1800,,HU,30.3N,64.1W,65,990,,,,,,,,,,,,
AL,LILI,1990,14,38,19901012,0,,HU,29.9N,66.4W,65,995,,,,,,,,,,,,
AL,LILI,1990,14,38,19901012,600,,HU,29.8N,68.5W,65,995,,,,,,,,,,,,
AL,LILI,1990,14,38,19901012,1200,,HU,30.2N,70.3W,65,994,,,,,,,,,,,,
AL,LILI,1990,14,38,19901012,1800,,HU,30.9N,71.4W,65,993,,,,,,,,,,,,
AL,LILI,1990,14,38,19901013,0,,HU,32.1N,72.1W,65,992,,,,,,,,,,,,
AL,LILI,1990,14,38,19901013,600,,HU,33.2N,72.5W,65,992,,,,,,,,,,,,
AL,LILI,1990,14,38,19901013,1200,,TS,34.3N,72.4W,60,995,,,,,,,,,,,,
AL,LILI,1990,14,38,19901013,1800,,TS,35.5N,72.0W,50,997,,,,,,,,,,,,
AL,LILI,1990,14,38,19901014,0,,TS,36.6N,71.3W,50,996,,,,,,,,,,,,
AL,LILI,1990,14,38,19901014,600,,TS,38.0N,69.7W,50,995,,,,,,,,,,,,
AL,LILI,1990,14,38,19901014,1200,,TS,40.0N,67.5W,50,995,,,,,,,,,,,,
AL,LILI,1990,14,38,19901014,1800,,TS,42.4N,65.0W,45,995,,,,,,,,,,,,
AL,LILI,1990,14,38,19901015,0,,EX,44.9N,61.0W,40,995,,,,,,,,,,,,
AL,LILI,1990,14,38,19901015,600,,EX,46.6N,56.4W,40,994,,,,,,,,,,,,
AL,LILI,1990,14,38,19901015,1200,,EX,47.5N,51.0W,40,994,,,,,,,,,,,,
AL,MARCO,1990,15,17,19901009,1200,,TD,22.5N,79.5W,25,1004,,,,,,,,,,,,
AL,MARCO,1990,15,17,19901009,1800,,TD,22.7N,80.7W,30,1002,,,,,,,,,,,,
AL,MARCO,1990,15,17,19901010,0,,TD,23.5N,81.4W,30,1000,,,,,,,,,,,,
AL,MARCO,1990,15,17,19901010,600,,TS,24.1N,82.0W,35,996,,,,,,,,,,,,
AL,MARCO,1990,15,17,19901010,1200,,TS,24.6N,82.4W,40,998,,,,,,,,,,,,
AL,MARCO,1990,15,17,19901010,1800,,TS,25.2N,82.5W,45,994,,,,,,,,,,,,
AL,MARCO,1990,15,17,19901011,0,,TS,26.0N,82.6W,50,993,,,,,,,,,,,,
AL,MARCO,1990,15,17,19901011,600,,TS,26.7N,82.6W,55,989,,,,,,,,,,,,
AL,MARCO,1990,15,17,19901011,1200,,TS,27.5N,82.8W,50,994,,,,,,,,,,,,
AL,MARCO,1990,15,17,19901011,1800,,TS,28.3N,83.0W,40,998,,,,,,,,,,,,
AL,MARCO,1990,15,17,19901012,0,,TD,29.1N,83.1W,30,999,,,,,,,,,,,,
AL,MARCO,1990,15,17,19901012,600,,TD,30.7N,83.0W,20,1004,,,,,,,,,,,,
AL,MARCO,1990,15,17,19901012,1200,,EX,32.0N,83.0W,20,1005,,,,,,,,,,,,
AL,MARCO,1990,15,17,19901012,1800,,EX,33.2N,82.6W,15,1005,,,,,,,,,,,,
AL,MARCO,1990,15,17,19901013,0,,EX,33.7N,81.9W,15,1006,,,,,,,,,,,,
AL,MARCO,1990,15,17,19901013,600,,EX,33.8N,81.5W,15,1007,,,,,,,,,,,,
AL,MARCO,1990,15,17,19901013,1200,,EX,34.0N,81.0W,15,1007,,,,,,,,,,,,
AL,NANA,1990,16,23,19901016,0,,TD,22.2N,60.4W,25,1009,,,,,,,,,,,,
AL,NANA,1990,16,23,19901016,600,,TD,22.3N,60.8W,30,1008,,,,,,,,,,,,
AL,NANA,1990,16,23,19901016,1200,,TD,22.3N,61.4W,30,1006,,,,,,,,,,,,
AL,NANA,1990,16,23,19901016,1800,,TS,22.1N,62.1W,35,1005,,,,,,,,,,,,
AL,NANA,1990,16,23,19901017,0,,TS,22.1N,62.5W,40,1004,,,,,,,,,,,,
AL,NANA,1990,16,23,19901017,600,,TS,22.1N,62.8W,45,1003,,,,,,,,,,,,
AL,NANA,1990,16,23,19901017,1200,,TS,22.4N,63.2W,55,1000,,,,,,,,,,,,
AL,NANA,1990,16,23,19901017,1800,,HU,22.8N,63.5W,65,995,,,,,,,,,,,,
AL,NANA,1990,16,23,19901018,0,,HU,23.4N,63.6W,70,990,,,,,,,,,,,,
AL,NANA,1990,16,23,19901018,600,,HU,24.1N,63.8W,75,990,,,,,,,,,,,,
AL,NANA,1990,16,23,19901018,1200,,HU,25.0N,64.2W,75,994,,,,,,,,,,,,
AL,NANA,1990,16,23,19901018,1800,,HU,26.1N,64.9W,70,994,,,,,,,,,,,,
AL,NANA,1990,16,23,19901019,0,,HU,27.1N,65.7W,65,993,,,,,,,,,,,,
AL,NANA,1990,16,23,19901019,600,,HU,27.9N,66.3W,70,992,,,,,,,,,,,,
AL,NANA,1990,16,23,19901019,1200,,HU,28.5N,66.9W,75,989,,,,,,,,,,,,
AL,NANA,1990,16,23,19901019,1800,,HU,28.9N,66.5W,70,991,,,,,,,,,,,,
AL,NANA,1990,16,23,19901020,0,,TS,29.2N,66.2W,60,998,,,,,,,,,,,,
AL,NANA,1990,16,23,19901020,600,,TS,29.5N,65.8W,50,1000,,,,,,,,,,,,
AL,NANA,1990,16,23,19901020,1200,,TS,29.6N,65.5W,40,1003,,,,,,,,,,,,
AL,NANA,1990,16,23,19901020,1800,,TS,29.3N,65.4W,35,1005,,,,,,,,,,,,
AL,NANA,1990,16,23,19901021,0,,TD,28.8N,64.8W,30,1008,,,,,,,,,,,,
AL,NANA,1990,16,23,19901021,600,,TD,28.8N,64.5W,25,1010,,,,,,,,,,,,
AL,NANA,1990,16,23,19901021,1200,,TD,27.7N,64.9W,20,1010,,,,,,,,,,,,
AL,ANA,1991,1,25,19910629,1200,,LO,25.9N,78.0W,20,1012,,,,,,,,,,,,
AL,ANA,1991,1,25,19910629,1800,,LO,25.9N,79.0W,20,1012,,,,,,,,,,,,
AL,ANA,1991,1,25,19910630,0,,LO,25.9N,80.0W,20,1012,,,,,,,,,,,,
AL,ANA,1991,1,25,19910630,600,,LO,26.0N,80.9W,20,1012,,,,,,,,,,,,
AL,ANA,1991,1,25,19910630,1200,,LO,26.2N,81.8W,20,1012,,,,,,,,,,,,
AL,ANA,1991,1,25,19910630,1800,,LO,26.7N,82.4W,20,1012,,,,,,,,,,,,
AL,ANA,1991,1,25,19910701,0,,LO,27.3N,82.7W,20,1012,,,,,,,,,,,,
AL,ANA,1991,1,25,19910701,600,,LO,28.0N,82.7W,20,1012,,,,,,,,,,,,
AL,ANA,1991,1,25,19910701,1200,,LO,28.7N,82.5W,20,1012,,,,,,,,,,,,
AL,ANA,1991,1,25,19910701,1800,,LO,29.3N,82.2W,20,1012,,,,,,,,,,,,
AL,ANA,1991,1,25,19910702,0,,LO,29.9N,81.6W,20,1012,,,,,,,,,,,,
AL,ANA,1991,1,25,19910702,600,,LO,30.4N,81.0W,20,1012,,,,,,,,,,,,
AL,ANA,1991,1,25,19910702,1200,,LO,30.9N,80.3W,20,1012,,,,,,,,,,,,
AL,ANA,1991,1,25,19910702,1800,,TD,31.3N,79.7W,25,1012,,,,,,,,,,,,
AL,ANA,1991,1,25,19910703,0,,TD,31.5N,79.0W,25,1011,,,,,,,,,,,,
AL,ANA,1991,1,25,19910703,600,,TD,32.5N,77.4W,25,1010,,,,,,,,,,,,
AL,ANA,1991,1,25,19910703,1200,,TD,33.9N,75.4W,30,1008,,,,,,,,,,,,
AL,ANA,1991,1,25,19910703,1800,,TD,35.2N,73.4W,30,1006,,,,,,,,,,,,
AL,ANA,1991,1,25,19910704,0,,TS,36.2N,70.7W,40,1003,,,,,,,,,,,,
AL,ANA,1991,1,25,19910704,600,,TS,37.1N,67.8W,45,1002,,,,,,,,,,,,
AL,ANA,1991,1,25,19910704,1200,,TS,37.6N,64.7W,45,1001,,,,,,,,,,,,
AL,ANA,1991,1,25,19910704,1800,,TS,37.9N,61.1W,45,1000,,,,,,,,,,,,
AL,ANA,1991,1,25,19910705,0,,TS,38.0N,57.5W,45,1001,,,,,,,,,,,,
AL,ANA,1991,1,25,19910705,600,,TS,37.5N,54.2W,40,1003,,,,,,,,,,,,
AL,ANA,1991,1,25,19910705,1200,,TS,37.0N,50.7W,35,1005,,,,,,,,,,,,
AL,UNNAMED,1991,2,6,19910705,1800,,TD,23.4N,96.2W,25,,,,,,,,,,,,,
AL,UNNAMED,1991,2,6,19910706,0,,TD,23.3N,96.7W,25,,,,,,,,,,,,,
AL,UNNAMED,1991,2,6,19910706,600,,TD,23.3N,96.8W,25,,,,,,,,,,,,,
AL,UNNAMED,1991,2,6,19910706,1200,,TD,23.3N,97.0W,30,,,,,,,,,,,,,
AL,UNNAMED,1991,2,6,19910706,1800,,TD,23.3N,97.4W,30,,,,,,,,,,,,,
AL,UNNAMED,1991,2,6,19910707,0,,TD,23.4N,98.0W,20,,,,,,,,,,,,,
AL,BOB,1991,3,55,19910816,0,,TD,25.6N,74.3W,25,1014,,,,,,,,,,,,
AL,BOB,1991,3,55,19910816,600,,TD,25.7N,74.9W,25,1012,,,,,,,,,,,,
AL,BOB,1991,3,55,19910816,1200,,TD,25.9N,75.4W,30,1010,,,,,,,,,,,,
AL,BOB,1991,3,55,19910816,1800,,TS,26.4N,75.8W,35,1005,,,,,,,,,,,,
AL,BOB,1991,3,55,19910817,0,,TS,27.1N,76.2W,40,1003,,,,,,,,,,,,
AL,BOB,1991,3,55,19910817,600,,TS,27.8N,76.5W,45,998,,,,,,,,,,,,
AL,BOB,1991,3,55,19910817,1200,,TS,28.4N,76.9W,55,996,,,,,,,,,,,,
AL,BOB,1991,3,55,19910817,1800,,HU,29.0N,77.1W,65,986,,,,,,,,,,,,
AL,BOB,1991,3,55,19910818,0,,HU,29.7N,77.0W,70,980,,,,,,,,,,,,
AL,BOB,1991,3,55,19910818,600,,HU,30.5N,76.9W,75,979,,,,,,,,,,,,
AL,BOB,1991,3,55,19910818,1200,,HU,31.5N,76.6W,80,974,,,,,,,,,,,,
AL,BOB,1991,3,55,19910818,1800,,HU,33.0N,76.1W,85,965,,,,,,,,,,,,
AL,BOB,1991,3,55,19910819,0,,HU,34.6N,75.3W,95,957,,,,,,,,,,,,
AL,BOB,1991,3,55,19910819,600,,HU,36.5N,74.5W,100,950,,,,,,,,,,,,
AL,BOB,1991,3,55,19910819,1200,,HU,38.9N,73.0W,95,953,,,,,,,,,,,,
AL,BOB,1991,3,55,19910819,1720,L,HU,41.2N,71.6W,90,962,,,,,,,,,,,,
AL,BOB,1991,3,55,19910819,1800,L,HU,41.4N,71.4W,85,964,,,,,,,,,,,,
AL,BOB,1991,3,55,19910820,0,,TS,43.8N,69.6W,60,977,,,,,,,,,,,,
AL,BOB,1991,3,55,19910820,130,L,TS,44.1N,69.1W,60,981,,,,,,,,,,,,
AL,BOB,1991,3,55,19910820,600,,TS,45.6N,67.6W,50,987,,,,,,,,,,,,
AL,BOB,1991,3,55,19910820,1200,,TS,47.0N,65.5W,45,998,,,,,,,,,,,,
AL,BOB,1991,3,55,19910820,1800,,EX,48.4N,61.9W,40,1003,,,,,,,,,,,,
AL,BOB,1991,3,55,19910821,0,,EX,49.8N,58.3W,40,1008,,,,,,,,,,,,
AL,BOB,1991,3,55,19910821,600,,EX,50.9N,54.9W,40,1008,,,,,,,,,,,,
AL,BOB,1991,3,55,19910821,1200,,EX,51.6N,51.4W,35,1009,,,,,,,,,,,,
AL,BOB,1991,3,55,19910821,1800,,EX,51.9N,47.3W,30,1009,,,,,,,,,,,,
AL,BOB,1991,3,55,19910822,0,,EX,51.9N,42.8W,30,1004,,,,,,,,,,,,
AL,BOB,1991,3,55,19910822,600,,EX,51.5N,38.3W,35,1002,,,,,,,,,,,,
AL,BOB,1991,3,55,19910822,1200,,EX,50.7N,34.1W,40,994,,,,,,,,,,,,
AL,BOB,1991,3,55,19910822,1800,,EX,49.3N,30.3W,40,992,,,,,,,,,,,,
AL,BOB,1991,3,55,19910823,0,,EX,47.7N,26.9W,40,992,,,,,,,,,,,,
AL,BOB,1991,3,55,19910823,600,,EX,46.3N,23.9W,40,996,,,,,,,,,,,,
AL,BOB,1991,3,55,19910823,1200,,EX,45.3N,21.4W,35,1000,,,,,,,,,,,,
AL,BOB,1991,3,55,19910823,1800,,EX,44.2N,19.9W,30,1004,,,,,,,,,,,,
AL,BOB,1991,3,55,19910824,0,,EX,43.1N,19.4W,25,1006,,,,,,,,,,,,
AL,BOB,1991,3,55,19910824,600,,EX,42.4N,19.1W,25,1008,,,,,,,,,,,,
AL,BOB,1991,3,55,19910824,1200,,EX,42.2N,18.6W,25,1009,,,,,,,,,,,,
AL,BOB,1991,3,55,19910824,1800,,EX,42.1N,18.1W,25,1009,,,,,,,,,,,,
AL,BOB,1991,3,55,19910825,0,,EX,41.9N,17.9W,25,1009,,,,,,,,,,,,
AL,BOB,1991,3,55,19910825,600,,EX,41.7N,17.8W,25,1010,,,,,,,,,,,,
AL,BOB,1991,3,55,19910825,1200,,EX,41.3N,17.6W,25,1010,,,,,,,,,,,,
AL,BOB,1991,3,55,19910825,1800,,EX,40.9N,17.3W,25,1010,,,,,,,,,,,,
AL,BOB,1991,3,55,19910826,0,,EX,40.5N,16.8W,25,1010,,,,,,,,,,,,
AL,BOB,1991,3,55,19910826,600,,EX,40.2N,16.0W,25,1010,,,,,,,,,,,,
AL,BOB,1991,3,55,19910826,1200,,EX,40.0N,15.2W,20,1012,,,,,,,,,,,,
AL,BOB,1991,3,55,19910826,1800,,EX,39.9N,14.4W,20,1012,,,,,,,,,,,,
AL,BOB,1991,3,55,19910827,0,,EX,39.9N,13.8W,20,1014,,,,,,,,,,,,
AL,BOB,1991,3,55,19910827,600,,EX,40.0N,13.1W,20,1014,,,,,,,,,,,,
AL,BOB,1991,3,55,19910827,1200,,EX,40.0N,12.4W,20,1014,,,,,,,,,,,,
AL,BOB,1991,3,55,19910827,1800,,EX,40.0N,11.8W,20,1014,,,,,,,,,,,,
AL,BOB,1991,3,55,19910828,0,,EX,40.0N,11.3W,15,1015,,,,,,,,,,,,
AL,BOB,1991,3,55,19910828,600,,EX,40.0N,10.9W,15,1015,,,,,,,,,,,,
AL,BOB,1991,3,55,19910828,1200,,EX,40.0N,10.5W,15,1014,,,,,,,,,,,,
AL,BOB,1991,3,55,19910828,1800,,EX,40.0N,10.1W,10,1014,,,,,,,,,,,,
AL,BOB,1991,3,55,19910829,0,,EX,40.0N,9.9W,10,1015,,,,,,,,,,,,
AL,UNNAMED,1991,4,7,19910824,1200,,TD,14.5N,23.1W,25,1011,,,,,,,,,,,,
AL,UNNAMED,1991,4,7,19910824,1800,,TD,14.9N,23.9W,30,1009,,,,,,,,,,,,
AL,UNNAMED,1991,4,7,19910825,0,,TD,15.2N,25.1W,30,1009,,,,,,,,,,,,
AL,UNNAMED,1991,4,7,19910825,600,,TD,15.1N,26.4W,30,1010,,,,,,,,,,,,
AL,UNNAMED,1991,4,7,19910825,1200,,TD,14.9N,27.6W,30,1010,,,,,,,,,,,,
AL,UNNAMED,1991,4,7,19910825,1800,,TD,14.8N,28.6W,30,1010,,,,,,,,,,,,
AL,UNNAMED,1991,4,7,19910826,0,,TD,14.7N,29.6W,25,1011,,,,,,,,,,,,
AL,UNNAMED,1991,5,13,19910828,1200,,TD,10.5N,30.8W,25,,,,,,,,,,,,,
AL,UNNAMED,1991,5,13,19910828,1800,,TD,10.7N,32.4W,30,,,,,,,,,,,,,
AL,UNNAMED,1991,5,13,19910829,0,,TD,10.9N,34.0W,30,,,,,,,,,,,,,
AL,UNNAMED,1991,5,13,19910829,600,,TD,11.0N,35.6W,30,,,,,,,,,,,,,
AL,UNNAMED,1991,5,13,19910829,1200,,TD,11.2N,37.3W,30,,,,,,,,,,,,,
AL,UNNAMED,1991,5,13,19910829,1800,,TD,11.3N,38.9W,30,,,,,,,,,,,,,
AL,UNNAMED,1991,5,13,19910830,0,,TD,11.4N,40.5W,30,,,,,,,,,,,,,
AL,UNNAMED,1991,5,13,19910830,600,,TD,11.5N,42.1W,30,,,,,,,,,,,,,
AL,UNNAMED,1991,5,13,19910830,1200,,TD,11.7N,43.9W,30,,,,,,,,,,,,,
AL,UNNAMED,1991,5,13,19910830,1800,,TD,11.9N,45.7W,30,,,,,,,,,,,,,
AL,UNNAMED,1991,5,13,19910831,0,,TD,12.0N,47.6W,30,,,,,,,,,,,,,
AL,UNNAMED,1991,5,13,19910831,600,,TD,12.3N,49.8W,25,,,,,,,,,,,,,
AL,UNNAMED,1991,5,13,19910831,1200,,TD,12.7N,52.8W,25,,,,,,,,,,,,,
AL,CLAUDETTE,1991,6,43,19910904,1200,,TD,26.7N,55.9W,25,1014,,,,,,,,,,,,
AL,CLAUDETTE,1991,6,43,19910904,1800,,TD,26.8N,55.7W,30,1012,,,,,,,,,,,,
AL,CLAUDETTE,1991,6,43,19910905,0,,TD,26.7N,55.6W,30,1010,,,,,,,,,,,,
AL,CLAUDETTE,1991,6,43,19910905,600,,TD,26.5N,55.7W,30,1008,,,,,,,,,,,,
AL,CLAUDETTE,1991,6,43,19910905,1200,,TS,26.2N,56.0W,35,1004,,,,,,,,,,,,
AL,CLAUDETTE,1991,6,43,19910905,1800,,TS,26.0N,56.5W,40,1000,,,,,,,,,,,,
AL,CLAUDETTE,1991,6,43,19910906,0,,TS,25.9N,57.1W,50,994,,,,,,,,,,,,
AL,CLAUDETTE,1991,6,43,19910906,600,,TS,26.0N,57.9W,60,987,,,,,,,,,,,,
AL,CLAUDETTE,1991,6,43,19910906,1200,,HU,26.2N,58.8W,75,979,,,,,,,,,,,,
AL,CLAUDETTE,1991,6,43,19910906,1800,,HU,26.4N,59.7W,95,965,,,,,,,,,,,,
AL,CLAUDETTE,1991,6,43,19910907,0,,HU,26.6N,60.3W,105,953,,,,,,,,,,,,
AL,CLAUDETTE,1991,6,43,19910907,600,,HU,26.8N,61.0W,110,946,,,,,,,,,,,,
AL,CLAUDETTE,1991,6,43,19910907,1000,I,HU,27.0N,61.5W,115,944,,,,,,,,,,,,
AL,CLAUDETTE,1991,6,43,19910907,1200,,HU,27.2N,61.7W,115,946,,,,,,,,,,,,
AL,CLAUDETTE,1991,6,43,19910907,1800,,HU,27.7N,62.4W,100,960,,,,,,,,,,,,
AL,CLAUDETTE,1991,6,43,19910908,0,,HU,28.4N,62.8W,90,962,,,,,,,,,,,,
AL,CLAUDETTE,1991,6,43,19910908,600,,HU,29.2N,63.1W,85,964,,,,,,,,,,,,
AL,CLAUDETTE,1991,6,43,19910908,1200,,HU,30.0N,63.3W,85,966,,,,,,,,,,,,
AL,CLAUDETTE,1991,6,43,19910908,1800,,HU,31.0N,63.2W,80,967,,,,,,,,,,,,
AL,CLAUDETTE,1991,6,43,19910909,0,,HU,31.9N,62.5W,80,972,,,,,,,,,,,,
AL,CLAUDETTE,1991,6,43,19910909,600,,HU,32.9N,61.4W,75,976,,,,,,,,,,,,
AL,CLAUDETTE,1991,6,43,19910909,1200,,HU,33.8N,60.5W,75,980,,,,,,,,,,,,
AL,CLAUDETTE,1991,6,43,19910909,1800,,HU,34.2N,59.0W,75,984,,,,,,,,,,,,
AL,CLAUDETTE,1991,6,43,19910910,0,,HU,34.3N,57.4W,70,988,,,,,,,,,,,,
AL,CLAUDETTE,1991,6,43,19910910,600,,TS,33.9N,56.0W,60,991,,,,,,,,,,,,
AL,CLAUDETTE,1991,6,43,19910910,1200,,TS,33.5N,54.0W,55,995,,,,,,,,,,,,
AL,CLAUDETTE,1991,6,43,19910910,1800,,TS,33.4N,51.8W,45,998,,,,,,,,,,,,
AL,CLAUDETTE,1991,6,43,19910911,0,,TS,33.6N,48.8W,40,1001,,,,,,,,,,,,
AL,CLAUDETTE,1991,6,43,19910911,600,,TS,33.9N,46.1W,40,1004,,,,,,,,,,,,
AL,CLAUDETTE,1991,6,43,19910911,1200,,TS,34.3N,43.4W,35,1006,,,,,,,,,,,,
AL,CLAUDETTE,1991,6,43,19910911,1800,,TD,34.5N,40.5W,30,1009,,,,,,,,,,,,
AL,CLAUDETTE,1991,6,43,19910912,0,,TD,34.5N,38.3W,30,1010,,,,,,,,,,,,
AL,CLAUDETTE,1991,6,43,19910912,600,,TD,34.2N,36.5W,30,1011,,,,,,,,,,,,
AL,CLAUDETTE,1991,6,43,19910912,1200,,TD,33.9N,34.7W,30,1012,,,,,,,,,,,,
AL,CLAUDETTE,1991,6,43,19910912,1800,,EX,34.3N,33.1W,30,1013,,,,,,,,,,,,
AL,CLAUDETTE,1991,6,43,19910913,0,,EX,34.7N,31.9W,25,1014,,,,,,,,,,,,
AL,CLAUDETTE,1991,6,43,19910913,600,,EX,35.2N,30.7W,25,1015,,,,,,,,,,,,
AL,CLAUDETTE,1991,6,43,19910913,1200,,EX,35.6N,29.6W,20,1016,,,,,,,,,,,,
AL,CLAUDETTE,1991,6,43,19910913,1800,,EX,36.0N,28.4W,20,1017,,,,,,,,,,,,
AL,CLAUDETTE,1991,6,43,19910914,0,,EX,36.2N,27.3W,20,1017,,,,,,,,,,,,
AL,CLAUDETTE,1991,6,43,19910914,600,,EX,36.3N,26.5W,15,1017,,,,,,,,,,,,
AL,CLAUDETTE,1991,6,43,19910914,1200,,EX,36.8N,26.1W,15,1018,,,,,,,,,,,,
AL,CLAUDETTE,1991,6,43,19910914,1800,,EX,37.0N,25.9W,15,1018,,,,,,,,,,,,
AL,DANNY,1991,7,19,19910907,0,,TD,10.4N,25.8W,25,1010,,,,,,,,,,,,
AL,DANNY,1991,7,19,19910907,600,,TD,10.2N,27.5W,25,1009,,,,,,,,,,,,
AL,DANNY,1991,7,19,19910907,1200,,TD,10.0N,29.2W,25,1008,,,,,,,,,,,,
AL,DANNY,1991,7,19,19910907,1800,,TD,9.8N,30.6W,30,1008,,,,,,,,,,,,
AL,DANNY,1991,7,19,19910908,0,,TD,9.7N,32.0W,30,1007,,,,,,,,,,,,
AL,DANNY,1991,7,19,19910908,600,,TD,9.8N,33.4W,30,1006,,,,,,,,,,,,
AL,DANNY,1991,7,19,19910908,1200,,TS,10.3N,35.0W,35,1005,,,,,,,,,,,,
AL,DANNY,1991,7,19,19910908,1800,,TS,10.8N,36.5W,40,1004,,,,,,,,,,,,
AL,DANNY,1991,7,19,19910909,0,,TS,11.3N,37.9W,40,1002,,,,,,,,,,,,
AL,DANNY,1991,7,19,19910909,600,,TS,11.8N,39.6W,45,1000,,,,,,,,,,,,
AL,DANNY,1991,7,19,19910909,1200,,TS,12.5N,41.5W,45,999,,,,,,,,,,,,
AL,DANNY,1991,7,19,19910909,1800,,TS,13.4N,43.4W,45,999,,,,,,,,,,,,
AL,DANNY,1991,7,19,19910910,0,,TS,14.2N,45.2W,45,998,,,,,,,,,,,,
AL,DANNY,1991,7,19,19910910,600,,TS,14.9N,47.3W,45,999,,,,,,,,,,,,
AL,DANNY,1991,7,19,19910910,1200,,TS,15.3N,49.7W,45,999,,,,,,,,,,,,
AL,DANNY,1991,7,19,19910910,1800,,TS,15.7N,52.1W,40,1000,,,,,,,,,,,,
AL,DANNY,1991,7,19,19910911,0,,TS,15.8N,54.1W,35,1002,,,,,,,,,,,,
AL,DANNY,1991,7,19,19910911,600,,TS,15.9N,56.1W,35,1005,,,,,,,,,,,,
AL,DANNY,1991,7,19,19910911,1200,,TD,16.0N,58.1W,30,1010,,,,,,,,,,,,
AL,ERIKA,1991,8,18,19910908,1800,,TD,24.2N,49.1W,25,1011,,,,,,,,,,,,
AL,ERIKA,1991,8,18,19910909,0,,TD,25.4N,50.0W,25,1010,,,,,,,,,,,,
AL,ERIKA,1991,8,18,19910909,600,,TD,26.8N,50.9W,30,1009,,,,,,,,,,,,
AL,ERIKA,1991,8,18,19910909,1200,,TD,27.8N,52.3W,30,1007,,,,,,,,,,,,
AL,ERIKA,1991,8,18,19910909,1800,,TS,29.3N,53.1W,35,1005,,,,,,,,,,,,
AL,ERIKA,1991,8,18,19910910,0,,TS,31.2N,51.7W,40,1002,,,,,,,,,,,,
AL,ERIKA,1991,8,18,19910910,600,,TS,33.0N,49.3W,45,1000,,,,,,,,,,,,
AL,ERIKA,1991,8,18,19910910,1200,,TS,34.7N,46.1W,50,998,,,,,,,,,,,,
AL,ERIKA,1991,8,18,19910910,1800,,TS,35.8N,42.5W,50,997,,,,,,,,,,,,
AL,ERIKA,1991,8,18,19910911,0,,TS,36.5N,38.7W,50,997,,,,,,,,,,,,
AL,ERIKA,1991,8,18,19910911,600,,TS,36.8N,35.0W,50,998,,,,,,,,,,,,
AL,ERIKA,1991,8,18,19910911,1200,,TS,37.0N,31.9W,45,1000,,,,,,,,,,,,
AL,ERIKA,1991,8,18,19910911,1800,,TS,37.1N,29.3W,40,1003,,,,,,,,,,,,
AL,ERIKA,1991,8,18,19910912,0,,TS,37.3N,27.2W,35,1007,,,,,,,,,,,,
AL,ERIKA,1991,8,18,19910912,300,L,TS,37.7N,25.9W,35,1009,,,,,,,,,,,,
AL,ERIKA,1991,8,18,19910912,600,,TD,37.9N,25.2W,30,1009,,,,,,,,,,,,
AL,ERIKA,1991,8,18,19910912,1200,,EX,38.8N,23.3W,30,1011,,,,,,,,,,,,
AL,ERIKA,1991,8,18,19910912,1800,,EX,39.5N,21.5W,25,1013,,,,,,,,,,,,
AL,FABIAN,1991,9,11,19911015,0,,TD,18.9N,85.7W,25,1010,,,,,,,,,,,,
AL,FABIAN,1991,9,11,19911015,600,,TD,19.5N,85.1W,30,1008,,,,,,,,,,,,
AL,FABIAN,1991,9,11,19911015,1200,,TS,20.3N,84.1W,35,1007,,,,,,,,,,,,
AL,FABIAN,1991,9,11,19911015,1800,,TS,21.2N,83.1W,40,1006,,,,,,,,,,,,
AL,FABIAN,1991,9,11,19911015,2100,L,TS,21.5N,82.8W,40,1004,,,,,,,,,,,,
AL,FABIAN,1991,9,11,19911016,0,L,TS,22.4N,81.8W,40,1004,,,,,,,,,,,,
AL,FABIAN,1991,9,11,19911016,600,,TS,23.9N,80.8W,40,1002,,,,,,,,,,,,
AL,FABIAN,1991,9,11,19911016,834,I,TS,24.5N,80.5W,40,1002,,,,,,,,,,,,
AL,FABIAN,1991,9,11,19911016,1200,,TS,25.2N,79.8W,40,1007,,,,,,,,,,,,
AL,FABIAN,1991,9,11,19911016,1800,,EX,26.5N,78.5W,40,1009,,,,,,,,,,,,
AL,FABIAN,1991,9,11,19911017,0,,EX,30.0N,75.5W,40,1009,,,,,,,,,,,,
AL,UNNAMED,1991,10,5,19911024,1200,,TD,13.4N,42.3W,25,1009,,,,,,,,,,,,
AL,UNNAMED,1991,10,5,19911024,1800,,TD,13.7N,43.6W,25,1009,,,,,,,,,,,,
AL,UNNAMED,1991,10,5,19911025,0,,TD,13.8N,44.9W,25,1009,,,,,,,,,,,,
AL,UNNAMED,1991,10,5,19911025,600,,TD,14.0N,46.4W,25,1009,,,,,,,,,,,,
AL,UNNAMED,1991,10,5,19911025,1200,,TD,14.1N,47.7W,25,1009,,,,,,,,,,,,
AL,GRACE,1991,11,18,19911025,1800,,SD,27.1N,64.9W,25,1008,,,,,,,,,,,,
AL,GRACE,1991,11,18,19911026,0,,SD,27.1N,65.2W,30,1007,,,,,,,,,,,,
AL,GRACE,1991,11,18,19911026,600,,SS,27.2N,65.5W,35,1005,,,,,,,,,,,,
AL,GRACE,1991,11,18,19911026,1200,,SS,27.3N,66.0W,35,1002,,,,,,,,,,,,
AL,GRACE,1991,11,18,19911026,1800,,SS,27.5N,66.5W,40,997,,,,,,,,,,,,
AL,GRACE,1991,11,18,19911027,0,,SS,28.1N,67.1W,45,993,,,,,,,,,,,,
AL,GRACE,1991,11,18,19911027,600,,SS,28.9N,66.9W,50,990,,,,,,,,,,,,
AL,GRACE,1991,11,18,19911027,1200,,SS,29.8N,66.4W,55,988,,,,,,,,,,,,
AL,GRACE,1991,11,18,19911027,1800,,TS,30.8N,67.2W,60,987,,,,,,,,,,,,
AL,GRACE,1991,11,18,19911028,0,,HU,31.6N,68.1W,65,985,,,,,,,,,,,,
AL,GRACE,1991,11,18,19911028,600,,HU,32.2N,68.5W,65,983,,,,,,,,,,,,
AL,GRACE,1991,11,18,19911028,1200,,HU,32.3N,68.5W,65,983,,,,,,,,,,,,
AL,GRACE,1991,11,18,19911028,1800,,HU,32.4N,67.8W,65,982,,,,,,,,,,,,
AL,GRACE,1991,11,18,19911029,0,,HU,31.8N,66.8W,70,980,,,,,,,,,,,,
AL,GRACE,1991,11,18,19911029,600,,HU,31.6N,65.3W,75,981,,,,,,,,,,,,
AL,GRACE,1991,11,18,19911029,1200,,HU,31.5N,63.2W,85,982,,,,,,,,,,,,
AL,GRACE,1991,11,18,19911029,1400,W,HU,31.5N,61.8W,90,982,,,,,,,,,,,,
AL,GRACE,1991,11,18,19911029,1800,,EX,32.5N,59.0W,75,,,,,,,,,,,,,
AL,UNNAMED,1991,12,22,19911028,1800,,EX,44.0N,59.0W,30,1006,,,,,,,,,,,,
AL,UNNAMED,1991,12,22,19911029,0,,EX,43.0N,57.5W,40,999,,,,,,,,,,,,
AL,UNNAMED,1991,12,22,19911029,600,,EX,42.5N,55.5W,45,992,,,,,,,,,,,,
AL,UNNAMED,1991,12,22,19911029,1200,,EX,41.0N,56.0W,50,990,,,,,,,,,,,,
AL,UNNAMED,1991,12,22,19911029,1800,,EX,39.5N,57.5W,50,986,,,,,,,,,,,,
AL,UNNAMED,1991,12,22,19911030,0,,EX,39.0N,59.5W,55,981,,,,,,,,,,,,
AL,UNNAMED,1991,12,22,19911030,600,,EX,39.0N,61.5W,60,977,,,,,,,,,,,,
AL,UNNAMED,1991,12,22,19911030,1200,,EX,39.0N,63.5W,60,972,,,,,,,,,,,,
AL,UNNAMED,1991,12,22,19911030,1800,,EX,39.6N,65.8W,60,978,,,,,,,,,,,,
AL,UNNAMED,1991,12,22,19911031,0,,EX,40.0N,68.5W,55,982,,,,,,,,,,,,
AL,UNNAMED,1991,12,22,19911031,600,,EX,39.0N,71.0W,55,988,,,,,,,,,,,,
AL,UNNAMED,1991,12,22,19911031,1200,,EX,37.7N,71.5W,50,992,,,,,,,,,,,,
AL,UNNAMED,1991,12,22,19911031,1800,,SS,36.7N,71.5W,40,996,,,,,,,,,,,,
AL,UNNAMED,1991,12,22,19911101,0,,SS,36.0N,70.0W,50,995,,,,,,,,,,,,
AL,UNNAMED,1991,12,22,19911101,600,,TS,36.2N,68.5W,55,993,,,,,,,,,,,,
AL,UNNAMED,1991,12,22,19911101,1200,,TS,37.0N,67.0W,60,988,,,,,,,,,,,,
AL,UNNAMED,1991,12,22,19911101,1800,,HU,38.2N,66.5W,65,980,,,,,,,,,,,,
AL,UNNAMED,1991,12,22,19911102,0,,HU,39.5N,65.7W,65,981,,,,,,,,,,,,
AL,UNNAMED,1991,12,22,19911102,600,,TS,41.6N,64.7W,60,988,,,,,,,,,,,,
AL,UNNAMED,1991,12,22,19911102,1200,,TS,44.0N,63.6W,50,996,,,,,,,,,,,,
AL,UNNAMED,1991,12,22,19911102,1400,L,TS,44.6N,63.5W,45,998,,,,,,,,,,,,
AL,UNNAMED,1991,12,22,19911102,1800,,TD,46.3N,62.6W,30,1005,,,,,,,,,,,,
AL,UNNAMED,1992,1,14,19920421,1200,,SD,24.0N,59.0W,25,1006,,,,,,,,,,,,
AL,UNNAMED,1992,1,14,19920421,1800,,SD,24.2N,60.0W,25,1005,,,,,,,,,,,,
AL,UNNAMED,1992,1,14,19920422,0,,SD,24.5N,61.0W,30,1003,,,,,,,,,,,,
AL,UNNAMED,1992,1,14,19920422,600,,SS,24.9N,61.5W,45,1002,,,,,,,,,,,,
AL,UNNAMED,1992,1,14,19920422,1200,,SS,25.2N,62.0W,45,1002,,,,,,,,,,,,
AL,UNNAMED,1992,1,14,19920422,1800,,SS,25.5N,62.4W,45,1003,,,,,,,,,,,,
AL,UNNAMED,1992,1,14,19920423,0,,SS,25.6N,63.1W,45,1004,,,,,,,,,,,,
AL,UNNAMED,1992,1,14,19920423,600,,SS,25.6N,63.5W,40,1005,,,,,,,,,,,,
AL,UNNAMED,1992,1,14,19920423,1200,,SS,25.6N,63.7W,35,1008,,,,,,,,,,,,
AL,UNNAMED,1992,1,14,19920423,1800,,SD,25.7N,63.5W,30,1008,,,,,,,,,,,,
AL,UNNAMED,1992,1,14,19920424,0,,SD,25.7N,63.1W,25,1009,,,,,,,,,,,,
AL,UNNAMED,1992,1,14,19920424,600,,SD,25.7N,62.6W,25,1009,,,,,,,,,,,,
AL,UNNAMED,1992,1,14,19920424,1200,,SD,25.7N,62.0W,25,1010,,,,,,,,,,,,
AL,UNNAMED,1992,1,14,19920424,1800,,SD,25.7N,61.1W,25,1010,,,,,,,,,,,,
AL,UNNAMED,1992,2,5,19920625,1200,,TD,24.5N,85.5W,25,1009,,,,,,,,,,,,
AL,UNNAMED,1992,2,5,19920625,1800,,TD,25.7N,85.5W,30,1007,,,,,,,,,,,,
AL,UNNAMED,1992,2,5,19920626,0,,TD,27.0N,84.5W,30,1007,,,,,,,,,,,,
AL,UNNAMED,1992,2,5,19920626,600,,TD,27.6N,84.0W,30,1007,,,,,,,,,,,,
AL,UNNAMED,1992,2,5,19920626,1200,,TD,28.5N,82.9W,30,1007,,,,,,,,,,,,
AL,UNNAMED,1992,3,8,19920724,1800,,TD,28.6N,62.1W,25,1016,,,,,,,,,,,,
AL,UNNAMED,1992,3,8,19920725,0,,TD,28.8N,62.7W,30,1016,,,,,,,,,,,,
AL,UNNAMED,1992,3,8,19920725,600,,TD,29.1N,62.8W,30,1016,,,,,,,,,,,,
AL,UNNAMED,1992,3,8,19920725,1200,,TD,29.5N,62.7W,30,1015,,,,,,,,,,,,
AL,UNNAMED,1992,3,8,19920725,1800,,TD,29.8N,62.2W,30,1016,,,,,,,,,,,,
AL,UNNAMED,1992,3,8,19920726,0,,TD,30.2N,61.3W,25,1016,,,,,,,,,,,,
AL,UNNAMED,1992,3,8,19920726,600,,TD,30.8N,59.9W,25,1016,,,,,,,,,,,,
AL,UNNAMED,1992,3,8,19920726,1200,,TD,31.2N,58.0W,20,1016,,,,,,,,,,,,
AL,ANDREW,1992,4,52,19920816,1800,,TD,10.8N,35.5W,25,1010,,,,,,,,,,,,
AL,ANDREW,1992,4,52,19920817,0,,TD,11.2N,37.4W,30,1009,,,,,,,,,,,,
AL,ANDREW,1992,4,52,19920817,600,,TD,11.7N,39.6W,30,1008,,,,,,,,,,,,
AL,ANDREW,1992,4,52,19920817,1200,,TS,12.3N,42.0W,35,1006,,,,,,,,,,,,
AL,ANDREW,1992,4,52,19920817,1800,,TS,13.1N,44.2W,35,1003,,,,,,,,,,,,
AL,ANDREW,1992,4,52,19920818,0,,TS,13.6N,46.2W,40,1002,,,,,,,,,,,,
AL,ANDREW,1992,4,52,19920818,600,,TS,14.1N,48.0W,45,1001,,,,,,,,,,,,
AL,ANDREW,1992,4,52,19920818,1200,,TS,14.6N,49.9W,45,1000,,,,,,,,,,,,
AL,ANDREW,1992,4,52,19920818,1800,,TS,15.4N,51.8W,45,1000,,,,,,,,,,,,
AL,ANDREW,1992,4,52,19920819,0,,TS,16.3N,53.5W,45,1001,,,,,,,,,,,,
AL,ANDREW,1992,4,52,19920819,600,,TS,17.2N,55.3W,45,1002,,,,,,,,,,,,
AL,ANDREW,1992,4,52,19920819,1200,,TS,18.0N,56.9W,45,1005,,,,,,,,,,,,
AL,ANDREW,1992,4,52,19920819,1800,,TS,18.8N,58.3W,45,1007,,,,,,,,,,,,
AL,ANDREW,1992,4,52,19920820,0,,TS,19.8N,59.3W,40,1011,,,,,,,,,,,,
AL,ANDREW,1992,4,52,19920820,600,,TS,20.7N,60.0W,40,1013,,,,,,,,,,,,
AL,ANDREW,1992,4,52,19920820,1200,,TS,21.7N,60.7W,40,1015,,,,,,,,,,,,
AL,ANDREW,1992,4,52,19920820,1800,,TS,22.5N,61.5W,40,1014,,,,,,,,,,,,
AL,ANDREW,1992,4,52,19920821,0,,TS,23.2N,62.4W,45,1014,,,,,,,,,,,,
AL,ANDREW,1992,4,52,19920821,600,,TS,23.9N,63.3W,45,1010,,,,,,,,,,,,
AL,ANDREW,1992,4,52,19920821,1200,,TS,24.4N,64.2W,50,1007,,,,,,,,,,,,
AL,ANDREW,1992,4,52,19920821,1800,,TS,24.8N,64.9W,50,1004,,,,,,,,,,,,
AL,ANDREW,1992,4,52,19920822,0,,TS,25.3N,65.9W,55,1000,,,,,,,,,,,,
AL,ANDREW,1992,4,52,19920822,600,,HU,25.6N,67.0W,65,994,,,,,,,,,,,,
AL,ANDREW,1992,4,52,19920822,1200,,HU,25.8N,68.3W,80,981,,,,,,,,,,,,
AL,ANDREW,1992,4,52,19920822,1800,,HU,25.7N,69.7W,95,969,,,,,,,,,,,,
AL,ANDREW,1992,4,52,19920823,0,,HU,25.6N,71.1W,110,961,,,,,,,,,,,,
AL,ANDREW,1992,4,52,19920823,600,,HU,25.5N,72.5W,130,947,,,,,,,,,,,,
AL,ANDREW,1992,4,52,19920823,1200,,HU,25.4N,74.2W,145,933,,,,,,,,,,,,
AL,ANDREW,1992,4,52,19920823,1800,,HU,25.4N,75.8W,150,922,,,,,,,,,,,,
AL,ANDREW,1992,4,52,19920823,2100,L,HU,25.4N,76.6W,140,923,,,,,,,,,,,,
AL,ANDREW,1992,4,52,19920824,0,,HU,25.4N,77.5W,125,930,,,,,,,,,,,,
AL,ANDREW,1992,4,52,19920824,100,L,HU,25.4N,77.8W,130,931,,,,,,,,,,,,
AL,ANDREW,1992,4,52,19920824,600,,HU,25.4N,79.3W,130,937,,,,,,,,,,,,
AL,ANDREW,1992,4,52,19920824,840,L,HU,25.5N,80.2W,145,926,,,,,,,,,,,,
AL,ANDREW,1992,4,52,19920824,905,L,HU,25.5N,80.3W,145,922,,,,,,,,,,,,
AL,ANDREW,1992,4,52,19920824,1200,,HU,25.6N,81.2W,115,951,,,,,,,,,,,,
AL,ANDREW,1992,4,52,19920824,1800,,HU,25.8N,83.1W,115,947,,,,,,,,,,,,
AL,ANDREW,1992,4,52,19920825,0,,HU,26.2N,85.0W,115,943,,,,,,,,,,,,
AL,ANDREW,1992,4,52,19920825,600,,HU,26.6N,86.7W,115,948,,,,,,,,,,,,
AL,ANDREW,1992,4,52,19920825,1200,,HU,27.2N,88.2W,120,946,,,,,,,,,,,,
AL,ANDREW,1992,4,52,19920825,1800,,HU,27.8N,89.6W,125,941,,,,,,,,,,,,
AL,ANDREW,1992,4,52,19920826,0,,HU,28.5N,90.5W,125,937,,,,,,,,,,,,
AL,ANDREW,1992,4,52,19920826,600,,HU,29.2N,91.3W,120,955,,,,,,,,,,,,
AL,ANDREW,1992,4,52,19920826,830,L,HU,29.6N,91.5W,100,956,,,,,,,,,,,,
AL,ANDREW,1992,4,52,19920826,1200,,HU,30.1N,91.7W,80,973,,,,,,,,,,,,
AL,ANDREW,1992,4,52,19920826,1800,,TS,30.9N,91.6W,50,991,,,,,,,,,,,,
AL,ANDREW,1992,4,52,19920827,0,,TS,31.5N,91.1W,35,995,,,,,,,,,,,,
AL,ANDREW,1992,4,52,19920827,600,,TD,32.1N,90.5W,30,997,,,,,,,,,,,,
AL,ANDREW,1992,4,52,19920827,1200,,TD,32.8N,89.6W,30,998,,,,,,,,,,,,
AL,ANDREW,1992,4,52,19920827,1800,,TD,33.6N,88.4W,25,999,,,,,,,,,,,,
AL,ANDREW,1992,4,52,19920828,0,,TD,34.4N,86.7W,20,1000,,,,,,,,,,,,
AL,ANDREW,1992,4,52,19920828,600,,TD,35.4N,84.0W,20,1000,,,,,,,,,,,,
AL,BONNIE,1992,5,61,19920917,1800,,TD,33.8N,59.0W,30,1009,,,,,,,,,,,,
AL,BONNIE,1992,5,61,19920918,0,,TD,33.5N,58.3W,30,1008,,,,,,,,,,,,
AL,BONNIE,1992,5,61,19920918,600,,TS,33.7N,58.0W,35,1005,,,,,,,,,,,,
AL,BONNIE,1992,5,61,19920918,1200,,TS,34.0N,57.9W,45,1000,,,,,,,,,,,,
AL,BONNIE,1992,5,61,19920918,1800,,HU,34.3N,58.1W,65,988,,,,,,,,,,,,
AL,BONNIE,1992,5,61,19920919,0,,HU,34.2N,57.8W,75,980,,,,,,,,,,,,
AL,BONNIE,1992,5,61,19920919,600,,HU,34.4N,57.4W,80,976,,,,,,,,,,,,
AL,BONNIE,1992,5,61,19920919,1200,,HU,34.7N,57.1W,85,973,,,,,,,,,,,,
AL,BONNIE,1992,5,61,19920919,1800,,HU,35.2N,56.8W,90,970,,,,,,,,,,,,
AL,BONNIE,1992,5,61,19920920,0,,HU,35.6N,56.6W,90,970,,,,,,,,,,,,
AL,BONNIE,1992,5,61,19920920,600,,HU,36.1N,56.2W,85,973,,,,,,,,,,,,
AL,BONNIE,1992,5,61,19920920,1200,,HU,36.5N,56.0W,85,974,,,,,,,,,,,,
AL,BONNIE,1992,5,61,19920920,1800,,HU,36.8N,55.5W,85,973,,,,,,,,,,,,
AL,BONNIE,1992,5,61,19920921,0,,HU,37.0N,54.6W,90,972,,,,,,,,,,,,
AL,BONNIE,1992,5,61,19920921,600,,HU,37.2N,53.8W,90,970,,,,,,,,,,,,
AL,BONNIE,1992,5,61,19920921,1200,,HU,37.3N,53.0W,90,968,,,,,,,,,,,,
AL,BONNIE,1992,5,61,19920921,1800,,HU,37.5N,52.3W,95,965,,,,,,,,,,,,
AL,BONNIE,1992,5,61,19920922,0,,HU,37.7N,51.5W,95,966,,,,,,,,,,,,
AL,BONNIE,1992,5,61,19920922,600,,HU,37.7N,51.2W,95,967,,,,,,,,,,,,
AL,BONNIE,1992,5,61,19920922,1200,,HU,37.8N,51.0W,90,968,,,,,,,,,,,,
AL,BONNIE,1992,5,61,19920922,1800,,HU,37.8N,50.9W,90,969,,,,,,,,,,,,
AL,BONNIE,1992,5,61,19920923,0,,HU,37.7N,50.7W,90,970,,,,,,,,,,,,
AL,BONNIE,1992,5,61,19920923,600,,HU,37.6N,50.7W,85,972,,,,,,,,,,,,
AL,BONNIE,1992,5,61,19920923,1200,,HU,37.6N,50.8W,85,974,,,,,,,,,,,,
AL,BONNIE,1992,5,61,19920923,1800,,HU,37.5N,51.0W,80,977,,,,,,,,,,,,
AL,BONNIE,1992,5,61,19920924,0,,HU,37.5N,51.1W,75,979,,,,,,,,,,,,
AL,BONNIE,1992,5,61,19920924,600,,HU,37.5N,51.2W,70,983,,,,,,,,,,,,
AL,BONNIE,1992,5,61,19920924,1200,,HU,37.4N,51.4W,65,987,,,,,,,,,,,,
AL,BONNIE,1992,5,61,19920924,1800,,TS,37.2N,51.5W,60,995,,,,,,,,,,,,
AL,BONNIE,1992,5,61,19920925,0,,TS,36.8N,51.8W,55,995,,,,,,,,,,,,
AL,BONNIE,1992,5,61,19920925,600,,TS,36.3N,51.8W,45,1000,,,,,,,,,,,,
AL,BONNIE,1992,5,61,19920925,1200,,TS,35.7N,51.8W,40,1005,,,,,,,,,,,,
AL,BONNIE,1992,5,61,19920925,1800,,TS,35.1N,51.8W,35,1007,,,,,,,,,,,,
AL,BONNIE,1992,5,61,19920926,0,,TD,34.6N,51.7W,30,1009,,,,,,,,,,,,
AL,BONNIE,1992,5,61,19920926,600,,TD,34.1N,51.3W,30,1009,,,,,,,,,,,,
AL,BONNIE,1992,5,61,19920926,1200,,TD,33.8N,50.8W,30,1008,,,,,,,,,,,,
AL,BONNIE,1992,5,61,19920926,1800,,TS,33.3N,49.9W,35,1006,,,,,,,,,,,,
AL,BONNIE,1992,5,61,19920927,0,,TS,33.2N,48.4W,35,1005,,,,,,,,,,,,
AL,BONNIE,1992,5,61,19920927,600,,TS,33.1N,46.9W,40,1003,,,,,,,,,,,,
AL,BONNIE,1992,5,61,19920927,1200,,TS,33.0N,45.4W,40,1001,,,,,,,,,,,,
AL,BONNIE,1992,5,61,19920927,1800,,TS,33.0N,44.0W,45,999,,,,,,,,,,,,
AL,BONNIE,1992,5,61,19920928,0,,TS,33.1N,43.0W,50,996,,,,,,,,,,,,
AL,BONNIE,1992,5,61,19920928,600,,TS,33.4N,42.0W,55,994,,,,,,,,,,,,
AL,BONNIE,1992,5,61,19920928,1200,,TS,33.9N,41.0W,60,993,,,,,,,,,,,,
AL,BONNIE,1992,5,61,19920928,1800,,TS,34.5N,39.8W,60,992,,,,,,,,,,,,
AL,BONNIE,1992,5,61,19920929,0,,TS,35.0N,38.5W,60,992,,,,,,,,,,,,
AL,BONNIE,1992,5,61,19920929,600,,TS,35.2N,37.6W,60,993,,,,,,,,,,,,
AL,BONNIE,1992,5,61,19920929,1200,,TS,35.5N,36.6W,55,994,,,,,,,,,,,,
AL,BONNIE,1992,5,61,19920929,1800,,TS,36.1N,34.8W,55,995,,,,,,,,,,,,
AL,BONNIE,1992,5,61,19920930,0,,TS,36.6N,32.1W,55,995,,,,,,,,,,,,
AL,BONNIE,1992,5,61,19920930,600,,TS,37.3N,29.4W,55,995,,,,,,,,,,,,
AL,BONNIE,1992,5,61,19920930,1200,,TS,38.4N,26.4W,50,997,,,,,,,,,,,,
AL,BONNIE,1992,5,61,19920930,1800,,TS,39.0N,24.2W,40,1002,,,,,,,,,,,,
AL,BONNIE,1992,5,61,19921001,0,,EX,39.0N,22.8W,40,1004,,,,,,,,,,,,
AL,BONNIE,1992,5,61,19921001,600,,EX,39.0N,21.6W,35,1006,,,,,,,,,,,,
AL,BONNIE,1992,5,61,19921001,1200,,EX,38.5N,21.2W,30,1008,,,,,,,,,,,,
AL,BONNIE,1992,5,61,19921001,1800,,EX,38.2N,21.5W,25,1010,,,,,,,,,,,,
AL,BONNIE,1992,5,61,19921002,0,,EX,38.1N,21.8W,25,1012,,,,,,,,,,,,
AL,BONNIE,1992,5,61,19921002,600,,EX,37.9N,22.2W,25,1014,,,,,,,,,,,,
AL,BONNIE,1992,5,61,19921002,1200,,EX,37.8N,22.7W,20,1015,,,,,,,,,,,,
AL,BONNIE,1992,5,61,19921002,1800,,EX,38.0N,24.0W,20,1017,,,,,,,,,,,,
AL,CHARLEY,1992,6,30,19920921,1800,,TD,30.0N,33.0W,25,1012,,,,,,,,,,,,
AL,CHARLEY,1992,6,30,19920922,0,,TD,30.3N,33.6W,30,1011,,,,,,,,,,,,
AL,CHARLEY,1992,6,30,19920922,600,,TD,30.9N,33.8W,30,1009,,,,,,,,,,,,
AL,CHARLEY,1992,6,30,19920922,1200,,TS,31.6N,34.0W,35,1005,,,,,,,,,,,,
AL,CHARLEY,1992,6,30,19920922,1800,,TS,32.5N,34.0W,45,1000,,,,,,,,,,,,
AL,CHARLEY,1992,6,30,19920923,0,,TS,33.4N,34.2W,55,995,,,,,,,,,,,,
AL,CHARLEY,1992,6,30,19920923,600,,TS,34.1N,34.4W,60,991,,,,,,,,,,,,
AL,CHARLEY,1992,6,30,19920923,1200,,HU,34.7N,34.5W,65,987,,,,,,,,,,,,
AL,CHARLEY,1992,6,30,19920923,1800,,HU,35.2N,34.6W,75,981,,,,,,,,,,,,
AL,CHARLEY,1992,6,30,19920924,0,,HU,35.6N,34.6W,85,975,,,,,,,,,,,,
AL,CHARLEY,1992,6,30,19920924,600,,HU,35.8N,34.5W,90,970,,,,,,,,,,,,
AL,CHARLEY,1992,6,30,19920924,1200,,HU,36.0N,34.3W,90,967,,,,,,,,,,,,
AL,CHARLEY,1992,6,30,19920924,1800,,HU,36.1N,34.1W,95,965,,,,,,,,,,,,
AL,CHARLEY,1992,6,30,19920925,0,,HU,36.1N,33.8W,95,967,,,,,,,,,,,,
AL,CHARLEY,1992,6,30,19920925,600,,HU,36.0N,33.6W,90,970,,,,,,,,,,,,
AL,CHARLEY,1992,6,30,19920925,1200,,HU,35.9N,33.4W,85,973,,,,,,,,,,,,
AL,CHARLEY,1992,6,30,19920925,1800,,HU,35.9N,33.2W,75,976,,,,,,,,,,,,
AL,CHARLEY,1992,6,30,19920926,0,,HU,35.9N,32.8W,70,979,,,,,,,,,,,,
AL,CHARLEY,1992,6,30,19920926,600,,HU,36.1N,32.3W,65,980,,,,,,,,,,,,
AL,CHARLEY,1992,6,30,19920926,1200,,HU,36.3N,31.5W,65,980,,,,,,,,,,,,
AL,CHARLEY,1992,6,30,19920926,1800,,HU,36.6N,30.6W,65,980,,,,,,,,,,,,
AL,CHARLEY,1992,6,30,19920927,0,,TS,37.2N,29.4W,60,980,,,,,,,,,,,,
AL,CHARLEY,1992,6,30,19920927,600,,TS,38.0N,28.0W,55,980,,,,,,,,,,,,
AL,CHARLEY,1992,6,30,19920927,1200,,TS,39.0N,26.3W,55,981,,,,,,,,,,,,
AL,CHARLEY,1992,6,30,19920927,1800,,EX,40.4N,24.4W,50,983,,,,,,,,,,,,
AL,CHARLEY,1992,6,30,19920928,0,,EX,42.0N,22.3W,45,985,,,,,,,,,,,,
AL,CHARLEY,1992,6,30,19920928,600,,EX,43.5N,20.2W,40,988,,,,,,,,,,,,
AL,CHARLEY,1992,6,30,19920928,1200,,EX,45.2N,18.3W,40,990,,,,,,,,,,,,
AL,CHARLEY,1992,6,30,19920928,1800,,EX,47.1N,15.9W,40,985,,,,,,,,,,,,
AL,CHARLEY,1992,6,30,19920929,0,,EX,49.5N,13.5W,45,980,,,,,,,,,,,,
AL,DANIELLE,1992,7,18,19920922,1200,,TD,32.5N,74.6W,30,1009,,,,,,,,,,,,
AL,DANIELLE,1992,7,18,19920922,1800,,TS,32.8N,74.2W,45,1006,,,,,,,,,,,,
AL,DANIELLE,1992,7,18,19920923,0,,TS,33.6N,73.8W,45,1005,,,,,,,,,,,,
AL,DANIELLE,1992,7,18,19920923,600,,TS,34.1N,73.5W,45,1005,,,,,,,,,,,,
AL,DANIELLE,1992,7,18,19920923,1200,,TS,34.3N,73.2W,40,1005,,,,,,,,,,,,
AL,DANIELLE,1992,7,18,19920923,1800,,TS,34.3N,73.1W,40,1006,,,,,,,,,,,,
AL,DANIELLE,1992,7,18,19920924,0,,TS,34.0N,73.0W,40,1006,,,,,,,,,,,,
AL,DANIELLE,1992,7,18,19920924,600,,TS,33.8N,73.1W,40,1005,,,,,,,,,,,,
AL,DANIELLE,1992,7,18,19920924,1200,,TS,33.9N,73.3W,40,1005,,,,,,,,,,,,
AL,DANIELLE,1992,7,18,19920924,1800,,TS,34.1N,73.8W,40,1005,,,,,,,,,,,,
AL,DANIELLE,1992,7,18,19920925,0,,TS,34.3N,74.3W,45,1004,,,,,,,,,,,,
AL,DANIELLE,1992,7,18,19920925,600,,TS,34.9N,74.8W,45,1004,,,,,,,,,,,,
AL,DANIELLE,1992,7,18,19920925,1200,,TS,35.9N,75.2W,55,1001,,,,,,,,,,,,
AL,DANIELLE,1992,7,18,19920925,1800,,TS,37.0N,75.4W,55,1007,,,,,,,,,,,,
AL,DANIELLE,1992,7,18,19920925,2200,L,TS,37.8N,75.5W,55,1007,,,,,,,,,,,,
AL,DANIELLE,1992,7,18,19920926,0,,TS,38.3N,75.6W,40,1008,,,,,,,,,,,,
AL,DANIELLE,1992,7,18,19920926,600,,TS,39.6N,75.9W,35,1010,,,,,,,,,,,,
AL,DANIELLE,1992,7,18,19920926,1200,,TD,40.5N,76.5W,25,1014,,,,,,,,,,,,
AL,UNNAMED,1992,8,25,19920925,1200,,TD,11.0N,34.7W,25,1012,,,,,,,,,,,,
AL,UNNAMED,1992,8,25,19920925,1800,,TD,11.1N,36.2W,30,1011,,,,,,,,,,,,
AL,UNNAMED,1992,8,25,19920926,0,,TD,11.2N,37.7W,30,1011,,,,,,,,,,,,
AL,UNNAMED,1992,8,25,19920926,600,,TD,11.5N,39.2W,25,1012,,,,,,,,,,,,
AL,UNNAMED,1992,8,25,19920926,1200,,TD,11.8N,40.7W,25,1013,,,,,,,,,,,,
AL,UNNAMED,1992,8,25,19920926,1800,,TD,12.3N,41.9W,25,1012,,,,,,,,,,,,
AL,UNNAMED,1992,8,25,19920927,0,,TD,12.8N,43.1W,30,1011,,,,,,,,,,,,
AL,UNNAMED,1992,8,25,19920927,600,,TD,13.4N,44.2W,30,1010,,,,,,,,,,,,
AL,UNNAMED,1992,8,25,19920927,1200,,TD,14.1N,45.1W,30,1009,,,,,,,,,,,,
AL,UNNAMED,1992,8,25,19920927,1800,,TD,14.7N,45.8W,30,1010,,,,,,,,,,,,
AL,UNNAMED,1992,8,25,19920928,0,,TD,15.4N,46.4W,30,1011,,,,,,,,,,,,
AL,UNNAMED,1992,8,25,19920928,600,,TD,16.2N,46.9W,25,1012,,,,,,,,,,,,
AL,UNNAMED,1992,8,25,19920928,1200,,TD,17.2N,46.9W,25,1013,,,,,,,,,,,,
AL,UNNAMED,1992,8,25,19920928,1800,,TD,18.0N,46.5W,25,1012,,,,,,,,,,,,
AL,UNNAMED,1992,8,25,19920929,0,,TD,18.6N,46.2W,30,1011,,,,,,,,,,,,
AL,UNNAMED,1992,8,25,19920929,600,,TD,19.2N,45.9W,30,1010,,,,,,,,,,,,
AL,UNNAMED,1992,8,25,19920929,1200,,TD,19.8N,45.6W,30,1009,,,,,,,,,,,,
AL,UNNAMED,1992,8,25,19920929,1800,,TD,20.5N,45.4W,30,1010,,,,,,,,,,,,
AL,UNNAMED,1992,8,25,19920930,0,,TD,21.5N,45.3W,30,1009,,,,,,,,,,,,
AL,UNNAMED,1992,8,25,19920930,600,,TD,22.5N,45.2W,30,1008,,,,,,,,,,,,
AL,UNNAMED,1992,8,25,19920930,1200,,TD,23.5N,44.8W,30,1009,,,,,,,,,,,,
AL,UNNAMED,1992,8,25,19920930,1800,,TD,24.4N,44.4W,30,1010,,,,,,,,,,,,
AL,UNNAMED,1992,8,25,19921001,0,,TD,25.4N,43.9W,30,1011,,,,,,,,,,,,
AL,UNNAMED,1992,8,25,19921001,600,,TD,26.4N,43.2W,25,1012,,,,,,,,,,,,
AL,UNNAMED,1992,8,25,19921001,1200,,TD,27.6N,42.3W,20,1015,,,,,,,,,,,,
AL,EARL,1992,9,29,19920926,1800,,TD,26.2N,69.1W,25,1009,,,,,,,,,,,,
AL,EARL,1992,9,29,19920927,0,,TD,25.8N,70.8W,25,1008,,,,,,,,,,,,
AL,EARL,1992,9,29,19920927,600,,TD,26.3N,72.3W,25,1007,,,,,,,,,,,,
AL,EARL,1992,9,29,19920927,1200,,TD,27.0N,73.9W,30,1006,,,,,,,,,,,,
AL,EARL,1992,9,29,19920927,1800,,TD,27.7N,75.5W,30,1003,,,,,,,,,,,,
AL,EARL,1992,9,29,19920928,0,,TD,28.0N,76.6W,30,1004,,,,,,,,,,,,
AL,EARL,1992,9,29,19920928,600,,TD,28.3N,77.7W,30,1004,,,,,,,,,,,,
AL,EARL,1992,9,29,19920928,1200,,TD,28.6N,78.6W,30,1004,,,,,,,,,,,,
AL,EARL,1992,9,29,19920928,1800,,TD,28.9N,79.2W,30,1004,,,,,,,,,,,,
AL,EARL,1992,9,29,19920929,0,,TD,29.2N,79.4W,30,1004,,,,,,,,,,,,
AL,EARL,1992,9,29,19920929,600,,TD,29.4N,79.5W,30,1003,,,,,,,,,,,,
AL,EARL,1992,9,29,19920929,1200,,TS,29.7N,79.3W,35,1003,,,,,,,,,,,,
AL,EARL,1992,9,29,19920929,1800,,TS,29.8N,79.1W,40,1003,,,,,,,,,,,,
AL,EARL,1992,9,29,19920930,0,,TS,29.9N,78.8W,40,1002,,,,,,,,,,,,
AL,EARL,1992,9,29,19920930,600,,TS,30.0N,78.1W,40,1000,,,,,,,,,,,,
AL,EARL,1992,9,29,19920930,1200,,TS,30.1N,77.1W,45,999,,,,,,,,,,,,
AL,EARL,1992,9,29,19920930,1800,,TS,29.9N,75.8W,50,997,,,,,,,,,,,,
AL,EARL,1992,9,29,19921001,0,,TS,29.7N,74.4W,50,996,,,,,,,,,,,,
AL,EARL,1992,9,29,19921001,600,,TS,29.3N,73.0W,50,997,,,,,,,,,,,,
AL,EARL,1992,9,29,19921001,1200,,TS,28.9N,71.6W,50,998,,,,,,,,,,,,
AL,EARL,1992,9,29,19921001,1800,,TS,28.4N,70.3W,55,996,,,,,,,,,,,,
AL,EARL,1992,9,29,19921002,0,,TS,28.0N,69.0W,55,990,,,,,,,,,,,,
AL,EARL,1992,9,29,19921002,600,,TS,27.6N,68.0W,50,992,,,,,,,,,,,,
AL,EARL,1992,9,29,19921002,1200,,TS,27.5N,67.0W,45,1000,,,,,,,,,,,,
AL,EARL,1992,9,29,19921002,1800,,TS,27.4N,66.1W,40,1003,,,,,,,,,,,,
AL,EARL,1992,9,29,19921003,0,,TS,27.5N,65.2W,35,1005,,,,,,,,,,,,
AL,EARL,1992,9,29,19921003,600,,TS,27.8N,64.5W,35,1007,,,,,,,,,,,,
AL,EARL,1992,9,29,19921003,1200,,TD,28.2N,63.7W,30,1008,,,,,,,,,,,,
AL,EARL,1992,9,29,19921003,1800,,EX,28.4N,62.9W,30,1008,,,,,,,,,,,,
AL,FRANCES,1992,10,31,19921022,1200,,EX,26.3N,60.8W,30,1009,,,,,,,,,,,,
AL,FRANCES,1992,10,31,19921022,1800,,EX,26.6N,61.2W,40,1004,,,,,,,,,,,,
AL,FRANCES,1992,10,31,19921023,0,,EX,27.1N,61.4W,50,996,,,,,,,,,,,,
AL,FRANCES,1992,10,31,19921023,600,,TS,27.7N,61.4W,55,992,,,,,,,,,,,,
AL,FRANCES,1992,10,31,19921023,1200,,TS,28.3N,61.3W,60,990,,,,,,,,,,,,
AL,FRANCES,1992,10,31,19921023,1800,,HU,28.7N,61.1W,65,986,,,,,,,,,,,,
AL,FRANCES,1992,10,31,19921024,0,,HU,29.0N,60.6W,65,978,,,,,,,,,,,,
AL,FRANCES,1992,10,31,19921024,600,,HU,29.6N,59.9W,70,977,,,,,,,,,,,,
AL,FRANCES,1992,10,31,19921024,1200,,HU,30.6N,58.8W,75,976,,,,,,,,,,,,
AL,FRANCES,1992,10,31,19921024,1800,,HU,32.1N,57.4W,75,976,,,,,,,,,,,,
AL,FRANCES,1992,10,31,19921025,0,,HU,33.8N,56.2W,70,978,,,,,,,,,,,,
AL,FRANCES,1992,10,31,19921025,600,,HU,35.7N,54.9W,65,980,,,,,,,,,,,,
AL,FRANCES,1992,10,31,19921025,1200,,HU,37.7N,53.7W,65,982,,,,,,,,,,,,
AL,FRANCES,1992,10,31,19921025,1800,,TS,39.6N,52.7W,60,983,,,,,,,,,,,,
AL,FRANCES,1992,10,31,19921026,0,,TS,41.4N,51.7W,60,985,,,,,,,,,,,,
AL,FRANCES,1992,10,31,19921026,600,,TS,43.2N,50.2W,60,986,,,,,,,,,,,,
AL,FRANCES,1992,10,31,19921026,1200,,TS,44.8N,48.6W,60,987,,,,,,,,,,,,
AL,FRANCES,1992,10,31,19921026,1800,,TS,46.0N,46.9W,55,988,,,,,,,,,,,,
AL,FRANCES,1992,10,31,19921027,0,,TS,47.0N,44.9W,55,989,,,,,,,,,,,,
AL,FRANCES,1992,10,31,19921027,600,,EX,47.6N,42.7W,50,992,,,,,,,,,,,,
AL,FRANCES,1992,10,31,19921027,1200,,EX,48.0N,40.0W,45,994,,,,,,,,,,,,
AL,FRANCES,1992,10,31,19921027,1800,,EX,48.0N,37.0W,40,998,,,,,,,,,,,,
AL,FRANCES,1992,10,31,19921028,0,,EX,48.0N,34.0W,40,1002,,,,,,,,,,,,
AL,FRANCES,1992,10,31,19921028,600,,EX,47.5N,31.0W,35,1004,,,,,,,,,,,,
AL,FRANCES,1992,10,31,19921028,1200,,EX,47.0N,27.5W,35,1002,,,,,,,,,,,,
AL,FRANCES,1992,10,31,19921028,1800,,EX,46.0N,24.0W,35,999,,,,,,,,,,,,
AL,FRANCES,1992,10,31,19921029,0,,EX,45.0N,20.0W,40,999,,,,,,,,,,,,
AL,FRANCES,1992,10,31,19921029,600,,EX,44.0N,16.0W,35,1001,,,,,,,,,,,,
AL,FRANCES,1992,10,31,19921029,1200,,EX,43.5N,12.0W,35,1002,,,,,,,,,,,,
AL,FRANCES,1992,10,31,19921029,1800,,EX,43.0N,9.0W,30,1003,,,,,,,,,,,,
AL,FRANCES,1992,10,31,19921030,0,,EX,43.0N,7.0W,30,1002,,,,,,,,,,,,
AL,UNNAMED,1993,1,11,19930531,1200,,TD,21.5N,84.0W,25,1003,,,,,,,,,,,,
AL,UNNAMED,1993,1,11,19930531,1800,,TD,22.3N,82.0W,25,1002,,,,,,,,,,,,
AL,UNNAMED,1993,1,11,19930601,0,,TD,23.2N,80.3W,25,1000,,,,,,,,,,,,
AL,UNNAMED,1993,1,11,19930601,600,,TD,24.5N,79.0W,25,1000,,,,,,,,,,,,
AL,UNNAMED,1993,1,11,19930601,1200,,TD,25.4N,77.5W,30,999,,,,,,,,,,,,
AL,UNNAMED,1993,1,11,19930601,1800,,TD,26.1N,75.8W,30,999,,,,,,,,,,,,
AL,UNNAMED,1993,1,11,19930602,0,,TD,26.7N,74.0W,30,999,,,,,,,,,,,,
AL,UNNAMED,1993,1,11,19930602,600,,TD,27.8N,71.8W,30,999,,,,,,,,,,,,
AL,UNNAMED,1993,1,11,19930602,1200,,EX,28.4N,69.9W,35,999,,,,,,,,,,,,
AL,UNNAMED,1993,1,11,19930602,1800,,EX,28.5N,67.8W,35,1000,,,,,,,,,,,,
AL,UNNAMED,1993,1,11,19930603,0,,EX,28.8N,65.3W,35,1000,,,,,,,,,,,,
AL,ARLENE,1993,2,15,19930618,0,,TD,20.5N,91.9W,25,1006,,,,,,,,,,,,
AL,ARLENE,1993,2,15,19930618,600,,TD,20.8N,92.3W,25,1005,,,,,,,,,,,,
AL,ARLENE,1993,2,15,19930618,1200,,TD,21.1N,92.8W,25,1005,,,,,,,,,,,,
AL,ARLENE,1993,2,15,19930618,1800,,TD,21.7N,93.1W,30,1005,,,,,,,,,,,,
AL,ARLENE,1993,2,15,19930619,0,,TD,22.6N,93.4W,30,1006,,,,,,,,,,,,
AL,ARLENE,1993,2,15,19930619,600,,TD,23.8N,94.1W,30,1006,,,,,,,,,,,,
AL,ARLENE,1993,2,15,19930619,1200,,TS,25.9N,95.9W,35,1000,,,,,,,,,,,,
AL,ARLENE,1993,2,15,19930619,1800,,TS,26.0N,96.3W,35,1000,,,,,,,,,,,,
AL,ARLENE,1993,2,15,19930620,0,,TS,26.3N,96.7W,35,1000,,,,,,,,,,,,
AL,ARLENE,1993,2,15,19930620,600,,TS,27.0N,97.2W,35,1001,,,,,,,,,,,,
AL,ARLENE,1993,2,15,19930620,900,L,TS,27.1N,97.4W,35,1001,,,,,,,,,,,,
AL,ARLENE,1993,2,15,19930620,1200,,TD,27.2N,97.8W,30,1002,,,,,,,,,,,,
AL,ARLENE,1993,2,15,19930620,1800,,TD,27.2N,97.9W,30,1003,,,,,,,,,,,,
AL,ARLENE,1993,2,15,19930621,0,,TD,27.1N,98.1W,30,1004,,,,,,,,,,,,
AL,ARLENE,1993,2,15,19930621,600,,TD,27.1N,98.3W,25,1006,,,,,,,,,,,,
AL,BRET,1993,3,33,19930804,1200,,TD,10.4N,40.3W,30,1010,,,,,,,,,,,,
AL,BRET,1993,3,33,19930804,1800,,TD,10.4N,41.7W,30,1009,,,,,,,,,,,,
AL,BRET,1993,3,33,19930805,0,,TS,10.4N,43.4W,35,1008,,,,,,,,,,,,
AL,BRET,1993,3,33,19930805,600,,TS,10.3N,45.3W,40,1007,,,,,,,,,,,,
AL,BRET,1993,3,33,19930805,1200,,TS,10.3N,47.3W,45,1006,,,,,,,,,,,,
AL,BRET,1993,3,33,19930805,1800,,TS,10.3N,49.2W,45,1006,,,,,,,,,,,,
AL,BRET,1993,3,33,19930806,0,,TS,10.2N,51.0W,45,1006,,,,,,,,,,,,
AL,BRET,1993,3,33,19930806,600,,TS,10.1N,52.9W,50,1005,,,,,,,,,,,,
AL,BRET,1993,3,33,19930806,1200,,TS,10.0N,54.9W,50,1005,,,,,,,,,,,,
AL,BRET,1993,3,33,19930806,1800,,TS,10.1N,56.8W,50,1003,,,,,,,,,,,,
AL,BRET,1993,3,33,19930807,0,,TS,10.4N,58.6W,50,1002,,,,,,,,,,,,
AL,BRET,1993,3,33,19930807,600,,TS,10.7N,60.5W,50,1002,,,,,,,,,,,,
AL,BRET,1993,3,33,19930807,700,L,TS,10.8N,60.8W,50,1002,,,,,,,,,,,,
AL,BRET,1993,3,33,19930807,1000,L,TS,10.8N,61.8W,50,1002,,,,,,,,,,,,
AL,BRET,1993,3,33,19930807,1200,,TS,10.8N,62.4W,50,1002,,,,,,,,,,,,
AL,BRET,1993,3,33,19930807,1800,,TS,10.8N,64.1W,45,1006,,,,,,,,,,,,
AL,BRET,1993,3,33,19930808,0,,TS,10.8N,65.7W,40,1008,,,,,,,,,,,,
AL,BRET,1993,3,33,19930808,600,,TS,11.0N,67.6W,40,1007,,,,,,,,,,,,
AL,BRET,1993,3,33,19930808,800,L,TS,11.0N,68.3W,40,1007,,,,,,,,,,,,
AL,BRET,1993,3,33,19930808,1200,,TS,11.0N,69.7W,40,1007,,,,,,,,,,,,
AL,BRET,1993,3,33,19930808,1800,,TS,11.0N,71.8W,40,1007,,,,,,,,,,,,
AL,BRET,1993,3,33,19930809,0,,TS,10.9N,73.8W,40,1006,,,,,,,,,,,,
AL,BRET,1993,3,33,19930809,600,,TS,10.7N,75.8W,35,1005,,,,,,,,,,,,
AL,BRET,1993,3,33,19930809,1200,,TD,10.7N,77.8W,30,1004,,,,,,,,,,,,
AL,BRET,1993,3,33,19930809,1800,,TD,10.7N,79.2W,30,1005,,,,,,,,,,,,
AL,BRET,1993,3,33,19930810,0,,TD,10.8N,80.3W,30,1004,,,,,,,,,,,,
AL,BRET,1993,3,33,19930810,600,,TS,11.0N,81.4W,35,1003,,,,,,,,,,,,
AL,BRET,1993,3,33,19930810,1200,,TS,11.1N,82.6W,40,1002,,,,,,,,,,,,
AL,BRET,1993,3,33,19930810,1700,L,TS,11.1N,83.8W,40,1002,,,,,,,,,,,,
AL,BRET,1993,3,33,19930810,1800,,TS,11.1N,84.0W,35,1004,,,,,,,,,,,,
AL,BRET,1993,3,33,19930811,0,,TD,11.4N,85.0W,25,1007,,,,,,,,,,,,
AL,BRET,1993,3,33,19930811,600,,TD,11.7N,85.8W,20,1009,,,,,,,,,,,,
AL,BRET,1993,3,33,19930811,1200,,TD,12.2N,86.8W,20,1010,,,,,,,,,,,,
AL,CINDY,1993,4,12,19930814,1200,,TD,14.1N,59.5W,30,1012,,,,,,,,,,,,
AL,CINDY,1993,4,12,19930814,1800,L,TS,14.5N,60.9W,35,1012,,,,,,,,,,,,
AL,CINDY,1993,4,12,19930815,0,,TS,14.9N,62.2W,35,1011,,,,,,,,,,,,
AL,CINDY,1993,4,12,19930815,600,,TS,15.2N,63.5W,35,1011,,,,,,,,,,,,
AL,CINDY,1993,4,12,19930815,1200,,TS,15.4N,64.8W,35,1013,,,,,,,,,,,,
AL,CINDY,1993,4,12,19930815,1800,,TS,15.8N,66.0W,35,1012,,,,,,,,,,,,
AL,CINDY,1993,4,12,19930816,0,,TS,16.4N,66.9W,35,1010,,,,,,,,,,,,
AL,CINDY,1993,4,12,19930816,600,,TS,17.0N,68.0W,35,1008,,,,,,,,,,,,
AL,CINDY,1993,4,12,19930816,1200,,TS,17.3N,69.3W,40,1007,,,,,,,,,,,,
AL,CINDY,1993,4,12,19930816,1800,,TS,17.9N,70.6W,35,1008,,,,,,,,,,,,
AL,CINDY,1993,4,12,19930816,2100,L,TD,18.3N,71.0W,30,1009,,,,,,,,,,,,
AL,CINDY,1993,4,12,19930817,0,,TD,18.8N,71.3W,30,1010,,,,,,,,,,,,
AL,EMILY,1993,5,61,19930822,1800,,TD,19.9N,52.6W,30,1020,,,,,,,,,,,,
AL,EMILY,1993,5,61,19930823,0,,TD,20.5N,53.6W,30,1020,,,,,,,,,,,,
AL,EMILY,1993,5,61,19930823,600,,TD,21.3N,54.8W,30,1020,,,,,,,,,,,,
AL,EMILY,1993,5,61,19930823,1200,,TD,22.3N,56.0W,30,1020,,,,,,,,,,,,
AL,EMILY,1993,5,61,19930823,1800,,TD,23.2N,57.1W,30,1020,,,,,,,,,,,,
AL,EMILY,1993,5,61,19930824,0,,TD,24.3N,57.8W,30,1020,,,,,,,,,,,,
AL,EMILY,1993,5,61,19930824,600,,TD,25.4N,58.6W,30,1020,,,,,,,,,,,,
AL,EMILY,1993,5,61,19930824,1200,,TD,26.7N,59.5W,30,1020,,,,,,,,,,,,
AL,EMILY,1993,5,61,19930824,1800,,TD,27.6N,60.0W,30,1019,,,,,,,,,,,,
AL,EMILY,1993,5,61,19930825,0,,TD,28.0N,60.3W,30,1018,,,,,,,,,,,,
AL,EMILY,1993,5,61,19930825,600,,TD,27.9N,60.5W,30,1017,,,,,,,,,,,,
AL,EMILY,1993,5,61,19930825,1200,,TS,28.0N,60.4W,35,1016,,,,,,,,,,,,
AL,EMILY,1993,5,61,19930825,1800,,TS,28.2N,60.4W,40,1015,,,,,,,,,,,,
AL,EMILY,1993,5,61,19930826,0,,TS,28.3N,60.7W,45,1013,,,,,,,,,,,,
AL,EMILY,1993,5,61,19930826,600,,TS,27.9N,61.0W,55,1010,,,,,,,,,,,,
AL,EMILY,1993,5,61,19930826,1200,,TS,27.4N,61.2W,60,1007,,,,,,,,,,,,
AL,EMILY,1993,5,61,19930826,1800,,HU,26.9N,61.7W,65,1004,,,,,,,,,,,,
AL,EMILY,1993,5,61,19930827,0,,TS,26.6N,62.4W,60,1000,,,,,,,,,,,,
AL,EMILY,1993,5,61,19930827,600,,TS,26.4N,63.0W,60,997,,,,,,,,,,,,
AL,EMILY,1993,5,61,19930827,1200,,TS,26.3N,63.5W,60,992,,,,,,,,,,,,
AL,EMILY,1993,5,61,19930827,1800,,HU,26.4N,64.4W,65,982,,,,,,,,,,,,
AL,EMILY,1993,5,61,19930828,0,,HU,26.6N,65.2W,75,981,,,,,,,,,,,,
AL,EMILY,1993,5,61,19930828,600,,HU,27.0N,66.1W,75,982,,,,,,,,,,,,
AL,EMILY,1993,5,61,19930828,1200,,HU,27.4N,66.9W,75,981,,,,,,,,,,,,
AL,EMILY,1993,5,61,19930828,1800,,HU,28.0N,67.6W,75,976,,,,,,,,,,,,
AL,EMILY,1993,5,61,19930829,0,,HU,28.6N,68.2W,70,973,,,,,,,,,,,,
AL,EMILY,1993,5,61,19930829,600,,HU,29.3N,68.8W,70,978,,,,,,,,,,,,
AL,EMILY,1993,5,61,19930829,1200,,HU,30.0N,69.2W,70,979,,,,,,,,,,,,
AL,EMILY,1993,5,61,19930829,1800,,HU,30.6N,69.7W,70,978,,,,,,,,,,,,
AL,EMILY,1993,5,61,19930830,0,,HU,31.2N,70.2W,70,977,,,,,,,,,,,,
AL,EMILY,1993,5,61,19930830,600,,HU,31.5N,70.8W,70,976,,,,,,,,,,,,
AL,EMILY,1993,5,61,19930830,1200,,HU,31.8N,71.4W,75,975,,,,,,,,,,,,
AL,EMILY,1993,5,61,19930830,1800,,HU,32.0N,72.2W,75,974,,,,,,,,,,,,
AL,EMILY,1993,5,61,19930831,0,,HU,32.4N,73.0W,80,972,,,,,,,,,,,,
AL,EMILY,1993,5,61,19930831,600,,HU,32.9N,73.8W,85,970,,,,,,,,,,,,
AL,EMILY,1993,5,61,19930831,1200,,HU,33.6N,74.7W,95,965,,,,,,,,,,,,
AL,EMILY,1993,5,61,19930831,1800,,HU,34.5N,75.2W,100,962,,,,,,,,,,,,
AL,EMILY,1993,5,61,19930831,2100,C,HU,35.2N,75.1W,100,961,,,,,,,,,,,,
AL,EMILY,1993,5,61,19930901,0,,HU,35.6N,74.9W,100,960,,,,,,,,,,,,
AL,EMILY,1993,5,61,19930901,600,,HU,36.6N,74.4W,100,962,,,,,,,,,,,,
AL,EMILY,1993,5,61,19930901,1200,,HU,37.5N,72.7W,95,965,,,,,,,,,,,,
AL,EMILY,1993,5,61,19930901,1800,,HU,38.2N,70.7W,90,969,,,,,,,,,,,,
AL,EMILY,1993,5,61,19930902,0,,HU,39.0N,68.5W,90,971,,,,,,,,,,,,
AL,EMILY,1993,5,61,19930902,600,,HU,39.2N,66.0W,90,972,,,,,,,,,,,,
AL,EMILY,1993,5,61,19930902,1200,,HU,39.2N,63.6W,90,973,,,,,,,,,,,,
AL,EMILY,1993,5,61,19930902,1800,,HU,39.0N,61.4W,85,974,,,,,,,,,,,,
AL,EMILY,1993,5,61,19930903,0,,HU,38.6N,59.6W,80,975,,,,,,,,,,,,
AL,EMILY,1993,5,61,19930903,600,,HU,38.1N,58.3W,75,979,,,,,,,,,,,,
AL,EMILY,1993,5,61,19930903,1200,,HU,37.5N,57.7W,70,985,,,,,,,,,,,,
AL,EMILY,1993,5,61,19930903,1800,,TS,36.9N,57.5W,60,994,,,,,,,,,,,,
AL,EMILY,1993,5,61,19930904,0,,TS,36.4N,57.6W,50,999,,,,,,,,,,,,
AL,EMILY,1993,5,61,19930904,600,,TS,36.0N,57.6W,40,1002,,,,,,,,,,,,
AL,EMILY,1993,5,61,19930904,1200,,TS,35.8N,57.5W,35,1001,,,,,,,,,,,,
AL,EMILY,1993,5,61,19930904,1800,,TD,36.1N,57.2W,30,1006,,,,,,,,,,,,
AL,EMILY,1993,5,61,19930905,0,,TD,36.7N,56.9W,30,1008,,,,,,,,,,,,
AL,EMILY,1993,5,61,19930905,600,,TD,37.4N,56.4W,30,1009,,,,,,,,,,,,
AL,EMILY,1993,5,61,19930905,1200,,TD,38.0N,55.7W,25,1010,,,,,,,,,,,,
AL,EMILY,1993,5,61,19930905,1800,,TD,38.7N,54.8W,25,1011,,,,,,,,,,,,
AL,EMILY,1993,5,61,19930906,0,,TD,39.0N,53.0W,25,1012,,,,,,,,,,,,
AL,EMILY,1993,5,61,19930906,600,,TD,39.3N,51.1W,25,1013,,,,,,,,,,,,
AL,EMILY,1993,5,61,19930906,1200,,EX,39.8N,49.4W,25,1014,,,,,,,,,,,,
AL,DENNIS,1993,6,21,19930823,1200,,TD,13.6N,30.8W,25,1010,,,,,,,,,,,,
AL,DENNIS,1993,6,21,19930823,1800,,TD,13.9N,31.3W,30,1009,,,,,,,,,,,,
AL,DENNIS,1993,6,21,19930824,0,,TD,14.5N,32.3W,30,1007,,,,,,,,,,,,
AL,DENNIS,1993,6,21,19930824,600,,TD,15.0N,33.2W,30,1005,,,,,,,,,,,,
AL,DENNIS,1993,6,21,19930824,1200,,TS,15.4N,34.0W,35,1003,,,,,,,,,,,,
AL,DENNIS,1993,6,21,19930824,1800,,TS,15.8N,34.9W,40,1002,,,,,,,,,,,,
AL,DENNIS,1993,6,21,19930825,0,,TS,16.4N,35.8W,45,1000,,,,,,,,,,,,
AL,DENNIS,1993,6,21,19930825,600,,TS,16.9N,36.6W,45,1000,,,,,,,,,,,,
AL,DENNIS,1993,6,21,19930825,1200,,TS,17.4N,37.6W,45,1000,,,,,,,,,,,,
AL,DENNIS,1993,6,21,19930825,1800,,TS,18.0N,38.7W,45,1000,,,,,,,,,,,,
AL,DENNIS,1993,6,21,19930826,0,,TS,18.7N,39.7W,45,1000,,,,,,,,,,,,
AL,DENNIS,1993,6,21,19930826,600,,TS,19.4N,40.7W,45,1000,,,,,,,,,,,,
AL,DENNIS,1993,6,21,19930826,1200,,TS,20.0N,41.4W,45,1000,,,,,,,,,,,,
AL,DENNIS,1993,6,21,19930826,1800,,TS,20.6N,42.1W,40,1001,,,,,,,,,,,,
AL,DENNIS,1993,6,21,19930827,0,,TS,21.3N,42.5W,40,1002,,,,,,,,,,,,
AL,DENNIS,1993,6,21,19930827,600,,TS,22.1N,42.7W,35,1005,,,,,,,,,,,,
AL,DENNIS,1993,6,21,19930827,1200,,TD,22.5N,43.0W,30,1006,,,,,,,,,,,,
AL,DENNIS,1993,6,21,19930827,1800,,TD,22.8N,43.2W,25,1009,,,,,,,,,,,,
AL,DENNIS,1993,6,21,19930828,0,,TD,22.9N,43.6W,25,1009,,,,,,,,,,,,
AL,DENNIS,1993,6,21,19930828,600,,TD,22.6N,44.0W,25,1009,,,,,,,,,,,,
AL,DENNIS,1993,6,21,19930828,1200,,TD,22.2N,44.5W,25,1010,,,,,,,,,,,,
AL,FLOYD,1993,7,23,19930907,1200,,TD,24.7N,67.5W,25,1012,,,,,,,,,,,,
AL,FLOYD,1993,7,23,19930907,1800,,TS,26.2N,68.2W,40,1010,,,,,,,,,,,,
AL,FLOYD,1993,7,23,19930908,0,,TS,27.8N,68.9W,45,1009,,,,,,,,,,,,
AL,FLOYD,1993,7,23,19930908,600,,TS,29.4N,69.4W,45,1011,,,,,,,,,,,,
AL,FLOYD,1993,7,23,19930908,1200,,TS,31.0N,69.8W,40,1012,,,,,,,,,,,,
AL,FLOYD,1993,7,23,19930908,1800,,TS,33.2N,69.2W,40,1011,,,,,,,,,,,,
AL,FLOYD,1993,7,23,19930909,0,,TS,35.3N,67.8W,40,1009,,,,,,,,,,,,
AL,FLOYD,1993,7,23,19930909,600,,TS,37.5N,65.7W,40,1007,,,,,,,,,,,,
AL,FLOYD,1993,7,23,19930909,1200,,TS,39.3N,62.4W,50,997,,,,,,,,,,,,
AL,FLOYD,1993,7,23,19930909,1800,,HU,41.7N,58.3W,65,990,,,,,,,,,,,,
AL,FLOYD,1993,7,23,19930910,0,,HU,43.8N,53.9W,65,990,,,,,,,,,,,,
AL,FLOYD,1993,7,23,19930910,600,,HU,45.4N,48.3W,65,990,,,,,,,,,,,,
AL,FLOYD,1993,7,23,19930910,1200,,HU,46.5N,42.5W,65,990,,,,,,,,,,,,
AL,FLOYD,1993,7,23,19930910,1800,,EX,47.3N,37.8W,65,990,,,,,,,,,,,,
AL,FLOYD,1993,7,23,19930911,0,,EX,47.5N,32.5W,65,989,,,,,,,,,,,,
AL,FLOYD,1993,7,23,19930911,600,,EX,47.5N,27.0W,65,988,,,,,,,,,,,,
AL,FLOYD,1993,7,23,19930911,1200,,EX,47.5N,22.5W,65,987,,,,,,,,,,,,
AL,FLOYD,1993,7,23,19930911,1800,,EX,47.5N,18.5W,65,986,,,,,,,,,,,,
AL,FLOYD,1993,7,23,19930912,0,,EX,47.5N,14.5W,65,983,,,,,,,,,,,,
AL,FLOYD,1993,7,23,19930912,600,,EX,47.5N,10.5W,65,980,,,,,,,,,,,,
AL,FLOYD,1993,7,23,19930912,1200,,EX,48.0N,7.5W,70,972,,,,,,,,,,,,
AL,FLOYD,1993,7,23,19930912,1800,,EX,48.0N,6.0W,70,966,,,,,,,,,,,,
AL,FLOYD,1993,7,23,19930913,0,,EX,48.0N,5.0W,70,966,,,,,,,,,,,,
AL,GERT,1993,8,30,19930914,1800,,TD,10.6N,80.7W,25,1008,,,,,,,,,,,,
AL,GERT,1993,8,30,19930915,0,,TD,10.7N,81.3W,30,1005,,,,,,,,,,,,
AL,GERT,1993,8,30,19930915,600,,TD,11.0N,82.2W,30,1001,,,,,,,,,,,,
AL,GERT,1993,8,30,19930915,1200,,TS,11.3N,83.0W,35,1001,,,,,,,,,,,,
AL,GERT,1993,8,30,19930915,1800,L,TS,11.8N,83.8W,35,1005,,,,,,,,,,,,
AL,GERT,1993,8,30,19930916,0,,TD,12.1N,84.3W,30,1006,,,,,,,,,,,,
AL,GERT,1993,8,30,19930916,600,,TD,12.5N,84.9W,30,1006,,,,,,,,,,,,
AL,GERT,1993,8,30,19930916,1200,,TD,12.9N,85.4W,30,1006,,,,,,,,,,,,
AL,GERT,1993,8,30,19930916,1800,,TD,13.3N,85.8W,25,1006,,,,,,,,,,,,
AL,GERT,1993,8,30,19930917,0,,TD,13.8N,86.3W,25,1006,,,,,,,,,,,,
AL,GERT,1993,8,30,19930917,600,,TD,14.5N,86.8W,25,1006,,,,,,,,,,,,
AL,GERT,1993,8,30,19930917,1200,,TD,15.4N,87.3W,25,1006,,,,,,,,,,,,
AL,GERT,1993,8,30,19930917,1800,,TS,16.3N,87.8W,35,1001,,,,,,,,,,,,
AL,GERT,1993,8,30,19930918,0,L,TS,17.3N,88.1W,35,1000,,,,,,,,,,,,
AL,GERT,1993,8,30,19930918,600,,TS,18.2N,88.6W,35,1002,,,,,,,,,,,,
AL,GERT,1993,8,30,19930918,1200,,TD,18.7N,89.3W,30,1003,,,,,,,,,,,,
AL,GERT,1993,8,30,19930918,1800,,TD,19.2N,90.5W,30,1003,,,,,,,,,,,,
AL,GERT,1993,8,30,19930919,0,,TD,19.6N,91.6W,30,1001,,,,,,,,,,,,
AL,GERT,1993,8,30,19930919,600,,TS,20.0N,92.5W,35,1000,,,,,,,,,,,,
AL,GERT,1993,8,30,19930919,1200,,TS,20.5N,93.2W,40,993,,,,,,,,,,,,
AL,GERT,1993,8,30,19930919,1800,,TS,20.7N,93.9W,45,992,,,,,,,,,,,,
AL,GERT,1993,8,30,19930920,0,,TS,20.9N,94.2W,55,990,,,,,,,,,,,,
AL,GERT,1993,8,30,19930920,600,,HU,21.1N,95.0W,65,982,,,,,,,,,,,,
AL,GERT,1993,8,30,19930920,1200,,HU,21.2N,95.9W,80,978,,,,,,,,,,,,
AL,GERT,1993,8,30,19930920,1800,,HU,21.3N,97.0W,85,970,,,,,,,,,,,,
AL,GERT,1993,8,30,19930920,2100,L,HU,21.2N,97.5W,85,970,,,,,,,,,,,,
AL,GERT,1993,8,30,19930921,0,,HU,21.1N,98.3W,65,984,,,,,,,,,,,,
AL,GERT,1993,8,30,19930921,600,,TS,20.9N,100.2W,40,1000,,,,,,,,,,,,
AL,GERT,1993,8,30,19930921,1200,,TD,20.8N,102.5W,25,1002,,,,,,,,,,,,
AL,GERT,1993,8,30,19930921,1800,,TD,20.8N,104.7W,20,1004,,,,,,,,,,,,
AL,HARVEY,1993,9,13,19930918,1800,,TD,26.7N,61.8W,30,1014,,,,,,,,,,,,
AL,HARVEY,1993,9,13,19930919,0,,TD,27.3N,62.0W,30,1013,,,,,,,,,,,,
AL,HARVEY,1993,9,13,19930919,600,,TD,27.9N,62.0W,30,1012,,,,,,,,,,,,
AL,HARVEY,1993,9,13,19930919,1200,,TD,28.5N,61.7W,30,1010,,,,,,,,,,,,
AL,HARVEY,1993,9,13,19930919,1800,,TD,29.3N,61.1W,30,1009,,,,,,,,,,,,
AL,HARVEY,1993,9,13,19930920,0,,TD,30.2N,60.2W,30,1008,,,,,,,,,,,,
AL,HARVEY,1993,9,13,19930920,600,,TS,31.5N,59.0W,35,1005,,,,,,,,,,,,
AL,HARVEY,1993,9,13,19930920,1200,,TS,33.3N,57.4W,50,998,,,,,,,,,,,,
AL,HARVEY,1993,9,13,19930920,1800,,HU,35.6N,55.2W,65,990,,,,,,,,,,,,
AL,HARVEY,1993,9,13,19930921,0,,TS,37.8N,52.5W,60,992,,,,,,,,,,,,
AL,HARVEY,1993,9,13,19930921,600,,TS,39.8N,49.4W,55,994,,,,,,,,,,,,
AL,HARVEY,1993,9,13,19930921,1200,,TS,42.5N,46.5W,50,997,,,,,,,,,,,,
AL,HARVEY,1993,9,13,19930921,1800,,TS,46.0N,42.0W,50,999,,,,,,,,,,,,
AL,UNNAMED,1993,10,5,19930929,1800,,TD,30.0N,63.2W,30,1012,,,,,,,,,,,,
AL,UNNAMED,1993,10,5,19930930,0,,TD,31.7N,63.7W,30,1010,,,,,,,,,,,,
AL,UNNAMED,1993,10,5,19930930,600,,TD,33.8N,64.0W,30,1009,,,,,,,,,,,,
AL,UNNAMED,1993,10,5,19930930,1200,,TD,36.9N,64.0W,30,1008,,,,,,,,,,,,
AL,UNNAMED,1993,10,5,19930930,1800,,TD,39.6N,62.2W,30,1008,,,,,,,,,,,,
AL,ALBERTO,1994,1,32,19940630,600,,TD,21.7N,83.6W,25,1011,,,,,,,,,,,,
AL,ALBERTO,1994,1,32,19940630,1200,,TD,21.6N,84.3W,25,1010,,,,,,,,,,,,
AL,ALBERTO,1994,1,32,19940630,1800,,TD,21.6N,85.2W,30,1008,,,,,,,,,,,,
AL,ALBERTO,1994,1,32,19940701,0,,TD,21.5N,85.6W,30,1008,,,,,,,,,,,,
AL,ALBERTO,1994,1,32,19940701,600,,TD,22.0N,86.1W,30,1008,,,,,,,,,,,,
AL,ALBERTO,1994,1,32,19940701,1200,,TD,22.5N,86.4W,30,1008,,,,,,,,,,,,
AL,ALBERTO,1994,1,32,19940701,1800,,TD,23.0N,86.7W,30,1007,,,,,,,,,,,,
AL,ALBERTO,1994,1,32,19940702,0,,TS,23.7N,87.1W,35,1006,,,,,,,,,,,,
AL,ALBERTO,1994,1,32,19940702,600,,TS,24.4N,87.5W,35,1005,,,,,,,,,,,,
AL,ALBERTO,1994,1,32,19940702,1200,,TS,25.5N,87.5W,40,1003,,,,,,,,,,,,
AL,ALBERTO,1994,1,32,19940702,1800,,TS,26.5N,86.9W,45,1000,,,,,,,,,,,,
AL,ALBERTO,1994,1,32,19940703,0,,TS,27.7N,86.8W,45,998,,,,,,,,,,,,
AL,ALBERTO,1994,1,32,19940703,600,,TS,28.8N,86.8W,50,997,,,,,,,,,,,,
AL,ALBERTO,1994,1,32,19940703,1200,,TS,29.9N,86.7W,55,993,,,,,,,,,,,,
AL,ALBERTO,1994,1,32,19940703,1500,L,TS,30.4N,86.5W,55,993,,,,,,,,,,,,
AL,ALBERTO,1994,1,32,19940703,1800,,TS,30.7N,86.3W,45,1000,,,,,,,,,,,,
AL,ALBERTO,1994,1,32,19940704,0,,TD,31.2N,86.1W,25,1004,,,,,,,,,,,,
AL,ALBERTO,1994,1,32,19940704,600,,TD,31.7N,85.9W,20,1009,,,,,,,,,,,,
AL,ALBERTO,1994,1,32,19940704,1200,,TD,32.3N,85.5W,20,1011,,,,,,,,,,,,
AL,ALBERTO,1994,1,32,19940704,1800,,TD,32.7N,85.2W,20,1014,,,,,,,,,,,,
AL,ALBERTO,1994,1,32,19940705,0,,TD,33.0N,85.0W,20,1014,,,,,,,,,,,,
AL,ALBERTO,1994,1,32,19940705,600,,TD,33.2N,84.9W,20,1013,,,,,,,,,,,,
AL,ALBERTO,1994,1,32,19940705,1200,,TD,33.3N,84.8W,20,1013,,,,,,,,,,,,
AL,ALBERTO,1994,1,32,19940705,1800,,TD,33.5N,84.6W,20,1012,,,,,,,,,,,,
AL,ALBERTO,1994,1,32,19940706,0,,TD,33.4N,84.4W,15,1013,,,,,,,,,,,,
AL,ALBERTO,1994,1,32,19940706,600,,TD,33.3N,84.5W,15,1013,,,,,,,,,,,,
AL,ALBERTO,1994,1,32,19940706,1200,,TD,33.1N,84.8W,15,1013,,,,,,,,,,,,
AL,ALBERTO,1994,1,32,19940706,1800,,TD,32.8N,85.4W,15,1013,,,,,,,,,,,,
AL,ALBERTO,1994,1,32,19940707,0,,TD,32.7N,86.3W,10,1012,,,,,,,,,,,,
AL,ALBERTO,1994,1,32,19940707,600,,TD,32.7N,86.6W,10,1012,,,,,,,,,,,,
AL,ALBERTO,1994,1,32,19940707,1200,,TD,32.8N,86.8W,10,1012,,,,,,,,,,,,
AL,ALBERTO,1994,1,32,19940707,1800,,TD,33.0N,87.0W,10,1013,,,,,,,,,,,,
AL,UNNAMED,1994,2,6,19940720,600,,TD,32.2N,78.9W,25,1017,,,,,,,,,,,,
AL,UNNAMED,1994,2,6,19940720,1200,,TD,33.0N,79.1W,30,1015,,,,,,,,,,,,
AL,UNNAMED,1994,2,6,19940720,1400,L,TD,33.2N,79.2W,30,1015,,,,,,,,,,,,
AL,UNNAMED,1994,2,6,19940720,1800,,TD,33.7N,79.7W,25,1016,,,,,,,,,,,,
AL,UNNAMED,1994,2,6,19940721,0,,TD,34.4N,80.5W,20,1016,,,,,,,,,,,,
AL,UNNAMED,1994,2,6,19940721,600,,TD,35.2N,81.0W,15,1016,,,,,,,,,,,,
AL,BERYL,1994,3,20,19940814,1200,,TD,28.7N,87.2W,20,1013,,,,,,,,,,,,
AL,BERYL,1994,3,20,19940814,1800,,TD,29.4N,87.3W,25,1012,,,,,,,,,,,,
AL,BERYL,1994,3,20,19940815,0,,TD,29.5N,86.3W,25,1009,,,,,,,,,,,,
AL,BERYL,1994,3,20,19940815,600,,TD,29.6N,85.9W,30,1008,,,,,,,,,,,,
AL,BERYL,1994,3,20,19940815,1200,,TS,29.7N,85.6W,35,1007,,,,,,,,,,,,
AL,BERYL,1994,3,20,19940815,1800,,TS,29.9N,85.7W,45,1004,,,,,,,,,,,,
AL,BERYL,1994,3,20,19940816,0,L,TS,30.0N,85.6W,50,1000,,,,,,,,,,,,
AL,BERYL,1994,3,20,19940816,300,I,TS,30.2N,85.4W,50,999,,,,,,,,,,,,
AL,BERYL,1994,3,20,19940816,600,,TS,30.4N,85.3W,50,1003,,,,,,,,,,,,
AL,BERYL,1994,3,20,19940816,1200,,TD,31.3N,85.0W,30,1004,,,,,,,,,,,,
AL,BERYL,1994,3,20,19940816,1800,,TD,32.3N,84.5W,25,1005,,,,,,,,,,,,
AL,BERYL,1994,3,20,19940817,0,,TD,33.3N,83.9W,20,1005,,,,,,,,,,,,
AL,BERYL,1994,3,20,19940817,600,,TD,34.3N,83.5W,15,1006,,,,,,,,,,,,
AL,BERYL,1994,3,20,19940817,1200,,TD,35.5N,82.6W,15,1009,,,,,,,,,,,,
AL,BERYL,1994,3,20,19940817,1800,,TD,37.5N,81.5W,15,1011,,,,,,,,,,,,
AL,BERYL,1994,3,20,19940818,0,,TD,38.5N,79.6W,15,1011,,,,,,,,,,,,
AL,BERYL,1994,3,20,19940818,600,,TD,39.5N,77.5W,15,1011,,,,,,,,,,,,
AL,BERYL,1994,3,20,19940818,1200,,TD,41.2N,76.0W,15,1010,,,,,,,,,,,,
AL,BERYL,1994,3,20,19940818,1800,,TD,41.6N,73.9W,15,1010,,,,,,,,,,,,
AL,BERYL,1994,3,20,19940819,0,,TD,42.0N,72.0W,15,1012,,,,,,,,,,,,
AL,CHRIS,1994,4,30,19940816,1200,,TD,11.3N,39.4W,30,1010,,,,,,,,,,,,
AL,CHRIS,1994,4,30,19940816,1800,,TD,11.5N,40.3W,30,1008,,,,,,,,,,,,
AL,CHRIS,1994,4,30,19940817,0,,TS,11.7N,41.2W,35,1006,,,,,,,,,,,,
AL,CHRIS,1994,4,30,19940817,600,,TS,12.1N,42.2W,40,1003,,,,,,,,,,,,
AL,CHRIS,1994,4,30,19940817,1200,,TS,12.6N,43.3W,50,1000,,,,,,,,,,,,
AL,CHRIS,1994,4,30,19940817,1800,,TS,13.3N,44.5W,60,994,,,,,,,,,,,,
AL,CHRIS,1994,4,30,19940818,0,,TS,13.9N,45.6W,60,988,,,,,,,,,,,,
AL,CHRIS,1994,4,30,19940818,600,,HU,14.5N,46.8W,65,987,,,,,,,,,,,,
AL,CHRIS,1994,4,30,19940818,1200,,HU,15.2N,48.0W,65,987,,,,,,,,,,,,
AL,CHRIS,1994,4,30,19940818,1800,,HU,16.0N,49.3W,65,987,,,,,,,,,,,,
AL,CHRIS,1994,4,30,19940819,0,,HU,17.0N,50.6W,70,985,,,,,,,,,,,,
AL,CHRIS,1994,4,30,19940819,600,,HU,18.0N,51.9W,70,979,,,,,,,,,,,,
AL,CHRIS,1994,4,30,19940819,1200,,HU,19.0N,53.2W,70,979,,,,,,,,,,,,
AL,CHRIS,1994,4,30,19940819,1800,,HU,20.1N,54.4W,70,980,,,,,,,,,,,,
AL,CHRIS,1994,4,30,19940820,0,,HU,21.3N,55.6W,65,984,,,,,,,,,,,,
AL,CHRIS,1994,4,30,19940820,600,,TS,22.6N,56.8W,60,995,,,,,,,,,,,,
AL,CHRIS,1994,4,30,19940820,1200,,TS,23.8N,58.2W,50,1009,,,,,,,,,,,,
AL,CHRIS,1994,4,30,19940820,1800,,TS,24.9N,59.7W,45,1010,,,,,,,,,,,,
AL,CHRIS,1994,4,30,19940821,0,,TS,26.1N,61.0W,40,1011,,,,,,,,,,,,
AL,CHRIS,1994,4,30,19940821,600,,TS,27.3N,62.3W,35,1012,,,,,,,,,,,,
AL,CHRIS,1994,4,30,19940821,1200,,TS,28.7N,63.1W,35,1013,,,,,,,,,,,,
AL,CHRIS,1994,4,30,19940821,1800,,TS,30.4N,63.1W,35,1013,,,,,,,,,,,,
AL,CHRIS,1994,4,30,19940822,0,,TS,32.2N,62.8W,35,1012,,,,,,,,,,,,
AL,CHRIS,1994,4,30,19940822,600,,TS,33.8N,62.8W,35,1008,,,,,,,,,,,,
AL,CHRIS,1994,4,30,19940822,1200,,TS,35.0N,63.0W,35,1006,,,,,,,,,,,,
AL,CHRIS,1994,4,30,19940822,1800,,TS,36.2N,62.3W,40,1004,,,,,,,,,,,,
AL,CHRIS,1994,4,30,19940823,0,,TS,37.9N,60.7W,40,1003,,,,,,,,,,,,
AL,CHRIS,1994,4,30,19940823,600,,TS,39.9N,58.4W,40,1003,,,,,,,,,,,,
AL,CHRIS,1994,4,30,19940823,1200,,TS,42.2N,55.5W,45,1003,,,,,,,,,,,,
AL,CHRIS,1994,4,30,19940823,1800,,TS,44.7N,52.0W,45,1003,,,,,,,,,,,,
AL,UNNAMED,1994,5,9,19940829,1200,,TD,20.5N,93.0W,30,1007,,,,,,,,,,,,
AL,UNNAMED,1994,5,9,19940829,1800,,TD,20.5N,93.8W,30,1007,,,,,,,,,,,,
AL,UNNAMED,1994,5,9,19940830,0,,TD,20.6N,94.5W,30,1006,,,,,,,,,,,,
AL,UNNAMED,1994,5,9,19940830,600,,TD,20.7N,95.2W,30,1005,,,,,,,,,,,,
AL,UNNAMED,1994,5,9,19940830,1200,,TD,21.0N,95.9W,30,1006,,,,,,,,,,,,
AL,UNNAMED,1994,5,9,19940830,1800,,TD,21.4N,96.5W,30,1006,,,,,,,,,,,,
AL,UNNAMED,1994,5,9,19940831,0,,TD,21.8N,97.1W,30,1006,,,,,,,,,,,,
AL,UNNAMED,1994,5,9,19940831,600,L,TD,22.4N,98.0W,30,1007,,,,,,,,,,,,
AL,UNNAMED,1994,5,9,19940831,1200,,TD,23.0N,99.0W,30,1008,,,,,,,,,,,,
AL,DEBBY,1994,6,8,19940909,1200,,TD,13.1N,56.8W,25,1011,,,,,,,,,,,,
AL,DEBBY,1994,6,8,19940909,1800,,TD,13.4N,58.3W,30,1010,,,,,,,,,,,,
AL,DEBBY,1994,6,8,19940910,0,,TS,13.7N,60.2W,45,1010,,,,,,,,,,,,
AL,DEBBY,1994,6,8,19940910,300,L,TS,14.0N,61.0W,55,1007,,,,,,,,,,,,
AL,DEBBY,1994,6,8,19940910,600,,TS,14.1N,61.6W,60,1006,,,,,,,,,,,,
AL,DEBBY,1994,6,8,19940910,1200,,TS,14.6N,63.2W,55,1007,,,,,,,,,,,,
AL,DEBBY,1994,6,8,19940910,1800,,TS,15.1N,64.9W,50,1008,,,,,,,,,,,,
AL,DEBBY,1994,6,8,19940911,0,,TS,15.5N,66.7W,50,1008,,,,,,,,,,,,
AL,ERNESTO,1994,7,18,19940921,1800,,TD,10.1N,29.9W,25,1010,,,,,,,,,,,,
AL,ERNESTO,1994,7,18,19940922,0,,TD,10.5N,30.2W,25,1010,,,,,,,,,,,,
AL,ERNESTO,1994,7,18,19940922,600,,TD,11.1N,30.3W,30,1009,,,,,,,,,,,,
AL,ERNESTO,1994,7,18,19940922,1200,,TS,11.8N,30.3W,35,1005,,,,,,,,,,,,
AL,ERNESTO,1994,7,18,19940922,1800,,TS,12.5N,30.3W,45,1000,,,,,,,,,,,,
AL,ERNESTO,1994,7,18,19940923,0,,TS,13.1N,30.4W,50,997,,,,,,,,,,,,
AL,ERNESTO,1994,7,18,19940923,600,,TS,13.8N,30.5W,50,998,,,,,,,,,,,,
AL,ERNESTO,1994,7,18,19940923,1200,,TS,14.4N,30.6W,45,1000,,,,,,,,,,,,
AL,ERNESTO,1994,7,18,19940923,1800,,TS,14.9N,30.6W,45,1001,,,,,,,,,,,,
AL,ERNESTO,1994,7,18,19940924,0,,TS,15.4N,30.6W,40,1003,,,,,,,,,,,,
AL,ERNESTO,1994,7,18,19940924,600,,TS,15.9N,30.7W,35,1005,,,,,,,,,,,,
AL,ERNESTO,1994,7,18,19940924,1200,,TD,16.5N,31.0W,30,1007,,,,,,,,,,,,
AL,ERNESTO,1994,7,18,19940924,1800,,TD,16.8N,31.3W,30,1009,,,,,,,,,,,,
AL,ERNESTO,1994,7,18,19940925,0,,TD,17.0N,31.6W,25,1010,,,,,,,,,,,,
AL,ERNESTO,1994,7,18,19940925,600,,TD,17.0N,31.9W,25,1010,,,,,,,,,,,,
AL,ERNESTO,1994,7,18,19940925,1200,,TD,17.0N,32.1W,25,1010,,,,,,,,,,,,
AL,ERNESTO,1994,7,18,19940925,1800,,TD,17.0N,32.3W,25,1010,,,,,,,,,,,,
AL,ERNESTO,1994,7,18,19940926,0,,TD,16.8N,33.2W,20,1011,,,,,,,,,,,,
AL,UNNAMED,1994,8,10,19940924,1200,,TD,16.0N,84.5W,25,1008,,,,,,,,,,,,
AL,UNNAMED,1994,8,10,19940924,1800,,TD,16.3N,85.1W,30,1007,,,,,,,,,,,,
AL,UNNAMED,1994,8,10,19940925,0,,TD,16.5N,85.9W,30,1007,,,,,,,,,,,,
AL,UNNAMED,1994,8,10,19940925,600,,TD,16.6N,86.7W,30,1006,,,,,,,,,,,,
AL,UNNAMED,1994,8,10,19940925,1200,,TD,16.7N,87.6W,30,1005,,,,,,,,,,,,
AL,UNNAMED,1994,8,10,19940925,1800,L,TD,16.6N,88.4W,30,1004,,,,,,,,,,,,
AL,UNNAMED,1994,8,10,19940926,0,,TD,16.6N,88.7W,30,1006,,,,,,,,,,,,
AL,UNNAMED,1994,8,10,19940926,600,,TD,16.6N,88.9W,25,1007,,,,,,,,,,,,
AL,UNNAMED,1994,8,10,19940926,1200,,TD,16.5N,89.2W,25,1007,,,,,,,,,,,,
AL,UNNAMED,1994,8,10,19940926,1800,,TD,16.5N,89.5W,25,1007,,,,,,,,,,,,
AL,UNNAMED,1994,9,7,19940927,1200,,TD,13.8N,20.8W,30,1008,,,,,,,,,,,,
AL,UNNAMED,1994,9,7,19940927,1800,,TD,14.7N,20.9W,30,1008,,,,,,,,,,,,
AL,UNNAMED,1994,9,7,19940928,0,,TD,15.2N,20.9W,30,1007,,,,,,,,,,,,
AL,UNNAMED,1994,9,7,19940928,600,,TD,15.5N,21.1W,30,1008,,,,,,,,,,,,
AL,UNNAMED,1994,9,7,19940928,1200,,TD,15.9N,21.5W,30,1008,,,,,,,,,,,,
AL,UNNAMED,1994,9,7,19940928,1800,,TD,16.3N,21.9W,30,1008,,,,,,,,,,,,
AL,UNNAMED,1994,9,7,19940929,0,,TD,16.5N,22.1W,25,1009,,,,,,,,,,,,
AL,UNNAMED,1994,10,7,19940929,600,,TD,20.5N,86.0W,25,1007,,,,,,,,,,,,
AL,UNNAMED,1994,10,7,19940929,1200,,TD,21.0N,85.5W,25,1006,,,,,,,,,,,,
AL,UNNAMED,1994,10,7,19940929,1800,,TD,22.0N,85.0W,30,1006,,,,,,,,,,,,
AL,UNNAMED,1994,10,7,19940930,0,,TD,22.3N,85.0W,30,1005,,,,,,,,,,,,
AL,UNNAMED,1994,10,7,19940930,600,,TD,22.5N,85.2W,30,1004,,,,,,,,,,,,
AL,UNNAMED,1994,10,7,19940930,1200,,TD,23.0N,85.5W,30,1005,,,,,,,,,,,,
AL,UNNAMED,1994,10,7,19940930,1800,,TD,24.0N,86.0W,25,1006,,,,,,,,,,,,
AL,FLORENCE,1994,11,28,19941102,0,,SD,22.7N,47.0W,30,1011,,,,,,,,,,,,
AL,FLORENCE,1994,11,28,19941102,600,,SS,23.2N,47.7W,35,1010,,,,,,,,,,,,
AL,FLORENCE,1994,11,28,19941102,1200,,SS,23.8N,48.2W,35,1009,,,,,,,,,,,,
AL,FLORENCE,1994,11,28,19941102,1800,,SS,24.2N,48.9W,35,1008,,,,,,,,,,,,
AL,FLORENCE,1994,11,28,19941103,0,,SS,24.5N,49.9W,35,1008,,,,,,,,,,,,
AL,FLORENCE,1994,11,28,19941103,600,,SD,24.7N,50.7W,30,1008,,,,,,,,,,,,
AL,FLORENCE,1994,11,28,19941103,1200,,SD,25.0N,51.4W,30,1006,,,,,,,,,,,,
AL,FLORENCE,1994,11,28,19941103,1800,,TD,25.3N,52.2W,30,1005,,,,,,,,,,,,
AL,FLORENCE,1994,11,28,19941104,0,,TS,26.0N,52.6W,35,1004,,,,,,,,,,,,
AL,FLORENCE,1994,11,28,19941104,600,,TS,26.7N,52.9W,40,1003,,,,,,,,,,,,
AL,FLORENCE,1994,11,28,19941104,1200,,TS,27.3N,53.4W,50,999,,,,,,,,,,,,
AL,FLORENCE,1994,11,28,19941104,1800,,HU,28.1N,54.0W,65,990,,,,,,,,,,,,
AL,FLORENCE,1994,11,28,19941105,0,,HU,28.8N,54.6W,65,987,,,,,,,,,,,,
AL,FLORENCE,1994,11,28,19941105,600,,HU,29.4N,55.1W,65,986,,,,,,,,,,,,
AL,FLORENCE,1994,11,28,19941105,1200,,HU,30.0N,55.7W,70,984,,,,,,,,,,,,
AL,FLORENCE,1994,11,28,19941105,1800,,HU,30.6N,56.2W,75,981,,,,,,,,,,,,
AL,FLORENCE,1994,11,28,19941106,0,,HU,31.3N,56.7W,75,980,,,,,,,,,,,,
AL,FLORENCE,1994,11,28,19941106,600,,HU,32.0N,56.9W,75,980,,,,,,,,,,,,
AL,FLORENCE,1994,11,28,19941106,1200,,HU,32.6N,57.0W,75,980,,,,,,,,,,,,
AL,FLORENCE,1994,11,28,19941106,1800,,HU,33.0N,56.9W,65,982,,,,,,,,,,,,
AL,FLORENCE,1994,11,28,19941107,0,,HU,33.3N,56.5W,65,982,,,,,,,,,,,,
AL,FLORENCE,1994,11,28,19941107,600,,HU,33.7N,56.0W,70,981,,,,,,,,,,,,
AL,FLORENCE,1994,11,28,19941107,1200,,HU,34.4N,54.8W,80,975,,,,,,,,,,,,
AL,FLORENCE,1994,11,28,19941107,1800,,HU,35.4N,53.1W,90,972,,,,,,,,,,,,
AL,FLORENCE,1994,11,28,19941108,0,,HU,37.0N,49.9W,95,972,,,,,,,,,,,,
AL,FLORENCE,1994,11,28,19941108,600,,HU,39.2N,45.5W,95,974,,,,,,,,,,,,
AL,FLORENCE,1994,11,28,19941108,1200,,HU,41.8N,40.7W,85,977,,,,,,,,,,,,
AL,FLORENCE,1994,11,28,19941108,1800,,HU,44.2N,36.2W,75,982,,,,,,,,,,,,
AL,GORDON,1994,12,59,19941108,1200,,TD,11.9N,82.3W,25,1009,,,,,,,,,,,,
AL,GORDON,1994,12,59,19941108,1800,,TD,12.0N,82.5W,25,1008,,,,,,,,,,,,
AL,GORDON,1994,12,59,19941109,0,,TD,12.3N,82.8W,30,1007,,,,,,,,,,,,
AL,GORDON,1994,12,59,19941109,600,,TD,12.5N,83.0W,30,1007,,,,,,,,,,,,
AL,GORDON,1994,12,59,19941109,1200,,TD,12.8N,83.2W,30,1007,,,,,,,,,,,,
AL,GORDON,1994,12,59,19941109,1800,,TD,13.2N,83.4W,30,1007,,,,,,,,,,,,
AL,GORDON,1994,12,59,19941110,0,,TD,13.6N,83.4W,30,1007,,,,,,,,,,,,
AL,GORDON,1994,12,59,19941110,600,L,TD,14.0N,83.4W,30,1008,,,,,,,,,,,,
AL,GORDON,1994,12,59,19941110,1200,,TD,14.3N,83.2W,30,1008,,,,,,,,,,,,
AL,GORDON,1994,12,59,19941110,1800,,TS,14.6N,82.7W,35,1006,,,,,,,,,,,,
AL,GORDON,1994,12,59,19941111,0,,TS,15.1N,82.4W,35,1006,,,,,,,,,,,,
AL,GORDON,1994,12,59,19941111,600,,TS,15.7N,82.3W,35,1003,,,,,,,,,,,,
AL,GORDON,1994,12,59,19941111,1200,,TS,16.3N,82.2W,35,1005,,,,,,,,,,,,
AL,GORDON,1994,12,59,19941111,1800,,TS,16.9N,81.5W,35,1004,,,,,,,,,,,,
AL,GORDON,1994,12,59,19941112,0,,TS,17.2N,80.8W,40,1000,,,,,,,,,,,,
AL,GORDON,1994,12,59,19941112,600,,TS,17.4N,80.2W,40,999,,,,,,,,,,,,
AL,GORDON,1994,12,59,19941112,1200,,TS,17.5N,79.8W,40,999,,,,,,,,,,,,
AL,GORDON,1994,12,59,19941112,1800,,TS,17.4N,79.2W,35,999,,,,,,,,,,,,
AL,GORDON,1994,12,59,19941113,0,,TS,17.6N,77.9W,35,999,,,,,,,,,,,,
AL,GORDON,1994,12,59,19941113,300,L,TS,17.9N,76.8W,35,1000,,,,,,,,,,,,
AL,GORDON,1994,12,59,19941113,600,,TS,18.3N,76.0W,40,1001,,,,,,,,,,,,
AL,GORDON,1994,12,59,19941113,1200,,TS,19.9N,75.0W,40,1000,,,,,,,,,,,,
AL,GORDON,1994,12,59,19941113,1300,L,TS,20.0N,74.9W,40,1000,,,,,,,,,,,,
AL,GORDON,1994,12,59,19941113,1800,,TS,21.5N,75.4W,40,1001,,,,,,,,,,,,
AL,GORDON,1994,12,59,19941114,0,,TS,22.1N,76.3W,40,999,,,,,,,,,,,,
AL,GORDON,1994,12,59,19941114,600,,TS,22.7N,77.5W,45,998,,,,,,,,,,,,
AL,GORDON,1994,12,59,19941114,1200,,TS,23.2N,78.3W,45,997,,,,,,,,,,,,
AL,GORDON,1994,12,59,19941114,1800,,TS,23.4N,79.1W,45,998,,,,,,,,,,,,
AL,GORDON,1994,12,59,19941115,0,,TS,23.6N,79.9W,45,998,,,,,,,,,,,,
AL,GORDON,1994,12,59,19941115,600,,TS,23.9N,80.8W,45,999,,,,,,,,,,,,
AL,GORDON,1994,12,59,19941115,1200,,TS,24.5N,81.6W,45,999,,,,,,,,,,,,
AL,GORDON,1994,12,59,19941115,1300,L,TS,24.6N,81.7W,45,999,,,,,,,,,,,,
AL,GORDON,1994,12,59,19941115,1800,,TS,24.9N,82.1W,45,998,,,,,,,,,,,,
AL,GORDON,1994,12,59,19941116,0,,TS,25.4N,82.5W,45,998,,,,,,,,,,,,
AL,GORDON,1994,12,59,19941116,600,,TS,25.7N,82.4W,45,997,,,,,,,,,,,,
AL,GORDON,1994,12,59,19941116,1200,,TS,26.4N,82.0W,45,995,,,,,,,,,,,,
AL,GORDON,1994,12,59,19941116,1300,L,TS,26.5N,81.9W,45,996,,,,,,,,,,,,
AL,GORDON,1994,12,59,19941116,1800,,TS,27.1N,81.4W,45,995,,,,,,,,,,,,
AL,GORDON,1994,12,59,19941117,0,,TS,28.0N,80.0W,55,993,,,,,,,,,,,,
AL,GORDON,1994,12,59,19941117,600,,TS,29.0N,78.5W,55,989,,,,,,,,,,,,
AL,GORDON,1994,12,59,19941117,1200,,TS,30.0N,76.7W,60,987,,,,,,,,,,,,
AL,GORDON,1994,12,59,19941117,1800,,HU,31.5N,74.8W,65,981,,,,,,,,,,,,
AL,GORDON,1994,12,59,19941118,0,,HU,33.1N,74.2W,75,980,,,,,,,,,,,,
AL,GORDON,1994,12,59,19941118,600,,HU,33.5N,74.7W,70,981,,,,,,,,,,,,
AL,GORDON,1994,12,59,19941118,1200,,HU,33.7N,75.7W,70,984,,,,,,,,,,,,
AL,GORDON,1994,12,59,19941118,1800,,TS,33.2N,75.9W,60,986,,,,,,,,,,,,
AL,GORDON,1994,12,59,19941119,0,,TS,32.5N,75.5W,50,992,,,,,,,,,,,,
AL,GORDON,1994,12,59,19941119,600,,TS,31.6N,75.0W,45,996,,,,,,,,,,,,
AL,GORDON,1994,12,59,19941119,1200,,TS,31.1N,74.8W,40,1000,,,,,,,,,,,,
AL,GORDON,1994,12,59,19941119,1800,,TS,30.4N,75.0W,35,1005,,,,,,,,,,,,
AL,GORDON,1994,12,59,19941120,0,,TS,29.8N,75.3W,35,1007,,,,,,,,,,,,
AL,GORDON,1994,12,59,19941120,600,,TD,28.9N,76.2W,30,1008,,,,,,,,,,,,
AL,GORDON,1994,12,59,19941120,1200,,TD,28.4N,77.2W,30,1009,,,,,,,,,,,,
AL,GORDON,1994,12,59,19941120,1800,,TD,28.2N,78.6W,25,1009,,,,,,,,,,,,
AL,GORDON,1994,12,59,19941121,0,,TD,28.2N,79.8W,25,1010,,,,,,,,,,,,
AL,GORDON,1994,12,59,19941121,300,L,TD,28.5N,80.6W,25,1011,,,,,,,,,,,,
AL,GORDON,1994,12,59,19941121,600,,TD,29.2N,81.5W,20,1012,,,,,,,,,,,,
AL,GORDON,1994,12,59,19941121,1200,,TD,31.3N,81.8W,20,1013,,,,,,,,,,,,
AL,GORDON,1994,12,59,19941121,1800,,TD,34.1N,79.8W,20,1013,,,,,,,,,,,,
AL,ALLISON,1995,1,35,19950603,0,,TD,17.4N,84.3W,30,1005,,,,,,,,,,,,
AL,ALLISON,1995,1,35,19950603,600,,TD,18.3N,84.9W,30,1004,,,,,,,,,,,,
AL,ALLISON,1995,1,35,19950603,1200,,TS,19.3N,85.7W,35,1003,,,,,,,,,,,,
AL,ALLISON,1995,1,35,19950603,1800,,TS,20.6N,85.8W,40,1001,,,,,,,,,,,,
AL,ALLISON,1995,1,35,19950604,0,,TS,22.0N,86.0W,50,997,,,,,,,,,,,,
AL,ALLISON,1995,1,35,19950604,600,,TS,23.3N,86.3W,60,995,,,,,,,,,,,,
AL,ALLISON,1995,1,35,19950604,1200,,HU,24.7N,86.2W,65,987,,,,,,,,,,,,
AL,ALLISON,1995,1,35,19950604,1800,,HU,26.2N,86.2W,65,988,,,,,,,,,,,,
AL,ALLISON,1995,1,35,19950605,0,,HU,27.6N,86.1W,65,988,,,,,,,,,,,,
AL,ALLISON,1995,1,35,19950605,600,,TS,28.5N,85.6W,60,990,,,,,,,,,,,,
AL,ALLISON,1995,1,35,19950605,1200,,TS,29.6N,84.7W,60,990,,,,,,,,,,,,
AL,ALLISON,1995,1,35,19950605,1400,L,TS,29.9N,84.4W,60,991,,,,,,,,,,,,
AL,ALLISON,1995,1,35,19950605,1500,L,TS,30.1N,84.2W,55,991,,,,,,,,,,,,
AL,ALLISON,1995,1,35,19950605,1800,,TS,30.7N,83.8W,45,993,,,,,,,,,,,,
AL,ALLISON,1995,1,35,19950606,0,,TD,31.8N,82.8W,30,993,,,,,,,,,,,,
AL,ALLISON,1995,1,35,19950606,600,,EX,32.7N,81.5W,35,994,,,,,,,,,,,,
AL,ALLISON,1995,1,35,19950606,1200,,EX,33.6N,80.0W,35,995,,,,,,,,,,,,
AL,ALLISON,1995,1,35,19950606,1800,,EX,34.5N,78.1W,40,995,,,,,,,,,,,,
AL,ALLISON,1995,1,35,19950607,0,,EX,35.6N,75.9W,40,992,,,,,,,,,,,,
AL,ALLISON,1995,1,35,19950607,600,,EX,37.1N,73.6W,45,990,,,,,,,,,,,,
AL,ALLISON,1995,1,35,19950607,1200,,EX,38.5N,71.0W,45,988,,,,,,,,,,,,
AL,ALLISON,1995,1,35,19950607,1800,,EX,39.8N,69.2W,45,984,,,,,,,,,,,,
AL,ALLISON,1995,1,35,19950608,0,,EX,41.0N,67.7W,50,982,,,,,,,,,,,,
AL,ALLISON,1995,1,35,19950608,600,,EX,42.4N,66.0W,50,984,,,,,,,,,,,,
AL,ALLISON,1995,1,35,19950608,1200,,EX,43.8N,63.7W,50,989,,,,,,,,,,,,
AL,ALLISON,1995,1,35,19950608,1800,,EX,45.2N,61.2W,45,993,,,,,,,,,,,,
AL,ALLISON,1995,1,35,19950609,0,,EX,46.5N,58.5W,40,995,,,,,,,,,,,,
AL,ALLISON,1995,1,35,19950609,600,,EX,48.1N,55.9W,40,996,,,,,,,,,,,,
AL,ALLISON,1995,1,35,19950609,1200,,EX,50.0N,53.0W,40,997,,,,,,,,,,,,
AL,ALLISON,1995,1,35,19950609,1800,,EX,53.0N,52.0W,40,1000,,,,,,,,,,,,
AL,ALLISON,1995,1,35,19950610,0,,EX,57.0N,52.0W,40,997,,,,,,,,,,,,
AL,ALLISON,1995,1,35,19950610,600,,EX,60.0N,52.0W,40,990,,,,,,,,,,,,
AL,ALLISON,1995,1,35,19950610,1200,,EX,62.0N,53.0W,40,992,,,,,,,,,,,,
AL,ALLISON,1995,1,35,19950610,1800,,EX,64.0N,55.0W,35,992,,,,,,,,,,,,
AL,ALLISON,1995,1,35,19950611,0,,EX,65.0N,56.0W,35,993,,,,,,,,,,,,
AL,BARRY,1995,2,24,19950705,600,,TD,32.0N,72.0W,20,1019,,,,,,,,,,,,
AL,BARRY,1995,2,24,19950705,1200,,TD,32.0N,72.0W,20,1019,,,,,,,,,,,,
AL,BARRY,1995,2,24,19950705,1800,,TD,31.9N,72.0W,20,1018,,,,,,,,,,,,
AL,BARRY,1995,2,24,19950706,0,,TD,31.8N,72.0W,25,1017,,,,,,,,,,,,
AL,BARRY,1995,2,24,19950706,600,,TD,31.7N,71.9W,25,1016,,,,,,,,,,,,
AL,BARRY,1995,2,24,19950706,1200,,TD,31.5N,71.7W,30,1013,,,,,,,,,,,,
AL,BARRY,1995,2,24,19950706,1800,,TD,31.3N,71.6W,30,1011,,,,,,,,,,,,
AL,BARRY,1995,2,24,19950707,0,,TD,31.3N,71.3W,30,1009,,,,,,,,,,,,
AL,BARRY,1995,2,24,19950707,600,,TS,31.6N,71.0W,35,1007,,,,,,,,,,,,
AL,BARRY,1995,2,24,19950707,1200,,TS,32.2N,70.6W,40,1004,,,,,,,,,,,,
AL,BARRY,1995,2,24,19950707,1800,,TS,33.2N,70.2W,60,1001,,,,,,,,,,,,
AL,BARRY,1995,2,24,19950707,2100,W,TS,33.6N,69.9W,60,998,,,,,,,,,,,,
AL,BARRY,1995,2,24,19950708,0,,TS,34.0N,69.6W,60,997,,,,,,,,,,,,
AL,BARRY,1995,2,24,19950708,600,,TS,34.9N,68.9W,55,997,,,,,,,,,,,,
AL,BARRY,1995,2,24,19950708,1200,,TS,35.9N,68.2W,50,997,,,,,,,,,,,,
AL,BARRY,1995,2,24,19950708,1800,,TS,37.2N,67.2W,50,997,,,,,,,,,,,,
AL,BARRY,1995,2,24,19950709,0,,TS,38.7N,66.0W,50,996,,,,,,,,,,,,
AL,BARRY,1995,2,24,19950709,600,,TS,40.5N,64.6W,50,995,,,,,,,,,,,,
AL,BARRY,1995,2,24,19950709,1200,,TS,42.3N,63.1W,50,993,,,,,,,,,,,,
AL,BARRY,1995,2,24,19950709,1800,,TS,44.3N,61.7W,50,991,,,,,,,,,,,,
AL,BARRY,1995,2,24,19950709,2130,L,TS,45.3N,61.0W,50,990,,,,,,,,,,,,
AL,BARRY,1995,2,24,19950709,2200,L,TS,45.6N,60.8W,45,990,,,,,,,,,,,,
AL,BARRY,1995,2,24,19950710,0,,TS,46.4N,60.5W,45,990,,,,,,,,,,,,
AL,BARRY,1995,2,24,19950710,600,,TS,48.5N,59.2W,40,989,,,,,,,,,,,,
AL,CHANTAL,1995,3,41,19950712,0,,TD,17.1N,54.9W,25,1012,,,,,,,,,,,,
AL,CHANTAL,1995,3,41,19950712,600,,TD,17.5N,56.5W,25,1012,,,,,,,,,,,,
AL,CHANTAL,1995,3,41,19950712,1200,,TD,18.1N,58.3W,25,1012,,,,,,,,,,,,
AL,CHANTAL,1995,3,41,19950712,1800,,TD,18.7N,59.9W,30,1011,,,,,,,,,,,,
AL,CHANTAL,1995,3,41,19950713,0,,TD,19.2N,61.0W,30,1011,,,,,,,,,,,,
AL,CHANTAL,1995,3,41,19950713,600,,TD,19.6N,61.9W,30,1011,,,,,,,,,,,,
AL,CHANTAL,1995,3,41,19950713,1200,,TD,20.1N,62.7W,30,1010,,,,,,,,,,,,
AL,CHANTAL,1995,3,41,19950713,1800,,TD,20.6N,63.6W,30,1010,,,,,,,,,,,,
AL,CHANTAL,1995,3,41,19950714,0,,TS,21.1N,64.4W,35,1006,,,,,,,,,,,,
AL,CHANTAL,1995,3,41,19950714,600,,TS,21.1N,64.9W,35,1008,,,,,,,,,,,,
AL,CHANTAL,1995,3,41,19950714,1200,,TS,21.1N,65.2W,35,1009,,,,,,,,,,,,
AL,CHANTAL,1995,3,41,19950714,1800,,TS,21.3N,65.5W,40,1010,,,,,,,,,,,,
AL,CHANTAL,1995,3,41,19950715,0,,TS,21.8N,66.0W,40,1009,,,,,,,,,,,,
AL,CHANTAL,1995,3,41,19950715,600,,TS,22.3N,66.7W,45,1006,,,,,,,,,,,,
AL,CHANTAL,1995,3,41,19950715,1200,,TS,22.7N,67.5W,45,1006,,,,,,,,,,,,
AL,CHANTAL,1995,3,41,19950715,1800,,TS,23.2N,67.9W,45,1005,,,,,,,,,,,,
AL,CHANTAL,1995,3,41,19950716,0,,TS,23.7N,68.2W,45,1004,,,,,,,,,,,,
AL,CHANTAL,1995,3,41,19950716,600,,TS,24.5N,68.4W,50,999,,,,,,,,,,,,
AL,CHANTAL,1995,3,41,19950716,1200,,TS,25.3N,68.8W,50,999,,,,,,,,,,,,
AL,CHANTAL,1995,3,41,19950716,1800,,TS,26.2N,69.1W,55,997,,,,,,,,,,,,
AL,CHANTAL,1995,3,41,19950717,0,,TS,27.2N,69.4W,60,991,,,,,,,,,,,,
AL,CHANTAL,1995,3,41,19950717,600,,TS,28.2N,69.6W,60,995,,,,,,,,,,,,
AL,CHANTAL,1995,3,41,19950717,1200,,TS,29.3N,69.8W,60,997,,,,,,,,,,,,
AL,CHANTAL,1995,3,41,19950717,1800,,TS,30.5N,69.8W,55,995,,,,,,,,,,,,
AL,CHANTAL,1995,3,41,19950718,0,,TS,31.6N,69.7W,55,994,,,,,,,,,,,,
AL,CHANTAL,1995,3,41,19950718,600,,TS,32.6N,69.0W,55,994,,,,,,,,,,,,
AL,CHANTAL,1995,3,41,19950718,1200,,TS,33.6N,68.1W,50,995,,,,,,,,,,,,
AL,CHANTAL,1995,3,41,19950718,1800,,TS,34.6N,67.3W,50,996,,,,,,,,,,,,
AL,CHANTAL,1995,3,41,19950719,0,,TS,35.4N,65.8W,50,997,,,,,,,,,,,,
AL,CHANTAL,1995,3,41,19950719,600,,TS,36.2N,64.1W,50,997,,,,,,,,,,,,
AL,CHANTAL,1995,3,41,19950719,1200,,TS,37.1N,62.4W,50,998,,,,,,,,,,,,
AL,CHANTAL,1995,3,41,19950719,1800,,TS,38.2N,60.2W,50,998,,,,,,,,,,,,
AL,CHANTAL,1995,3,41,19950720,0,,TS,39.5N,57.6W,50,999,,,,,,,,,,,,
AL,CHANTAL,1995,3,41,19950720,600,,TS,41.1N,54.7W,50,999,,,,,,,,,,,,
AL,CHANTAL,1995,3,41,19950720,1200,,TS,43.0N,51.7W,50,1000,,,,,,,,,,,,
AL,CHANTAL,1995,3,41,19950720,1800,,EX,45.4N,48.8W,50,1000,,,,,,,,,,,,
AL,CHANTAL,1995,3,41,19950721,0,,EX,47.7N,45.2W,50,1001,,,,,,,,,,,,
AL,CHANTAL,1995,3,41,19950721,600,,EX,49.7N,41.6W,50,1002,,,,,,,,,,,,
AL,CHANTAL,1995,3,41,19950721,1200,,EX,51.4N,37.0W,50,1003,,,,,,,,,,,,
AL,CHANTAL,1995,3,41,19950721,1800,,EX,53.0N,31.0W,50,1005,,,,,,,,,,,,
AL,CHANTAL,1995,3,41,19950722,0,,EX,55.0N,20.0W,50,1005,,,,,,,,,,,,
AL,DEAN,1995,4,22,19950728,1800,,TD,26.2N,86.6W,25,1009,,,,,,,,,,,,
AL,DEAN,1995,4,22,19950729,0,,TD,26.1N,87.3W,30,1008,,,,,,,,,,,,
AL,DEAN,1995,4,22,19950729,600,,TD,26.2N,87.9W,30,1008,,,,,,,,,,,,
AL,DEAN,1995,4,22,19950729,1200,,TD,26.3N,88.3W,30,1008,,,,,,,,,,,,
AL,DEAN,1995,4,22,19950729,1800,,TD,26.5N,89.4W,30,1007,,,,,,,,,,,,
AL,DEAN,1995,4,22,19950730,0,,TD,26.9N,90.6W,30,1007,,,,,,,,,,,,
AL,DEAN,1995,4,22,19950730,600,,TD,27.6N,91.7W,30,1006,,,,,,,,,,,,
AL,DEAN,1995,4,22,19950730,1200,,TD,28.1N,93.0W,30,1005,,,,,,,,,,,,
AL,DEAN,1995,4,22,19950730,1800,,TS,28.6N,94.0W,35,1003,,,,,,,,,,,,
AL,DEAN,1995,4,22,19950731,0,,TS,29.0N,95.0W,40,999,,,,,,,,,,,,
AL,DEAN,1995,4,22,19950731,200,L,TS,29.2N,95.3W,40,999,,,,,,,,,,,,
AL,DEAN,1995,4,22,19950731,600,,TD,29.5N,95.5W,30,1002,,,,,,,,,,,,
AL,DEAN,1995,4,22,19950731,1200,,TD,30.0N,96.0W,25,1003,,,,,,,,,,,,
AL,DEAN,1995,4,22,19950731,1800,,TD,30.5N,96.5W,20,1003,,,,,,,,,,,,
AL,DEAN,1995,4,22,19950801,0,,TD,31.5N,97.0W,20,1004,,,,,,,,,,,,
AL,DEAN,1995,4,22,19950801,600,,TD,32.0N,97.5W,20,1004,,,,,,,,,,,,
AL,DEAN,1995,4,22,19950801,1200,,TD,33.0N,98.5W,20,1004,,,,,,,,,,,,
AL,DEAN,1995,4,22,19950801,1800,,TD,33.0N,98.5W,20,1004,,,,,,,,,,,,
AL,DEAN,1995,4,22,19950802,0,,TD,33.0N,98.5W,20,1004,,,,,,,,,,,,
AL,DEAN,1995,4,22,19950802,600,,TD,33.0N,98.5W,20,1004,,,,,,,,,,,,
AL,DEAN,1995,4,22,19950802,1200,,TD,33.0N,98.5W,20,1004,,,,,,,,,,,,
AL,DEAN,1995,4,22,19950802,1800,,TD,33.0N,98.5W,20,1004,,,,,,,,,,,,
AL,ERIN,1995,5,30,19950731,0,,TS,22.3N,73.2W,45,1004,,,,,,,,,,,,
AL,ERIN,1995,5,30,19950731,600,,TS,22.6N,73.6W,50,1003,,,,,,,,,,,,
AL,ERIN,1995,5,30,19950731,1200,,TS,22.8N,73.9W,55,999,,,,,,,,,,,,
AL,ERIN,1995,5,30,19950731,1800,,TS,23.2N,74.3W,60,997,,,,,,,,,,,,
AL,ERIN,1995,5,30,19950801,0,,HU,23.6N,74.9W,70,992,,,,,,,,,,,,
AL,ERIN,1995,5,30,19950801,600,,HU,24.3N,75.7W,75,988,,,,,,,,,,,,
AL,ERIN,1995,5,30,19950801,1200,,HU,25.5N,76.3W,75,985,,,,,,,,,,,,
AL,ERIN,1995,5,30,19950801,1800,,HU,26.3N,77.7W,75,980,,,,,,,,,,,,
AL,ERIN,1995,5,30,19950802,0,,HU,26.9N,79.0W,75,982,,,,,,,,,,,,
AL,ERIN,1995,5,30,19950802,600,,HU,27.7N,80.4W,75,985,,,,,,,,,,,,
AL,ERIN,1995,5,30,19950802,615,L,HU,27.7N,80.3W,75,984,,,,,,,,,,,,
AL,ERIN,1995,5,30,19950802,1200,,TS,28.2N,81.9W,50,990,,,,,,,,,,,,
AL,ERIN,1995,5,30,19950802,1800,,TS,28.6N,83.4W,60,988,,,,,,,,,,,,
AL,ERIN,1995,5,30,19950803,0,,HU,28.8N,84.7W,65,985,,,,,,,,,,,,
AL,ERIN,1995,5,30,19950803,600,,HU,29.3N,85.7W,70,979,,,,,,,,,,,,
AL,ERIN,1995,5,30,19950803,1200,,HU,29.8N,86.6W,80,974,,,,,,,,,,,,
AL,ERIN,1995,5,30,19950803,1330,I,HU,30.0N,86.8W,85,973,,,,,,,,,,,,
AL,ERIN,1995,5,30,19950803,1600,L,HU,30.3N,87.2W,75,973,,,,,,,,,,,,
AL,ERIN,1995,5,30,19950803,1800,,HU,30.6N,87.5W,65,985,,,,,,,,,,,,
AL,ERIN,1995,5,30,19950804,0,,TS,31.4N,88.5W,45,997,,,,,,,,,,,,
AL,ERIN,1995,5,30,19950804,600,,TS,32.3N,89.1W,35,1001,,,,,,,,,,,,
AL,ERIN,1995,5,30,19950804,1200,,TD,33.2N,89.7W,20,1003,,,,,,,,,,,,
AL,ERIN,1995,5,30,19950804,1800,,TD,34.1N,90.2W,20,1003,,,,,,,,,,,,
AL,ERIN,1995,5,30,19950805,0,,TD,34.8N,90.2W,20,1003,,,,,,,,,,,,
AL,ERIN,1995,5,30,19950805,600,,TD,35.4N,90.1W,20,1003,,,,,,,,,,,,
AL,ERIN,1995,5,30,19950805,1200,,TD,36.3N,89.8W,20,1003,,,,,,,,,,,,
AL,ERIN,1995,5,30,19950805,1800,,TD,37.5N,88.8W,20,1003,,,,,,,,,,,,
AL,ERIN,1995,5,30,19950806,0,,TD,38.4N,86.8W,20,1003,,,,,,,,,,,,
AL,ERIN,1995,5,30,19950806,600,,TD,38.7N,84.9W,20,1005,,,,,,,,,,,,
AL,ERIN,1995,5,30,19950806,1200,,TD,38.8N,82.0W,20,1008,,,,,,,,,,,,
AL,UNNAMED,1995,6,9,19950805,1800,,TD,20.2N,95.2W,20,1008,,,,,,,,,,,,
AL,UNNAMED,1995,6,9,19950806,0,,TD,20.5N,95.6W,20,1005,,,,,,,,,,,,
AL,UNNAMED,1995,6,9,19950806,600,,TD,20.7N,95.9W,20,1004,,,,,,,,,,,,
AL,UNNAMED,1995,6,9,19950806,1200,,TD,20.9N,96.2W,25,1003,,,,,,,,,,,,
AL,UNNAMED,1995,6,9,19950806,1800,,TD,21.2N,96.7W,30,1003,,,,,,,,,,,,
AL,UNNAMED,1995,6,9,19950806,2300,L,TD,21.5N,97.4W,30,1002,,,,,,,,,,,,
AL,UNNAMED,1995,6,9,19950807,0,,TD,21.5N,97.5W,30,1002,,,,,,,,,,,,
AL,UNNAMED,1995,6,9,19950807,600,,TD,21.7N,98.2W,30,1003,,,,,,,,,,,,
AL,UNNAMED,1995,6,9,19950807,1200,,TD,21.8N,99.0W,20,1003,,,,,,,,,,,,
AL,FELIX,1995,7,69,19950808,0,,TD,14.3N,30.8W,30,1010,,,,,,,,,,,,
AL,FELIX,1995,7,69,19950808,600,,TD,14.7N,32.5W,30,1008,,,,,,,,,,,,
AL,FELIX,1995,7,69,19950808,1200,,TD,15.0N,34.4W,30,1007,,,,,,,,,,,,
AL,FELIX,1995,7,69,19950808,1800,,TS,15.5N,36.4W,35,1005,,,,,,,,,,,,
AL,FELIX,1995,7,69,19950809,0,,TS,15.7N,38.3W,40,1004,,,,,,,,,,,,
AL,FELIX,1995,7,69,19950809,600,,TS,16.0N,40.2W,45,1003,,,,,,,,,,,,
AL,FELIX,1995,7,69,19950809,1200,,TS,16.2N,41.9W,45,1001,,,,,,,,,,,,
AL,FELIX,1995,7,69,19950809,1800,,TS,16.6N,43.7W,45,1000,,,,,,,,,,,,
AL,FELIX,1995,7,69,19950810,0,,TS,17.0N,45.6W,50,998,,,,,,,,,,,,
AL,FELIX,1995,7,69,19950810,600,,TS,17.5N,47.4W,55,995,,,,,,,,,,,,
AL,FELIX,1995,7,69,19950810,1200,,TS,18.0N,49.1W,60,993,,,,,,,,,,,,
AL,FELIX,1995,7,69,19950810,1800,,TS,18.4N,50.8W,60,991,,,,,,,,,,,,
AL,FELIX,1995,7,69,19950811,0,,HU,18.9N,52.4W,65,987,,,,,,,,,,,,
AL,FELIX,1995,7,69,19950811,600,,HU,19.6N,53.9W,70,980,,,,,,,,,,,,
AL,FELIX,1995,7,69,19950811,1200,,HU,20.4N,55.4W,80,972,,,,,,,,,,,,
AL,FELIX,1995,7,69,19950811,1800,,HU,21.3N,56.5W,90,965,,,,,,,,,,,,
AL,FELIX,1995,7,69,19950812,0,,HU,22.1N,57.8W,100,955,,,,,,,,,,,,
AL,FELIX,1995,7,69,19950812,600,,HU,22.9N,59.0W,110,943,,,,,,,,,,,,
AL,FELIX,1995,7,69,19950812,1200,,HU,23.6N,60.2W,115,932,,,,,,,,,,,,
AL,FELIX,1995,7,69,19950812,1800,,HU,24.3N,61.0W,120,929,,,,,,,,,,,,
AL,FELIX,1995,7,69,19950813,0,,HU,25.1N,61.6W,115,930,,,,,,,,,,,,
AL,FELIX,1995,7,69,19950813,600,,HU,25.9N,61.9W,105,937,,,,,,,,,,,,
AL,FELIX,1995,7,69,19950813,1200,,HU,26.6N,62.3W,100,942,,,,,,,,,,,,
AL,FELIX,1995,7,69,19950813,1800,,HU,27.4N,62.3W,95,947,,,,,,,,,,,,
AL,FELIX,1995,7,69,19950814,0,,HU,28.2N,62.5W,90,948,,,,,,,,,,,,
AL,FELIX,1995,7,69,19950814,600,,HU,29.0N,62.9W,80,954,,,,,,,,,,,,
AL,FELIX,1995,7,69,19950814,1200,,HU,29.9N,63.4W,80,962,,,,,,,,,,,,
AL,FELIX,1995,7,69,19950814,1800,,HU,30.7N,64.1W,75,962,,,,,,,,,,,,
AL,FELIX,1995,7,69,19950815,0,,HU,31.3N,65.1W,75,962,,,,,,,,,,,,
AL,FELIX,1995,7,69,19950815,600,,HU,31.9N,66.2W,75,964,,,,,,,,,,,,
AL,FELIX,1995,7,69,19950815,1200,,HU,32.5N,67.4W,70,968,,,,,,,,,,,,
AL,FELIX,1995,7,69,19950815,1800,,HU,33.1N,68.8W,70,965,,,,,,,,,,,,
AL,FELIX,1995,7,69,19950816,0,,HU,33.5N,70.1W,70,963,,,,,,,,,,,,
AL,FELIX,1995,7,69,19950816,600,,HU,34.0N,71.3W,70,966,,,,,,,,,,,,
AL,FELIX,1995,7,69,19950816,1200,,HU,34.6N,72.4W,70,968,,,,,,,,,,,,
AL,FELIX,1995,7,69,19950816,1800,,HU,34.8N,72.7W,70,970,,,,,,,,,,,,
AL,FELIX,1995,7,69,19950817,0,,HU,35.3N,72.9W,65,968,,,,,,,,,,,,
AL,FELIX,1995,7,69,19950817,600,,HU,35.6N,72.9W,65,971,,,,,,,,,,,,
AL,FELIX,1995,7,69,19950817,1200,,HU,36.1N,72.7W,65,972,,,,,,,,,,,,
AL,FELIX,1995,7,69,19950817,1800,,HU,36.5N,72.2W,65,973,,,,,,,,,,,,
AL,FELIX,1995,7,69,19950818,0,,HU,36.8N,71.5W,65,973,,,,,,,,,,,,
AL,FELIX,1995,7,69,19950818,600,,HU,37.1N,70.7W,65,971,,,,,,,,,,,,
AL,FELIX,1995,7,69,19950818,1200,,HU,37.1N,69.9W,65,970,,,,,,,,,,,,
AL,FELIX,1995,7,69,19950818,1800,,HU,36.9N,68.9W,70,971,,,,,,,,,,,,
AL,FELIX,1995,7,69,19950819,0,,HU,36.6N,68.1W,70,970,,,,,,,,,,,,
AL,FELIX,1995,7,69,19950819,600,,HU,36.1N,67.8W,70,970,,,,,,,,,,,,
AL,FELIX,1995,7,69,19950819,1200,,HU,35.7N,67.5W,70,971,,,,,,,,,,,,
AL,FELIX,1995,7,69,19950819,1800,,HU,35.4N,67.4W,70,973,,,,,,,,,,,,
AL,FELIX,1995,7,69,19950820,0,,HU,35.1N,67.5W,65,976,,,,,,,,,,,,
AL,FELIX,1995,7,69,19950820,600,,TS,35.0N,67.9W,60,979,,,,,,,,,,,,
AL,FELIX,1995,7,69,19950820,1200,,TS,35.4N,68.2W,60,982,,,,,,,,,,,,
AL,FELIX,1995,7,69,19950820,1800,,TS,35.9N,68.3W,60,985,,,,,,,,,,,,
AL,FELIX,1995,7,69,19950821,0,,TS,36.6N,67.8W,60,986,,,,,,,,,,,,
AL,FELIX,1995,7,69,19950821,600,,TS,37.7N,67.0W,55,988,,,,,,,,,,,,
AL,FELIX,1995,7,69,19950821,1200,,TS,39.0N,66.1W,50,989,,,,,,,,,,,,
AL,FELIX,1995,7,69,19950821,1800,,TS,40.6N,63.3W,50,988,,,,,,,,,,,,
AL,FELIX,1995,7,69,19950822,0,,TS,42.5N,59.8W,50,987,,,,,,,,,,,,
AL,FELIX,1995,7,69,19950822,600,,TS,44.5N,55.8W,50,986,,,,,,,,,,,,
AL,FELIX,1995,7,69,19950822,1200,,TS,46.8N,50.8W,50,985,,,,,,,,,,,,
AL,FELIX,1995,7,69,19950822,1800,,EX,49.0N,46.0W,50,985,,,,,,,,,,,,
AL,FELIX,1995,7,69,19950823,0,,EX,50.8N,40.5W,50,985,,,,,,,,,,,,
AL,FELIX,1995,7,69,19950823,600,,EX,53.5N,35.5W,50,985,,,,,,,,,,,,
AL,FELIX,1995,7,69,19950823,1200,,EX,56.0N,34.0W,50,986,,,,,,,,,,,,
AL,FELIX,1995,7,69,19950823,1800,,EX,58.0N,31.0W,50,987,,,,,,,,,,,,
AL,FELIX,1995,7,69,19950824,0,,EX,59.5N,26.0W,50,988,,,,,,,,,,,,
AL,FELIX,1995,7,69,19950824,600,,EX,60.0N,20.0W,45,988,,,,,,,,,,,,
AL,FELIX,1995,7,69,19950824,1200,,EX,60.0N,14.0W,40,989,,,,,,,,,,,,
AL,FELIX,1995,7,69,19950824,1800,,EX,60.0N,7.5W,35,990,,,,,,,,,,,,
AL,FELIX,1995,7,69,19950825,0,,EX,61.5N,1.0W,35,992,,,,,,,,,,,,
AL,GABRIELLE,1995,8,11,19950809,1800,,TD,23.7N,94.8W,30,1007,,,,,,,,,,,,
AL,GABRIELLE,1995,8,11,19950810,0,,TD,23.7N,95.4W,30,1004,,,,,,,,,,,,
AL,GABRIELLE,1995,8,11,19950810,600,,TD,23.7N,96.2W,30,1002,,,,,,,,,,,,
AL,GABRIELLE,1995,8,11,19950810,1200,,TS,23.5N,96.5W,35,999,,,,,,,,,,,,
AL,GABRIELLE,1995,8,11,19950810,1800,,TS,23.1N,96.7W,40,997,,,,,,,,,,,,
AL,GABRIELLE,1995,8,11,19950811,0,,TS,23.0N,96.7W,45,995,,,,,,,,,,,,
AL,GABRIELLE,1995,8,11,19950811,600,,TS,23.1N,97.0W,50,993,,,,,,,,,,,,
AL,GABRIELLE,1995,8,11,19950811,1200,,TS,23.3N,97.2W,55,991,,,,,,,,,,,,
AL,GABRIELLE,1995,8,11,19950811,1800,,TS,23.6N,97.5W,60,990,,,,,,,,,,,,
AL,GABRIELLE,1995,8,11,19950811,2000,L,TS,23.7N,97.8W,60,988,,,,,,,,,,,,
AL,GABRIELLE,1995,8,11,19950812,0,,TD,23.9N,98.2W,30,999,,,,,,,,,,,,
AL,HUMBERTO,1995,9,41,19950822,0,,TD,13.2N,33.0W,30,1009,,,,,,,,,,,,
AL,HUMBERTO,1995,9,41,19950822,600,,TS,13.7N,34.3W,35,1005,,,,,,,,,,,,
AL,HUMBERTO,1995,9,41,19950822,1200,,TS,14.2N,35.2W,45,1002,,,,,,,,,,,,
AL,HUMBERTO,1995,9,41,19950822,1800,,TS,14.6N,36.2W,50,998,,,,,,,,,,,,
AL,HUMBERTO,1995,9,41,19950823,0,,TS,14.8N,37.3W,60,995,,,,,,,,,,,,
AL,HUMBERTO,1995,9,41,19950823,600,,HU,14.9N,38.3W,65,987,,,,,,,,,,,,
AL,HUMBERTO,1995,9,41,19950823,1200,,HU,15.0N,39.2W,70,985,,,,,,,,,,,,
AL,HUMBERTO,1995,9,41,19950823,1800,,HU,15.1N,40.3W,75,982,,,,,,,,,,,,
AL,HUMBERTO,1995,9,41,19950824,0,,HU,15.2N,41.0W,80,975,,,,,,,,,,,,
AL,HUMBERTO,1995,9,41,19950824,600,,HU,15.3N,41.9W,85,973,,,,,,,,,,,,
AL,HUMBERTO,1995,9,41,19950824,1200,,HU,15.4N,42.6W,90,971,,,,,,,,,,,,
AL,HUMBERTO,1995,9,41,19950824,1800,,HU,15.7N,43.2W,95,968,,,,,,,,,,,,
AL,HUMBERTO,1995,9,41,19950825,0,,HU,16.1N,43.8W,90,970,,,,,,,,,,,,
AL,HUMBERTO,1995,9,41,19950825,600,,HU,16.7N,44.4W,90,970,,,,,,,,,,,,
AL,HUMBERTO,1995,9,41,19950825,1200,,HU,17.6N,45.1W,90,970,,,,,,,,,,,,
AL,HUMBERTO,1995,9,41,19950825,1800,,HU,18.5N,45.9W,90,970,,,,,,,,,,,,
AL,HUMBERTO,1995,9,41,19950826,0,,HU,19.4N,46.6W,90,970,,,,,,,,,,,,
AL,HUMBERTO,1995,9,41,19950826,600,,HU,20.0N,47.2W,90,970,,,,,,,,,,,,
AL,HUMBERTO,1995,9,41,19950826,1200,,HU,20.6N,47.6W,85,972,,,,,,,,,,,,
AL,HUMBERTO,1995,9,41,19950826,1800,,HU,21.4N,48.0W,80,975,,,,,,,,,,,,
AL,HUMBERTO,1995,9,41,19950827,0,,HU,22.2N,48.2W,80,980,,,,,,,,,,,,
AL,HUMBERTO,1995,9,41,19950827,600,,HU,22.9N,48.0W,75,982,,,,,,,,,,,,
AL,HUMBERTO,1995,9,41,19950827,1200,,HU,24.1N,48.2W,70,984,,,,,,,,,,,,
AL,HUMBERTO,1995,9,41,19950827,1800,,HU,25.4N,48.4W,70,986,,,,,,,,,,,,
AL,HUMBERTO,1995,9,41,19950828,0,,HU,26.4N,48.6W,65,992,,,,,,,,,,,,
AL,HUMBERTO,1995,9,41,19950828,600,,HU,27.1N,48.8W,65,994,,,,,,,,,,,,
AL,HUMBERTO,1995,9,41,19950828,1200,,HU,27.7N,49.1W,65,991,,,,,,,,,,,,
AL,HUMBERTO,1995,9,41,19950828,1800,,HU,28.4N,49.3W,65,987,,,,,,,,,,,,
AL,HUMBERTO,1995,9,41,19950829,0,,HU,29.0N,49.4W,65,985,,,,,,,,,,,,
AL,HUMBERTO,1995,9,41,19950829,600,,HU,29.5N,49.4W,70,983,,,,,,,,,,,,
AL,HUMBERTO,1995,9,41,19950829,1200,,HU,30.0N,49.2W,75,981,,,,,,,,,,,,
AL,HUMBERTO,1995,9,41,19950829,1800,,HU,30.6N,48.9W,75,979,,,,,,,,,,,,
AL,HUMBERTO,1995,9,41,19950830,0,,HU,31.3N,48.3W,80,978,,,,,,,,,,,,
AL,HUMBERTO,1995,9,41,19950830,600,,HU,32.8N,47.1W,80,976,,,,,,,,,,,,
AL,HUMBERTO,1995,9,41,19950830,1200,,HU,34.0N,45.7W,80,974,,,,,,,,,,,,
AL,HUMBERTO,1995,9,41,19950830,1800,,HU,35.2N,44.0W,80,971,,,,,,,,,,,,
AL,HUMBERTO,1995,9,41,19950831,0,,HU,36.0N,41.9W,80,970,,,,,,,,,,,,
AL,HUMBERTO,1995,9,41,19950831,600,,HU,37.1N,40.0W,80,971,,,,,,,,,,,,
AL,HUMBERTO,1995,9,41,19950831,1200,,HU,38.3N,39.0W,70,985,,,,,,,,,,,,
AL,HUMBERTO,1995,9,41,19950831,1800,,TS,39.1N,38.2W,60,995,,,,,,,,,,,,
AL,HUMBERTO,1995,9,41,19950901,0,,TS,40.0N,37.0W,45,1000,,,,,,,,,,,,
AL,IRIS,1995,10,66,19950822,1200,,TD,13.2N,49.3W,30,1008,,,,,,,,,,,,
AL,IRIS,1995,10,66,19950822,1800,,TS,13.3N,50.6W,35,1007,,,,,,,,,,,,
AL,IRIS,1995,10,66,19950823,0,,TS,13.7N,51.8W,35,1006,,,,,,,,,,,,
AL,IRIS,1995,10,66,19950823,600,,TS,14.0N,52.5W,40,1004,,,,,,,,,,,,
AL,IRIS,1995,10,66,19950823,1200,,TS,14.5N,53.0W,55,998,,,,,,,,,,,,
AL,IRIS,1995,10,66,19950823,1800,,HU,15.0N,53.4W,75,991,,,,,,,,,,,,
AL,IRIS,1995,10,66,19950824,0,,HU,15.2N,53.8W,70,992,,,,,,,,,,,,
AL,IRIS,1995,10,66,19950824,600,,HU,15.0N,54.3W,70,992,,,,,,,,,,,,
AL,IRIS,1995,10,66,19950824,1200,,HU,14.8N,55.1W,65,992,,,,,,,,,,,,
AL,IRIS,1995,10,66,19950824,1800,,TS,14.6N,56.0W,60,992,,,,,,,,,,,,
AL,IRIS,1995,10,66,19950825,0,,TS,14.5N,56.8W,55,995,,,,,,,,,,,,
AL,IRIS,1995,10,66,19950825,600,,TS,14.3N,57.8W,55,996,,,,,,,,,,,,
AL,IRIS,1995,10,66,19950825,1200,,TS,14.2N,58.8W,55,999,,,,,,,,,,,,
AL,IRIS,1995,10,66,19950825,1800,,TS,14.2N,59.8W,50,998,,,,,,,,,,,,
AL,IRIS,1995,10,66,19950826,0,,TS,14.0N,60.3W,50,1000,,,,,,,,,,,,
AL,IRIS,1995,10,66,19950826,600,,TS,14.2N,60.2W,45,999,,,,,,,,,,,,
AL,IRIS,1995,10,66,19950826,1200,,TS,14.6N,60.5W,45,1000,,,,,,,,,,,,
AL,IRIS,1995,10,66,19950826,1800,,TS,14.9N,61.0W,40,1003,,,,,,,,,,,,
AL,IRIS,1995,10,66,19950827,0,,TS,15.0N,61.2W,35,1006,,,,,,,,,,,,
AL,IRIS,1995,10,66,19950827,600,,TS,15.6N,61.2W,40,1005,,,,,,,,,,,,
AL,IRIS,1995,10,66,19950827,1200,,TS,16.2N,61.2W,45,1002,,,,,,,,,,,,
AL,IRIS,1995,10,66,19950827,1800,L,TS,17.0N,61.9W,50,995,,,,,,,,,,,,
AL,IRIS,1995,10,66,19950827,2300,L,TS,17.7N,62.0W,55,993,,,,,,,,,,,,
AL,IRIS,1995,10,66,19950828,0,,TS,17.8N,62.0W,55,993,,,,,,,,,,,,
AL,IRIS,1995,10,66,19950828,600,,TS,18.6N,62.0W,55,989,,,,,,,,,,,,
AL,IRIS,1995,10,66,19950828,1200,,TS,19.4N,62.1W,60,985,,,,,,,,,,,,
AL,IRIS,1995,10,66,19950828,1800,,HU,20.4N,62.4W,65,983,,,,,,,,,,,,
AL,IRIS,1995,10,66,19950829,0,,HU,21.3N,62.5W,70,981,,,,,,,,,,,,
AL,IRIS,1995,10,66,19950829,600,,HU,22.0N,62.5W,80,974,,,,,,,,,,,,
AL,IRIS,1995,10,66,19950829,1200,,HU,22.6N,62.5W,75,973,,,,,,,,,,,,
AL,IRIS,1995,10,66,19950829,1800,,HU,23.1N,62.3W,70,975,,,,,,,,,,,,
AL,IRIS,1995,10,66,19950830,0,,HU,23.6N,62.1W,70,976,,,,,,,,,,,,
AL,IRIS,1995,10,66,19950830,600,,HU,23.8N,61.8W,70,977,,,,,,,,,,,,
AL,IRIS,1995,10,66,19950830,1200,,HU,24.0N,61.4W,75,972,,,,,,,,,,,,
AL,IRIS,1995,10,66,19950830,1800,,HU,24.2N,60.8W,75,971,,,,,,,,,,,,
AL,IRIS,1995,10,66,19950831,0,,HU,24.5N,60.1W,75,971,,,,,,,,,,,,
AL,IRIS,1995,10,66,19950831,600,,HU,24.7N,59.6W,75,971,,,,,,,,,,,,
AL,IRIS,1995,10,66,19950831,1200,,HU,24.9N,59.1W,75,971,,,,,,,,,,,,
AL,IRIS,1995,10,66,19950831,1800,,HU,25.0N,58.9W,85,968,,,,,,,,,,,,
AL,IRIS,1995,10,66,19950901,0,,HU,25.2N,58.8W,90,967,,,,,,,,,,,,
AL,IRIS,1995,10,66,19950901,600,,HU,25.5N,58.8W,95,965,,,,,,,,,,,,
AL,IRIS,1995,10,66,19950901,1200,,HU,25.6N,59.0W,90,967,,,,,,,,,,,,
AL,IRIS,1995,10,66,19950901,1800,,HU,25.7N,59.7W,85,969,,,,,,,,,,,,
AL,IRIS,1995,10,66,19950902,0,,HU,26.0N,60.2W,85,971,,,,,,,,,,,,
AL,IRIS,1995,10,66,19950902,600,,HU,26.6N,60.2W,85,973,,,,,,,,,,,,
AL,IRIS,1995,10,66,19950902,1200,,HU,27.8N,59.9W,80,978,,,,,,,,,,,,
AL,IRIS,1995,10,66,19950902,1800,,HU,29.1N,59.7W,75,983,,,,,,,,,,,,
AL,IRIS,1995,10,66,19950903,0,,HU,31.3N,59.0W,75,982,,,,,,,,,,,,
AL,IRIS,1995,10,66,19950903,600,,HU,34.2N,58.6W,75,982,,,,,,,,,,,,
AL,IRIS,1995,10,66,19950903,1200,,HU,36.9N,57.5W,75,982,,,,,,,,,,,,
AL,IRIS,1995,10,66,19950903,1800,,HU,39.2N,55.5W,70,985,,,,,,,,,,,,
AL,IRIS,1995,10,66,19950904,0,,HU,41.0N,52.3W,65,987,,,,,,,,,,,,
AL,IRIS,1995,10,66,19950904,600,,TS,43.1N,49.4W,60,990,,,,,,,,,,,,
AL,IRIS,1995,10,66,19950904,1200,,EX,45.0N,46.0W,60,995,,,,,,,,,,,,
AL,IRIS,1995,10,66,19950904,1800,,EX,47.1N,42.0W,55,997,,,,,,,,,,,,
AL,IRIS,1995,10,66,19950905,0,,EX,48.7N,35.7W,50,999,,,,,,,,,,,,
AL,IRIS,1995,10,66,19950905,600,,EX,48.9N,28.1W,50,998,,,,,,,,,,,,
AL,IRIS,1995,10,66,19950905,1200,,EX,48.6N,25.0W,50,987,,,,,,,,,,,,
AL,IRIS,1995,10,66,19950905,1800,,EX,48.5N,21.5W,55,979,,,,,,,,,,,,
AL,IRIS,1995,10,66,19950906,0,,EX,48.3N,18.0W,55,972,,,,,,,,,,,,
AL,IRIS,1995,10,66,19950906,600,,EX,48.0N,14.2W,60,967,,,,,,,,,,,,
AL,IRIS,1995,10,66,19950906,1200,,EX,48.0N,12.6W,60,963,,,,,,,,,,,,
AL,IRIS,1995,10,66,19950906,1800,,EX,48.2N,11.1W,65,960,,,,,,,,,,,,
AL,IRIS,1995,10,66,19950907,0,,EX,48.4N,8.7W,65,957,,,,,,,,,,,,
AL,IRIS,1995,10,66,19950907,600,,EX,48.9N,6.9W,65,962,,,,,,,,,,,,
AL,IRIS,1995,10,66,19950907,1200,,EX,49.3N,4.4W,60,968,,,,,,,,,,,,
AL,JERRY,1995,11,22,19950822,1800,,TD,23.7N,78.7W,20,1010,,,,,,,,,,,,
AL,JERRY,1995,11,22,19950823,0,,TD,24.2N,78.9W,25,1009,,,,,,,,,,,,
AL,JERRY,1995,11,22,19950823,600,,TD,25.2N,79.2W,30,1008,,,,,,,,,,,,
AL,JERRY,1995,11,22,19950823,1200,,TS,26.4N,79.7W,35,1008,,,,,,,,,,,,
AL,JERRY,1995,11,22,19950823,1800,L,TS,27.0N,80.2W,35,1006,,,,,,,,,,,,
AL,JERRY,1995,11,22,19950824,0,,TS,27.3N,80.5W,35,1005,,,,,,,,,,,,
AL,JERRY,1995,11,22,19950824,600,,TS,27.7N,81.1W,35,1005,,,,,,,,,,,,
AL,JERRY,1995,11,22,19950824,1200,,TS,28.4N,81.8W,35,1004,,,,,,,,,,,,
AL,JERRY,1995,11,22,19950824,1800,,TD,28.8N,82.6W,30,1002,,,,,,,,,,,,
AL,JERRY,1995,11,22,19950825,0,,TD,29.0N,82.9W,30,1002,,,,,,,,,,,,
AL,JERRY,1995,11,22,19950825,600,,TD,29.2N,83.3W,30,1002,,,,,,,,,,,,
AL,JERRY,1995,11,22,19950825,1200,,TD,29.8N,83.3W,25,1004,,,,,,,,,,,,
AL,JERRY,1995,11,22,19950825,1800,,TD,30.4N,83.2W,25,1005,,,,,,,,,,,,
AL,JERRY,1995,11,22,19950826,0,,TD,30.7N,83.4W,25,1005,,,,,,,,,,,,
AL,JERRY,1995,11,22,19950826,600,,TD,31.3N,83.7W,20,1005,,,,,,,,,,,,
AL,JERRY,1995,11,22,19950826,1200,,TD,31.8N,83.9W,20,1005,,,,,,,,,,,,
AL,JERRY,1995,11,22,19950826,1800,,TD,32.4N,84.0W,20,1006,,,,,,,,,,,,
AL,JERRY,1995,11,22,19950827,0,,TD,33.0N,84.0W,20,1006,,,,,,,,,,,,
AL,JERRY,1995,11,22,19950827,600,,TD,33.5N,83.9W,20,1006,,,,,,,,,,,,
AL,JERRY,1995,11,22,19950827,1200,,TD,33.8N,83.6W,20,1006,,,,,,,,,,,,
AL,JERRY,1995,11,22,19950827,1800,,TD,33.9N,83.0W,20,1006,,,,,,,,,,,,
AL,JERRY,1995,11,22,19950828,0,,TD,33.8N,82.4W,20,1006,,,,,,,,,,,,
AL,KAREN,1995,12,31,19950826,1200,,TD,15.4N,32.7W,30,1009,,,,,,,,,,,,
AL,KAREN,1995,12,31,19950826,1800,,TD,15.5N,34.0W,30,1008,,,,,,,,,,,,
AL,KAREN,1995,12,31,19950827,0,,TD,15.6N,35.4W,30,1008,,,,,,,,,,,,
AL,KAREN,1995,12,31,19950827,600,,TD,15.8N,36.7W,30,1007,,,,,,,,,,,,
AL,KAREN,1995,12,31,19950827,1200,,TD,16.1N,38.0W,30,1007,,,,,,,,,,,,
AL,KAREN,1995,12,31,19950827,1800,,TD,16.3N,39.3W,30,1006,,,,,,,,,,,,
AL,KAREN,1995,12,31,19950828,0,,TD,16.5N,40.4W,30,1006,,,,,,,,,,,,
AL,KAREN,1995,12,31,19950828,600,,TS,16.6N,41.5W,35,1005,,,,,,,,,,,,
AL,KAREN,1995,12,31,19950828,1200,,TS,16.9N,42.6W,40,1003,,,,,,,,,,,,
AL,KAREN,1995,12,31,19950828,1800,,TS,17.4N,43.6W,45,1001,,,,,,,,,,,,
AL,KAREN,1995,12,31,19950829,0,,TS,17.7N,44.6W,45,1000,,,,,,,,,,,,
AL,KAREN,1995,12,31,19950829,600,,TS,17.8N,45.5W,45,1000,,,,,,,,,,,,
AL,KAREN,1995,12,31,19950829,1200,,TS,18.1N,46.4W,45,1000,,,,,,,,,,,,
AL,KAREN,1995,12,31,19950829,1800,,TS,18.5N,47.3W,45,1001,,,,,,,,,,,,
AL,KAREN,1995,12,31,19950830,0,,TS,19.0N,48.2W,45,1002,,,,,,,,,,,,
AL,KAREN,1995,12,31,19950830,600,,TS,19.2N,49.1W,40,1003,,,,,,,,,,,,
AL,KAREN,1995,12,31,19950830,1200,,TS,19.4N,49.9W,40,1003,,,,,,,,,,,,
AL,KAREN,1995,12,31,19950830,1800,,TS,19.6N,50.6W,40,1004,,,,,,,,,,,,
AL,KAREN,1995,12,31,19950831,0,,TS,20.0N,51.1W,40,1004,,,,,,,,,,,,
AL,KAREN,1995,12,31,19950831,600,,TS,20.3N,51.6W,40,1003,,,,,,,,,,,,
AL,KAREN,1995,12,31,19950831,1200,,TS,20.4N,51.9W,40,1002,,,,,,,,,,,,
AL,KAREN,1995,12,31,19950831,1800,,TS,20.8N,52.1W,40,1001,,,,,,,,,,,,
AL,KAREN,1995,12,31,19950901,0,,TS,21.6N,52.3W,40,1001,,,,,,,,,,,,
AL,KAREN,1995,12,31,19950901,600,,TS,22.9N,52.7W,40,1001,,,,,,,,,,,,
AL,KAREN,1995,12,31,19950901,1200,,TS,24.6N,53.3W,35,1001,,,,,,,,,,,,
AL,KAREN,1995,12,31,19950901,1800,,TS,26.6N,54.3W,35,1001,,,,,,,,,,,,
AL,KAREN,1995,12,31,19950902,0,,TS,28.4N,55.6W,35,1001,,,,,,,,,,,,
AL,KAREN,1995,12,31,19950902,600,,TS,29.9N,57.1W,35,1001,,,,,,,,,,,,
AL,KAREN,1995,12,31,19950902,1200,,TD,31.2N,59.2W,30,1001,,,,,,,,,,,,
AL,KAREN,1995,12,31,19950902,1800,,TD,32.4N,61.9W,30,1001,,,,,,,,,,,,
AL,KAREN,1995,12,31,19950903,0,,TD,33.0N,61.5W,30,1002,,,,,,,,,,,,
AL,LUIS,1995,13,66,19950827,1200,,TD,11.3N,22.7W,25,1010,,,,,,,,,,,,
AL,LUIS,1995,13,66,19950827,1800,,TD,11.1N,23.8W,25,1010,,,,,,,,,,,,
AL,LUIS,1995,13,66,19950828,0,,TD,11.0N,24.3W,25,1009,,,,,,,,,,,,
AL,LUIS,1995,13,66,19950828,600,,TD,10.9N,24.9W,25,1009,,,,,,,,,,,,
AL,LUIS,1995,13,66,19950828,1200,,TD,11.1N,26.0W,30,1008,,,,,,,,,,,,
AL,LUIS,1995,13,66,19950828,1800,,TD,11.4N,27.5W,30,1008,,,,,,,,,,,,
AL,LUIS,1995,13,66,19950829,0,,TS,11.6N,29.0W,35,1005,,,,,,,,,,,,
AL,LUIS,1995,13,66,19950829,600,,TS,11.8N,30.5W,40,1000,,,,,,,,,,,,
AL,LUIS,1995,13,66,19950829,1200,,TS,12.2N,31.9W,40,1000,,,,,,,,,,,,
AL,LUIS,1995,13,66,19950829,1800,,TS,12.7N,33.1W,40,1003,,,,,,,,,,,,
AL,LUIS,1995,13,66,19950830,0,,TS,13.0N,34.2W,40,1005,,,,,,,,,,,,
AL,LUIS,1995,13,66,19950830,600,,TS,13.2N,35.3W,45,1005,,,,,,,,,,,,
AL,LUIS,1995,13,66,19950830,1200,,TS,13.4N,36.2W,55,1005,,,,,,,,,,,,
AL,LUIS,1995,13,66,19950830,1800,,HU,13.7N,37.0W,65,1002,,,,,,,,,,,,
AL,LUIS,1995,13,66,19950831,0,,HU,14.0N,37.9W,70,998,,,,,,,,,,,,
AL,LUIS,1995,13,66,19950831,600,,HU,14.3N,38.8W,80,992,,,,,,,,,,,,
AL,LUIS,1995,13,66,19950831,1200,,HU,14.6N,39.7W,85,979,,,,,,,,,,,,
AL,LUIS,1995,13,66,19950831,1800,,HU,15.0N,40.7W,95,971,,,,,,,,,,,,
AL,LUIS,1995,13,66,19950901,0,,HU,15.4N,41.7W,100,965,,,,,,,,,,,,
AL,LUIS,1995,13,66,19950901,600,,HU,15.8N,42.6W,105,958,,,,,,,,,,,,
AL,LUIS,1995,13,66,19950901,1200,,HU,16.2N,43.6W,115,950,,,,,,,,,,,,
AL,LUIS,1995,13,66,19950901,1800,,HU,16.5N,44.7W,115,948,,,,,,,,,,,,
AL,LUIS,1995,13,66,19950902,0,,HU,16.8N,45.8W,115,948,,,,,,,,,,,,
AL,LUIS,1995,13,66,19950902,600,,HU,17.0N,46.9W,115,948,,,,,,,,,,,,
AL,LUIS,1995,13,66,19950902,1200,,HU,17.2N,48.0W,115,948,,,,,,,,,,,,
AL,LUIS,1995,13,66,19950902,1800,,HU,17.3N,49.2W,115,948,,,,,,,,,,,,
AL,LUIS,1995,13,66,19950903,0,,HU,17.3N,50.5W,115,948,,,,,,,,,,,,
AL,LUIS,1995,13,66,19950903,600,,HU,17.4N,51.8W,120,948,,,,,,,,,,,,
AL,LUIS,1995,13,66,19950903,1200,,HU,17.3N,53.1W,120,948,,,,,,,,,,,,
AL,LUIS,1995,13,66,19950903,1800,,HU,17.3N,54.3W,120,945,,,,,,,,,,,,
AL,LUIS,1995,13,66,19950904,0,,HU,17.1N,55.6W,120,942,,,,,,,,,,,,
AL,LUIS,1995,13,66,19950904,600,,HU,17.0N,56.8W,120,940,,,,,,,,,,,,
AL,LUIS,1995,13,66,19950904,1200,,HU,17.0N,58.0W,120,945,,,,,,,,,,,,
AL,LUIS,1995,13,66,19950904,1800,,HU,17.0N,59.1W,120,943,,,,,,,,,,,,
AL,LUIS,1995,13,66,19950905,0,,HU,17.1N,60.1W,120,940,,,,,,,,,,,,
AL,LUIS,1995,13,66,19950905,600,,HU,17.3N,61.0W,120,939,,,,,,,,,,,,
AL,LUIS,1995,13,66,19950905,1200,L,HU,17.5N,61.7W,115,945,,,,,,,,,,,,
AL,LUIS,1995,13,66,19950905,1800,,HU,18.0N,62.4W,115,944,,,,,,,,,,,,
AL,LUIS,1995,13,66,19950906,0,,HU,18.4N,63.0W,115,942,,,,,,,,,,,,
AL,LUIS,1995,13,66,19950906,600,,HU,18.9N,63.6W,115,939,,,,,,,,,,,,
AL,LUIS,1995,13,66,19950906,1200,,HU,19.4N,64.2W,115,943,,,,,,,,,,,,
AL,LUIS,1995,13,66,19950906,1800,,HU,20.1N,64.9W,115,940,,,,,,,,,,,,
AL,LUIS,1995,13,66,19950907,0,,HU,20.7N,65.4W,115,938,,,,,,,,,,,,
AL,LUIS,1995,13,66,19950907,600,,HU,21.3N,66.0W,115,936,,,,,,,,,,,,
AL,LUIS,1995,13,66,19950907,1200,,HU,22.0N,66.6W,110,941,,,,,,,,,,,,
AL,LUIS,1995,13,66,19950907,1800,,HU,22.8N,67.2W,110,938,,,,,,,,,,,,
AL,LUIS,1995,13,66,19950908,0,,HU,24.3N,68.0W,110,935,,,,,,,,,,,,
AL,LUIS,1995,13,66,19950908,600,,HU,25.8N,68.8W,110,939,,,,,,,,,,,,
AL,LUIS,1995,13,66,19950908,1200,,HU,26.4N,69.3W,105,941,,,,,,,,,,,,
AL,LUIS,1995,13,66,19950908,1800,,HU,26.5N,69.5W,100,944,,,,,,,,,,,,
AL,LUIS,1995,13,66,19950909,0,,HU,27.1N,69.8W,95,945,,,,,,,,,,,,
AL,LUIS,1995,13,66,19950909,600,,HU,29.1N,69.5W,90,949,,,,,,,,,,,,
AL,LUIS,1995,13,66,19950909,1200,,HU,31.0N,69.1W,85,952,,,,,,,,,,,,
AL,LUIS,1995,13,66,19950909,1800,,HU,32.7N,68.6W,85,955,,,,,,,,,,,,
AL,LUIS,1995,13,66,19950910,0,,HU,34.5N,67.2W,85,959,,,,,,,,,,,,
AL,LUIS,1995,13,66,19950910,600,,HU,36.5N,65.4W,85,963,,,,,,,,,,,,
AL,LUIS,1995,13,66,19950910,1200,,HU,38.4N,63.7W,80,961,,,,,,,,,,,,
AL,LUIS,1995,13,66,19950910,1800,,HU,40.9N,60.9W,80,966,,,,,,,,,,,,
AL,LUIS,1995,13,66,19950911,0,,HU,43.9N,57.7W,80,965,,,,,,,,,,,,
AL,LUIS,1995,13,66,19950911,600,,HU,47.1N,54.2W,80,963,,,,,,,,,,,,
AL,LUIS,1995,13,66,19950911,1200,,EX,51.5N,48.5W,70,960,,,,,,,,,,,,
AL,LUIS,1995,13,66,19950911,1800,,EX,55.0N,46.0W,60,958,,,,,,,,,,,,
AL,LUIS,1995,13,66,19950912,0,,EX,57.0N,45.0W,60,955,,,,,,,,,,,,
AL,LUIS,1995,13,66,19950912,600,,EX,58.0N,44.0W,60,950,,,,,,,,,,,,
AL,LUIS,1995,13,66,19950912,1200,,EX,59.0N,42.0W,60,955,,,,,,,,,,,,
AL,LUIS,1995,13,66,19950912,1800,,EX,60.0N,40.0W,50,960,,,,,,,,,,,,
AL,UNNAMED,1995,14,17,19950909,1200,,TD,17.9N,41.9W,25,1009,,,,,,,,,,,,
AL,UNNAMED,1995,14,17,19950909,1800,,TD,18.3N,43.3W,25,1009,,,,,,,,,,,,
AL,UNNAMED,1995,14,17,19950910,0,,TD,18.7N,44.6W,25,1009,,,,,,,,,,,,
AL,UNNAMED,1995,14,17,19950910,600,,TD,19.1N,46.1W,25,1009,,,,,,,,,,,,
AL,UNNAMED,1995,14,17,19950910,1200,,TD,20.0N,47.8W,25,1009,,,,,,,,,,,,
AL,UNNAMED,1995,14,17,19950910,1800,,TD,20.8N,49.3W,25,1009,,,,,,,,,,,,
AL,UNNAMED,1995,14,17,19950911,0,,TD,21.7N,50.9W,25,1009,,,,,,,,,,,,
AL,UNNAMED,1995,14,17,19950911,600,,TD,22.6N,52.2W,30,1008,,,,,,,,,,,,
AL,UNNAMED,1995,14,17,19950911,1200,,TD,23.4N,53.4W,30,1008,,,,,,,,,,,,
AL,UNNAMED,1995,14,17,19950911,1800,,TD,24.3N,54.5W,30,1008,,,,,,,,,,,,
AL,UNNAMED,1995,14,17,19950912,0,,TD,25.0N,55.7W,30,1008,,,,,,,,,,,,
AL,UNNAMED,1995,14,17,19950912,600,,TD,25.5N,56.3W,30,1008,,,,,,,,,,,,
AL,UNNAMED,1995,14,17,19950912,1200,,TD,25.8N,57.2W,30,1008,,,,,,,,,,,,
AL,UNNAMED,1995,14,17,19950912,1800,,TD,26.3N,57.9W,30,1008,,,,,,,,,,,,
AL,UNNAMED,1995,14,17,19950913,0,,TD,26.5N,58.9W,30,1009,,,,,,,,,,,,
AL,UNNAMED,1995,14,17,19950913,600,,TD,26.4N,60.0W,30,1009,,,,,,,,,,,,
AL,UNNAMED,1995,14,17,19950913,1200,,TD,25.8N,61.3W,25,1009,,,,,,,,,,,,
AL,MARILYN,1995,15,79,19950912,1800,,TD,11.7N,50.9W,30,1006,,,,,,,,,,,,
AL,MARILYN,1995,15,79,19950913,0,,TS,11.8N,52.7W,35,1004,,,,,,,,,,,,
AL,MARILYN,1995,15,79,19950913,600,,TS,11.9N,54.3W,45,999,,,,,,,,,,,,
AL,MARILYN,1995,15,79,19950913,1200,,TS,12.1N,55.4W,55,995,,,,,,,,,,,,
AL,MARILYN,1995,15,79,19950913,1800,,TS,12.5N,56.5W,60,990,,,,,,,,,,,,
AL,MARILYN,1995,15,79,19950914,0,,HU,13.0N,57.7W,65,988,,,,,,,,,,,,
AL,MARILYN,1995,15,79,19950914,600,,HU,13.5N,58.8W,70,987,,,,,,,,,,,,
AL,MARILYN,1995,15,79,19950914,1200,,HU,14.2N,59.8W,70,986,,,,,,,,,,,,
AL,MARILYN,1995,15,79,19950914,1800,,HU,15.0N,60.8W,70,983,,,,,,,,,,,,
AL,MARILYN,1995,15,79,19950914,2100,L,HU,15.5N,61.3W,70,984,,,,,,,,,,,,
AL,MARILYN,1995,15,79,19950915,0,,HU,15.8N,61.7W,75,985,,,,,,,,,,,,
AL,MARILYN,1995,15,79,19950915,600,,HU,16.5N,62.8W,80,977,,,,,,,,,,,,
AL,MARILYN,1995,15,79,19950915,1200,,HU,16.8N,63.5W,80,974,,,,,,,,,,,,
AL,MARILYN,1995,15,79,19950915,1800,,HU,17.4N,64.2W,85,969,,,,,,,,,,,,
AL,MARILYN,1995,15,79,19950916,0,,HU,17.9N,64.7W,90,962,,,,,,,,,,,,
AL,MARILYN,1995,15,79,19950916,600,,HU,18.5N,65.2W,95,952,,,,,,,,,,,,
AL,MARILYN,1995,15,79,19950916,1200,,HU,19.0N,65.8W,95,951,,,,,,,,,,,,
AL,MARILYN,1995,15,79,19950916,1800,,HU,19.7N,66.4W,100,950,,,,,,,,,,,,
AL,MARILYN,1995,15,79,19950917,0,,HU,20.4N,67.0W,100,950,,,,,,,,,,,,
AL,MARILYN,1995,15,79,19950917,300,I,HU,20.7N,67.1W,100,949,,,,,,,,,,,,
AL,MARILYN,1995,15,79,19950917,600,,HU,21.2N,67.5W,95,953,,,,,,,,,,,,
AL,MARILYN,1995,15,79,19950917,1200,,HU,22.0N,68.2W,80,965,,,,,,,,,,,,
AL,MARILYN,1995,15,79,19950917,1800,,HU,22.9N,68.8W,80,968,,,,,,,,,,,,
AL,MARILYN,1995,15,79,19950918,0,,HU,24.0N,69.1W,85,963,,,,,,,,,,,,
AL,MARILYN,1995,15,79,19950918,600,,HU,25.0N,69.4W,85,965,,,,,,,,,,,,
AL,MARILYN,1995,15,79,19950918,1200,,HU,26.1N,69.5W,85,966,,,,,,,,,,,,
AL,MARILYN,1995,15,79,19950918,1800,,HU,27.2N,69.3W,80,966,,,,,,,,,,,,
AL,MARILYN,1995,15,79,19950919,0,,HU,28.4N,69.0W,80,969,,,,,,,,,,,,
AL,MARILYN,1995,15,79,19950919,600,,HU,29.6N,68.6W,75,970,,,,,,,,,,,,
AL,MARILYN,1995,15,79,19950919,1200,,HU,31.0N,68.2W,75,976,,,,,,,,,,,,
AL,MARILYN,1995,15,79,19950919,1800,,HU,32.6N,67.7W,80,974,,,,,,,,,,,,
AL,MARILYN,1995,15,79,19950920,0,,HU,34.2N,66.8W,80,974,,,,,,,,,,,,
AL,MARILYN,1995,15,79,19950920,600,,HU,35.8N,66.1W,75,976,,,,,,,,,,,,
AL,MARILYN,1995,15,79,19950920,1200,,HU,37.3N,65.2W,70,978,,,,,,,,,,,,
AL,MARILYN,1995,15,79,19950920,1800,,HU,38.3N,64.3W,70,980,,,,,,,,,,,,
AL,MARILYN,1995,15,79,19950921,0,,HU,39.0N,63.3W,65,982,,,,,,,,,,,,
AL,MARILYN,1995,15,79,19950921,600,,HU,39.3N,61.9W,65,984,,,,,,,,,,,,
AL,MARILYN,1995,15,79,19950921,1200,,HU,39.4N,60.6W,65,987,,,,,,,,,,,,
AL,MARILYN,1995,15,79,19950921,1800,,TS,39.6N,59.3W,60,990,,,,,,,,,,,,
AL,MARILYN,1995,15,79,19950922,0,,TS,39.8N,58.3W,55,992,,,,,,,,,,,,
AL,MARILYN,1995,15,79,19950922,600,,EX,39.7N,57.6W,55,994,,,,,,,,,,,,
AL,MARILYN,1995,15,79,19950922,1200,,EX,39.4N,57.1W,55,996,,,,,,,,,,,,
AL,MARILYN,1995,15,79,19950922,1800,,EX,39.0N,56.8W,55,998,,,,,,,,,,,,
AL,MARILYN,1995,15,79,19950923,0,,EX,38.4N,56.7W,50,1000,,,,,,,,,,,,
AL,MARILYN,1995,15,79,19950923,600,,EX,37.8N,56.7W,45,1001,,,,,,,,,,,,
AL,MARILYN,1995,15,79,19950923,1200,,EX,37.1N,56.7W,35,1002,,,,,,,,,,,,
AL,MARILYN,1995,15,79,19950923,1800,,EX,36.6N,56.8W,30,1003,,,,,,,,,,,,
AL,MARILYN,1995,15,79,19950924,0,,EX,35.9N,57.2W,30,1004,,,,,,,,,,,,
AL,MARILYN,1995,15,79,19950924,600,,EX,35.0N,58.1W,30,1004,,,,,,,,,,,,
AL,MARILYN,1995,15,79,19950924,1200,,EX,33.8N,57.7W,30,1005,,,,,,,,,,,,
AL,MARILYN,1995,15,79,19950924,1800,,EX,33.0N,57.0W,30,1005,,,,,,,,,,,,
AL,MARILYN,1995,15,79,19950925,0,,EX,32.6N,56.6W,30,1005,,,,,,,,,,,,
AL,MARILYN,1995,15,79,19950925,600,,EX,32.0N,56.3W,30,1005,,,,,,,,,,,,
AL,MARILYN,1995,15,79,19950925,1200,,EX,31.1N,56.0W,30,1005,,,,,,,,,,,,
AL,MARILYN,1995,15,79,19950925,1800,,EX,30.9N,55.1W,30,1005,,,,,,,,,,,,
AL,MARILYN,1995,15,79,19950926,0,,EX,31.0N,54.7W,25,1006,,,,,,,,,,,,
AL,MARILYN,1995,15,79,19950926,600,,EX,31.1N,54.2W,25,1006,,,,,,,,,,,,
AL,MARILYN,1995,15,79,19950926,1200,,EX,31.3N,53.8W,25,1007,,,,,,,,,,,,
AL,MARILYN,1995,15,79,19950926,1800,,EX,31.5N,53.4W,25,1008,,,,,,,,,,,,
AL,MARILYN,1995,15,79,19950927,0,,EX,31.7N,53.1W,20,1009,,,,,,,,,,,,
AL,MARILYN,1995,15,79,19950927,600,,EX,31.8N,52.6W,20,1010,,,,,,,,,,,,
AL,MARILYN,1995,15,79,19950927,1200,,EX,32.2N,52.1W,20,1011,,,,,,,,,,,,
AL,MARILYN,1995,15,79,19950927,1800,,EX,32.6N,51.7W,20,1012,,,,,,,,,,,,
AL,MARILYN,1995,15,79,19950928,0,,EX,32.9N,51.4W,20,1013,,,,,,,,,,,,
AL,MARILYN,1995,15,79,19950928,600,,EX,33.2N,51.1W,20,1014,,,,,,,,,,,,
AL,MARILYN,1995,15,79,19950928,1200,,EX,33.6N,50.9W,20,1014,,,,,,,,,,,,
AL,MARILYN,1995,15,79,19950928,1800,,EX,34.0N,50.6W,20,1013,,,,,,,,,,,,
AL,MARILYN,1995,15,79,19950929,0,,EX,34.3N,49.9W,20,1013,,,,,,,,,,,,
AL,MARILYN,1995,15,79,19950929,600,,EX,34.8N,49.1W,20,1014,,,,,,,,,,,,
AL,MARILYN,1995,15,79,19950929,1200,,EX,35.3N,48.2W,20,1014,,,,,,,,,,,,
AL,MARILYN,1995,15,79,19950929,1800,,EX,35.3N,47.2W,20,1014,,,,,,,,,,,,
AL,MARILYN,1995,15,79,19950930,0,,EX,34.9N,47.7W,20,1015,,,,,,,,,,,,
AL,MARILYN,1995,15,79,19950930,600,,EX,34.6N,48.5W,20,1015,,,,,,,,,,,,
AL,MARILYN,1995,15,79,19950930,1200,,EX,34.6N,49.3W,20,1016,,,,,,,,,,,,
AL,MARILYN,1995,15,79,19950930,1800,,EX,34.7N,50.0W,20,1016,,,,,,,,,,,,
AL,MARILYN,1995,15,79,19951001,0,,EX,34.8N,50.5W,20,1016,,,,,,,,,,,,
AL,MARILYN,1995,15,79,19951001,600,,EX,35.0N,51.0W,20,1016,,,,,,,,,,,,
AL,MARILYN,1995,15,79,19951001,1200,,EX,35.2N,51.5W,20,1016,,,,,,,,,,,,
AL,MARILYN,1995,15,79,19951001,1800,,EX,35.3N,51.9W,20,1016,,,,,,,,,,,,
AL,NOEL,1995,16,45,19950926,1800,,TD,10.4N,37.7W,25,1007,,,,,,,,,,,,
AL,NOEL,1995,16,45,19950927,0,,TD,10.9N,39.0W,30,1006,,,,,,,,,,,,
AL,NOEL,1995,16,45,19950927,600,,TD,11.4N,40.0W,30,1005,,,,,,,,,,,,
AL,NOEL,1995,16,45,19950927,1200,,TS,12.1N,40.6W,35,1005,,,,,,,,,,,,
AL,NOEL,1995,16,45,19950927,1800,,TS,12.8N,41.0W,40,1002,,,,,,,,,,,,
AL,NOEL,1995,16,45,19950928,0,,TS,13.5N,41.5W,45,1000,,,,,,,,,,,,
AL,NOEL,1995,16,45,19950928,600,,TS,14.0N,42.0W,50,998,,,,,,,,,,,,
AL,NOEL,1995,16,45,19950928,1200,,TS,14.5N,42.4W,60,995,,,,,,,,,,,,
AL,NOEL,1995,16,45,19950928,1800,,HU,15.2N,42.6W,65,987,,,,,,,,,,,,
AL,NOEL,1995,16,45,19950929,0,,HU,15.9N,42.6W,65,987,,,,,,,,,,,,
AL,NOEL,1995,16,45,19950929,600,,HU,16.5N,42.2W,65,987,,,,,,,,,,,,
AL,NOEL,1995,16,45,19950929,1200,,HU,17.4N,41.9W,65,987,,,,,,,,,,,,
AL,NOEL,1995,16,45,19950929,1800,,HU,18.2N,41.2W,65,987,,,,,,,,,,,,
AL,NOEL,1995,16,45,19950930,0,,HU,18.9N,40.6W,65,987,,,,,,,,,,,,
AL,NOEL,1995,16,45,19950930,600,,HU,19.4N,40.3W,65,987,,,,,,,,,,,,
AL,NOEL,1995,16,45,19950930,1200,,TS,19.7N,40.2W,60,990,,,,,,,,,,,,
AL,NOEL,1995,16,45,19950930,1800,,TS,19.8N,40.1W,55,993,,,,,,,,,,,,
AL,NOEL,1995,16,45,19951001,0,,TS,19.9N,40.2W,50,994,,,,,,,,,,,,
AL,NOEL,1995,16,45,19951001,600,,TS,20.0N,40.3W,50,995,,,,,,,,,,,,
AL,NOEL,1995,16,45,19951001,1200,,TS,20.1N,40.4W,45,1000,,,,,,,,,,,,
AL,NOEL,1995,16,45,19951001,1800,,TS,20.5N,40.4W,45,1000,,,,,,,,,,,,
AL,NOEL,1995,16,45,19951002,0,,TS,20.9N,40.2W,45,1000,,,,,,,,,,,,
AL,NOEL,1995,16,45,19951002,600,,TS,21.5N,40.1W,45,1000,,,,,,,,,,,,
AL,NOEL,1995,16,45,19951002,1200,,TS,22.4N,40.0W,45,1000,,,,,,,,,,,,
AL,NOEL,1995,16,45,19951002,1800,,TS,23.5N,40.1W,45,1000,,,,,,,,,,,,
AL,NOEL,1995,16,45,19951003,0,,TS,24.7N,40.3W,45,1000,,,,,,,,,,,,
AL,NOEL,1995,16,45,19951003,600,,TS,25.7N,41.0W,40,1000,,,,,,,,,,,,
AL,NOEL,1995,16,45,19951003,1200,,TS,26.7N,41.8W,45,1000,,,,,,,,,,,,
AL,NOEL,1995,16,45,19951003,1800,,TS,27.6N,42.4W,45,1000,,,,,,,,,,,,
AL,NOEL,1995,16,45,19951004,0,,TS,28.5N,42.8W,45,999,,,,,,,,,,,,
AL,NOEL,1995,16,45,19951004,600,,TS,29.5N,43.1W,50,998,,,,,,,,,,,,
AL,NOEL,1995,16,45,19951004,1200,,TS,30.4N,43.1W,50,997,,,,,,,,,,,,
AL,NOEL,1995,16,45,19951004,1800,,TS,31.3N,43.0W,55,994,,,,,,,,,,,,
AL,NOEL,1995,16,45,19951005,0,,HU,31.9N,42.7W,65,987,,,,,,,,,,,,
AL,NOEL,1995,16,45,19951005,600,,HU,32.2N,42.3W,65,987,,,,,,,,,,,,
AL,NOEL,1995,16,45,19951005,1200,,HU,32.4N,41.5W,65,987,,,,,,,,,,,,
AL,NOEL,1995,16,45,19951005,1800,,HU,32.4N,40.5W,65,987,,,,,,,,,,,,
AL,NOEL,1995,16,45,19951006,0,,TS,32.5N,39.4W,60,990,,,,,,,,,,,,
AL,NOEL,1995,16,45,19951006,600,,TS,32.5N,38.2W,55,994,,,,,,,,,,,,
AL,NOEL,1995,16,45,19951006,1200,,TS,32.5N,36.9W,50,997,,,,,,,,,,,,
AL,NOEL,1995,16,45,19951006,1800,,TS,32.7N,35.3W,40,1001,,,,,,,,,,,,
AL,NOEL,1995,16,45,19951007,0,,TS,33.2N,33.5W,35,1004,,,,,,,,,,,,
AL,NOEL,1995,16,45,19951007,600,,EX,34.0N,31.0W,30,1000,,,,,,,,,,,,
AL,NOEL,1995,16,45,19951007,1200,,EX,35.0N,29.5W,30,997,,,,,,,,,,,,
AL,NOEL,1995,16,45,19951007,1800,,EX,36.0N,28.0W,30,995,,,,,,,,,,,,
AL,OPAL,1995,17,39,19950927,1800,,TD,19.1N,87.3W,25,1004,,,,,,,,,,,,
AL,OPAL,1995,17,39,19950928,0,,TD,19.4N,87.5W,25,1004,,,,,,,,,,,,
AL,OPAL,1995,17,39,19950928,600,,TD,19.4N,87.9W,25,1004,,,,,,,,,,,,
AL,OPAL,1995,17,39,19950928,1200,,TD,19.3N,88.2W,25,1003,,,,,,,,,,,,
AL,OPAL,1995,17,39,19950928,1800,,TD,19.3N,88.4W,25,1003,,,,,,,,,,,,
AL,OPAL,1995,17,39,19950929,0,,TD,19.4N,88.4W,25,1003,,,,,,,,,,,,
AL,OPAL,1995,17,39,19950929,600,,TD,19.5N,88.4W,25,1003,,,,,,,,,,,,
AL,OPAL,1995,17,39,19950929,1200,,TD,19.6N,88.3W,25,1003,,,,,,,,,,,,
AL,OPAL,1995,17,39,19950929,1800,,TD,19.8N,88.2W,30,1003,,,,,,,,,,,,
AL,OPAL,1995,17,39,19950930,0,,TD,20.1N,88.2W,30,1002,,,,,,,,,,,,
AL,OPAL,1995,17,39,19950930,600,,TD,20.6N,88.3W,30,1002,,,,,,,,,,,,
AL,OPAL,1995,17,39,19950930,1200,,TS,21.1N,88.5W,35,1001,,,,,,,,,,,,
AL,OPAL,1995,17,39,19950930,1800,,TS,21.4N,89.1W,40,1000,,,,,,,,,,,,
AL,OPAL,1995,17,39,19951001,0,,TS,21.3N,89.9W,45,994,,,,,,,,,,,,
AL,OPAL,1995,17,39,19951001,600,,TS,21.1N,90.7W,45,987,,,,,,,,,,,,
AL,OPAL,1995,17,39,19951001,1200,,TS,20.9N,91.2W,45,986,,,,,,,,,,,,
AL,OPAL,1995,17,39,19951001,1800,,TS,20.8N,91.6W,50,985,,,,,,,,,,,,
AL,OPAL,1995,17,39,19951002,0,,TS,20.7N,91.9W,55,984,,,,,,,,,,,,
AL,OPAL,1995,17,39,19951002,600,,TS,20.8N,92.1W,60,980,,,,,,,,,,,,
AL,OPAL,1995,17,39,19951002,1200,,HU,21.0N,92.3W,65,973,,,,,,,,,,,,
AL,OPAL,1995,17,39,19951002,1800,,HU,21.2N,92.3W,65,972,,,,,,,,,,,,
AL,OPAL,1995,17,39,19951003,0,,HU,21.7N,92.2W,70,970,,,,,,,,,,,,
AL,OPAL,1995,17,39,19951003,600,,HU,22.2N,92.0W,75,969,,,,,,,,,,,,
AL,OPAL,1995,17,39,19951003,1200,,HU,22.8N,91.6W,80,968,,,,,,,,,,,,
AL,OPAL,1995,17,39,19951003,1800,,HU,23.5N,91.0W,85,965,,,,,,,,,,,,
AL,OPAL,1995,17,39,19951004,0,,HU,24.5N,90.1W,100,953,,,,,,,,,,,,
AL,OPAL,1995,17,39,19951004,600,,HU,25.9N,89.4W,110,935,,,,,,,,,,,,
AL,OPAL,1995,17,39,19951004,1000,I,HU,26.6N,88.8W,130,916,,,,,,,,,,,,
AL,OPAL,1995,17,39,19951004,1200,,HU,27.3N,88.5W,130,919,,,,,,,,,,,,
AL,OPAL,1995,17,39,19951004,1800,,HU,29.0N,87.7W,110,938,,,,,,,,,,,,
AL,OPAL,1995,17,39,19951004,2200,L,HU,30.3N,87.1W,100,942,,,,,,,,,,,,
AL,OPAL,1995,17,39,19951005,0,,HU,31.0N,86.8W,80,950,,,,,,,,,,,,
AL,OPAL,1995,17,39,19951005,600,,TS,33.2N,86.2W,50,974,,,,,,,,,,,,
AL,OPAL,1995,17,39,19951005,1200,,TD,35.4N,85.7W,30,982,,,,,,,,,,,,
AL,OPAL,1995,17,39,19951005,1800,,EX,38.5N,83.5W,40,986,,,,,,,,,,,,
AL,OPAL,1995,17,39,19951006,0,,EX,40.5N,82.3W,40,989,,,,,,,,,,,,
AL,OPAL,1995,17,39,19951006,600,,EX,42.0N,80.5W,40,991,,,,,,,,,,,,
AL,OPAL,1995,17,39,19951006,1200,,EX,43.3N,78.4W,35,997,,,,,,,,,,,,
AL,OPAL,1995,17,39,19951006,1800,,EX,44.5N,76.5W,30,1002,,,,,,,,,,,,
AL,PABLO,1995,18,16,19951004,1800,,TD,8.3N,31.4W,30,1009,,,,,,,,,,,,
AL,PABLO,1995,18,16,19951005,0,,TD,8.4N,32.8W,30,1009,,,,,,,,,,,,
AL,PABLO,1995,18,16,19951005,600,,TD,9.3N,35.1W,30,1008,,,,,,,,,,,,
AL,PABLO,1995,18,16,19951005,1200,,TS,10.2N,37.5W,35,1006,,,,,,,,,,,,
AL,PABLO,1995,18,16,19951005,1800,,TS,11.1N,40.1W,40,1003,,,,,,,,,,,,
AL,PABLO,1995,18,16,19951006,0,,TS,11.5N,41.9W,50,997,,,,,,,,,,,,
AL,PABLO,1995,18,16,19951006,600,,TS,12.0N,44.0W,50,994,,,,,,,,,,,,
AL,PABLO,1995,18,16,19951006,1200,,TS,12.2N,45.8W,50,995,,,,,,,,,,,,
AL,PABLO,1995,18,16,19951006,1800,,TS,12.4N,47.5W,45,998,,,,,,,,,,,,
AL,PABLO,1995,18,16,19951007,0,,TS,12.5N,48.8W,45,1000,,,,,,,,,,,,
AL,PABLO,1995,18,16,19951007,600,,TS,12.7N,50.0W,45,1000,,,,,,,,,,,,
AL,PABLO,1995,18,16,19951007,1200,,TS,12.8N,51.1W,45,1000,,,,,,,,,,,,
AL,PABLO,1995,18,16,19951007,1800,,TS,12.6N,52.3W,45,1000,,,,,,,,,,,,
AL,PABLO,1995,18,16,19951008,0,,TS,12.5N,53.9W,45,1001,,,,,,,,,,,,
AL,PABLO,1995,18,16,19951008,600,,TS,12.3N,55.7W,45,1007,,,,,,,,,,,,
AL,PABLO,1995,18,16,19951008,1200,,TD,12.1N,57.5W,30,1009,,,,,,,,,,,,
AL,ROXANNE,1995,19,56,19951007,1800,,TD,14.0N,82.1W,25,1005,,,,,,,,,,,,
AL,ROXANNE,1995,19,56,19951008,0,,TD,14.2N,82.7W,25,1005,,,,,,,,,,,,
AL,ROXANNE,1995,19,56,19951008,600,,TD,14.8N,83.0W,25,1005,,,,,,,,,,,,
AL,ROXANNE,1995,19,56,19951008,1200,,TD,15.0N,83.2W,25,1005,,,,,,,,,,,,
AL,ROXANNE,1995,19,56,19951008,1800,,TD,15.7N,83.2W,30,1004,,,,,,,,,,,,
AL,ROXANNE,1995,19,56,19951009,0,,TS,16.5N,83.1W,35,1002,,,,,,,,,,,,
AL,ROXANNE,1995,19,56,19951009,600,,TS,17.2N,83.0W,40,1001,,,,,,,,,,,,
AL,ROXANNE,1995,19,56,19951009,1200,,TS,17.9N,82.9W,45,999,,,,,,,,,,,,
AL,ROXANNE,1995,19,56,19951009,1800,,TS,18.4N,82.9W,50,995,,,,,,,,,,,,
AL,ROXANNE,1995,19,56,19951010,0,,TS,18.9N,83.7W,60,989,,,,,,,,,,,,
AL,ROXANNE,1995,19,56,19951010,600,,HU,19.2N,84.3W,70,985,,,,,,,,,,,,
AL,ROXANNE,1995,19,56,19951010,1200,,HU,19.4N,85.0W,80,972,,,,,,,,,,,,
AL,ROXANNE,1995,19,56,19951010,1800,,HU,19.9N,86.0W,95,966,,,,,,,,,,,,
AL,ROXANNE,1995,19,56,19951010,2152,I,HU,20.0N,86.7W,100,956,,,,,,,,,,,,
AL,ROXANNE,1995,19,56,19951011,0,,HU,20.0N,87.0W,100,958,,,,,,,,,,,,
AL,ROXANNE,1995,19,56,19951011,200,L,HU,20.0N,87.6W,100,958,,,,,,,,,,,,
AL,ROXANNE,1995,19,56,19951011,600,,HU,20.0N,88.1W,90,970,,,,,,,,,,,,
AL,ROXANNE,1995,19,56,19951011,1200,,HU,19.9N,89.1W,75,983,,,,,,,,,,,,
AL,ROXANNE,1995,19,56,19951011,1800,,HU,19.7N,90.0W,70,987,,,,,,,,,,,,
AL,ROXANNE,1995,19,56,19951012,0,,HU,19.5N,90.8W,65,990,,,,,,,,,,,,
AL,ROXANNE,1995,19,56,19951012,600,,HU,19.5N,91.5W,65,992,,,,,,,,,,,,
AL,ROXANNE,1995,19,56,19951012,1200,,TS,19.5N,92.2W,55,994,,,,,,,,,,,,
AL,ROXANNE,1995,19,56,19951012,1800,,TS,19.7N,92.6W,55,995,,,,,,,,,,,,
AL,ROXANNE,1995,19,56,19951013,0,,TS,20.1N,92.8W,55,993,,,,,,,,,,,,
AL,ROXANNE,1995,19,56,19951013,600,,TS,20.5N,93.1W,55,993,,,,,,,,,,,,
AL,ROXANNE,1995,19,56,19951013,1200,,TS,21.0N,93.6W,55,992,,,,,,,,,,,,
AL,ROXANNE,1995,19,56,19951013,1800,,TS,21.4N,93.9W,55,988,,,,,,,,,,,,
AL,ROXANNE,1995,19,56,19951014,0,,TS,21.8N,93.9W,55,982,,,,,,,,,,,,
AL,ROXANNE,1995,19,56,19951014,600,,TS,22.2N,93.9W,60,981,,,,,,,,,,,,
AL,ROXANNE,1995,19,56,19951014,1200,,HU,22.3N,93.8W,65,980,,,,,,,,,,,,
AL,ROXANNE,1995,19,56,19951014,1800,,HU,22.3N,93.3W,70,980,,,,,,,,,,,,
AL,ROXANNE,1995,19,56,19951015,0,,HU,21.8N,92.9W,70,979,,,,,,,,,,,,
AL,ROXANNE,1995,19,56,19951015,600,,HU,21.4N,92.4W,75,979,,,,,,,,,,,,
AL,ROXANNE,1995,19,56,19951015,1200,,HU,21.0N,91.9W,75,980,,,,,,,,,,,,
AL,ROXANNE,1995,19,56,19951015,1800,,HU,20.6N,91.6W,75,980,,,,,,,,,,,,
AL,ROXANNE,1995,19,56,19951016,0,,HU,20.4N,91.5W,75,981,,,,,,,,,,,,
AL,ROXANNE,1995,19,56,19951016,600,,HU,20.3N,91.7W,70,984,,,,,,,,,,,,
AL,ROXANNE,1995,19,56,19951016,1200,,HU,20.3N,92.0W,65,985,,,,,,,,,,,,
AL,ROXANNE,1995,19,56,19951016,1800,,HU,20.4N,92.2W,65,987,,,,,,,,,,,,
AL,ROXANNE,1995,19,56,19951017,0,,HU,20.6N,92.4W,65,991,,,,,,,,,,,,
AL,ROXANNE,1995,19,56,19951017,600,,TS,20.9N,92.6W,60,995,,,,,,,,,,,,
AL,ROXANNE,1995,19,56,19951017,1200,,TS,21.2N,92.9W,55,998,,,,,,,,,,,,
AL,ROXANNE,1995,19,56,19951017,1800,,TS,21.3N,93.1W,50,1000,,,,,,,,,,,,
AL,ROXANNE,1995,19,56,19951018,0,,TS,21.5N,93.3W,45,1003,,,,,,,,,,,,
AL,ROXANNE,1995,19,56,19951018,600,,TS,21.8N,93.6W,40,1004,,,,,,,,,,,,
AL,ROXANNE,1995,19,56,19951018,1200,,TS,22.2N,94.2W,35,1005,,,,,,,,,,,,
AL,ROXANNE,1995,19,56,19951018,1800,,TS,22.3N,94.7W,35,1008,,,,,,,,,,,,
AL,ROXANNE,1995,19,56,19951019,0,,TD,22.3N,95.1W,30,1009,,,,,,,,,,,,
AL,ROXANNE,1995,19,56,19951019,600,,TD,22.4N,95.4W,30,1009,,,,,,,,,,,,
AL,ROXANNE,1995,19,56,19951019,1200,,TD,22.3N,95.5W,30,1009,,,,,,,,,,,,
AL,ROXANNE,1995,19,56,19951019,1800,,TD,22.3N,95.6W,30,1009,,,,,,,,,,,,
AL,ROXANNE,1995,19,56,19951020,0,,TD,22.4N,95.6W,30,1009,,,,,,,,,,,,
AL,ROXANNE,1995,19,56,19951020,600,,TD,22.0N,95.5W,30,1009,,,,,,,,,,,,
AL,ROXANNE,1995,19,56,19951020,1200,,TD,21.5N,95.5W,25,1009,,,,,,,,,,,,
AL,ROXANNE,1995,19,56,19951020,1800,,TD,20.5N,95.5W,25,1010,,,,,,,,,,,,
AL,ROXANNE,1995,19,56,19951021,0,,TD,19.5N,96.0W,25,1011,,,,,,,,,,,,
AL,SEBASTIEN,1995,20,19,19951020,1200,,TD,13.8N,53.8W,25,1006,,,,,,,,,,,,
AL,SEBASTIEN,1995,20,19,19951020,1800,,TD,14.8N,54.5W,30,1005,,,,,,,,,,,,
AL,SEBASTIEN,1995,20,19,19951021,0,,TS,16.0N,55.1W,35,1004,,,,,,,,,,,,
AL,SEBASTIEN,1995,20,19,19951021,600,,TS,17.6N,55.9W,35,1004,,,,,,,,,,,,
AL,SEBASTIEN,1995,20,19,19951021,1200,,TS,19.0N,56.3W,40,1005,,,,,,,,,,,,
AL,SEBASTIEN,1995,20,19,19951021,1800,,TS,20.1N,56.6W,40,1007,,,,,,,,,,,,
AL,SEBASTIEN,1995,20,19,19951022,0,,TS,21.2N,56.7W,40,1007,,,,,,,,,,,,
AL,SEBASTIEN,1995,20,19,19951022,600,,TS,21.8N,56.8W,40,1006,,,,,,,,,,,,
AL,SEBASTIEN,1995,20,19,19951022,1200,,TS,22.0N,57.7W,45,1004,,,,,,,,,,,,
AL,SEBASTIEN,1995,20,19,19951022,1800,,TS,21.5N,58.5W,55,1001,,,,,,,,,,,,
AL,SEBASTIEN,1995,20,19,19951023,0,,TS,20.9N,59.5W,50,1001,,,,,,,,,,,,
AL,SEBASTIEN,1995,20,19,19951023,600,,TS,20.1N,60.4W,45,1002,,,,,,,,,,,,
AL,SEBASTIEN,1995,20,19,19951023,1200,,TS,19.4N,61.0W,40,1003,,,,,,,,,,,,
AL,SEBASTIEN,1995,20,19,19951023,1800,,TS,19.0N,61.7W,35,1004,,,,,,,,,,,,
AL,SEBASTIEN,1995,20,19,19951024,0,,TD,18.6N,62.3W,30,1005,,,,,,,,,,,,
AL,SEBASTIEN,1995,20,19,19951024,600,,TD,18.3N,63.0W,30,1007,,,,,,,,,,,,
AL,SEBASTIEN,1995,20,19,19951024,1200,,TD,18.0N,63.7W,30,1007,,,,,,,,,,,,
AL,SEBASTIEN,1995,20,19,19951024,1800,,TD,17.7N,64.3W,25,1007,,,,,,,,,,,,
AL,SEBASTIEN,1995,20,19,19951025,0,,TD,17.5N,64.5W,20,1008,,,,,,,,,,,,
AL,TANYA,1995,21,29,19951027,0,,TD,24.6N,59.2W,30,1004,,,,,,,,,,,,
AL,TANYA,1995,21,29,19951027,600,,TD,25.3N,58.6W,30,1002,,,,,,,,,,,,
AL,TANYA,1995,21,29,19951027,1200,,TS,26.2N,57.9W,35,1001,,,,,,,,,,,,
AL,TANYA,1995,21,29,19951027,1800,,TS,27.1N,57.1W,40,998,,,,,,,,,,,,
AL,TANYA,1995,21,29,19951028,0,,TS,27.2N,56.6W,45,997,,,,,,,,,,,,
AL,TANYA,1995,21,29,19951028,600,,TS,27.3N,56.2W,45,996,,,,,,,,,,,,
AL,TANYA,1995,21,29,19951028,1200,,TS,27.2N,55.7W,50,995,,,,,,,,,,,,
AL,TANYA,1995,21,29,19951028,1800,,TS,27.5N,54.7W,55,992,,,,,,,,,,,,
AL,TANYA,1995,21,29,19951029,0,,TS,28.4N,54.2W,60,990,,,,,,,,,,,,
AL,TANYA,1995,21,29,19951029,600,,TS,29.6N,54.2W,60,987,,,,,,,,,,,,
AL,TANYA,1995,21,29,19951029,1200,,HU,30.5N,54.9W,65,983,,,,,,,,,,,,
AL,TANYA,1995,21,29,19951029,1800,,HU,31.2N,55.3W,70,982,,,,,,,,,,,,
AL,TANYA,1995,21,29,19951030,0,,HU,31.8N,54.8W,70,980,,,,,,,,,,,,
AL,TANYA,1995,21,29,19951030,600,,HU,32.6N,54.2W,70,980,,,,,,,,,,,,
AL,TANYA,1995,21,29,19951030,1200,,HU,33.1N,53.4W,70,979,,,,,,,,,,,,
AL,TANYA,1995,21,29,19951030,1800,,HU,33.8N,51.8W,75,977,,,,,,,,,,,,
AL,TANYA,1995,21,29,19951031,0,,HU,34.6N,50.1W,75,975,,,,,,,,,,,,
AL,TANYA,1995,21,29,19951031,600,,HU,35.4N,48.3W,75,972,,,,,,,,,,,,
AL,TANYA,1995,21,29,19951031,1200,,HU,36.2N,45.8W,75,973,,,,,,,,,,,,
AL,TANYA,1995,21,29,19951031,1800,,HU,37.1N,43.2W,75,973,,,,,,,,,,,,
AL,TANYA,1995,21,29,19951101,0,,HU,37.8N,40.4W,70,974,,,,,,,,,,,,
AL,TANYA,1995,21,29,19951101,600,,HU,37.7N,37.9W,65,974,,,,,,,,,,,,
AL,TANYA,1995,21,29,19951101,1200,,TS,37.4N,35.4W,60,974,,,,,,,,,,,,
AL,TANYA,1995,21,29,19951101,1800,,TS,37.7N,31.8W,55,972,,,,,,,,,,,,
AL,TANYA,1995,21,29,19951102,0,,EX,39.2N,28.2W,55,970,,,,,,,,,,,,
AL,TANYA,1995,21,29,19951102,600,,EX,41.8N,25.7W,55,971,,,,,,,,,,,,
AL,TANYA,1995,21,29,19951102,1200,,EX,44.5N,24.0W,50,974,,,,,,,,,,,,
AL,TANYA,1995,21,29,19951102,1800,,EX,47.5N,23.0W,45,976,,,,,,,,,,,,
AL,TANYA,1995,21,29,19951103,0,,EX,50.5N,24.0W,40,977,,,,,,,,,,,,
AL,ARTHUR,1996,1,22,19960617,1800,,TD,26.8N,77.8W,25,1010,,,,,,,,,,,,
AL,ARTHUR,1996,1,22,19960618,0,,TD,27.7N,78.3W,25,1010,,,,,,,,,,,,
AL,ARTHUR,1996,1,22,19960618,600,,TD,28.6N,78.8W,25,1009,,,,,,,,,,,,
AL,ARTHUR,1996,1,22,19960618,1200,,TD,29.7N,78.8W,25,1008,,,,,,,,,,,,
AL,ARTHUR,1996,1,22,19960618,1800,,TD,30.6N,78.7W,30,1008,,,,,,,,,,,,
AL,ARTHUR,1996,1,22,19960619,0,,TS,31.5N,78.7W,35,1004,,,,,,,,,,,,
AL,ARTHUR,1996,1,22,19960619,600,,TS,32.3N,78.6W,35,1006,,,,,,,,,,,,
AL,ARTHUR,1996,1,22,19960619,1200,,TS,33.2N,78.1W,40,1005,,,,,,,,,,,,
AL,ARTHUR,1996,1,22,19960619,1800,,TS,33.9N,77.3W,40,1005,,,,,,,,,,,,
AL,ARTHUR,1996,1,22,19960620,0,L,TS,34.7N,76.4W,35,1005,,,,,,,,,,,,
AL,ARTHUR,1996,1,22,19960620,600,,TS,35.5N,75.4W,35,1005,,,,,,,,,,,,
AL,ARTHUR,1996,1,22,19960620,1200,,TD,36.4N,74.1W,30,1005,,,,,,,,,,,,
AL,ARTHUR,1996,1,22,19960620,1800,,TD,36.9N,72.5W,30,1004,,,,,,,,,,,,
AL,ARTHUR,1996,1,22,19960621,0,,TD,37.3N,70.3W,30,1003,,,,,,,,,,,,
AL,ARTHUR,1996,1,22,19960621,600,,TD,37.3N,66.5W,30,1002,,,,,,,,,,,,
AL,ARTHUR,1996,1,22,19960621,1200,,EX,37.5N,62.0W,35,1001,,,,,,,,,,,,
AL,ARTHUR,1996,1,22,19960621,1800,,EX,37.8N,56.2W,45,1000,,,,,,,,,,,,
AL,ARTHUR,1996,1,22,19960622,0,,EX,38.5N,50.5W,45,998,,,,,,,,,,,,
AL,ARTHUR,1996,1,22,19960622,600,,EX,40.0N,47.0W,45,995,,,,,,,,,,,,
AL,ARTHUR,1996,1,22,19960622,1200,,EX,41.0N,43.0W,45,993,,,,,,,,,,,,
AL,ARTHUR,1996,1,22,19960622,1800,,EX,42.5N,40.0W,45,992,,,,,,,,,,,,
AL,ARTHUR,1996,1,22,19960623,0,,EX,44.0N,37.0W,45,996,,,,,,,,,,,,
AL,BERTHA,1996,2,51,19960705,0,,TD,9.8N,34.0W,30,1009,,,,,,,,,,,,
AL,BERTHA,1996,2,51,19960705,600,,TD,10.2N,36.3W,30,1008,,,,,,,,,,,,
AL,BERTHA,1996,2,51,19960705,1200,,TS,11.0N,39.0W,35,1007,,,,,,,,,,,,
AL,BERTHA,1996,2,51,19960705,1800,,TS,12.0N,41.2W,35,1006,,,,,,,,,,,,
AL,BERTHA,1996,2,51,19960706,0,,TS,12.7N,43.9W,35,1005,,,,,,,,,,,,
AL,BERTHA,1996,2,51,19960706,600,,TS,13.1N,46.6W,35,1004,,,,,,,,,,,,
AL,BERTHA,1996,2,51,19960706,1200,,TS,13.7N,48.7W,40,1002,,,,,,,,,,,,
AL,BERTHA,1996,2,51,19960706,1800,,TS,14.2N,51.0W,45,1000,,,,,,,,,,,,
AL,BERTHA,1996,2,51,19960707,0,,TS,14.9N,52.9W,50,999,,,,,,,,,,,,
AL,BERTHA,1996,2,51,19960707,600,,TS,15.6N,54.8W,55,997,,,,,,,,,,,,
AL,BERTHA,1996,2,51,19960707,1200,,TS,16.4N,56.9W,60,995,,,,,,,,,,,,
AL,BERTHA,1996,2,51,19960707,1800,,HU,16.5N,58.4W,70,992,,,,,,,,,,,,
AL,BERTHA,1996,2,51,19960708,0,,HU,17.0N,60.1W,75,988,,,,,,,,,,,,
AL,BERTHA,1996,2,51,19960708,600,,HU,17.5N,61.8W,75,985,,,,,,,,,,,,
AL,BERTHA,1996,2,51,19960708,1200,,HU,18.0N,63.5W,70,983,,,,,,,,,,,,
AL,BERTHA,1996,2,51,19960708,1800,,HU,18.6N,64.9W,75,978,,,,,,,,,,,,
AL,BERTHA,1996,2,51,19960709,0,,HU,19.4N,66.1W,80,970,,,,,,,,,,,,
AL,BERTHA,1996,2,51,19960709,600,,HU,20.3N,67.7W,100,960,,,,,,,,,,,,
AL,BERTHA,1996,2,51,19960709,1200,,HU,21.4N,69.4W,100,965,,,,,,,,,,,,
AL,BERTHA,1996,2,51,19960709,1800,,HU,22.5N,71.1W,90,967,,,,,,,,,,,,
AL,BERTHA,1996,2,51,19960710,0,,HU,23.6N,72.6W,85,969,,,,,,,,,,,,
AL,BERTHA,1996,2,51,19960710,600,,HU,24.5N,74.0W,80,971,,,,,,,,,,,,
AL,BERTHA,1996,2,51,19960710,1200,,HU,25.4N,75.3W,80,968,,,,,,,,,,,,
AL,BERTHA,1996,2,51,19960710,1800,,HU,26.4N,75.8W,80,966,,,,,,,,,,,,
AL,BERTHA,1996,2,51,19960711,0,,HU,27.5N,76.4W,75,968,,,,,,,,,,,,
AL,BERTHA,1996,2,51,19960711,600,,HU,28.3N,76.8W,75,972,,,,,,,,,,,,
AL,BERTHA,1996,2,51,19960711,1200,,HU,29.2N,77.5W,75,977,,,,,,,,,,,,
AL,BERTHA,1996,2,51,19960711,1800,,HU,30.0N,78.0W,70,980,,,,,,,,,,,,
AL,BERTHA,1996,2,51,19960712,0,,HU,30.7N,78.3W,70,982,,,,,,,,,,,,
AL,BERTHA,1996,2,51,19960712,600,,HU,31.2N,78.6W,70,984,,,,,,,,,,,,
AL,BERTHA,1996,2,51,19960712,1200,,HU,32.2N,78.4W,85,975,,,,,,,,,,,,
AL,BERTHA,1996,2,51,19960712,1800,,HU,33.6N,78.1W,90,974,,,,,,,,,,,,
AL,BERTHA,1996,2,51,19960712,2000,L,HU,34.3N,77.8W,90,974,,,,,,,,,,,,
AL,BERTHA,1996,2,51,19960713,0,,HU,35.0N,77.6W,65,993,,,,,,,,,,,,
AL,BERTHA,1996,2,51,19960713,600,,TS,36.7N,77.0W,60,993,,,,,,,,,,,,
AL,BERTHA,1996,2,51,19960713,1200,,TS,38.3N,76.1W,60,994,,,,,,,,,,,,
AL,BERTHA,1996,2,51,19960713,1800,,TS,40.2N,74.5W,60,994,,,,,,,,,,,,
AL,BERTHA,1996,2,51,19960714,0,,TS,42.1N,71.9W,60,994,,,,,,,,,,,,
AL,BERTHA,1996,2,51,19960714,600,,TS,44.1N,69.0W,55,995,,,,,,,,,,,,
AL,BERTHA,1996,2,51,19960714,1200,,EX,46.0N,66.0W,50,995,,,,,,,,,,,,
AL,BERTHA,1996,2,51,19960714,1800,,EX,47.0N,62.0W,50,995,,,,,,,,,,,,
AL,BERTHA,1996,2,51,19960715,0,,EX,48.0N,57.0W,50,995,,,,,,,,,,,,
AL,BERTHA,1996,2,51,19960715,600,,EX,49.0N,52.0W,45,996,,,,,,,,,,,,
AL,BERTHA,1996,2,51,19960715,1200,,EX,51.0N,47.0W,40,996,,,,,,,,,,,,
AL,BERTHA,1996,2,51,19960715,1800,,EX,54.0N,44.0W,40,996,,,,,,,,,,,,
AL,BERTHA,1996,2,51,19960716,0,,EX,57.5N,42.5W,40,991,,,,,,,,,,,,
AL,BERTHA,1996,2,51,19960716,600,,EX,58.5N,42.5W,40,988,,,,,,,,,,,,
AL,BERTHA,1996,2,51,19960716,1200,,EX,59.5N,42.0W,45,988,,,,,,,,,,,,
AL,BERTHA,1996,2,51,19960716,1800,,EX,59.8N,41.0W,45,985,,,,,,,,,,,,
AL,BERTHA,1996,2,51,19960717,0,,EX,60.0N,40.0W,40,993,,,,,,,,,,,,
AL,BERTHA,1996,2,51,19960717,600,,EX,60.5N,39.0W,35,1001,,,,,,,,,,,,
AL,CESAR,1996,3,18,19960724,1800,,TD,11.8N,62.6W,25,1009,,,,,,,,,,,,
AL,CESAR,1996,3,18,19960725,0,,TD,11.9N,64.7W,25,1009,,,,,,,,,,,,
AL,CESAR,1996,3,18,19960725,600,,TD,11.9N,66.5W,30,1007,,,,,,,,,,,,
AL,CESAR,1996,3,18,19960725,1200,,TS,12.1N,68.1W,40,1004,,,,,,,,,,,,
AL,CESAR,1996,3,18,19960725,1800,,TS,12.3N,69.6W,40,1002,,,,,,,,,,,,
AL,CESAR,1996,3,18,19960726,0,,TS,12.4N,71.0W,40,1002,,,,,,,,,,,,
AL,CESAR,1996,3,18,19960726,600,,TS,12.4N,72.7W,40,1002,,,,,,,,,,,,
AL,CESAR,1996,3,18,19960726,1200,,TS,12.3N,74.5W,45,1002,,,,,,,,,,,,
AL,CESAR,1996,3,18,19960726,1800,,TS,11.9N,76.1W,50,1002,,,,,,,,,,,,
AL,CESAR,1996,3,18,19960727,0,,TS,11.7N,77.2W,50,1000,,,,,,,,,,,,
AL,CESAR,1996,3,18,19960727,600,,TS,11.6N,78.1W,60,992,,,,,,,,,,,,
AL,CESAR,1996,3,18,19960727,1200,,HU,11.6N,79.5W,70,992,,,,,,,,,,,,
AL,CESAR,1996,3,18,19960727,1800,,HU,11.8N,81.0W,65,994,,,,,,,,,,,,
AL,CESAR,1996,3,18,19960728,0,,HU,12.0N,82.6W,70,992,,,,,,,,,,,,
AL,CESAR,1996,3,18,19960728,400,L,HU,12.2N,83.9W,75,985,,,,,,,,,,,,
AL,CESAR,1996,3,18,19960728,600,,HU,12.3N,84.2W,70,990,,,,,,,,,,,,
AL,CESAR,1996,3,18,19960728,1200,,TS,12.7N,86.2W,50,995,,,,,,,,,,,,
AL,CESAR,1996,3,18,19960728,1800,,TS,13.1N,87.9W,35,1004,,,,,,,,,,,,
AL,DOLLY,1996,4,25,19960819,600,,TD,17.3N,80.2W,25,1009,,,,,,,,,,,,
AL,DOLLY,1996,4,25,19960819,1200,,TD,17.8N,81.7W,30,1008,,,,,,,,,,,,
AL,DOLLY,1996,4,25,19960819,1800,,TS,18.2N,83.0W,45,1006,,,,,,,,,,,,
AL,DOLLY,1996,4,25,19960820,0,,TS,18.6N,84.4W,45,1006,,,,,,,,,,,,
AL,DOLLY,1996,4,25,19960820,600,,TS,18.8N,85.7W,55,1005,,,,,,,,,,,,
AL,DOLLY,1996,4,25,19960820,1200,,TS,19.0N,86.9W,60,1002,,,,,,,,,,,,
AL,DOLLY,1996,4,25,19960820,1730,L,HU,19.1N,87.7W,65,999,,,,,,,,,,,,
AL,DOLLY,1996,4,25,19960820,1800,,HU,19.2N,87.8W,65,999,,,,,,,,,,,,
AL,DOLLY,1996,4,25,19960821,0,,TS,19.2N,88.7W,40,1001,,,,,,,,,,,,
AL,DOLLY,1996,4,25,19960821,600,,TS,19.3N,89.5W,35,1002,,,,,,,,,,,,
AL,DOLLY,1996,4,25,19960821,1200,,TD,19.4N,90.1W,30,1002,,,,,,,,,,,,
AL,DOLLY,1996,4,25,19960821,1800,,TD,19.5N,90.7W,30,1002,,,,,,,,,,,,
AL,DOLLY,1996,4,25,19960822,0,,TS,19.7N,91.4W,35,1002,,,,,,,,,,,,
AL,DOLLY,1996,4,25,19960822,600,,TS,20.1N,92.6W,45,1002,,,,,,,,,,,,
AL,DOLLY,1996,4,25,19960822,1200,,TS,20.4N,93.7W,45,999,,,,,,,,,,,,
AL,DOLLY,1996,4,25,19960822,1800,,TS,20.6N,94.2W,50,993,,,,,,,,,,,,
AL,DOLLY,1996,4,25,19960823,0,,TS,20.9N,94.9W,55,990,,,,,,,,,,,,
AL,DOLLY,1996,4,25,19960823,600,,TS,21.3N,96.1W,60,991,,,,,,,,,,,,
AL,DOLLY,1996,4,25,19960823,1200,L,HU,21.6N,97.7W,70,989,,,,,,,,,,,,
AL,DOLLY,1996,4,25,19960823,1800,,TS,21.6N,99.3W,45,997,,,,,,,,,,,,
AL,DOLLY,1996,4,25,19960824,0,,TD,21.6N,100.9W,30,1002,,,,,,,,,,,,
AL,DOLLY,1996,4,25,19960824,600,,TD,21.6N,102.5W,25,1004,,,,,,,,,,,,
AL,DOLLY,1996,4,25,19960824,1200,,TD,21.7N,104.0W,20,1005,,,,,,,,,,,,
AL,DOLLY,1996,4,25,19960824,1800,,TD,21.7N,105.7W,20,1005,,,,,,,,,,,,
AL,DOLLY,1996,4,25,19960825,0,,TD,21.8N,107.3W,20,1005,,,,,,,,,,,,
AL,EDOUARD,1996,5,73,19960819,1800,,TD,12.4N,19.9W,25,1007,,,,,,,,,,,,
AL,EDOUARD,1996,5,73,19960820,0,,TD,12.4N,20.7W,25,1007,,,,,,,,,,,,
AL,EDOUARD,1996,5,73,19960820,600,,TD,12.4N,21.6W,25,1007,,,,,,,,,,,,
AL,EDOUARD,1996,5,73,19960820,1200,,TD,12.5N,22.6W,25,1007,,,,,,,,,,,,
AL,EDOUARD,1996,5,73,19960820,1800,,TD,12.6N,23.8W,25,1007,,,,,,,,,,,,
AL,EDOUARD,1996,5,73,19960821,0,,TD,12.6N,25.3W,25,1007,,,,,,,,,,,,
AL,EDOUARD,1996,5,73,19960821,600,,TD,12.8N,26.7W,25,1007,,,,,,,,,,,,
AL,EDOUARD,1996,5,73,19960821,1200,,TD,12.9N,27.9W,25,1007,,,,,,,,,,,,
AL,EDOUARD,1996,5,73,19960821,1800,,TD,13.0N,29.2W,25,1006,,,,,,,,,,,,
AL,EDOUARD,1996,5,73,19960822,0,,TD,13.1N,30.3W,30,1006,,,,,,,,,,,,
AL,EDOUARD,1996,5,73,19960822,600,,TS,13.2N,31.6W,35,1005,,,,,,,,,,,,
AL,EDOUARD,1996,5,73,19960822,1200,,TS,13.4N,32.9W,40,1003,,,,,,,,,,,,
AL,EDOUARD,1996,5,73,19960822,1800,,TS,13.5N,34.4W,40,1002,,,,,,,,,,,,
AL,EDOUARD,1996,5,73,19960823,0,,TS,13.7N,35.8W,45,1000,,,,,,,,,,,,
AL,EDOUARD,1996,5,73,19960823,600,,TS,13.8N,37.0W,50,996,,,,,,,,,,,,
AL,EDOUARD,1996,5,73,19960823,1200,,HU,13.9N,38.3W,65,988,,,,,,,,,,,,
AL,EDOUARD,1996,5,73,19960823,1800,,HU,14.0N,39.8W,65,986,,,,,,,,,,,,
AL,EDOUARD,1996,5,73,19960824,0,,HU,14.1N,41.1W,70,983,,,,,,,,,,,,
AL,EDOUARD,1996,5,73,19960824,600,,HU,14.1N,42.4W,75,980,,,,,,,,,,,,
AL,EDOUARD,1996,5,73,19960824,1200,,HU,14.4N,43.6W,90,970,,,,,,,,,,,,
AL,EDOUARD,1996,5,73,19960824,1800,,HU,14.6N,44.7W,100,960,,,,,,,,,,,,
AL,EDOUARD,1996,5,73,19960825,0,,HU,15.0N,45.8W,120,942,,,,,,,,,,,,
AL,EDOUARD,1996,5,73,19960825,600,,HU,15.4N,47.0W,125,933,,,,,,,,,,,,
AL,EDOUARD,1996,5,73,19960825,1200,,HU,15.9N,48.3W,125,934,,,,,,,,,,,,
AL,EDOUARD,1996,5,73,19960825,1800,,HU,16.5N,49.6W,125,935,,,,,,,,,,,,
AL,EDOUARD,1996,5,73,19960826,0,,HU,17.0N,50.9W,125,936,,,,,,,,,,,,
AL,EDOUARD,1996,5,73,19960826,600,,HU,17.5N,52.0W,125,936,,,,,,,,,,,,
AL,EDOUARD,1996,5,73,19960826,1200,,HU,17.9N,53.2W,125,937,,,,,,,,,,,,
AL,EDOUARD,1996,5,73,19960826,1800,,HU,18.4N,54.5W,125,938,,,,,,,,,,,,
AL,EDOUARD,1996,5,73,19960827,0,,HU,18.9N,55.6W,125,942,,,,,,,,,,,,
AL,EDOUARD,1996,5,73,19960827,600,,HU,19.5N,56.9W,120,948,,,,,,,,,,,,
AL,EDOUARD,1996,5,73,19960827,1200,,HU,20.0N,58.1W,115,952,,,,,,,,,,,,
AL,EDOUARD,1996,5,73,19960827,1800,,HU,20.4N,59.3W,115,951,,,,,,,,,,,,
AL,EDOUARD,1996,5,73,19960828,0,,HU,20.9N,60.4W,125,944,,,,,,,,,,,,
AL,EDOUARD,1996,5,73,19960828,600,,HU,21.3N,61.7W,115,952,,,,,,,,,,,,
AL,EDOUARD,1996,5,73,19960828,1200,,HU,21.9N,63.2W,110,960,,,,,,,,,,,,
AL,EDOUARD,1996,5,73,19960828,1800,,HU,22.3N,64.6W,110,956,,,,,,,,,,,,
AL,EDOUARD,1996,5,73,19960829,0,,HU,22.9N,65.9W,110,957,,,,,,,,,,,,
AL,EDOUARD,1996,5,73,19960829,600,,HU,23.4N,67.1W,110,961,,,,,,,,,,,,
AL,EDOUARD,1996,5,73,19960829,1200,,HU,24.0N,68.1W,115,950,,,,,,,,,,,,
AL,EDOUARD,1996,5,73,19960829,1800,,HU,24.7N,69.0W,120,948,,,,,,,,,,,,
AL,EDOUARD,1996,5,73,19960830,0,,HU,25.5N,69.5W,120,941,,,,,,,,,,,,
AL,EDOUARD,1996,5,73,19960830,600,,HU,26.4N,69.9W,120,939,,,,,,,,,,,,
AL,EDOUARD,1996,5,73,19960830,1200,,HU,27.4N,70.2W,120,938,,,,,,,,,,,,
AL,EDOUARD,1996,5,73,19960830,1800,,HU,28.5N,70.5W,120,934,,,,,,,,,,,,
AL,EDOUARD,1996,5,73,19960831,0,,HU,29.5N,70.5W,110,944,,,,,,,,,,,,
AL,EDOUARD,1996,5,73,19960831,600,,HU,30.4N,70.6W,105,950,,,,,,,,,,,,
AL,EDOUARD,1996,5,73,19960831,1200,,HU,31.6N,70.3W,105,952,,,,,,,,,,,,
AL,EDOUARD,1996,5,73,19960831,1800,,HU,32.7N,70.1W,100,953,,,,,,,,,,,,
AL,EDOUARD,1996,5,73,19960901,0,,HU,34.0N,70.1W,100,959,,,,,,,,,,,,
AL,EDOUARD,1996,5,73,19960901,600,,HU,35.2N,70.1W,100,958,,,,,,,,,,,,
AL,EDOUARD,1996,5,73,19960901,1200,,HU,36.5N,70.2W,95,958,,,,,,,,,,,,
AL,EDOUARD,1996,5,73,19960901,1800,,HU,37.5N,70.0W,85,960,,,,,,,,,,,,
AL,EDOUARD,1996,5,73,19960902,0,,HU,38.7N,69.5W,80,964,,,,,,,,,,,,
AL,EDOUARD,1996,5,73,19960902,600,,HU,39.8N,69.4W,70,961,,,,,,,,,,,,
AL,EDOUARD,1996,5,73,19960902,1200,,HU,40.5N,68.3W,70,962,,,,,,,,,,,,
AL,EDOUARD,1996,5,73,19960902,1800,,HU,41.3N,67.3W,65,972,,,,,,,,,,,,
AL,EDOUARD,1996,5,73,19960903,0,,TS,42.0N,66.8W,60,978,,,,,,,,,,,,
AL,EDOUARD,1996,5,73,19960903,600,,EX,42.2N,66.0W,55,985,,,,,,,,,,,,
AL,EDOUARD,1996,5,73,19960903,1200,,EX,42.5N,65.0W,50,992,,,,,,,,,,,,
AL,EDOUARD,1996,5,73,19960903,1800,,EX,42.7N,63.0W,50,995,,,,,,,,,,,,
AL,EDOUARD,1996,5,73,19960904,0,,EX,43.2N,59.8W,50,997,,,,,,,,,,,,
AL,EDOUARD,1996,5,73,19960904,600,,EX,43.3N,57.5W,50,994,,,,,,,,,,,,
AL,EDOUARD,1996,5,73,19960904,1200,,EX,43.4N,55.5W,50,994,,,,,,,,,,,,
AL,EDOUARD,1996,5,73,19960904,1800,,EX,43.5N,53.5W,50,995,,,,,,,,,,,,
AL,EDOUARD,1996,5,73,19960905,0,,EX,43.5N,51.5W,50,995,,,,,,,,,,,,
AL,EDOUARD,1996,5,73,19960905,600,,EX,43.5N,50.0W,45,994,,,,,,,,,,,,
AL,EDOUARD,1996,5,73,19960905,1200,,EX,43.5N,48.5W,45,994,,,,,,,,,,,,
AL,EDOUARD,1996,5,73,19960905,1800,,EX,43.7N,47.5W,45,995,,,,,,,,,,,,
AL,EDOUARD,1996,5,73,19960906,0,,EX,44.5N,46.0W,40,995,,,,,,,,,,,,
AL,EDOUARD,1996,5,73,19960906,600,,EX,46.0N,44.0W,40,994,,,,,,,,,,,,
AL,EDOUARD,1996,5,73,19960906,1200,,EX,48.0N,43.0W,40,992,,,,,,,,,,,,
AL,EDOUARD,1996,5,73,19960906,1800,,EX,50.0N,41.0W,40,990,,,,,,,,,,,,
AL,FRAN,1996,6,72,19960823,1200,,TD,14.0N,21.0W,25,1012,,,,,,,,,,,,
AL,FRAN,1996,6,72,19960823,1800,,TD,14.1N,22.8W,25,1011,,,,,,,,,,,,
AL,FRAN,1996,6,72,19960824,0,,TD,14.2N,24.8W,25,1010,,,,,,,,,,,,
AL,FRAN,1996,6,72,19960824,600,,TD,14.2N,26.6W,30,1009,,,,,,,,,,,,
AL,FRAN,1996,6,72,19960824,1200,,TD,14.1N,28.2W,30,1009,,,,,,,,,,,,
AL,FRAN,1996,6,72,19960824,1800,,TD,14.1N,29.6W,30,1009,,,,,,,,,,,,
AL,FRAN,1996,6,72,19960825,0,,TD,14.1N,30.8W,25,1009,,,,,,,,,,,,
AL,FRAN,1996,6,72,19960825,600,,TD,14.3N,32.0W,25,1009,,,,,,,,,,,,
AL,FRAN,1996,6,72,19960825,1200,,TD,14.6N,33.4W,25,1009,,,,,,,,,,,,
AL,FRAN,1996,6,72,19960825,1800,,TD,14.7N,35.1W,25,1009,,,,,,,,,,,,
AL,FRAN,1996,6,72,19960826,0,,TD,14.9N,37.0W,25,1009,,,,,,,,,,,,
AL,FRAN,1996,6,72,19960826,600,,TD,15.1N,38.6W,25,1009,,,,,,,,,,,,
AL,FRAN,1996,6,72,19960826,1200,,TD,15.3N,40.0W,30,1009,,,,,,,,,,,,
AL,FRAN,1996,6,72,19960826,1800,,TD,15.2N,41.4W,30,1008,,,,,,,,,,,,
AL,FRAN,1996,6,72,19960827,0,,TD,14.9N,42.7W,30,1007,,,,,,,,,,,,
AL,FRAN,1996,6,72,19960827,600,,TD,14.7N,43.8W,30,1006,,,,,,,,,,,,
AL,FRAN,1996,6,72,19960827,1200,,TS,14.6N,44.9W,35,1005,,,,,,,,,,,,
AL,FRAN,1996,6,72,19960827,1800,,TS,14.6N,46.1W,40,1004,,,,,,,,,,,,
AL,FRAN,1996,6,72,19960828,0,,TS,14.6N,47.5W,45,1002,,,,,,,,,,,,
AL,FRAN,1996,6,72,19960828,600,,TS,15.0N,49.1W,50,1000,,,,,,,,,,,,
AL,FRAN,1996,6,72,19960828,1200,,TS,15.5N,50.7W,55,995,,,,,,,,,,,,
AL,FRAN,1996,6,72,19960828,1800,,TS,15.9N,52.3W,60,990,,,,,,,,,,,,
AL,FRAN,1996,6,72,19960829,0,,HU,16.4N,53.7W,65,987,,,,,,,,,,,,
AL,FRAN,1996,6,72,19960829,600,,HU,17.0N,55.0W,65,987,,,,,,,,,,,,
AL,FRAN,1996,6,72,19960829,1200,,HU,17.8N,56.3W,65,988,,,,,,,,,,,,
AL,FRAN,1996,6,72,19960829,1800,,HU,18.6N,57.5W,65,988,,,,,,,,,,,,
AL,FRAN,1996,6,72,19960830,0,,HU,19.1N,58.5W,65,991,,,,,,,,,,,,
AL,FRAN,1996,6,72,19960830,600,,HU,19.4N,59.4W,65,991,,,,,,,,,,,,
AL,FRAN,1996,6,72,19960830,1200,,HU,19.8N,60.1W,65,989,,,,,,,,,,,,
AL,FRAN,1996,6,72,19960830,1800,,TS,20.2N,60.6W,60,990,,,,,,,,,,,,
AL,FRAN,1996,6,72,19960831,0,,TS,20.5N,60.9W,60,988,,,,,,,,,,,,
AL,FRAN,1996,6,72,19960831,600,,TS,20.8N,61.2W,60,987,,,,,,,,,,,,
AL,FRAN,1996,6,72,19960831,1200,,HU,21.1N,61.4W,65,984,,,,,,,,,,,,
AL,FRAN,1996,6,72,19960831,1800,,HU,21.5N,61.7W,65,983,,,,,,,,,,,,
AL,FRAN,1996,6,72,19960901,0,,HU,21.7N,62.1W,65,978,,,,,,,,,,,,
AL,FRAN,1996,6,72,19960901,600,,HU,21.9N,62.6W,65,982,,,,,,,,,,,,
AL,FRAN,1996,6,72,19960901,1200,,HU,22.2N,63.2W,70,982,,,,,,,,,,,,
AL,FRAN,1996,6,72,19960901,1800,,HU,22.5N,63.9W,75,981,,,,,,,,,,,,
AL,FRAN,1996,6,72,19960902,0,,HU,22.9N,64.7W,75,978,,,,,,,,,,,,
AL,FRAN,1996,6,72,19960902,600,,HU,23.3N,65.7W,75,976,,,,,,,,,,,,
AL,FRAN,1996,6,72,19960902,1200,,HU,23.6N,66.7W,75,976,,,,,,,,,,,,
AL,FRAN,1996,6,72,19960902,1800,,HU,23.9N,67.9W,75,976,,,,,,,,,,,,
AL,FRAN,1996,6,72,19960903,0,,HU,24.2N,69.0W,75,977,,,,,,,,,,,,
AL,FRAN,1996,6,72,19960903,600,,HU,24.4N,70.1W,80,975,,,,,,,,,,,,
AL,FRAN,1996,6,72,19960903,1200,,HU,24.7N,71.2W,80,973,,,,,,,,,,,,
AL,FRAN,1996,6,72,19960903,1800,,HU,25.2N,72.2W,85,968,,,,,,,,,,,,
AL,FRAN,1996,6,72,19960904,0,,HU,25.7N,73.1W,95,961,,,,,,,,,,,,
AL,FRAN,1996,6,72,19960904,600,,HU,26.4N,73.9W,100,953,,,,,,,,,,,,
AL,FRAN,1996,6,72,19960904,1200,,HU,27.0N,74.7W,105,956,,,,,,,,,,,,
AL,FRAN,1996,6,72,19960904,1800,,HU,27.7N,75.5W,105,952,,,,,,,,,,,,
AL,FRAN,1996,6,72,19960905,0,,HU,28.6N,76.1W,105,946,,,,,,,,,,,,
AL,FRAN,1996,6,72,19960905,600,,HU,29.8N,76.7W,105,952,,,,,,,,,,,,
AL,FRAN,1996,6,72,19960905,1200,,HU,31.0N,77.2W,100,954,,,,,,,,,,,,
AL,FRAN,1996,6,72,19960905,1800,,HU,32.3N,77.8W,100,952,,,,,,,,,,,,
AL,FRAN,1996,6,72,19960906,0,,HU,33.7N,78.0W,100,954,,,,,,,,,,,,
AL,FRAN,1996,6,72,19960906,30,L,HU,33.9N,78.0W,100,954,,,,,,,,,,,,
AL,FRAN,1996,6,72,19960906,600,,HU,35.2N,78.7W,65,970,,,,,,,,,,,,
AL,FRAN,1996,6,72,19960906,1200,,TS,36.7N,79.0W,40,985,,,,,,,,,,,,
AL,FRAN,1996,6,72,19960906,1800,,TD,38.0N,79.4W,30,995,,,,,,,,,,,,
AL,FRAN,1996,6,72,19960907,0,,TD,39.2N,79.9W,30,1000,,,,,,,,,,,,
AL,FRAN,1996,6,72,19960907,600,,TD,40.4N,80.4W,30,1001,,,,,,,,,,,,
AL,FRAN,1996,6,72,19960907,1200,,TD,41.2N,80.5W,30,1001,,,,,,,,,,,,
AL,FRAN,1996,6,72,19960907,1800,,TD,42.0N,80.4W,30,1000,,,,,,,,,,,,
AL,FRAN,1996,6,72,19960908,0,,TD,42.8N,80.1W,30,999,,,,,,,,,,,,
AL,FRAN,1996,6,72,19960908,600,,TD,43.4N,79.9W,30,999,,,,,,,,,,,,
AL,FRAN,1996,6,72,19960908,1200,,TD,44.0N,79.0W,25,1000,,,,,,,,,,,,
AL,FRAN,1996,6,72,19960908,1800,,TD,44.5N,77.6W,25,1001,,,,,,,,,,,,
AL,FRAN,1996,6,72,19960909,0,,EX,44.9N,75.9W,25,1002,,,,,,,,,,,,
AL,FRAN,1996,6,72,19960909,600,,EX,45.4N,74.0W,20,1004,,,,,,,,,,,,
AL,FRAN,1996,6,72,19960909,1200,,EX,45.7N,72.3W,15,1006,,,,,,,,,,,,
AL,FRAN,1996,6,72,19960909,1800,,EX,46.0N,71.1W,15,1008,,,,,,,,,,,,
AL,FRAN,1996,6,72,19960910,0,,EX,46.7N,70.0W,15,1010,,,,,,,,,,,,
AL,GUSTAV,1996,7,29,19960826,0,,TD,12.7N,23.0W,30,1008,,,,,,,,,,,,
AL,GUSTAV,1996,7,29,19960826,600,,TD,12.7N,24.1W,30,1008,,,,,,,,,,,,
AL,GUSTAV,1996,7,29,19960826,1200,,TD,12.5N,25.3W,30,1008,,,,,,,,,,,,
AL,GUSTAV,1996,7,29,19960826,1800,,TD,12.3N,26.6W,30,1008,,,,,,,,,,,,
AL,GUSTAV,1996,7,29,19960827,0,,TD,12.1N,27.8W,30,1008,,,,,,,,,,,,
AL,GUSTAV,1996,7,29,19960827,600,,TD,11.7N,28.8W,30,1008,,,,,,,,,,,,
AL,GUSTAV,1996,7,29,19960827,1200,,TD,11.1N,30.0W,30,1007,,,,,,,,,,,,
AL,GUSTAV,1996,7,29,19960827,1800,,TD,10.6N,31.0W,30,1007,,,,,,,,,,,,
AL,GUSTAV,1996,7,29,19960828,0,,TD,10.4N,31.8W,30,1006,,,,,,,,,,,,
AL,GUSTAV,1996,7,29,19960828,600,,TS,10.6N,32.7W,35,1006,,,,,,,,,,,,
AL,GUSTAV,1996,7,29,19960828,1200,,TS,11.0N,33.6W,35,1005,,,,,,,,,,,,
AL,GUSTAV,1996,7,29,19960828,1800,,TS,11.8N,34.4W,35,1005,,,,,,,,,,,,
AL,GUSTAV,1996,7,29,19960829,0,,TS,12.5N,35.2W,40,1005,,,,,,,,,,,,
AL,GUSTAV,1996,7,29,19960829,600,,TS,13.1N,36.2W,40,1005,,,,,,,,,,,,
AL,GUSTAV,1996,7,29,19960829,1200,,TS,13.7N,37.2W,40,1005,,,,,,,,,,,,
AL,GUSTAV,1996,7,29,19960829,1800,,TS,14.4N,38.0W,40,1005,,,,,,,,,,,,
AL,GUSTAV,1996,7,29,19960830,0,,TS,15.2N,38.4W,35,1005,,,,,,,,,,,,
AL,GUSTAV,1996,7,29,19960830,600,,TS,15.8N,38.9W,35,1005,,,,,,,,,,,,
AL,GUSTAV,1996,7,29,19960830,1200,,TS,16.2N,39.5W,35,1006,,,,,,,,,,,,
AL,GUSTAV,1996,7,29,19960830,1800,,TS,16.6N,40.4W,35,1006,,,,,,,,,,,,
AL,GUSTAV,1996,7,29,19960831,0,,TS,17.1N,41.1W,35,1007,,,,,,,,,,,,
AL,GUSTAV,1996,7,29,19960831,600,,TS,17.7N,41.8W,35,1008,,,,,,,,,,,,
AL,GUSTAV,1996,7,29,19960831,1200,,TS,18.3N,42.5W,35,1008,,,,,,,,,,,,
AL,GUSTAV,1996,7,29,19960831,1800,,TS,18.7N,43.2W,35,1008,,,,,,,,,,,,
AL,GUSTAV,1996,7,29,19960901,0,,TS,19.3N,43.8W,35,1008,,,,,,,,,,,,
AL,GUSTAV,1996,7,29,19960901,600,,TS,19.9N,44.5W,35,1008,,,,,,,,,,,,
AL,GUSTAV,1996,7,29,19960901,1200,,TS,20.5N,45.4W,35,1008,,,,,,,,,,,,
AL,GUSTAV,1996,7,29,19960901,1800,,TD,20.9N,46.5W,30,1008,,,,,,,,,,,,
AL,GUSTAV,1996,7,29,19960902,0,,TD,21.3N,47.7W,30,1008,,,,,,,,,,,,
AL,HORTENSE,1996,8,53,19960903,1200,,TD,14.9N,41.0W,25,1006,,,,,,,,,,,,
AL,HORTENSE,1996,8,53,19960903,1800,,TD,14.9N,42.7W,30,1006,,,,,,,,,,,,
AL,HORTENSE,1996,8,53,19960904,0,,TD,14.8N,44.1W,30,1006,,,,,,,,,,,,
AL,HORTENSE,1996,8,53,19960904,600,,TD,14.7N,45.4W,30,1006,,,,,,,,,,,,
AL,HORTENSE,1996,8,53,19960904,1200,,TD,14.6N,46.6W,30,1006,,,,,,,,,,,,
AL,HORTENSE,1996,8,53,19960904,1800,,TD,14.7N,47.5W,30,1006,,,,,,,,,,,,
AL,HORTENSE,1996,8,53,19960905,0,,TD,14.9N,48.4W,30,1006,,,,,,,,,,,,
AL,HORTENSE,1996,8,53,19960905,600,,TD,14.8N,49.5W,30,1006,,,,,,,,,,,,
AL,HORTENSE,1996,8,53,19960905,1200,,TD,14.5N,51.1W,30,1006,,,,,,,,,,,,
AL,HORTENSE,1996,8,53,19960905,1800,,TD,14.3N,52.6W,30,1006,,,,,,,,,,,,
AL,HORTENSE,1996,8,53,19960906,0,,TD,14.4N,53.6W,30,1006,,,,,,,,,,,,
AL,HORTENSE,1996,8,53,19960906,600,,TD,14.6N,54.3W,30,1006,,,,,,,,,,,,
AL,HORTENSE,1996,8,53,19960906,1200,,TD,14.7N,55.1W,30,1006,,,,,,,,,,,,
AL,HORTENSE,1996,8,53,19960906,1800,,TD,14.9N,55.7W,30,1006,,,,,,,,,,,,
AL,HORTENSE,1996,8,53,19960907,0,,TD,15.2N,57.0W,30,1006,,,,,,,,,,,,
AL,HORTENSE,1996,8,53,19960907,600,,TS,15.4N,58.3W,35,1005,,,,,,,,,,,,
AL,HORTENSE,1996,8,53,19960907,1200,,TS,15.6N,59.6W,40,1004,,,,,,,,,,,,
AL,HORTENSE,1996,8,53,19960907,1800,,TS,15.8N,60.4W,40,1000,,,,,,,,,,,,
AL,HORTENSE,1996,8,53,19960908,0,,TS,16.1N,61.2W,50,996,,,,,,,,,,,,
AL,HORTENSE,1996,8,53,19960908,600,,TS,16.1N,62.0W,55,996,,,,,,,,,,,,
AL,HORTENSE,1996,8,53,19960908,1200,,TS,16.1N,62.8W,60,996,,,,,,,,,,,,
AL,HORTENSE,1996,8,53,19960908,1800,,TS,16.1N,63.6W,60,991,,,,,,,,,,,,
AL,HORTENSE,1996,8,53,19960909,0,,TS,16.1N,64.1W,60,990,,,,,,,,,,,,
AL,HORTENSE,1996,8,53,19960909,600,,HU,16.1N,64.5W,70,987,,,,,,,,,,,,
AL,HORTENSE,1996,8,53,19960909,1200,,HU,16.3N,65.0W,70,985,,,,,,,,,,,,
AL,HORTENSE,1996,8,53,19960909,1800,,HU,16.6N,65.6W,70,990,,,,,,,,,,,,
AL,HORTENSE,1996,8,53,19960910,0,,HU,17.1N,66.1W,70,989,,,,,,,,,,,,
AL,HORTENSE,1996,8,53,19960910,600,L,HU,18.0N,66.9W,70,989,,,,,,,,,,,,
AL,HORTENSE,1996,8,53,19960910,1200,,HU,18.3N,67.8W,65,989,,,,,,,,,,,,
AL,HORTENSE,1996,8,53,19960910,1800,,HU,18.9N,68.4W,65,990,,,,,,,,,,,,
AL,HORTENSE,1996,8,53,19960911,0,,HU,19.5N,68.9W,70,982,,,,,,,,,,,,
AL,HORTENSE,1996,8,53,19960911,600,,HU,20.1N,69.5W,75,975,,,,,,,,,,,,
AL,HORTENSE,1996,8,53,19960911,1200,,HU,20.9N,70.1W,90,971,,,,,,,,,,,,
AL,HORTENSE,1996,8,53,19960911,1800,,HU,21.6N,70.6W,95,970,,,,,,,,,,,,
AL,HORTENSE,1996,8,53,19960912,0,,HU,22.3N,71.1W,100,967,,,,,,,,,,,,
AL,HORTENSE,1996,8,53,19960912,600,,HU,23.0N,71.4W,105,962,,,,,,,,,,,,
AL,HORTENSE,1996,8,53,19960912,1200,,HU,23.9N,71.8W,115,959,,,,,,,,,,,,
AL,HORTENSE,1996,8,53,19960912,1800,,HU,24.7N,71.8W,115,946,,,,,,,,,,,,
AL,HORTENSE,1996,8,53,19960913,0,,HU,25.9N,71.5W,120,935,,,,,,,,,,,,
AL,HORTENSE,1996,8,53,19960913,600,,HU,27.2N,71.4W,115,942,,,,,,,,,,,,
AL,HORTENSE,1996,8,53,19960913,1200,,HU,29.0N,70.9W,100,948,,,,,,,,,,,,
AL,HORTENSE,1996,8,53,19960913,1800,,HU,31.0N,70.3W,100,948,,,,,,,,,,,,
AL,HORTENSE,1996,8,53,19960914,0,,HU,33.3N,69.5W,90,948,,,,,,,,,,,,
AL,HORTENSE,1996,8,53,19960914,600,,HU,35.9N,68.4W,90,955,,,,,,,,,,,,
AL,HORTENSE,1996,8,53,19960914,1200,,HU,38.5N,67.1W,85,960,,,,,,,,,,,,
AL,HORTENSE,1996,8,53,19960914,1800,,HU,42.0N,65.2W,75,960,,,,,,,,,,,,
AL,HORTENSE,1996,8,53,19960915,0,,HU,44.3N,63.3W,70,970,,,,,,,,,,,,
AL,HORTENSE,1996,8,53,19960915,300,L,HU,44.8N,62.5W,70,978,,,,,,,,,,,,
AL,HORTENSE,1996,8,53,19960915,600,,HU,45.5N,61.5W,65,980,,,,,,,,,,,,
AL,HORTENSE,1996,8,53,19960915,1200,,TS,46.3N,59.1W,60,982,,,,,,,,,,,,
AL,HORTENSE,1996,8,53,19960915,1800,,EX,46.0N,55.0W,40,996,,,,,,,,,,,,
AL,HORTENSE,1996,8,53,19960916,0,,EX,46.0N,54.0W,40,998,,,,,,,,,,,,
AL,HORTENSE,1996,8,53,19960916,600,,EX,45.0N,50.0W,35,999,,,,,,,,,,,,
AL,ISIDORE,1996,9,33,19960924,1200,,TD,8.6N,23.3W,25,1008,,,,,,,,,,,,
AL,ISIDORE,1996,9,33,19960924,1800,,TD,9.2N,25.2W,30,1008,,,,,,,,,,,,
AL,ISIDORE,1996,9,33,19960925,0,,TD,9.9N,26.9W,30,1006,,,,,,,,,,,,
AL,ISIDORE,1996,9,33,19960925,600,,TS,10.3N,28.5W,35,1004,,,,,,,,,,,,
AL,ISIDORE,1996,9,33,19960925,1200,,TS,10.7N,30.0W,45,1000,,,,,,,,,,,,
AL,ISIDORE,1996,9,33,19960925,1800,,TS,11.0N,31.7W,50,994,,,,,,,,,,,,
AL,ISIDORE,1996,9,33,19960926,0,,TS,11.2N,32.8W,60,988,,,,,,,,,,,,
AL,ISIDORE,1996,9,33,19960926,600,,HU,11.7N,34.2W,70,984,,,,,,,,,,,,
AL,ISIDORE,1996,9,33,19960926,1200,,HU,12.4N,35.8W,70,980,,,,,,,,,,,,
AL,ISIDORE,1996,9,33,19960926,1800,,HU,12.8N,37.1W,75,977,,,,,,,,,,,,
AL,ISIDORE,1996,9,33,19960927,0,,HU,13.1N,38.6W,80,974,,,,,,,,,,,,
AL,ISIDORE,1996,9,33,19960927,600,,HU,13.7N,39.8W,85,972,,,,,,,,,,,,
AL,ISIDORE,1996,9,33,19960927,1200,,HU,14.1N,41.1W,90,968,,,,,,,,,,,,
AL,ISIDORE,1996,9,33,19960927,1800,,HU,14.9N,42.2W,95,963,,,,,,,,,,,,
AL,ISIDORE,1996,9,33,19960928,0,,HU,15.8N,42.9W,100,960,,,,,,,,,,,,
AL,ISIDORE,1996,9,33,19960928,600,,HU,16.7N,43.1W,100,961,,,,,,,,,,,,
AL,ISIDORE,1996,9,33,19960928,1200,,HU,17.8N,43.2W,95,965,,,,,,,,,,,,
AL,ISIDORE,1996,9,33,19960928,1800,,HU,19.0N,43.2W,90,968,,,,,,,,,,,,
AL,ISIDORE,1996,9,33,19960929,0,,HU,20.0N,42.9W,85,973,,,,,,,,,,,,
AL,ISIDORE,1996,9,33,19960929,600,,HU,20.8N,42.2W,75,979,,,,,,,,,,,,
AL,ISIDORE,1996,9,33,19960929,1200,,HU,21.8N,41.3W,70,982,,,,,,,,,,,,
AL,ISIDORE,1996,9,33,19960929,1800,,HU,22.6N,40.9W,65,986,,,,,,,,,,,,
AL,ISIDORE,1996,9,33,19960930,0,,TS,23.8N,40.4W,60,989,,,,,,,,,,,,
AL,ISIDORE,1996,9,33,19960930,600,,TS,25.3N,40.1W,60,992,,,,,,,,,,,,
AL,ISIDORE,1996,9,33,19960930,1200,,TS,26.7N,40.0W,50,995,,,,,,,,,,,,
AL,ISIDORE,1996,9,33,19960930,1800,,TS,28.2N,40.1W,45,997,,,,,,,,,,,,
AL,ISIDORE,1996,9,33,19961001,0,,TS,29.9N,40.3W,35,1000,,,,,,,,,,,,
AL,ISIDORE,1996,9,33,19961001,600,,TS,31.6N,40.4W,35,1002,,,,,,,,,,,,
AL,ISIDORE,1996,9,33,19961001,1200,,TD,33.6N,40.4W,30,1005,,,,,,,,,,,,
AL,ISIDORE,1996,9,33,19961001,1800,,TD,35.8N,40.3W,30,1008,,,,,,,,,,,,
AL,ISIDORE,1996,9,33,19961002,0,,EX,38.1N,40.2W,25,1010,,,,,,,,,,,,
AL,ISIDORE,1996,9,33,19961002,600,,EX,40.3N,39.6W,20,1013,,,,,,,,,,,,
AL,ISIDORE,1996,9,33,19961002,1200,,EX,43.0N,36.0W,20,1015,,,,,,,,,,,,
AL,JOSEPHINE,1996,10,47,19961004,1800,,TD,22.7N,96.2W,25,1003,,,,,,,,,,,,
AL,JOSEPHINE,1996,10,47,19961005,0,,TD,23.0N,96.1W,30,1003,,,,,,,,,,,,
AL,JOSEPHINE,1996,10,47,19961005,600,,TD,23.3N,96.0W,30,1003,,,,,,,,,,,,
AL,JOSEPHINE,1996,10,47,19961005,1200,,TD,23.6N,95.8W,30,1003,,,,,,,,,,,,
AL,JOSEPHINE,1996,10,47,19961005,1800,,TD,24.3N,95.5W,30,1003,,,,,,,,,,,,
AL,JOSEPHINE,1996,10,47,19961006,0,,TD,24.8N,95.0W,30,1002,,,,,,,,,,,,
AL,JOSEPHINE,1996,10,47,19961006,600,,TD,25.0N,94.5W,30,1002,,,,,,,,,,,,
AL,JOSEPHINE,1996,10,47,19961006,1200,,TD,25.1N,93.5W,30,1003,,,,,,,,,,,,
AL,JOSEPHINE,1996,10,47,19961006,1800,,TS,25.1N,91.8W,35,1001,,,,,,,,,,,,
AL,JOSEPHINE,1996,10,47,19961007,0,,TS,25.5N,90.4W,40,996,,,,,,,,,,,,
AL,JOSEPHINE,1996,10,47,19961007,600,,TS,25.9N,88.9W,50,992,,,,,,,,,,,,
AL,JOSEPHINE,1996,10,47,19961007,1200,,TS,26.9N,87.3W,60,981,,,,,,,,,,,,
AL,JOSEPHINE,1996,10,47,19961007,1800,,TS,28.2N,86.0W,60,983,,,,,,,,,,,,
AL,JOSEPHINE,1996,10,47,19961008,0,,TS,29.3N,84.5W,60,983,,,,,,,,,,,,
AL,JOSEPHINE,1996,10,47,19961008,330,L,TS,30.0N,83.9W,60,983,,,,,,,,,,,,
AL,JOSEPHINE,1996,10,47,19961008,600,,EX,30.9N,82.3W,45,990,,,,,,,,,,,,
AL,JOSEPHINE,1996,10,47,19961008,1200,,EX,34.0N,79.0W,45,988,,,,,,,,,,,,
AL,JOSEPHINE,1996,10,47,19961008,1800,,EX,36.0N,76.0W,45,986,,,,,,,,,,,,
AL,JOSEPHINE,1996,10,47,19961009,0,,EX,38.0N,73.5W,45,983,,,,,,,,,,,,
AL,JOSEPHINE,1996,10,47,19961009,600,,EX,41.0N,71.0W,45,980,,,,,,,,,,,,
AL,JOSEPHINE,1996,10,47,19961009,1200,,EX,42.5N,68.0W,45,980,,,,,,,,,,,,
AL,JOSEPHINE,1996,10,47,19961009,1800,,EX,44.5N,65.5W,45,984,,,,,,,,,,,,
AL,JOSEPHINE,1996,10,47,19961010,0,,EX,46.5N,62.5W,45,985,,,,,,,,,,,,
AL,JOSEPHINE,1996,10,47,19961010,600,,EX,48.5N,58.0W,45,985,,,,,,,,,,,,
AL,JOSEPHINE,1996,10,47,19961010,1200,,EX,49.5N,55.0W,45,983,,,,,,,,,,,,
AL,JOSEPHINE,1996,10,47,19961010,1800,,EX,50.5N,50.0W,45,984,,,,,,,,,,,,
AL,JOSEPHINE,1996,10,47,19961011,0,,EX,51.0N,44.0W,45,984,,,,,,,,,,,,
AL,JOSEPHINE,1996,10,47,19961011,600,,EX,51.0N,38.0W,45,986,,,,,,,,,,,,
AL,JOSEPHINE,1996,10,47,19961011,1200,,EX,51.0N,32.0W,45,988,,,,,,,,,,,,
AL,JOSEPHINE,1996,10,47,19961011,1800,,EX,51.0N,26.0W,45,989,,,,,,,,,,,,
AL,JOSEPHINE,1996,10,47,19961012,0,,EX,51.0N,21.0W,45,985,,,,,,,,,,,,
AL,JOSEPHINE,1996,10,47,19961012,600,,EX,51.0N,18.0W,45,980,,,,,,,,,,,,
AL,JOSEPHINE,1996,10,47,19961012,1200,,EX,51.5N,16.5W,45,982,,,,,,,,,,,,
AL,JOSEPHINE,1996,10,47,19961012,1800,,EX,52.5N,15.5W,50,977,,,,,,,,,,,,
AL,JOSEPHINE,1996,10,47,19961013,0,,EX,53.0N,15.5W,55,973,,,,,,,,,,,,
AL,JOSEPHINE,1996,10,47,19961013,600,,EX,53.5N,15.5W,60,971,,,,,,,,,,,,
AL,JOSEPHINE,1996,10,47,19961013,1200,,EX,54.0N,15.5W,55,972,,,,,,,,,,,,
AL,JOSEPHINE,1996,10,47,19961013,1800,,EX,55.5N,15.5W,50,977,,,,,,,,,,,,
AL,JOSEPHINE,1996,10,47,19961014,0,,EX,57.5N,16.0W,45,982,,,,,,,,,,,,
AL,JOSEPHINE,1996,10,47,19961014,600,,EX,60.0N,18.0W,45,977,,,,,,,,,,,,
AL,JOSEPHINE,1996,10,47,19961014,1200,,EX,61.0N,20.0W,45,972,,,,,,,,,,,,
AL,JOSEPHINE,1996,10,47,19961014,1800,,EX,62.0N,22.0W,45,970,,,,,,,,,,,,
AL,JOSEPHINE,1996,10,47,19961015,0,,EX,62.5N,24.0W,45,972,,,,,,,,,,,,
AL,JOSEPHINE,1996,10,47,19961015,600,,EX,63.0N,26.0W,45,978,,,,,,,,,,,,
AL,JOSEPHINE,1996,10,47,19961015,1200,,EX,63.0N,28.0W,40,983,,,,,,,,,,,,
AL,JOSEPHINE,1996,10,47,19961015,1800,,EX,63.0N,29.5W,35,988,,,,,,,,,,,,
AL,JOSEPHINE,1996,10,47,19961016,0,,EX,63.0N,30.5W,30,992,,,,,,,,,,,,
AL,KYLE,1996,11,7,19961011,1200,,TD,17.3N,86.5W,30,1006,,,,,,,,,,,,
AL,KYLE,1996,11,7,19961011,1800,,TS,16.9N,87.1W,45,1002,,,,,,,,,,,,
AL,KYLE,1996,11,7,19961011,2100,I,TS,16.7N,87.4W,45,1001,,,,,,,,,,,,
AL,KYLE,1996,11,7,19961012,0,,TS,16.6N,87.5W,45,1001,,,,,,,,,,,,
AL,KYLE,1996,11,7,19961012,600,,TS,16.3N,87.8W,35,1004,,,,,,,,,,,,
AL,KYLE,1996,11,7,19961012,1200,L,TD,16.0N,88.1W,30,1008,,,,,,,,,,,,
AL,KYLE,1996,11,7,19961012,1800,,TD,15.7N,88.4W,25,1012,,,,,,,,,,,,
AL,LILI,1996,12,60,19961014,1200,,TD,12.8N,80.4W,25,1006,,,,,,,,,,,,
AL,LILI,1996,12,60,19961014,1800,,TD,13.4N,80.9W,25,1005,,,,,,,,,,,,
AL,LILI,1996,12,60,19961015,0,,TD,14.1N,81.4W,25,1005,,,,,,,,,,,,
AL,LILI,1996,12,60,19961015,600,,TD,14.8N,81.9W,25,1005,,,,,,,,,,,,
AL,LILI,1996,12,60,19961015,1200,,TD,15.4N,82.5W,30,1004,,,,,,,,,,,,
AL,LILI,1996,12,60,19961015,1800,,TD,16.1N,83.1W,30,1003,,,,,,,,,,,,
AL,LILI,1996,12,60,19961016,0,,TD,16.8N,83.5W,30,999,,,,,,,,,,,,
AL,LILI,1996,12,60,19961016,600,,TS,17.5N,83.8W,35,998,,,,,,,,,,,,
AL,LILI,1996,12,60,19961016,1200,,TS,18.2N,83.8W,45,998,,,,,,,,,,,,
AL,LILI,1996,12,60,19961016,1800,,TS,18.3N,84.5W,50,996,,,,,,,,,,,,
AL,LILI,1996,12,60,19961017,0,,TS,18.2N,84.2W,55,992,,,,,,,,,,,,
AL,LILI,1996,12,60,19961017,600,,TS,18.8N,83.7W,60,990,,,,,,,,,,,,
AL,LILI,1996,12,60,19961017,1200,,HU,19.6N,83.5W,65,987,,,,,,,,,,,,
AL,LILI,1996,12,60,19961017,1800,,HU,20.5N,83.1W,70,984,,,,,,,,,,,,
AL,LILI,1996,12,60,19961018,0,,HU,21.3N,82.8W,70,982,,,,,,,,,,,,
AL,LILI,1996,12,60,19961018,600,,HU,21.8N,82.2W,75,980,,,,,,,,,,,,
AL,LILI,1996,12,60,19961018,930,L,HU,22.3N,82.0W,85,975,,,,,,,,,,,,
AL,LILI,1996,12,60,19961018,1200,,HU,22.4N,81.5W,85,975,,,,,,,,,,,,
AL,LILI,1996,12,60,19961018,1800,,HU,22.5N,80.0W,80,975,,,,,,,,,,,,
AL,LILI,1996,12,60,19961019,0,,HU,23.0N,78.2W,85,975,,,,,,,,,,,,
AL,LILI,1996,12,60,19961019,600,,HU,23.5N,76.2W,90,970,,,,,,,,,,,,
AL,LILI,1996,12,60,19961019,1200,,HU,24.4N,74.0W,100,960,,,,,,,,,,,,
AL,LILI,1996,12,60,19961019,1800,,HU,25.5N,71.5W,90,962,,,,,,,,,,,,
AL,LILI,1996,12,60,19961020,0,,HU,26.9N,69.0W,80,964,,,,,,,,,,,,
AL,LILI,1996,12,60,19961020,600,,HU,28.3N,67.0W,80,968,,,,,,,,,,,,
AL,LILI,1996,12,60,19961020,1200,,HU,29.6N,65.0W,85,960,,,,,,,,,,,,
AL,LILI,1996,12,60,19961020,1800,,HU,30.7N,62.9W,75,970,,,,,,,,,,,,
AL,LILI,1996,12,60,19961021,0,,HU,31.9N,60.8W,75,980,,,,,,,,,,,,
AL,LILI,1996,12,60,19961021,600,,HU,33.0N,59.1W,70,985,,,,,,,,,,,,
AL,LILI,1996,12,60,19961021,1200,,HU,33.7N,57.9W,65,986,,,,,,,,,,,,
AL,LILI,1996,12,60,19961021,1800,,HU,34.0N,57.0W,65,987,,,,,,,,,,,,
AL,LILI,1996,12,60,19961022,0,,HU,34.0N,55.9W,65,987,,,,,,,,,,,,
AL,LILI,1996,12,60,19961022,600,,HU,33.8N,55.2W,65,987,,,,,,,,,,,,
AL,LILI,1996,12,60,19961022,1200,,HU,33.7N,54.6W,65,987,,,,,,,,,,,,
AL,LILI,1996,12,60,19961022,1800,,HU,33.5N,54.0W,65,987,,,,,,,,,,,,
AL,LILI,1996,12,60,19961023,0,,HU,33.4N,53.9W,65,987,,,,,,,,,,,,
AL,LILI,1996,12,60,19961023,600,,HU,33.2N,53.8W,65,985,,,,,,,,,,,,
AL,LILI,1996,12,60,19961023,1200,,HU,33.1N,53.7W,65,981,,,,,,,,,,,,
AL,LILI,1996,12,60,19961023,1800,,HU,33.3N,53.2W,70,979,,,,,,,,,,,,
AL,LILI,1996,12,60,19961024,0,,HU,33.7N,52.8W,70,979,,,,,,,,,,,,
AL,LILI,1996,12,60,19961024,600,,HU,34.0N,52.5W,70,979,,,,,,,,,,,,
AL,LILI,1996,12,60,19961024,1200,,HU,34.0N,51.9W,70,979,,,,,,,,,,,,
AL,LILI,1996,12,60,19961024,1800,,HU,34.1N,51.2W,75,979,,,,,,,,,,,,
AL,LILI,1996,12,60,19961025,0,,HU,34.3N,49.9W,80,977,,,,,,,,,,,,
AL,LILI,1996,12,60,19961025,600,,HU,35.0N,47.8W,80,973,,,,,,,,,,,,
AL,LILI,1996,12,60,19961025,1200,,HU,35.8N,45.4W,85,970,,,,,,,,,,,,
AL,LILI,1996,12,60,19961025,1800,,HU,37.2N,43.3W,80,971,,,,,,,,,,,,
AL,LILI,1996,12,60,19961026,0,,HU,38.1N,41.0W,75,975,,,,,,,,,,,,
AL,LILI,1996,12,60,19961026,600,,HU,39.2N,38.8W,70,978,,,,,,,,,,,,
AL,LILI,1996,12,60,19961026,1200,,HU,40.5N,35.8W,65,979,,,,,,,,,,,,
AL,LILI,1996,12,60,19961026,1800,,TS,42.3N,33.2W,60,980,,,,,,,,,,,,
AL,LILI,1996,12,60,19961027,0,,TS,44.3N,30.5W,55,978,,,,,,,,,,,,
AL,LILI,1996,12,60,19961027,600,,EX,46.3N,27.2W,55,980,,,,,,,,,,,,
AL,LILI,1996,12,60,19961027,1200,,EX,48.2N,23.1W,55,978,,,,,,,,,,,,
AL,LILI,1996,12,60,19961027,1800,,EX,50.3N,19.0W,55,973,,,,,,,,,,,,
AL,LILI,1996,12,60,19961028,0,,EX,52.5N,15.5W,55,973,,,,,,,,,,,,
AL,LILI,1996,12,60,19961028,600,,EX,53.8N,12.0W,55,973,,,,,,,,,,,,
AL,LILI,1996,12,60,19961028,1200,,EX,54.0N,7.5W,55,970,,,,,,,,,,,,
AL,LILI,1996,12,60,19961028,1800,,EX,54.5N,3.5W,55,970,,,,,,,,,,,,
AL,LILI,1996,12,60,19961029,0,,EX,54.0N,1.0E,55,976,,,,,,,,,,,,
AL,MARCO,1996,13,54,19961113,1200,,LO,10.5N,77.5W,20,1009,,,,,,,,,,,,
AL,MARCO,1996,13,54,19961113,1800,,LO,11.3N,78.0W,20,1009,,,,,,,,,,,,
AL,MARCO,1996,13,54,19961114,0,,LO,12.0N,78.5W,20,1009,,,,,,,,,,,,
AL,MARCO,1996,13,54,19961114,600,,LO,12.8N,78.9W,20,1009,,,,,,,,,,,,
AL,MARCO,1996,13,54,19961114,1200,,LO,13.5N,79.0W,20,1008,,,,,,,,,,,,
AL,MARCO,1996,13,54,19961114,1800,,LO,14.0N,79.0W,20,1008,,,,,,,,,,,,
AL,MARCO,1996,13,54,19961115,0,,LO,14.3N,79.0W,20,1008,,,,,,,,,,,,
AL,MARCO,1996,13,54,19961115,600,,LO,14.7N,79.0W,20,1008,,,,,,,,,,,,
AL,MARCO,1996,13,54,19961115,1200,,LO,15.0N,79.0W,20,1008,,,,,,,,,,,,
AL,MARCO,1996,13,54,19961115,1800,,LO,15.5N,79.0W,20,1008,,,,,,,,,,,,
AL,MARCO,1996,13,54,19961116,0,,LO,15.8N,79.0W,20,1008,,,,,,,,,,,,
AL,MARCO,1996,13,54,19961116,600,,LO,16.2N,79.0W,20,1008,,,,,,,,,,,,
AL,MARCO,1996,13,54,19961116,1200,,LO,16.5N,79.0W,25,1007,,,,,,,,,,,,
AL,MARCO,1996,13,54,19961116,1800,,TD,17.0N,79.0W,30,1007,,,,,,,,,,,,
AL,MARCO,1996,13,54,19961117,0,,TD,16.8N,79.8W,30,1007,,,,,,,,,,,,
AL,MARCO,1996,13,54,19961117,600,,TD,16.3N,80.5W,30,1007,,,,,,,,,,,,
AL,MARCO,1996,13,54,19961117,1200,,TD,15.8N,80.8W,30,1007,,,,,,,,,,,,
AL,MARCO,1996,13,54,19961117,1800,,TD,15.0N,81.0W,30,1006,,,,,,,,,,,,
AL,MARCO,1996,13,54,19961118,0,,TD,14.9N,81.0W,30,1006,,,,,,,,,,,,
AL,MARCO,1996,13,54,19961118,600,,TD,14.7N,81.0W,30,1005,,,,,,,,,,,,
AL,MARCO,1996,13,54,19961118,1200,,TD,14.6N,81.0W,30,1004,,,,,,,,,,,,
AL,MARCO,1996,13,54,19961118,1800,,TD,14.5N,81.0W,30,1003,,,,,,,,,,,,
AL,MARCO,1996,13,54,19961119,0,,TD,14.2N,81.0W,30,1001,,,,,,,,,,,,
AL,MARCO,1996,13,54,19961119,600,,TS,13.8N,80.9W,35,998,,,,,,,,,,,,
AL,MARCO,1996,13,54,19961119,1200,,TS,13.5N,80.7W,45,997,,,,,,,,,,,,
AL,MARCO,1996,13,54,19961119,1800,,TS,13.5N,80.2W,55,995,,,,,,,,,,,,
AL,MARCO,1996,13,54,19961120,0,,TS,13.8N,79.5W,60,990,,,,,,,,,,,,
AL,MARCO,1996,13,54,19961120,600,,HU,13.8N,78.5W,65,983,,,,,,,,,,,,
AL,MARCO,1996,13,54,19961120,1200,,HU,14.2N,77.8W,65,989,,,,,,,,,,,,
AL,MARCO,1996,13,54,19961120,1800,,TS,14.6N,77.4W,45,1000,,,,,,,,,,,,
AL,MARCO,1996,13,54,19961121,0,,TS,14.9N,77.1W,45,1000,,,,,,,,,,,,
AL,MARCO,1996,13,54,19961121,600,,TS,15.1N,76.8W,45,995,,,,,,,,,,,,
AL,MARCO,1996,13,54,19961121,1200,,TS,15.3N,76.6W,50,993,,,,,,,,,,,,
AL,MARCO,1996,13,54,19961121,1800,,TS,15.6N,76.5W,50,995,,,,,,,,,,,,
AL,MARCO,1996,13,54,19961122,0,,TS,15.8N,76.3W,55,992,,,,,,,,,,,,
AL,MARCO,1996,13,54,19961122,600,,TS,15.9N,76.0W,55,985,,,,,,,,,,,,
AL,MARCO,1996,13,54,19961122,1200,,TS,15.9N,75.4W,60,987,,,,,,,,,,,,
AL,MARCO,1996,13,54,19961122,1800,,TS,15.9N,75.0W,50,995,,,,,,,,,,,,
AL,MARCO,1996,13,54,19961123,0,,TS,16.0N,74.7W,45,995,,,,,,,,,,,,
AL,MARCO,1996,13,54,19961123,600,,TS,15.9N,74.5W,35,995,,,,,,,,,,,,
AL,MARCO,1996,13,54,19961123,1200,,TS,15.7N,74.5W,35,995,,,,,,,,,,,,
AL,MARCO,1996,13,54,19961123,1800,,TD,15.6N,74.8W,30,1000,,,,,,,,,,,,
AL,MARCO,1996,13,54,19961124,0,,TD,15.8N,76.0W,30,1002,,,,,,,,,,,,
AL,MARCO,1996,13,54,19961124,600,,TD,15.9N,77.0W,30,1003,,,,,,,,,,,,
AL,MARCO,1996,13,54,19961124,1200,,TS,16.0N,78.0W,35,1003,,,,,,,,,,,,
AL,MARCO,1996,13,54,19961124,1800,,TS,16.0N,78.9W,35,1003,,,,,,,,,,,,
AL,MARCO,1996,13,54,19961125,0,,TS,16.7N,80.2W,45,1002,,,,,,,,,,,,
AL,MARCO,1996,13,54,19961125,600,,TS,17.5N,81.5W,50,1002,,,,,,,,,,,,
AL,MARCO,1996,13,54,19961125,1200,,TS,18.3N,82.6W,55,1001,,,,,,,,,,,,
AL,MARCO,1996,13,54,19961125,1800,,TS,19.2N,83.5W,45,1009,,,,,,,,,,,,
AL,MARCO,1996,13,54,19961126,0,,TS,19.7N,84.0W,40,1009,,,,,,,,,,,,
AL,MARCO,1996,13,54,19961126,600,,TS,20.1N,84.4W,35,1010,,,,,,,,,,,,
AL,MARCO,1996,13,54,19961126,1200,,TD,20.1N,84.3W,30,1010,,,,,,,,,,,,
AL,MARCO,1996,13,54,19961126,1800,,TD,19.6N,84.8W,25,1010,,,,,,,,,,,,
AL,UNNAMED,1997,1,9,19970531,1800,,LO,28.5N,77.4W,25,1011,,,,,,,,,,,,
AL,UNNAMED,1997,1,9,19970601,0,,LO,29.5N,77.1W,25,1009,,,,,,,,,,,,
AL,UNNAMED,1997,1,9,19970601,600,,SD,31.2N,76.3W,30,1006,,,,,,,,,,,,
AL,UNNAMED,1997,1,9,19970601,1200,,SS,33.2N,75.3W,35,1003,,,,,,,,,,,,
AL,UNNAMED,1997,1,9,19970601,1800,,SS,35.5N,74.1W,45,1004,,,,,,,,,,,,
AL,UNNAMED,1997,1,9,19970602,0,,SS,37.6N,72.2W,45,1006,,,,,,,,,,,,
AL,UNNAMED,1997,1,9,19970602,600,,SS,39.5N,70.4W,40,1008,,,,,,,,,,,,
AL,UNNAMED,1997,1,9,19970602,1200,,SS,40.0N,68.4W,35,1009,,,,,,,,,,,,
AL,UNNAMED,1997,1,9,19970602,1800,,EX,40.0N,66.3W,30,1012,,,,,,,,,,,,
AL,ANA,1997,2,19,19970630,1200,,TD,32.0N,77.2W,30,1013,,,,,,,,,,,,
AL,ANA,1997,2,19,19970630,1800,,TD,32.0N,76.6W,30,1011,,,,,,,,,,,,
AL,ANA,1997,2,19,19970701,0,,TD,31.9N,76.0W,30,1009,,,,,,,,,,,,
AL,ANA,1997,2,19,19970701,600,,TS,31.8N,75.4W,35,1006,,,,,,,,,,,,
AL,ANA,1997,2,19,19970701,1200,,TS,31.7N,74.6W,40,1004,,,,,,,,,,,,
AL,ANA,1997,2,19,19970701,1800,,TS,31.4N,73.8W,40,1002,,,,,,,,,,,,
AL,ANA,1997,2,19,19970702,0,,TS,31.4N,72.9W,40,1000,,,,,,,,,,,,
AL,ANA,1997,2,19,19970702,600,,TS,31.7N,72.0W,35,1000,,,,,,,,,,,,
AL,ANA,1997,2,19,19970702,1200,,TS,32.1N,71.2W,35,1000,,,,,,,,,,,,
AL,ANA,1997,2,19,19970702,1800,,TS,32.7N,70.5W,35,1000,,,,,,,,,,,,
AL,ANA,1997,2,19,19970703,0,,TS,33.5N,69.8W,35,1001,,,,,,,,,,,,
AL,ANA,1997,2,19,19970703,600,,TS,34.4N,69.2W,35,1001,,,,,,,,,,,,
AL,ANA,1997,2,19,19970703,1200,,TS,35.2N,68.4W,35,1002,,,,,,,,,,,,
AL,ANA,1997,2,19,19970703,1800,,TD,36.1N,67.5W,30,1002,,,,,,,,,,,,
AL,ANA,1997,2,19,19970704,0,,TD,36.9N,66.2W,25,1003,,,,,,,,,,,,
AL,ANA,1997,2,19,19970704,600,,EX,37.7N,64.5W,25,1003,,,,,,,,,,,,
AL,ANA,1997,2,19,19970704,1200,,EX,38.4N,62.4W,25,1004,,,,,,,,,,,,
AL,ANA,1997,2,19,19970704,1800,,EX,39.5N,59.5W,25,1004,,,,,,,,,,,,
AL,ANA,1997,2,19,19970705,0,,EX,41.0N,58.0W,25,1005,,,,,,,,,,,,
AL,BILL,1997,3,10,19970711,600,,TD,30.4N,69.9W,30,1014,,,,,,,,,,,,
AL,BILL,1997,3,10,19970711,1200,,TS,31.8N,68.9W,40,1013,,,,,,,,,,,,
AL,BILL,1997,3,10,19970711,1800,,TS,33.1N,67.6W,45,1010,,,,,,,,,,,,
AL,BILL,1997,3,10,19970712,0,,TS,34.7N,65.8W,50,1005,,,,,,,,,,,,
AL,BILL,1997,3,10,19970712,600,,TS,36.3N,63.6W,60,995,,,,,,,,,,,,
AL,BILL,1997,3,10,19970712,1200,,HU,37.9N,61.1W,65,987,,,,,,,,,,,,
AL,BILL,1997,3,10,19970712,1500,I,HU,38.8N,60.0W,65,986,,,,,,,,,,,,
AL,BILL,1997,3,10,19970712,1800,,HU,39.6N,58.4W,65,987,,,,,,,,,,,,
AL,BILL,1997,3,10,19970713,0,,TS,41.6N,55.4W,60,990,,,,,,,,,,,,
AL,BILL,1997,3,10,19970713,600,,TS,44.0N,53.0W,40,990,,,,,,,,,,,,
AL,CLAUDETTE,1997,4,16,19970713,0,,EX,31.3N,73.6W,25,1012,,,,,,,,,,,,
AL,CLAUDETTE,1997,4,16,19970713,600,,TD,31.3N,73.3W,25,1011,,,,,,,,,,,,
AL,CLAUDETTE,1997,4,16,19970713,1200,,TD,31.6N,73.1W,30,1008,,,,,,,,,,,,
AL,CLAUDETTE,1997,4,16,19970713,1800,,TS,31.9N,73.0W,40,1004,,,,,,,,,,,,
AL,CLAUDETTE,1997,4,16,19970714,0,,TS,32.3N,73.0W,40,1003,,,,,,,,,,,,
AL,CLAUDETTE,1997,4,16,19970714,600,,TS,32.7N,72.9W,40,1003,,,,,,,,,,,,
AL,CLAUDETTE,1997,4,16,19970714,1200,,TS,33.4N,72.7W,40,1004,,,,,,,,,,,,
AL,CLAUDETTE,1997,4,16,19970714,1800,,TS,34.0N,72.6W,40,1005,,,,,,,,,,,,
AL,CLAUDETTE,1997,4,16,19970715,0,,TS,34.9N,71.8W,35,1005,,,,,,,,,,,,
AL,CLAUDETTE,1997,4,16,19970715,600,,TS,35.6N,70.9W,35,1006,,,,,,,,,,,,
AL,CLAUDETTE,1997,4,16,19970715,1200,,TS,36.2N,69.3W,40,1009,,,,,,,,,,,,
AL,CLAUDETTE,1997,4,16,19970715,1800,,TS,36.6N,67.2W,35,1009,,,,,,,,,,,,
AL,CLAUDETTE,1997,4,16,19970716,0,,TD,36.7N,64.9W,30,1009,,,,,,,,,,,,
AL,CLAUDETTE,1997,4,16,19970716,600,,TS,36.6N,62.7W,35,1006,,,,,,,,,,,,
AL,CLAUDETTE,1997,4,16,19970716,1200,,TS,36.3N,60.5W,35,1007,,,,,,,,,,,,
AL,CLAUDETTE,1997,4,16,19970716,1800,,EX,35.9N,57.9W,30,1009,,,,,,,,,,,,
AL,DANNY,1997,5,47,19970716,1200,,TD,27.4N,92.6W,25,1013,,,,,,,,,,,,
AL,DANNY,1997,5,47,19970716,1800,,TD,27.5N,92.5W,30,1013,,,,,,,,,,,,
AL,DANNY,1997,5,47,19970717,0,,TD,27.7N,92.3W,30,1011,,,,,,,,,,,,
AL,DANNY,1997,5,47,19970717,600,,TD,27.9N,92.0W,30,1007,,,,,,,,,,,,
AL,DANNY,1997,5,47,19970717,1200,,TS,28.3N,91.4W,40,1003,,,,,,,,,,,,
AL,DANNY,1997,5,47,19970717,1800,,TS,28.6N,91.0W,50,1002,,,,,,,,,,,,
AL,DANNY,1997,5,47,19970718,0,,TS,28.9N,90.2W,55,997,,,,,,,,,,,,
AL,DANNY,1997,5,47,19970718,600,,HU,29.2N,89.9W,65,992,,,,,,,,,,,,
AL,DANNY,1997,5,47,19970718,900,L,HU,29.3N,89.7W,65,989,,,,,,,,,,,,
AL,DANNY,1997,5,47,19970718,1200,,HU,29.5N,89.4W,70,990,,,,,,,,,,,,
AL,DANNY,1997,5,47,19970718,1800,,HU,29.7N,89.0W,70,988,,,,,,,,,,,,
AL,DANNY,1997,5,47,19970719,0,,HU,29.8N,88.4W,70,984,,,,,,,,,,,,
AL,DANNY,1997,5,47,19970719,600,,HU,30.1N,88.1W,65,987,,,,,,,,,,,,
AL,DANNY,1997,5,47,19970719,1000,L,HU,30.2N,88.1W,70,984,,,,,,,,,,,,
AL,DANNY,1997,5,47,19970719,1200,,HU,30.3N,88.0W,70,984,,,,,,,,,,,,
AL,DANNY,1997,5,47,19970719,1800,L,HU,30.4N,87.9W,65,986,,,,,,,,,,,,
AL,DANNY,1997,5,47,19970720,0,,TS,30.3N,87.6W,60,991,,,,,,,,,,,,
AL,DANNY,1997,5,47,19970720,600,,TS,30.4N,87.5W,45,998,,,,,,,,,,,,
AL,DANNY,1997,5,47,19970720,1200,,TS,30.6N,87.4W,35,1001,,,,,,,,,,,,
AL,DANNY,1997,5,47,19970720,1800,,TD,30.8N,87.4W,30,1004,,,,,,,,,,,,
AL,DANNY,1997,5,47,19970721,0,,TD,31.0N,87.5W,25,1006,,,,,,,,,,,,
AL,DANNY,1997,5,47,19970721,600,,TD,31.3N,87.6W,20,1009,,,,,,,,,,,,
AL,DANNY,1997,5,47,19970721,1200,,TD,31.7N,87.6W,20,1010,,,,,,,,,,,,
AL,DANNY,1997,5,47,19970721,1800,,TD,32.1N,87.2W,20,1011,,,,,,,,,,,,
AL,DANNY,1997,5,47,19970722,0,,TD,32.9N,87.1W,20,1011,,,,,,,,,,,,
AL,DANNY,1997,5,47,19970722,600,,TD,33.2N,86.8W,20,1012,,,,,,,,,,,,
AL,DANNY,1997,5,47,19970722,1200,,TD,33.4N,86.6W,20,1013,,,,,,,,,,,,
AL,DANNY,1997,5,47,19970722,1800,,TD,33.7N,86.3W,20,1013,,,,,,,,,,,,
AL,DANNY,1997,5,47,19970723,0,,TD,34.0N,86.0W,20,1012,,,,,,,,,,,,
AL,DANNY,1997,5,47,19970723,600,,TD,34.1N,85.2W,20,1012,,,,,,,,,,,,
AL,DANNY,1997,5,47,19970723,1200,,TD,34.2N,84.5W,20,1012,,,,,,,,,,,,
AL,DANNY,1997,5,47,19970723,1800,,TD,34.3N,83.7W,20,1012,,,,,,,,,,,,
AL,DANNY,1997,5,47,19970724,0,,TD,34.4N,82.4W,20,1012,,,,,,,,,,,,
AL,DANNY,1997,5,47,19970724,600,,TD,34.6N,80.7W,20,1010,,,,,,,,,,,,
AL,DANNY,1997,5,47,19970724,1200,,TD,35.2N,79.2W,30,1004,,,,,,,,,,,,
AL,DANNY,1997,5,47,19970724,1800,,TS,36.4N,76.7W,40,1000,,,,,,,,,,,,
AL,DANNY,1997,5,47,19970725,0,,TS,37.5N,73.5W,50,996,,,,,,,,,,,,
AL,DANNY,1997,5,47,19970725,600,,TS,38.6N,71.6W,50,995,,,,,,,,,,,,
AL,DANNY,1997,5,47,19970725,1200,,TS,40.0N,70.4W,50,995,,,,,,,,,,,,
AL,DANNY,1997,5,47,19970725,1800,,TS,40.7N,69.9W,50,994,,,,,,,,,,,,
AL,DANNY,1997,5,47,19970726,0,,TS,40.7N,69.6W,45,995,,,,,,,,,,,,
AL,DANNY,1997,5,47,19970726,600,,EX,40.4N,68.0W,45,998,,,,,,,,,,,,
AL,DANNY,1997,5,47,19970726,1200,,EX,40.6N,65.6W,40,1003,,,,,,,,,,,,
AL,DANNY,1997,5,47,19970726,1800,,EX,41.0N,63.0W,40,1004,,,,,,,,,,,,
AL,DANNY,1997,5,47,19970727,0,,EX,41.7N,60.4W,40,1004,,,,,,,,,,,,
AL,DANNY,1997,5,47,19970727,600,,EX,42.8N,56.0W,40,1004,,,,,,,,,,,,
AL,DANNY,1997,5,47,19970727,1200,,EX,44.0N,48.0W,30,1005,,,,,,,,,,,,
AL,UNNAMED,1997,6,8,19970717,600,,TD,12.0N,51.5W,25,1009,,,,,,,,,,,,
AL,UNNAMED,1997,6,8,19970717,1200,,TD,12.5N,52.7W,30,1008,,,,,,,,,,,,
AL,UNNAMED,1997,6,8,19970717,1800,,TD,13.0N,54.0W,30,1009,,,,,,,,,,,,
AL,UNNAMED,1997,6,8,19970718,0,,TD,13.6N,55.3W,30,1009,,,,,,,,,,,,
AL,UNNAMED,1997,6,8,19970718,600,,TD,14.1N,56.6W,30,1011,,,,,,,,,,,,
AL,UNNAMED,1997,6,8,19970718,1200,,TD,14.6N,57.8W,30,1012,,,,,,,,,,,,
AL,UNNAMED,1997,6,8,19970718,1800,,TD,14.8N,58.9W,30,1013,,,,,,,,,,,,
AL,UNNAMED,1997,6,8,19970719,0,,TD,15.0N,60.0W,25,1013,,,,,,,,,,,,
AL,ERIKA,1997,7,67,19970903,600,,TD,10.9N,44.1W,30,1006,,,,,,,,,,,,
AL,ERIKA,1997,7,67,19970903,1200,,TD,11.5N,45.5W,30,1005,,,,,,,,,,,,
AL,ERIKA,1997,7,67,19970903,1800,,TS,12.3N,47.1W,35,1004,,,,,,,,,,,,
AL,ERIKA,1997,7,67,19970904,0,,TS,13.1N,48.5W,40,1002,,,,,,,,,,,,
AL,ERIKA,1997,7,67,19970904,600,,TS,13.9N,49.9W,50,1001,,,,,,,,,,,,
AL,ERIKA,1997,7,67,19970904,1200,,TS,14.6N,51.7W,55,1000,,,,,,,,,,,,
AL,ERIKA,1997,7,67,19970904,1800,,HU,15.2N,53.7W,65,999,,,,,,,,,,,,
AL,ERIKA,1997,7,67,19970905,0,,HU,15.6N,55.3W,65,998,,,,,,,,,,,,
AL,ERIKA,1997,7,67,19970905,600,,HU,16.0N,56.4W,65,997,,,,,,,,,,,,
AL,ERIKA,1997,7,67,19970905,1200,,HU,16.4N,57.4W,65,996,,,,,,,,,,,,
AL,ERIKA,1997,7,67,19970905,1800,,HU,17.0N,58.3W,65,990,,,,,,,,,,,,
AL,ERIKA,1997,7,67,19970906,0,,HU,17.5N,59.2W,65,988,,,,,,,,,,,,
AL,ERIKA,1997,7,67,19970906,600,,HU,18.1N,60.0W,70,986,,,,,,,,,,,,
AL,ERIKA,1997,7,67,19970906,1200,,HU,18.6N,60.9W,70,982,,,,,,,,,,,,
AL,ERIKA,1997,7,67,19970906,1800,,HU,19.0N,61.7W,75,980,,,,,,,,,,,,
AL,ERIKA,1997,7,67,19970907,0,,HU,19.4N,62.4W,75,979,,,,,,,,,,,,
AL,ERIKA,1997,7,67,19970907,600,,HU,19.7N,62.8W,75,978,,,,,,,,,,,,
AL,ERIKA,1997,7,67,19970907,1200,,HU,20.2N,63.1W,75,975,,,,,,,,,,,,
AL,ERIKA,1997,7,67,19970907,1800,,HU,20.6N,63.2W,90,970,,,,,,,,,,,,
AL,ERIKA,1997,7,67,19970908,0,,HU,21.2N,63.2W,95,966,,,,,,,,,,,,
AL,ERIKA,1997,7,67,19970908,600,,HU,21.8N,63.2W,100,961,,,,,,,,,,,,
AL,ERIKA,1997,7,67,19970908,1200,,HU,22.5N,62.9W,105,957,,,,,,,,,,,,
AL,ERIKA,1997,7,67,19970908,1800,,HU,23.2N,62.5W,110,952,,,,,,,,,,,,
AL,ERIKA,1997,7,67,19970909,0,,HU,24.1N,62.0W,110,948,,,,,,,,,,,,
AL,ERIKA,1997,7,67,19970909,600,,HU,25.2N,61.4W,110,946,,,,,,,,,,,,
AL,ERIKA,1997,7,67,19970909,1200,,HU,26.5N,60.8W,110,947,,,,,,,,,,,,
AL,ERIKA,1997,7,67,19970909,1800,,HU,27.9N,60.2W,110,951,,,,,,,,,,,,
AL,ERIKA,1997,7,67,19970910,0,,HU,29.3N,59.6W,105,955,,,,,,,,,,,,
AL,ERIKA,1997,7,67,19970910,600,,HU,30.8N,58.9W,100,960,,,,,,,,,,,,
AL,ERIKA,1997,7,67,19970910,1200,,HU,32.2N,58.3W,95,965,,,,,,,,,,,,
AL,ERIKA,1997,7,67,19970910,1800,,HU,33.6N,57.5W,90,970,,,,,,,,,,,,
AL,ERIKA,1997,7,67,19970911,0,,HU,34.8N,56.4W,80,973,,,,,,,,,,,,
AL,ERIKA,1997,7,67,19970911,600,,HU,35.7N,55.1W,75,977,,,,,,,,,,,,
AL,ERIKA,1997,7,67,19970911,1200,,HU,36.4N,53.6W,70,984,,,,,,,,,,,,
AL,ERIKA,1997,7,67,19970911,1800,,HU,37.1N,51.9W,65,988,,,,,,,,,,,,
AL,ERIKA,1997,7,67,19970912,0,,TS,37.6N,49.9W,60,990,,,,,,,,,,,,
AL,ERIKA,1997,7,67,19970912,600,,TS,38.0N,48.0W,55,994,,,,,,,,,,,,
AL,ERIKA,1997,7,67,19970912,1200,,TS,38.5N,46.2W,55,995,,,,,,,,,,,,
AL,ERIKA,1997,7,67,19970912,1800,,TS,38.9N,44.9W,50,995,,,,,,,,,,,,
AL,ERIKA,1997,7,67,19970913,0,,TS,39.0N,44.0W,45,995,,,,,,,,,,,,
AL,ERIKA,1997,7,67,19970913,600,,TS,38.9N,43.2W,45,995,,,,,,,,,,,,
AL,ERIKA,1997,7,67,19970913,1200,,TS,38.5N,42.3W,45,995,,,,,,,,,,,,
AL,ERIKA,1997,7,67,19970913,1800,,TS,38.1N,41.3W,45,995,,,,,,,,,,,,
AL,ERIKA,1997,7,67,19970914,0,,TS,37.8N,40.2W,45,995,,,,,,,,,,,,
AL,ERIKA,1997,7,67,19970914,600,,TS,37.6N,39.1W,50,992,,,,,,,,,,,,
AL,ERIKA,1997,7,67,19970914,1200,,TS,37.6N,37.9W,55,989,,,,,,,,,,,,
AL,ERIKA,1997,7,67,19970914,1800,,TS,37.8N,36.5W,55,987,,,,,,,,,,,,
AL,ERIKA,1997,7,67,19970915,0,,TS,38.2N,35.0W,60,984,,,,,,,,,,,,
AL,ERIKA,1997,7,67,19970915,600,,TS,38.9N,33.4W,55,984,,,,,,,,,,,,
AL,ERIKA,1997,7,67,19970915,1200,,TS,39.7N,31.7W,50,983,,,,,,,,,,,,
AL,ERIKA,1997,7,67,19970915,1800,,TS,40.9N,29.9W,50,984,,,,,,,,,,,,
AL,ERIKA,1997,7,67,19970916,0,,EX,42.2N,28.2W,50,985,,,,,,,,,,,,
AL,ERIKA,1997,7,67,19970916,600,,EX,43.5N,26.5W,50,987,,,,,,,,,,,,
AL,ERIKA,1997,7,67,19970916,1200,,EX,45.0N,24.5W,50,989,,,,,,,,,,,,
AL,ERIKA,1997,7,67,19970916,1800,,EX,46.0N,22.5W,55,991,,,,,,,,,,,,
AL,ERIKA,1997,7,67,19970917,0,,EX,46.8N,21.0W,60,993,,,,,,,,,,,,
AL,ERIKA,1997,7,67,19970917,600,,EX,47.0N,20.0W,60,994,,,,,,,,,,,,
AL,ERIKA,1997,7,67,19970917,1200,,EX,46.5N,19.0W,60,992,,,,,,,,,,,,
AL,ERIKA,1997,7,67,19970917,1800,,EX,46.0N,20.0W,55,994,,,,,,,,,,,,
AL,ERIKA,1997,7,67,19970918,0,,EX,47.2N,19.8W,50,996,,,,,,,,,,,,
AL,ERIKA,1997,7,67,19970918,600,,EX,48.0N,19.0W,45,998,,,,,,,,,,,,
AL,ERIKA,1997,7,67,19970918,1200,,EX,48.5N,18.0W,40,1000,,,,,,,,,,,,
AL,ERIKA,1997,7,67,19970918,1800,,EX,48.8N,17.5W,40,1000,,,,,,,,,,,,
AL,ERIKA,1997,7,67,19970919,0,,EX,48.9N,17.0W,35,1000,,,,,,,,,,,,
AL,ERIKA,1997,7,67,19970919,600,,EX,48.9N,16.2W,30,1000,,,,,,,,,,,,
AL,ERIKA,1997,7,67,19970919,1200,,EX,49.0N,15.3W,30,1005,,,,,,,,,,,,
AL,ERIKA,1997,7,67,19970919,1800,,EX,49.0N,14.0W,25,1009,,,,,,,,,,,,
AL,FABIAN,1997,8,17,19971004,1800,,TD,24.2N,64.5W,25,1009,,,,,,,,,,,,
AL,FABIAN,1997,8,17,19971005,0,,TD,24.7N,64.3W,25,1009,,,,,,,,,,,,
AL,FABIAN,1997,8,17,19971005,600,,TD,25.2N,64.0W,25,1009,,,,,,,,,,,,
AL,FABIAN,1997,8,17,19971005,1200,,TD,25.7N,63.5W,30,1007,,,,,,,,,,,,
AL,FABIAN,1997,8,17,19971005,1800,,TS,26.3N,63.1W,35,1005,,,,,,,,,,,,
AL,FABIAN,1997,8,17,19971006,0,,TS,26.8N,62.6W,35,1005,,,,,,,,,,,,
AL,FABIAN,1997,8,17,19971006,600,,TS,27.2N,61.9W,35,1005,,,,,,,,,,,,
AL,FABIAN,1997,8,17,19971006,1200,,TS,27.7N,61.3W,35,1005,,,,,,,,,,,,
AL,FABIAN,1997,8,17,19971006,1800,,TS,28.2N,60.2W,35,1005,,,,,,,,,,,,
AL,FABIAN,1997,8,17,19971007,0,,TS,28.8N,59.1W,35,1005,,,,,,,,,,,,
AL,FABIAN,1997,8,17,19971007,600,,TS,29.2N,57.9W,35,1005,,,,,,,,,,,,
AL,FABIAN,1997,8,17,19971007,1200,,TS,29.5N,56.8W,35,1004,,,,,,,,,,,,
AL,FABIAN,1997,8,17,19971007,1800,,TS,29.1N,56.0W,35,1005,,,,,,,,,,,,
AL,FABIAN,1997,8,17,19971008,0,,TS,28.6N,55.0W,35,1005,,,,,,,,,,,,
AL,FABIAN,1997,8,17,19971008,600,,TS,28.4N,53.4W,35,1005,,,,,,,,,,,,
AL,FABIAN,1997,8,17,19971008,1200,,EX,28.7N,51.4W,35,1005,,,,,,,,,,,,
AL,FABIAN,1997,8,17,19971008,1800,,EX,29.2N,48.8W,40,1005,,,,,,,,,,,,
AL,GRACE,1997,9,13,19971014,1200,,TD,20.0N,68.7W,30,1002,,,,,,,,,,,,
AL,GRACE,1997,9,13,19971014,1800,,EX,20.3N,69.8W,30,1001,,,,,,,,,,,,
AL,GRACE,1997,9,13,19971015,0,,TS,20.3N,69.6W,35,999,,,,,,,,,,,,
AL,GRACE,1997,9,13,19971015,600,,EX,20.3N,68.9W,35,999,,,,,,,,,,,,
AL,GRACE,1997,9,13,19971015,1200,,EX,20.6N,68.0W,40,999,,,,,,,,,,,,
AL,GRACE,1997,9,13,19971015,1800,,EX,20.8N,66.5W,40,999,,,,,,,,,,,,
AL,GRACE,1997,9,13,19971016,0,,TS,21.2N,64.4W,40,999,,,,,,,,,,,,
AL,GRACE,1997,9,13,19971016,600,,TS,21.6N,61.6W,35,1000,,,,,,,,,,,,
AL,GRACE,1997,9,13,19971016,1200,,TS,22.4N,58.8W,35,1000,,,,,,,,,,,,
AL,GRACE,1997,9,13,19971016,1800,,TS,23.6N,56.2W,35,1001,,,,,,,,,,,,
AL,GRACE,1997,9,13,19971017,0,,TS,24.0N,53.6W,35,1002,,,,,,,,,,,,
AL,GRACE,1997,9,13,19971017,600,,TS,24.3N,50.5W,35,1003,,,,,,,,,,,,
AL,GRACE,1997,9,13,19971017,1200,,TD,24.5N,47.3W,30,1004,,,,,,,,,,,,
AL,ALEX,1998,1,26,19980727,1200,,TD,11.3N,25.4W,25,1009,,,,,,,,,,,,
AL,ALEX,1998,1,26,19980727,1800,,TD,11.7N,27.2W,25,1009,,,,,,,,,,,,
AL,ALEX,1998,1,26,19980728,0,,TD,12.2N,29.2W,25,1009,,,,,,,,,,,,
AL,ALEX,1998,1,26,19980728,600,,TD,12.6N,31.3W,25,1008,,,,,,,,,,,,
AL,ALEX,1998,1,26,19980728,1200,,TD,12.9N,33.3W,30,1007,,,,,,,,,,,,
AL,ALEX,1998,1,26,19980728,1800,,TD,13.1N,35.1W,30,1006,,,,,,,,,,,,
AL,ALEX,1998,1,26,19980729,0,,TS,13.3N,36.8W,35,1005,,,,,,,,,,,,
AL,ALEX,1998,1,26,19980729,600,,TS,13.5N,38.5W,35,1005,,,,,,,,,,,,
AL,ALEX,1998,1,26,19980729,1200,,TS,13.7N,40.0W,35,1005,,,,,,,,,,,,
AL,ALEX,1998,1,26,19980729,1800,,TS,13.9N,41.3W,35,1005,,,,,,,,,,,,
AL,ALEX,1998,1,26,19980730,0,,TS,14.2N,42.6W,35,1005,,,,,,,,,,,,
AL,ALEX,1998,1,26,19980730,600,,TS,14.4N,43.9W,40,1003,,,,,,,,,,,,
AL,ALEX,1998,1,26,19980730,1200,,TS,14.7N,45.0W,40,1003,,,,,,,,,,,,
AL,ALEX,1998,1,26,19980730,1800,,TS,15.1N,46.1W,45,1003,,,,,,,,,,,,
AL,ALEX,1998,1,26,19980731,0,,TS,15.4N,47.1W,45,1002,,,,,,,,,,,,
AL,ALEX,1998,1,26,19980731,600,,TS,15.6N,48.1W,45,1003,,,,,,,,,,,,
AL,ALEX,1998,1,26,19980731,1200,,TS,15.7N,49.2W,45,1003,,,,,,,,,,,,
AL,ALEX,1998,1,26,19980731,1800,,TS,15.8N,50.4W,40,1005,,,,,,,,,,,,
AL,ALEX,1998,1,26,19980801,0,,TS,15.9N,51.7W,35,1007,,,,,,,,,,,,
AL,ALEX,1998,1,26,19980801,600,,TS,16.3N,53.1W,35,1009,,,,,,,,,,,,
AL,ALEX,1998,1,26,19980801,1200,,TS,16.9N,54.3W,40,1009,,,,,,,,,,,,
AL,ALEX,1998,1,26,19980801,1800,,TS,17.7N,55.4W,40,1012,,,,,,,,,,,,
AL,ALEX,1998,1,26,19980802,0,,TS,18.4N,56.5W,35,1012,,,,,,,,,,,,
AL,ALEX,1998,1,26,19980802,600,,TS,19.0N,57.7W,35,1012,,,,,,,,,,,,
AL,ALEX,1998,1,26,19980802,1200,,TS,19.9N,58.6W,35,1012,,,,,,,,,,,,
AL,ALEX,1998,1,26,19980802,1800,,TD,21.0N,59.3W,30,1014,,,,,,,,,,,,
AL,BONNIE,1998,2,49,19980819,1200,,TD,14.7N,48.1W,25,1009,,,,,,,,,,,,
AL,BONNIE,1998,2,49,19980819,1800,,TD,15.4N,50.1W,30,1009,,,,,,,,,,,,
AL,BONNIE,1998,2,49,19980820,0,,TD,16.2N,52.2W,30,1009,,,,,,,,,,,,
AL,BONNIE,1998,2,49,19980820,600,,TD,16.9N,54.7W,30,1008,,,,,,,,,,,,
AL,BONNIE,1998,2,49,19980820,1200,,TS,17.3N,57.3W,35,1007,,,,,,,,,,,,
AL,BONNIE,1998,2,49,19980820,1800,,TS,18.2N,59.6W,35,1006,,,,,,,,,,,,
AL,BONNIE,1998,2,49,19980821,0,,TS,18.7N,61.3W,40,1005,,,,,,,,,,,,
AL,BONNIE,1998,2,49,19980821,600,,TS,19.1N,62.9W,45,1002,,,,,,,,,,,,
AL,BONNIE,1998,2,49,19980821,1200,,TS,19.5N,64.5W,50,1000,,,,,,,,,,,,
AL,BONNIE,1998,2,49,19980821,1800,,TS,20.3N,65.9W,55,999,,,,,,,,,,,,
AL,BONNIE,1998,2,49,19980822,0,,HU,21.1N,67.3W,65,991,,,,,,,,,,,,
AL,BONNIE,1998,2,49,19980822,600,,HU,21.8N,68.7W,70,989,,,,,,,,,,,,
AL,BONNIE,1998,2,49,19980822,1200,,HU,22.3N,69.8W,75,980,,,,,,,,,,,,
AL,BONNIE,1998,2,49,19980822,1800,,HU,23.0N,70.5W,85,970,,,,,,,,,,,,
AL,BONNIE,1998,2,49,19980823,0,,HU,23.4N,71.0W,90,962,,,,,,,,,,,,
AL,BONNIE,1998,2,49,19980823,600,,HU,23.8N,71.3W,95,960,,,,,,,,,,,,
AL,BONNIE,1998,2,49,19980823,1200,,HU,24.1N,71.5W,100,958,,,,,,,,,,,,
AL,BONNIE,1998,2,49,19980823,1800,,HU,24.4N,71.7W,100,955,,,,,,,,,,,,
AL,BONNIE,1998,2,49,19980824,0,,HU,24.8N,71.8W,100,954,,,,,,,,,,,,
AL,BONNIE,1998,2,49,19980824,600,,HU,25.2N,72.1W,100,960,,,,,,,,,,,,
AL,BONNIE,1998,2,49,19980824,1200,,HU,25.6N,72.4W,100,962,,,,,,,,,,,,
AL,BONNIE,1998,2,49,19980824,1800,,HU,26.1N,72.8W,100,962,,,,,,,,,,,,
AL,BONNIE,1998,2,49,19980825,0,,HU,26.9N,73.2W,100,963,,,,,,,,,,,,
AL,BONNIE,1998,2,49,19980825,600,,HU,27.8N,73.8W,100,962,,,,,,,,,,,,
AL,BONNIE,1998,2,49,19980825,1200,,HU,28.8N,74.7W,100,963,,,,,,,,,,,,
AL,BONNIE,1998,2,49,19980825,1800,,HU,29.8N,75.6W,100,963,,,,,,,,,,,,
AL,BONNIE,1998,2,49,19980826,0,,HU,30.8N,76.4W,100,958,,,,,,,,,,,,
AL,BONNIE,1998,2,49,19980826,600,,HU,31.7N,77.3W,100,964,,,,,,,,,,,,
AL,BONNIE,1998,2,49,19980826,1200,,HU,32.7N,77.8W,100,965,,,,,,,,,,,,
AL,BONNIE,1998,2,49,19980826,1800,,HU,33.4N,77.8W,100,962,,,,,,,,,,,,
AL,BONNIE,1998,2,49,19980827,0,,HU,34.0N,77.7W,95,963,,,,,,,,,,,,
AL,BONNIE,1998,2,49,19980827,400,L,HU,34.4N,77.7W,95,964,,,,,,,,,,,,
AL,BONNIE,1998,2,49,19980827,600,,HU,34.5N,77.5W,85,965,,,,,,,,,,,,
AL,BONNIE,1998,2,49,19980827,1200,,HU,34.9N,77.1W,75,974,,,,,,,,,,,,
AL,BONNIE,1998,2,49,19980827,1800,,TS,35.4N,76.6W,60,980,,,,,,,,,,,,
AL,BONNIE,1998,2,49,19980828,0,,HU,35.8N,75.9W,65,983,,,,,,,,,,,,
AL,BONNIE,1998,2,49,19980828,600,,HU,36.2N,75.1W,75,985,,,,,,,,,,,,
AL,BONNIE,1998,2,49,19980828,1200,,HU,36.7N,74.3W,65,990,,,,,,,,,,,,
AL,BONNIE,1998,2,49,19980828,1800,,TS,37.3N,73.2W,60,991,,,,,,,,,,,,
AL,BONNIE,1998,2,49,19980829,0,,TS,38.3N,71.4W,45,993,,,,,,,,,,,,
AL,BONNIE,1998,2,49,19980829,600,,TS,39.2N,69.6W,45,999,,,,,,,,,,,,
AL,BONNIE,1998,2,49,19980829,1200,,TS,40.2N,67.8W,45,999,,,,,,,,,,,,
AL,BONNIE,1998,2,49,19980829,1800,,TS,41.6N,64.8W,45,1000,,,,,,,,,,,,
AL,BONNIE,1998,2,49,19980830,0,,TS,42.9N,61.5W,45,1000,,,,,,,,,,,,
AL,BONNIE,1998,2,49,19980830,600,,TS,44.3N,57.0W,45,1000,,,,,,,,,,,,
AL,BONNIE,1998,2,49,19980830,1200,,TS,44.5N,53.5W,45,1000,,,,,,,,,,,,
AL,BONNIE,1998,2,49,19980830,1800,,EX,44.0N,50.0W,45,998,,,,,,,,,,,,
AL,BONNIE,1998,2,49,19980831,0,,EX,44.0N,45.0W,45,996,,,,,,,,,,,,
AL,BONNIE,1998,2,49,19980831,600,,EX,43.0N,41.0W,40,996,,,,,,,,,,,,
AL,CHARLEY,1998,3,13,19980821,600,,TD,25.3N,92.3W,25,1008,,,,,,,,,,,,
AL,CHARLEY,1998,3,13,19980821,1200,,TD,25.4N,93.8W,30,1008,,,,,,,,,,,,
AL,CHARLEY,1998,3,13,19980821,1800,,TS,26.0N,94.5W,40,1008,,,,,,,,,,,,
AL,CHARLEY,1998,3,13,19980822,0,,TS,26.8N,95.4W,45,1006,,,,,,,,,,,,
AL,CHARLEY,1998,3,13,19980822,600,,TS,27.5N,96.5W,60,1002,,,,,,,,,,,,
AL,CHARLEY,1998,3,13,19980822,1000,L,TS,27.8N,97.1W,40,1000,,,,,,,,,,,,
AL,CHARLEY,1998,3,13,19980822,1200,,TS,27.9N,97.4W,35,1001,,,,,,,,,,,,
AL,CHARLEY,1998,3,13,19980822,1800,,TD,28.3N,98.1W,30,1003,,,,,,,,,,,,
AL,CHARLEY,1998,3,13,19980823,0,,TD,28.5N,98.7W,25,1005,,,,,,,,,,,,
AL,CHARLEY,1998,3,13,19980823,600,,TD,28.7N,99.3W,20,1006,,,,,,,,,,,,
AL,CHARLEY,1998,3,13,19980823,1200,,TD,28.8N,99.9W,20,1007,,,,,,,,,,,,
AL,CHARLEY,1998,3,13,19980823,1800,,TD,29.1N,100.6W,20,1008,,,,,,,,,,,,
AL,CHARLEY,1998,3,13,19980824,0,,TD,29.4N,101.2W,20,1008,,,,,,,,,,,,
AL,DANIELLE,1998,4,61,19980824,600,,TD,13.4N,34.3W,25,1007,,,,,,,,,,,,
AL,DANIELLE,1998,4,61,19980824,1200,,TD,13.8N,36.1W,30,1006,,,,,,,,,,,,
AL,DANIELLE,1998,4,61,19980824,1800,,TS,14.2N,37.9W,35,1005,,,,,,,,,,,,
AL,DANIELLE,1998,4,61,19980825,0,,TS,14.8N,39.8W,40,1003,,,,,,,,,,,,
AL,DANIELLE,1998,4,61,19980825,600,,TS,15.3N,41.6W,50,997,,,,,,,,,,,,
AL,DANIELLE,1998,4,61,19980825,1200,,HU,16.2N,43.3W,65,990,,,,,,,,,,,,
AL,DANIELLE,1998,4,61,19980825,1800,,HU,16.9N,45.3W,75,982,,,,,,,,,,,,
AL,DANIELLE,1998,4,61,19980826,0,,HU,17.6N,47.3W,80,980,,,,,,,,,,,,
AL,DANIELLE,1998,4,61,19980826,600,,HU,18.4N,49.1W,90,975,,,,,,,,,,,,
AL,DANIELLE,1998,4,61,19980826,1200,,HU,19.1N,51.1W,85,980,,,,,,,,,,,,
AL,DANIELLE,1998,4,61,19980826,1800,,HU,19.7N,52.8W,80,985,,,,,,,,,,,,
AL,DANIELLE,1998,4,61,19980827,0,,HU,20.1N,54.9W,80,993,,,,,,,,,,,,
AL,DANIELLE,1998,4,61,19980827,600,,HU,20.6N,56.7W,85,994,,,,,,,,,,,,
AL,DANIELLE,1998,4,61,19980827,1200,,HU,21.2N,58.5W,90,994,,,,,,,,,,,,
AL,DANIELLE,1998,4,61,19980827,1800,,HU,21.8N,60.1W,85,994,,,,,,,,,,,,
AL,DANIELLE,1998,4,61,19980828,0,,HU,22.4N,61.7W,80,992,,,,,,,,,,,,
AL,DANIELLE,1998,4,61,19980828,600,,HU,22.7N,63.2W,80,992,,,,,,,,,,,,
AL,DANIELLE,1998,4,61,19980828,1200,,HU,23.0N,64.4W,80,989,,,,,,,,,,,,
AL,DANIELLE,1998,4,61,19980828,1800,,HU,23.4N,65.7W,80,986,,,,,,,,,,,,
AL,DANIELLE,1998,4,61,19980829,0,,HU,23.9N,66.9W,75,989,,,,,,,,,,,,
AL,DANIELLE,1998,4,61,19980829,600,,HU,24.3N,68.2W,70,990,,,,,,,,,,,,
AL,DANIELLE,1998,4,61,19980829,1200,,HU,24.8N,69.4W,70,988,,,,,,,,,,,,
AL,DANIELLE,1998,4,61,19980829,1800,,HU,25.4N,70.5W,70,987,,,,,,,,,,,,
AL,DANIELLE,1998,4,61,19980830,0,,HU,25.9N,71.4W,65,987,,,,,,,,,,,,
AL,DANIELLE,1998,4,61,19980830,600,,HU,26.4N,72.2W,65,988,,,,,,,,,,,,
AL,DANIELLE,1998,4,61,19980830,1200,,HU,26.9N,73.1W,65,990,,,,,,,,,,,,
AL,DANIELLE,1998,4,61,19980830,1800,,HU,27.5N,73.9W,65,987,,,,,,,,,,,,
AL,DANIELLE,1998,4,61,19980831,0,,HU,27.9N,74.1W,70,983,,,,,,,,,,,,
AL,DANIELLE,1998,4,61,19980831,600,,HU,28.4N,74.3W,75,980,,,,,,,,,,,,
AL,DANIELLE,1998,4,61,19980831,1200,,HU,29.2N,74.1W,90,977,,,,,,,,,,,,
AL,DANIELLE,1998,4,61,19980831,1800,,HU,30.0N,73.7W,85,975,,,,,,,,,,,,
AL,DANIELLE,1998,4,61,19980901,0,,HU,30.9N,73.3W,85,973,,,,,,,,,,,,
AL,DANIELLE,1998,4,61,19980901,600,,HU,31.7N,72.7W,85,972,,,,,,,,,,,,
AL,DANIELLE,1998,4,61,19980901,1200,,HU,32.2N,72.0W,85,968,,,,,,,,,,,,
AL,DANIELLE,1998,4,61,19980901,1800,,HU,32.9N,70.7W,90,965,,,,,,,,,,,,
AL,DANIELLE,1998,4,61,19980902,0,,HU,33.7N,69.1W,80,967,,,,,,,,,,,,
AL,DANIELLE,1998,4,61,19980902,600,,HU,34.6N,67.6W,75,970,,,,,,,,,,,,
AL,DANIELLE,1998,4,61,19980902,1200,,HU,36.0N,65.4W,70,975,,,,,,,,,,,,
AL,DANIELLE,1998,4,61,19980902,1800,,HU,37.9N,63.1W,70,975,,,,,,,,,,,,
AL,DANIELLE,1998,4,61,19980903,0,,HU,39.9N,60.1W,70,970,,,,,,,,,,,,
AL,DANIELLE,1998,4,61,19980903,600,,HU,42.1N,57.5W,70,960,,,,,,,,,,,,
AL,DANIELLE,1998,4,61,19980903,1200,,HU,43.4N,54.8W,70,965,,,,,,,,,,,,
AL,DANIELLE,1998,4,61,19980903,1800,,HU,44.6N,51.9W,65,965,,,,,,,,,,,,
AL,DANIELLE,1998,4,61,19980904,0,,EX,44.8N,48.5W,65,975,,,,,,,,,,,,
AL,DANIELLE,1998,4,61,19980904,600,,EX,44.9N,44.0W,60,985,,,,,,,,,,,,
AL,DANIELLE,1998,4,61,19980904,1200,,EX,45.0N,40.5W,60,978,,,,,,,,,,,,
AL,DANIELLE,1998,4,61,19980904,1800,,EX,45.3N,37.0W,60,976,,,,,,,,,,,,
AL,DANIELLE,1998,4,61,19980905,0,,EX,45.9N,33.0W,60,975,,,,,,,,,,,,
AL,DANIELLE,1998,4,61,19980905,600,,EX,46.5N,28.0W,60,973,,,,,,,,,,,,
AL,DANIELLE,1998,4,61,19980905,1200,,EX,47.0N,25.0W,60,970,,,,,,,,,,,,
AL,DANIELLE,1998,4,61,19980905,1800,,EX,48.0N,22.0W,60,967,,,,,,,,,,,,
AL,DANIELLE,1998,4,61,19980906,0,,EX,50.0N,19.0W,60,964,,,,,,,,,,,,
AL,DANIELLE,1998,4,61,19980906,600,,EX,51.5N,18.0W,55,965,,,,,,,,,,,,
AL,DANIELLE,1998,4,61,19980906,1200,,EX,52.8N,17.1W,55,965,,,,,,,,,,,,
AL,DANIELLE,1998,4,61,19980906,1800,,EX,53.3N,16.7W,55,967,,,,,,,,,,,,
AL,DANIELLE,1998,4,61,19980907,0,,EX,53.8N,16.2W,50,970,,,,,,,,,,,,
AL,DANIELLE,1998,4,61,19980907,600,,EX,54.5N,16.0W,45,975,,,,,,,,,,,,
AL,DANIELLE,1998,4,61,19980907,1200,,EX,55.0N,15.0W,40,977,,,,,,,,,,,,
AL,DANIELLE,1998,4,61,19980907,1800,,EX,55.8N,14.0W,35,979,,,,,,,,,,,,
AL,DANIELLE,1998,4,61,19980908,0,,EX,56.4N,13.1W,30,980,,,,,,,,,,,,
AL,DANIELLE,1998,4,61,19980908,600,,EX,57.0N,12.0W,30,980,,,,,,,,,,,,
AL,EARL,1998,5,33,19980831,1200,,TD,21.6N,93.5W,30,1005,,,,,,,,,,,,
AL,EARL,1998,5,33,19980831,1800,,TS,22.4N,93.8W,35,1002,,,,,,,,,,,,
AL,EARL,1998,5,33,19980901,0,,TS,23.2N,93.7W,35,1002,,,,,,,,,,,,
AL,EARL,1998,5,33,19980901,600,,TS,24.1N,93.4W,40,1001,,,,,,,,,,,,
AL,EARL,1998,5,33,19980901,1200,,TS,25.0N,93.1W,45,999,,,,,,,,,,,,
AL,EARL,1998,5,33,19980901,1800,,TS,25.8N,92.5W,50,998,,,,,,,,,,,,
AL,EARL,1998,5,33,19980902,0,,TS,26.8N,91.5W,50,998,,,,,,,,,,,,
AL,EARL,1998,5,33,19980902,600,,TS,27.6N,90.4W,50,996,,,,,,,,,,,,
AL,EARL,1998,5,33,19980902,1200,,HU,28.2N,89.0W,70,994,,,,,,,,,,,,
AL,EARL,1998,5,33,19980902,1800,,HU,28.7N,87.9W,85,988,,,,,,,,,,,,
AL,EARL,1998,5,33,19980903,0,,HU,29.4N,86.8W,80,985,,,,,,,,,,,,
AL,EARL,1998,5,33,19980903,600,L,HU,30.1N,85.7W,70,987,,,,,,,,,,,,
AL,EARL,1998,5,33,19980903,1200,,TS,31.3N,84.0W,45,990,,,,,,,,,,,,
AL,EARL,1998,5,33,19980903,1800,,EX,32.4N,82.4W,40,994,,,,,,,,,,,,
AL,EARL,1998,5,33,19980904,0,,EX,33.2N,80.5W,40,994,,,,,,,,,,,,
AL,EARL,1998,5,33,19980904,600,,EX,34.5N,79.0W,50,995,,,,,,,,,,,,
AL,EARL,1998,5,33,19980904,1200,,EX,35.9N,77.2W,50,998,,,,,,,,,,,,
AL,EARL,1998,5,33,19980904,1800,,EX,36.5N,75.0W,50,1000,,,,,,,,,,,,
AL,EARL,1998,5,33,19980905,0,,EX,38.0N,71.0W,50,1000,,,,,,,,,,,,
AL,EARL,1998,5,33,19980905,600,,EX,40.0N,65.5W,50,998,,,,,,,,,,,,
AL,EARL,1998,5,33,19980905,1200,,EX,42.5N,61.0W,50,990,,,,,,,,,,,,
AL,EARL,1998,5,33,19980905,1800,,EX,45.0N,56.0W,50,986,,,,,,,,,,,,
AL,EARL,1998,5,33,19980906,0,,EX,47.0N,54.0W,50,979,,,,,,,,,,,,
AL,EARL,1998,5,33,19980906,600,,EX,48.0N,53.0W,50,968,,,,,,,,,,,,
AL,EARL,1998,5,33,19980906,1200,,EX,49.0N,52.0W,55,964,,,,,,,,,,,,
AL,EARL,1998,5,33,19980906,1800,,EX,49.5N,50.0W,55,966,,,,,,,,,,,,
AL,EARL,1998,5,33,19980907,0,,EX,50.0N,48.0W,55,968,,,,,,,,,,,,
AL,EARL,1998,5,33,19980907,600,,EX,50.5N,45.0W,50,970,,,,,,,,,,,,
AL,EARL,1998,5,33,19980907,1200,,EX,51.0N,41.0W,45,978,,,,,,,,,,,,
AL,EARL,1998,5,33,19980907,1800,,EX,51.0N,37.0W,45,978,,,,,,,,,,,,
AL,EARL,1998,5,33,19980908,0,,EX,51.0N,32.0W,40,982,,,,,,,,,,,,
AL,EARL,1998,5,33,19980908,600,,EX,51.5N,28.5W,40,982,,,,,,,,,,,,
AL,EARL,1998,5,33,19980908,1200,,EX,52.0N,25.0W,35,983,,,,,,,,,,,,
AL,FRANCES,1998,6,21,19980908,1800,,TD,25.5N,94.5W,30,1000,,,,,,,,,,,,
AL,FRANCES,1998,6,21,19980909,0,,TD,25.3N,94.4W,30,1000,,,,,,,,,,,,
AL,FRANCES,1998,6,21,19980909,600,,TD,25.0N,94.5W,30,999,,,,,,,,,,,,
AL,FRANCES,1998,6,21,19980909,1200,,TD,24.6N,94.7W,30,998,,,,,,,,,,,,
AL,FRANCES,1998,6,21,19980909,1800,,TS,24.2N,95.5W,35,997,,,,,,,,,,,,
AL,FRANCES,1998,6,21,19980910,0,,TS,23.5N,95.6W,40,995,,,,,,,,,,,,
AL,FRANCES,1998,6,21,19980910,600,,TS,24.2N,95.0W,40,995,,,,,,,,,,,,
AL,FRANCES,1998,6,21,19980910,1200,,TS,25.3N,95.2W,45,996,,,,,,,,,,,,
AL,FRANCES,1998,6,21,19980910,1800,,TS,26.6N,95.2W,45,996,,,,,,,,,,,,
AL,FRANCES,1998,6,21,19980911,0,,TS,27.2N,95.9W,55,994,,,,,,,,,,,,
AL,FRANCES,1998,6,21,19980911,600,L,TS,28.2N,96.9W,45,990,,,,,,,,,,,,
AL,FRANCES,1998,6,21,19980911,1200,,TS,28.4N,97.6W,40,992,,,,,,,,,,,,
AL,FRANCES,1998,6,21,19980911,1800,,TS,28.5N,97.0W,35,994,,,,,,,,,,,,
AL,FRANCES,1998,6,21,19980912,0,,TD,29.3N,96.9W,30,996,,,,,,,,,,,,
AL,FRANCES,1998,6,21,19980912,600,,TD,30.2N,96.8W,30,998,,,,,,,,,,,,
AL,FRANCES,1998,6,21,19980912,1200,,TD,31.0N,96.8W,30,1000,,,,,,,,,,,,
AL,FRANCES,1998,6,21,19980912,1800,,TD,31.3N,96.8W,30,1001,,,,,,,,,,,,
AL,FRANCES,1998,6,21,19980913,0,,TD,31.5N,96.8W,25,1002,,,,,,,,,,,,
AL,FRANCES,1998,6,21,19980913,600,,TD,31.7N,96.9W,20,1002,,,,,,,,,,,,
AL,FRANCES,1998,6,21,19980913,1200,,TD,32.0N,96.9W,20,1003,,,,,,,,,,,,
AL,FRANCES,1998,6,21,19980913,1800,,TD,33.0N,97.0W,20,1003,,,,,,,,,,,,
AL,GEORGES,1998,7,71,19980915,1200,,TD,9.7N,25.1W,30,1009,,,,,,,,,,,,
AL,GEORGES,1998,7,71,19980915,1800,,TD,9.8N,26.5W,30,1009,,,,,,,,,,,,
AL,GEORGES,1998,7,71,19980916,0,,TD,10.0N,28.1W,30,1009,,,,,,,,,,,,
AL,GEORGES,1998,7,71,19980916,600,,TD,10.3N,29.7W,30,1009,,,,,,,,,,,,
AL,GEORGES,1998,7,71,19980916,1200,,TS,10.6N,31.3W,35,1005,,,,,,,,,,,,
AL,GEORGES,1998,7,71,19980916,1800,,TS,11.0N,32.9W,35,1003,,,,,,,,,,,,
AL,GEORGES,1998,7,71,19980917,0,,TS,11.3N,34.6W,45,1000,,,,,,,,,,,,
AL,GEORGES,1998,7,71,19980917,600,,TS,11.7N,36.3W,50,997,,,,,,,,,,,,
AL,GEORGES,1998,7,71,19980917,1200,,TS,12.0N,38.1W,55,994,,,,,,,,,,,,
AL,GEORGES,1998,7,71,19980917,1800,,HU,12.3N,40.0W,65,987,,,,,,,,,,,,
AL,GEORGES,1998,7,71,19980918,0,,HU,12.5N,42.0W,70,984,,,,,,,,,,,,
AL,GEORGES,1998,7,71,19980918,600,,HU,12.8N,43.9W,80,977,,,,,,,,,,,,
AL,GEORGES,1998,7,71,19980918,1200,,HU,13.1N,45.7W,85,973,,,,,,,,,,,,
AL,GEORGES,1998,7,71,19980918,1800,,HU,13.5N,47.4W,90,970,,,,,,,,,,,,
AL,GEORGES,1998,7,71,19980919,0,,HU,13.9N,49.0W,90,970,,,,,,,,,,,,
AL,GEORGES,1998,7,71,19980919,600,,HU,14.4N,50.6W,95,965,,,,,,,,,,,,
AL,GEORGES,1998,7,71,19980919,1200,,HU,14.9N,52.0W,110,954,,,,,,,,,,,,
AL,GEORGES,1998,7,71,19980919,1800,,HU,15.4N,53.5W,125,949,,,,,,,,,,,,
AL,GEORGES,1998,7,71,19980920,0,,HU,15.7N,54.9W,130,939,,,,,,,,,,,,
AL,GEORGES,1998,7,71,19980920,600,,HU,16.0N,56.3W,135,937,,,,,,,,,,,,
AL,GEORGES,1998,7,71,19980920,1200,,HU,16.2N,57.7W,130,939,,,,,,,,,,,,
AL,GEORGES,1998,7,71,19980920,1800,,HU,16.4N,59.2W,115,956,,,,,,,,,,,,
AL,GEORGES,1998,7,71,19980921,0,,HU,16.7N,60.6W,100,963,,,,,,,,,,,,
AL,GEORGES,1998,7,71,19980921,430,L,HU,17.0N,61.7W,100,966,,,,,,,,,,,,
AL,GEORGES,1998,7,71,19980921,600,,HU,17.1N,62.1W,100,966,,,,,,,,,,,,
AL,GEORGES,1998,7,71,19980921,800,L,HU,17.2N,62.6W,100,966,,,,,,,,,,,,
AL,GEORGES,1998,7,71,19980921,1200,,HU,17.4N,63.6W,95,966,,,,,,,,,,,,
AL,GEORGES,1998,7,71,19980921,1800,,HU,17.8N,65.0W,90,970,,,,,,,,,,,,
AL,GEORGES,1998,7,71,19980921,2200,L,HU,18.1N,65.8W,90,968,,,,,,,,,,,,
AL,GEORGES,1998,7,71,19980922,0,,HU,18.2N,66.3W,90,970,,,,,,,,,,,,
AL,GEORGES,1998,7,71,19980922,600,,HU,18.0N,67.4W,95,972,,,,,,,,,,,,
AL,GEORGES,1998,7,71,19980922,1200,,HU,18.2N,68.5W,105,964,,,,,,,,,,,,
AL,GEORGES,1998,7,71,19980922,1230,L,HU,18.2N,68.7W,105,962,,,,,,,,,,,,
AL,GEORGES,1998,7,71,19980922,1800,,HU,18.6N,69.7W,95,970,,,,,,,,,,,,
AL,GEORGES,1998,7,71,19980923,0,,HU,18.8N,70.8W,70,980,,,,,,,,,,,,
AL,GEORGES,1998,7,71,19980923,600,,HU,19.0N,72.1W,65,990,,,,,,,,,,,,
AL,GEORGES,1998,7,71,19980923,1200,,HU,19.3N,73.3W,65,996,,,,,,,,,,,,
AL,GEORGES,1998,7,71,19980923,1800,,HU,19.8N,74.3W,65,994,,,,,,,,,,,,
AL,GEORGES,1998,7,71,19980923,2130,L,HU,20.1N,74.5W,65,993,,,,,,,,,,,,
AL,GEORGES,1998,7,71,19980924,0,,HU,20.5N,74.9W,65,992,,,,,,,,,,,,
AL,GEORGES,1998,7,71,19980924,600,,HU,20.8N,76.0W,65,991,,,,,,,,,,,,
AL,GEORGES,1998,7,71,19980924,1200,,HU,21.3N,77.2W,70,990,,,,,,,,,,,,
AL,GEORGES,1998,7,71,19980924,1800,,HU,21.9N,78.0W,75,989,,,,,,,,,,,,
AL,GEORGES,1998,7,71,19980925,0,,HU,22.7N,79.0W,80,987,,,,,,,,,,,,
AL,GEORGES,1998,7,71,19980925,600,,HU,23.4N,80.2W,85,986,,,,,,,,,,,,
AL,GEORGES,1998,7,71,19980925,1200,,HU,23.9N,81.3W,90,982,,,,,,,,,,,,
AL,GEORGES,1998,7,71,19980925,1530,L,HU,24.5N,81.8W,90,981,,,,,,,,,,,,
AL,GEORGES,1998,7,71,19980925,1800,,HU,24.6N,82.4W,90,975,,,,,,,,,,,,
AL,GEORGES,1998,7,71,19980926,0,,HU,24.8N,83.3W,90,974,,,,,,,,,,,,
AL,GEORGES,1998,7,71,19980926,600,,HU,25.2N,84.2W,90,975,,,,,,,,,,,,
AL,GEORGES,1998,7,71,19980926,1200,,HU,25.7N,85.1W,90,974,,,,,,,,,,,,
AL,GEORGES,1998,7,71,19980926,1800,,HU,26.2N,85.9W,90,975,,,,,,,,,,,,
AL,GEORGES,1998,7,71,19980927,0,,HU,27.0N,86.5W,95,969,,,,,,,,,,,,
AL,GEORGES,1998,7,71,19980927,600,,HU,27.6N,87.2W,95,970,,,,,,,,,,,,
AL,GEORGES,1998,7,71,19980927,1200,,HU,28.2N,87.8W,95,962,,,,,,,,,,,,
AL,GEORGES,1998,7,71,19980927,1800,,HU,28.8N,88.3W,95,962,,,,,,,,,,,,
AL,GEORGES,1998,7,71,19980928,0,,HU,29.3N,88.5W,95,961,,,,,,,,,,,,
AL,GEORGES,1998,7,71,19980928,600,,HU,29.8N,88.7W,90,964,,,,,,,,,,,,
AL,GEORGES,1998,7,71,19980928,1130,L,HU,30.4N,88.9W,90,964,,,,,,,,,,,,
AL,GEORGES,1998,7,71,19980928,1200,,HU,30.4N,88.9W,90,965,,,,,,,,,,,,
AL,GEORGES,1998,7,71,19980928,1800,,HU,30.6N,88.9W,65,984,,,,,,,,,,,,
AL,GEORGES,1998,7,71,19980929,0,,TS,30.6N,89.0W,50,986,,,,,,,,,,,,
AL,GEORGES,1998,7,71,19980929,600,,TS,30.6N,88.4W,40,992,,,,,,,,,,,,
AL,GEORGES,1998,7,71,19980929,1200,,TD,31.0N,88.1W,30,994,,,,,,,,,,,,
AL,GEORGES,1998,7,71,19980929,1800,,TD,30.9N,87.5W,30,996,,,,,,,,,,,,
AL,GEORGES,1998,7,71,19980930,0,,TD,30.8N,86.9W,30,998,,,,,,,,,,,,
AL,GEORGES,1998,7,71,19980930,600,,TD,30.7N,86.3W,30,1000,,,,,,,,,,,,
AL,GEORGES,1998,7,71,19980930,1200,,TD,30.7N,85.4W,25,1002,,,,,,,,,,,,
AL,GEORGES,1998,7,71,19980930,1800,,TD,30.6N,84.2W,25,1004,,,,,,,,,,,,
AL,GEORGES,1998,7,71,19981001,0,,TD,30.5N,83.0W,25,1006,,,,,,,,,,,,
AL,GEORGES,1998,7,71,19981001,600,,TD,30.5N,81.8W,20,1008,,,,,,,,,,,,
AL,HERMINE,1998,8,15,19980917,1200,,TD,26.9N,90.3W,30,1001,,,,,,,,,,,,
AL,HERMINE,1998,8,15,19980917,1800,,TD,26.8N,91.6W,30,1001,,,,,,,,,,,,
AL,HERMINE,1998,8,15,19980918,0,,TD,26.4N,92.1W,30,1000,,,,,,,,,,,,
AL,HERMINE,1998,8,15,19980918,600,,TD,25.7N,92.5W,30,999,,,,,,,,,,,,
AL,HERMINE,1998,8,15,19980918,1200,,TD,26.0N,92.5W,30,999,,,,,,,,,,,,
AL,HERMINE,1998,8,15,19980918,1800,,TD,25.9N,92.3W,30,1000,,,,,,,,,,,,
AL,HERMINE,1998,8,15,19980919,0,,TD,25.8N,92.0W,30,1001,,,,,,,,,,,,
AL,HERMINE,1998,8,15,19980919,600,,TD,26.4N,91.4W,30,1001,,,,,,,,,,,,
AL,HERMINE,1998,8,15,19980919,1200,,TS,27.5N,91.3W,35,1001,,,,,,,,,,,,
AL,HERMINE,1998,8,15,19980919,1800,,TS,28.3N,91.1W,40,1000,,,,,,,,,,,,
AL,HERMINE,1998,8,15,19980920,0,,TS,29.0N,90.9W,40,999,,,,,,,,,,,,
AL,HERMINE,1998,8,15,19980920,500,L,TS,29.1N,90.9W,35,1000,,,,,,,,,,,,
AL,HERMINE,1998,8,15,19980920,600,,TS,29.2N,90.9W,35,1001,,,,,,,,,,,,
AL,HERMINE,1998,8,15,19980920,1200,,TD,30.5N,90.5W,30,1002,,,,,,,,,,,,
AL,HERMINE,1998,8,15,19980920,1800,,TD,31.0N,90.0W,20,1003,,,,,,,,,,,,
AL,IVAN,1998,9,36,19980919,0,,TD,13.4N,26.6W,25,1010,,,,,,,,,,,,
AL,IVAN,1998,9,36,19980919,600,,TD,13.1N,27.5W,25,1010,,,,,,,,,,,,
AL,IVAN,1998,9,36,19980919,1200,,TD,12.9N,28.2W,25,1010,,,,,,,,,,,,
AL,IVAN,1998,9,36,19980919,1800,,TD,13.1N,29.0W,25,1010,,,,,,,,,,,,
AL,IVAN,1998,9,36,19980920,0,,TD,13.4N,29.6W,30,1009,,,,,,,,,,,,
AL,IVAN,1998,9,36,19980920,600,,TD,14.3N,30.6W,30,1009,,,,,,,,,,,,
AL,IVAN,1998,9,36,19980920,1200,,TD,15.2N,31.5W,30,1008,,,,,,,,,,,,
AL,IVAN,1998,9,36,19980920,1800,,TS,16.0N,32.6W,35,1006,,,,,,,,,,,,
AL,IVAN,1998,9,36,19980921,0,,TS,16.8N,33.7W,35,1005,,,,,,,,,,,,
AL,IVAN,1998,9,36,19980921,600,,TS,17.4N,34.9W,35,1003,,,,,,,,,,,,
AL,IVAN,1998,9,36,19980921,1200,,TS,18.2N,35.6W,35,1003,,,,,,,,,,,,
AL,IVAN,1998,9,36,19980921,1800,,TS,19.0N,36.0W,40,1002,,,,,,,,,,,,
AL,IVAN,1998,9,36,19980922,0,,TS,20.0N,36.1W,40,1001,,,,,,,,,,,,
AL,IVAN,1998,9,36,19980922,600,,TS,21.3N,36.1W,45,1000,,,,,,,,,,,,
AL,IVAN,1998,9,36,19980922,1200,,TS,22.9N,36.4W,45,997,,,,,,,,,,,,
AL,IVAN,1998,9,36,19980922,1800,,TS,24.2N,37.1W,55,994,,,,,,,,,,,,
AL,IVAN,1998,9,36,19980923,0,,TS,25.6N,37.7W,50,996,,,,,,,,,,,,
AL,IVAN,1998,9,36,19980923,600,,TS,26.9N,38.4W,45,997,,,,,,,,,,,,
AL,IVAN,1998,9,36,19980923,1200,,TS,28.3N,39.2W,55,990,,,,,,,,,,,,
AL,IVAN,1998,9,36,19980923,1800,,HU,29.6N,40.2W,65,987,,,,,,,,,,,,
AL,IVAN,1998,9,36,19980924,0,,HU,30.5N,40.9W,65,986,,,,,,,,,,,,
AL,IVAN,1998,9,36,19980924,600,,HU,31.3N,41.6W,70,985,,,,,,,,,,,,
AL,IVAN,1998,9,36,19980924,1200,,HU,32.3N,42.0W,70,985,,,,,,,,,,,,
AL,IVAN,1998,9,36,19980924,1800,,HU,33.4N,42.3W,70,985,,,,,,,,,,,,
AL,IVAN,1998,9,36,19980925,0,,HU,34.4N,42.3W,70,984,,,,,,,,,,,,
AL,IVAN,1998,9,36,19980925,600,,HU,35.3N,41.9W,70,984,,,,,,,,,,,,
AL,IVAN,1998,9,36,19980925,1200,,HU,36.3N,41.3W,70,984,,,,,,,,,,,,
AL,IVAN,1998,9,36,19980925,1800,,HU,37.2N,40.2W,75,983,,,,,,,,,,,,
AL,IVAN,1998,9,36,19980926,0,,HU,38.1N,38.7W,75,980,,,,,,,,,,,,
AL,IVAN,1998,9,36,19980926,600,,HU,39.2N,36.3W,80,975,,,,,,,,,,,,
AL,IVAN,1998,9,36,19980926,1200,,HU,40.1N,33.1W,75,977,,,,,,,,,,,,
AL,IVAN,1998,9,36,19980926,1800,,HU,40.7N,29.7W,75,982,,,,,,,,,,,,
AL,IVAN,1998,9,36,19980927,0,,TS,40.7N,25.7W,60,994,,,,,,,,,,,,
AL,IVAN,1998,9,36,19980927,600,,TS,40.9N,22.7W,50,997,,,,,,,,,,,,
AL,IVAN,1998,9,36,19980927,1200,,TS,41.3N,19.2W,45,1000,,,,,,,,,,,,
AL,IVAN,1998,9,36,19980927,1800,,TS,41.5N,15.5W,40,1002,,,,,,,,,,,,
AL,JEANNE,1998,10,54,19980921,600,,TD,9.6N,17.4W,30,1008,,,,,,,,,,,,
AL,JEANNE,1998,10,54,19980921,1200,,TD,10.5N,18.2W,30,1006,,,,,,,,,,,,
AL,JEANNE,1998,10,54,19980921,1800,,TS,11.0N,19.4W,35,1004,,,,,,,,,,,,
AL,JEANNE,1998,10,54,19980922,0,,TS,11.5N,20.7W,40,1002,,,,,,,,,,,,
AL,JEANNE,1998,10,54,19980922,600,,TS,12.1N,22.2W,45,1000,,,,,,,,,,,,
AL,JEANNE,1998,10,54,19980922,1200,,TS,12.7N,23.8W,55,994,,,,,,,,,,,,
AL,JEANNE,1998,10,54,19980922,1800,,HU,13.1N,25.2W,65,987,,,,,,,,,,,,
AL,JEANNE,1998,10,54,19980923,0,,HU,13.6N,26.7W,70,983,,,,,,,,,,,,
AL,JEANNE,1998,10,54,19980923,600,,HU,14.1N,28.1W,75,980,,,,,,,,,,,,
AL,JEANNE,1998,10,54,19980923,1200,,HU,14.5N,29.5W,80,975,,,,,,,,,,,,
AL,JEANNE,1998,10,54,19980923,1800,,HU,15.0N,30.8W,85,973,,,,,,,,,,,,
AL,JEANNE,1998,10,54,19980924,0,,HU,15.4N,32.1W,85,972,,,,,,,,,,,,
AL,JEANNE,1998,10,54,19980924,600,,HU,15.9N,33.4W,90,971,,,,,,,,,,,,
AL,JEANNE,1998,10,54,19980924,1200,,HU,16.4N,34.4W,90,970,,,,,,,,,,,,
AL,JEANNE,1998,10,54,19980924,1800,,HU,17.0N,35.4W,90,969,,,,,,,,,,,,
AL,JEANNE,1998,10,54,19980925,0,,HU,17.5N,36.3W,90,971,,,,,,,,,,,,
AL,JEANNE,1998,10,54,19980925,600,,HU,18.0N,37.2W,90,973,,,,,,,,,,,,
AL,JEANNE,1998,10,54,19980925,1200,,HU,18.6N,37.9W,85,975,,,,,,,,,,,,
AL,JEANNE,1998,10,54,19980925,1800,,HU,19.3N,38.6W,80,977,,,,,,,,,,,,
AL,JEANNE,1998,10,54,19980926,0,,HU,20.0N,39.4W,75,979,,,,,,,,,,,,
AL,JEANNE,1998,10,54,19980926,600,,HU,20.8N,40.0W,70,983,,,,,,,,,,,,
AL,JEANNE,1998,10,54,19980926,1200,,HU,21.6N,40.6W,70,983,,,,,,,,,,,,
AL,JEANNE,1998,10,54,19980926,1800,,HU,22.4N,41.2W,75,980,,,,,,,,,,,,
AL,JEANNE,1998,10,54,19980927,0,,HU,23.4N,41.6W,75,980,,,,,,,,,,,,
AL,JEANNE,1998,10,54,19980927,600,,HU,24.4N,42.0W,70,983,,,,,,,,,,,,
AL,JEANNE,1998,10,54,19980927,1200,,HU,25.6N,41.8W,70,983,,,,,,,,,,,,
AL,JEANNE,1998,10,54,19980927,1800,,HU,27.1N,41.5W,70,983,,,,,,,,,,,,
AL,JEANNE,1998,10,54,19980928,0,,HU,28.8N,41.2W,70,983,,,,,,,,,,,,
AL,JEANNE,1998,10,54,19980928,600,,HU,30.6N,40.7W,70,983,,,,,,,,,,,,
AL,JEANNE,1998,10,54,19980928,1200,,HU,32.3N,39.6W,75,980,,,,,,,,,,,,
AL,JEANNE,1998,10,54,19980928,1800,,HU,33.8N,38.4W,80,977,,,,,,,,,,,,
AL,JEANNE,1998,10,54,19980929,0,,HU,35.0N,37.2W,80,977,,,,,,,,,,,,
AL,JEANNE,1998,10,54,19980929,600,,HU,35.8N,36.2W,75,980,,,,,,,,,,,,
AL,JEANNE,1998,10,54,19980929,1200,,HU,36.2N,35.3W,65,985,,,,,,,,,,,,
AL,JEANNE,1998,10,54,19980929,1800,,TS,36.6N,34.6W,60,990,,,,,,,,,,,,
AL,JEANNE,1998,10,54,19980930,0,,TS,36.9N,33.4W,50,997,,,,,,,,,,,,
AL,JEANNE,1998,10,54,19980930,600,,TS,37.2N,32.1W,45,1000,,,,,,,,,,,,
AL,JEANNE,1998,10,54,19980930,1200,,TS,37.6N,30.7W,40,1002,,,,,,,,,,,,
AL,JEANNE,1998,10,54,19980930,1800,,TS,38.0N,29.4W,35,1006,,,,,,,,,,,,
AL,JEANNE,1998,10,54,19981001,0,,EX,38.2N,28.0W,30,1008,,,,,,,,,,,,
AL,JEANNE,1998,10,54,19981001,600,,EX,38.3N,26.3W,30,1008,,,,,,,,,,,,
AL,JEANNE,1998,10,54,19981001,1200,,EX,38.5N,24.5W,35,1006,,,,,,,,,,,,
AL,JEANNE,1998,10,54,19981001,1800,,EX,38.7N,22.5W,35,1005,,,,,,,,,,,,
AL,JEANNE,1998,10,54,19981002,0,,EX,38.8N,21.0W,35,1003,,,,,,,,,,,,
AL,JEANNE,1998,10,54,19981002,600,,EX,38.9N,19.5W,35,1003,,,,,,,,,,,,
AL,JEANNE,1998,10,54,19981002,1200,,EX,39.0N,18.2W,40,1003,,,,,,,,,,,,
AL,JEANNE,1998,10,54,19981002,1800,,EX,39.0N,16.8W,40,1003,,,,,,,,,,,,
AL,JEANNE,1998,10,54,19981003,0,,EX,39.0N,15.5W,40,1003,,,,,,,,,,,,
AL,JEANNE,1998,10,54,19981003,600,,EX,39.0N,14.3W,40,1003,,,,,,,,,,,,
AL,JEANNE,1998,10,54,19981003,1200,,EX,39.0N,13.0W,40,1003,,,,,,,,,,,,
AL,JEANNE,1998,10,54,19981003,1800,,EX,39.0N,11.0W,35,1003,,,,,,,,,,,,
AL,JEANNE,1998,10,54,19981004,0,,EX,39.1N,9.0W,30,1003,,,,,,,,,,,,
AL,JEANNE,1998,10,54,19981004,600,,EX,39.3N,7.0W,30,1004,,,,,,,,,,,,
AL,JEANNE,1998,10,54,19981004,1200,,EX,39.5N,5.0W,25,1004,,,,,,,,,,,,
AL,KARL,1998,11,26,19980923,1200,,TD,33.3N,65.4W,25,1003,,,,,,,,,,,,
AL,KARL,1998,11,26,19980923,1800,,TD,33.2N,62.8W,30,1004,,,,,,,,,,,,
AL,KARL,1998,11,26,19980924,0,,TS,33.2N,60.7W,35,1003,,,,,,,,,,,,
AL,KARL,1998,11,26,19980924,600,,TS,32.9N,59.2W,35,1002,,,,,,,,,,,,
AL,KARL,1998,11,26,19980924,1200,,TS,32.5N,58.1W,40,1001,,,,,,,,,,,,
AL,KARL,1998,11,26,19980924,1800,,TS,32.0N,57.2W,45,1000,,,,,,,,,,,,
AL,KARL,1998,11,26,19980925,0,,TS,31.4N,56.2W,50,998,,,,,,,,,,,,
AL,KARL,1998,11,26,19980925,600,,TS,30.8N,55.1W,55,994,,,,,,,,,,,,
AL,KARL,1998,11,26,19980925,1200,,HU,30.4N,54.0W,65,987,,,,,,,,,,,,
AL,KARL,1998,11,26,19980925,1800,,HU,30.3N,52.9W,70,984,,,,,,,,,,,,
AL,KARL,1998,11,26,19980926,0,,HU,30.5N,51.8W,75,981,,,,,,,,,,,,
AL,KARL,1998,11,26,19980926,600,,HU,31.1N,51.0W,75,979,,,,,,,,,,,,
AL,KARL,1998,11,26,19980926,1200,,HU,31.8N,49.9W,75,977,,,,,,,,,,,,
AL,KARL,1998,11,26,19980926,1800,,HU,32.6N,48.8W,80,973,,,,,,,,,,,,
AL,KARL,1998,11,26,19980927,0,,HU,33.9N,47.3W,90,970,,,,,,,,,,,,
AL,KARL,1998,11,26,19980927,600,,HU,35.5N,45.2W,90,970,,,,,,,,,,,,
AL,KARL,1998,11,26,19980927,1200,,HU,37.4N,42.5W,80,973,,,,,,,,,,,,
AL,KARL,1998,11,26,19980927,1800,,HU,39.1N,39.0W,70,983,,,,,,,,,,,,
AL,KARL,1998,11,26,19980928,0,,TS,40.4N,34.7W,55,994,,,,,,,,,,,,
AL,KARL,1998,11,26,19980928,600,,EX,41.5N,30.0W,40,1002,,,,,,,,,,,,
AL,KARL,1998,11,26,19980928,1200,,EX,42.0N,25.0W,35,1001,,,,,,,,,,,,
AL,KARL,1998,11,26,19980928,1800,,EX,43.0N,20.0W,35,1000,,,,,,,,,,,,
AL,KARL,1998,11,26,19980929,0,,EX,46.0N,16.0W,35,996,,,,,,,,,,,,
AL,KARL,1998,11,26,19980929,600,,EX,48.0N,14.0W,35,994,,,,,,,,,,,,
AL,KARL,1998,11,26,19980929,1200,,EX,49.0N,11.0W,35,994,,,,,,,,,,,,
AL,KARL,1998,11,26,19980929,1800,,EX,49.0N,8.0W,35,991,,,,,,,,,,,,
AL,LISA,1998,12,21,19981005,0,,TD,13.9N,46.4W,30,1008,,,,,,,,,,,,
AL,LISA,1998,12,21,19981005,600,,TS,14.2N,47.1W,35,1007,,,,,,,,,,,,
AL,LISA,1998,12,21,19981005,1200,,TS,14.8N,47.8W,35,1007,,,,,,,,,,,,
AL,LISA,1998,12,21,19981005,1800,,TS,15.7N,48.5W,40,1006,,,,,,,,,,,,
AL,LISA,1998,12,21,19981006,0,,TS,16.5N,49.2W,40,1006,,,,,,,,,,,,
AL,LISA,1998,12,21,19981006,600,,TS,17.1N,49.3W,45,1005,,,,,,,,,,,,
AL,LISA,1998,12,21,19981006,1200,,TS,17.6N,48.9W,45,1005,,,,,,,,,,,,
AL,LISA,1998,12,21,19981006,1800,,TS,18.2N,48.5W,45,1005,,,,,,,,,,,,
AL,LISA,1998,12,21,19981007,0,,TS,18.9N,48.0W,50,1004,,,,,,,,,,,,
AL,LISA,1998,12,21,19981007,600,,TS,19.6N,47.5W,50,1003,,,,,,,,,,,,
AL,LISA,1998,12,21,19981007,1200,,TS,20.4N,46.6W,50,1002,,,,,,,,,,,,
AL,LISA,1998,12,21,19981007,1800,,TS,21.5N,45.3W,50,1001,,,,,,,,,,,,
AL,LISA,1998,12,21,19981008,0,,TS,22.9N,43.9W,55,1000,,,,,,,,,,,,
AL,LISA,1998,12,21,19981008,600,,TS,24.6N,42.1W,55,999,,,,,,,,,,,,
AL,LISA,1998,12,21,19981008,1200,,TS,26.9N,40.1W,55,999,,,,,,,,,,,,
AL,LISA,1998,12,21,19981008,1800,,TS,29.6N,38.6W,60,999,,,,,,,,,,,,
AL,LISA,1998,12,21,19981009,0,,TS,32.9N,37.8W,60,999,,,,,,,,,,,,
AL,LISA,1998,12,21,19981009,600,,TS,36.8N,37.9W,60,997,,,,,,,,,,,,
AL,LISA,1998,12,21,19981009,1200,,HU,41.6N,38.7W,65,995,,,,,,,,,,,,
AL,LISA,1998,12,21,19981009,1800,,HU,47.1N,39.3W,65,997,,,,,,,,,,,,
AL,LISA,1998,12,21,19981010,0,,EX,52.1N,32.0W,60,999,,,,,,,,,,,,
AL,MITCH,1998,13,78,19981022,0,,TD,11.6N,76.1W,30,1002,,,,,,,,,,,,
AL,MITCH,1998,13,78,19981022,600,,TD,11.9N,77.1W,30,1002,,,,,,,,,,,,
AL,MITCH,1998,13,78,19981022,1200,,TD,12.0N,77.9W,30,1002,,,,,,,,,,,,
AL,MITCH,1998,13,78,19981022,1800,,TS,11.6N,77.9W,35,1001,,,,,,,,,,,,
AL,MITCH,1998,13,78,19981023,0,,TS,11.8N,77.6W,40,1000,,,,,,,,,,,,
AL,MITCH,1998,13,78,19981023,600,,TS,12.2N,77.6W,45,999,,,,,,,,,,,,
AL,MITCH,1998,13,78,19981023,1200,,TS,12.5N,77.8W,45,999,,,,,,,,,,,,
AL,MITCH,1998,13,78,19981023,1800,,TS,12.9N,78.0W,50,998,,,,,,,,,,,,
AL,MITCH,1998,13,78,19981024,0,,TS,13.4N,77.9W,55,997,,,,,,,,,,,,
AL,MITCH,1998,13,78,19981024,600,,HU,13.9N,77.8W,65,990,,,,,,,,,,,,
AL,MITCH,1998,13,78,19981024,1200,,HU,14.5N,77.9W,75,985,,,,,,,,,,,,
AL,MITCH,1998,13,78,19981024,1800,,HU,15.0N,78.1W,90,980,,,,,,,,,,,,
AL,MITCH,1998,13,78,19981025,0,,HU,15.5N,78.4W,100,965,,,,,,,,,,,,
AL,MITCH,1998,13,78,19981025,600,,HU,16.0N,78.9W,105,951,,,,,,,,,,,,
AL,MITCH,1998,13,78,19981025,1200,,HU,16.2N,79.6W,115,945,,,,,,,,,,,,
AL,MITCH,1998,13,78,19981025,1800,,HU,16.4N,80.3W,125,926,,,,,,,,,,,,
AL,MITCH,1998,13,78,19981026,0,,HU,16.4N,81.0W,130,923,,,,,,,,,,,,
AL,MITCH,1998,13,78,19981026,600,,HU,16.4N,81.8W,135,922,,,,,,,,,,,,
AL,MITCH,1998,13,78,19981026,1200,,HU,16.6N,82.6W,145,914,,,,,,,,,,,,
AL,MITCH,1998,13,78,19981026,1800,,HU,16.9N,83.1W,155,905,,,,,,,,,,,,
AL,MITCH,1998,13,78,19981027,0,,HU,17.2N,83.8W,155,910,,,,,,,,,,,,
AL,MITCH,1998,13,78,19981027,600,,HU,17.3N,84.4W,150,917,,,,,,,,,,,,
AL,MITCH,1998,13,78,19981027,1200,,HU,17.1N,85.0W,150,922,,,,,,,,,,,,
AL,MITCH,1998,13,78,19981027,1800,,HU,16.9N,85.4W,145,928,,,,,,,,,,,,
AL,MITCH,1998,13,78,19981028,0,,HU,16.6N,85.6W,140,933,,,,,,,,,,,,
AL,MITCH,1998,13,78,19981028,600,,HU,16.3N,85.6W,130,938,,,,,,,,,,,,
AL,MITCH,1998,13,78,19981028,1200,,HU,16.3N,85.6W,115,948,,,,,,,,,,,,
AL,MITCH,1998,13,78,19981028,1800,,HU,16.3N,85.7W,95,959,,,,,,,,,,,,
AL,MITCH,1998,13,78,19981029,0,,HU,16.2N,85.8W,85,970,,,,,,,,,,,,
AL,MITCH,1998,13,78,19981029,600,,HU,16.1N,85.8W,75,979,,,,,,,,,,,,
AL,MITCH,1998,13,78,19981029,1200,L,HU,15.9N,85.7W,70,987,,,,,,,,,,,,
AL,MITCH,1998,13,78,19981029,1800,,TS,15.8N,85.6W,60,994,,,,,,,,,,,,
AL,MITCH,1998,13,78,19981030,0,,TS,15.6N,85.7W,55,995,,,,,,,,,,,,
AL,MITCH,1998,13,78,19981030,600,,TS,15.4N,85.9W,50,996,,,,,,,,,,,,
AL,MITCH,1998,13,78,19981030,1200,,TS,15.2N,86.1W,45,997,,,,,,,,,,,,
AL,MITCH,1998,13,78,19981030,1800,,TS,14.9N,86.5W,45,998,,,,,,,,,,,,
AL,MITCH,1998,13,78,19981031,0,,TS,14.7N,87.0W,45,999,,,,,,,,,,,,
AL,MITCH,1998,13,78,19981031,600,,TS,14.5N,87.7W,40,1000,,,,,,,,,,,,
AL,MITCH,1998,13,78,19981031,1200,,TS,14.5N,88.5W,35,1000,,,,,,,,,,,,
AL,MITCH,1998,13,78,19981031,1800,,TD,14.6N,89.2W,30,1001,,,,,,,,,,,,
AL,MITCH,1998,13,78,19981101,0,,TD,14.6N,90.0W,30,1002,,,,,,,,,,,,
AL,MITCH,1998,13,78,19981101,600,,TD,14.7N,90.8W,25,1003,,,,,,,,,,,,
AL,MITCH,1998,13,78,19981101,1200,,TD,14.9N,91.5W,25,1005,,,,,,,,,,,,
AL,MITCH,1998,13,78,19981101,1800,,TD,15.5N,92.2W,25,1005,,,,,,,,,,,,
AL,MITCH,1998,13,78,19981102,0,,LO,16.3N,92.7W,20,1005,,,,,,,,,,,,
AL,MITCH,1998,13,78,19981102,600,,LO,17.1N,93.1W,20,1005,,,,,,,,,,,,
AL,MITCH,1998,13,78,19981102,1200,,LO,17.9N,93.4W,20,1005,,,,,,,,,,,,
AL,MITCH,1998,13,78,19981102,1800,,LO,18.7N,93.7W,20,1005,,,,,,,,,,,,
AL,MITCH,1998,13,78,19981103,0,,LO,19.2N,93.4W,20,1003,,,,,,,,,,,,
AL,MITCH,1998,13,78,19981103,600,,LO,19.3N,92.7W,20,1003,,,,,,,,,,,,
AL,MITCH,1998,13,78,19981103,1200,,LO,19.4N,92.1W,25,1002,,,,,,,,,,,,
AL,MITCH,1998,13,78,19981103,1800,,TS,19.6N,91.4W,40,997,,,,,,,,,,,,
AL,MITCH,1998,13,78,19981104,0,,TS,20.0N,90.6W,35,997,,,,,,,,,,,,
AL,MITCH,1998,13,78,19981104,200,L,TS,20.1N,90.5W,35,998,,,,,,,,,,,,
AL,MITCH,1998,13,78,19981104,600,,TD,20.8N,89.6W,30,998,,,,,,,,,,,,
AL,MITCH,1998,13,78,19981104,1200,,TS,21.8N,88.2W,40,998,,,,,,,,,,,,
AL,MITCH,1998,13,78,19981104,1800,,TS,23.3N,86.5W,40,993,,,,,,,,,,,,
AL,MITCH,1998,13,78,19981105,0,,TS,24.8N,84.8W,45,993,,,,,,,,,,,,
AL,MITCH,1998,13,78,19981105,600,,TS,25.6N,83.1W,50,990,,,,,,,,,,,,
AL,MITCH,1998,13,78,19981105,1100,L,TS,26.2N,81.9W,50,989,,,,,,,,,,,,
AL,MITCH,1998,13,78,19981105,1200,,TS,26.6N,81.3W,55,987,,,,,,,,,,,,
AL,MITCH,1998,13,78,19981105,1800,,EX,27.5N,78.3W,50,992,,,,,,,,,,,,
AL,MITCH,1998,13,78,19981106,0,,EX,30.0N,75.0W,50,993,,,,,,,,,,,,
AL,MITCH,1998,13,78,19981106,600,,EX,32.5N,72.0W,50,992,,,,,,,,,,,,
AL,MITCH,1998,13,78,19981106,1200,,EX,35.0N,68.0W,50,990,,,,,,,,,,,,
AL,MITCH,1998,13,78,19981106,1800,,EX,37.0N,63.0W,50,989,,,,,,,,,,,,
AL,MITCH,1998,13,78,19981107,0,,EX,39.0N,58.0W,50,990,,,,,,,,,,,,
AL,MITCH,1998,13,78,19981107,600,,EX,41.0N,53.0W,50,992,,,,,,,,,,,,
AL,MITCH,1998,13,78,19981107,1200,,EX,42.5N,47.5W,50,986,,,,,,,,,,,,
AL,MITCH,1998,13,78,19981107,1800,,EX,44.5N,42.0W,60,972,,,,,,,,,,,,
AL,MITCH,1998,13,78,19981108,0,,EX,46.5N,36.5W,60,974,,,,,,,,,,,,
AL,MITCH,1998,13,78,19981108,600,,EX,48.5N,31.0W,60,972,,,,,,,,,,,,
AL,MITCH,1998,13,78,19981108,1200,,EX,50.0N,25.0W,60,962,,,,,,,,,,,,
AL,MITCH,1998,13,78,19981108,1800,,EX,53.5N,20.5W,60,956,,,,,,,,,,,,
AL,MITCH,1998,13,78,19981109,0,,EX,55.5N,14.5W,60,956,,,,,,,,,,,,
AL,MITCH,1998,13,78,19981109,600,,EX,58.0N,10.5W,60,956,,,,,,,,,,,,
AL,MITCH,1998,13,78,19981109,1200,,EX,61.0N,10.0W,60,956,,,,,,,,,,,,
AL,MITCH,1998,13,78,19981109,1800,,EX,63.5N,5.0W,55,960,,,,,,,,,,,,
AL,NICOLE,1998,14,35,19981124,0,,TD,28.3N,28.0W,30,1010,,,,,,,,,,,,
AL,NICOLE,1998,14,35,19981124,600,,TS,27.9N,29.1W,35,1005,,,,,,,,,,,,
AL,NICOLE,1998,14,35,19981124,1200,,TS,27.5N,30.1W,45,1000,,,,,,,,,,,,
AL,NICOLE,1998,14,35,19981124,1800,,TS,27.2N,31.1W,60,997,,,,,,,,,,,,
AL,NICOLE,1998,14,35,19981125,0,,TS,26.9N,32.0W,60,995,,,,,,,,,,,,
AL,NICOLE,1998,14,35,19981125,600,,TS,26.6N,32.9W,60,994,,,,,,,,,,,,
AL,NICOLE,1998,14,35,19981125,1200,,TS,26.3N,33.7W,55,994,,,,,,,,,,,,
AL,NICOLE,1998,14,35,19981125,1800,,TS,26.0N,34.6W,50,994,,,,,,,,,,,,
AL,NICOLE,1998,14,35,19981126,0,,TS,25.7N,35.4W,40,998,,,,,,,,,,,,
AL,NICOLE,1998,14,35,19981126,600,,TS,25.5N,36.4W,35,1000,,,,,,,,,,,,
AL,NICOLE,1998,14,35,19981126,1200,,TD,25.3N,37.3W,30,1007,,,,,,,,,,,,
AL,NICOLE,1998,14,35,19981126,1800,,TD,25.2N,38.3W,25,1009,,,,,,,,,,,,
AL,NICOLE,1998,14,35,19981127,0,,TD,25.2N,39.2W,25,1009,,,,,,,,,,,,
AL,NICOLE,1998,14,35,19981127,600,,TD,25.3N,40.3W,25,1009,,,,,,,,,,,,
AL,NICOLE,1998,14,35,19981127,1200,,TD,25.4N,41.7W,30,1009,,,,,,,,,,,,
AL,NICOLE,1998,14,35,19981127,1800,,TS,25.6N,43.0W,40,1005,,,,,,,,,,,,
AL,NICOLE,1998,14,35,19981128,0,,TS,25.8N,44.1W,50,1001,,,,,,,,,,,,
AL,NICOLE,1998,14,35,19981128,600,,TS,26.3N,45.3W,50,1000,,,,,,,,,,,,
AL,NICOLE,1998,14,35,19981128,1200,,TS,27.1N,46.2W,50,1000,,,,,,,,,,,,
AL,NICOLE,1998,14,35,19981128,1800,,TS,28.0N,46.6W,50,1000,,,,,,,,,,,,
AL,NICOLE,1998,14,35,19981129,0,,TS,28.8N,46.5W,45,1000,,,,,,,,,,,,
AL,NICOLE,1998,14,35,19981129,600,,TS,30.0N,45.9W,45,1000,,,,,,,,,,,,
AL,NICOLE,1998,14,35,19981129,1200,,TS,31.0N,44.9W,55,1000,,,,,,,,,,,,
AL,NICOLE,1998,14,35,19981129,1800,,TS,31.8N,43.8W,60,995,,,,,,,,,,,,
AL,NICOLE,1998,14,35,19981130,0,,HU,32.6N,42.6W,65,992,,,,,,,,,,,,
AL,NICOLE,1998,14,35,19981130,600,,HU,33.1N,41.7W,65,992,,,,,,,,,,,,
AL,NICOLE,1998,14,35,19981130,1200,,HU,33.8N,40.5W,65,987,,,,,,,,,,,,
AL,NICOLE,1998,14,35,19981130,1800,,HU,34.3N,39.3W,70,984,,,,,,,,,,,,
AL,NICOLE,1998,14,35,19981201,0,,HU,35.1N,37.9W,75,979,,,,,,,,,,,,
AL,NICOLE,1998,14,35,19981201,600,,HU,37.0N,35.5W,70,980,,,,,,,,,,,,
AL,NICOLE,1998,14,35,19981201,1200,,TS,40.4N,34.0W,60,982,,,,,,,,,,,,
AL,NICOLE,1998,14,35,19981201,1800,,EX,43.0N,34.0W,60,985,,,,,,,,,,,,
AL,NICOLE,1998,14,35,19981202,0,,EX,47.0N,34.5W,50,988,,,,,,,,,,,,
AL,NICOLE,1998,14,35,19981202,600,,EX,49.5N,35.5W,50,990,,,,,,,,,,,,
AL,NICOLE,1998,14,35,19981202,1200,,EX,52.0N,37.0W,50,990,,,,,,,,,,,,
AL,ARLENE,1999,1,26,19990611,1800,,TD,27.1N,58.1W,30,1010,,,,,,,,,,,,
AL,ARLENE,1999,1,26,19990612,0,,TD,27.7N,57.4W,30,1010,,,,,,,,,,,,
AL,ARLENE,1999,1,26,19990612,600,,TD,28.1N,57.3W,30,1010,,,,,,,,,,,,
AL,ARLENE,1999,1,26,19990612,1200,,TS,28.3N,57.3W,35,1009,,,,,,,,,,,,
AL,ARLENE,1999,1,26,19990612,1800,,TS,28.5N,57.4W,45,1008,,,,,,,,,,,,
AL,ARLENE,1999,1,26,19990613,0,,TS,28.8N,57.5W,50,1006,,,,,,,,,,,,
AL,ARLENE,1999,1,26,19990613,600,,TS,29.0N,57.8W,50,1006,,,,,,,,,,,,
AL,ARLENE,1999,1,26,19990613,1200,,TS,29.1N,58.2W,50,1007,,,,,,,,,,,,
AL,ARLENE,1999,1,26,19990613,1800,,TS,29.1N,58.7W,50,1007,,,,,,,,,,,,
AL,ARLENE,1999,1,26,19990614,0,,TS,29.1N,59.2W,45,1008,,,,,,,,,,,,
AL,ARLENE,1999,1,26,19990614,600,,TS,29.2N,59.8W,40,1009,,,,,,,,,,,,
AL,ARLENE,1999,1,26,19990614,1200,,TS,29.3N,60.4W,40,1009,,,,,,,,,,,,
AL,ARLENE,1999,1,26,19990614,1800,,TS,29.6N,60.7W,40,1009,,,,,,,,,,,,
AL,ARLENE,1999,1,26,19990615,0,,TS,29.8N,61.1W,40,1009,,,,,,,,,,,,
AL,ARLENE,1999,1,26,19990615,600,,TS,29.7N,61.5W,40,1009,,,,,,,,,,,,
AL,ARLENE,1999,1,26,19990615,1200,,TS,29.6N,61.3W,45,1008,,,,,,,,,,,,
AL,ARLENE,1999,1,26,19990615,1800,,TS,29.9N,61.4W,45,1009,,,,,,,,,,,,
AL,ARLENE,1999,1,26,19990616,0,,TS,30.0N,61.7W,45,1009,,,,,,,,,,,,
AL,ARLENE,1999,1,26,19990616,600,,TS,30.3N,62.0W,45,1010,,,,,,,,,,,,
AL,ARLENE,1999,1,26,19990616,1200,,TS,30.8N,62.3W,40,1010,,,,,,,,,,,,
AL,ARLENE,1999,1,26,19990616,1800,,TS,31.3N,62.5W,35,1012,,,,,,,,,,,,
AL,ARLENE,1999,1,26,19990617,0,,TD,31.8N,62.8W,30,1014,,,,,,,,,,,,
AL,ARLENE,1999,1,26,19990617,600,,TD,32.5N,63.0W,30,1015,,,,,,,,,,,,
AL,ARLENE,1999,1,26,19990617,1200,,TD,33.4N,63.0W,30,1015,,,,,,,,,,,,
AL,ARLENE,1999,1,26,19990617,1800,,TD,34.4N,62.3W,30,1015,,,,,,,,,,,,
AL,ARLENE,1999,1,26,19990618,0,,TD,35.4N,61.6W,25,1015,,,,,,,,,,,,
AL,UNNAMED,1999,2,4,19990702,1800,,TD,20.2N,95.0W,30,1006,,,,,,,,,,,,
AL,UNNAMED,1999,2,4,19990703,0,,TD,20.6N,96.3W,30,1004,,,,,,,,,,,,
AL,UNNAMED,1999,2,4,19990703,400,L,TD,20.5N,97.0W,30,1004,,,,,,,,,,,,
AL,UNNAMED,1999,2,4,19990703,600,,TD,20.4N,97.3W,25,1005,,,,,,,,,,,,
AL,BRET,1999,3,26,19990818,1800,,TD,19.5N,94.4W,30,1010,,,,,,,,,,,,
AL,BRET,1999,3,26,19990819,0,,TD,19.5N,94.5W,30,1008,,,,,,,,,,,,
AL,BRET,1999,3,26,19990819,600,,TD,19.6N,94.6W,30,1008,,,,,,,,,,,,
AL,BRET,1999,3,26,19990819,1200,,TD,19.7N,94.6W,30,1008,,,,,,,,,,,,
AL,BRET,1999,3,26,19990819,1800,,TS,19.8N,94.7W,35,1005,,,,,,,,,,,,
AL,BRET,1999,3,26,19990820,0,,TS,19.8N,94.7W,40,1000,,,,,,,,,,,,
AL,BRET,1999,3,26,19990820,600,,TS,20.0N,94.6W,45,998,,,,,,,,,,,,
AL,BRET,1999,3,26,19990820,1200,,TS,20.4N,94.5W,50,993,,,,,,,,,,,,
AL,BRET,1999,3,26,19990820,1800,,TS,21.2N,94.4W,55,991,,,,,,,,,,,,
AL,BRET,1999,3,26,19990821,0,,HU,21.9N,94.5W,65,983,,,,,,,,,,,,
AL,BRET,1999,3,26,19990821,600,,HU,22.5N,94.7W,75,980,,,,,,,,,,,,
AL,BRET,1999,3,26,19990821,1200,,HU,23.1N,94.9W,80,979,,,,,,,,,,,,
AL,BRET,1999,3,26,19990821,1800,,HU,23.8N,95.0W,90,975,,,,,,,,,,,,
AL,BRET,1999,3,26,19990822,0,,HU,24.7N,95.1W,120,954,,,,,,,,,,,,
AL,BRET,1999,3,26,19990822,600,,HU,25.5N,95.5W,125,950,,,,,,,,,,,,
AL,BRET,1999,3,26,19990822,1200,,HU,26.2N,96.1W,125,944,,,,,,,,,,,,
AL,BRET,1999,3,26,19990822,1800,,HU,26.6N,96.8W,120,946,,,,,,,,,,,,
AL,BRET,1999,3,26,19990823,0,L,HU,26.9N,97.4W,100,951,,,,,,,,,,,,
AL,BRET,1999,3,26,19990823,600,,HU,27.0N,97.9W,80,963,,,,,,,,,,,,
AL,BRET,1999,3,26,19990823,1200,,TS,27.3N,98.3W,60,980,,,,,,,,,,,,
AL,BRET,1999,3,26,19990823,1800,,TS,27.6N,98.8W,35,993,,,,,,,,,,,,
AL,BRET,1999,3,26,19990824,0,,TD,28.0N,99.5W,30,1000,,,,,,,,,,,,
AL,BRET,1999,3,26,19990824,600,,TD,28.0N,100.4W,30,1003,,,,,,,,,,,,
AL,BRET,1999,3,26,19990824,1200,,TD,27.8N,101.3W,25,1006,,,,,,,,,,,,
AL,BRET,1999,3,26,19990824,1800,,TD,27.7N,102.1W,25,1007,,,,,,,,,,,,
AL,BRET,1999,3,26,19990825,0,,TD,27.6N,103.0W,20,1008,,,,,,,,,,,,
AL,CINDY,1999,4,51,19990819,0,,TD,13.5N,18.9W,30,1003,,,,,,,,,,,,
AL,CINDY,1999,4,51,19990819,600,,TD,13.8N,20.3W,30,1003,,,,,,,,,,,,
AL,CINDY,1999,4,51,19990819,1200,,TD,13.9N,21.5W,30,1003,,,,,,,,,,,,
AL,CINDY,1999,4,51,19990819,1800,,TD,13.8N,22.5W,30,1003,,,,,,,,,,,,
AL,CINDY,1999,4,51,19990820,0,,TD,13.7N,23.4W,30,1002,,,,,,,,,,,,
AL,CINDY,1999,4,51,19990820,600,,TD,13.6N,24.3W,30,1002,,,,,,,,,,,,
AL,CINDY,1999,4,51,19990820,1200,,TD,13.5N,25.4W,30,1002,,,,,,,,,,,,
AL,CINDY,1999,4,51,19990820,1800,,TS,13.6N,26.6W,35,1001,,,,,,,,,,,,
AL,CINDY,1999,4,51,19990821,0,,TS,13.6N,27.7W,40,1000,,,,,,,,,,,,
AL,CINDY,1999,4,51,19990821,600,,TS,13.8N,28.8W,50,997,,,,,,,,,,,,
AL,CINDY,1999,4,51,19990821,1200,,TS,13.9N,29.7W,55,994,,,,,,,,,,,,
AL,CINDY,1999,4,51,19990821,1800,,TS,14.1N,30.8W,60,990,,,,,,,,,,,,
AL,CINDY,1999,4,51,19990822,0,,HU,14.2N,31.7W,65,987,,,,,,,,,,,,
AL,CINDY,1999,4,51,19990822,600,,HU,14.4N,32.3W,65,987,,,,,,,,,,,,
AL,CINDY,1999,4,51,19990822,1200,,HU,14.5N,32.7W,65,987,,,,,,,,,,,,
AL,CINDY,1999,4,51,19990822,1800,,TS,14.6N,33.1W,60,990,,,,,,,,,,,,
AL,CINDY,1999,4,51,19990823,0,,TS,14.9N,33.9W,50,997,,,,,,,,,,,,
AL,CINDY,1999,4,51,19990823,600,,TS,15.3N,34.9W,50,997,,,,,,,,,,,,
AL,CINDY,1999,4,51,19990823,1200,,TS,15.7N,35.9W,50,997,,,,,,,,,,,,
AL,CINDY,1999,4,51,19990823,1800,,TS,16.1N,36.9W,50,997,,,,,,,,,,,,
AL,CINDY,1999,4,51,19990824,0,,TS,16.6N,38.0W,50,997,,,,,,,,,,,,
AL,CINDY,1999,4,51,19990824,600,,TS,16.9N,39.2W,50,997,,,,,,,,,,,,
AL,CINDY,1999,4,51,19990824,1200,,TS,17.2N,40.6W,50,997,,,,,,,,,,,,
AL,CINDY,1999,4,51,19990824,1800,,TS,17.5N,42.2W,50,997,,,,,,,,,,,,
AL,CINDY,1999,4,51,19990825,0,,TS,17.8N,43.6W,55,994,,,,,,,,,,,,
AL,CINDY,1999,4,51,19990825,600,,TS,18.4N,44.8W,55,994,,,,,,,,,,,,
AL,CINDY,1999,4,51,19990825,1200,,TS,19.3N,45.9W,55,994,,,,,,,,,,,,
AL,CINDY,1999,4,51,19990825,1800,,TS,20.4N,47.1W,60,990,,,,,,,,,,,,
AL,CINDY,1999,4,51,19990826,0,,HU,21.7N,48.2W,65,987,,,,,,,,,,,,
AL,CINDY,1999,4,51,19990826,600,,HU,22.9N,49.5W,65,987,,,,,,,,,,,,
AL,CINDY,1999,4,51,19990826,1200,,HU,24.2N,50.8W,65,987,,,,,,,,,,,,
AL,CINDY,1999,4,51,19990826,1800,,HU,25.4N,52.0W,70,984,,,,,,,,,,,,
AL,CINDY,1999,4,51,19990827,0,,HU,26.4N,53.1W,80,978,,,,,,,,,,,,
AL,CINDY,1999,4,51,19990827,600,,HU,27.2N,54.3W,80,978,,,,,,,,,,,,
AL,CINDY,1999,4,51,19990827,1200,,HU,27.8N,55.4W,90,970,,,,,,,,,,,,
AL,CINDY,1999,4,51,19990827,1800,,HU,28.3N,56.2W,90,970,,,,,,,,,,,,
AL,CINDY,1999,4,51,19990828,0,,HU,28.7N,56.9W,100,961,,,,,,,,,,,,
AL,CINDY,1999,4,51,19990828,600,,HU,29.3N,57.5W,115,948,,,,,,,,,,,,
AL,CINDY,1999,4,51,19990828,1200,,HU,30.1N,58.0W,120,942,,,,,,,,,,,,
AL,CINDY,1999,4,51,19990828,1800,,HU,30.8N,58.5W,120,943,,,,,,,,,,,,
AL,CINDY,1999,4,51,19990829,0,,HU,31.5N,58.4W,120,944,,,,,,,,,,,,
AL,CINDY,1999,4,51,19990829,600,,HU,32.3N,58.4W,115,948,,,,,,,,,,,,
AL,CINDY,1999,4,51,19990829,1200,,HU,33.1N,58.2W,100,961,,,,,,,,,,,,
AL,CINDY,1999,4,51,19990829,1800,,HU,33.8N,57.4W,95,965,,,,,,,,,,,,
AL,CINDY,1999,4,51,19990830,0,,HU,34.3N,56.3W,90,970,,,,,,,,,,,,
AL,CINDY,1999,4,51,19990830,600,,HU,34.7N,55.5W,90,970,,,,,,,,,,,,
AL,CINDY,1999,4,51,19990830,1200,,HU,35.3N,54.9W,80,978,,,,,,,,,,,,
AL,CINDY,1999,4,51,19990830,1800,,HU,36.1N,54.2W,80,978,,,,,,,,,,,,
AL,CINDY,1999,4,51,19990831,0,,HU,37.0N,52.6W,70,984,,,,,,,,,,,,
AL,CINDY,1999,4,51,19990831,600,,TS,38.2N,50.6W,60,990,,,,,,,,,,,,
AL,CINDY,1999,4,51,19990831,1200,,TS,40.4N,48.2W,50,997,,,,,,,,,,,,
AL,DENNIS,1999,5,66,19990824,0,,TD,21.5N,67.7W,30,1009,,,,,,,,,,,,
AL,DENNIS,1999,5,66,19990824,600,,TD,22.0N,68.9W,30,1009,,,,,,,,,,,,
AL,DENNIS,1999,5,66,19990824,1200,,TS,22.4N,70.0W,35,1009,,,,,,,,,,,,
AL,DENNIS,1999,5,66,19990824,1800,,TS,22.7N,70.9W,40,1009,,,,,,,,,,,,
AL,DENNIS,1999,5,66,19990825,0,,TS,22.8N,71.5W,40,1008,,,,,,,,,,,,
AL,DENNIS,1999,5,66,19990825,600,,TS,23.0N,71.9W,40,1007,,,,,,,,,,,,
AL,DENNIS,1999,5,66,19990825,1200,,TS,23.2N,72.1W,45,1004,,,,,,,,,,,,
AL,DENNIS,1999,5,66,19990825,1800,,TS,23.4N,72.3W,55,1000,,,,,,,,,,,,
AL,DENNIS,1999,5,66,19990826,0,,TS,23.6N,72.5W,60,998,,,,,,,,,,,,
AL,DENNIS,1999,5,66,19990826,600,,HU,23.8N,73.1W,65,995,,,,,,,,,,,,
AL,DENNIS,1999,5,66,19990826,1200,,HU,24.1N,73.6W,65,995,,,,,,,,,,,,
AL,DENNIS,1999,5,66,19990826,1800,,HU,24.4N,74.0W,70,990,,,,,,,,,,,,
AL,DENNIS,1999,5,66,19990827,0,,HU,24.8N,74.4W,65,993,,,,,,,,,,,,
AL,DENNIS,1999,5,66,19990827,600,,HU,25.2N,75.0W,65,988,,,,,,,,,,,,
AL,DENNIS,1999,5,66,19990827,1200,,HU,25.6N,75.5W,65,988,,,,,,,,,,,,
AL,DENNIS,1999,5,66,19990827,1800,,HU,25.9N,75.9W,65,987,,,,,,,,,,,,
AL,DENNIS,1999,5,66,19990828,0,,HU,26.1N,76.2W,70,982,,,,,,,,,,,,
AL,DENNIS,1999,5,66,19990828,600,,HU,26.5N,76.7W,75,976,,,,,,,,,,,,
AL,DENNIS,1999,5,66,19990828,700,L,HU,26.6N,76.8W,75,976,,,,,,,,,,,,
AL,DENNIS,1999,5,66,19990828,1200,,HU,27.1N,77.0W,85,973,,,,,,,,,,,,
AL,DENNIS,1999,5,66,19990828,1800,,HU,27.7N,77.3W,90,969,,,,,,,,,,,,
AL,DENNIS,1999,5,66,19990829,0,,HU,28.3N,77.7W,90,969,,,,,,,,,,,,
AL,DENNIS,1999,5,66,19990829,600,,HU,29.0N,77.9W,90,970,,,,,,,,,,,,
AL,DENNIS,1999,5,66,19990829,1200,,HU,29.9N,78.4W,90,971,,,,,,,,,,,,
AL,DENNIS,1999,5,66,19990829,1800,,HU,30.8N,78.4W,90,967,,,,,,,,,,,,
AL,DENNIS,1999,5,66,19990830,0,,HU,31.9N,78.1W,90,964,,,,,,,,,,,,
AL,DENNIS,1999,5,66,19990830,600,,HU,32.8N,77.6W,90,962,,,,,,,,,,,,
AL,DENNIS,1999,5,66,19990830,1200,,HU,33.6N,76.5W,85,965,,,,,,,,,,,,
AL,DENNIS,1999,5,66,19990830,1800,,HU,34.3N,74.8W,85,966,,,,,,,,,,,,
AL,DENNIS,1999,5,66,19990831,0,,HU,34.9N,73.6W,80,971,,,,,,,,,,,,
AL,DENNIS,1999,5,66,19990831,600,,HU,35.1N,72.9W,80,977,,,,,,,,,,,,
AL,DENNIS,1999,5,66,19990831,1200,,HU,35.2N,72.8W,75,983,,,,,,,,,,,,
AL,DENNIS,1999,5,66,19990831,1800,,HU,35.1N,73.3W,70,984,,,,,,,,,,,,
AL,DENNIS,1999,5,66,19990901,0,,TS,35.2N,73.6W,60,986,,,,,,,,,,,,
AL,DENNIS,1999,5,66,19990901,600,,TS,35.0N,73.4W,55,987,,,,,,,,,,,,
AL,DENNIS,1999,5,66,19990901,1200,,TS,35.4N,73.5W,50,989,,,,,,,,,,,,
AL,DENNIS,1999,5,66,19990901,1800,,TS,35.5N,73.8W,50,988,,,,,,,,,,,,
AL,DENNIS,1999,5,66,19990902,0,,TS,35.4N,73.7W,50,988,,,,,,,,,,,,
AL,DENNIS,1999,5,66,19990902,600,,TS,35.2N,73.6W,45,989,,,,,,,,,,,,
AL,DENNIS,1999,5,66,19990902,1200,,TS,35.1N,73.7W,45,989,,,,,,,,,,,,
AL,DENNIS,1999,5,66,19990902,1800,,TS,34.8N,73.9W,45,990,,,,,,,,,,,,
AL,DENNIS,1999,5,66,19990903,0,,TS,34.2N,74.0W,45,989,,,,,,,,,,,,
AL,DENNIS,1999,5,66,19990903,600,,TS,33.6N,74.1W,45,989,,,,,,,,,,,,
AL,DENNIS,1999,5,66,19990903,1200,,TS,33.2N,73.9W,45,988,,,,,,,,,,,,
AL,DENNIS,1999,5,66,19990903,1800,,TS,33.0N,73.8W,50,987,,,,,,,,,,,,
AL,DENNIS,1999,5,66,19990904,0,,TS,33.1N,74.0W,50,987,,,,,,,,,,,,
AL,DENNIS,1999,5,66,19990904,600,,TS,33.3N,74.5W,55,986,,,,,,,,,,,,
AL,DENNIS,1999,5,66,19990904,1200,,TS,33.9N,75.3W,55,986,,,,,,,,,,,,
AL,DENNIS,1999,5,66,19990904,1800,,TS,34.5N,76.0W,60,986,,,,,,,,,,,,
AL,DENNIS,1999,5,66,19990904,2100,L,TS,34.8N,76.5W,60,984,,,,,,,,,,,,
AL,DENNIS,1999,5,66,19990905,0,,TS,35.0N,76.8W,50,985,,,,,,,,,,,,
AL,DENNIS,1999,5,66,19990905,600,,TS,35.5N,77.7W,35,989,,,,,,,,,,,,
AL,DENNIS,1999,5,66,19990905,1200,,TD,36.1N,78.8W,30,994,,,,,,,,,,,,
AL,DENNIS,1999,5,66,19990905,1800,,TD,36.2N,79.4W,25,998,,,,,,,,,,,,
AL,DENNIS,1999,5,66,19990906,0,,TD,36.2N,79.9W,25,1000,,,,,,,,,,,,
AL,DENNIS,1999,5,66,19990906,600,,TD,36.4N,80.1W,20,1004,,,,,,,,,,,,
AL,DENNIS,1999,5,66,19990906,1200,,TD,37.0N,79.9W,20,1005,,,,,,,,,,,,
AL,DENNIS,1999,5,66,19990906,1800,,TD,37.7N,79.5W,20,1008,,,,,,,,,,,,
AL,DENNIS,1999,5,66,19990907,0,,TD,38.5N,78.5W,20,1009,,,,,,,,,,,,
AL,DENNIS,1999,5,66,19990907,600,,TD,40.8N,77.0W,20,1008,,,,,,,,,,,,
AL,DENNIS,1999,5,66,19990907,1200,,TD,42.7N,77.7W,20,1007,,,,,,,,,,,,
AL,DENNIS,1999,5,66,19990907,1800,,EX,43.5N,77.7W,20,1006,,,,,,,,,,,,
AL,DENNIS,1999,5,66,19990908,0,,EX,43.5N,76.5W,20,1006,,,,,,,,,,,,
AL,DENNIS,1999,5,66,19990908,600,,EX,44.0N,75.8W,20,1006,,,,,,,,,,,,
AL,DENNIS,1999,5,66,19990908,1200,,EX,44.9N,74.8W,20,1006,,,,,,,,,,,,
AL,DENNIS,1999,5,66,19990908,1800,,EX,45.5N,75.6W,20,1005,,,,,,,,,,,,
AL,EMILY,1999,6,18,19990824,600,,TD,11.5N,53.6W,30,1007,,,,,,,,,,,,
AL,EMILY,1999,6,18,19990824,1200,,TS,11.5N,53.8W,35,1006,,,,,,,,,,,,
AL,EMILY,1999,6,18,19990824,1800,,TS,11.6N,53.9W,45,1004,,,,,,,,,,,,
AL,EMILY,1999,6,18,19990825,0,,TS,12.1N,53.9W,45,1005,,,,,,,,,,,,
AL,EMILY,1999,6,18,19990825,600,,TS,12.6N,54.2W,40,1006,,,,,,,,,,,,
AL,EMILY,1999,6,18,19990825,1200,,TS,12.8N,54.8W,40,1007,,,,,,,,,,,,
AL,EMILY,1999,6,18,19990825,1800,,TS,13.2N,55.2W,40,1005,,,,,,,,,,,,
AL,EMILY,1999,6,18,19990826,0,,TS,13.8N,55.7W,40,1005,,,,,,,,,,,,
AL,EMILY,1999,6,18,19990826,600,,TS,14.3N,56.2W,40,1007,,,,,,,,,,,,
AL,EMILY,1999,6,18,19990826,1200,,TS,15.0N,56.6W,40,1010,,,,,,,,,,,,
AL,EMILY,1999,6,18,19990826,1800,,TS,15.8N,57.0W,35,1010,,,,,,,,,,,,
AL,EMILY,1999,6,18,19990827,0,,TS,17.0N,57.1W,35,1010,,,,,,,,,,,,
AL,EMILY,1999,6,18,19990827,600,,TS,18.0N,57.0W,35,1011,,,,,,,,,,,,
AL,EMILY,1999,6,18,19990827,1200,,TS,19.0N,57.0W,35,1009,,,,,,,,,,,,
AL,EMILY,1999,6,18,19990827,1800,,TS,20.0N,57.0W,40,1007,,,,,,,,,,,,
AL,EMILY,1999,6,18,19990828,0,,TS,21.1N,56.6W,40,1007,,,,,,,,,,,,
AL,EMILY,1999,6,18,19990828,600,,TS,22.4N,56.7W,35,1009,,,,,,,,,,,,
AL,EMILY,1999,6,18,19990828,1200,,TD,23.8N,56.7W,30,1009,,,,,,,,,,,,
AL,UNNAMED,1999,7,8,19990905,1800,,TD,21.6N,96.4W,25,1006,,,,,,,,,,,,
AL,UNNAMED,1999,7,8,19990906,0,,TD,22.0N,96.7W,30,1006,,,,,,,,,,,,
AL,UNNAMED,1999,7,8,19990906,600,,TD,22.6N,97.2W,30,1006,,,,,,,,,,,,
AL,UNNAMED,1999,7,8,19990906,1200,L,TD,23.2N,97.7W,30,1006,,,,,,,,,,,,
AL,UNNAMED,1999,7,8,19990906,1800,,TD,23.8N,98.0W,30,1006,,,,,,,,,,,,
AL,UNNAMED,1999,7,8,19990907,0,,TD,24.0N,98.1W,30,1006,,,,,,,,,,,,
AL,UNNAMED,1999,7,8,19990907,600,,TD,24.3N,98.5W,30,1006,,,,,,,,,,,,
AL,UNNAMED,1999,7,8,19990907,1200,,TD,25.0N,99.0W,25,1007,,,,,,,,,,,,
AL,FLOYD,1999,8,50,19990907,1800,,TD,14.6N,45.6W,25,1008,,,,,,,,,,,,
AL,FLOYD,1999,8,50,19990908,0,,TD,15.0N,46.9W,30,1007,,,,,,,,,,,,
AL,FLOYD,1999,8,50,19990908,600,,TS,15.3N,48.2W,35,1005,,,,,,,,,,,,
AL,FLOYD,1999,8,50,19990908,1200,,TS,15.8N,49.6W,40,1003,,,,,,,,,,,,
AL,FLOYD,1999,8,50,19990908,1800,,TS,16.3N,51.1W,45,1000,,,,,,,,,,,,
AL,FLOYD,1999,8,50,19990909,0,,TS,16.7N,52.6W,45,1000,,,,,,,,,,,,
AL,FLOYD,1999,8,50,19990909,600,,TS,17.1N,53.9W,45,1003,,,,,,,,,,,,
AL,FLOYD,1999,8,50,19990909,1200,,TS,17.3N,55.1W,50,1003,,,,,,,,,,,,
AL,FLOYD,1999,8,50,19990909,1800,,TS,17.9N,56.3W,60,996,,,,,,,,,,,,
AL,FLOYD,1999,8,50,19990910,0,,TS,18.3N,57.2W,60,995,,,,,,,,,,,,
AL,FLOYD,1999,8,50,19990910,600,,TS,18.6N,58.2W,60,990,,,,,,,,,,,,
AL,FLOYD,1999,8,50,19990910,1200,,HU,19.3N,58.8W,70,989,,,,,,,,,,,,
AL,FLOYD,1999,8,50,19990910,1800,,HU,20.2N,59.6W,70,975,,,,,,,,,,,,
AL,FLOYD,1999,8,50,19990911,0,,HU,20.8N,60.4W,80,971,,,,,,,,,,,,
AL,FLOYD,1999,8,50,19990911,600,,HU,21.4N,61.1W,95,963,,,,,,,,,,,,
AL,FLOYD,1999,8,50,19990911,1200,,HU,21.9N,62.0W,95,962,,,,,,,,,,,,
AL,FLOYD,1999,8,50,19990911,1800,,HU,22.5N,63.0W,90,966,,,,,,,,,,,,
AL,FLOYD,1999,8,50,19990912,0,,HU,22.7N,64.1W,85,967,,,,,,,,,,,,
AL,FLOYD,1999,8,50,19990912,600,,HU,22.8N,65.2W,95,960,,,,,,,,,,,,
AL,FLOYD,1999,8,50,19990912,1200,,HU,23.0N,66.2W,105,955,,,,,,,,,,,,
AL,FLOYD,1999,8,50,19990912,1800,,HU,23.2N,67.4W,115,940,,,,,,,,,,,,
AL,FLOYD,1999,8,50,19990913,0,,HU,23.4N,68.7W,125,931,,,,,,,,,,,,
AL,FLOYD,1999,8,50,19990913,600,,HU,23.6N,70.0W,135,922,,,,,,,,,,,,
AL,FLOYD,1999,8,50,19990913,1200,,HU,23.9N,71.4W,135,921,,,,,,,,,,,,
AL,FLOYD,1999,8,50,19990913,1800,,HU,24.1N,72.9W,125,923,,,,,,,,,,,,
AL,FLOYD,1999,8,50,19990914,0,,HU,24.5N,74.0W,115,924,,,,,,,,,,,,
AL,FLOYD,1999,8,50,19990914,600,,HU,24.9N,75.3W,105,927,,,,,,,,,,,,
AL,FLOYD,1999,8,50,19990914,1200,L,HU,25.4N,76.3W,105,930,,,,,,,,,,,,
AL,FLOYD,1999,8,50,19990914,1800,,HU,26.1N,77.0W,110,930,,,,,,,,,,,,
AL,FLOYD,1999,8,50,19990914,1900,L,HU,26.3N,77.1W,110,932,,,,,,,,,,,,
AL,FLOYD,1999,8,50,19990915,0,,HU,27.1N,77.7W,115,933,,,,,,,,,,,,
AL,FLOYD,1999,8,50,19990915,600,,HU,28.2N,78.5W,110,935,,,,,,,,,,,,
AL,FLOYD,1999,8,50,19990915,1200,,HU,29.3N,78.9W,100,943,,,,,,,,,,,,
AL,FLOYD,1999,8,50,19990915,1800,,HU,30.6N,79.1W,95,947,,,,,,,,,,,,
AL,FLOYD,1999,8,50,19990916,0,,HU,32.1N,78.7W,90,950,,,,,,,,,,,,
AL,FLOYD,1999,8,50,19990916,600,,HU,33.7N,78.0W,90,956,,,,,,,,,,,,
AL,FLOYD,1999,8,50,19990916,630,L,HU,33.8N,78.0W,90,956,,,,,,,,,,,,
AL,FLOYD,1999,8,50,19990916,1200,,HU,35.7N,76.8W,70,967,,,,,,,,,,,,
AL,FLOYD,1999,8,50,19990916,1800,,TS,38.0N,75.3W,60,974,,,,,,,,,,,,
AL,FLOYD,1999,8,50,19990917,0,,TS,40.6N,73.5W,50,980,,,,,,,,,,,,
AL,FLOYD,1999,8,50,19990917,600,,TS,42.1N,72.1W,50,983,,,,,,,,,,,,
AL,FLOYD,1999,8,50,19990917,1200,,EX,43.3N,70.6W,45,984,,,,,,,,,,,,
AL,FLOYD,1999,8,50,19990917,1800,,EX,44.2N,68.9W,45,985,,,,,,,,,,,,
AL,FLOYD,1999,8,50,19990918,0,,EX,44.8N,67.3W,40,987,,,,,,,,,,,,
AL,FLOYD,1999,8,50,19990918,600,,EX,45.4N,65.5W,35,990,,,,,,,,,,,,
AL,FLOYD,1999,8,50,19990918,1200,,EX,46.6N,63.0W,35,992,,,,,,,,,,,,
AL,FLOYD,1999,8,50,19990918,1800,,EX,47.7N,59.3W,35,992,,,,,,,,,,,,
AL,FLOYD,1999,8,50,19990919,0,,EX,48.0N,56.3W,35,992,,,,,,,,,,,,
AL,FLOYD,1999,8,50,19990919,600,,EX,48.5N,52.5W,35,994,,,,,,,,,,,,
AL,FLOYD,1999,8,50,19990919,1200,,EX,49.5N,48.0W,40,992,,,,,,,,,,,,
AL,GERT,1999,9,49,19990911,1200,,TD,12.6N,24.2W,30,1006,,,,,,,,,,,,
AL,GERT,1999,9,49,19990911,1800,,TD,12.9N,26.1W,30,1005,,,,,,,,,,,,
AL,GERT,1999,9,49,19990912,0,,TD,13.3N,28.0W,30,1006,,,,,,,,,,,,
AL,GERT,1999,9,49,19990912,600,,TD,13.8N,29.8W,30,1005,,,,,,,,,,,,
AL,GERT,1999,9,49,19990912,1200,,TS,14.2N,31.9W,35,1001,,,,,,,,,,,,
AL,GERT,1999,9,49,19990912,1800,,TS,14.8N,33.8W,45,997,,,,,,,,,,,,
AL,GERT,1999,9,49,19990913,0,,TS,15.1N,35.6W,55,995,,,,,,,,,,,,
AL,GERT,1999,9,49,19990913,600,,TS,15.4N,37.3W,60,990,,,,,,,,,,,,
AL,GERT,1999,9,49,19990913,1200,,HU,15.9N,39.2W,65,984,,,,,,,,,,,,
AL,GERT,1999,9,49,19990913,1800,,HU,16.1N,40.8W,70,979,,,,,,,,,,,,
AL,GERT,1999,9,49,19990914,0,,HU,16.3N,42.2W,75,976,,,,,,,,,,,,
AL,GERT,1999,9,49,19990914,600,,HU,16.6N,43.5W,85,973,,,,,,,,,,,,
AL,GERT,1999,9,49,19990914,1200,,HU,16.8N,44.6W,90,968,,,,,,,,,,,,
AL,GERT,1999,9,49,19990914,1800,,HU,17.1N,45.8W,95,962,,,,,,,,,,,,
AL,GERT,1999,9,49,19990915,0,,HU,17.2N,46.9W,100,955,,,,,,,,,,,,
AL,GERT,1999,9,49,19990915,600,,HU,17.4N,47.9W,110,948,,,,,,,,,,,,
AL,GERT,1999,9,49,19990915,1200,,HU,17.5N,48.9W,115,940,,,,,,,,,,,,
AL,GERT,1999,9,49,19990915,1800,,HU,17.7N,50.0W,125,933,,,,,,,,,,,,
AL,GERT,1999,9,49,19990916,0,,HU,17.8N,50.8W,130,930,,,,,,,,,,,,
AL,GERT,1999,9,49,19990916,600,,HU,18.0N,51.7W,130,933,,,,,,,,,,,,
AL,GERT,1999,9,49,19990916,1200,,HU,18.2N,52.6W,125,941,,,,,,,,,,,,
AL,GERT,1999,9,49,19990916,1800,,HU,18.6N,53.4W,120,940,,,,,,,,,,,,
AL,GERT,1999,9,49,19990917,0,,HU,19.0N,54.2W,115,944,,,,,,,,,,,,
AL,GERT,1999,9,49,19990917,600,,HU,19.4N,55.0W,125,942,,,,,,,,,,,,
AL,GERT,1999,9,49,19990917,1200,,HU,19.9N,55.7W,125,945,,,,,,,,,,,,
AL,GERT,1999,9,49,19990917,1800,,HU,20.4N,56.3W,115,950,,,,,,,,,,,,
AL,GERT,1999,9,49,19990918,0,,HU,20.9N,56.8W,110,953,,,,,,,,,,,,
AL,GERT,1999,9,49,19990918,600,,HU,21.6N,57.1W,105,954,,,,,,,,,,,,
AL,GERT,1999,9,49,19990918,1200,,HU,22.2N,57.4W,105,953,,,,,,,,,,,,
AL,GERT,1999,9,49,19990918,1800,,HU,22.8N,57.8W,105,950,,,,,,,,,,,,
AL,GERT,1999,9,49,19990919,0,,HU,23.4N,58.1W,110,947,,,,,,,,,,,,
AL,GERT,1999,9,49,19990919,600,,HU,24.1N,58.7W,115,946,,,,,,,,,,,,
AL,GERT,1999,9,49,19990919,1200,,HU,24.7N,59.2W,115,946,,,,,,,,,,,,
AL,GERT,1999,9,49,19990919,1800,,HU,25.5N,60.0W,115,946,,,,,,,,,,,,
AL,GERT,1999,9,49,19990920,0,,HU,26.2N,60.7W,115,947,,,,,,,,,,,,
AL,GERT,1999,9,49,19990920,600,,HU,26.8N,61.4W,110,947,,,,,,,,,,,,
AL,GERT,1999,9,49,19990920,1200,,HU,27.6N,62.4W,105,948,,,,,,,,,,,,
AL,GERT,1999,9,49,19990920,1800,,HU,28.3N,62.7W,100,949,,,,,,,,,,,,
AL,GERT,1999,9,49,19990921,0,,HU,29.2N,62.9W,95,950,,,,,,,,,,,,
AL,GERT,1999,9,49,19990921,600,,HU,30.1N,62.8W,90,952,,,,,,,,,,,,
AL,GERT,1999,9,49,19990921,1200,,HU,31.3N,62.6W,85,955,,,,,,,,,,,,
AL,GERT,1999,9,49,19990921,1800,,HU,32.7N,62.1W,80,958,,,,,,,,,,,,
AL,GERT,1999,9,49,19990922,0,,HU,34.3N,61.2W,75,960,,,,,,,,,,,,
AL,GERT,1999,9,49,19990922,600,,HU,36.2N,60.4W,75,961,,,,,,,,,,,,
AL,GERT,1999,9,49,19990922,1200,,HU,38.1N,59.4W,70,962,,,,,,,,,,,,
AL,GERT,1999,9,49,19990922,1800,,HU,40.3N,57.9W,65,963,,,,,,,,,,,,
AL,GERT,1999,9,49,19990923,0,,TS,42.2N,55.6W,60,964,,,,,,,,,,,,
AL,GERT,1999,9,49,19990923,600,,TS,44.6N,54.5W,60,968,,,,,,,,,,,,
AL,GERT,1999,9,49,19990923,1200,,EX,46.6N,51.9W,60,972,,,,,,,,,,,,
AL,HARVEY,1999,10,14,19990919,600,,TD,25.0N,87.8W,30,1005,,,,,,,,,,,,
AL,HARVEY,1999,10,14,19990919,1200,,TD,25.5N,87.8W,30,1004,,,,,,,,,,,,
AL,HARVEY,1999,10,14,19990919,1800,,TD,26.0N,87.8W,30,1003,,,,,,,,,,,,
AL,HARVEY,1999,10,14,19990920,0,,TS,26.3N,87.4W,40,1002,,,,,,,,,,,,
AL,HARVEY,1999,10,14,19990920,600,,TS,26.6N,86.9W,40,1001,,,,,,,,,,,,
AL,HARVEY,1999,10,14,19990920,1200,,TS,27.0N,86.3W,40,998,,,,,,,,,,,,
AL,HARVEY,1999,10,14,19990920,1800,,TS,27.0N,85.5W,50,998,,,,,,,,,,,,
AL,HARVEY,1999,10,14,19990921,0,,TS,27.1N,84.6W,50,995,,,,,,,,,,,,
AL,HARVEY,1999,10,14,19990921,600,,TS,26.5N,83.9W,50,995,,,,,,,,,,,,
AL,HARVEY,1999,10,14,19990921,800,I,TS,26.3N,83.7W,50,994,,,,,,,,,,,,
AL,HARVEY,1999,10,14,19990921,1200,,TS,26.0N,82.8W,50,996,,,,,,,,,,,,
AL,HARVEY,1999,10,14,19990921,1700,L,TS,25.9N,81.7W,50,999,,,,,,,,,,,,
AL,HARVEY,1999,10,14,19990921,1800,,TS,25.9N,81.5W,50,999,,,,,,,,,,,,
AL,HARVEY,1999,10,14,19990922,0,,TS,26.9N,78.6W,40,1000,,,,,,,,,,,,
AL,UNNAMED,1999,11,10,19991004,600,,TD,20.1N,94.1W,30,1005,,,,,,,,,,,,
AL,UNNAMED,1999,11,10,19991004,1200,,TD,19.5N,94.0W,30,1004,,,,,,,,,,,,
AL,UNNAMED,1999,11,10,19991004,1800,,TD,19.0N,94.0W,30,1003,,,,,,,,,,,,
AL,UNNAMED,1999,11,10,19991005,0,,TD,18.9N,93.8W,30,1002,,,,,,,,,,,,
AL,UNNAMED,1999,11,10,19991005,600,,TD,19.1N,94.2W,30,1003,,,,,,,,,,,,
AL,UNNAMED,1999,11,10,19991005,1200,,TD,19.4N,94.5W,30,1004,,,,,,,,,,,,
AL,UNNAMED,1999,11,10,19991005,1800,,TD,19.6N,94.8W,30,1005,,,,,,,,,,,,
AL,UNNAMED,1999,11,10,19991006,0,,TD,19.6N,95.0W,30,1006,,,,,,,,,,,,
AL,UNNAMED,1999,11,10,19991006,600,,TD,19.5N,95.4W,30,1007,,,,,,,,,,,,
AL,UNNAMED,1999,11,10,19991006,1200,,TD,20.4N,96.4W,30,1007,,,,,,,,,,,,
AL,UNNAMED,1999,12,12,19991006,0,,TD,14.4N,44.8W,30,1008,,,,,,,,,,,,
AL,UNNAMED,1999,12,12,19991006,600,,TD,14.8N,45.4W,30,1008,,,,,,,,,,,,
AL,UNNAMED,1999,12,12,19991006,1200,,TD,15.0N,45.8W,30,1007,,,,,,,,,,,,
AL,UNNAMED,1999,12,12,19991006,1800,,TD,15.2N,46.0W,30,1007,,,,,,,,,,,,
AL,UNNAMED,1999,12,12,19991007,0,,TD,15.4N,46.2W,30,1008,,,,,,,,,,,,
AL,UNNAMED,1999,12,12,19991007,600,,TD,15.6N,46.5W,30,1008,,,,,,,,,,,,
AL,UNNAMED,1999,12,12,19991007,1200,,TD,15.8N,46.7W,30,1008,,,,,,,,,,,,
AL,UNNAMED,1999,12,12,19991007,1800,,TD,16.0N,47.1W,30,1008,,,,,,,,,,,,
AL,UNNAMED,1999,12,12,19991008,0,,TD,16.4N,47.5W,30,1008,,,,,,,,,,,,
AL,UNNAMED,1999,12,12,19991008,600,,TD,16.6N,47.7W,30,1008,,,,,,,,,,,,
AL,UNNAMED,1999,12,12,19991008,1200,,TD,16.8N,47.9W,30,1008,,,,,,,,,,,,
AL,UNNAMED,1999,12,12,19991008,1800,,TD,17.3N,48.5W,25,1010,,,,,,,,,,,,
AL,IRENE,1999,13,34,19991012,1200,,LO,15.9N,82.0W,20,1006,,,,,,,,,,,,
AL,IRENE,1999,13,34,19991012,1800,,LO,16.4N,83.0W,20,1006,,,,,,,,,,,,
AL,IRENE,1999,13,34,19991013,0,,LO,16.7N,83.2W,20,1005,,,,,,,,,,,,
AL,IRENE,1999,13,34,19991013,600,,TD,17.3N,83.3W,30,1004,,,,,,,,,,,,
AL,IRENE,1999,13,34,19991013,1200,,TS,18.5N,83.4W,35,1003,,,,,,,,,,,,
AL,IRENE,1999,13,34,19991013,1800,,TS,19.8N,83.6W,45,1001,,,,,,,,,,,,
AL,IRENE,1999,13,34,19991014,0,,TS,20.7N,83.6W,55,999,,,,,,,,,,,,
AL,IRENE,1999,13,34,19991014,600,,TS,21.0N,83.6W,60,999,,,,,,,,,,,,
AL,IRENE,1999,13,34,19991014,1200,L,TS,21.3N,82.9W,60,997,,,,,,,,,,,,
AL,IRENE,1999,13,34,19991014,1800,,TS,22.4N,82.4W,60,995,,,,,,,,,,,,
AL,IRENE,1999,13,34,19991014,1900,L,TS,22.7N,82.5W,60,986,,,,,,,,,,,,
AL,IRENE,1999,13,34,19991015,0,,TS,23.1N,82.6W,60,988,,,,,,,,,,,,
AL,IRENE,1999,13,34,19991015,600,,HU,23.8N,82.2W,65,988,,,,,,,,,,,,
AL,IRENE,1999,13,34,19991015,1200,,HU,24.4N,81.8W,65,987,,,,,,,,,,,,
AL,IRENE,1999,13,34,19991015,1300,L,HU,24.6N,81.6W,65,987,,,,,,,,,,,,
AL,IRENE,1999,13,34,19991015,1800,,HU,25.1N,81.3W,65,986,,,,,,,,,,,,
AL,IRENE,1999,13,34,19991015,2000,L,HU,25.3N,81.1W,70,987,,,,,,,,,,,,
AL,IRENE,1999,13,34,19991016,0,,HU,26.1N,80.6W,65,986,,,,,,,,,,,,
AL,IRENE,1999,13,34,19991016,600,,HU,27.0N,80.2W,65,985,,,,,,,,,,,,
AL,IRENE,1999,13,34,19991016,1200,,HU,27.8N,80.1W,65,982,,,,,,,,,,,,
AL,IRENE,1999,13,34,19991016,1800,,HU,28.6N,79.9W,65,984,,,,,,,,,,,,
AL,IRENE,1999,13,34,19991017,0,,HU,29.4N,79.8W,65,984,,,,,,,,,,,,
AL,IRENE,1999,13,34,19991017,600,,HU,30.2N,79.8W,65,985,,,,,,,,,,,,
AL,IRENE,1999,13,34,19991017,1200,,HU,31.2N,79.7W,65,984,,,,,,,,,,,,
AL,IRENE,1999,13,34,19991017,1800,,HU,32.2N,79.0W,70,978,,,,,,,,,,,,
AL,IRENE,1999,13,34,19991018,0,,HU,33.4N,77.4W,80,976,,,,,,,,,,,,
AL,IRENE,1999,13,34,19991018,600,,HU,34.8N,75.2W,95,964,,,,,,,,,,,,
AL,IRENE,1999,13,34,19991018,756,I,HU,35.4N,74.4W,95,958,,,,,,,,,,,,
AL,IRENE,1999,13,34,19991018,1200,,HU,36.8N,71.6W,90,960,,,,,,,,,,,,
AL,IRENE,1999,13,34,19991018,1800,,HU,39.0N,67.4W,80,968,,,,,,,,,,,,
AL,IRENE,1999,13,34,19991019,0,,HU,41.5N,61.0W,80,968,,,,,,,,,,,,
AL,IRENE,1999,13,34,19991019,600,,EX,44.9N,51.5W,80,968,,,,,,,,,,,,
AL,IRENE,1999,13,34,19991019,1200,,EX,48.0N,48.0W,80,968,,,,,,,,,,,,
AL,IRENE,1999,13,34,19991019,1800,,EX,51.0N,45.0W,80,968,,,,,,,,,,,,
AL,JOSE,1999,14,34,19991017,1800,,TD,9.8N,50.8W,25,1006,,,,,,,,,,,,
AL,JOSE,1999,14,34,19991018,0,,TD,10.3N,51.8W,30,1005,,,,,,,,,,,,
AL,JOSE,1999,14,34,19991018,600,,TS,10.9N,52.8W,35,1004,,,,,,,,,,,,
AL,JOSE,1999,14,34,19991018,1200,,TS,11.5N,53.9W,40,1003,,,,,,,,,,,,
AL,JOSE,1999,14,34,19991018,1800,,TS,12.2N,55.1W,40,1002,,,,,,,,,,,,
AL,JOSE,1999,14,34,19991019,0,,TS,12.9N,56.1W,45,1000,,,,,,,,,,,,
AL,JOSE,1999,14,34,19991019,600,,TS,13.5N,57.1W,55,994,,,,,,,,,,,,
AL,JOSE,1999,14,34,19991019,1200,,TS,14.1N,58.1W,60,994,,,,,,,,,,,,
AL,JOSE,1999,14,34,19991019,1800,,HU,14.9N,58.9W,65,992,,,,,,,,,,,,
AL,JOSE,1999,14,34,19991020,0,,HU,15.7N,59.5W,70,987,,,,,,,,,,,,
AL,JOSE,1999,14,34,19991020,600,,HU,16.3N,60.2W,80,979,,,,,,,,,,,,
AL,JOSE,1999,14,34,19991020,1200,,HU,16.8N,61.1W,85,980,,,,,,,,,,,,
AL,JOSE,1999,14,34,19991020,1600,L,HU,17.1N,61.7W,80,982,,,,,,,,,,,,
AL,JOSE,1999,14,34,19991020,1800,,HU,17.2N,62.0W,80,983,,,,,,,,,,,,
AL,JOSE,1999,14,34,19991021,0,,HU,17.6N,62.7W,75,990,,,,,,,,,,,,
AL,JOSE,1999,14,34,19991021,600,,HU,18.1N,63.8W,65,992,,,,,,,,,,,,
AL,JOSE,1999,14,34,19991021,1105,L,TS,18.4N,64.6W,60,996,,,,,,,,,,,,
AL,JOSE,1999,14,34,19991021,1200,,TS,18.5N,64.8W,60,996,,,,,,,,,,,,
AL,JOSE,1999,14,34,19991021,1800,,TS,19.0N,65.3W,55,994,,,,,,,,,,,,
AL,JOSE,1999,14,34,19991022,0,,TS,19.4N,65.8W,50,993,,,,,,,,,,,,
AL,JOSE,1999,14,34,19991022,600,,TS,19.9N,66.1W,50,992,,,,,,,,,,,,
AL,JOSE,1999,14,34,19991022,1200,,TS,20.5N,65.9W,50,992,,,,,,,,,,,,
AL,JOSE,1999,14,34,19991022,1800,,TS,21.1N,65.6W,50,993,,,,,,,,,,,,
AL,JOSE,1999,14,34,19991023,0,,TS,22.0N,65.2W,50,994,,,,,,,,,,,,
AL,JOSE,1999,14,34,19991023,600,,TS,23.0N,64.8W,50,995,,,,,,,,,,,,
AL,JOSE,1999,14,34,19991023,1200,,TS,24.0N,64.3W,55,995,,,,,,,,,,,,
AL,JOSE,1999,14,34,19991023,1800,,TS,25.2N,63.8W,55,995,,,,,,,,,,,,
AL,JOSE,1999,14,34,19991024,0,,TS,26.6N,63.1W,55,995,,,,,,,,,,,,
AL,JOSE,1999,14,34,19991024,600,,TS,28.0N,62.2W,60,990,,,,,,,,,,,,
AL,JOSE,1999,14,34,19991024,1200,,HU,29.7N,61.1W,65,987,,,,,,,,,,,,
AL,JOSE,1999,14,34,19991024,1800,,HU,32.2N,59.8W,65,987,,,,,,,,,,,,
AL,JOSE,1999,14,34,19991025,0,,TS,34.9N,58.1W,60,990,,,,,,,,,,,,
AL,JOSE,1999,14,34,19991025,600,,TS,37.9N,55.8W,55,994,,,,,,,,,,,,
AL,JOSE,1999,14,34,19991025,1200,,EX,40.0N,51.8W,50,996,,,,,,,,,,,,
AL,KATRINA,1999,15,16,19991028,1800,,TD,11.4N,80.9W,30,1001,,,,,,,,,,,,
AL,KATRINA,1999,15,16,19991029,0,,TD,11.6N,81.6W,30,1001,,,,,,,,,,,,
AL,KATRINA,1999,15,16,19991029,600,,TD,12.0N,82.0W,30,1001,,,,,,,,,,,,
AL,KATRINA,1999,15,16,19991029,1200,,TD,12.6N,82.6W,30,1000,,,,,,,,,,,,
AL,KATRINA,1999,15,16,19991029,1800,,TS,13.2N,82.9W,35,1000,,,,,,,,,,,,
AL,KATRINA,1999,15,16,19991030,0,L,TS,13.8N,83.4W,35,999,,,,,,,,,,,,
AL,KATRINA,1999,15,16,19991030,600,,TD,14.1N,84.0W,30,1000,,,,,,,,,,,,
AL,KATRINA,1999,15,16,19991030,1200,,TD,14.3N,84.5W,25,1001,,,,,,,,,,,,
AL,KATRINA,1999,15,16,19991030,1800,,TD,14.7N,85.2W,25,1003,,,,,,,,,,,,
AL,KATRINA,1999,15,16,19991031,0,,TD,16.0N,86.6W,25,1005,,,,,,,,,,,,
AL,KATRINA,1999,15,16,19991031,600,,TD,17.2N,87.4W,25,1007,,,,,,,,,,,,
AL,KATRINA,1999,15,16,19991031,1200,,TD,18.4N,88.0W,25,1008,,,,,,,,,,,,
AL,KATRINA,1999,15,16,19991031,1800,,TD,19.4N,88.7W,25,1009,,,,,,,,,,,,
AL,KATRINA,1999,15,16,19991101,0,,TD,19.9N,89.6W,20,1010,,,,,,,,,,,,
AL,KATRINA,1999,15,16,19991101,600,,TD,20.4N,89.8W,20,1011,,,,,,,,,,,,
AL,KATRINA,1999,15,16,19991101,1200,,TD,21.2N,89.8W,20,1011,,,,,,,,,,,,
AL,LENNY,1999,16,39,19991113,1800,,TD,16.7N,81.6W,30,1003,,,,,,,,,,,,
AL,LENNY,1999,16,39,19991114,0,,TD,16.5N,81.1W,30,1003,,,,,,,,,,,,
AL,LENNY,1999,16,39,19991114,600,,TD,16.4N,80.5W,30,1002,,,,,,,,,,,,
AL,LENNY,1999,16,39,19991114,1200,,TS,16.4N,79.9W,40,1000,,,,,,,,,,,,
AL,LENNY,1999,16,39,19991114,1800,,TS,16.3N,79.3W,55,992,,,,,,,,,,,,
AL,LENNY,1999,16,39,19991115,0,,HU,16.0N,78.6W,70,988,,,,,,,,,,,,
AL,LENNY,1999,16,39,19991115,600,,HU,15.5N,77.7W,75,977,,,,,,,,,,,,
AL,LENNY,1999,16,39,19991115,1200,,HU,15.1N,76.4W,85,971,,,,,,,,,,,,
AL,LENNY,1999,16,39,19991115,1800,,HU,14.8N,74.8W,75,983,,,,,,,,,,,,
AL,LENNY,1999,16,39,19991116,0,,HU,15.1N,73.4W,75,982,,,,,,,,,,,,
AL,LENNY,1999,16,39,19991116,600,,HU,15.1N,72.0W,75,974,,,,,,,,,,,,
AL,LENNY,1999,16,39,19991116,1200,,HU,15.1N,70.5W,85,971,,,,,,,,,,,,
AL,LENNY,1999,16,39,19991116,1800,,HU,15.5N,69.0W,85,967,,,,,,,,,,,,
AL,LENNY,1999,16,39,19991117,0,,HU,15.9N,67.6W,100,959,,,,,,,,,,,,
AL,LENNY,1999,16,39,19991117,600,,HU,16.4N,66.5W,105,952,,,,,,,,,,,,
AL,LENNY,1999,16,39,19991117,1200,,HU,16.8N,65.5W,115,946,,,,,,,,,,,,
AL,LENNY,1999,16,39,19991117,1800,L,HU,17.4N,64.8W,135,933,,,,,,,,,,,,
AL,LENNY,1999,16,39,19991118,0,,HU,17.6N,64.2W,130,940,,,,,,,,,,,,
AL,LENNY,1999,16,39,19991118,600,,HU,17.8N,63.9W,125,944,,,,,,,,,,,,
AL,LENNY,1999,16,39,19991118,1200,,HU,17.9N,63.6W,120,953,,,,,,,,,,,,
AL,LENNY,1999,16,39,19991118,1800,L,HU,18.0N,63.3W,110,966,,,,,,,,,,,,
AL,LENNY,1999,16,39,19991119,0,L,HU,18.1N,63.1W,85,975,,,,,,,,,,,,
AL,LENNY,1999,16,39,19991119,600,L,HU,18.0N,62.9W,75,979,,,,,,,,,,,,
AL,LENNY,1999,16,39,19991119,1200,,HU,17.9N,62.8W,70,986,,,,,,,,,,,,
AL,LENNY,1999,16,39,19991119,1800,,TS,17.6N,62.5W,60,994,,,,,,,,,,,,
AL,LENNY,1999,16,39,19991120,0,L,TS,17.3N,61.8W,55,994,,,,,,,,,,,,
AL,LENNY,1999,16,39,19991120,600,,TS,17.0N,61.1W,55,995,,,,,,,,,,,,
AL,LENNY,1999,16,39,19991120,1200,,TS,16.5N,60.4W,50,996,,,,,,,,,,,,
AL,LENNY,1999,16,39,19991120,1800,,TS,15.9N,59.8W,45,998,,,,,,,,,,,,
AL,LENNY,1999,16,39,19991121,0,,TS,16.0N,59.0W,40,998,,,,,,,,,,,,
AL,LENNY,1999,16,39,19991121,600,,TD,16.5N,58.1W,30,998,,,,,,,,,,,,
AL,LENNY,1999,16,39,19991121,1200,,TD,17.2N,57.1W,30,999,,,,,,,,,,,,
AL,LENNY,1999,16,39,19991121,1800,,TD,18.0N,56.7W,25,1000,,,,,,,,,,,,
AL,LENNY,1999,16,39,19991122,0,,TD,18.4N,56.1W,25,1001,,,,,,,,,,,,
AL,LENNY,1999,16,39,19991122,600,,TD,18.5N,55.7W,25,1002,,,,,,,,,,,,
AL,LENNY,1999,16,39,19991122,1200,,TD,18.5N,55.3W,25,1004,,,,,,,,,,,,
AL,LENNY,1999,16,39,19991122,1800,,TD,18.5N,54.7W,20,1005,,,,,,,,,,,,
AL,LENNY,1999,16,39,19991123,0,,TD,18.5N,53.8W,20,1006,,,,,,,,,,,,
AL,LENNY,1999,16,39,19991123,600,,TD,18.5N,52.8W,20,1006,,,,,,,,,,,,
AL,UNNAMED,2000,1,4,20000607,1800,,TD,21.0N,93.0W,25,1008,,,,,,,,,,,,
AL,UNNAMED,2000,1,4,20000608,0,,TD,20.9N,92.8W,25,1009,,,,,,,,,,,,
AL,UNNAMED,2000,1,4,20000608,600,,TD,20.7N,93.1W,25,1010,,,,,,,,,,,,
AL,UNNAMED,2000,1,4,20000608,1200,,TD,20.8N,93.5W,25,1010,,,,,,,,,,,,
AL,UNNAMED,2000,2,12,20000623,0,,TD,9.5N,19.8W,25,1010,,,,,,,,,,,,
AL,UNNAMED,2000,2,12,20000623,600,,TD,9.6N,21.0W,30,1009,,,,,,,,,,,,
AL,UNNAMED,2000,2,12,20000623,1200,,TD,9.9N,22.6W,30,1009,,,,,,,,,,,,
AL,UNNAMED,2000,2,12,20000623,1800,,TD,10.2N,24.5W,30,1009,,,,,,,,,,,,
AL,UNNAMED,2000,2,12,20000624,0,,TD,10.1N,26.2W,30,1009,,,,,,,,,,,,
AL,UNNAMED,2000,2,12,20000624,600,,TD,9.9N,27.8W,30,1009,,,,,,,,,,,,
AL,UNNAMED,2000,2,12,20000624,1200,,TD,9.9N,29.3W,30,1009,,,,,,,,,,,,
AL,UNNAMED,2000,2,12,20000624,1800,,TD,10.1N,30.1W,30,1009,,,,,,,,,,,,
AL,UNNAMED,2000,2,12,20000625,0,,TD,10.1N,32.6W,30,1009,,,,,,,,,,,,
AL,UNNAMED,2000,2,12,20000625,600,,TD,10.0N,34.2W,30,1008,,,,,,,,,,,,
AL,UNNAMED,2000,2,12,20000625,1200,,TD,9.8N,36.2W,30,1009,,,,,,,,,,,,
AL,UNNAMED,2000,2,12,20000625,1800,,TD,9.7N,38.2W,25,1010,,,,,,,,,,,,
AL,ALBERTO,2000,3,87,20000803,1800,,TD,10.8N,18.0W,25,1007,,,,,,,,,,,,
AL,ALBERTO,2000,3,87,20000804,0,,TD,11.5N,20.1W,30,1005,,,,,,,,,,,,
AL,ALBERTO,2000,3,87,20000804,600,,TS,12.0N,22.3W,35,1004,,,,,,,,,,,,
AL,ALBERTO,2000,3,87,20000804,1200,,TS,12.3N,23.8W,35,1003,,,,,,,,,,,,
AL,ALBERTO,2000,3,87,20000804,1800,,TS,12.7N,25.2W,40,1002,,,,,,,,,,,,
AL,ALBERTO,2000,3,87,20000805,0,,TS,13.2N,26.7W,40,1001,,,,,,,,,,,,
AL,ALBERTO,2000,3,87,20000805,600,,TS,13.7N,28.2W,45,1000,,,,,,,,,,,,
AL,ALBERTO,2000,3,87,20000805,1200,,TS,14.1N,29.8W,45,999,,,,,,,,,,,,
AL,ALBERTO,2000,3,87,20000805,1800,,TS,14.5N,31.4W,55,994,,,,,,,,,,,,
AL,ALBERTO,2000,3,87,20000806,0,,HU,14.5N,33.2W,65,987,,,,,,,,,,,,
AL,ALBERTO,2000,3,87,20000806,600,,HU,14.6N,34.4W,65,985,,,,,,,,,,,,
AL,ALBERTO,2000,3,87,20000806,1200,,HU,14.7N,35.4W,70,983,,,,,,,,,,,,
AL,ALBERTO,2000,3,87,20000806,1800,,HU,15.2N,36.6W,75,981,,,,,,,,,,,,
AL,ALBERTO,2000,3,87,20000807,0,,HU,15.7N,38.1W,75,979,,,,,,,,,,,,
AL,ALBERTO,2000,3,87,20000807,600,,HU,16.0N,39.6W,80,978,,,,,,,,,,,,
AL,ALBERTO,2000,3,87,20000807,1200,,HU,16.2N,41.0W,80,977,,,,,,,,,,,,
AL,ALBERTO,2000,3,87,20000807,1800,,HU,16.5N,42.2W,80,978,,,,,,,,,,,,
AL,ALBERTO,2000,3,87,20000808,0,,HU,16.7N,43.6W,75,979,,,,,,,,,,,,
AL,ALBERTO,2000,3,87,20000808,600,,HU,17.0N,44.9W,70,982,,,,,,,,,,,,
AL,ALBERTO,2000,3,87,20000808,1200,,HU,17.7N,45.7W,70,985,,,,,,,,,,,,
AL,ALBERTO,2000,3,87,20000808,1800,,HU,18.6N,46.5W,65,987,,,,,,,,,,,,
AL,ALBERTO,2000,3,87,20000809,0,,TS,19.6N,47.2W,60,989,,,,,,,,,,,,
AL,ALBERTO,2000,3,87,20000809,600,,TS,20.6N,48.5W,60,992,,,,,,,,,,,,
AL,ALBERTO,2000,3,87,20000809,1200,,TS,21.9N,49.9W,55,994,,,,,,,,,,,,
AL,ALBERTO,2000,3,87,20000809,1800,,TS,23.4N,51.3W,60,991,,,,,,,,,,,,
AL,ALBERTO,2000,3,87,20000810,0,,HU,24.8N,52.6W,65,988,,,,,,,,,,,,
AL,ALBERTO,2000,3,87,20000810,600,,HU,26.1N,54.0W,65,987,,,,,,,,,,,,
AL,ALBERTO,2000,3,87,20000810,1200,,HU,27.5N,55.3W,65,986,,,,,,,,,,,,
AL,ALBERTO,2000,3,87,20000810,1800,,HU,28.8N,56.7W,65,984,,,,,,,,,,,,
AL,ALBERTO,2000,3,87,20000811,0,,HU,29.9N,57.7W,70,982,,,,,,,,,,,,
AL,ALBERTO,2000,3,87,20000811,600,,HU,31.1N,58.4W,75,979,,,,,,,,,,,,
AL,ALBERTO,2000,3,87,20000811,1200,,HU,32.2N,58.6W,80,976,,,,,,,,,,,,
AL,ALBERTO,2000,3,87,20000811,1800,,HU,33.3N,58.5W,85,973,,,,,,,,,,,,
AL,ALBERTO,2000,3,87,20000812,0,,HU,34.3N,58.0W,90,970,,,,,,,,,,,,
AL,ALBERTO,2000,3,87,20000812,600,,HU,35.1N,56.7W,100,960,,,,,,,,,,,,
AL,ALBERTO,2000,3,87,20000812,1200,,HU,35.9N,55.3W,110,950,,,,,,,,,,,,
AL,ALBERTO,2000,3,87,20000812,1800,,HU,36.8N,53.8W,110,954,,,,,,,,,,,,
AL,ALBERTO,2000,3,87,20000813,0,,HU,37.4N,52.0W,105,958,,,,,,,,,,,,
AL,ALBERTO,2000,3,87,20000813,600,,HU,38.0N,50.3W,95,966,,,,,,,,,,,,
AL,ALBERTO,2000,3,87,20000813,1200,,HU,38.4N,48.3W,85,973,,,,,,,,,,,,
AL,ALBERTO,2000,3,87,20000813,1800,,HU,38.8N,46.3W,75,980,,,,,,,,,,,,
AL,ALBERTO,2000,3,87,20000814,0,,HU,39.0N,44.2W,65,987,,,,,,,,,,,,
AL,ALBERTO,2000,3,87,20000814,600,,TS,39.1N,42.2W,60,991,,,,,,,,,,,,
AL,ALBERTO,2000,3,87,20000814,1200,,TS,39.1N,40.6W,55,994,,,,,,,,,,,,
AL,ALBERTO,2000,3,87,20000814,1800,,TS,39.1N,39.3W,50,997,,,,,,,,,,,,
AL,ALBERTO,2000,3,87,20000815,0,,TS,38.9N,38.5W,45,1000,,,,,,,,,,,,
AL,ALBERTO,2000,3,87,20000815,600,,TS,38.3N,38.5W,45,1001,,,,,,,,,,,,
AL,ALBERTO,2000,3,87,20000815,1200,,TS,37.3N,38.5W,45,1002,,,,,,,,,,,,
AL,ALBERTO,2000,3,87,20000815,1800,,TS,36.6N,38.9W,40,1002,,,,,,,,,,,,
AL,ALBERTO,2000,3,87,20000816,0,,TS,36.1N,39.4W,40,1003,,,,,,,,,,,,
AL,ALBERTO,2000,3,87,20000816,600,,TS,35.4N,40.2W,40,1003,,,,,,,,,,,,
AL,ALBERTO,2000,3,87,20000816,1200,,TS,34.6N,41.3W,40,1003,,,,,,,,,,,,
AL,ALBERTO,2000,3,87,20000816,1800,,TS,33.9N,42.4W,40,1002,,,,,,,,,,,,
AL,ALBERTO,2000,3,87,20000817,0,,TS,33.4N,43.5W,45,1001,,,,,,,,,,,,
AL,ALBERTO,2000,3,87,20000817,600,,TS,33.0N,44.2W,45,1000,,,,,,,,,,,,
AL,ALBERTO,2000,3,87,20000817,1200,,TS,33.0N,44.9W,50,998,,,,,,,,,,,,
AL,ALBERTO,2000,3,87,20000817,1800,,TS,33.0N,45.8W,50,997,,,,,,,,,,,,
AL,ALBERTO,2000,3,87,20000818,0,,TS,33.2N,46.5W,55,995,,,,,,,,,,,,
AL,ALBERTO,2000,3,87,20000818,600,,TS,33.6N,47.1W,55,993,,,,,,,,,,,,
AL,ALBERTO,2000,3,87,20000818,1200,,TS,34.2N,47.6W,60,991,,,,,,,,,,,,
AL,ALBERTO,2000,3,87,20000818,1800,,HU,34.7N,48.0W,65,987,,,,,,,,,,,,
AL,ALBERTO,2000,3,87,20000819,0,,HU,34.9N,48.1W,75,979,,,,,,,,,,,,
AL,ALBERTO,2000,3,87,20000819,600,,HU,35.3N,48.2W,80,976,,,,,,,,,,,,
AL,ALBERTO,2000,3,87,20000819,1200,,HU,35.6N,48.2W,85,973,,,,,,,,,,,,
AL,ALBERTO,2000,3,87,20000819,1800,,HU,36.0N,48.2W,90,970,,,,,,,,,,,,
AL,ALBERTO,2000,3,87,20000820,0,,HU,36.4N,48.1W,90,970,,,,,,,,,,,,
AL,ALBERTO,2000,3,87,20000820,600,,HU,36.7N,48.0W,90,971,,,,,,,,,,,,
AL,ALBERTO,2000,3,87,20000820,1200,,HU,37.1N,47.9W,85,972,,,,,,,,,,,,
AL,ALBERTO,2000,3,87,20000820,1800,,HU,37.4N,47.7W,85,973,,,,,,,,,,,,
AL,ALBERTO,2000,3,87,20000821,0,,HU,37.9N,47.5W,85,974,,,,,,,,,,,,
AL,ALBERTO,2000,3,87,20000821,600,,HU,38.3N,47.3W,80,976,,,,,,,,,,,,
AL,ALBERTO,2000,3,87,20000821,1200,,HU,38.9N,47.2W,80,977,,,,,,,,,,,,
AL,ALBERTO,2000,3,87,20000821,1800,,HU,40.0N,46.7W,80,978,,,,,,,,,,,,
AL,ALBERTO,2000,3,87,20000822,0,,HU,41.2N,45.9W,75,979,,,,,,,,,,,,
AL,ALBERTO,2000,3,87,20000822,600,,HU,42.6N,45.4W,75,981,,,,,,,,,,,,
AL,ALBERTO,2000,3,87,20000822,1200,,HU,44.0N,44.0W,70,983,,,,,,,,,,,,
AL,ALBERTO,2000,3,87,20000822,1800,,HU,46.1N,42.1W,65,985,,,,,,,,,,,,
AL,ALBERTO,2000,3,87,20000823,0,,HU,48.3N,39.5W,65,987,,,,,,,,,,,,
AL,ALBERTO,2000,3,87,20000823,600,,TS,50.7N,36.8W,55,994,,,,,,,,,,,,
AL,ALBERTO,2000,3,87,20000823,1200,,EX,53.2N,35.4W,45,997,,,,,,,,,,,,
AL,ALBERTO,2000,3,87,20000823,1800,,EX,57.0N,34.0W,45,997,,,,,,,,,,,,
AL,ALBERTO,2000,3,87,20000824,0,,EX,59.5N,30.3W,40,995,,,,,,,,,,,,
AL,ALBERTO,2000,3,87,20000824,600,,EX,62.0N,25.5W,35,992,,,,,,,,,,,,
AL,ALBERTO,2000,3,87,20000824,1200,,EX,65.5N,23.0W,35,990,,,,,,,,,,,,
AL,ALBERTO,2000,3,87,20000824,1800,,EX,68.0N,20.0W,30,992,,,,,,,,,,,,
AL,ALBERTO,2000,3,87,20000825,0,,EX,69.0N,12.5W,30,990,,,,,,,,,,,,
AL,ALBERTO,2000,3,87,20000825,600,,EX,70.7N,4.9W,30,994,,,,,,,,,,,,
AL,UNNAMED,2000,4,13,20000808,1200,,TD,28.2N,74.2W,30,1011,,,,,,,,,,,,
AL,UNNAMED,2000,4,13,20000808,1800,,TD,28.1N,75.1W,30,1010,,,,,,,,,,,,
AL,UNNAMED,2000,4,13,20000809,0,,TD,28.0N,76.0W,30,1010,,,,,,,,,,,,
AL,UNNAMED,2000,4,13,20000809,600,,TD,27.9N,76.8W,30,1010,,,,,,,,,,,,
AL,UNNAMED,2000,4,13,20000809,1200,,TD,27.9N,77.4W,30,1010,,,,,,,,,,,,
AL,UNNAMED,2000,4,13,20000809,1800,,TD,27.9N,77.9W,30,1010,,,,,,,,,,,,
AL,UNNAMED,2000,4,13,20000810,0,,TD,28.0N,78.6W,30,1009,,,,,,,,,,,,
AL,UNNAMED,2000,4,13,20000810,600,,TD,28.3N,79.3W,30,1010,,,,,,,,,,,,
AL,UNNAMED,2000,4,13,20000810,1200,,TD,28.7N,78.9W,30,1010,,,,,,,,,,,,
AL,UNNAMED,2000,4,13,20000810,1800,,TD,28.9N,78.3W,25,1011,,,,,,,,,,,,
AL,UNNAMED,2000,4,13,20000811,0,,TD,29.2N,77.8W,25,1011,,,,,,,,,,,,
AL,UNNAMED,2000,4,13,20000811,600,,TD,29.4N,77.2W,25,1012,,,,,,,,,,,,
AL,UNNAMED,2000,4,13,20000811,1200,,TD,29.6N,76.5W,25,1013,,,,,,,,,,,,
AL,BERYL,2000,5,9,20000813,1800,,TD,22.5N,93.5W,30,1008,,,,,,,,,,,,
AL,BERYL,2000,5,9,20000814,0,,TD,22.7N,93.8W,30,1008,,,,,,,,,,,,
AL,BERYL,2000,5,9,20000814,600,,TS,23.1N,94.6W,35,1007,,,,,,,,,,,,
AL,BERYL,2000,5,9,20000814,1200,,TS,23.5N,95.4W,40,1009,,,,,,,,,,,,
AL,BERYL,2000,5,9,20000814,1800,,TS,23.9N,96.3W,45,1009,,,,,,,,,,,,
AL,BERYL,2000,5,9,20000815,0,,TS,24.1N,97.0W,45,1007,,,,,,,,,,,,
AL,BERYL,2000,5,9,20000815,600,,TS,24.5N,97.7W,45,1009,,,,,,,,,,,,
AL,BERYL,2000,5,9,20000815,1200,,TD,24.9N,98.6W,30,1010,,,,,,,,,,,,
AL,BERYL,2000,5,9,20000815,1800,,TD,25.2N,99.8W,25,1012,,,,,,,,,,,,
AL,CHRIS,2000,6,9,20000817,1200,,TD,14.2N,51.9W,25,1009,,,,,,,,,,,,
AL,CHRIS,2000,6,9,20000817,1800,,TD,14.7N,52.8W,25,1009,,,,,,,,,,,,
AL,CHRIS,2000,6,9,20000818,0,,TD,15.2N,53.4W,25,1009,,,,,,,,,,,,
AL,CHRIS,2000,6,9,20000818,600,,TD,15.6N,54.1W,30,1009,,,,,,,,,,,,
AL,CHRIS,2000,6,9,20000818,1200,,TS,16.2N,55.4W,35,1008,,,,,,,,,,,,
AL,CHRIS,2000,6,9,20000818,1800,,TD,16.8N,56.5W,30,1011,,,,,,,,,,,,
AL,CHRIS,2000,6,9,20000819,0,,TD,17.3N,57.7W,25,1012,,,,,,,,,,,,
AL,CHRIS,2000,6,9,20000819,600,,TD,17.8N,59.0W,25,1012,,,,,,,,,,,,
AL,CHRIS,2000,6,9,20000819,1200,,TD,18.3N,60.4W,20,1013,,,,,,,,,,,,
AL,DEBBY,2000,7,23,20000819,1800,,TD,12.0N,44.5W,30,1010,,,,,,,,,,,,
AL,DEBBY,2000,7,23,20000820,0,,TD,12.6N,45.3W,30,1010,,,,,,,,,,,,
AL,DEBBY,2000,7,23,20000820,600,,TS,13.3N,46.8W,35,1009,,,,,,,,,,,,
AL,DEBBY,2000,7,23,20000820,1200,,TS,14.0N,48.8W,40,1008,,,,,,,,,,,,
AL,DEBBY,2000,7,23,20000820,1800,,TS,14.7N,50.6W,45,1007,,,,,,,,,,,,
AL,DEBBY,2000,7,23,20000821,0,,TS,15.1N,52.1W,55,1006,,,,,,,,,,,,
AL,DEBBY,2000,7,23,20000821,600,,HU,15.4N,54.0W,65,1005,,,,,,,,,,,,
AL,DEBBY,2000,7,23,20000821,1200,,HU,15.7N,56.3W,75,1004,,,,,,,,,,,,
AL,DEBBY,2000,7,23,20000821,1800,,HU,16.1N,58.5W,75,1004,,,,,,,,,,,,
AL,DEBBY,2000,7,23,20000822,0,,HU,16.8N,60.1W,70,995,,,,,,,,,,,,
AL,DEBBY,2000,7,23,20000822,300,P,HU,17.1N,60.9W,70,991,,,,,,,,,,,,
AL,DEBBY,2000,7,23,20000822,600,L,HU,17.5N,61.7W,65,993,,,,,,,,,,,,
AL,DEBBY,2000,7,23,20000822,915,L,HU,17.9N,62.8W,65,993,,,,,,,,,,,,
AL,DEBBY,2000,7,23,20000822,1200,,HU,18.1N,63.5W,65,994,,,,,,,,,,,,
AL,DEBBY,2000,7,23,20000822,1500,L,HU,18.5N,64.4W,65,994,,,,,,,,,,,,
AL,DEBBY,2000,7,23,20000822,1800,,HU,18.8N,65.4W,65,995,,,,,,,,,,,,
AL,DEBBY,2000,7,23,20000823,0,,HU,19.2N,66.7W,65,995,,,,,,,,,,,,
AL,DEBBY,2000,7,23,20000823,600,,HU,19.5N,68.1W,65,995,,,,,,,,,,,,
AL,DEBBY,2000,7,23,20000823,1200,,TS,19.8N,69.7W,60,1005,,,,,,,,,,,,
AL,DEBBY,2000,7,23,20000823,1800,,TS,20.0N,71.5W,50,1009,,,,,,,,,,,,
AL,DEBBY,2000,7,23,20000824,0,,TS,19.9N,73.3W,40,1010,,,,,,,,,,,,
AL,DEBBY,2000,7,23,20000824,600,,TS,19.6N,75.1W,35,1011,,,,,,,,,,,,
AL,DEBBY,2000,7,23,20000824,1200,,TD,19.5N,77.0W,30,1011,,,,,,,,,,,,
AL,ERNESTO,2000,8,10,20000901,1200,,TD,14.8N,45.2W,25,1009,,,,,,,,,,,,
AL,ERNESTO,2000,8,10,20000901,1800,,TD,15.0N,47.0W,30,1009,,,,,,,,,,,,
AL,ERNESTO,2000,8,10,20000902,0,,TD,15.6N,48.3W,30,1009,,,,,,,,,,,,
AL,ERNESTO,2000,8,10,20000902,600,,TS,16.2N,49.5W,35,1008,,,,,,,,,,,,
AL,ERNESTO,2000,8,10,20000902,1200,,TS,16.9N,50.8W,35,1008,,,,,,,,,,,,
AL,ERNESTO,2000,8,10,20000902,1800,,TS,17.5N,52.1W,35,1008,,,,,,,,,,,,
AL,ERNESTO,2000,8,10,20000903,0,,TS,18.2N,53.6W,35,1008,,,,,,,,,,,,
AL,ERNESTO,2000,8,10,20000903,600,,TS,18.8N,55.0W,35,1008,,,,,,,,,,,,
AL,ERNESTO,2000,8,10,20000903,1200,,TS,19.4N,56.6W,35,1008,,,,,,,,,,,,
AL,ERNESTO,2000,8,10,20000903,1800,,TD,20.0N,58.0W,30,1009,,,,,,,,,,,,
AL,UNNAMED,2000,9,6,20000908,1800,,TD,27.5N,93.5W,25,1009,,,,,,,,,,,,
AL,UNNAMED,2000,9,6,20000908,2100,I,TD,28.0N,93.5W,30,1008,,,,,,,,,,,,
AL,UNNAMED,2000,9,6,20000909,0,,TD,28.5N,93.5W,30,1009,,,,,,,,,,,,
AL,UNNAMED,2000,9,6,20000909,600,,TD,29.3N,93.8W,25,1009,,,,,,,,,,,,
AL,UNNAMED,2000,9,6,20000909,1000,L,TD,29.9N,93.9W,25,1009,,,,,,,,,,,,
AL,UNNAMED,2000,9,6,20000909,1200,,TD,30.0N,94.0W,25,1010,,,,,,,,,,,,
AL,FLORENCE,2000,10,29,20000910,1800,,SD,30.9N,70.9W,30,1007,,,,,,,,,,,,
AL,FLORENCE,2000,10,29,20000911,0,,SD,30.8N,71.3W,30,1007,,,,,,,,,,,,
AL,FLORENCE,2000,10,29,20000911,600,,TD,30.7N,71.8W,30,1006,,,,,,,,,,,,
AL,FLORENCE,2000,10,29,20000911,1200,,TS,30.4N,72.2W,45,1002,,,,,,,,,,,,
AL,FLORENCE,2000,10,29,20000911,1800,,HU,30.1N,72.6W,65,998,,,,,,,,,,,,
AL,FLORENCE,2000,10,29,20000912,0,,HU,30.1N,72.7W,65,992,,,,,,,,,,,,
AL,FLORENCE,2000,10,29,20000912,600,,TS,30.2N,72.8W,60,993,,,,,,,,,,,,
AL,FLORENCE,2000,10,29,20000912,1200,,TS,30.3N,73.1W,60,991,,,,,,,,,,,,
AL,FLORENCE,2000,10,29,20000912,1800,,HU,30.6N,73.3W,65,987,,,,,,,,,,,,
AL,FLORENCE,2000,10,29,20000913,0,,HU,30.8N,73.7W,65,986,,,,,,,,,,,,
AL,FLORENCE,2000,10,29,20000913,600,,HU,30.7N,74.0W,65,986,,,,,,,,,,,,
AL,FLORENCE,2000,10,29,20000913,1200,,TS,30.7N,73.8W,60,987,,,,,,,,,,,,
AL,FLORENCE,2000,10,29,20000913,1800,,TS,30.5N,73.7W,55,989,,,,,,,,,,,,
AL,FLORENCE,2000,10,29,20000914,0,,TS,30.2N,73.6W,50,991,,,,,,,,,,,,
AL,FLORENCE,2000,10,29,20000914,600,,TS,29.6N,73.6W,45,993,,,,,,,,,,,,
AL,FLORENCE,2000,10,29,20000914,1200,,TS,29.5N,73.4W,45,994,,,,,,,,,,,,
AL,FLORENCE,2000,10,29,20000914,1800,,TS,29.3N,73.1W,45,995,,,,,,,,,,,,
AL,FLORENCE,2000,10,29,20000915,0,,TS,29.2N,72.8W,45,995,,,,,,,,,,,,
AL,FLORENCE,2000,10,29,20000915,600,,TS,29.1N,72.4W,45,996,,,,,,,,,,,,
AL,FLORENCE,2000,10,29,20000915,1200,,TS,29.8N,71.2W,50,997,,,,,,,,,,,,
AL,FLORENCE,2000,10,29,20000915,1800,,TS,30.1N,69.7W,60,997,,,,,,,,,,,,
AL,FLORENCE,2000,10,29,20000916,0,,HU,30.8N,67.5W,65,994,,,,,,,,,,,,
AL,FLORENCE,2000,10,29,20000916,600,,HU,32.6N,66.1W,65,988,,,,,,,,,,,,
AL,FLORENCE,2000,10,29,20000916,1200,,HU,34.3N,64.2W,65,987,,,,,,,,,,,,
AL,FLORENCE,2000,10,29,20000916,1800,,HU,36.1N,61.8W,70,985,,,,,,,,,,,,
AL,FLORENCE,2000,10,29,20000917,0,,TS,37.9N,59.5W,60,990,,,,,,,,,,,,
AL,FLORENCE,2000,10,29,20000917,600,,TS,40.1N,57.4W,55,995,,,,,,,,,,,,
AL,FLORENCE,2000,10,29,20000917,1200,,TS,42.5N,55.0W,50,1000,,,,,,,,,,,,
AL,FLORENCE,2000,10,29,20000917,1800,,TS,45.5N,53.0W,50,1002,,,,,,,,,,,,
AL,GORDON,2000,11,29,20000914,1200,,TD,19.8N,87.3W,25,1008,,,,,,,,,,,,
AL,GORDON,2000,11,29,20000914,1800,,TD,20.4N,87.4W,25,1007,,,,,,,,,,,,
AL,GORDON,2000,11,29,20000915,0,,TD,20.7N,87.7W,25,1007,,,,,,,,,,,,
AL,GORDON,2000,11,29,20000915,600,,TD,21.0N,88.0W,25,1006,,,,,,,,,,,,
AL,GORDON,2000,11,29,20000915,1200,,TD,21.4N,88.7W,25,1004,,,,,,,,,,,,
AL,GORDON,2000,11,29,20000915,1800,,TD,21.6N,87.8W,30,1004,,,,,,,,,,,,
AL,GORDON,2000,11,29,20000916,0,,TS,22.5N,86.7W,40,1000,,,,,,,,,,,,
AL,GORDON,2000,11,29,20000916,600,,TS,22.9N,86.6W,50,997,,,,,,,,,,,,
AL,GORDON,2000,11,29,20000916,1200,,TS,23.5N,86.3W,55,992,,,,,,,,,,,,
AL,GORDON,2000,11,29,20000916,1800,,TS,24.3N,85.9W,60,983,,,,,,,,,,,,
AL,GORDON,2000,11,29,20000917,0,,HU,25.2N,85.4W,65,985,,,,,,,,,,,,
AL,GORDON,2000,11,29,20000917,600,,HU,26.1N,84.9W,70,981,,,,,,,,,,,,
AL,GORDON,2000,11,29,20000917,1200,,HU,27.1N,84.3W,65,987,,,,,,,,,,,,
AL,GORDON,2000,11,29,20000917,1800,,HU,28.0N,83.8W,65,985,,,,,,,,,,,,
AL,GORDON,2000,11,29,20000918,0,,TS,28.9N,83.4W,60,989,,,,,,,,,,,,
AL,GORDON,2000,11,29,20000918,300,L,TS,29.3N,83.2W,55,991,,,,,,,,,,,,
AL,GORDON,2000,11,29,20000918,600,,TS,29.8N,83.0W,40,1000,,,,,,,,,,,,
AL,GORDON,2000,11,29,20000918,1200,,TD,31.0N,82.3W,30,1006,,,,,,,,,,,,
AL,GORDON,2000,11,29,20000918,1800,,EX,32.3N,81.5W,25,1011,,,,,,,,,,,,
AL,GORDON,2000,11,29,20000919,0,,EX,33.5N,80.2W,25,1011,,,,,,,,,,,,
AL,GORDON,2000,11,29,20000919,600,,EX,35.0N,79.0W,20,1011,,,,,,,,,,,,
AL,GORDON,2000,11,29,20000919,1200,,EX,37.0N,78.2W,20,1010,,,,,,,,,,,,
AL,GORDON,2000,11,29,20000919,1800,,EX,38.5N,76.0W,25,1008,,,,,,,,,,,,
AL,GORDON,2000,11,29,20000920,0,,EX,40.0N,74.0W,25,1007,,,,,,,,,,,,
AL,GORDON,2000,11,29,20000920,600,,EX,41.5N,72.0W,25,1005,,,,,,,,,,,,
AL,GORDON,2000,11,29,20000920,1200,,EX,42.0N,69.5W,30,1005,,,,,,,,,,,,
AL,GORDON,2000,11,29,20000920,1800,,EX,42.5N,67.2W,30,1005,,,,,,,,,,,,
AL,GORDON,2000,11,29,20000921,0,,EX,43.0N,65.0W,30,1004,,,,,,,,,,,,
AL,GORDON,2000,11,29,20000921,600,,EX,43.5N,63.0W,30,1003,,,,,,,,,,,,
AL,HELENE,2000,12,42,20000915,1200,,TD,14.9N,52.2W,25,1010,,,,,,,,,,,,
AL,HELENE,2000,12,42,20000915,1800,,TD,15.3N,53.0W,25,1010,,,,,,,,,,,,
AL,HELENE,2000,12,42,20000916,0,,TD,15.6N,53.6W,25,1010,,,,,,,,,,,,
AL,HELENE,2000,12,42,20000916,600,,TD,15.8N,54.4W,25,1010,,,,,,,,,,,,
AL,HELENE,2000,12,42,20000916,1200,,TD,16.1N,55.9W,30,1010,,,,,,,,,,,,
AL,HELENE,2000,12,42,20000916,1800,,WV,16.4N,58.0W,30,1010,,,,,,,,,,,,
AL,HELENE,2000,12,42,20000917,0,,WV,16.6N,59.9W,30,1010,,,,,,,,,,,,
AL,HELENE,2000,12,42,20000917,600,,WV,16.6N,61.7W,30,1010,,,,,,,,,,,,
AL,HELENE,2000,12,42,20000917,1200,,WV,16.4N,63.6W,30,1010,,,,,,,,,,,,
AL,HELENE,2000,12,42,20000917,1800,,WV,16.7N,65.6W,30,1010,,,,,,,,,,,,
AL,HELENE,2000,12,42,20000918,0,,WV,17.0N,67.1W,30,1010,,,,,,,,,,,,
AL,HELENE,2000,12,42,20000918,600,,WV,17.1N,68.7W,30,1010,,,,,,,,,,,,
AL,HELENE,2000,12,42,20000918,1200,,WV,17.2N,70.6W,30,1010,,,,,,,,,,,,
AL,HELENE,2000,12,42,20000918,1800,,WV,17.4N,72.5W,30,1010,,,,,,,,,,,,
AL,HELENE,2000,12,42,20000919,0,,WV,17.6N,74.4W,30,1010,,,,,,,,,,,,
AL,HELENE,2000,12,42,20000919,600,,WV,18.3N,76.3W,30,1010,,,,,,,,,,,,
AL,HELENE,2000,12,42,20000919,1200,,WV,18.9N,78.3W,30,1010,,,,,,,,,,,,
AL,HELENE,2000,12,42,20000919,1800,,TD,19.4N,79.6W,30,1010,,,,,,,,,,,,
AL,HELENE,2000,12,42,20000920,0,,TD,19.9N,81.0W,30,1010,,,,,,,,,,,,
AL,HELENE,2000,12,42,20000920,600,,TD,20.7N,82.6W,25,1010,,,,,,,,,,,,
AL,HELENE,2000,12,42,20000920,1200,,TD,21.8N,84.3W,25,1010,,,,,,,,,,,,
AL,HELENE,2000,12,42,20000920,1800,,TD,23.0N,85.4W,25,1010,,,,,,,,,,,,
AL,HELENE,2000,12,42,20000921,0,,TD,23.9N,86.1W,25,1008,,,,,,,,,,,,
AL,HELENE,2000,12,42,20000921,600,,TS,24.9N,86.6W,35,1007,,,,,,,,,,,,
AL,HELENE,2000,12,42,20000921,1200,,TS,26.1N,87.0W,45,1006,,,,,,,,,,,,
AL,HELENE,2000,12,42,20000921,1800,,TS,27.1N,87.1W,60,999,,,,,,,,,,,,
AL,HELENE,2000,12,42,20000922,0,,TS,28.4N,87.2W,60,996,,,,,,,,,,,,
AL,HELENE,2000,12,42,20000922,600,,TS,29.5N,87.2W,50,1001,,,,,,,,,,,,
AL,HELENE,2000,12,42,20000922,1200,L,TS,30.5N,86.6W,35,1006,,,,,,,,,,,,
AL,HELENE,2000,12,42,20000922,1800,,TD,31.6N,85.4W,25,1010,,,,,,,,,,,,
AL,HELENE,2000,12,42,20000923,0,,TD,32.9N,83.5W,25,1011,,,,,,,,,,,,
AL,HELENE,2000,12,42,20000923,600,,TD,33.6N,81.7W,25,1012,,,,,,,,,,,,
AL,HELENE,2000,12,42,20000923,1200,,TD,34.4N,80.0W,25,1011,,,,,,,,,,,,
AL,HELENE,2000,12,42,20000923,1800,,TS,35.4N,78.0W,35,1010,,,,,,,,,,,,
AL,HELENE,2000,12,42,20000924,0,,TS,36.4N,76.1W,40,1008,,,,,,,,,,,,
AL,HELENE,2000,12,42,20000924,600,,TS,37.2N,74.7W,45,1005,,,,,,,,,,,,
AL,HELENE,2000,12,42,20000924,1200,,TS,38.0N,72.5W,45,1001,,,,,,,,,,,,
AL,HELENE,2000,12,42,20000924,1800,,TS,39.2N,70.1W,45,997,,,,,,,,,,,,
AL,HELENE,2000,12,42,20000925,0,,TS,40.1N,66.8W,55,993,,,,,,,,,,,,
AL,HELENE,2000,12,42,20000925,600,,TS,41.6N,62.2W,60,986,,,,,,,,,,,,
AL,HELENE,2000,12,42,20000925,1200,,TS,44.0N,55.5W,55,988,,,,,,,,,,,,
AL,HELENE,2000,12,42,20000925,1800,,TS,46.1N,48.8W,45,990,,,,,,,,,,,,
AL,ISAAC,2000,13,52,20000921,1200,,TD,11.5N,23.0W,30,1008,,,,,,,,,,,,
AL,ISAAC,2000,13,52,20000921,1800,,TD,11.9N,24.5W,30,1008,,,,,,,,,,,,
AL,ISAAC,2000,13,52,20000922,0,,TS,12.3N,25.9W,35,1005,,,,,,,,,,,,
AL,ISAAC,2000,13,52,20000922,600,,TS,12.7N,27.2W,40,1001,,,,,,,,,,,,
AL,ISAAC,2000,13,52,20000922,1200,,TS,13.1N,28.7W,45,1000,,,,,,,,,,,,
AL,ISAAC,2000,13,52,20000922,1800,,TS,13.5N,30.1W,45,1000,,,,,,,,,,,,
AL,ISAAC,2000,13,52,20000923,0,,TS,13.7N,31.2W,50,997,,,,,,,,,,,,
AL,ISAAC,2000,13,52,20000923,600,,TS,13.9N,32.3W,55,994,,,,,,,,,,,,
AL,ISAAC,2000,13,52,20000923,1200,,HU,14.3N,33.2W,70,984,,,,,,,,,,,,
AL,ISAAC,2000,13,52,20000923,1800,,HU,14.6N,34.2W,85,973,,,,,,,,,,,,
AL,ISAAC,2000,13,52,20000924,0,,HU,14.9N,35.0W,105,960,,,,,,,,,,,,
AL,ISAAC,2000,13,52,20000924,600,,HU,15.1N,35.8W,100,960,,,,,,,,,,,,
AL,ISAAC,2000,13,52,20000924,1200,,HU,15.5N,36.8W,100,960,,,,,,,,,,,,
AL,ISAAC,2000,13,52,20000924,1800,,HU,15.8N,37.8W,100,960,,,,,,,,,,,,
AL,ISAAC,2000,13,52,20000925,0,,HU,16.3N,38.6W,95,965,,,,,,,,,,,,
AL,ISAAC,2000,13,52,20000925,600,,HU,16.7N,39.5W,95,965,,,,,,,,,,,,
AL,ISAAC,2000,13,52,20000925,1200,,HU,17.2N,40.4W,90,970,,,,,,,,,,,,
AL,ISAAC,2000,13,52,20000925,1800,,HU,17.6N,41.2W,90,970,,,,,,,,,,,,
AL,ISAAC,2000,13,52,20000926,0,,HU,17.9N,42.0W,90,970,,,,,,,,,,,,
AL,ISAAC,2000,13,52,20000926,600,,HU,18.3N,42.9W,85,973,,,,,,,,,,,,
AL,ISAAC,2000,13,52,20000926,1200,,HU,18.6N,43.9W,75,980,,,,,,,,,,,,
AL,ISAAC,2000,13,52,20000926,1800,,HU,19.1N,45.0W,75,980,,,,,,,,,,,,
AL,ISAAC,2000,13,52,20000927,0,,HU,19.6N,46.0W,80,977,,,,,,,,,,,,
AL,ISAAC,2000,13,52,20000927,600,,HU,20.4N,47.0W,85,973,,,,,,,,,,,,
AL,ISAAC,2000,13,52,20000927,1200,,HU,21.0N,48.1W,90,970,,,,,,,,,,,,
AL,ISAAC,2000,13,52,20000927,1800,,HU,21.9N,49.5W,95,965,,,,,,,,,,,,
AL,ISAAC,2000,13,52,20000928,0,,HU,22.8N,50.6W,100,960,,,,,,,,,,,,
AL,ISAAC,2000,13,52,20000928,600,,HU,23.8N,52.0W,105,955,,,,,,,,,,,,
AL,ISAAC,2000,13,52,20000928,1200,,HU,25.0N,52.9W,110,950,,,,,,,,,,,,
AL,ISAAC,2000,13,52,20000928,1800,,HU,26.6N,54.2W,120,943,,,,,,,,,,,,
AL,ISAAC,2000,13,52,20000929,0,,HU,28.0N,55.1W,115,948,,,,,,,,,,,,
AL,ISAAC,2000,13,52,20000929,600,,HU,29.7N,55.9W,110,950,,,,,,,,,,,,
AL,ISAAC,2000,13,52,20000929,1200,,HU,31.2N,56.2W,105,955,,,,,,,,,,,,
AL,ISAAC,2000,13,52,20000929,1800,,HU,32.9N,55.9W,90,965,,,,,,,,,,,,
AL,ISAAC,2000,13,52,20000930,0,,HU,34.4N,55.2W,85,970,,,,,,,,,,,,
AL,ISAAC,2000,13,52,20000930,600,,HU,35.7N,54.0W,80,975,,,,,,,,,,,,
AL,ISAAC,2000,13,52,20000930,1200,,HU,37.0N,51.8W,75,979,,,,,,,,,,,,
AL,ISAAC,2000,13,52,20000930,1800,,HU,38.3N,49.8W,70,985,,,,,,,,,,,,
AL,ISAAC,2000,13,52,20001001,0,,HU,39.7N,47.9W,65,987,,,,,,,,,,,,
AL,ISAAC,2000,13,52,20001001,600,,TS,40.9N,45.7W,60,990,,,,,,,,,,,,
AL,ISAAC,2000,13,52,20001001,1200,,TS,42.1N,43.6W,55,990,,,,,,,,,,,,
AL,ISAAC,2000,13,52,20001001,1800,,EX,43.5N,39.5W,55,990,,,,,,,,,,,,
AL,ISAAC,2000,13,52,20001002,0,,EX,44.5N,36.5W,55,982,,,,,,,,,,,,
AL,ISAAC,2000,13,52,20001002,600,,EX,45.7N,33.0W,60,972,,,,,,,,,,,,
AL,ISAAC,2000,13,52,20001002,1200,,EX,47.0N,29.0W,60,975,,,,,,,,,,,,
AL,ISAAC,2000,13,52,20001002,1800,,EX,48.5N,25.0W,60,976,,,,,,,,,,,,
AL,ISAAC,2000,13,52,20001003,0,,EX,49.5N,20.5W,60,976,,,,,,,,,,,,
AL,ISAAC,2000,13,52,20001003,600,,EX,50.5N,16.5W,60,978,,,,,,,,,,,,
AL,ISAAC,2000,13,52,20001003,1200,,EX,52.0N,12.0W,55,982,,,,,,,,,,,,
AL,ISAAC,2000,13,52,20001003,1800,,EX,55.0N,9.0W,45,988,,,,,,,,,,,,
AL,ISAAC,2000,13,52,20001004,0,,EX,58.0N,6.0W,45,989,,,,,,,,,,,,
AL,ISAAC,2000,13,52,20001004,600,,EX,62.0N,4.0W,45,994,,,,,,,,,,,,
AL,JOYCE,2000,14,28,20000925,1200,,TD,11.2N,29.6W,25,1009,,,,,,,,,,,,
AL,JOYCE,2000,14,28,20000925,1800,,TD,11.4N,30.7W,30,1009,,,,,,,,,,,,
AL,JOYCE,2000,14,28,20000926,0,,TS,11.5N,31.9W,35,1008,,,,,,,,,,,,
AL,JOYCE,2000,14,28,20000926,600,,TS,11.6N,33.0W,35,1007,,,,,,,,,,,,
AL,JOYCE,2000,14,28,20000926,1200,,TS,11.6N,34.1W,35,1005,,,,,,,,,,,,
AL,JOYCE,2000,14,28,20000926,1800,,TS,11.7N,35.3W,40,1002,,,,,,,,,,,,
AL,JOYCE,2000,14,28,20000927,0,,TS,12.1N,36.4W,50,998,,,,,,,,,,,,
AL,JOYCE,2000,14,28,20000927,600,,TS,12.2N,37.6W,55,993,,,,,,,,,,,,
AL,JOYCE,2000,14,28,20000927,1200,,HU,12.4N,38.8W,65,985,,,,,,,,,,,,
AL,JOYCE,2000,14,28,20000927,1800,,HU,12.5N,40.1W,70,978,,,,,,,,,,,,
AL,JOYCE,2000,14,28,20000928,0,,HU,12.4N,41.3W,75,976,,,,,,,,,,,,
AL,JOYCE,2000,14,28,20000928,600,,HU,12.2N,42.5W,80,975,,,,,,,,,,,,
AL,JOYCE,2000,14,28,20000928,1200,,HU,11.7N,43.8W,80,975,,,,,,,,,,,,
AL,JOYCE,2000,14,28,20000928,1800,,HU,11.3N,45.0W,75,976,,,,,,,,,,,,
AL,JOYCE,2000,14,28,20000929,0,,HU,10.9N,46.1W,75,977,,,,,,,,,,,,
AL,JOYCE,2000,14,28,20000929,600,,HU,10.7N,47.2W,70,980,,,,,,,,,,,,
AL,JOYCE,2000,14,28,20000929,1200,,HU,10.5N,48.6W,65,984,,,,,,,,,,,,
AL,JOYCE,2000,14,28,20000929,1800,,TS,10.5N,50.1W,60,988,,,,,,,,,,,,
AL,JOYCE,2000,14,28,20000930,0,,TS,10.4N,51.7W,55,992,,,,,,,,,,,,
AL,JOYCE,2000,14,28,20000930,600,,TS,10.3N,53.3W,50,996,,,,,,,,,,,,
AL,JOYCE,2000,14,28,20000930,1200,,TS,10.3N,54.9W,45,1000,,,,,,,,,,,,
AL,JOYCE,2000,14,28,20000930,1800,,TS,10.5N,56.6W,40,1003,,,,,,,,,,,,
AL,JOYCE,2000,14,28,20001001,0,,TS,10.7N,58.0W,40,1005,,,,,,,,,,,,
AL,JOYCE,2000,14,28,20001001,600,,TS,11.0N,59.5W,35,1006,,,,,,,,,,,,
AL,JOYCE,2000,14,28,20001001,1200,,TS,11.3N,60.9W,35,1007,,,,,,,,,,,,
AL,JOYCE,2000,14,28,20001001,1800,,TD,11.7N,62.3W,30,1008,,,,,,,,,,,,
AL,JOYCE,2000,14,28,20001002,0,,TD,11.9N,63.5W,30,1009,,,,,,,,,,,,
AL,JOYCE,2000,14,28,20001002,600,,TD,11.9N,64.9W,25,1009,,,,,,,,,,,,
AL,KEITH,2000,15,35,20000928,1800,,TD,16.1N,82.9W,25,1005,,,,,,,,,,,,
AL,KEITH,2000,15,35,20000929,0,,TD,16.2N,83.3W,25,1004,,,,,,,,,,,,
AL,KEITH,2000,15,35,20000929,600,,TD,16.6N,83.6W,30,1003,,,,,,,,,,,,
AL,KEITH,2000,15,35,20000929,1200,,TD,16.9N,84.0W,30,1002,,,,,,,,,,,,
AL,KEITH,2000,15,35,20000929,1800,,TS,17.4N,84.8W,40,1000,,,,,,,,,,,,
AL,KEITH,2000,15,35,20000930,0,,TS,17.7N,85.4W,45,993,,,,,,,,,,,,
AL,KEITH,2000,15,35,20000930,600,,TS,17.9N,86.0W,55,987,,,,,,,,,,,,
AL,KEITH,2000,15,35,20000930,1200,,HU,17.9N,86.4W,65,982,,,,,,,,,,,,
AL,KEITH,2000,15,35,20000930,1800,,HU,17.9N,86.7W,75,977,,,,,,,,,,,,
AL,KEITH,2000,15,35,20001001,0,,HU,17.9N,86.9W,100,955,,,,,,,,,,,,
AL,KEITH,2000,15,35,20001001,600,,HU,17.9N,87.2W,120,941,,,,,,,,,,,,
AL,KEITH,2000,15,35,20001001,700,I,HU,17.9N,87.3W,120,939,,,,,,,,,,,,
AL,KEITH,2000,15,35,20001001,1200,,HU,17.9N,87.4W,115,944,,,,,,,,,,,,
AL,KEITH,2000,15,35,20001001,1800,,HU,17.9N,87.7W,110,950,,,,,,,,,,,,
AL,KEITH,2000,15,35,20001002,0,,HU,17.8N,87.9W,100,959,,,,,,,,,,,,
AL,KEITH,2000,15,35,20001002,600,,HU,17.6N,87.8W,80,974,,,,,,,,,,,,
AL,KEITH,2000,15,35,20001002,1200,,HU,17.7N,87.8W,70,980,,,,,,,,,,,,
AL,KEITH,2000,15,35,20001002,1800,,HU,17.7N,87.9W,65,987,,,,,,,,,,,,
AL,KEITH,2000,15,35,20001002,2300,L,HU,17.9N,88.0W,65,988,,,,,,,,,,,,
AL,KEITH,2000,15,35,20001003,0,,TS,17.9N,88.0W,60,989,,,,,,,,,,,,
AL,KEITH,2000,15,35,20001003,300,L,TS,17.9N,88.2W,60,990,,,,,,,,,,,,
AL,KEITH,2000,15,35,20001003,600,,TS,18.0N,88.4W,45,990,,,,,,,,,,,,
AL,KEITH,2000,15,35,20001003,1200,,TD,18.3N,88.8W,30,995,,,,,,,,,,,,
AL,KEITH,2000,15,35,20001003,1800,,TD,18.6N,89.5W,30,998,,,,,,,,,,,,
AL,KEITH,2000,15,35,20001004,0,,TD,19.0N,90.4W,25,1000,,,,,,,,,,,,
AL,KEITH,2000,15,35,20001004,600,,TD,19.5N,91.4W,30,1000,,,,,,,,,,,,
AL,KEITH,2000,15,35,20001004,1200,,TS,19.9N,92.5W,35,999,,,,,,,,,,,,
AL,KEITH,2000,15,35,20001004,1800,,TS,20.3N,93.5W,40,996,,,,,,,,,,,,
AL,KEITH,2000,15,35,20001005,0,,TS,20.7N,94.8W,60,988,,,,,,,,,,,,
AL,KEITH,2000,15,35,20001005,600,,HU,21.2N,96.1W,65,987,,,,,,,,,,,,
AL,KEITH,2000,15,35,20001005,1200,,HU,21.8N,97.0W,75,983,,,,,,,,,,,,
AL,KEITH,2000,15,35,20001005,1800,L,HU,22.6N,97.9W,80,980,,,,,,,,,,,,
AL,KEITH,2000,15,35,20001006,0,,TS,23.2N,99.0W,45,988,,,,,,,,,,,,
AL,KEITH,2000,15,35,20001006,600,,TD,23.5N,100.0W,30,1002,,,,,,,,,,,,
AL,KEITH,2000,15,35,20001006,1200,,TD,23.8N,101.0W,20,1007,,,,,,,,,,,,
AL,LESLIE,2000,16,26,20001004,1200,,SD,29.0N,81.4W,30,1012,,,,,,,,,,,,
AL,LESLIE,2000,16,26,20001004,1800,,SD,29.5N,80.8W,30,1012,,,,,,,,,,,,
AL,LESLIE,2000,16,26,20001005,0,,SD,29.7N,79.9W,30,1010,,,,,,,,,,,,
AL,LESLIE,2000,16,26,20001005,600,,SD,29.8N,78.6W,30,1010,,,,,,,,,,,,
AL,LESLIE,2000,16,26,20001005,1200,,TS,29.9N,77.3W,35,1009,,,,,,,,,,,,
AL,LESLIE,2000,16,26,20001005,1800,,TS,30.2N,75.9W,35,1009,,,,,,,,,,,,
AL,LESLIE,2000,16,26,20001006,0,,TS,30.3N,74.3W,35,1010,,,,,,,,,,,,
AL,LESLIE,2000,16,26,20001006,600,,TS,30.6N,73.1W,40,1006,,,,,,,,,,,,
AL,LESLIE,2000,16,26,20001006,1200,,TS,30.9N,72.4W,40,1007,,,,,,,,,,,,
AL,LESLIE,2000,16,26,20001006,1800,,TS,31.3N,71.8W,40,1007,,,,,,,,,,,,
AL,LESLIE,2000,16,26,20001007,0,,TS,32.1N,70.7W,40,1006,,,,,,,,,,,,
AL,LESLIE,2000,16,26,20001007,600,,TS,33.1N,69.6W,40,1006,,,,,,,,,,,,
AL,LESLIE,2000,16,26,20001007,1200,,TS,35.4N,68.3W,40,1006,,,,,,,,,,,,
AL,LESLIE,2000,16,26,20001007,1800,,EX,37.4N,66.7W,40,1005,,,,,,,,,,,,
AL,LESLIE,2000,16,26,20001008,0,,EX,40.0N,64.0W,40,1004,,,,,,,,,,,,
AL,LESLIE,2000,16,26,20001008,600,,EX,43.0N,60.0W,40,1003,,,,,,,,,,,,
AL,LESLIE,2000,16,26,20001008,1200,,EX,46.0N,57.0W,40,1003,,,,,,,,,,,,
AL,LESLIE,2000,16,26,20001008,1800,,EX,49.0N,54.0W,35,1005,,,,,,,,,,,,
AL,LESLIE,2000,16,26,20001009,0,,EX,51.0N,50.0W,35,1007,,,,,,,,,,,,
AL,LESLIE,2000,16,26,20001009,600,,EX,53.0N,46.0W,35,1006,,,,,,,,,,,,
AL,LESLIE,2000,16,26,20001009,1200,,EX,55.0N,41.0W,35,1005,,,,,,,,,,,,
AL,LESLIE,2000,16,26,20001009,1800,,EX,56.0N,36.0W,35,1003,,,,,,,,,,,,
AL,LESLIE,2000,16,26,20001010,0,,EX,56.0N,30.0W,40,999,,,,,,,,,,,,
AL,LESLIE,2000,16,26,20001010,600,,EX,55.0N,24.0W,50,987,,,,,,,,,,,,
AL,LESLIE,2000,16,26,20001010,1200,,EX,54.0N,17.0W,55,980,,,,,,,,,,,,
AL,LESLIE,2000,16,26,20001010,1800,,EX,53.0N,10.0W,60,973,,,,,,,,,,,,
AL,MICHAEL,2000,17,22,20001015,1200,,SD,30.0N,71.2W,30,1007,,,,,,,,,,,,
AL,MICHAEL,2000,17,22,20001015,1800,,SD,30.0N,71.5W,30,1006,,,,,,,,,,,,
AL,MICHAEL,2000,17,22,20001016,0,,SS,29.9N,71.8W,35,1005,,,,,,,,,,,,
AL,MICHAEL,2000,17,22,20001016,600,,SS,29.9N,71.9W,35,1005,,,,,,,,,,,,
AL,MICHAEL,2000,17,22,20001016,1200,,SS,29.7N,71.7W,35,1005,,,,,,,,,,,,
AL,MICHAEL,2000,17,22,20001016,1800,,SS,29.8N,71.4W,35,1004,,,,,,,,,,,,
AL,MICHAEL,2000,17,22,20001017,0,,TS,29.9N,71.1W,35,1003,,,,,,,,,,,,
AL,MICHAEL,2000,17,22,20001017,600,,TS,29.8N,71.0W,45,1000,,,,,,,,,,,,
AL,MICHAEL,2000,17,22,20001017,1200,,TS,29.8N,70.9W,55,995,,,,,,,,,,,,
AL,MICHAEL,2000,17,22,20001017,1800,,HU,30.1N,70.9W,65,988,,,,,,,,,,,,
AL,MICHAEL,2000,17,22,20001018,0,,HU,30.4N,70.9W,65,988,,,,,,,,,,,,
AL,MICHAEL,2000,17,22,20001018,600,,HU,30.8N,70.8W,65,986,,,,,,,,,,,,
AL,MICHAEL,2000,17,22,20001018,1200,,HU,31.5N,70.4W,65,984,,,,,,,,,,,,
AL,MICHAEL,2000,17,22,20001018,1800,,HU,32.6N,69.5W,70,979,,,,,,,,,,,,
AL,MICHAEL,2000,17,22,20001019,0,,HU,34.2N,67.8W,75,983,,,,,,,,,,,,
AL,MICHAEL,2000,17,22,20001019,600,,HU,36.3N,65.5W,65,986,,,,,,,,,,,,
AL,MICHAEL,2000,17,22,20001019,1200,,HU,39.8N,61.6W,75,979,,,,,,,,,,,,
AL,MICHAEL,2000,17,22,20001019,1800,,HU,44.0N,58.5W,85,965,,,,,,,,,,,,
AL,MICHAEL,2000,17,22,20001020,0,,EX,48.0N,56.5W,75,966,,,,,,,,,,,,
AL,MICHAEL,2000,17,22,20001020,600,,EX,50.0N,56.0W,70,966,,,,,,,,,,,,
AL,MICHAEL,2000,17,22,20001020,1200,,EX,51.0N,53.5W,65,968,,,,,,,,,,,,
AL,MICHAEL,2000,17,22,20001020,1800,,EX,52.0N,50.5W,60,970,,,,,,,,,,,,
AL,NADINE,2000,18,13,20001019,1200,,TD,26.2N,59.9W,25,1009,,,,,,,,,,,,
AL,NADINE,2000,18,13,20001019,1800,,TD,27.5N,59.4W,30,1008,,,,,,,,,,,,
AL,NADINE,2000,18,13,20001020,0,,TD,28.7N,58.8W,30,1008,,,,,,,,,,,,
AL,NADINE,2000,18,13,20001020,600,,TD,29.7N,58.0W,30,1005,,,,,,,,,,,,
AL,NADINE,2000,18,13,20001020,1200,,TS,30.4N,57.2W,35,1003,,,,,,,,,,,,
AL,NADINE,2000,18,13,20001020,1800,,TS,31.4N,56.3W,40,1000,,,,,,,,,,,,
AL,NADINE,2000,18,13,20001021,0,,TS,32.4N,55.2W,50,999,,,,,,,,,,,,
AL,NADINE,2000,18,13,20001021,600,,TS,33.3N,53.5W,50,1000,,,,,,,,,,,,
AL,NADINE,2000,18,13,20001021,1200,,TS,34.1N,52.3W,50,1000,,,,,,,,,,,,
AL,NADINE,2000,18,13,20001021,1800,,TS,34.8N,51.3W,45,1000,,,,,,,,,,,,
AL,NADINE,2000,18,13,20001022,0,,EX,35.7N,50.5W,40,1004,,,,,,,,,,,,
AL,NADINE,2000,18,13,20001022,600,,EX,37.0N,49.0W,40,1005,,,,,,,,,,,,
AL,NADINE,2000,18,13,20001022,1200,,EX,39.0N,47.0W,35,1005,,,,,,,,,,,,
AL,UNNAMED,2000,19,20,20001025,0,,EX,21.5N,69.5W,30,1009,,,,,,,,,,,,
AL,UNNAMED,2000,19,20,20001025,600,,EX,22.5N,70.0W,35,1007,,,,,,,,,,,,
AL,UNNAMED,2000,19,20,20001025,1200,,EX,23.5N,70.9W,35,1006,,,,,,,,,,,,
AL,UNNAMED,2000,19,20,20001025,1800,,SS,24.5N,71.7W,35,1005,,,,,,,,,,,,
AL,UNNAMED,2000,19,20,20001026,0,,SS,25.7N,71.7W,35,1004,,,,,,,,,,,,
AL,UNNAMED,2000,19,20,20001026,600,,SS,26.6N,71.7W,35,1003,,,,,,,,,,,,
AL,UNNAMED,2000,19,20,20001026,1200,,SS,27.4N,71.8W,40,1002,,,,,,,,,,,,
AL,UNNAMED,2000,19,20,20001026,1800,,SS,28.3N,72.1W,45,1000,,,,,,,,,,,,
AL,UNNAMED,2000,19,20,20001027,0,,SS,29.2N,72.5W,50,997,,,,,,,,,,,,
AL,UNNAMED,2000,19,20,20001027,600,,SS,30.0N,72.6W,50,997,,,,,,,,,,,,
AL,UNNAMED,2000,19,20,20001027,1200,,SS,30.9N,72.5W,50,997,,,,,,,,,,,,
AL,UNNAMED,2000,19,20,20001027,1800,,SS,32.6N,71.6W,50,996,,,,,,,,,,,,
AL,UNNAMED,2000,19,20,20001028,0,,SS,34.2N,70.7W,50,994,,,,,,,,,,,,
AL,UNNAMED,2000,19,20,20001028,600,,SS,35.7N,69.9W,50,992,,,,,,,,,,,,
AL,UNNAMED,2000,19,20,20001028,1200,,SS,36.5N,68.1W,50,990,,,,,,,,,,,,
AL,UNNAMED,2000,19,20,20001028,1800,,SS,38.0N,65.5W,55,984,,,,,,,,,,,,
AL,UNNAMED,2000,19,20,20001029,0,,SS,40.5N,62.6W,55,978,,,,,,,,,,,,
AL,UNNAMED,2000,19,20,20001029,200,I,SS,41.7N,61.6W,55,976,,,,,,,,,,,,
AL,UNNAMED,2000,19,20,20001029,600,,EX,44.0N,60.0W,50,980,,,,,,,,,,,,
AL,UNNAMED,2000,19,20,20001029,1200,,EX,46.0N,59.5W,45,992,,,,,,,,,,,,
AL,ALLISON,2001,1,57,20010605,1200,,TS,27.5N,95.0W,40,1007,,,,,,,,,,,,
AL,ALLISON,2001,1,57,20010605,1800,,TS,28.5N,95.3W,50,1002,,,,,,,,,,,,
AL,ALLISON,2001,1,57,20010605,2100,L,TS,28.9N,95.3W,45,1003,,,,,,,,,,,,
AL,ALLISON,2001,1,57,20010606,0,,TS,29.3N,95.3W,45,1003,,,,,,,,,,,,
AL,ALLISON,2001,1,57,20010606,600,,TD,30.1N,95.2W,30,1006,,,,,,,,,,,,
AL,ALLISON,2001,1,57,20010606,1200,,TD,31.0N,95.2W,20,1005,,,,,,,,,,,,
AL,ALLISON,2001,1,57,20010606,1800,,TD,31.5N,95.0W,20,1005,,,,,,,,,,,,
AL,ALLISON,2001,1,57,20010607,0,,TD,31.6N,95.0W,20,1005,,,,,,,,,,,,
AL,ALLISON,2001,1,57,20010607,600,,TD,31.8N,94.9W,20,1006,,,,,,,,,,,,
AL,ALLISON,2001,1,57,20010607,1200,,TD,31.4N,94.9W,20,1006,,,,,,,,,,,,
AL,ALLISON,2001,1,57,20010607,1800,,TD,31.1N,95.0W,15,1007,,,,,,,,,,,,
AL,ALLISON,2001,1,57,20010608,0,,TD,30.9N,95.6W,15,1002,,,,,,,,,,,,
AL,ALLISON,2001,1,57,20010608,600,,TD,30.7N,96.1W,20,1004,,,,,,,,,,,,
AL,ALLISON,2001,1,57,20010608,1200,,TD,30.4N,96.2W,20,1007,,,,,,,,,,,,
AL,ALLISON,2001,1,57,20010608,1800,,TD,30.2N,96.1W,20,1007,,,,,,,,,,,,
AL,ALLISON,2001,1,57,20010609,0,,TD,29.9N,95.9W,20,1007,,,,,,,,,,,,
AL,ALLISON,2001,1,57,20010609,600,,TD,29.6N,95.8W,20,1007,,,,,,,,,,,,
AL,ALLISON,2001,1,57,20010609,1200,,TD,29.3N,95.8W,20,1007,,,,,,,,,,,,
AL,ALLISON,2001,1,57,20010609,1800,,TD,28.9N,95.6W,20,1008,,,,,,,,,,,,
AL,ALLISON,2001,1,57,20010610,0,,SD,28.6N,95.2W,20,1008,,,,,,,,,,,,
AL,ALLISON,2001,1,57,20010610,600,,SD,28.6N,94.7W,25,1007,,,,,,,,,,,,
AL,ALLISON,2001,1,57,20010610,1200,,SD,28.7N,94.3W,25,1006,,,,,,,,,,,,
AL,ALLISON,2001,1,57,20010610,1800,,SD,28.8N,93.5W,30,1006,,,,,,,,,,,,
AL,ALLISON,2001,1,57,20010611,0,,SD,29.1N,92.3W,30,1005,,,,,,,,,,,,
AL,ALLISON,2001,1,57,20010611,200,L,SD,29.6N,91.6W,30,1004,,,,,,,,,,,,
AL,ALLISON,2001,1,57,20010611,600,,SS,30.0N,90.5W,35,1003,,,,,,,,,,,,
AL,ALLISON,2001,1,57,20010611,1200,,SS,30.7N,89.4W,40,1000,,,,,,,,,,,,
AL,ALLISON,2001,1,57,20010611,1800,,SS,31.0N,88.4W,35,1002,,,,,,,,,,,,
AL,ALLISON,2001,1,57,20010612,0,,SD,31.3N,87.4W,25,1004,,,,,,,,,,,,
AL,ALLISON,2001,1,57,20010612,600,,SD,31.8N,86.1W,20,1005,,,,,,,,,,,,
AL,ALLISON,2001,1,57,20010612,1200,,SD,32.4N,84.7W,20,1006,,,,,,,,,,,,
AL,ALLISON,2001,1,57,20010612,1800,,SD,32.8N,83.6W,20,1006,,,,,,,,,,,,
AL,ALLISON,2001,1,57,20010613,0,,SD,33.1N,82.6W,20,1006,,,,,,,,,,,,
AL,ALLISON,2001,1,57,20010613,600,,SD,33.4N,81.6W,25,1004,,,,,,,,,,,,
AL,ALLISON,2001,1,57,20010613,1200,,SD,33.7N,80.7W,25,1005,,,,,,,,,,,,
AL,ALLISON,2001,1,57,20010613,1800,,SD,34.0N,79.6W,25,1006,,,,,,,,,,,,
AL,ALLISON,2001,1,57,20010614,0,,SD,34.3N,78.5W,25,1006,,,,,,,,,,,,
AL,ALLISON,2001,1,57,20010614,600,,SD,34.6N,77.9W,25,1006,,,,,,,,,,,,
AL,ALLISON,2001,1,57,20010614,1200,,SD,34.7N,77.7W,25,1007,,,,,,,,,,,,
AL,ALLISON,2001,1,57,20010614,1800,,SD,34.6N,77.6W,25,1008,,,,,,,,,,,,
AL,ALLISON,2001,1,57,20010615,0,,SD,34.6N,77.2W,25,1008,,,,,,,,,,,,
AL,ALLISON,2001,1,57,20010615,600,,SD,34.9N,77.0W,25,1008,,,,,,,,,,,,
AL,ALLISON,2001,1,57,20010615,1200,,SD,35.5N,76.9W,25,1008,,,,,,,,,,,,
AL,ALLISON,2001,1,57,20010615,1800,,SD,35.9N,76.8W,25,1009,,,,,,,,,,,,
AL,ALLISON,2001,1,57,20010616,0,,SD,36.3N,76.6W,25,1007,,,,,,,,,,,,
AL,ALLISON,2001,1,57,20010616,600,,SD,36.6N,76.2W,25,1007,,,,,,,,,,,,
AL,ALLISON,2001,1,57,20010616,1200,,SD,36.8N,75.9W,25,1007,,,,,,,,,,,,
AL,ALLISON,2001,1,57,20010616,1800,,SD,37.2N,75.5W,25,1006,,,,,,,,,,,,
AL,ALLISON,2001,1,57,20010617,0,,SD,37.8N,75.4W,25,1006,,,,,,,,,,,,
AL,ALLISON,2001,1,57,20010617,600,,SD,38.6N,74.5W,30,1005,,,,,,,,,,,,
AL,ALLISON,2001,1,57,20010617,1200,,SS,39.3N,73.4W,40,1004,,,,,,,,,,,,
AL,ALLISON,2001,1,57,20010617,1800,,SS,40.0N,72.1W,35,1005,,,,,,,,,,,,
AL,ALLISON,2001,1,57,20010618,0,,EX,40.6N,70.8W,30,1006,,,,,,,,,,,,
AL,ALLISON,2001,1,57,20010618,600,,EX,41.3N,69.4W,30,1008,,,,,,,,,,,,
AL,ALLISON,2001,1,57,20010618,1200,,EX,42.0N,67.4W,30,1009,,,,,,,,,,,,
AL,ALLISON,2001,1,57,20010618,1800,,EX,42.7N,64.6W,25,1011,,,,,,,,,,,,
AL,ALLISON,2001,1,57,20010619,0,,EX,43.5N,61.0W,20,1012,,,,,,,,,,,,
AL,UNNAMED,2001,2,5,20010711,1800,,TD,10.9N,42.1W,25,1011,,,,,,,,,,,,
AL,UNNAMED,2001,2,5,20010712,0,,TD,11.4N,43.8W,25,1010,,,,,,,,,,,,
AL,UNNAMED,2001,2,5,20010712,600,,TD,11.8N,45.3W,25,1011,,,,,,,,,,,,
AL,UNNAMED,2001,2,5,20010712,1200,,TD,12.5N,46.9W,25,1011,,,,,,,,,,,,
AL,UNNAMED,2001,2,5,20010712,1800,,TD,13.1N,48.5W,25,1012,,,,,,,,,,,,
AL,BARRY,2001,3,25,20010802,1200,,TD,25.7N,84.8W,30,1011,,,,,,,,,,,,
AL,BARRY,2001,3,25,20010802,1800,,TS,26.2N,84.9W,45,1010,,,,,,,,,,,,
AL,BARRY,2001,3,25,20010803,0,,TS,26.4N,85.6W,40,1007,,,,,,,,,,,,
AL,BARRY,2001,3,25,20010803,600,,TS,26.6N,86.3W,35,1008,,,,,,,,,,,,
AL,BARRY,2001,3,25,20010803,1200,,TS,26.9N,87.0W,35,1007,,,,,,,,,,,,
AL,BARRY,2001,3,25,20010803,1800,,TS,26.8N,87.2W,35,1007,,,,,,,,,,,,
AL,BARRY,2001,3,25,20010804,0,,TD,26.7N,87.5W,30,1005,,,,,,,,,,,,
AL,BARRY,2001,3,25,20010804,600,,TD,26.6N,87.8W,30,1005,,,,,,,,,,,,
AL,BARRY,2001,3,25,20010804,1200,,TD,26.9N,87.7W,30,1006,,,,,,,,,,,,
AL,BARRY,2001,3,25,20010804,1800,,TS,27.1N,87.5W,35,1005,,,,,,,,,,,,
AL,BARRY,2001,3,25,20010805,0,,TS,27.3N,87.3W,35,1003,,,,,,,,,,,,
AL,BARRY,2001,3,25,20010805,600,,TS,27.5N,86.7W,40,1004,,,,,,,,,,,,
AL,BARRY,2001,3,25,20010805,1200,,TS,28.1N,86.4W,50,990,,,,,,,,,,,,
AL,BARRY,2001,3,25,20010805,1800,,TS,28.6N,86.4W,60,991,,,,,,,,,,,,
AL,BARRY,2001,3,25,20010806,0,,TS,29.5N,86.3W,60,992,,,,,,,,,,,,
AL,BARRY,2001,3,25,20010806,500,L,TS,30.4N,86.3W,60,990,,,,,,,,,,,,
AL,BARRY,2001,3,25,20010806,600,,TS,30.6N,86.4W,60,991,,,,,,,,,,,,
AL,BARRY,2001,3,25,20010806,1200,,TD,31.8N,86.9W,25,1007,,,,,,,,,,,,
AL,BARRY,2001,3,25,20010806,1800,,TD,32.7N,87.7W,20,1009,,,,,,,,,,,,
AL,BARRY,2001,3,25,20010807,0,,TD,33.3N,88.5W,15,1012,,,,,,,,,,,,
AL,BARRY,2001,3,25,20010807,600,,LO,34.0N,89.1W,15,1015,,,,,,,,,,,,
AL,BARRY,2001,3,25,20010807,1200,,LO,34.7N,89.7W,10,1017,,,,,,,,,,,,
AL,BARRY,2001,3,25,20010807,1800,,LO,35.6N,89.8W,10,1018,,,,,,,,,,,,
AL,BARRY,2001,3,25,20010808,0,,LO,36.6N,89.9W,10,1016,,,,,,,,,,,,
AL,BARRY,2001,3,25,20010808,600,,LO,37.5N,90.0W,10,1017,,,,,,,,,,,,
AL,CHANTAL,2001,4,33,20010814,1800,,TD,12.8N,37.0W,25,1010,,,,,,,,,,,,
AL,CHANTAL,2001,4,33,20010815,0,,TD,12.9N,39.3W,25,1010,,,,,,,,,,,,
AL,CHANTAL,2001,4,33,20010815,600,,TD,12.6N,41.6W,25,1010,,,,,,,,,,,,
AL,CHANTAL,2001,4,33,20010815,1200,,TD,12.3N,43.9W,30,1010,,,,,,,,,,,,
AL,CHANTAL,2001,4,33,20010815,1800,,TD,12.3N,46.3W,30,1010,,,,,,,,,,,,
AL,CHANTAL,2001,4,33,20010816,0,,TD,12.4N,48.8W,30,1010,,,,,,,,,,,,
AL,CHANTAL,2001,4,33,20010816,600,,TD,12.4N,51.3W,30,1011,,,,,,,,,,,,
AL,CHANTAL,2001,4,33,20010816,1200,,WV,12.7N,53.9W,30,1012,,,,,,,,,,,,
AL,CHANTAL,2001,4,33,20010816,1800,,WV,12.7N,57.2W,30,1012,,,,,,,,,,,,
AL,CHANTAL,2001,4,33,20010817,0,,WV,13.1N,60.6W,35,1011,,,,,,,,,,,,
AL,CHANTAL,2001,4,33,20010817,600,,WV,13.3N,62.8W,35,1011,,,,,,,,,,,,
AL,CHANTAL,2001,4,33,20010817,1200,,TS,13.7N,64.6W,35,1010,,,,,,,,,,,,
AL,CHANTAL,2001,4,33,20010817,1800,,TS,14.2N,66.4W,35,1006,,,,,,,,,,,,
AL,CHANTAL,2001,4,33,20010818,0,,TS,14.4N,68.2W,45,1004,,,,,,,,,,,,
AL,CHANTAL,2001,4,33,20010818,600,,TS,14.6N,70.4W,55,1003,,,,,,,,,,,,
AL,CHANTAL,2001,4,33,20010818,1200,,TS,14.8N,72.9W,50,1006,,,,,,,,,,,,
AL,CHANTAL,2001,4,33,20010818,1800,,TS,15.3N,75.2W,50,1003,,,,,,,,,,,,
AL,CHANTAL,2001,4,33,20010819,0,,TS,15.3N,77.2W,55,1002,,,,,,,,,,,,
AL,CHANTAL,2001,4,33,20010819,600,,TS,15.4N,78.4W,60,997,,,,,,,,,,,,
AL,CHANTAL,2001,4,33,20010819,1200,,TS,15.7N,79.6W,60,1004,,,,,,,,,,,,
AL,CHANTAL,2001,4,33,20010819,1800,,TS,16.2N,81.1W,55,1005,,,,,,,,,,,,
AL,CHANTAL,2001,4,33,20010820,0,,TS,16.7N,82.6W,50,1007,,,,,,,,,,,,
AL,CHANTAL,2001,4,33,20010820,600,,TS,17.1N,84.1W,50,1008,,,,,,,,,,,,
AL,CHANTAL,2001,4,33,20010820,1200,,TS,17.5N,85.6W,50,1007,,,,,,,,,,,,
AL,CHANTAL,2001,4,33,20010820,1800,,TS,17.9N,86.7W,55,1006,,,,,,,,,,,,
AL,CHANTAL,2001,4,33,20010821,0,,TS,18.1N,87.7W,60,1000,,,,,,,,,,,,
AL,CHANTAL,2001,4,33,20010821,200,L,TS,18.1N,87.8W,60,999,,,,,,,,,,,,
AL,CHANTAL,2001,4,33,20010821,600,,TS,18.2N,88.1W,55,1000,,,,,,,,,,,,
AL,CHANTAL,2001,4,33,20010821,1200,,TS,18.4N,88.7W,45,1002,,,,,,,,,,,,
AL,CHANTAL,2001,4,33,20010821,1800,,TS,18.6N,89.5W,35,1006,,,,,,,,,,,,
AL,CHANTAL,2001,4,33,20010822,0,,TD,18.7N,90.3W,25,1007,,,,,,,,,,,,
AL,CHANTAL,2001,4,33,20010822,600,,TD,18.4N,91.2W,25,1008,,,,,,,,,,,,
AL,CHANTAL,2001,4,33,20010822,1200,,TD,17.9N,92.2W,25,1009,,,,,,,,,,,,
AL,DEAN,2001,5,29,20010822,1200,,TS,17.9N,64.3W,45,1010,,,,,,,,,,,,
AL,DEAN,2001,5,29,20010822,1800,,TS,19.1N,65.9W,50,1009,,,,,,,,,,,,
AL,DEAN,2001,5,29,20010823,0,,TS,19.8N,67.4W,50,1010,,,,,,,,,,,,
AL,DEAN,2001,5,29,20010823,600,,TS,20.7N,68.9W,50,1010,,,,,,,,,,,,
AL,DEAN,2001,5,29,20010823,1200,,TD,21.6N,69.8W,30,1012,,,,,,,,,,,,
AL,DEAN,2001,5,29,20010823,1800,,WV,23.0N,70.2W,25,1012,,,,,,,,,,,,
AL,DEAN,2001,5,29,20010824,0,,LO,24.6N,70.8W,25,1013,,,,,,,,,,,,
AL,DEAN,2001,5,29,20010824,600,,LO,26.6N,70.7W,25,1013,,,,,,,,,,,,
AL,DEAN,2001,5,29,20010824,1200,,LO,28.6N,70.7W,25,1012,,,,,,,,,,,,
AL,DEAN,2001,5,29,20010824,1800,,LO,30.3N,70.2W,25,1012,,,,,,,,,,,,
AL,DEAN,2001,5,29,20010825,0,,LO,31.5N,69.4W,25,1011,,,,,,,,,,,,
AL,DEAN,2001,5,29,20010825,600,,LO,32.7N,67.9W,25,1011,,,,,,,,,,,,
AL,DEAN,2001,5,29,20010825,1200,,LO,34.0N,66.5W,25,1010,,,,,,,,,,,,
AL,DEAN,2001,5,29,20010825,1800,,LO,35.0N,66.0W,25,1008,,,,,,,,,,,,
AL,DEAN,2001,5,29,20010826,0,,LO,35.0N,66.0W,25,1008,,,,,,,,,,,,
AL,DEAN,2001,5,29,20010826,600,,LO,35.0N,66.0W,25,1008,,,,,,,,,,,,
AL,DEAN,2001,5,29,20010826,1200,,LO,35.2N,65.5W,25,1008,,,,,,,,,,,,
AL,DEAN,2001,5,29,20010826,1800,,TD,35.5N,65.0W,30,1004,,,,,,,,,,,,
AL,DEAN,2001,5,29,20010827,0,,TS,36.3N,63.3W,40,1001,,,,,,,,,,,,
AL,DEAN,2001,5,29,20010827,600,,TS,37.7N,62.0W,50,1000,,,,,,,,,,,,
AL,DEAN,2001,5,29,20010827,1200,,TS,38.9N,60.7W,55,996,,,,,,,,,,,,
AL,DEAN,2001,5,29,20010827,1800,,TS,40.6N,59.4W,60,994,,,,,,,,,,,,
AL,DEAN,2001,5,29,20010828,0,,TS,42.1N,57.5W,60,995,,,,,,,,,,,,
AL,DEAN,2001,5,29,20010828,600,,TS,43.5N,56.0W,55,996,,,,,,,,,,,,
AL,DEAN,2001,5,29,20010828,1200,,TS,44.0N,53.4W,50,997,,,,,,,,,,,,
AL,DEAN,2001,5,29,20010828,1800,,EX,45.5N,50.5W,45,998,,,,,,,,,,,,
AL,DEAN,2001,5,29,20010829,0,,EX,47.0N,48.5W,45,999,,,,,,,,,,,,
AL,DEAN,2001,5,29,20010829,600,,EX,49.0N,45.0W,45,999,,,,,,,,,,,,
AL,DEAN,2001,5,29,20010829,1200,,EX,51.0N,40.9W,40,1000,,,,,,,,,,,,
AL,ERIN,2001,6,62,20010901,1800,,TD,12.5N,34.3W,30,1006,,,,,,,,,,,,
AL,ERIN,2001,6,62,20010902,0,,TD,12.9N,35.9W,30,1005,,,,,,,,,,,,
AL,ERIN,2001,6,62,20010902,600,,TS,13.2N,37.5W,40,1002,,,,,,,,,,,,
AL,ERIN,2001,6,62,20010902,1200,,TS,13.5N,39.0W,45,1003,,,,,,,,,,,,
AL,ERIN,2001,6,62,20010902,1800,,TS,14.1N,40.6W,45,1003,,,,,,,,,,,,
AL,ERIN,2001,6,62,20010903,0,,TS,14.7N,42.2W,45,1003,,,,,,,,,,,,
AL,ERIN,2001,6,62,20010903,600,,TS,15.3N,43.7W,50,1003,,,,,,,,,,,,
AL,ERIN,2001,6,62,20010903,1200,,TS,15.9N,45.3W,50,1003,,,,,,,,,,,,
AL,ERIN,2001,6,62,20010903,1800,,TS,16.3N,47.1W,40,1002,,,,,,,,,,,,
AL,ERIN,2001,6,62,20010904,0,,TS,16.7N,48.7W,40,1002,,,,,,,,,,,,
AL,ERIN,2001,6,62,20010904,600,,TS,17.0N,50.3W,45,1000,,,,,,,,,,,,
AL,ERIN,2001,6,62,20010904,1200,,TS,17.0N,52.0W,45,1000,,,,,,,,,,,,
AL,ERIN,2001,6,62,20010904,1800,,TS,17.2N,53.4W,45,1000,,,,,,,,,,,,
AL,ERIN,2001,6,62,20010905,0,,TS,17.4N,54.8W,45,1000,,,,,,,,,,,,
AL,ERIN,2001,6,62,20010905,600,,TS,17.8N,55.9W,45,1000,,,,,,,,,,,,
AL,ERIN,2001,6,62,20010905,1200,,TS,18.1N,57.0W,35,1013,,,,,,,,,,,,
AL,ERIN,2001,6,62,20010905,1800,,LO,19.0N,57.9W,25,1014,,,,,,,,,,,,
AL,ERIN,2001,6,62,20010906,0,,LO,20.1N,58.1W,15,1015,,,,,,,,,,,,
AL,ERIN,2001,6,62,20010906,600,,LO,21.2N,58.2W,15,1015,,,,,,,,,,,,
AL,ERIN,2001,6,62,20010906,1200,,LO,22.2N,58.3W,20,1014,,,,,,,,,,,,
AL,ERIN,2001,6,62,20010906,1800,,TD,23.2N,58.4W,25,1013,,,,,,,,,,,,
AL,ERIN,2001,6,62,20010907,0,,TD,23.9N,58.1W,25,1012,,,,,,,,,,,,
AL,ERIN,2001,6,62,20010907,600,,TD,24.4N,57.6W,30,1008,,,,,,,,,,,,
AL,ERIN,2001,6,62,20010907,1200,,TD,24.9N,57.8W,30,1008,,,,,,,,,,,,
AL,ERIN,2001,6,62,20010907,1800,,TS,25.3N,58.0W,35,1005,,,,,,,,,,,,
AL,ERIN,2001,6,62,20010908,0,,TS,26.0N,58.3W,35,1004,,,,,,,,,,,,
AL,ERIN,2001,6,62,20010908,600,,TS,26.5N,58.8W,40,999,,,,,,,,,,,,
AL,ERIN,2001,6,62,20010908,1200,,TS,27.2N,59.2W,45,999,,,,,,,,,,,,
AL,ERIN,2001,6,62,20010908,1800,,TS,28.4N,59.8W,60,994,,,,,,,,,,,,
AL,ERIN,2001,6,62,20010909,0,,HU,29.7N,60.4W,75,987,,,,,,,,,,,,
AL,ERIN,2001,6,62,20010909,600,,HU,30.6N,61.3W,90,982,,,,,,,,,,,,
AL,ERIN,2001,6,62,20010909,1200,,HU,31.5N,62.2W,95,979,,,,,,,,,,,,
AL,ERIN,2001,6,62,20010909,1800,,HU,32.4N,62.8W,105,968,,,,,,,,,,,,
AL,ERIN,2001,6,62,20010910,0,,HU,33.3N,63.3W,105,969,,,,,,,,,,,,
AL,ERIN,2001,6,62,20010910,600,,HU,34.2N,64.1W,105,969,,,,,,,,,,,,
AL,ERIN,2001,6,62,20010910,1200,,HU,34.9N,64.7W,100,969,,,,,,,,,,,,
AL,ERIN,2001,6,62,20010910,1800,,HU,35.7N,65.4W,90,970,,,,,,,,,,,,
AL,ERIN,2001,6,62,20010911,0,,HU,36.4N,65.7W,80,973,,,,,,,,,,,,
AL,ERIN,2001,6,62,20010911,600,,HU,36.9N,65.9W,80,976,,,,,,,,,,,,
AL,ERIN,2001,6,62,20010911,1200,,HU,37.4N,65.6W,80,976,,,,,,,,,,,,
AL,ERIN,2001,6,62,20010911,1800,,HU,37.8N,65.1W,80,976,,,,,,,,,,,,
AL,ERIN,2001,6,62,20010912,0,,HU,38.0N,64.3W,80,976,,,,,,,,,,,,
AL,ERIN,2001,6,62,20010912,600,,HU,38.0N,63.3W,75,979,,,,,,,,,,,,
AL,ERIN,2001,6,62,20010912,1200,,HU,37.9N,62.6W,75,979,,,,,,,,,,,,
AL,ERIN,2001,6,62,20010912,1800,,HU,37.9N,62.0W,75,979,,,,,,,,,,,,
AL,ERIN,2001,6,62,20010913,0,,HU,38.1N,61.4W,75,979,,,,,,,,,,,,
AL,ERIN,2001,6,62,20010913,600,,HU,38.3N,61.0W,70,982,,,,,,,,,,,,
AL,ERIN,2001,6,62,20010913,1200,,HU,38.8N,60.6W,70,982,,,,,,,,,,,,
AL,ERIN,2001,6,62,20010913,1800,,HU,39.6N,60.2W,70,982,,,,,,,,,,,,
AL,ERIN,2001,6,62,20010914,0,,HU,40.6N,59.3W,70,982,,,,,,,,,,,,
AL,ERIN,2001,6,62,20010914,600,,HU,42.0N,58.1W,65,987,,,,,,,,,,,,
AL,ERIN,2001,6,62,20010914,1200,,HU,43.3N,56.7W,65,987,,,,,,,,,,,,
AL,ERIN,2001,6,62,20010914,1800,,HU,44.7N,55.2W,65,984,,,,,,,,,,,,
AL,ERIN,2001,6,62,20010915,0,,TS,46.7N,52.7W,60,981,,,,,,,,,,,,
AL,ERIN,2001,6,62,20010915,600,,EX,49.0N,51.0W,60,981,,,,,,,,,,,,
AL,ERIN,2001,6,62,20010915,1200,,EX,52.0N,49.0W,55,978,,,,,,,,,,,,
AL,ERIN,2001,6,62,20010915,1800,,EX,55.0N,47.5W,55,976,,,,,,,,,,,,
AL,ERIN,2001,6,62,20010916,0,,EX,58.0N,46.0W,55,972,,,,,,,,,,,,
AL,ERIN,2001,6,62,20010916,600,,EX,60.0N,44.5W,55,976,,,,,,,,,,,,
AL,ERIN,2001,6,62,20010916,1200,,EX,61.5N,42.0W,55,981,,,,,,,,,,,,
AL,ERIN,2001,6,62,20010916,1800,,EX,63.0N,38.9W,50,985,,,,,,,,,,,,
AL,ERIN,2001,6,62,20010917,0,,EX,65.0N,35.0W,40,995,,,,,,,,,,,,
AL,FELIX,2001,7,46,20010907,1800,,TD,13.9N,28.4W,30,1008,,,,,,,,,,,,
AL,FELIX,2001,7,46,20010908,0,,TD,14.4N,29.5W,30,1007,,,,,,,,,,,,
AL,FELIX,2001,7,46,20010908,600,,TD,14.8N,31.0W,30,1007,,,,,,,,,,,,
AL,FELIX,2001,7,46,20010908,1200,,TD,15.0N,33.0W,30,1008,,,,,,,,,,,,
AL,FELIX,2001,7,46,20010908,1800,,WV,15.0N,35.1W,25,1009,,,,,,,,,,,,
AL,FELIX,2001,7,46,20010909,0,,WV,15.0N,37.0W,25,1009,,,,,,,,,,,,
AL,FELIX,2001,7,46,20010909,600,,WV,15.0N,38.7W,25,1009,,,,,,,,,,,,
AL,FELIX,2001,7,46,20010909,1200,,WV,15.0N,40.2W,25,1009,,,,,,,,,,,,
AL,FELIX,2001,7,46,20010909,1800,,WV,15.0N,41.7W,25,1009,,,,,,,,,,,,
AL,FELIX,2001,7,46,20010910,0,,WV,15.2N,43.1W,25,1009,,,,,,,,,,,,
AL,FELIX,2001,7,46,20010910,600,,TD,16.0N,43.7W,30,1008,,,,,,,,,,,,
AL,FELIX,2001,7,46,20010910,1200,,TD,16.5N,44.8W,30,1008,,,,,,,,,,,,
AL,FELIX,2001,7,46,20010910,1800,,TD,16.9N,45.8W,30,1007,,,,,,,,,,,,
AL,FELIX,2001,7,46,20010911,0,,TD,17.3N,46.8W,30,1006,,,,,,,,,,,,
AL,FELIX,2001,7,46,20010911,600,,TD,17.8N,47.4W,30,1004,,,,,,,,,,,,
AL,FELIX,2001,7,46,20010911,1200,,TS,18.6N,47.7W,35,1003,,,,,,,,,,,,
AL,FELIX,2001,7,46,20010911,1800,,TS,19.4N,48.0W,35,1003,,,,,,,,,,,,
AL,FELIX,2001,7,46,20010912,0,,TS,20.2N,48.4W,40,1000,,,,,,,,,,,,
AL,FELIX,2001,7,46,20010912,600,,TS,21.0N,48.8W,45,998,,,,,,,,,,,,
AL,FELIX,2001,7,46,20010912,1200,,TS,22.0N,48.9W,55,994,,,,,,,,,,,,
AL,FELIX,2001,7,46,20010912,1800,,TS,22.9N,49.0W,60,993,,,,,,,,,,,,
AL,FELIX,2001,7,46,20010913,0,,HU,23.9N,48.9W,65,987,,,,,,,,,,,,
AL,FELIX,2001,7,46,20010913,600,,HU,24.8N,48.6W,75,979,,,,,,,,,,,,
AL,FELIX,2001,7,46,20010913,1200,,HU,25.9N,48.4W,85,972,,,,,,,,,,,,
AL,FELIX,2001,7,46,20010913,1800,,HU,27.1N,48.0W,95,966,,,,,,,,,,,,
AL,FELIX,2001,7,46,20010914,0,,HU,28.2N,47.2W,100,962,,,,,,,,,,,,
AL,FELIX,2001,7,46,20010914,600,,HU,29.3N,46.6W,100,962,,,,,,,,,,,,
AL,FELIX,2001,7,46,20010914,1200,,HU,30.1N,45.5W,95,966,,,,,,,,,,,,
AL,FELIX,2001,7,46,20010914,1800,,HU,30.9N,44.3W,90,970,,,,,,,,,,,,
AL,FELIX,2001,7,46,20010915,0,,HU,31.2N,42.8W,90,970,,,,,,,,,,,,
AL,FELIX,2001,7,46,20010915,600,,HU,31.5N,41.4W,90,970,,,,,,,,,,,,
AL,FELIX,2001,7,46,20010915,1200,,HU,31.7N,39.5W,90,970,,,,,,,,,,,,
AL,FELIX,2001,7,46,20010915,1800,,HU,32.1N,37.6W,85,975,,,,,,,,,,,,
AL,FELIX,2001,7,46,20010916,0,,HU,32.1N,36.0W,85,975,,,,,,,,,,,,
AL,FELIX,2001,7,46,20010916,600,,HU,32.6N,34.8W,80,976,,,,,,,,,,,,
AL,FELIX,2001,7,46,20010916,1200,,HU,33.4N,33.3W,75,977,,,,,,,,,,,,
AL,FELIX,2001,7,46,20010916,1800,,HU,34.3N,32.4W,70,979,,,,,,,,,,,,
AL,FELIX,2001,7,46,20010917,0,,HU,35.1N,32.0W,70,981,,,,,,,,,,,,
AL,FELIX,2001,7,46,20010917,600,,HU,35.4N,31.7W,65,983,,,,,,,,,,,,
AL,FELIX,2001,7,46,20010917,1200,,TS,35.3N,31.5W,60,985,,,,,,,,,,,,
AL,FELIX,2001,7,46,20010917,1800,,TS,35.2N,31.8W,55,990,,,,,,,,,,,,
AL,FELIX,2001,7,46,20010918,0,,TS,35.0N,32.0W,45,995,,,,,,,,,,,,
AL,FELIX,2001,7,46,20010918,600,,TS,34.8N,32.0W,40,998,,,,,,,,,,,,
AL,FELIX,2001,7,46,20010918,1200,,TS,34.7N,31.9W,35,1001,,,,,,,,,,,,
AL,FELIX,2001,7,46,20010918,1800,,TD,34.7N,31.7W,30,1002,,,,,,,,,,,,
AL,FELIX,2001,7,46,20010919,0,,TD,34.6N,31.6W,25,1002,,,,,,,,,,,,
AL,GABRIELLE,2001,8,41,20010911,1800,,TD,25.8N,84.1W,25,1010,,,,,,,,,,,,
AL,GABRIELLE,2001,8,41,20010912,0,,TD,25.7N,84.6W,25,1009,,,,,,,,,,,,
AL,GABRIELLE,2001,8,41,20010912,600,,TD,25.7N,85.0W,25,1008,,,,,,,,,,,,
AL,GABRIELLE,2001,8,41,20010912,1200,,TD,25.6N,85.3W,25,1008,,,,,,,,,,,,
AL,GABRIELLE,2001,8,41,20010912,1800,,TD,25.4N,85.4W,30,1007,,,,,,,,,,,,
AL,GABRIELLE,2001,8,41,20010913,0,,TD,25.1N,85.7W,30,1005,,,,,,,,,,,,
AL,GABRIELLE,2001,8,41,20010913,600,,TD,25.2N,85.3W,30,1005,,,,,,,,,,,,
AL,GABRIELLE,2001,8,41,20010913,1200,,TS,25.3N,84.9W,35,1003,,,,,,,,,,,,
AL,GABRIELLE,2001,8,41,20010913,1800,,TS,25.4N,84.5W,40,998,,,,,,,,,,,,
AL,GABRIELLE,2001,8,41,20010914,0,,TS,25.4N,84.1W,45,997,,,,,,,,,,,,
AL,GABRIELLE,2001,8,41,20010914,600,,TS,25.8N,83.6W,50,992,,,,,,,,,,,,
AL,GABRIELLE,2001,8,41,20010914,1200,L,TS,27.1N,82.6W,60,983,,,,,,,,,,,,
AL,GABRIELLE,2001,8,41,20010914,1800,,TS,28.0N,81.8W,45,994,,,,,,,,,,,,
AL,GABRIELLE,2001,8,41,20010915,0,,TS,28.6N,81.4W,40,995,,,,,,,,,,,,
AL,GABRIELLE,2001,8,41,20010915,600,,TS,28.6N,80.9W,40,995,,,,,,,,,,,,
AL,GABRIELLE,2001,8,41,20010915,1200,,TS,28.9N,80.1W,40,998,,,,,,,,,,,,
AL,GABRIELLE,2001,8,41,20010915,1800,,TS,29.8N,79.0W,45,999,,,,,,,,,,,,
AL,GABRIELLE,2001,8,41,20010916,0,,TS,30.4N,77.9W,50,998,,,,,,,,,,,,
AL,GABRIELLE,2001,8,41,20010916,600,,TS,30.8N,76.8W,50,998,,,,,,,,,,,,
AL,GABRIELLE,2001,8,41,20010916,1200,,TS,31.6N,74.9W,55,995,,,,,,,,,,,,
AL,GABRIELLE,2001,8,41,20010916,1800,,TS,32.3N,72.8W,55,995,,,,,,,,,,,,
AL,GABRIELLE,2001,8,41,20010917,0,,HU,33.1N,70.7W,65,991,,,,,,,,,,,,
AL,GABRIELLE,2001,8,41,20010917,600,,HU,34.0N,68.5W,65,991,,,,,,,,,,,,
AL,GABRIELLE,2001,8,41,20010917,1200,,HU,35.3N,66.6W,70,983,,,,,,,,,,,,
AL,GABRIELLE,2001,8,41,20010917,1800,,HU,36.2N,64.7W,70,983,,,,,,,,,,,,
AL,GABRIELLE,2001,8,41,20010918,0,,TS,36.9N,62.9W,60,987,,,,,,,,,,,,
AL,GABRIELLE,2001,8,41,20010918,600,,TS,37.9N,61.8W,55,990,,,,,,,,,,,,
AL,GABRIELLE,2001,8,41,20010918,1200,,TS,39.0N,60.4W,55,990,,,,,,,,,,,,
AL,GABRIELLE,2001,8,41,20010918,1800,,TS,40.2N,58.9W,60,980,,,,,,,,,,,,
AL,GABRIELLE,2001,8,41,20010919,0,,TS,41.5N,57.5W,60,975,,,,,,,,,,,,
AL,GABRIELLE,2001,8,41,20010919,600,,EX,42.8N,55.5W,55,976,,,,,,,,,,,,
AL,GABRIELLE,2001,8,41,20010919,1200,,EX,43.5N,54.0W,60,978,,,,,,,,,,,,
AL,GABRIELLE,2001,8,41,20010919,1800,,EX,46.5N,52.0W,60,986,,,,,,,,,,,,
AL,GABRIELLE,2001,8,41,20010920,0,,EX,48.5N,48.5W,60,988,,,,,,,,,,,,
AL,GABRIELLE,2001,8,41,20010920,600,,EX,50.0N,46.0W,60,986,,,,,,,,,,,,
AL,GABRIELLE,2001,8,41,20010920,1200,,EX,52.0N,43.0W,60,984,,,,,,,,,,,,
AL,GABRIELLE,2001,8,41,20010920,1800,,EX,54.0N,40.0W,65,981,,,,,,,,,,,,
AL,GABRIELLE,2001,8,41,20010921,0,,EX,55.0N,37.5W,65,981,,,,,,,,,,,,
AL,GABRIELLE,2001,8,41,20010921,600,,EX,55.0N,35.0W,65,981,,,,,,,,,,,,
AL,GABRIELLE,2001,8,41,20010921,1200,,EX,56.0N,32.5W,60,984,,,,,,,,,,,,
AL,GABRIELLE,2001,8,41,20010921,1800,,EX,57.5N,31.0W,55,987,,,,,,,,,,,,
AL,UNNAMED,2001,9,4,20010919,1800,,TD,13.4N,81.9W,30,1008,,,,,,,,,,,,
AL,UNNAMED,2001,9,4,20010919,2100,I,TD,13.6N,82.7W,30,1005,,,,,,,,,,,,
AL,UNNAMED,2001,9,4,20010920,0,L,TD,13.9N,83.5W,30,1006,,,,,,,,,,,,
AL,UNNAMED,2001,9,4,20010920,600,,TD,14.5N,85.1W,25,1008,,,,,,,,,,,,
AL,HUMBERTO,2001,10,26,20010921,1200,,TD,25.1N,64.2W,25,1012,,,,,,,,,,,,
AL,HUMBERTO,2001,10,26,20010921,1800,,TD,25.8N,65.0W,25,1012,,,,,,,,,,,,
AL,HUMBERTO,2001,10,26,20010922,0,,TD,26.5N,65.5W,25,1010,,,,,,,,,,,,
AL,HUMBERTO,2001,10,26,20010922,600,,TD,27.2N,65.9W,30,1010,,,,,,,,,,,,
AL,HUMBERTO,2001,10,26,20010922,1200,,TS,27.9N,66.3W,40,1007,,,,,,,,,,,,
AL,HUMBERTO,2001,10,26,20010922,1800,,TS,28.6N,66.7W,50,998,,,,,,,,,,,,
AL,HUMBERTO,2001,10,26,20010923,0,,TS,29.3N,67.0W,55,995,,,,,,,,,,,,
AL,HUMBERTO,2001,10,26,20010923,600,,TS,30.1N,67.3W,55,994,,,,,,,,,,,,
AL,HUMBERTO,2001,10,26,20010923,1200,,HU,31.0N,67.5W,65,990,,,,,,,,,,,,
AL,HUMBERTO,2001,10,26,20010923,1800,,HU,31.9N,67.4W,80,986,,,,,,,,,,,,
AL,HUMBERTO,2001,10,26,20010924,0,,HU,32.8N,67.1W,85,983,,,,,,,,,,,,
AL,HUMBERTO,2001,10,26,20010924,600,,HU,33.8N,66.8W,75,989,,,,,,,,,,,,
AL,HUMBERTO,2001,10,26,20010924,1200,,HU,35.0N,66.3W,70,990,,,,,,,,,,,,
AL,HUMBERTO,2001,10,26,20010924,1800,,HU,35.9N,65.4W,70,991,,,,,,,,,,,,
AL,HUMBERTO,2001,10,26,20010925,0,,HU,36.8N,64.3W,65,992,,,,,,,,,,,,
AL,HUMBERTO,2001,10,26,20010925,600,,HU,37.7N,63.4W,65,992,,,,,,,,,,,,
AL,HUMBERTO,2001,10,26,20010925,1200,,HU,38.5N,62.4W,65,992,,,,,,,,,,,,
AL,HUMBERTO,2001,10,26,20010925,1800,,HU,39.2N,61.6W,65,990,,,,,,,,,,,,
AL,HUMBERTO,2001,10,26,20010926,0,,HU,39.6N,60.7W,65,990,,,,,,,,,,,,
AL,HUMBERTO,2001,10,26,20010926,600,,HU,40.4N,60.3W,75,980,,,,,,,,,,,,
AL,HUMBERTO,2001,10,26,20010926,1200,,HU,41.0N,59.2W,90,970,,,,,,,,,,,,
AL,HUMBERTO,2001,10,26,20010926,1800,,HU,41.8N,57.5W,80,977,,,,,,,,,,,,
AL,HUMBERTO,2001,10,26,20010927,0,,HU,42.2N,54.6W,70,987,,,,,,,,,,,,
AL,HUMBERTO,2001,10,26,20010927,600,,HU,42.4N,51.3W,65,991,,,,,,,,,,,,
AL,HUMBERTO,2001,10,26,20010927,1200,,TS,42.2N,47.5W,60,994,,,,,,,,,,,,
AL,HUMBERTO,2001,10,26,20010927,1800,,TS,41.5N,44.5W,45,996,,,,,,,,,,,,
AL,IRIS,2001,11,22,20011004,1200,,TD,12.3N,58.2W,25,1011,,,,,,,,,,,,
AL,IRIS,2001,11,22,20011004,1800,,TD,12.8N,59.9W,30,1010,,,,,,,,,,,,
AL,IRIS,2001,11,22,20011005,0,,TD,13.4N,61.4W,30,1010,,,,,,,,,,,,
AL,IRIS,2001,11,22,20011005,600,,TD,14.0N,63.0W,30,1010,,,,,,,,,,,,
AL,IRIS,2001,11,22,20011005,1200,,TS,14.8N,64.5W,35,1008,,,,,,,,,,,,
AL,IRIS,2001,11,22,20011005,1800,,TS,15.5N,66.0W,45,1005,,,,,,,,,,,,
AL,IRIS,2001,11,22,20011006,0,,TS,15.7N,67.7W,50,1001,,,,,,,,,,,,
AL,IRIS,2001,11,22,20011006,600,,TS,16.0N,69.0W,55,998,,,,,,,,,,,,
AL,IRIS,2001,11,22,20011006,1200,,TS,16.5N,70.5W,55,998,,,,,,,,,,,,
AL,IRIS,2001,11,22,20011006,1800,,HU,16.9N,72.2W,65,992,,,,,,,,,,,,
AL,IRIS,2001,11,22,20011007,0,,HU,16.9N,74.0W,75,993,,,,,,,,,,,,
AL,IRIS,2001,11,22,20011007,600,,HU,16.9N,75.3W,75,989,,,,,,,,,,,,
AL,IRIS,2001,11,22,20011007,1200,,HU,17.3N,77.0W,75,989,,,,,,,,,,,,
AL,IRIS,2001,11,22,20011007,1800,,HU,17.4N,78.9W,75,991,,,,,,,,,,,,
AL,IRIS,2001,11,22,20011008,0,,HU,17.3N,80.6W,80,988,,,,,,,,,,,,
AL,IRIS,2001,11,22,20011008,600,,HU,17.2N,82.3W,90,963,,,,,,,,,,,,
AL,IRIS,2001,11,22,20011008,1200,,HU,17.1N,84.0W,120,950,,,,,,,,,,,,
AL,IRIS,2001,11,22,20011008,1800,,HU,16.8N,86.0W,115,950,,,,,,,,,,,,
AL,IRIS,2001,11,22,20011009,0,,HU,16.5N,88.0W,125,948,,,,,,,,,,,,
AL,IRIS,2001,11,22,20011009,200,L,HU,16.3N,88.4W,125,948,,,,,,,,,,,,
AL,IRIS,2001,11,22,20011009,600,,TS,16.2N,89.9W,60,1005,,,,,,,,,,,,
AL,IRIS,2001,11,22,20011009,1200,,TD,16.2N,91.9W,30,1004,,,,,,,,,,,,
AL,JERRY,2001,12,10,20011006,1200,,TD,10.6N,50.6W,25,1008,,,,,,,,,,,,
AL,JERRY,2001,12,10,20011006,1800,,TD,10.8N,52.1W,30,1007,,,,,,,,,,,,
AL,JERRY,2001,12,10,20011007,0,,TS,11.0N,53.8W,35,1007,,,,,,,,,,,,
AL,JERRY,2001,12,10,20011007,600,,TS,11.3N,55.7W,40,1007,,,,,,,,,,,,
AL,JERRY,2001,12,10,20011007,1200,,TS,11.7N,57.7W,45,1007,,,,,,,,,,,,
AL,JERRY,2001,12,10,20011007,1800,,TS,12.5N,59.5W,45,1007,,,,,,,,,,,,
AL,JERRY,2001,12,10,20011008,0,,TS,13.1N,60.2W,45,1006,,,,,,,,,,,,
AL,JERRY,2001,12,10,20011008,600,,TS,13.8N,62.0W,45,1004,,,,,,,,,,,,
AL,JERRY,2001,12,10,20011008,1200,,TS,14.2N,64.0W,35,1007,,,,,,,,,,,,
AL,JERRY,2001,12,10,20011008,1800,,TD,14.5N,66.0W,25,1008,,,,,,,,,,,,
AL,KAREN,2001,13,19,20011011,600,,EX,27.5N,63.0W,30,1009,,,,,,,,,,,,
AL,KAREN,2001,13,19,20011011,1200,,EX,29.8N,62.5W,35,1003,,,,,,,,,,,,
AL,KAREN,2001,13,19,20011011,1800,,EX,30.8N,63.5W,45,998,,,,,,,,,,,,
AL,KAREN,2001,13,19,20011012,0,,SS,31.8N,64.7W,60,991,,,,,,,,,,,,
AL,KAREN,2001,13,19,20011012,600,,SS,32.2N,65.8W,60,988,,,,,,,,,,,,
AL,KAREN,2001,13,19,20011012,1200,,SS,32.8N,65.8W,60,988,,,,,,,,,,,,
AL,KAREN,2001,13,19,20011012,1800,,SS,33.5N,66.3W,60,988,,,,,,,,,,,,
AL,KAREN,2001,13,19,20011013,0,,SS,34.2N,66.1W,60,988,,,,,,,,,,,,
AL,KAREN,2001,13,19,20011013,600,,TS,34.9N,65.3W,60,988,,,,,,,,,,,,
AL,KAREN,2001,13,19,20011013,1200,,TS,36.2N,64.8W,60,986,,,,,,,,,,,,
AL,KAREN,2001,13,19,20011013,1800,,HU,37.3N,64.6W,65,985,,,,,,,,,,,,
AL,KAREN,2001,13,19,20011014,0,,HU,37.9N,64.0W,65,985,,,,,,,,,,,,
AL,KAREN,2001,13,19,20011014,600,,HU,38.6N,63.7W,70,982,,,,,,,,,,,,
AL,KAREN,2001,13,19,20011014,1200,,TS,39.3N,63.9W,60,988,,,,,,,,,,,,
AL,KAREN,2001,13,19,20011014,1800,,TS,40.1N,64.1W,55,992,,,,,,,,,,,,
AL,KAREN,2001,13,19,20011015,0,,TS,40.9N,64.4W,50,995,,,,,,,,,,,,
AL,KAREN,2001,13,19,20011015,600,,TS,42.3N,65.0W,45,997,,,,,,,,,,,,
AL,KAREN,2001,13,19,20011015,1200,L,TS,44.2N,64.8W,40,998,,,,,,,,,,,,
AL,KAREN,2001,13,19,20011015,1800,,EX,48.0N,62.0W,40,1002,,,,,,,,,,,,
AL,LORENZO,2001,14,16,20011027,1200,,TD,27.2N,34.9W,30,1010,,,,,,,,,,,,
AL,LORENZO,2001,14,16,20011027,1800,,TD,27.5N,36.1W,30,1009,,,,,,,,,,,,
AL,LORENZO,2001,14,16,20011028,0,,TD,27.5N,37.4W,30,1009,,,,,,,,,,,,
AL,LORENZO,2001,14,16,20011028,600,,TD,27.5N,38.7W,30,1009,,,,,,,,,,,,
AL,LORENZO,2001,14,16,20011028,1200,,TD,27.5N,39.8W,30,1009,,,,,,,,,,,,
AL,LORENZO,2001,14,16,20011028,1800,,TD,27.5N,41.0W,30,1009,,,,,,,,,,,,
AL,LORENZO,2001,14,16,20011029,0,,TD,27.2N,41.3W,30,1009,,,,,,,,,,,,
AL,LORENZO,2001,14,16,20011029,600,,TD,27.7N,41.9W,30,1009,,,,,,,,,,,,
AL,LORENZO,2001,14,16,20011029,1200,,TD,27.8N,42.7W,30,1009,,,,,,,,,,,,
AL,LORENZO,2001,14,16,20011029,1800,,TD,28.0N,43.7W,30,1009,,,,,,,,,,,,
AL,LORENZO,2001,14,16,20011030,0,,TS,28.5N,44.6W,35,1007,,,,,,,,,,,,
AL,LORENZO,2001,14,16,20011030,600,,TS,29.4N,45.5W,35,1007,,,,,,,,,,,,
AL,LORENZO,2001,14,16,20011030,1200,,TS,30.9N,45.6W,35,1007,,,,,,,,,,,,
AL,LORENZO,2001,14,16,20011030,1800,,TS,32.8N,46.0W,35,1008,,,,,,,,,,,,
AL,LORENZO,2001,14,16,20011031,0,,TS,34.9N,44.9W,35,1008,,,,,,,,,,,,
AL,LORENZO,2001,14,16,20011031,600,,TS,37.4N,43.1W,35,1008,,,,,,,,,,,,
AL,MICHELLE,2001,15,34,20011029,1800,,TD,13.3N,83.6W,30,1004,,,,,,,,,,,,
AL,MICHELLE,2001,15,34,20011030,0,,TD,13.7N,83.6W,30,1004,,,,,,,,,,,,
AL,MICHELLE,2001,15,34,20011030,600,,TD,13.7N,84.1W,30,1005,,,,,,,,,,,,
AL,MICHELLE,2001,15,34,20011030,1200,,TD,13.3N,83.9W,30,1005,,,,,,,,,,,,
AL,MICHELLE,2001,15,34,20011030,1800,,TD,13.0N,83.5W,30,1006,,,,,,,,,,,,
AL,MICHELLE,2001,15,34,20011031,0,,TD,13.7N,83.6W,30,1004,,,,,,,,,,,,
AL,MICHELLE,2001,15,34,20011031,600,,TD,14.3N,83.4W,30,1005,,,,,,,,,,,,
AL,MICHELLE,2001,15,34,20011031,1200,,TD,14.8N,83.2W,30,1004,,,,,,,,,,,,
AL,MICHELLE,2001,15,34,20011031,1800,,TD,15.3N,83.1W,30,1004,,,,,,,,,,,,
AL,MICHELLE,2001,15,34,20011101,0,,TS,15.8N,83.1W,35,1001,,,,,,,,,,,,
AL,MICHELLE,2001,15,34,20011101,600,,TS,16.5N,83.4W,45,999,,,,,,,,,,,,
AL,MICHELLE,2001,15,34,20011101,1200,,TS,16.8N,83.6W,50,995,,,,,,,,,,,,
AL,MICHELLE,2001,15,34,20011101,1800,,TS,17.0N,83.8W,50,993,,,,,,,,,,,,
AL,MICHELLE,2001,15,34,20011102,0,,TS,17.3N,83.9W,55,991,,,,,,,,,,,,
AL,MICHELLE,2001,15,34,20011102,600,,TS,17.5N,83.9W,60,988,,,,,,,,,,,,
AL,MICHELLE,2001,15,34,20011102,1200,,HU,17.8N,84.0W,70,979,,,,,,,,,,,,
AL,MICHELLE,2001,15,34,20011102,1800,,HU,18.0N,84.0W,80,969,,,,,,,,,,,,
AL,MICHELLE,2001,15,34,20011103,0,,HU,18.5N,84.0W,90,957,,,,,,,,,,,,
AL,MICHELLE,2001,15,34,20011103,600,,HU,18.8N,84.3W,105,942,,,,,,,,,,,,
AL,MICHELLE,2001,15,34,20011103,1200,,HU,18.9N,84.3W,115,937,,,,,,,,,,,,
AL,MICHELLE,2001,15,34,20011103,1800,,HU,19.3N,84.1W,110,934,,,,,,,,,,,,
AL,MICHELLE,2001,15,34,20011104,0,,HU,19.7N,83.7W,115,938,,,,,,,,,,,,
AL,MICHELLE,2001,15,34,20011104,600,,HU,20.1N,83.3W,120,944,,,,,,,,,,,,
AL,MICHELLE,2001,15,34,20011104,1200,,HU,20.8N,82.5W,120,947,,,,,,,,,,,,
AL,MICHELLE,2001,15,34,20011104,1800,L,HU,21.5N,81.8W,120,949,,,,,,,,,,,,
AL,MICHELLE,2001,15,34,20011104,2300,L,HU,22.1N,81.2W,115,950,,,,,,,,,,,,
AL,MICHELLE,2001,15,34,20011105,0,,HU,22.3N,80.9W,105,953,,,,,,,,,,,,
AL,MICHELLE,2001,15,34,20011105,600,,HU,23.1N,79.7W,80,972,,,,,,,,,,,,
AL,MICHELLE,2001,15,34,20011105,1200,L,HU,24.3N,78.0W,80,974,,,,,,,,,,,,
AL,MICHELLE,2001,15,34,20011105,1800,L,HU,25.4N,76.4W,75,980,,,,,,,,,,,,
AL,MICHELLE,2001,15,34,20011106,0,,EX,26.3N,74.5W,75,980,,,,,,,,,,,,
AL,MICHELLE,2001,15,34,20011106,600,,EX,26.9N,72.6W,75,980,,,,,,,,,,,,
AL,MICHELLE,2001,15,34,20011106,1200,,EX,27.3N,69.7W,65,984,,,,,,,,,,,,
AL,MICHELLE,2001,15,34,20011106,1800,,EX,28.7N,66.5W,55,989,,,,,,,,,,,,
AL,NOEL,2001,16,12,20011104,0,,SS,33.9N,50.4W,45,988,,,,,,,,,,,,
AL,NOEL,2001,16,12,20011104,600,,SS,34.1N,50.4W,45,990,,,,,,,,,,,,
AL,NOEL,2001,16,12,20011104,1200,,SS,34.3N,50.4W,45,993,,,,,,,,,,,,
AL,NOEL,2001,16,12,20011104,1800,,SS,35.2N,50.3W,50,993,,,,,,,,,,,,
AL,NOEL,2001,16,12,20011105,0,,SS,36.1N,50.1W,55,991,,,,,,,,,,,,
AL,NOEL,2001,16,12,20011105,600,,SS,37.0N,50.1W,60,988,,,,,,,,,,,,
AL,NOEL,2001,16,12,20011105,1200,,HU,37.8N,50.3W,65,986,,,,,,,,,,,,
AL,NOEL,2001,16,12,20011105,1800,,HU,38.8N,50.2W,65,986,,,,,,,,,,,,
AL,NOEL,2001,16,12,20011106,0,,TS,39.7N,49.7W,60,990,,,,,,,,,,,,
AL,NOEL,2001,16,12,20011106,600,,TS,41.3N,49.2W,55,994,,,,,,,,,,,,
AL,NOEL,2001,16,12,20011106,1200,,EX,43.0N,48.5W,50,996,,,,,,,,,,,,
AL,NOEL,2001,16,12,20011106,1800,,EX,45.0N,48.0W,50,1000,,,,,,,,,,,,
AL,OLGA,2001,17,47,20011123,600,,EX,30.5N,51.0W,25,1003,,,,,,,,,,,,
AL,OLGA,2001,17,47,20011123,1200,,EX,30.2N,51.0W,25,1000,,,,,,,,,,,,
AL,OLGA,2001,17,47,20011123,1800,,EX,29.7N,50.7W,30,994,,,,,,,,,,,,
AL,OLGA,2001,17,47,20011124,0,,SS,29.3N,50.3W,50,990,,,,,,,,,,,,
AL,OLGA,2001,17,47,20011124,600,,SS,29.3N,50.0W,50,990,,,,,,,,,,,,
AL,OLGA,2001,17,47,20011124,1200,,TS,29.5N,49.8W,50,989,,,,,,,,,,,,
AL,OLGA,2001,17,47,20011124,1800,,TS,30.3N,49.5W,50,989,,,,,,,,,,,,
AL,OLGA,2001,17,47,20011125,0,,TS,31.3N,50.6W,50,989,,,,,,,,,,,,
AL,OLGA,2001,17,47,20011125,600,,TS,31.8N,52.0W,50,989,,,,,,,,,,,,
AL,OLGA,2001,17,47,20011125,1200,,TS,31.7N,53.5W,55,989,,,,,,,,,,,,
AL,OLGA,2001,17,47,20011125,1800,,TS,30.8N,55.0W,60,987,,,,,,,,,,,,
AL,OLGA,2001,17,47,20011126,0,,TS,30.3N,55.3W,60,979,,,,,,,,,,,,
AL,OLGA,2001,17,47,20011126,600,,TS,30.1N,55.6W,60,979,,,,,,,,,,,,
AL,OLGA,2001,17,47,20011126,1200,,HU,30.6N,55.9W,65,979,,,,,,,,,,,,
AL,OLGA,2001,17,47,20011126,1800,,HU,31.1N,56.0W,65,977,,,,,,,,,,,,
AL,OLGA,2001,17,47,20011127,0,,HU,32.1N,56.2W,75,975,,,,,,,,,,,,
AL,OLGA,2001,17,47,20011127,600,,HU,32.6N,57.0W,80,973,,,,,,,,,,,,
AL,OLGA,2001,17,47,20011127,1200,,HU,31.5N,57.2W,80,974,,,,,,,,,,,,
AL,OLGA,2001,17,47,20011127,1800,,HU,32.0N,56.0W,75,975,,,,,,,,,,,,
AL,OLGA,2001,17,47,20011128,0,,HU,32.3N,55.8W,75,975,,,,,,,,,,,,
AL,OLGA,2001,17,47,20011128,600,,HU,32.6N,55.7W,75,975,,,,,,,,,,,,
AL,OLGA,2001,17,47,20011128,1200,,HU,32.4N,56.2W,75,977,,,,,,,,,,,,
AL,OLGA,2001,17,47,20011128,1800,,HU,31.4N,57.0W,70,979,,,,,,,,,,,,
AL,OLGA,2001,17,47,20011129,0,,HU,30.3N,57.6W,65,987,,,,,,,,,,,,
AL,OLGA,2001,17,47,20011129,600,,TS,29.3N,58.7W,60,990,,,,,,,,,,,,
AL,OLGA,2001,17,47,20011129,1200,,TS,28.4N,60.1W,60,992,,,,,,,,,,,,
AL,OLGA,2001,17,47,20011129,1800,,TS,27.3N,61.8W,55,994,,,,,,,,,,,,
AL,OLGA,2001,17,47,20011130,0,,TS,26.2N,63.2W,45,998,,,,,,,,,,,,
AL,OLGA,2001,17,47,20011130,600,,TS,25.3N,64.7W,35,1001,,,,,,,,,,,,
AL,OLGA,2001,17,47,20011130,1200,,TD,24.5N,66.2W,30,1003,,,,,,,,,,,,
AL,OLGA,2001,17,47,20011130,1800,,TD,23.7N,67.1W,30,1004,,,,,,,,,,,,
AL,OLGA,2001,17,47,20011201,0,,TD,23.4N,67.7W,30,1004,,,,,,,,,,,,
AL,OLGA,2001,17,47,20011201,600,,TD,23.1N,68.0W,30,1005,,,,,,,,,,,,
AL,OLGA,2001,17,47,20011201,1200,,TD,22.8N,68.3W,30,1004,,,,,,,,,,,,
AL,OLGA,2001,17,47,20011201,1800,,TD,23.0N,68.6W,30,1004,,,,,,,,,,,,
AL,OLGA,2001,17,47,20011202,0,,TS,23.4N,68.9W,35,1003,,,,,,,,,,,,
AL,OLGA,2001,17,47,20011202,600,,TS,24.3N,68.9W,35,1003,,,,,,,,,,,,
AL,OLGA,2001,17,47,20011202,1200,,TS,25.5N,69.2W,40,1001,,,,,,,,,,,,
AL,OLGA,2001,17,47,20011202,1800,,TS,26.4N,69.5W,40,1001,,,,,,,,,,,,
AL,OLGA,2001,17,47,20011203,0,,TS,27.0N,69.7W,35,1004,,,,,,,,,,,,
AL,OLGA,2001,17,47,20011203,600,,TS,27.4N,69.9W,35,1005,,,,,,,,,,,,
AL,OLGA,2001,17,47,20011203,1200,,TS,27.8N,69.9W,35,1005,,,,,,,,,,,,
AL,OLGA,2001,17,47,20011203,1800,,TS,27.7N,69.6W,35,1005,,,,,,,,,,,,
AL,OLGA,2001,17,47,20011204,0,,TD,27.7N,69.1W,30,1006,,,,,,,,,,,,
AL,OLGA,2001,17,47,20011204,600,,TD,27.8N,68.2W,30,1006,,,,,,,,,,,,
AL,OLGA,2001,17,47,20011204,1200,,TD,27.8N,68.0W,30,1006,,,,,,,,,,,,
AL,OLGA,2001,17,47,20011204,1800,,TD,27.0N,67.4W,30,1006,,,,,,,,,,,,
AL,ARTHUR,2002,1,20,20020714,1800,,TD,34.3N,76.8W,30,1009,,,,,,,,,,,,
AL,ARTHUR,2002,1,20,20020715,0,,TD,35.0N,75.1W,30,1008,,,,,,,,,,,,
AL,ARTHUR,2002,1,20,20020715,600,,TS,35.5N,73.3W,35,1006,,,,,,,,,,,,
AL,ARTHUR,2002,1,20,20020715,1200,,TS,36.1N,71.0W,45,1004,,,,,,,,,,,,
AL,ARTHUR,2002,1,20,20020715,1800,,TS,36.8N,68.2W,45,1002,,,,,,,,,,,,
AL,ARTHUR,2002,1,20,20020716,0,,TS,37.9N,65.1W,50,1000,,,,,,,,,,,,
AL,ARTHUR,2002,1,20,20020716,600,,TS,38.6N,61.7W,50,998,,,,,,,,,,,,
AL,ARTHUR,2002,1,20,20020716,1200,,TS,40.5N,57.9W,50,998,,,,,,,,,,,,
AL,ARTHUR,2002,1,20,20020716,1800,,TS,42.5N,54.5W,50,997,,,,,,,,,,,,
AL,ARTHUR,2002,1,20,20020717,0,,EX,44.5N,53.0W,50,998,,,,,,,,,,,,
AL,ARTHUR,2002,1,20,20020717,600,,EX,46.5N,53.9W,45,999,,,,,,,,,,,,
AL,ARTHUR,2002,1,20,20020717,1200,,EX,48.0N,54.0W,40,1002,,,,,,,,,,,,
AL,ARTHUR,2002,1,20,20020717,1800,,EX,49.0N,53.0W,40,1001,,,,,,,,,,,,
AL,ARTHUR,2002,1,20,20020718,0,,EX,50.5N,52.5W,40,999,,,,,,,,,,,,
AL,ARTHUR,2002,1,20,20020718,600,,EX,53.0N,52.5W,40,997,,,,,,,,,,,,
AL,ARTHUR,2002,1,20,20020718,1200,,EX,55.5N,53.0W,35,995,,,,,,,,,,,,
AL,ARTHUR,2002,1,20,20020718,1800,,EX,58.0N,53.0W,35,992,,,,,,,,,,,,
AL,ARTHUR,2002,1,20,20020719,0,,EX,57.0N,52.0W,35,996,,,,,,,,,,,,
AL,ARTHUR,2002,1,20,20020719,600,,EX,56.5N,51.5W,35,1000,,,,,,,,,,,,
AL,ARTHUR,2002,1,20,20020719,1200,,EX,56.0N,51.0W,35,1005,,,,,,,,,,,,
AL,BERTHA,2002,2,23,20020804,1800,,TD,29.0N,88.5W,25,1012,,,,,,,,,,,,
AL,BERTHA,2002,2,23,20020805,0,,TS,29.3N,89.2W,35,1008,,,,,,,,,,,,
AL,BERTHA,2002,2,23,20020805,100,I,TS,29.4N,89.2W,35,1007,,,,,,,,,,,,
AL,BERTHA,2002,2,23,20020805,200,L,TS,29.4N,89.3W,35,1008,,,,,,,,,,,,
AL,BERTHA,2002,2,23,20020805,600,,TS,29.6N,89.7W,35,1008,,,,,,,,,,,,
AL,BERTHA,2002,2,23,20020805,1200,,TD,30.5N,90.1W,25,1010,,,,,,,,,,,,
AL,BERTHA,2002,2,23,20020805,1800,,TD,30.9N,90.6W,20,1011,,,,,,,,,,,,
AL,BERTHA,2002,2,23,20020806,0,,TD,30.9N,91.0W,15,1012,,,,,,,,,,,,
AL,BERTHA,2002,2,23,20020806,600,,TD,30.8N,91.4W,15,1013,,,,,,,,,,,,
AL,BERTHA,2002,2,23,20020806,1200,,TD,30.6N,91.5W,15,1013,,,,,,,,,,,,
AL,BERTHA,2002,2,23,20020806,1800,,TD,30.3N,91.6W,15,1012,,,,,,,,,,,,
AL,BERTHA,2002,2,23,20020807,0,,TD,30.0N,91.7W,20,1010,,,,,,,,,,,,
AL,BERTHA,2002,2,23,20020807,600,,TD,29.7N,92.2W,20,1011,,,,,,,,,,,,
AL,BERTHA,2002,2,23,20020807,1200,,TD,29.4N,92.7W,25,1011,,,,,,,,,,,,
AL,BERTHA,2002,2,23,20020807,1800,,TD,29.0N,93.2W,25,1010,,,,,,,,,,,,
AL,BERTHA,2002,2,23,20020808,0,,TD,28.6N,93.8W,25,1010,,,,,,,,,,,,
AL,BERTHA,2002,2,23,20020808,600,,TD,28.2N,94.4W,25,1010,,,,,,,,,,,,
AL,BERTHA,2002,2,23,20020808,1200,,TD,27.7N,95.3W,20,1011,,,,,,,,,,,,
AL,BERTHA,2002,2,23,20020808,1800,,TD,26.9N,96.1W,20,1011,,,,,,,,,,,,
AL,BERTHA,2002,2,23,20020809,0,,TD,27.0N,96.6W,20,1011,,,,,,,,,,,,
AL,BERTHA,2002,2,23,20020809,600,,TD,27.2N,97.1W,20,1011,,,,,,,,,,,,
AL,BERTHA,2002,2,23,20020809,800,L,TD,27.3N,97.4W,20,1011,,,,,,,,,,,,
AL,BERTHA,2002,2,23,20020809,1200,,TD,27.5N,97.7W,20,1012,,,,,,,,,,,,
AL,CRISTOBAL,2002,3,13,20020805,1800,,TD,32.0N,77.2W,30,1008,,,,,,,,,,,,
AL,CRISTOBAL,2002,3,13,20020806,0,,TD,31.5N,77.1W,30,1004,,,,,,,,,,,,
AL,CRISTOBAL,2002,3,13,20020806,600,,TD,31.1N,77.0W,30,1004,,,,,,,,,,,,
AL,CRISTOBAL,2002,3,13,20020806,1200,,TD,30.7N,76.6W,30,1004,,,,,,,,,,,,
AL,CRISTOBAL,2002,3,13,20020806,1800,,TS,30.4N,76.4W,35,1002,,,,,,,,,,,,
AL,CRISTOBAL,2002,3,13,20020807,0,,TS,30.1N,76.2W,40,999,,,,,,,,,,,,
AL,CRISTOBAL,2002,3,13,20020807,600,,TS,29.7N,76.2W,40,999,,,,,,,,,,,,
AL,CRISTOBAL,2002,3,13,20020807,1200,,TS,29.4N,76.0W,40,999,,,,,,,,,,,,
AL,CRISTOBAL,2002,3,13,20020807,1800,,TS,29.7N,75.7W,40,1000,,,,,,,,,,,,
AL,CRISTOBAL,2002,3,13,20020808,0,,TS,29.7N,75.3W,45,1000,,,,,,,,,,,,
AL,CRISTOBAL,2002,3,13,20020808,600,,TS,29.7N,74.9W,45,1000,,,,,,,,,,,,
AL,CRISTOBAL,2002,3,13,20020808,1200,,TS,29.9N,74.0W,45,1003,,,,,,,,,,,,
AL,CRISTOBAL,2002,3,13,20020808,1800,,TS,31.0N,72.0W,45,1008,,,,,,,,,,,,
AL,DOLLY,2002,4,26,20020829,1200,,TD,9.5N,31.2W,30,1007,,,,,,,,,,,,
AL,DOLLY,2002,4,26,20020829,1800,,TS,9.7N,32.2W,35,1005,,,,,,,,,,,,
AL,DOLLY,2002,4,26,20020830,0,,TS,9.7N,33.1W,40,1002,,,,,,,,,,,,
AL,DOLLY,2002,4,26,20020830,600,,TS,10.0N,34.5W,45,1000,,,,,,,,,,,,
AL,DOLLY,2002,4,26,20020830,1200,,TS,10.3N,36.3W,50,997,,,,,,,,,,,,
AL,DOLLY,2002,4,26,20020830,1800,,TS,10.8N,37.7W,50,1000,,,,,,,,,,,,
AL,DOLLY,2002,4,26,20020831,0,,TS,11.5N,39.1W,45,1000,,,,,,,,,,,,
AL,DOLLY,2002,4,26,20020831,600,,TS,12.1N,40.9W,40,1002,,,,,,,,,,,,
AL,DOLLY,2002,4,26,20020831,1200,,TS,12.8N,42.9W,35,1005,,,,,,,,,,,,
AL,DOLLY,2002,4,26,20020831,1800,,TS,13.2N,44.9W,35,1005,,,,,,,,,,,,
AL,DOLLY,2002,4,26,20020901,0,,TS,13.6N,46.8W,35,1005,,,,,,,,,,,,
AL,DOLLY,2002,4,26,20020901,600,,TS,14.1N,48.4W,35,1005,,,,,,,,,,,,
AL,DOLLY,2002,4,26,20020901,1200,,TS,14.8N,49.9W,35,1005,,,,,,,,,,,,
AL,DOLLY,2002,4,26,20020901,1800,,TS,15.6N,51.2W,40,1002,,,,,,,,,,,,
AL,DOLLY,2002,4,26,20020902,0,,TS,16.4N,52.0W,40,1001,,,,,,,,,,,,
AL,DOLLY,2002,4,26,20020902,600,,TS,17.1N,52.5W,40,1001,,,,,,,,,,,,
AL,DOLLY,2002,4,26,20020902,1200,,TS,17.9N,52.9W,45,1000,,,,,,,,,,,,
AL,DOLLY,2002,4,26,20020902,1800,,TS,18.5N,53.3W,45,1002,,,,,,,,,,,,
AL,DOLLY,2002,4,26,20020903,0,,TS,19.3N,53.7W,40,1002,,,,,,,,,,,,
AL,DOLLY,2002,4,26,20020903,600,,TS,19.6N,53.7W,45,1000,,,,,,,,,,,,
AL,DOLLY,2002,4,26,20020903,1200,,TS,21.0N,52.9W,45,1000,,,,,,,,,,,,
AL,DOLLY,2002,4,26,20020903,1800,,TS,22.2N,52.4W,45,1001,,,,,,,,,,,,
AL,DOLLY,2002,4,26,20020904,0,,TS,23.1N,52.4W,45,1001,,,,,,,,,,,,
AL,DOLLY,2002,4,26,20020904,600,,TS,23.5N,52.4W,35,1005,,,,,,,,,,,,
AL,DOLLY,2002,4,26,20020904,1200,,TD,23.5N,52.5W,25,1009,,,,,,,,,,,,
AL,DOLLY,2002,4,26,20020904,1800,,LO,24.0N,52.5W,20,1009,,,,,,,,,,,,
AL,EDOUARD,2002,5,21,20020901,1800,,TD,29.2N,78.8W,30,1013,,,,,,,,,,,,
AL,EDOUARD,2002,5,21,20020902,0,,TD,29.7N,79.1W,30,1011,,,,,,,,,,,,
AL,EDOUARD,2002,5,21,20020902,600,,TS,30.1N,79.7W,35,1007,,,,,,,,,,,,
AL,EDOUARD,2002,5,21,20020902,1200,,TS,30.4N,79.6W,35,1007,,,,,,,,,,,,
AL,EDOUARD,2002,5,21,20020902,1800,,TS,30.5N,79.0W,35,1005,,,,,,,,,,,,
AL,EDOUARD,2002,5,21,20020903,0,,TS,30.5N,78.6W,35,1003,,,,,,,,,,,,
AL,EDOUARD,2002,5,21,20020903,600,,TS,30.4N,78.5W,35,1003,,,,,,,,,,,,
AL,EDOUARD,2002,5,21,20020903,1200,,TS,30.4N,78.4W,55,1002,,,,,,,,,,,,
AL,EDOUARD,2002,5,21,20020903,1800,,TS,30.0N,79.0W,45,1004,,,,,,,,,,,,
AL,EDOUARD,2002,5,21,20020904,0,,TS,29.9N,79.1W,40,1005,,,,,,,,,,,,
AL,EDOUARD,2002,5,21,20020904,600,,TS,29.9N,79.5W,35,1002,,,,,,,,,,,,
AL,EDOUARD,2002,5,21,20020904,1200,,TS,29.9N,79.8W,35,1006,,,,,,,,,,,,
AL,EDOUARD,2002,5,21,20020904,1800,,TS,29.7N,80.5W,35,1009,,,,,,,,,,,,
AL,EDOUARD,2002,5,21,20020905,0,,TS,29.4N,81.0W,35,1008,,,,,,,,,,,,
AL,EDOUARD,2002,5,21,20020905,45,L,TS,29.4N,81.1W,35,1009,,,,,,,,,,,,
AL,EDOUARD,2002,5,21,20020905,600,,TD,29.2N,81.6W,25,1011,,,,,,,,,,,,
AL,EDOUARD,2002,5,21,20020905,1200,,TD,28.9N,82.4W,20,1011,,,,,,,,,,,,
AL,EDOUARD,2002,5,21,20020905,1800,,TD,28.6N,83.4W,20,1011,,,,,,,,,,,,
AL,EDOUARD,2002,5,21,20020906,0,,TD,28.4N,83.9W,20,1009,,,,,,,,,,,,
AL,EDOUARD,2002,5,21,20020906,600,,TD,28.3N,84.7W,20,1010,,,,,,,,,,,,
AL,EDOUARD,2002,5,21,20020906,1200,,TD,28.5N,86.0W,20,1008,,,,,,,,,,,,
AL,FAY,2002,6,23,20020905,1800,,TD,28.0N,93.8W,30,1009,,,,,,,,,,,,
AL,FAY,2002,6,23,20020906,0,,TS,27.8N,93.9W,35,1006,,,,,,,,,,,,
AL,FAY,2002,6,23,20020906,600,,TS,27.6N,94.1W,45,1005,,,,,,,,,,,,
AL,FAY,2002,6,23,20020906,1200,,TS,27.7N,94.5W,50,1001,,,,,,,,,,,,
AL,FAY,2002,6,23,20020906,1800,,TS,27.8N,94.7W,50,999,,,,,,,,,,,,
AL,FAY,2002,6,23,20020907,0,,TS,27.9N,95.0W,50,998,,,,,,,,,,,,
AL,FAY,2002,6,23,20020907,600,,TS,28.1N,95.6W,50,999,,,,,,,,,,,,
AL,FAY,2002,6,23,20020907,900,L,TS,28.5N,96.3W,50,999,,,,,,,,,,,,
AL,FAY,2002,6,23,20020907,1200,,TD,29.1N,96.9W,30,1002,,,,,,,,,,,,
AL,FAY,2002,6,23,20020907,1800,,TD,28.9N,98.5W,25,1002,,,,,,,,,,,,
AL,FAY,2002,6,23,20020908,0,,TD,28.9N,98.9W,20,1003,,,,,,,,,,,,
AL,FAY,2002,6,23,20020908,600,,LO,28.7N,99.3W,15,1007,,,,,,,,,,,,
AL,FAY,2002,6,23,20020908,1200,,LO,29.0N,99.5W,10,1007,,,,,,,,,,,,
AL,FAY,2002,6,23,20020908,1800,,LO,28.9N,99.1W,10,1008,,,,,,,,,,,,
AL,FAY,2002,6,23,20020909,0,,LO,28.5N,99.2W,10,1008,,,,,,,,,,,,
AL,FAY,2002,6,23,20020909,600,,LO,28.3N,99.2W,10,1008,,,,,,,,,,,,
AL,FAY,2002,6,23,20020909,1200,,LO,28.1N,99.4W,10,1009,,,,,,,,,,,,
AL,FAY,2002,6,23,20020909,1800,,LO,27.8N,99.6W,10,1009,,,,,,,,,,,,
AL,FAY,2002,6,23,20020910,0,,LO,27.4N,99.5W,10,1008,,,,,,,,,,,,
AL,FAY,2002,6,23,20020910,600,,LO,27.0N,99.3W,10,1008,,,,,,,,,,,,
AL,FAY,2002,6,23,20020910,1200,,LO,26.8N,99.8W,10,1008,,,,,,,,,,,,
AL,FAY,2002,6,23,20020910,1800,,LO,26.6N,100.4W,10,1008,,,,,,,,,,,,
AL,FAY,2002,6,23,20020911,0,,LO,26.5N,101.0W,10,1007,,,,,,,,,,,,
AL,UNNAMED,2002,7,5,20020907,1200,,TD,24.3N,47.5W,30,1013,,,,,,,,,,,,
AL,UNNAMED,2002,7,5,20020907,1800,,TD,24.5N,48.2W,30,1014,,,,,,,,,,,,
AL,UNNAMED,2002,7,5,20020908,0,,TD,24.5N,49.1W,30,1015,,,,,,,,,,,,
AL,UNNAMED,2002,7,5,20020908,600,,TD,24.5N,50.2W,25,1016,,,,,,,,,,,,
AL,UNNAMED,2002,7,5,20020908,1200,,TD,24.4N,51.3W,25,1016,,,,,,,,,,,,
AL,GUSTAV,2002,8,30,20020908,1200,,SD,29.0N,71.0W,30,1009,,,,,,,,,,,,
AL,GUSTAV,2002,8,30,20020908,1800,,SS,30.2N,71.1W,35,1007,,,,,,,,,,,,
AL,GUSTAV,2002,8,30,20020909,0,,SS,30.5N,72.3W,40,1004,,,,,,,,,,,,
AL,GUSTAV,2002,8,30,20020909,600,,SS,31.2N,72.6W,40,1003,,,,,,,,,,,,
AL,GUSTAV,2002,8,30,20020909,1200,,SS,31.6N,73.6W,40,1002,,,,,,,,,,,,
AL,GUSTAV,2002,8,30,20020909,1800,,SS,31.9N,74.5W,40,1002,,,,,,,,,,,,
AL,GUSTAV,2002,8,30,20020910,0,,SS,32.1N,75.5W,45,996,,,,,,,,,,,,
AL,GUSTAV,2002,8,30,20020910,600,,SS,33.0N,75.5W,50,990,,,,,,,,,,,,
AL,GUSTAV,2002,8,30,20020910,1200,,TS,33.7N,75.4W,50,987,,,,,,,,,,,,
AL,GUSTAV,2002,8,30,20020910,1800,,TS,35.0N,75.4W,55,985,,,,,,,,,,,,
AL,GUSTAV,2002,8,30,20020911,0,,TS,35.5N,74.7W,55,983,,,,,,,,,,,,
AL,GUSTAV,2002,8,30,20020911,600,,TS,36.8N,73.0W,60,977,,,,,,,,,,,,
AL,GUSTAV,2002,8,30,20020911,1200,,HU,38.0N,70.8W,70,971,,,,,,,,,,,,
AL,GUSTAV,2002,8,30,20020911,1800,,HU,40.3N,66.8W,85,964,,,,,,,,,,,,
AL,GUSTAV,2002,8,30,20020912,0,,HU,43.1N,62.8W,80,962,,,,,,,,,,,,
AL,GUSTAV,2002,8,30,20020912,400,P,HU,45.3N,60.8W,80,960,,,,,,,,,,,,
AL,GUSTAV,2002,8,30,20020912,430,L,HU,45.6N,60.4W,80,960,,,,,,,,,,,,
AL,GUSTAV,2002,8,30,20020912,600,,HU,46.5N,59.6W,75,960,,,,,,,,,,,,
AL,GUSTAV,2002,8,30,20020912,900,L,HU,47.6N,58.6W,65,963,,,,,,,,,,,,
AL,GUSTAV,2002,8,30,20020912,1200,,EX,48.6N,57.7W,60,965,,,,,,,,,,,,
AL,GUSTAV,2002,8,30,20020912,1800,,EX,50.1N,55.5W,60,967,,,,,,,,,,,,
AL,GUSTAV,2002,8,30,20020913,0,,EX,51.0N,54.0W,55,968,,,,,,,,,,,,
AL,GUSTAV,2002,8,30,20020913,600,,EX,52.5N,52.5W,50,968,,,,,,,,,,,,
AL,GUSTAV,2002,8,30,20020913,1200,,EX,54.5N,51.4W,45,972,,,,,,,,,,,,
AL,GUSTAV,2002,8,30,20020913,1800,,EX,56.0N,49.5W,45,976,,,,,,,,,,,,
AL,GUSTAV,2002,8,30,20020914,0,,EX,57.0N,51.5W,40,982,,,,,,,,,,,,
AL,GUSTAV,2002,8,30,20020914,600,,EX,58.0N,52.5W,35,984,,,,,,,,,,,,
AL,GUSTAV,2002,8,30,20020914,1200,,EX,59.5N,53.5W,30,989,,,,,,,,,,,,
AL,GUSTAV,2002,8,30,20020914,1800,,EX,61.0N,54.0W,30,992,,,,,,,,,,,,
AL,GUSTAV,2002,8,30,20020915,0,,EX,62.5N,54.5W,20,998,,,,,,,,,,,,
AL,HANNA,2002,9,17,20020912,0,,TD,26.3N,86.6W,30,1001,,,,,,,,,,,,
AL,HANNA,2002,9,17,20020912,600,,TS,26.7N,86.4W,35,1001,,,,,,,,,,,,
AL,HANNA,2002,9,17,20020912,1200,,TS,27.0N,86.7W,35,1001,,,,,,,,,,,,
AL,HANNA,2002,9,17,20020912,1800,,TS,27.1N,87.5W,35,1001,,,,,,,,,,,,
AL,HANNA,2002,9,17,20020913,0,,TS,26.7N,88.0W,35,1001,,,,,,,,,,,,
AL,HANNA,2002,9,17,20020913,600,,TS,26.9N,88.8W,40,1002,,,,,,,,,,,,
AL,HANNA,2002,9,17,20020913,1200,,TS,27.4N,89.3W,45,1002,,,,,,,,,,,,
AL,HANNA,2002,9,17,20020913,1800,,TS,27.7N,89.3W,45,1003,,,,,,,,,,,,
AL,HANNA,2002,9,17,20020914,0,,TS,28.0N,89.2W,50,1001,,,,,,,,,,,,
AL,HANNA,2002,9,17,20020914,600,,TS,28.7N,89.1W,50,1003,,,,,,,,,,,,
AL,HANNA,2002,9,17,20020914,800,L,TS,29.1N,89.1W,50,1003,,,,,,,,,,,,
AL,HANNA,2002,9,17,20020914,1200,,TS,30.0N,88.8W,50,1003,,,,,,,,,,,,
AL,HANNA,2002,9,17,20020914,1500,L,TS,30.4N,88.4W,50,1002,,,,,,,,,,,,
AL,HANNA,2002,9,17,20020914,1800,,TD,30.8N,88.0W,30,1005,,,,,,,,,,,,
AL,HANNA,2002,9,17,20020915,0,,TD,31.5N,87.0W,20,1009,,,,,,,,,,,,
AL,HANNA,2002,9,17,20020915,600,,TD,32.0N,86.0W,20,1011,,,,,,,,,,,,
AL,HANNA,2002,9,17,20020915,1200,,TD,33.0N,85.0W,20,1014,,,,,,,,,,,,
AL,ISIDORE,2002,10,55,20020914,1800,,TD,10.0N,60.5W,25,1009,,,,,,,,,,,,
AL,ISIDORE,2002,10,55,20020915,0,,TD,10.2N,62.4W,25,1009,,,,,,,,,,,,
AL,ISIDORE,2002,10,55,20020915,600,,TD,10.6N,64.3W,25,1009,,,,,,,,,,,,
AL,ISIDORE,2002,10,55,20020915,1200,,TD,11.2N,66.4W,25,1009,,,,,,,,,,,,
AL,ISIDORE,2002,10,55,20020915,1800,,WV,12.3N,68.5W,25,1009,,,,,,,,,,,,
AL,ISIDORE,2002,10,55,20020916,0,,WV,14.2N,70.5W,20,1009,,,,,,,,,,,,
AL,ISIDORE,2002,10,55,20020916,600,,WV,15.0N,71.9W,20,1008,,,,,,,,,,,,
AL,ISIDORE,2002,10,55,20020916,1200,,WV,15.5N,73.2W,20,1008,,,,,,,,,,,,
AL,ISIDORE,2002,10,55,20020916,1800,,WV,15.7N,74.5W,20,1008,,,,,,,,,,,,
AL,ISIDORE,2002,10,55,20020917,0,,WV,15.8N,75.3W,25,1008,,,,,,,,,,,,
AL,ISIDORE,2002,10,55,20020917,600,,WV,15.8N,76.1W,25,1008,,,,,,,,,,,,
AL,ISIDORE,2002,10,55,20020917,1200,,TD,15.9N,76.8W,30,1008,,,,,,,,,,,,
AL,ISIDORE,2002,10,55,20020917,1800,,TD,16.3N,77.4W,30,1006,,,,,,,,,,,,
AL,ISIDORE,2002,10,55,20020918,0,,TD,16.7N,77.7W,30,1006,,,,,,,,,,,,
AL,ISIDORE,2002,10,55,20020918,600,,TS,17.1N,78.1W,35,1006,,,,,,,,,,,,
AL,ISIDORE,2002,10,55,20020918,1200,,TS,17.7N,78.5W,40,1004,,,,,,,,,,,,
AL,ISIDORE,2002,10,55,20020918,1800,,TS,18.7N,78.6W,45,1001,,,,,,,,,,,,
AL,ISIDORE,2002,10,55,20020919,0,,TS,19.3N,79.3W,50,998,,,,,,,,,,,,
AL,ISIDORE,2002,10,55,20020919,600,,TS,19.7N,80.4W,50,990,,,,,,,,,,,,
AL,ISIDORE,2002,10,55,20020919,1200,,TS,19.9N,80.9W,60,990,,,,,,,,,,,,
AL,ISIDORE,2002,10,55,20020919,1800,,HU,20.4N,81.7W,65,983,,,,,,,,,,,,
AL,ISIDORE,2002,10,55,20020920,0,,HU,20.7N,82.3W,75,979,,,,,,,,,,,,
AL,ISIDORE,2002,10,55,20020920,600,,HU,21.1N,83.0W,90,967,,,,,,,,,,,,
AL,ISIDORE,2002,10,55,20020920,1200,,HU,21.5N,83.5W,85,966,,,,,,,,,,,,
AL,ISIDORE,2002,10,55,20020920,1800,,HU,21.8N,84.0W,75,965,,,,,,,,,,,,
AL,ISIDORE,2002,10,55,20020920,2100,L,HU,22.0N,84.1W,75,964,,,,,,,,,,,,
AL,ISIDORE,2002,10,55,20020921,0,,HU,22.1N,84.3W,75,964,,,,,,,,,,,,
AL,ISIDORE,2002,10,55,20020921,600,,HU,22.3N,85.1W,85,964,,,,,,,,,,,,
AL,ISIDORE,2002,10,55,20020921,1200,,HU,22.0N,85.8W,100,955,,,,,,,,,,,,
AL,ISIDORE,2002,10,55,20020921,1800,,HU,21.9N,86.1W,110,946,,,,,,,,,,,,
AL,ISIDORE,2002,10,55,20020922,0,,HU,22.1N,86.5W,110,947,,,,,,,,,,,,
AL,ISIDORE,2002,10,55,20020922,600,,HU,22.0N,87.4W,110,936,,,,,,,,,,,,
AL,ISIDORE,2002,10,55,20020922,1200,,HU,21.9N,88.2W,110,934,,,,,,,,,,,,
AL,ISIDORE,2002,10,55,20020922,1800,,HU,21.6N,88.9W,110,935,,,,,,,,,,,,
AL,ISIDORE,2002,10,55,20020922,2100,L,HU,21.3N,89.3W,110,936,,,,,,,,,,,,
AL,ISIDORE,2002,10,55,20020923,0,,HU,21.0N,89.4W,100,950,,,,,,,,,,,,
AL,ISIDORE,2002,10,55,20020923,600,,HU,20.6N,89.6W,70,952,,,,,,,,,,,,
AL,ISIDORE,2002,10,55,20020923,1200,,TS,20.1N,89.6W,60,960,,,,,,,,,,,,
AL,ISIDORE,2002,10,55,20020923,1800,,TS,20.3N,89.4W,50,968,,,,,,,,,,,,
AL,ISIDORE,2002,10,55,20020924,0,,TS,20.5N,89.3W,35,980,,,,,,,,,,,,
AL,ISIDORE,2002,10,55,20020924,600,,TS,21.0N,89.5W,45,985,,,,,,,,,,,,
AL,ISIDORE,2002,10,55,20020924,1200,,TS,21.7N,89.7W,50,987,,,,,,,,,,,,
AL,ISIDORE,2002,10,55,20020924,1800,,TS,22.1N,89.8W,50,988,,,,,,,,,,,,
AL,ISIDORE,2002,10,55,20020925,0,,TS,23.0N,89.7W,50,987,,,,,,,,,,,,
AL,ISIDORE,2002,10,55,20020925,600,,TS,24.2N,89.7W,50,987,,,,,,,,,,,,
AL,ISIDORE,2002,10,55,20020925,1200,,TS,25.4N,90.2W,50,990,,,,,,,,,,,,
AL,ISIDORE,2002,10,55,20020925,1800,,TS,26.3N,90.4W,55,988,,,,,,,,,,,,
AL,ISIDORE,2002,10,55,20020926,0,,TS,27.5N,90.3W,55,989,,,,,,,,,,,,
AL,ISIDORE,2002,10,55,20020926,600,L,TS,29.1N,90.3W,55,984,,,,,,,,,,,,
AL,ISIDORE,2002,10,55,20020926,1200,,TS,30.0N,89.9W,55,985,,,,,,,,,,,,
AL,ISIDORE,2002,10,55,20020926,1800,,TS,32.2N,89.8W,40,988,,,,,,,,,,,,
AL,ISIDORE,2002,10,55,20020927,0,,TD,33.0N,89.0W,20,992,,,,,,,,,,,,
AL,ISIDORE,2002,10,55,20020927,600,,TD,35.0N,86.5W,20,995,,,,,,,,,,,,
AL,ISIDORE,2002,10,55,20020927,1200,,TD,39.1N,82.9W,20,998,,,,,,,,,,,,
AL,ISIDORE,2002,10,55,20020927,1800,,EX,40.9N,79.5W,20,999,,,,,,,,,,,,
AL,JOSEPHINE,2002,11,9,20020917,1200,,TD,32.7N,52.4W,30,1016,,,,,,,,,,,,
AL,JOSEPHINE,2002,11,9,20020917,1800,,TD,33.2N,52.7W,30,1015,,,,,,,,,,,,
AL,JOSEPHINE,2002,11,9,20020918,0,,TD,33.7N,52.7W,30,1014,,,,,,,,,,,,
AL,JOSEPHINE,2002,11,9,20020918,600,,TS,34.7N,52.7W,35,1009,,,,,,,,,,,,
AL,JOSEPHINE,2002,11,9,20020918,1200,,TS,35.5N,52.0W,35,1009,,,,,,,,,,,,
AL,JOSEPHINE,2002,11,9,20020918,1800,,TS,36.6N,50.5W,35,1009,,,,,,,,,,,,
AL,JOSEPHINE,2002,11,9,20020919,0,,TS,38.0N,48.8W,35,1009,,,,,,,,,,,,
AL,JOSEPHINE,2002,11,9,20020919,600,,TS,39.5N,46.7W,35,1009,,,,,,,,,,,,
AL,JOSEPHINE,2002,11,9,20020919,1200,,EX,41.5N,43.3W,50,1004,,,,,,,,,,,,
AL,KYLE,2002,12,90,20020920,1800,,SD,28.3N,51.8W,25,1007,,,,,,,,,,,,
AL,KYLE,2002,12,90,20020921,0,,SD,29.3N,51.4W,30,1007,,,,,,,,,,,,
AL,KYLE,2002,12,90,20020921,600,,SS,30.4N,51.6W,35,1007,,,,,,,,,,,,
AL,KYLE,2002,12,90,20020921,1200,,SS,31.0N,51.6W,35,1007,,,,,,,,,,,,
AL,KYLE,2002,12,90,20020921,1800,,SS,31.7N,51.3W,40,1006,,,,,,,,,,,,
AL,KYLE,2002,12,90,20020922,0,,SS,32.4N,50.9W,45,1004,,,,,,,,,,,,
AL,KYLE,2002,12,90,20020922,600,,SS,32.8N,50.5W,40,1006,,,,,,,,,,,,
AL,KYLE,2002,12,90,20020922,1200,,SS,33.2N,49.9W,40,1006,,,,,,,,,,,,
AL,KYLE,2002,12,90,20020922,1800,,SS,33.3N,49.5W,40,1006,,,,,,,,,,,,
AL,KYLE,2002,12,90,20020923,0,,TS,33.2N,49.1W,35,1007,,,,,,,,,,,,
AL,KYLE,2002,12,90,20020923,600,,TS,32.7N,49.4W,35,1007,,,,,,,,,,,,
AL,KYLE,2002,12,90,20020923,1200,,TS,32.3N,49.5W,35,1005,,,,,,,,,,,,
AL,KYLE,2002,12,90,20020923,1800,,TS,31.9N,49.6W,40,1003,,,,,,,,,,,,
AL,KYLE,2002,12,90,20020924,0,,TS,31.4N,50.0W,40,1003,,,,,,,,,,,,
AL,KYLE,2002,12,90,20020924,600,,TS,31.0N,50.4W,45,1000,,,,,,,,,,,,
AL,KYLE,2002,12,90,20020924,1200,,TS,30.6N,50.7W,50,997,,,,,,,,,,,,
AL,KYLE,2002,12,90,20020924,1800,,TS,30.3N,51.1W,55,994,,,,,,,,,,,,
AL,KYLE,2002,12,90,20020925,0,,TS,30.0N,52.1W,55,994,,,,,,,,,,,,
AL,KYLE,2002,12,90,20020925,600,,TS,29.7N,53.7W,55,994,,,,,,,,,,,,
AL,KYLE,2002,12,90,20020925,1200,,TS,29.3N,54.4W,60,990,,,,,,,,,,,,
AL,KYLE,2002,12,90,20020925,1800,,HU,29.0N,55.3W,65,987,,,,,,,,,,,,
AL,KYLE,2002,12,90,20020926,0,,HU,28.6N,56.6W,65,987,,,,,,,,,,,,
AL,KYLE,2002,12,90,20020926,600,,HU,28.2N,57.5W,70,984,,,,,,,,,,,,
AL,KYLE,2002,12,90,20020926,1200,,HU,27.9N,58.3W,75,982,,,,,,,,,,,,
AL,KYLE,2002,12,90,20020926,1800,,HU,27.8N,59.0W,75,981,,,,,,,,,,,,
AL,KYLE,2002,12,90,20020927,0,,HU,27.5N,59.5W,75,980,,,,,,,,,,,,
AL,KYLE,2002,12,90,20020927,600,,HU,27.1N,60.0W,75,982,,,,,,,,,,,,
AL,KYLE,2002,12,90,20020927,1200,,HU,27.0N,60.4W,75,982,,,,,,,,,,,,
AL,KYLE,2002,12,90,20020927,1800,,HU,26.8N,60.8W,70,984,,,,,,,,,,,,
AL,KYLE,2002,12,90,20020928,0,,HU,26.5N,61.4W,70,984,,,,,,,,,,,,
AL,KYLE,2002,12,90,20020928,600,,HU,26.3N,62.3W,65,987,,,,,,,,,,,,
AL,KYLE,2002,12,90,20020928,1200,,TS,26.5N,62.9W,60,990,,,,,,,,,,,,
AL,KYLE,2002,12,90,20020928,1800,,TS,26.7N,63.2W,50,997,,,,,,,,,,,,
AL,KYLE,2002,12,90,20020929,0,,TS,27.1N,63.7W,45,1000,,,,,,,,,,,,
AL,KYLE,2002,12,90,20020929,600,,TS,27.2N,64.4W,40,1002,,,,,,,,,,,,
AL,KYLE,2002,12,90,20020929,1200,,TS,27.7N,64.7W,40,1002,,,,,,,,,,,,
AL,KYLE,2002,12,90,20020929,1800,,TS,28.1N,64.7W,40,1002,,,,,,,,,,,,
AL,KYLE,2002,12,90,20020930,0,,TS,28.7N,64.6W,40,1002,,,,,,,,,,,,
AL,KYLE,2002,12,90,20020930,600,,TS,29.1N,64.7W,35,1003,,,,,,,,,,,,
AL,KYLE,2002,12,90,20020930,1200,,TS,29.0N,65.5W,35,1004,,,,,,,,,,,,
AL,KYLE,2002,12,90,20020930,1800,,TD,27.8N,66.7W,30,1005,,,,,,,,,,,,
AL,KYLE,2002,12,90,20021001,0,,TD,28.2N,66.8W,30,1005,,,,,,,,,,,,
AL,KYLE,2002,12,90,20021001,600,,TD,28.5N,66.8W,30,1008,,,,,,,,,,,,
AL,KYLE,2002,12,90,20021001,1200,,TS,28.5N,67.2W,35,1005,,,,,,,,,,,,
AL,KYLE,2002,12,90,20021001,1800,,TS,28.5N,67.5W,40,1002,,,,,,,,,,,,
AL,KYLE,2002,12,90,20021002,0,,TS,28.4N,67.7W,45,1000,,,,,,,,,,,,
AL,KYLE,2002,12,90,20021002,600,,TS,28.5N,67.8W,45,1000,,,,,,,,,,,,
AL,KYLE,2002,12,90,20021002,1200,,TS,28.8N,67.6W,50,997,,,,,,,,,,,,
AL,KYLE,2002,12,90,20021002,1800,,TS,29.0N,66.9W,55,994,,,,,,,,,,,,
AL,KYLE,2002,12,90,20021003,0,,TS,29.1N,66.7W,55,994,,,,,,,,,,,,
AL,KYLE,2002,12,90,20021003,600,,TS,29.0N,66.6W,55,994,,,,,,,,,,,,
AL,KYLE,2002,12,90,20021003,1200,,TS,29.0N,67.2W,50,1000,,,,,,,,,,,,
AL,KYLE,2002,12,90,20021003,1800,,TS,29.3N,67.7W,45,1000,,,,,,,,,,,,
AL,KYLE,2002,12,90,20021004,0,,TS,29.4N,68.0W,45,1000,,,,,,,,,,,,
AL,KYLE,2002,12,90,20021004,600,,TS,29.6N,68.4W,35,1000,,,,,,,,,,,,
AL,KYLE,2002,12,90,20021004,1200,,TS,30.1N,69.5W,35,1004,,,,,,,,,,,,
AL,KYLE,2002,12,90,20021004,1800,,TS,30.6N,70.2W,35,1004,,,,,,,,,,,,
AL,KYLE,2002,12,90,20021005,0,,TS,31.1N,70.9W,35,1004,,,,,,,,,,,,
AL,KYLE,2002,12,90,20021005,600,,TD,31.6N,71.6W,30,1006,,,,,,,,,,,,
AL,KYLE,2002,12,90,20021005,1200,,TD,32.3N,71.3W,30,1005,,,,,,,,,,,,
AL,KYLE,2002,12,90,20021005,1800,,TD,32.9N,70.8W,30,1005,,,,,,,,,,,,
AL,KYLE,2002,12,90,20021006,0,,TD,33.2N,70.1W,30,1006,,,,,,,,,,,,
AL,KYLE,2002,12,90,20021006,600,,TD,33.6N,69.7W,30,1008,,,,,,,,,,,,
AL,KYLE,2002,12,90,20021006,1200,,TS,33.3N,69.7W,35,1007,,,,,,,,,,,,
AL,KYLE,2002,12,90,20021006,1800,,TS,32.8N,69.7W,35,1006,,,,,,,,,,,,
AL,KYLE,2002,12,90,20021007,0,,TS,32.6N,69.7W,35,1006,,,,,,,,,,,,
AL,KYLE,2002,12,90,20021007,600,,TS,32.6N,70.4W,35,1006,,,,,,,,,,,,
AL,KYLE,2002,12,90,20021007,1200,,TS,32.6N,70.8W,35,1006,,,,,,,,,,,,
AL,KYLE,2002,12,90,20021007,1800,,TS,32.7N,70.9W,35,1006,,,,,,,,,,,,
AL,KYLE,2002,12,90,20021008,0,,TS,32.6N,71.0W,35,1006,,,,,,,,,,,,
AL,KYLE,2002,12,90,20021008,600,,TS,32.1N,71.2W,35,1006,,,,,,,,,,,,
AL,KYLE,2002,12,90,20021008,1200,,TS,31.4N,71.3W,35,1006,,,,,,,,,,,,
AL,KYLE,2002,12,90,20021008,1800,,TD,30.7N,71.9W,30,1009,,,,,,,,,,,,
AL,KYLE,2002,12,90,20021009,0,,TD,29.8N,72.4W,30,1010,,,,,,,,,,,,
AL,KYLE,2002,12,90,20021009,600,,TD,29.0N,73.3W,30,1009,,,,,,,,,,,,
AL,KYLE,2002,12,90,20021009,1200,,TD,28.7N,74.0W,30,1010,,,,,,,,,,,,
AL,KYLE,2002,12,90,20021009,1800,,TD,28.5N,74.8W,25,1011,,,,,,,,,,,,
AL,KYLE,2002,12,90,20021010,0,,TD,28.4N,75.8W,25,1010,,,,,,,,,,,,
AL,KYLE,2002,12,90,20021010,600,,TD,28.3N,77.0W,25,1010,,,,,,,,,,,,
AL,KYLE,2002,12,90,20021010,1200,,TD,28.4N,78.1W,25,1010,,,,,,,,,,,,
AL,KYLE,2002,12,90,20021010,1800,,TD,28.9N,79.5W,30,1010,,,,,,,,,,,,
AL,KYLE,2002,12,90,20021011,0,,TD,29.8N,80.2W,30,1009,,,,,,,,,,,,
AL,KYLE,2002,12,90,20021011,600,,TS,30.7N,80.8W,35,1008,,,,,,,,,,,,
AL,KYLE,2002,12,90,20021011,1200,,TS,31.8N,80.7W,35,1008,,,,,,,,,,,,
AL,KYLE,2002,12,90,20021011,1700,L,TS,33.0N,79.5W,35,1011,,,,,,,,,,,,
AL,KYLE,2002,12,90,20021011,1800,,TS,33.2N,79.3W,35,1011,,,,,,,,,,,,
AL,KYLE,2002,12,90,20021011,2200,L,TS,33.9N,78.4W,35,1011,,,,,,,,,,,,
AL,KYLE,2002,12,90,20021012,0,,TD,34.2N,78.0W,30,1012,,,,,,,,,,,,
AL,KYLE,2002,12,90,20021012,600,,TS,35.4N,75.9W,40,1009,,,,,,,,,,,,
AL,KYLE,2002,12,90,20021012,1200,,TS,36.7N,74.1W,40,1009,,,,,,,,,,,,
AL,LILI,2002,13,57,20020921,1800,,TD,10.2N,44.6W,25,1009,,,,,,,,,,,,
AL,LILI,2002,13,57,20020922,0,,TD,10.3N,46.5W,30,1007,,,,,,,,,,,,
AL,LILI,2002,13,57,20020922,600,,TD,10.8N,48.5W,30,1006,,,,,,,,,,,,
AL,LILI,2002,13,57,20020922,1200,,TD,11.2N,50.4W,30,1006,,,,,,,,,,,,
AL,LILI,2002,13,57,20020922,1800,,TD,11.8N,52.2W,30,1005,,,,,,,,,,,,
AL,LILI,2002,13,57,20020923,0,,TS,12.1N,54.6W,35,1005,,,,,,,,,,,,
AL,LILI,2002,13,57,20020923,600,,TS,12.2N,56.8W,40,1005,,,,,,,,,,,,
AL,LILI,2002,13,57,20020923,1200,,TS,12.4N,58.7W,45,1004,,,,,,,,,,,,
AL,LILI,2002,13,57,20020923,1800,,TS,12.5N,60.4W,50,1005,,,,,,,,,,,,
AL,LILI,2002,13,57,20020924,0,,TS,12.7N,62.1W,50,1006,,,,,,,,,,,,
AL,LILI,2002,13,57,20020924,600,,TS,12.8N,63.7W,50,1006,,,,,,,,,,,,
AL,LILI,2002,13,57,20020924,1200,,TS,13.0N,64.9W,60,1004,,,,,,,,,,,,
AL,LILI,2002,13,57,20020924,1800,,TS,13.2N,66.0W,50,1007,,,,,,,,,,,,
AL,LILI,2002,13,57,20020925,0,,TS,13.5N,66.9W,35,1008,,,,,,,,,,,,
AL,LILI,2002,13,57,20020925,600,,TS,13.7N,67.5W,35,1008,,,,,,,,,,,,
AL,LILI,2002,13,57,20020925,1200,,WV,14.0N,68.2W,40,1008,,,,,,,,,,,,
AL,LILI,2002,13,57,20020925,1800,,WV,14.2N,68.9W,40,1007,,,,,,,,,,,,
AL,LILI,2002,13,57,20020926,0,,WV,14.5N,69.8W,35,1007,,,,,,,,,,,,
AL,LILI,2002,13,57,20020926,600,,WV,14.9N,71.0W,35,1007,,,,,,,,,,,,
AL,LILI,2002,13,57,20020926,1200,,WV,15.3N,72.2W,30,1007,,,,,,,,,,,,
AL,LILI,2002,13,57,20020926,1800,,WV,15.6N,73.0W,30,1006,,,,,,,,,,,,
AL,LILI,2002,13,57,20020927,0,,TD,15.7N,73.5W,30,1006,,,,,,,,,,,,
AL,LILI,2002,13,57,20020927,600,,TD,15.9N,74.0W,30,1006,,,,,,,,,,,,
AL,LILI,2002,13,57,20020927,1200,,TS,16.1N,74.6W,35,1003,,,,,,,,,,,,
AL,LILI,2002,13,57,20020927,1800,,TS,16.7N,75.0W,40,1004,,,,,,,,,,,,
AL,LILI,2002,13,57,20020928,0,,TS,17.4N,75.1W,45,999,,,,,,,,,,,,
AL,LILI,2002,13,57,20020928,600,,TS,17.5N,75.6W,45,999,,,,,,,,,,,,
AL,LILI,2002,13,57,20020928,1200,,TS,18.1N,75.4W,45,1002,,,,,,,,,,,,
AL,LILI,2002,13,57,20020928,1800,,TS,18.5N,75.7W,45,1003,,,,,,,,,,,,
AL,LILI,2002,13,57,20020929,0,,TS,18.8N,76.1W,45,1001,,,,,,,,,,,,
AL,LILI,2002,13,57,20020929,600,,TS,18.8N,76.8W,40,999,,,,,,,,,,,,
AL,LILI,2002,13,57,20020929,1200,,TS,18.7N,77.2W,45,994,,,,,,,,,,,,
AL,LILI,2002,13,57,20020929,1800,,TS,18.7N,77.6W,50,994,,,,,,,,,,,,
AL,LILI,2002,13,57,20020930,0,,TS,19.0N,78.1W,55,993,,,,,,,,,,,,
AL,LILI,2002,13,57,20020930,600,,TS,19.1N,78.7W,60,990,,,,,,,,,,,,
AL,LILI,2002,13,57,20020930,1200,,HU,19.6N,79.6W,65,986,,,,,,,,,,,,
AL,LILI,2002,13,57,20020930,1400,L,HU,19.7N,79.8W,65,986,,,,,,,,,,,,
AL,LILI,2002,13,57,20020930,1800,,HU,20.0N,80.3W,65,984,,,,,,,,,,,,
AL,LILI,2002,13,57,20021001,0,,HU,20.5N,81.1W,70,978,,,,,,,,,,,,
AL,LILI,2002,13,57,20021001,600,,HU,21.0N,82.2W,75,970,,,,,,,,,,,,
AL,LILI,2002,13,57,20021001,1100,L,HU,21.3N,83.0W,90,971,,,,,,,,,,,,
AL,LILI,2002,13,57,20021001,1200,,HU,21.6N,83.2W,90,971,,,,,,,,,,,,
AL,LILI,2002,13,57,20021001,1400,L,HU,22.1N,84.0W,90,971,,,,,,,,,,,,
AL,LILI,2002,13,57,20021001,1800,,HU,22.4N,84.4W,90,971,,,,,,,,,,,,
AL,LILI,2002,13,57,20021002,0,,HU,23.0N,85.7W,90,967,,,,,,,,,,,,
AL,LILI,2002,13,57,20021002,600,,HU,23.6N,87.2W,100,962,,,,,,,,,,,,
AL,LILI,2002,13,57,20021002,1200,,HU,24.4N,88.3W,110,952,,,,,,,,,,,,
AL,LILI,2002,13,57,20021002,1800,,HU,25.4N,89.5W,120,941,,,,,,,,,,,,
AL,LILI,2002,13,57,20021002,2013,I,HU,25.9N,89.9W,125,938,,,,,,,,,,,,
AL,LILI,2002,13,57,20021003,0,,HU,26.7N,90.3W,125,940,,,,,,,,,,,,
AL,LILI,2002,13,57,20021003,600,,HU,28.1N,91.4W,105,957,,,,,,,,,,,,
AL,LILI,2002,13,57,20021003,1200,,HU,29.2N,92.1W,80,962,,,,,,,,,,,,
AL,LILI,2002,13,57,20021003,1300,L,HU,29.5N,92.2W,80,963,,,,,,,,,,,,
AL,LILI,2002,13,57,20021003,1800,,TS,30.5N,92.4W,60,976,,,,,,,,,,,,
AL,LILI,2002,13,57,20021004,0,,TS,31.9N,92.1W,40,985,,,,,,,,,,,,
AL,LILI,2002,13,57,20021004,600,,TD,33.5N,91.4W,30,994,,,,,,,,,,,,
AL,LILI,2002,13,57,20021004,1200,,TD,35.8N,90.0W,25,997,,,,,,,,,,,,
AL,UNNAMED,2002,14,11,20021014,1200,,TD,16.9N,82.6W,30,1008,,,,,,,,,,,,
AL,UNNAMED,2002,14,11,20021014,1800,,TD,17.2N,83.1W,30,1005,,,,,,,,,,,,
AL,UNNAMED,2002,14,11,20021015,0,,TD,17.1N,83.2W,30,1004,,,,,,,,,,,,
AL,UNNAMED,2002,14,11,20021015,600,,TD,17.5N,83.0W,30,1004,,,,,,,,,,,,
AL,UNNAMED,2002,14,11,20021015,1200,,TD,17.9N,82.8W,30,1004,,,,,,,,,,,,
AL,UNNAMED,2002,14,11,20021015,1800,,TD,18.6N,82.5W,30,1002,,,,,,,,,,,,
AL,UNNAMED,2002,14,11,20021016,0,,TD,19.7N,82.2W,30,1003,,,,,,,,,,,,
AL,UNNAMED,2002,14,11,20021016,600,,TD,20.5N,81.6W,30,1003,,,,,,,,,,,,
AL,UNNAMED,2002,14,11,20021016,1200,,TD,21.5N,81.0W,30,1005,,,,,,,,,,,,
AL,UNNAMED,2002,14,11,20021016,1600,L,TD,22.0N,80.7W,25,1006,,,,,,,,,,,,
AL,UNNAMED,2002,14,11,20021016,1800,,TD,22.4N,80.5W,25,1006,,,,,,,,,,,,
AL,ANA,2003,1,39,20030418,0,,EX,29.1N,66.2W,30,1008,,,,,,,,,,,,
AL,ANA,2003,1,39,20030418,600,,EX,29.9N,66.0W,30,1008,,,,,,,,,,,,
AL,ANA,2003,1,39,20030418,1200,,EX,30.8N,65.8W,30,1008,,,,,,,,,,,,
AL,ANA,2003,1,39,20030418,1800,,EX,31.9N,66.3W,30,1007,,,,,,,,,,,,
AL,ANA,2003,1,39,20030419,0,,EX,33.0N,66.9W,30,1007,,,,,,,,,,,,
AL,ANA,2003,1,39,20030419,600,,EX,33.8N,67.6W,35,1006,,,,,,,,,,,,
AL,ANA,2003,1,39,20030419,1200,,EX,34.5N,68.6W,35,1006,,,,,,,,,,,,
AL,ANA,2003,1,39,20030419,1800,,EX,34.3N,69.1W,35,1006,,,,,,,,,,,,
AL,ANA,2003,1,39,20030420,0,,EX,33.6N,69.0W,40,1005,,,,,,,,,,,,
AL,ANA,2003,1,39,20030420,600,,SS,32.7N,68.9W,40,1003,,,,,,,,,,,,
AL,ANA,2003,1,39,20030420,1200,,SS,32.0N,68.2W,45,1000,,,,,,,,,,,,
AL,ANA,2003,1,39,20030420,1800,,SS,31.7N,67.3W,45,998,,,,,,,,,,,,
AL,ANA,2003,1,39,20030421,0,,TS,31.4N,66.4W,50,995,,,,,,,,,,,,
AL,ANA,2003,1,39,20030421,600,,TS,30.6N,65.8W,50,995,,,,,,,,,,,,
AL,ANA,2003,1,39,20030421,1200,,TS,30.0N,64.8W,50,995,,,,,,,,,,,,
AL,ANA,2003,1,39,20030421,1800,,TS,29.4N,63.1W,50,994,,,,,,,,,,,,
AL,ANA,2003,1,39,20030422,0,,TS,29.4N,61.5W,50,994,,,,,,,,,,,,
AL,ANA,2003,1,39,20030422,600,,TS,29.5N,60.1W,50,994,,,,,,,,,,,,
AL,ANA,2003,1,39,20030422,1200,,TS,29.6N,58.5W,45,995,,,,,,,,,,,,
AL,ANA,2003,1,39,20030422,1800,,TS,29.7N,56.6W,45,996,,,,,,,,,,,,
AL,ANA,2003,1,39,20030423,0,,TS,30.0N,54.7W,40,998,,,,,,,,,,,,
AL,ANA,2003,1,39,20030423,600,,TS,30.6N,53.0W,40,1000,,,,,,,,,,,,
AL,ANA,2003,1,39,20030423,1200,,TS,31.4N,51.5W,40,1000,,,,,,,,,,,,
AL,ANA,2003,1,39,20030423,1800,,TS,31.9N,50.6W,35,1001,,,,,,,,,,,,
AL,ANA,2003,1,39,20030424,0,,TS,32.1N,49.6W,35,1003,,,,,,,,,,,,
AL,ANA,2003,1,39,20030424,600,,EX,32.0N,48.7W,35,1004,,,,,,,,,,,,
AL,ANA,2003,1,39,20030424,1200,,EX,31.8N,47.8W,35,1005,,,,,,,,,,,,
AL,ANA,2003,1,39,20030424,1800,,EX,31.5N,46.6W,35,1005,,,,,,,,,,,,
AL,ANA,2003,1,39,20030425,0,,EX,31.5N,45.4W,35,1005,,,,,,,,,,,,
AL,ANA,2003,1,39,20030425,600,,EX,31.6N,44.2W,35,1004,,,,,,,,,,,,
AL,ANA,2003,1,39,20030425,1200,,EX,31.7N,43.1W,30,1003,,,,,,,,,,,,
AL,ANA,2003,1,39,20030425,1800,,EX,31.8N,42.1W,30,1004,,,,,,,,,,,,
AL,ANA,2003,1,39,20030426,0,,EX,31.9N,40.8W,30,1005,,,,,,,,,,,,
AL,ANA,2003,1,39,20030426,600,,EX,32.3N,38.4W,35,1002,,,,,,,,,,,,
AL,ANA,2003,1,39,20030426,1200,,EX,32.9N,35.6W,35,1002,,,,,,,,,,,,
AL,ANA,2003,1,39,20030426,1800,,EX,33.6N,32.8W,40,1002,,,,,,,,,,,,
AL,ANA,2003,1,39,20030427,0,,EX,34.4N,29.2W,40,1002,,,,,,,,,,,,
AL,ANA,2003,1,39,20030427,600,,EX,35.3N,25.8W,40,999,,,,,,,,,,,,
AL,ANA,2003,1,39,20030427,1200,,EX,36.1N,22.4W,40,1000,,,,,,,,,,,,
AL,UNNAMED,2003,2,4,20030611,0,,TD,9.5N,40.8W,30,1009,,,,,,,,,,,,
AL,UNNAMED,2003,2,4,20030611,600,,TD,9.6N,42.5W,30,1008,,,,,,,,,,,,
AL,UNNAMED,2003,2,4,20030611,1200,,TD,9.7N,44.2W,30,1008,,,,,,,,,,,,
AL,UNNAMED,2003,2,4,20030611,1800,,TD,9.7N,45.9W,30,1010,,,,,,,,,,,,
AL,BILL,2003,3,21,20030628,600,,LO,19.5N,89.0W,20,1009,,,,,,,,,,,,
AL,BILL,2003,3,21,20030628,1200,,LO,20.0N,89.3W,20,1008,,,,,,,,,,,,
AL,BILL,2003,3,21,20030628,1800,,LO,20.3N,89.4W,20,1008,,,,,,,,,,,,
AL,BILL,2003,3,21,20030629,0,,LO,21.0N,89.8W,20,1008,,,,,,,,,,,,
AL,BILL,2003,3,21,20030629,600,,TD,22.0N,90.0W,30,1007,,,,,,,,,,,,
AL,BILL,2003,3,21,20030629,1200,,TS,23.4N,90.5W,35,1007,,,,,,,,,,,,
AL,BILL,2003,3,21,20030629,1800,,TS,24.6N,91.1W,40,1009,,,,,,,,,,,,
AL,BILL,2003,3,21,20030630,0,,TS,25.9N,91.3W,45,1008,,,,,,,,,,,,
AL,BILL,2003,3,21,20030630,600,,TS,27.1N,91.5W,45,1007,,,,,,,,,,,,
AL,BILL,2003,3,21,20030630,1200,,TS,28.2N,91.5W,50,1002,,,,,,,,,,,,
AL,BILL,2003,3,21,20030630,1800,,TS,29.1N,91.0W,50,997,,,,,,,,,,,,
AL,BILL,2003,3,21,20030630,1900,L,TS,29.3N,91.0W,50,997,,,,,,,,,,,,
AL,BILL,2003,3,21,20030701,0,,TS,30.4N,90.3W,45,998,,,,,,,,,,,,
AL,BILL,2003,3,21,20030701,600,,TD,31.6N,89.3W,30,1003,,,,,,,,,,,,
AL,BILL,2003,3,21,20030701,1200,,TD,32.7N,88.4W,25,1004,,,,,,,,,,,,
AL,BILL,2003,3,21,20030701,1800,,TD,33.6N,87.0W,20,1007,,,,,,,,,,,,
AL,BILL,2003,3,21,20030702,0,,TD,34.1N,86.0W,20,1007,,,,,,,,,,,,
AL,BILL,2003,3,21,20030702,600,,TD,35.0N,84.5W,20,1007,,,,,,,,,,,,
AL,BILL,2003,3,21,20030702,1200,,TD,35.6N,83.5W,20,1009,,,,,,,,,,,,
AL,BILL,2003,3,21,20030702,1800,,EX,36.5N,82.0W,20,1009,,,,,,,,,,,,
AL,BILL,2003,3,21,20030703,0,,EX,37.3N,79.5W,20,1009,,,,,,,,,,,,
AL,CLAUDETTE,2003,4,45,20030707,0,,WV,11.1N,53.5W,25,1010,,,,,,,,,,,,
AL,CLAUDETTE,2003,4,45,20030707,600,,WV,11.8N,55.3W,30,1010,,,,,,,,,,,,
AL,CLAUDETTE,2003,4,45,20030707,1200,,WV,12.6N,57.5W,30,1010,,,,,,,,,,,,
AL,CLAUDETTE,2003,4,45,20030707,1800,,WV,13.2N,59.8W,35,1010,,,,,,,,,,,,
AL,CLAUDETTE,2003,4,45,20030708,0,,WV,13.7N,62.0W,35,1009,,,,,,,,,,,,
AL,CLAUDETTE,2003,4,45,20030708,600,,WV,14.0N,64.8W,40,1009,,,,,,,,,,,,
AL,CLAUDETTE,2003,4,45,20030708,1200,,WV,14.4N,67.6W,40,1009,,,,,,,,,,,,
AL,CLAUDETTE,2003,4,45,20030708,1800,,TS,14.8N,70.0W,45,1006,,,,,,,,,,,,
AL,CLAUDETTE,2003,4,45,20030709,0,,TS,15.0N,72.0W,50,1001,,,,,,,,,,,,
AL,CLAUDETTE,2003,4,45,20030709,600,,TS,15.1N,74.4W,60,1003,,,,,,,,,,,,
AL,CLAUDETTE,2003,4,45,20030709,1200,,TS,15.3N,76.5W,55,1004,,,,,,,,,,,,
AL,CLAUDETTE,2003,4,45,20030709,1800,,TS,15.8N,78.6W,55,1002,,,,,,,,,,,,
AL,CLAUDETTE,2003,4,45,20030710,0,,TS,16.1N,80.3W,55,1002,,,,,,,,,,,,
AL,CLAUDETTE,2003,4,45,20030710,600,,TS,16.6N,81.7W,55,998,,,,,,,,,,,,
AL,CLAUDETTE,2003,4,45,20030710,1200,,HU,17.5N,82.8W,70,988,,,,,,,,,,,,
AL,CLAUDETTE,2003,4,45,20030710,1800,,TS,18.6N,84.1W,55,1003,,,,,,,,,,,,
AL,CLAUDETTE,2003,4,45,20030711,0,,TS,19.7N,85.5W,50,1010,,,,,,,,,,,,
AL,CLAUDETTE,2003,4,45,20030711,600,,TS,20.4N,86.3W,50,1009,,,,,,,,,,,,
AL,CLAUDETTE,2003,4,45,20030711,1000,L,TS,20.8N,86.9W,50,1009,,,,,,,,,,,,
AL,CLAUDETTE,2003,4,45,20030711,1200,,TS,21.1N,87.2W,50,1009,,,,,,,,,,,,
AL,CLAUDETTE,2003,4,45,20030711,1800,,TS,21.8N,88.2W,45,1009,,,,,,,,,,,,
AL,CLAUDETTE,2003,4,45,20030712,0,,TS,22.6N,89.2W,45,1008,,,,,,,,,,,,
AL,CLAUDETTE,2003,4,45,20030712,600,,TS,23.3N,90.2W,45,1007,,,,,,,,,,,,
AL,CLAUDETTE,2003,4,45,20030712,1200,,TS,23.9N,90.7W,45,1006,,,,,,,,,,,,
AL,CLAUDETTE,2003,4,45,20030712,1800,,TS,24.6N,90.9W,45,1008,,,,,,,,,,,,
AL,CLAUDETTE,2003,4,45,20030713,0,,TS,24.9N,91.5W,45,1003,,,,,,,,,,,,
AL,CLAUDETTE,2003,4,45,20030713,600,,TS,24.9N,91.9W,45,1005,,,,,,,,,,,,
AL,CLAUDETTE,2003,4,45,20030713,1200,,TS,25.1N,92.1W,50,999,,,,,,,,,,,,
AL,CLAUDETTE,2003,4,45,20030713,1800,,TS,25.3N,92.2W,50,995,,,,,,,,,,,,
AL,CLAUDETTE,2003,4,45,20030714,0,,TS,25.6N,92.2W,55,991,,,,,,,,,,,,
AL,CLAUDETTE,2003,4,45,20030714,600,,TS,26.0N,92.3W,55,993,,,,,,,,,,,,
AL,CLAUDETTE,2003,4,45,20030714,1200,,TS,26.7N,92.6W,55,991,,,,,,,,,,,,
AL,CLAUDETTE,2003,4,45,20030714,1800,,TS,27.3N,93.0W,60,989,,,,,,,,,,,,
AL,CLAUDETTE,2003,4,45,20030715,0,,TS,27.7N,93.6W,60,988,,,,,,,,,,,,
AL,CLAUDETTE,2003,4,45,20030715,600,,HU,27.9N,94.6W,65,987,,,,,,,,,,,,
AL,CLAUDETTE,2003,4,45,20030715,1200,,HU,28.3N,95.5W,75,982,,,,,,,,,,,,
AL,CLAUDETTE,2003,4,45,20030715,1530,L,HU,28.3N,96.2W,80,979,,,,,,,,,,,,
AL,CLAUDETTE,2003,4,45,20030715,1800,,HU,28.6N,96.9W,70,984,,,,,,,,,,,,
AL,CLAUDETTE,2003,4,45,20030716,0,,TS,28.5N,98.2W,50,995,,,,,,,,,,,,
AL,CLAUDETTE,2003,4,45,20030716,600,,TS,28.5N,99.4W,40,999,,,,,,,,,,,,
AL,CLAUDETTE,2003,4,45,20030716,1200,,TS,28.8N,100.8W,35,1003,,,,,,,,,,,,
AL,CLAUDETTE,2003,4,45,20030716,1800,,TS,29.3N,102.6W,35,1007,,,,,,,,,,,,
AL,CLAUDETTE,2003,4,45,20030717,0,,TD,29.9N,104.3W,30,1014,,,,,,,,,,,,
AL,CLAUDETTE,2003,4,45,20030717,600,,LO,30.5N,106.0W,25,1016,,,,,,,,,,,,
AL,CLAUDETTE,2003,4,45,20030717,1200,,LO,30.9N,107.7W,25,1016,,,,,,,,,,,,
AL,DANNY,2003,5,44,20030716,1200,,TD,30.8N,54.1W,25,1017,,,,,,,,,,,,
AL,DANNY,2003,5,44,20030716,1800,,TD,31.7N,54.7W,30,1015,,,,,,,,,,,,
AL,DANNY,2003,5,44,20030717,0,,TS,32.5N,55.2W,35,1013,,,,,,,,,,,,
AL,DANNY,2003,5,44,20030717,600,,TS,33.4N,55.6W,45,1011,,,,,,,,,,,,
AL,DANNY,2003,5,44,20030717,1200,,TS,34.4N,56.4W,50,1009,,,,,,,,,,,,
AL,DANNY,2003,5,44,20030717,1800,,TS,35.3N,56.6W,55,1008,,,,,,,,,,,,
AL,DANNY,2003,5,44,20030718,0,,TS,36.2N,56.4W,55,1007,,,,,,,,,,,,
AL,DANNY,2003,5,44,20030718,600,,TS,37.1N,56.0W,55,1006,,,,,,,,,,,,
AL,DANNY,2003,5,44,20030718,1200,,TS,38.1N,54.9W,60,1003,,,,,,,,,,,,
AL,DANNY,2003,5,44,20030718,1800,,HU,39.2N,53.4W,65,1002,,,,,,,,,,,,
AL,DANNY,2003,5,44,20030719,0,,HU,40.1N,51.7W,65,1001,,,,,,,,,,,,
AL,DANNY,2003,5,44,20030719,600,,HU,41.1N,50.0W,65,1000,,,,,,,,,,,,
AL,DANNY,2003,5,44,20030719,1200,,HU,42.1N,47.8W,65,1001,,,,,,,,,,,,
AL,DANNY,2003,5,44,20030719,1800,,TS,42.7N,45.8W,60,1003,,,,,,,,,,,,
AL,DANNY,2003,5,44,20030720,0,,TS,42.7N,44.0W,55,1005,,,,,,,,,,,,
AL,DANNY,2003,5,44,20030720,600,,TS,42.5N,42.4W,45,1007,,,,,,,,,,,,
AL,DANNY,2003,5,44,20030720,1200,,TS,41.9N,40.7W,40,1008,,,,,,,,,,,,
AL,DANNY,2003,5,44,20030720,1800,,TD,40.9N,39.2W,30,1009,,,,,,,,,,,,
AL,DANNY,2003,5,44,20030721,0,,TD,39.8N,37.9W,30,1009,,,,,,,,,,,,
AL,DANNY,2003,5,44,20030721,600,,LO,38.8N,36.8W,30,1010,,,,,,,,,,,,
AL,DANNY,2003,5,44,20030721,1200,,LO,37.9N,36.3W,25,1011,,,,,,,,,,,,
AL,DANNY,2003,5,44,20030721,1800,,LO,37.1N,35.9W,25,1013,,,,,,,,,,,,
AL,DANNY,2003,5,44,20030722,0,,LO,36.3N,35.8W,25,1015,,,,,,,,,,,,
AL,DANNY,2003,5,44,20030722,600,,LO,35.7N,36.2W,25,1017,,,,,,,,,,,,
AL,DANNY,2003,5,44,20030722,1200,,LO,35.3N,36.7W,25,1018,,,,,,,,,,,,
AL,DANNY,2003,5,44,20030722,1800,,LO,35.1N,37.2W,25,1019,,,,,,,,,,,,
AL,DANNY,2003,5,44,20030723,0,,LO,35.0N,37.8W,20,1020,,,,,,,,,,,,
AL,DANNY,2003,5,44,20030723,600,,LO,34.9N,38.6W,20,1020,,,,,,,,,,,,
AL,DANNY,2003,5,44,20030723,1200,,LO,35.5N,39.0W,20,1020,,,,,,,,,,,,
AL,DANNY,2003,5,44,20030723,1800,,LO,36.0N,40.0W,20,1020,,,,,,,,,,,,
AL,DANNY,2003,5,44,20030724,0,,LO,36.0N,40.5W,20,1021,,,,,,,,,,,,
AL,DANNY,2003,5,44,20030724,600,,LO,36.6N,40.5W,20,1021,,,,,,,,,,,,
AL,DANNY,2003,5,44,20030724,1200,,LO,36.5N,40.0W,20,1021,,,,,,,,,,,,
AL,DANNY,2003,5,44,20030724,1800,,LO,36.4N,39.5W,20,1021,,,,,,,,,,,,
AL,DANNY,2003,5,44,20030725,0,,LO,36.5N,38.9W,20,1022,,,,,,,,,,,,
AL,DANNY,2003,5,44,20030725,600,,LO,36.3N,39.2W,20,1022,,,,,,,,,,,,
AL,DANNY,2003,5,44,20030725,1200,,LO,36.0N,39.0W,20,1022,,,,,,,,,,,,
AL,DANNY,2003,5,44,20030725,1800,,LO,35.5N,39.0W,20,1022,,,,,,,,,,,,
AL,DANNY,2003,5,44,20030726,0,,LO,34.5N,39.5W,20,1023,,,,,,,,,,,,
AL,DANNY,2003,5,44,20030726,600,,LO,33.8N,40.0W,20,1023,,,,,,,,,,,,
AL,DANNY,2003,5,44,20030726,1200,,LO,33.0N,40.5W,20,1023,,,,,,,,,,,,
AL,DANNY,2003,5,44,20030726,1800,,LO,32.0N,41.0W,20,1023,,,,,,,,,,,,
AL,DANNY,2003,5,44,20030727,0,,LO,31.0N,42.0W,20,1024,,,,,,,,,,,,
AL,DANNY,2003,5,44,20030727,600,,LO,31.0N,43.5W,20,1024,,,,,,,,,,,,
AL,UNNAMED,2003,6,8,20030719,1800,,TD,12.3N,43.5W,30,1010,,,,,,,,,,,,
AL,UNNAMED,2003,6,8,20030720,0,,TD,12.5N,45.2W,30,1010,,,,,,,,,,,,
AL,UNNAMED,2003,6,8,20030720,600,,TD,12.7N,47.0W,30,1011,,,,,,,,,,,,
AL,UNNAMED,2003,6,8,20030720,1200,,TD,12.9N,48.8W,30,1011,,,,,,,,,,,,
AL,UNNAMED,2003,6,8,20030720,1800,,TD,13.2N,50.9W,30,1012,,,,,,,,,,,,
AL,UNNAMED,2003,6,8,20030721,0,,TD,13.5N,53.0W,30,1012,,,,,,,,,,,,
AL,UNNAMED,2003,6,8,20030721,600,,TD,13.8N,55.1W,30,1013,,,,,,,,,,,,
AL,UNNAMED,2003,6,8,20030721,1200,,TD,14.0N,57.4W,30,1012,,,,,,,,,,,,
AL,UNNAMED,2003,7,7,20030725,1200,,TD,29.3N,80.1W,25,1017,,,,,,,,,,,,
AL,UNNAMED,2003,7,7,20030725,1800,,TD,30.1N,80.5W,25,1017,,,,,,,,,,,,
AL,UNNAMED,2003,7,7,20030726,0,,TD,30.7N,80.8W,30,1016,,,,,,,,,,,,
AL,UNNAMED,2003,7,7,20030726,600,L,TD,31.5N,81.3W,25,1018,,,,,,,,,,,,
AL,UNNAMED,2003,7,7,20030726,1200,,TD,32.3N,82.0W,20,1022,,,,,,,,,,,,
AL,UNNAMED,2003,7,7,20030726,1800,,TD,32.8N,82.6W,15,1022,,,,,,,,,,,,
AL,UNNAMED,2003,7,7,20030727,0,,TD,33.0N,83.0W,15,1022,,,,,,,,,,,,
AL,ERIKA,2003,8,11,20030814,1800,,TS,26.4N,83.3W,35,1011,,,,,,,,,,,,
AL,ERIKA,2003,8,11,20030815,0,,TS,26.6N,85.7W,40,1008,,,,,,,,,,,,
AL,ERIKA,2003,8,11,20030815,600,,TS,26.4N,88.3W,40,1008,,,,,,,,,,,,
AL,ERIKA,2003,8,11,20030815,1200,,TS,26.1N,90.5W,45,1007,,,,,,,,,,,,
AL,ERIKA,2003,8,11,20030815,1800,,TS,26.0N,92.5W,50,1001,,,,,,,,,,,,
AL,ERIKA,2003,8,11,20030816,0,,TS,25.9N,94.4W,55,995,,,,,,,,,,,,
AL,ERIKA,2003,8,11,20030816,600,,TS,25.6N,96.2W,60,988,,,,,,,,,,,,
AL,ERIKA,2003,8,11,20030816,1030,L,HU,25.3N,97.4W,65,986,,,,,,,,,,,,
AL,ERIKA,2003,8,11,20030816,1200,,HU,25.2N,97.6W,65,988,,,,,,,,,,,,
AL,ERIKA,2003,8,11,20030816,1800,,TS,24.8N,98.9W,35,1003,,,,,,,,,,,,
AL,ERIKA,2003,8,11,20030817,0,,TD,24.7N,100.3W,25,1008,,,,,,,,,,,,
AL,UNNAMED,2003,9,4,20030821,1800,,TD,14.5N,65.5W,30,1009,,,,,,,,,,,,
AL,UNNAMED,2003,9,4,20030822,0,,TD,15.2N,66.5W,30,1007,,,,,,,,,,,,
AL,UNNAMED,2003,9,4,20030822,600,,TD,15.7N,67.5W,30,1008,,,,,,,,,,,,
AL,UNNAMED,2003,9,4,20030822,1200,,TD,16.2N,68.2W,30,1008,,,,,,,,,,,,
AL,FABIAN,2003,10,53,20030827,1800,,TD,14.6N,30.7W,25,1009,,,,,,,,,,,,
AL,FABIAN,2003,10,53,20030828,0,,TD,14.7N,32.3W,30,1008,,,,,,,,,,,,
AL,FABIAN,2003,10,53,20030828,600,,TD,14.9N,34.2W,30,1008,,,,,,,,,,,,
AL,FABIAN,2003,10,53,20030828,1200,,TS,15.0N,36.2W,35,1006,,,,,,,,,,,,
AL,FABIAN,2003,10,53,20030828,1800,,TS,15.1N,38.2W,40,1004,,,,,,,,,,,,
AL,FABIAN,2003,10,53,20030829,0,,TS,15.2N,40.1W,45,1000,,,,,,,,,,,,
AL,FABIAN,2003,10,53,20030829,600,,TS,15.4N,41.8W,50,997,,,,,,,,,,,,
AL,FABIAN,2003,10,53,20030829,1200,,TS,15.5N,43.1W,50,997,,,,,,,,,,,,
AL,FABIAN,2003,10,53,20030829,1800,,TS,15.8N,44.3W,60,990,,,,,,,,,,,,
AL,FABIAN,2003,10,53,20030830,0,,HU,16.3N,45.6W,65,987,,,,,,,,,,,,
AL,FABIAN,2003,10,53,20030830,600,,HU,16.7N,46.9W,70,984,,,,,,,,,,,,
AL,FABIAN,2003,10,53,20030830,1200,,HU,17.0N,48.0W,85,973,,,,,,,,,,,,
AL,FABIAN,2003,10,53,20030830,1800,,HU,17.3N,49.2W,100,960,,,,,,,,,,,,
AL,FABIAN,2003,10,53,20030831,0,,HU,17.6N,50.3W,110,952,,,,,,,,,,,,
AL,FABIAN,2003,10,53,20030831,600,,HU,17.8N,51.4W,110,952,,,,,,,,,,,,
AL,FABIAN,2003,10,53,20030831,1200,,HU,18.0N,52.5W,110,952,,,,,,,,,,,,
AL,FABIAN,2003,10,53,20030831,1800,,HU,18.2N,53.5W,115,948,,,,,,,,,,,,
AL,FABIAN,2003,10,53,20030901,0,,HU,18.3N,54.3W,120,945,,,,,,,,,,,,
AL,FABIAN,2003,10,53,20030901,600,,HU,18.5N,55.3W,120,949,,,,,,,,,,,,
AL,FABIAN,2003,10,53,20030901,1200,,HU,18.7N,56.3W,120,949,,,,,,,,,,,,
AL,FABIAN,2003,10,53,20030901,1800,,HU,19.0N,57.3W,125,944,,,,,,,,,,,,
AL,FABIAN,2003,10,53,20030902,0,,HU,19.3N,58.3W,125,943,,,,,,,,,,,,
AL,FABIAN,2003,10,53,20030902,600,,HU,19.6N,59.2W,120,945,,,,,,,,,,,,
AL,FABIAN,2003,10,53,20030902,1200,,HU,20.1N,59.9W,120,945,,,,,,,,,,,,
AL,FABIAN,2003,10,53,20030902,1800,,HU,20.5N,60.7W,120,946,,,,,,,,,,,,
AL,FABIAN,2003,10,53,20030903,0,,HU,20.9N,61.3W,115,945,,,,,,,,,,,,
AL,FABIAN,2003,10,53,20030903,600,,HU,21.3N,61.8W,110,945,,,,,,,,,,,,
AL,FABIAN,2003,10,53,20030903,1200,,HU,21.9N,62.3W,110,945,,,,,,,,,,,,
AL,FABIAN,2003,10,53,20030903,1800,,HU,22.5N,62.8W,110,944,,,,,,,,,,,,
AL,FABIAN,2003,10,53,20030904,0,,HU,23.2N,63.0W,115,939,,,,,,,,,,,,
AL,FABIAN,2003,10,53,20030904,600,,HU,23.8N,63.3W,105,944,,,,,,,,,,,,
AL,FABIAN,2003,10,53,20030904,1200,,HU,24.8N,63.8W,105,944,,,,,,,,,,,,
AL,FABIAN,2003,10,53,20030904,1800,,HU,25.8N,64.3W,110,941,,,,,,,,,,,,
AL,FABIAN,2003,10,53,20030905,0,,HU,27.1N,64.6W,115,940,,,,,,,,,,,,
AL,FABIAN,2003,10,53,20030905,600,,HU,28.6N,65.1W,105,946,,,,,,,,,,,,
AL,FABIAN,2003,10,53,20030905,1200,,HU,30.1N,65.3W,105,951,,,,,,,,,,,,
AL,FABIAN,2003,10,53,20030905,1800,,HU,31.8N,65.3W,105,950,,,,,,,,,,,,
AL,FABIAN,2003,10,53,20030906,0,,HU,33.4N,64.7W,100,953,,,,,,,,,,,,
AL,FABIAN,2003,10,53,20030906,600,,HU,34.9N,64.0W,100,956,,,,,,,,,,,,
AL,FABIAN,2003,10,53,20030906,1200,,HU,36.0N,62.4W,100,957,,,,,,,,,,,,
AL,FABIAN,2003,10,53,20030906,1800,,HU,36.9N,60.4W,100,958,,,,,,,,,,,,
AL,FABIAN,2003,10,53,20030907,0,,HU,37.9N,58.2W,90,962,,,,,,,,,,,,
AL,FABIAN,2003,10,53,20030907,600,,HU,39.1N,55.7W,85,965,,,,,,,,,,,,
AL,FABIAN,2003,10,53,20030907,1200,,HU,40.6N,53.4W,80,967,,,,,,,,,,,,
AL,FABIAN,2003,10,53,20030907,1800,,HU,42.3N,50.7W,75,972,,,,,,,,,,,,
AL,FABIAN,2003,10,53,20030908,0,,HU,44.3N,47.9W,70,975,,,,,,,,,,,,
AL,FABIAN,2003,10,53,20030908,600,,HU,46.3N,44.7W,70,977,,,,,,,,,,,,
AL,FABIAN,2003,10,53,20030908,1200,,HU,48.7N,40.8W,65,980,,,,,,,,,,,,
AL,FABIAN,2003,10,53,20030908,1800,,EX,51.7N,36.0W,65,980,,,,,,,,,,,,
AL,FABIAN,2003,10,53,20030909,0,,EX,54.0N,32.0W,60,980,,,,,,,,,,,,
AL,FABIAN,2003,10,53,20030909,600,,EX,56.0N,29.0W,50,982,,,,,,,,,,,,
AL,FABIAN,2003,10,53,20030909,1200,,EX,58.0N,27.0W,50,982,,,,,,,,,,,,
AL,FABIAN,2003,10,53,20030909,1800,,EX,60.0N,27.0W,40,990,,,,,,,,,,,,
AL,GRACE,2003,11,13,20030830,1200,,TD,24.3N,92.4W,30,1008,,,,,,,,,,,,
AL,GRACE,2003,11,13,20030830,1800,,TS,24.9N,93.3W,35,1009,,,,,,,,,,,,
AL,GRACE,2003,11,13,20030831,0,,TS,25.8N,94.3W,35,1009,,,,,,,,,,,,
AL,GRACE,2003,11,13,20030831,600,,TS,27.2N,94.9W,35,1008,,,,,,,,,,,,
AL,GRACE,2003,11,13,20030831,1100,L,TS,29.4N,95.1W,35,1007,,,,,,,,,,,,
AL,GRACE,2003,11,13,20030831,1200,,TS,29.4N,95.2W,35,1007,,,,,,,,,,,,
AL,GRACE,2003,11,13,20030831,1800,,TD,30.1N,95.6W,30,1009,,,,,,,,,,,,
AL,GRACE,2003,11,13,20030901,0,,TD,30.9N,96.4W,25,1009,,,,,,,,,,,,
AL,GRACE,2003,11,13,20030901,600,,TD,31.9N,96.6W,20,1010,,,,,,,,,,,,
AL,GRACE,2003,11,13,20030901,1200,,TD,32.6N,96.5W,20,1010,,,,,,,,,,,,
AL,GRACE,2003,11,13,20030901,1800,,TD,33.6N,95.7W,20,1011,,,,,,,,,,,,
AL,GRACE,2003,11,13,20030902,0,,TD,34.1N,95.0W,15,1011,,,,,,,,,,,,
AL,GRACE,2003,11,13,20030902,600,,TD,34.6N,94.5W,15,1013,,,,,,,,,,,,
AL,HENRI,2003,12,22,20030903,1800,,TD,27.4N,87.7W,25,1013,,,,,,,,,,,,
AL,HENRI,2003,12,22,20030904,0,,TD,27.6N,87.8W,25,1011,,,,,,,,,,,,
AL,HENRI,2003,12,22,20030904,600,,TD,27.8N,87.6W,25,1009,,,,,,,,,,,,
AL,HENRI,2003,12,22,20030904,1200,,TD,27.8N,87.2W,30,1010,,,,,,,,,,,,
AL,HENRI,2003,12,22,20030904,1800,,TD,27.8N,86.3W,30,1002,,,,,,,,,,,,
AL,HENRI,2003,12,22,20030905,0,,TD,27.6N,85.8W,30,1004,,,,,,,,,,,,
AL,HENRI,2003,12,22,20030905,600,,TS,27.7N,85.1W,35,1000,,,,,,,,,,,,
AL,HENRI,2003,12,22,20030905,1200,,TS,28.1N,84.4W,40,997,,,,,,,,,,,,
AL,HENRI,2003,12,22,20030905,1800,,TS,28.3N,84.2W,50,997,,,,,,,,,,,,
AL,HENRI,2003,12,22,20030906,0,,TD,27.9N,83.9W,30,1002,,,,,,,,,,,,
AL,HENRI,2003,12,22,20030906,600,,TD,27.7N,83.5W,30,1005,,,,,,,,,,,,
AL,HENRI,2003,12,22,20030906,900,L,TD,27.9N,82.8W,30,1006,,,,,,,,,,,,
AL,HENRI,2003,12,22,20030906,1200,,TD,28.4N,81.8W,25,1007,,,,,,,,,,,,
AL,HENRI,2003,12,22,20030906,1800,,TD,29.2N,80.4W,25,1006,,,,,,,,,,,,
AL,HENRI,2003,12,22,20030907,0,,TD,30.0N,79.5W,30,1006,,,,,,,,,,,,
AL,HENRI,2003,12,22,20030907,600,,TD,30.5N,79.2W,30,1008,,,,,,,,,,,,
AL,HENRI,2003,12,22,20030907,1200,,TD,30.8N,78.5W,30,1006,,,,,,,,,,,,
AL,HENRI,2003,12,22,20030907,1800,,TD,31.3N,77.9W,30,1006,,,,,,,,,,,,
AL,HENRI,2003,12,22,20030908,0,,TD,31.7N,77.1W,30,1006,,,,,,,,,,,,
AL,HENRI,2003,12,22,20030908,600,,TD,32.1N,76.5W,30,1007,,,,,,,,,,,,
AL,HENRI,2003,12,22,20030908,1200,,TD,32.5N,75.9W,30,1006,,,,,,,,,,,,
AL,HENRI,2003,12,22,20030908,1800,,EX,32.9N,75.3W,25,1006,,,,,,,,,,,,
AL,ISABEL,2003,13,58,20030906,0,,TD,13.8N,31.4W,30,1009,,,,,,,,,,,,
AL,ISABEL,2003,13,58,20030906,600,,TS,13.9N,32.7W,35,1005,,,,,,,,,,,,
AL,ISABEL,2003,13,58,20030906,1200,,TS,13.6N,33.9W,40,1003,,,,,,,,,,,,
AL,ISABEL,2003,13,58,20030906,1800,,TS,13.4N,34.9W,45,1000,,,,,,,,,,,,
AL,ISABEL,2003,13,58,20030907,0,,TS,13.5N,35.8W,55,994,,,,,,,,,,,,
AL,ISABEL,2003,13,58,20030907,600,,TS,13.9N,36.5W,60,991,,,,,,,,,,,,
AL,ISABEL,2003,13,58,20030907,1200,,HU,14.4N,37.3W,65,987,,,,,,,,,,,,
AL,ISABEL,2003,13,58,20030907,1800,,HU,15.2N,38.5W,70,984,,,,,,,,,,,,
AL,ISABEL,2003,13,58,20030908,0,,HU,15.8N,39.7W,80,976,,,,,,,,,,,,
AL,ISABEL,2003,13,58,20030908,600,,HU,16.5N,40.9W,95,966,,,,,,,,,,,,
AL,ISABEL,2003,13,58,20030908,1200,,HU,17.1N,42.0W,110,952,,,,,,,,,,,,
AL,ISABEL,2003,13,58,20030908,1800,,HU,17.6N,43.1W,110,952,,,,,,,,,,,,
AL,ISABEL,2003,13,58,20030909,0,,HU,18.2N,44.1W,115,948,,,,,,,,,,,,
AL,ISABEL,2003,13,58,20030909,600,,HU,18.9N,45.2W,115,948,,,,,,,,,,,,
AL,ISABEL,2003,13,58,20030909,1200,,HU,19.4N,46.3W,115,948,,,,,,,,,,,,
AL,ISABEL,2003,13,58,20030909,1800,,HU,20.0N,47.3W,115,948,,,,,,,,,,,,
AL,ISABEL,2003,13,58,20030910,0,,HU,20.5N,48.3W,110,952,,,,,,,,,,,,
AL,ISABEL,2003,13,58,20030910,600,,HU,20.9N,49.4W,110,952,,,,,,,,,,,,
AL,ISABEL,2003,13,58,20030910,1200,,HU,21.1N,50.4W,115,948,,,,,,,,,,,,
AL,ISABEL,2003,13,58,20030910,1800,,HU,21.1N,51.4W,120,942,,,,,,,,,,,,
AL,ISABEL,2003,13,58,20030911,0,,HU,21.2N,52.3W,125,935,,,,,,,,,,,,
AL,ISABEL,2003,13,58,20030911,600,,HU,21.3N,53.2W,125,935,,,,,,,,,,,,
AL,ISABEL,2003,13,58,20030911,1200,,HU,21.4N,54.0W,135,925,,,,,,,,,,,,
AL,ISABEL,2003,13,58,20030911,1800,,HU,21.5N,54.8W,145,915,,,,,,,,,,,,
AL,ISABEL,2003,13,58,20030912,0,,HU,21.6N,55.7W,140,920,,,,,,,,,,,,
AL,ISABEL,2003,13,58,20030912,600,,HU,21.7N,56.6W,140,920,,,,,,,,,,,,
AL,ISABEL,2003,13,58,20030912,1200,,HU,21.6N,57.4W,140,920,,,,,,,,,,,,
AL,ISABEL,2003,13,58,20030912,1800,,HU,21.7N,58.2W,140,920,,,,,,,,,,,,
AL,ISABEL,2003,13,58,20030913,0,,HU,21.8N,59.1W,135,925,,,,,,,,,,,,
AL,ISABEL,2003,13,58,20030913,600,,HU,21.9N,60.1W,130,935,,,,,,,,,,,,
AL,ISABEL,2003,13,58,20030913,1200,,HU,22.1N,61.0W,135,935,,,,,,,,,,,,
AL,ISABEL,2003,13,58,20030913,1800,,HU,22.5N,62.1W,140,932,,,,,,,,,,,,
AL,ISABEL,2003,13,58,20030914,0,,HU,22.9N,63.3W,135,935,,,,,,,,,,,,
AL,ISABEL,2003,13,58,20030914,600,,HU,23.2N,64.6W,135,939,,,,,,,,,,,,
AL,ISABEL,2003,13,58,20030914,1200,,HU,23.5N,65.8W,135,935,,,,,,,,,,,,
AL,ISABEL,2003,13,58,20030914,1800,,HU,23.9N,67.0W,140,933,,,,,,,,,,,,
AL,ISABEL,2003,13,58,20030915,0,,HU,24.3N,67.9W,130,937,,,,,,,,,,,,
AL,ISABEL,2003,13,58,20030915,600,,HU,24.5N,68.8W,125,940,,,,,,,,,,,,
AL,ISABEL,2003,13,58,20030915,1200,,HU,24.8N,69.4W,120,946,,,,,,,,,,,,
AL,ISABEL,2003,13,58,20030915,1800,,HU,25.3N,69.8W,115,949,,,,,,,,,,,,
AL,ISABEL,2003,13,58,20030916,0,,HU,25.7N,70.2W,105,952,,,,,,,,,,,,
AL,ISABEL,2003,13,58,20030916,600,,HU,26.3N,70.5W,100,955,,,,,,,,,,,,
AL,ISABEL,2003,13,58,20030916,1200,,HU,26.8N,70.9W,95,959,,,,,,,,,,,,
AL,ISABEL,2003,13,58,20030916,1800,,HU,27.4N,71.2W,95,959,,,,,,,,,,,,
AL,ISABEL,2003,13,58,20030917,0,,HU,28.1N,71.5W,95,957,,,,,,,,,,,,
AL,ISABEL,2003,13,58,20030917,600,,HU,28.9N,71.9W,95,957,,,,,,,,,,,,
AL,ISABEL,2003,13,58,20030917,1200,,HU,29.7N,72.5W,90,957,,,,,,,,,,,,
AL,ISABEL,2003,13,58,20030917,1800,,HU,30.6N,73.0W,90,955,,,,,,,,,,,,
AL,ISABEL,2003,13,58,20030918,0,,HU,31.5N,73.5W,90,953,,,,,,,,,,,,
AL,ISABEL,2003,13,58,20030918,600,,HU,32.5N,74.3W,90,956,,,,,,,,,,,,
AL,ISABEL,2003,13,58,20030918,1200,,HU,33.7N,75.2W,90,956,,,,,,,,,,,,
AL,ISABEL,2003,13,58,20030918,1700,L,HU,34.9N,76.2W,90,957,,,,,,,,,,,,
AL,ISABEL,2003,13,58,20030918,1800,,HU,35.1N,76.4W,85,958,,,,,,,,,,,,
AL,ISABEL,2003,13,58,20030919,0,,HU,36.7N,77.7W,65,969,,,,,,,,,,,,
AL,ISABEL,2003,13,58,20030919,600,,TS,38.6N,78.9W,50,988,,,,,,,,,,,,
AL,ISABEL,2003,13,58,20030919,1200,,EX,40.9N,80.3W,35,997,,,,,,,,,,,,
AL,ISABEL,2003,13,58,20030919,1800,,EX,43.9N,80.9W,30,1000,,,,,,,,,,,,
AL,ISABEL,2003,13,58,20030920,0,,EX,48.0N,81.0W,25,1000,,,,,,,,,,,,
AL,UNNAMED,2003,14,10,20030908,600,,TD,11.6N,21.7W,25,1009,,,,,,,,,,,,
AL,UNNAMED,2003,14,10,20030908,1200,,TD,11.4N,22.2W,25,1009,,,,,,,,,,,,
AL,UNNAMED,2003,14,10,20030908,1800,,TD,11.2N,22.6W,25,1009,,,,,,,,,,,,
AL,UNNAMED,2003,14,10,20030909,0,,TD,11.2N,23.0W,25,1008,,,,,,,,,,,,
AL,UNNAMED,2003,14,10,20030909,600,,TD,11.6N,23.6W,25,1007,,,,,,,,,,,,
AL,UNNAMED,2003,14,10,20030909,1200,,TD,12.4N,24.4W,30,1007,,,,,,,,,,,,
AL,UNNAMED,2003,14,10,20030909,1800,,TD,13.6N,24.9W,30,1007,,,,,,,,,,,,
AL,UNNAMED,2003,14,10,20030910,0,,TD,14.6N,25.0W,25,1008,,,,,,,,,,,,
AL,UNNAMED,2003,14,10,20030910,600,,TD,15.3N,25.1W,25,1009,,,,,,,,,,,,
AL,UNNAMED,2003,14,10,20030910,1200,,TD,15.9N,25.2W,25,1010,,,,,,,,,,,,
AL,JUAN,2003,15,22,20030924,1200,,TD,28.2N,62.4W,25,1009,,,,,,,,,,,,
AL,JUAN,2003,15,22,20030924,1800,,TD,28.3N,62.2W,30,1007,,,,,,,,,,,,
AL,JUAN,2003,15,22,20030925,0,,TS,28.4N,62.0W,35,1006,,,,,,,,,,,,
AL,JUAN,2003,15,22,20030925,600,,TS,28.8N,61.7W,40,1002,,,,,,,,,,,,
AL,JUAN,2003,15,22,20030925,1200,,TS,29.2N,61.4W,45,1000,,,,,,,,,,,,
AL,JUAN,2003,15,22,20030925,1800,,TS,30.4N,61.6W,50,996,,,,,,,,,,,,
AL,JUAN,2003,15,22,20030926,0,,TS,30.9N,61.8W,55,992,,,,,,,,,,,,
AL,JUAN,2003,15,22,20030926,600,,TS,31.1N,61.8W,60,990,,,,,,,,,,,,
AL,JUAN,2003,15,22,20030926,1200,,HU,31.8N,62.0W,65,987,,,,,,,,,,,,
AL,JUAN,2003,15,22,20030926,1800,,HU,32.5N,62.0W,70,987,,,,,,,,,,,,
AL,JUAN,2003,15,22,20030927,0,,HU,33.3N,62.0W,75,984,,,,,,,,,,,,
AL,JUAN,2003,15,22,20030927,600,,HU,34.4N,62.2W,75,981,,,,,,,,,,,,
AL,JUAN,2003,15,22,20030927,1200,,HU,35.2N,62.8W,75,979,,,,,,,,,,,,
AL,JUAN,2003,15,22,20030927,1800,,HU,35.5N,63.2W,90,969,,,,,,,,,,,,
AL,JUAN,2003,15,22,20030928,0,,HU,36.3N,63.6W,90,970,,,,,,,,,,,,
AL,JUAN,2003,15,22,20030928,600,,HU,37.1N,64.0W,90,970,,,,,,,,,,,,
AL,JUAN,2003,15,22,20030928,1200,,HU,38.5N,64.1W,90,970,,,,,,,,,,,,
AL,JUAN,2003,15,22,20030928,1800,,HU,40.2N,64.1W,90,970,,,,,,,,,,,,
AL,JUAN,2003,15,22,20030929,0,,HU,42.8N,63.9W,85,972,,,,,,,,,,,,
AL,JUAN,2003,15,22,20030929,300,L,HU,44.4N,63.8W,85,973,,,,,,,,,,,,
AL,JUAN,2003,15,22,20030929,600,,HU,46.0N,63.8W,65,982,,,,,,,,,,,,
AL,JUAN,2003,15,22,20030929,1200,,TS,49.8N,62.4W,45,995,,,,,,,,,,,,
AL,KATE,2003,16,58,20030925,1800,,TD,11.8N,37.7W,30,1008,,,,,,,,,,,,
AL,KATE,2003,16,58,20030926,0,,TD,12.8N,38.5W,30,1008,,,,,,,,,,,,
AL,KATE,2003,16,58,20030926,600,,TD,14.0N,39.4W,30,1008,,,,,,,,,,,,
AL,KATE,2003,16,58,20030926,1200,,TD,15.2N,40.2W,30,1007,,,,,,,,,,,,
AL,KATE,2003,16,58,20030926,1800,,TD,16.6N,41.0W,30,1007,,,,,,,,,,,,
AL,KATE,2003,16,58,20030927,0,,TD,18.0N,41.8W,30,1007,,,,,,,,,,,,
AL,KATE,2003,16,58,20030927,600,,TD,19.2N,43.0W,30,1007,,,,,,,,,,,,
AL,KATE,2003,16,58,20030927,1200,,TD,20.0N,43.8W,30,1007,,,,,,,,,,,,
AL,KATE,2003,16,58,20030927,1800,,TS,21.0N,44.2W,35,1005,,,,,,,,,,,,
AL,KATE,2003,16,58,20030928,0,,TS,22.0N,44.5W,45,1000,,,,,,,,,,,,
AL,KATE,2003,16,58,20030928,600,,TS,23.0N,44.3W,50,997,,,,,,,,,,,,
AL,KATE,2003,16,58,20030928,1200,,TS,23.9N,43.6W,50,997,,,,,,,,,,,,
AL,KATE,2003,16,58,20030928,1800,,TS,24.8N,42.6W,50,997,,,,,,,,,,,,
AL,KATE,2003,16,58,20030929,0,,TS,26.1N,41.3W,50,997,,,,,,,,,,,,
AL,KATE,2003,16,58,20030929,600,,TS,27.2N,39.9W,55,994,,,,,,,,,,,,
AL,KATE,2003,16,58,20030929,1200,,TS,28.3N,38.2W,55,991,,,,,,,,,,,,
AL,KATE,2003,16,58,20030929,1800,,HU,29.2N,36.8W,65,987,,,,,,,,,,,,
AL,KATE,2003,16,58,20030930,0,,HU,30.0N,35.4W,65,987,,,,,,,,,,,,
AL,KATE,2003,16,58,20030930,600,,TS,30.8N,34.8W,55,992,,,,,,,,,,,,
AL,KATE,2003,16,58,20030930,1200,,TS,31.8N,35.1W,55,992,,,,,,,,,,,,
AL,KATE,2003,16,58,20030930,1800,,TS,32.6N,36.0W,50,996,,,,,,,,,,,,
AL,KATE,2003,16,58,20031001,0,,TS,32.5N,37.1W,50,997,,,,,,,,,,,,
AL,KATE,2003,16,58,20031001,600,,TS,32.4N,38.3W,50,997,,,,,,,,,,,,
AL,KATE,2003,16,58,20031001,1200,,TS,32.2N,39.6W,55,994,,,,,,,,,,,,
AL,KATE,2003,16,58,20031001,1800,,HU,31.7N,40.9W,65,987,,,,,,,,,,,,
AL,KATE,2003,16,58,20031002,0,,HU,31.1N,42.1W,65,987,,,,,,,,,,,,
AL,KATE,2003,16,58,20031002,600,,HU,30.3N,43.0W,75,979,,,,,,,,,,,,
AL,KATE,2003,16,58,20031002,1200,,HU,30.1N,43.6W,75,979,,,,,,,,,,,,
AL,KATE,2003,16,58,20031002,1800,,HU,29.9N,44.7W,80,976,,,,,,,,,,,,
AL,KATE,2003,16,58,20031003,0,,HU,29.6N,45.8W,80,976,,,,,,,,,,,,
AL,KATE,2003,16,58,20031003,600,,HU,29.4N,46.9W,90,970,,,,,,,,,,,,
AL,KATE,2003,16,58,20031003,1200,,HU,29.4N,47.8W,90,970,,,,,,,,,,,,
AL,KATE,2003,16,58,20031003,1800,,HU,29.6N,49.1W,100,962,,,,,,,,,,,,
AL,KATE,2003,16,58,20031004,0,,HU,29.9N,50.3W,100,962,,,,,,,,,,,,
AL,KATE,2003,16,58,20031004,600,,HU,30.1N,51.6W,100,962,,,,,,,,,,,,
AL,KATE,2003,16,58,20031004,1200,,HU,30.1N,52.8W,105,956,,,,,,,,,,,,
AL,KATE,2003,16,58,20031004,1800,,HU,30.2N,54.0W,110,952,,,,,,,,,,,,
AL,KATE,2003,16,58,20031005,0,,HU,30.3N,54.7W,100,962,,,,,,,,,,,,
AL,KATE,2003,16,58,20031005,600,,HU,30.4N,55.5W,95,968,,,,,,,,,,,,
AL,KATE,2003,16,58,20031005,1200,,HU,30.7N,56.1W,90,973,,,,,,,,,,,,
AL,KATE,2003,16,58,20031005,1800,,HU,31.4N,56.4W,85,975,,,,,,,,,,,,
AL,KATE,2003,16,58,20031006,0,,HU,32.3N,56.2W,80,977,,,,,,,,,,,,
AL,KATE,2003,16,58,20031006,600,,HU,33.5N,56.0W,80,977,,,,,,,,,,,,
AL,KATE,2003,16,58,20031006,1200,,HU,35.2N,55.6W,75,979,,,,,,,,,,,,
AL,KATE,2003,16,58,20031006,1800,,HU,36.9N,55.0W,70,983,,,,,,,,,,,,
AL,KATE,2003,16,58,20031007,0,,HU,38.6N,54.0W,65,987,,,,,,,,,,,,
AL,KATE,2003,16,58,20031007,600,,TS,40.5N,52.1W,60,987,,,,,,,,,,,,
AL,KATE,2003,16,58,20031007,1200,,TS,43.8N,49.5W,60,987,,,,,,,,,,,,
AL,KATE,2003,16,58,20031007,1800,,TS,47.5N,47.2W,60,980,,,,,,,,,,,,
AL,KATE,2003,16,58,20031008,0,,EX,52.0N,44.0W,60,978,,,,,,,,,,,,
AL,KATE,2003,16,58,20031008,600,,EX,56.5N,40.5W,65,974,,,,,,,,,,,,
AL,KATE,2003,16,58,20031008,1200,,EX,59.5N,37.0W,65,974,,,,,,,,,,,,
AL,KATE,2003,16,58,20031008,1800,,EX,61.1N,33.4W,65,970,,,,,,,,,,,,
AL,KATE,2003,16,58,20031009,0,,EX,62.1N,28.7W,60,970,,,,,,,,,,,,
AL,KATE,2003,16,58,20031009,600,,EX,62.5N,24.0W,55,972,,,,,,,,,,,,
AL,KATE,2003,16,58,20031009,1200,,EX,62.6N,19.0W,55,973,,,,,,,,,,,,
AL,KATE,2003,16,58,20031009,1800,,EX,62.5N,12.6W,50,976,,,,,,,,,,,,
AL,KATE,2003,16,58,20031010,0,,EX,63.0N,6.0W,50,980,,,,,,,,,,,,
AL,LARRY,2003,17,42,20030927,1800,,LO,18.5N,84.7W,15,1009,,,,,,,,,,,,
AL,LARRY,2003,17,42,20030928,0,,LO,18.7N,84.9W,15,1009,,,,,,,,,,,,
AL,LARRY,2003,17,42,20030928,600,,LO,19.0N,85.3W,20,1008,,,,,,,,,,,,
AL,LARRY,2003,17,42,20030928,1200,,LO,19.3N,86.0W,20,1008,,,,,,,,,,,,
AL,LARRY,2003,17,42,20030928,1800,,LO,19.7N,86.9W,20,1008,,,,,,,,,,,,
AL,LARRY,2003,17,42,20030929,0,,LO,20.0N,87.5W,20,1007,,,,,,,,,,,,
AL,LARRY,2003,17,42,20030929,600,,LO,20.3N,88.2W,20,1007,,,,,,,,,,,,
AL,LARRY,2003,17,42,20030929,1200,,LO,20.6N,88.9W,20,1007,,,,,,,,,,,,
AL,LARRY,2003,17,42,20030929,1800,,LO,21.0N,89.6W,20,1007,,,,,,,,,,,,
AL,LARRY,2003,17,42,20030930,0,,EX,21.2N,90.5W,25,1007,,,,,,,,,,,,
AL,LARRY,2003,17,42,20030930,600,,EX,21.4N,91.5W,25,1007,,,,,,,,,,,,
AL,LARRY,2003,17,42,20030930,1200,,EX,21.3N,92.1W,30,1007,,,,,,,,,,,,
AL,LARRY,2003,17,42,20030930,1800,,EX,21.2N,92.5W,35,1006,,,,,,,,,,,,
AL,LARRY,2003,17,42,20031001,0,,EX,20.9N,92.9W,40,1006,,,,,,,,,,,,
AL,LARRY,2003,17,42,20031001,600,,EX,20.9N,92.9W,40,1005,,,,,,,,,,,,
AL,LARRY,2003,17,42,20031001,1200,,EX,21.0N,93.0W,40,1004,,,,,,,,,,,,
AL,LARRY,2003,17,42,20031001,1800,,TS,21.0N,93.2W,45,1003,,,,,,,,,,,,
AL,LARRY,2003,17,42,20031002,0,,TS,20.9N,93.4W,45,1002,,,,,,,,,,,,
AL,LARRY,2003,17,42,20031002,600,,TS,20.7N,93.4W,45,1000,,,,,,,,,,,,
AL,LARRY,2003,17,42,20031002,1200,,TS,20.5N,93.4W,45,998,,,,,,,,,,,,
AL,LARRY,2003,17,42,20031002,1800,,TS,20.4N,93.6W,50,996,,,,,,,,,,,,
AL,LARRY,2003,17,42,20031003,0,,TS,20.5N,94.0W,55,993,,,,,,,,,,,,
AL,LARRY,2003,17,42,20031003,600,,TS,20.3N,94.3W,50,994,,,,,,,,,,,,
AL,LARRY,2003,17,42,20031003,1200,,TS,20.1N,94.5W,50,994,,,,,,,,,,,,
AL,LARRY,2003,17,42,20031003,1800,,TS,19.9N,94.7W,50,995,,,,,,,,,,,,
AL,LARRY,2003,17,42,20031004,0,,TS,19.6N,94.5W,50,995,,,,,,,,,,,,
AL,LARRY,2003,17,42,20031004,600,,TS,19.5N,94.0W,50,994,,,,,,,,,,,,
AL,LARRY,2003,17,42,20031004,1200,,TS,19.3N,93.8W,50,994,,,,,,,,,,,,
AL,LARRY,2003,17,42,20031004,1800,,TS,18.8N,93.8W,50,996,,,,,,,,,,,,
AL,LARRY,2003,17,42,20031005,0,,TS,18.6N,93.6W,50,996,,,,,,,,,,,,
AL,LARRY,2003,17,42,20031005,600,,TS,18.5N,93.5W,50,996,,,,,,,,,,,,
AL,LARRY,2003,17,42,20031005,1000,L,TS,18.4N,93.5W,50,996,,,,,,,,,,,,
AL,LARRY,2003,17,42,20031005,1200,,TS,18.4N,93.5W,50,997,,,,,,,,,,,,
AL,LARRY,2003,17,42,20031005,1800,,TS,18.2N,93.7W,40,1000,,,,,,,,,,,,
AL,LARRY,2003,17,42,20031006,0,,TS,17.9N,93.8W,35,1003,,,,,,,,,,,,
AL,LARRY,2003,17,42,20031006,600,,TD,17.5N,93.9W,25,1005,,,,,,,,,,,,
AL,LARRY,2003,17,42,20031006,1200,,LO,17.2N,94.1W,20,1006,,,,,,,,,,,,
AL,LARRY,2003,17,42,20031006,1800,,LO,16.9N,94.3W,20,1006,,,,,,,,,,,,
AL,LARRY,2003,17,42,20031007,0,,LO,16.6N,94.5W,15,1007,,,,,,,,,,,,
AL,LARRY,2003,17,42,20031007,600,,LO,16.3N,94.7W,15,1007,,,,,,,,,,,,
AL,LARRY,2003,17,42,20031007,1200,,LO,16.0N,95.0W,15,1008,,,,,,,,,,,,
AL,LARRY,2003,17,42,20031007,1800,,LO,15.8N,95.3W,15,1009,,,,,,,,,,,,
AL,MINDY,2003,18,14,20031010,1800,,TS,19.1N,68.8W,40,1004,,,,,,,,,,,,
AL,MINDY,2003,18,14,20031011,0,,TS,20.1N,69.7W,40,1002,,,,,,,,,,,,
AL,MINDY,2003,18,14,20031011,600,,TS,20.9N,70.4W,40,1003,,,,,,,,,,,,
AL,MINDY,2003,18,14,20031011,1200,,TS,21.8N,71.3W,35,1007,,,,,,,,,,,,
AL,MINDY,2003,18,14,20031011,1800,,TS,22.7N,71.5W,35,1007,,,,,,,,,,,,
AL,MINDY,2003,18,14,20031012,0,,TS,23.6N,71.9W,35,1006,,,,,,,,,,,,
AL,MINDY,2003,18,14,20031012,600,,TD,24.0N,72.4W,30,1007,,,,,,,,,,,,
AL,MINDY,2003,18,14,20031012,1200,,TD,24.7N,72.2W,30,1008,,,,,,,,,,,,
AL,MINDY,2003,18,14,20031012,1800,,TD,25.5N,72.0W,30,1008,,,,,,,,,,,,
AL,MINDY,2003,18,14,20031013,0,,TD,25.6N,71.0W,30,1008,,,,,,,,,,,,
AL,MINDY,2003,18,14,20031013,600,,TD,25.7N,70.3W,30,1008,,,,,,,,,,,,
AL,MINDY,2003,18,14,20031013,1200,,TD,25.8N,69.3W,30,1008,,,,,,,,,,,,
AL,MINDY,2003,18,14,20031013,1800,,TD,25.9N,68.3W,30,1007,,,,,,,,,,,,
AL,MINDY,2003,18,14,20031014,0,,TD,25.9N,67.7W,25,1008,,,,,,,,,,,,
AL,NICHOLAS,2003,19,80,20031013,0,,TD,9.5N,37.0W,25,1009,,,,,,,,,,,,
AL,NICHOLAS,2003,19,80,20031013,600,,TD,9.5N,37.7W,25,1008,,,,,,,,,,,,
AL,NICHOLAS,2003,19,80,20031013,1200,,TD,9.6N,38.4W,25,1008,,,,,,,,,,,,
AL,NICHOLAS,2003,19,80,20031013,1800,,TD,9.9N,38.9W,30,1007,,,,,,,,,,,,
AL,NICHOLAS,2003,19,80,20031014,0,,TD,10.2N,39.5W,30,1006,,,,,,,,,,,,
AL,NICHOLAS,2003,19,80,20031014,600,,TD,10.5N,40.3W,30,1006,,,,,,,,,,,,
AL,NICHOLAS,2003,19,80,20031014,1200,,TD,10.7N,41.1W,30,1006,,,,,,,,,,,,
AL,NICHOLAS,2003,19,80,20031014,1800,,TS,10.9N,41.9W,35,1005,,,,,,,,,,,,
AL,NICHOLAS,2003,19,80,20031015,0,,TS,11.2N,42.5W,40,1003,,,,,,,,,,,,
AL,NICHOLAS,2003,19,80,20031015,600,,TS,11.5N,43.1W,45,1000,,,,,,,,,,,,
AL,NICHOLAS,2003,19,80,20031015,1200,,TS,11.8N,43.7W,45,1000,,,,,,,,,,,,
AL,NICHOLAS,2003,19,80,20031015,1800,,TS,12.2N,44.3W,45,1000,,,,,,,,,,,,
AL,NICHOLAS,2003,19,80,20031016,0,,TS,12.6N,45.0W,45,1000,,,,,,,,,,,,
AL,NICHOLAS,2003,19,80,20031016,600,,TS,13.1N,45.6W,45,1000,,,,,,,,,,,,
AL,NICHOLAS,2003,19,80,20031016,1200,,TS,13.5N,46.0W,50,997,,,,,,,,,,,,
AL,NICHOLAS,2003,19,80,20031016,1800,,TS,14.0N,46.6W,55,994,,,,,,,,,,,,
AL,NICHOLAS,2003,19,80,20031017,0,,TS,14.4N,47.2W,55,995,,,,,,,,,,,,
AL,NICHOLAS,2003,19,80,20031017,600,,TS,15.0N,47.6W,55,994,,,,,,,,,,,,
AL,NICHOLAS,2003,19,80,20031017,1200,,TS,15.5N,48.0W,60,990,,,,,,,,,,,,
AL,NICHOLAS,2003,19,80,20031017,1800,,TS,16.1N,48.1W,55,994,,,,,,,,,,,,
AL,NICHOLAS,2003,19,80,20031018,0,,TS,16.3N,48.1W,55,994,,,,,,,,,,,,
AL,NICHOLAS,2003,19,80,20031018,600,,TS,16.3N,47.9W,55,994,,,,,,,,,,,,
AL,NICHOLAS,2003,19,80,20031018,1200,,TS,16.5N,47.8W,55,994,,,,,,,,,,,,
AL,NICHOLAS,2003,19,80,20031018,1800,,TS,16.7N,47.7W,50,997,,,,,,,,,,,,
AL,NICHOLAS,2003,19,80,20031019,0,,TS,17.0N,47.6W,50,997,,,,,,,,,,,,
AL,NICHOLAS,2003,19,80,20031019,600,,TS,17.3N,47.4W,50,997,,,,,,,,,,,,
AL,NICHOLAS,2003,19,80,20031019,1200,,TS,17.6N,47.3W,50,997,,,,,,,,,,,,
AL,NICHOLAS,2003,19,80,20031019,1800,,TS,17.6N,47.5W,45,1000,,,,,,,,,,,,
AL,NICHOLAS,2003,19,80,20031020,0,,TS,17.4N,47.7W,45,1000,,,,,,,,,,,,
AL,NICHOLAS,2003,19,80,20031020,600,,TS,17.6N,47.9W,45,1000,,,,,,,,,,,,
AL,NICHOLAS,2003,19,80,20031020,1200,,TS,17.8N,48.1W,40,1002,,,,,,,,,,,,
AL,NICHOLAS,2003,19,80,20031020,1800,,TS,18.1N,48.9W,35,1005,,,,,,,,,,,,
AL,NICHOLAS,2003,19,80,20031021,0,,TS,18.4N,49.7W,35,1005,,,,,,,,,,,,
AL,NICHOLAS,2003,19,80,20031021,600,,TS,18.6N,50.3W,40,1002,,,,,,,,,,,,
AL,NICHOLAS,2003,19,80,20031021,1200,,TS,18.7N,51.0W,45,1000,,,,,,,,,,,,
AL,NICHOLAS,2003,19,80,20031021,1800,,TS,18.6N,52.0W,45,1000,,,,,,,,,,,,
AL,NICHOLAS,2003,19,80,20031022,0,,TS,18.5N,52.9W,40,1002,,,,,,,,,,,,
AL,NICHOLAS,2003,19,80,20031022,600,,TS,18.5N,53.6W,35,1005,,,,,,,,,,,,
AL,NICHOLAS,2003,19,80,20031022,1200,,TS,18.8N,54.1W,35,1005,,,,,,,,,,,,
AL,NICHOLAS,2003,19,80,20031022,1800,,TS,19.5N,54.6W,35,1005,,,,,,,,,,,,
AL,NICHOLAS,2003,19,80,20031023,0,,TS,20.4N,55.4W,35,1005,,,,,,,,,,,,
AL,NICHOLAS,2003,19,80,20031023,600,,TD,21.5N,56.0W,30,1006,,,,,,,,,,,,
AL,NICHOLAS,2003,19,80,20031023,1200,,TD,22.5N,56.4W,30,1007,,,,,,,,,,,,
AL,NICHOLAS,2003,19,80,20031023,1800,,TD,23.6N,56.9W,30,1008,,,,,,,,,,,,
AL,NICHOLAS,2003,19,80,20031024,0,,LO,25.1N,56.7W,25,1009,,,,,,,,,,,,
AL,NICHOLAS,2003,19,80,20031024,600,,LO,27.1N,56.4W,25,1010,,,,,,,,,,,,
AL,NICHOLAS,2003,19,80,20031024,1200,,LO,28.8N,56.1W,25,1011,,,,,,,,,,,,
AL,NICHOLAS,2003,19,80,20031024,1800,,EX,30.2N,55.7W,25,1012,,,,,,,,,,,,
AL,NICHOLAS,2003,19,80,20031025,0,,EX,31.4N,54.8W,20,1013,,,,,,,,,,,,
AL,NICHOLAS,2003,19,80,20031025,600,,EX,32.2N,53.5W,20,1014,,,,,,,,,,,,
AL,NICHOLAS,2003,19,80,20031025,1200,,EX,32.4N,52.0W,20,1014,,,,,,,,,,,,
AL,NICHOLAS,2003,19,80,20031025,1800,,EX,32.5N,50.5W,20,1013,,,,,,,,,,,,
AL,NICHOLAS,2003,19,80,20031026,0,,EX,31.9N,49.5W,20,1013,,,,,,,,,,,,
AL,NICHOLAS,2003,19,80,20031026,600,,EX,30.7N,49.1W,25,1012,,,,,,,,,,,,
AL,NICHOLAS,2003,19,80,20031026,1200,,EX,29.3N,49.0W,30,1010,,,,,,,,,,,,
AL,NICHOLAS,2003,19,80,20031026,1800,,EX,28.3N,49.6W,30,1008,,,,,,,,,,,,
AL,NICHOLAS,2003,19,80,20031027,0,,EX,27.4N,50.5W,30,1007,,,,,,,,,,,,
AL,NICHOLAS,2003,19,80,20031027,600,,EX,26.7N,52.0W,35,1007,,,,,,,,,,,,
AL,NICHOLAS,2003,19,80,20031027,1200,,EX,26.4N,53.7W,35,1007,,,,,,,,,,,,
AL,NICHOLAS,2003,19,80,20031027,1800,,EX,26.6N,55.5W,35,1007,,,,,,,,,,,,
AL,NICHOLAS,2003,19,80,20031028,0,,EX,27.1N,57.3W,30,1008,,,,,,,,,,,,
AL,NICHOLAS,2003,19,80,20031028,600,,EX,27.9N,59.1W,30,1009,,,,,,,,,,,,
AL,NICHOLAS,2003,19,80,20031028,1200,,EX,28.9N,60.8W,30,1009,,,,,,,,,,,,
AL,NICHOLAS,2003,19,80,20031028,1800,,EX,29.5N,62.8W,30,1009,,,,,,,,,,,,
AL,NICHOLAS,2003,19,80,20031029,0,,EX,29.4N,65.1W,25,1009,,,,,,,,,,,,
AL,NICHOLAS,2003,19,80,20031029,600,,EX,29.3N,67.1W,25,1009,,,,,,,,,,,,
AL,NICHOLAS,2003,19,80,20031029,1200,,EX,29.5N,68.0W,25,1009,,,,,,,,,,,,
AL,NICHOLAS,2003,19,80,20031029,1800,,EX,30.1N,68.0W,25,1009,,,,,,,,,,,,
AL,NICHOLAS,2003,19,80,20031030,0,,EX,30.4N,67.2W,25,1009,,,,,,,,,,,,
AL,NICHOLAS,2003,19,80,20031030,600,,EX,30.4N,66.4W,25,1009,,,,,,,,,,,,
AL,NICHOLAS,2003,19,80,20031030,1200,,EX,30.0N,65.8W,30,1008,,,,,,,,,,,,
AL,NICHOLAS,2003,19,80,20031030,1800,,EX,29.3N,65.3W,30,1008,,,,,,,,,,,,
AL,NICHOLAS,2003,19,80,20031031,0,,EX,28.7N,65.5W,30,1008,,,,,,,,,,,,
AL,NICHOLAS,2003,19,80,20031031,600,,LO,28.3N,66.0W,30,1008,,,,,,,,,,,,
AL,NICHOLAS,2003,19,80,20031031,1200,,LO,27.7N,66.3W,30,1007,,,,,,,,,,,,
AL,NICHOLAS,2003,19,80,20031031,1800,,LO,27.0N,66.4W,30,1006,,,,,,,,,,,,
AL,NICHOLAS,2003,19,80,20031101,0,,LO,26.4N,66.3W,30,1005,,,,,,,,,,,,
AL,NICHOLAS,2003,19,80,20031101,600,,LO,26.5N,66.0W,30,1005,,,,,,,,,,,,
AL,NICHOLAS,2003,19,80,20031101,1200,,LO,27.0N,66.3W,30,1005,,,,,,,,,,,,
AL,NICHOLAS,2003,19,80,20031101,1800,,LO,27.7N,67.0W,30,1005,,,,,,,,,,,,
AL,ODETTE,2003,20,23,20031204,1200,,TD,12.9N,76.2W,30,1005,,,,,,,,,,,,
AL,ODETTE,2003,20,23,20031204,1800,,TS,13.3N,75.7W,35,1003,,,,,,,,,,,,
AL,ODETTE,2003,20,23,20031205,0,,TS,13.7N,75.2W,45,1000,,,,,,,,,,,,
AL,ODETTE,2003,20,23,20031205,600,,TS,13.9N,74.8W,50,993,,,,,,,,,,,,
AL,ODETTE,2003,20,23,20031205,1200,,TS,14.1N,74.4W,50,993,,,,,,,,,,,,
AL,ODETTE,2003,20,23,20031205,1800,,TS,14.3N,73.8W,50,995,,,,,,,,,,,,
AL,ODETTE,2003,20,23,20031206,0,,TS,15.0N,73.0W,50,995,,,,,,,,,,,,
AL,ODETTE,2003,20,23,20031206,600,,TS,15.9N,72.5W,55,995,,,,,,,,,,,,
AL,ODETTE,2003,20,23,20031206,1200,,TS,16.6N,72.2W,55,995,,,,,,,,,,,,
AL,ODETTE,2003,20,23,20031206,1800,,TS,17.2N,72.0W,55,994,,,,,,,,,,,,
AL,ODETTE,2003,20,23,20031206,2300,L,TS,17.8N,71.5W,50,995,,,,,,,,,,,,
AL,ODETTE,2003,20,23,20031207,0,,TS,17.9N,71.4W,45,997,,,,,,,,,,,,
AL,ODETTE,2003,20,23,20031207,600,,TS,18.9N,70.6W,40,1000,,,,,,,,,,,,
AL,ODETTE,2003,20,23,20031207,1200,,TS,20.5N,69.5W,40,1003,,,,,,,,,,,,
AL,ODETTE,2003,20,23,20031207,1800,,EX,22.4N,68.1W,45,1002,,,,,,,,,,,,
AL,ODETTE,2003,20,23,20031208,0,,EX,23.5N,65.9W,45,1002,,,,,,,,,,,,
AL,ODETTE,2003,20,23,20031208,600,,EX,24.4N,63.7W,45,1004,,,,,,,,,,,,
AL,ODETTE,2003,20,23,20031208,1200,,EX,25.4N,61.6W,40,1005,,,,,,,,,,,,
AL,ODETTE,2003,20,23,20031208,1800,,EX,26.3N,59.5W,40,1005,,,,,,,,,,,,
AL,ODETTE,2003,20,23,20031209,0,,EX,27.4N,57.1W,40,1005,,,,,,,,,,,,
AL,ODETTE,2003,20,23,20031209,600,,EX,28.9N,54.2W,40,1006,,,,,,,,,,,,
AL,ODETTE,2003,20,23,20031209,1200,,EX,30.4N,51.1W,40,1006,,,,,,,,,,,,
AL,ODETTE,2003,20,23,20031209,1800,,EX,31.9N,47.7W,40,1006,,,,,,,,,,,,
AL,PETER,2003,21,15,20031207,1800,,SS,27.5N,34.5W,40,1005,,,,,,,,,,,,
AL,PETER,2003,21,15,20031208,0,,SS,26.1N,34.8W,40,1004,,,,,,,,,,,,
AL,PETER,2003,21,15,20031208,600,,SS,24.1N,35.8W,40,1004,,,,,,,,,,,,
AL,PETER,2003,21,15,20031208,1200,,SS,22.4N,36.8W,40,1004,,,,,,,,,,,,
AL,PETER,2003,21,15,20031208,1800,,SS,20.7N,37.9W,40,1004,,,,,,,,,,,,
AL,PETER,2003,21,15,20031209,0,,SS,20.4N,37.7W,40,1002,,,,,,,,,,,,
AL,PETER,2003,21,15,20031209,600,,TS,20.0N,37.4W,40,998,,,,,,,,,,,,
AL,PETER,2003,21,15,20031209,1200,,TS,19.5N,37.2W,50,992,,,,,,,,,,,,
AL,PETER,2003,21,15,20031209,1800,,TS,21.0N,37.0W,60,990,,,,,,,,,,,,
AL,PETER,2003,21,15,20031210,0,,TS,22.2N,37.0W,45,1000,,,,,,,,,,,,
AL,PETER,2003,21,15,20031210,600,,TS,23.1N,37.1W,35,1005,,,,,,,,,,,,
AL,PETER,2003,21,15,20031210,1200,,TD,23.8N,37.1W,30,1005,,,,,,,,,,,,
AL,PETER,2003,21,15,20031210,1800,,TD,25.0N,36.7W,30,1005,,,,,,,,,,,,
AL,PETER,2003,21,15,20031211,0,,TD,26.0N,36.2W,30,1005,,,,,,,,,,,,
AL,PETER,2003,21,15,20031211,600,,EX,27.5N,35.0W,30,1009,,,,,,,,,,,,
AL,ALEX,2004,1,25,20040731,1800,,TD,30.3N,78.3W,25,1010,0,0,0,0,0,0,0,0,0,0,0,0
AL,ALEX,2004,1,25,20040801,0,,TD,31.0N,78.8W,25,1009,0,0,0,0,0,0,0,0,0,0,0,0
AL,ALEX,2004,1,25,20040801,600,,TD,31.5N,79.0W,25,1009,0,0,0,0,0,0,0,0,0,0,0,0
AL,ALEX,2004,1,25,20040801,1200,,TD,31.6N,79.1W,30,1009,0,0,0,0,0,0,0,0,0,0,0,0
AL,ALEX,2004,1,25,20040801,1800,,TS,31.6N,79.2W,35,1009,0,50,50,0,0,0,0,0,0,0,0,0
AL,ALEX,2004,1,25,20040802,0,,TS,31.5N,79.3W,35,1007,0,50,50,0,0,0,0,0,0,0,0,0
AL,ALEX,2004,1,25,20040802,600,,TS,31.4N,79.4W,40,1005,60,90,90,0,0,0,0,0,0,0,0,0
AL,ALEX,2004,1,25,20040802,1200,,TS,31.3N,79.0W,50,992,75,90,60,20,30,30,0,0,0,0,0,0
AL,ALEX,2004,1,25,20040802,1800,,TS,31.8N,78.7W,50,993,75,90,50,30,30,30,20,20,0,0,0,0
AL,ALEX,2004,1,25,20040803,0,,TS,32.4N,78.2W,60,987,75,90,50,30,30,30,20,20,0,0,0,0
AL,ALEX,2004,1,25,20040803,600,,HU,33.0N,77.4W,70,983,75,90,50,40,30,30,30,20,20,20,20,0
AL,ALEX,2004,1,25,20040803,1200,,HU,34.2N,76.4W,85,974,75,90,50,40,30,50,30,20,20,20,20,0
AL,ALEX,2004,1,25,20040803,1800,,HU,35.3N,75.2W,85,972,90,90,75,50,60,50,30,30,30,30,20,15
AL,ALEX,2004,1,25,20040804,0,,HU,36.0N,73.7W,80,974,80,100,75,50,40,50,40,20,15,40,30,15
AL,ALEX,2004,1,25,20040804,600,,HU,36.8N,72.1W,80,973,60,120,75,75,40,75,50,50,20,50,30,15
AL,ALEX,2004,1,25,20040804,1200,,HU,37.3N,70.2W,85,973,60,120,75,75,40,75,50,50,20,50,30,15
AL,ALEX,2004,1,25,20040804,1800,,HU,37.8N,68.3W,95,965,90,150,125,75,50,75,50,50,25,50,25,15
AL,ALEX,2004,1,25,20040805,0,,HU,38.5N,66.0W,105,957,80,150,125,75,50,80,60,50,30,50,30,20
AL,ALEX,2004,1,25,20040805,600,,HU,39.5N,63.1W,105,957,80,225,200,75,50,80,60,50,30,50,30,20
AL,ALEX,2004,1,25,20040805,1200,,HU,40.8N,59.6W,100,962,80,300,300,75,50,80,60,50,30,50,30,20
AL,ALEX,2004,1,25,20040805,1800,,HU,42.7N,55.0W,90,970,75,300,300,75,50,75,50,30,25,50,25,0
AL,ALEX,2004,1,25,20040806,0,,HU,44.5N,49.3W,75,978,75,300,300,75,50,75,50,30,25,50,25,0
AL,ALEX,2004,1,25,20040806,600,,HU,46.1N,44.2W,65,984,75,300,300,75,50,75,50,30,25,50,25,0
AL,ALEX,2004,1,25,20040806,1200,,TS,47.0N,37.5W,50,987,75,300,300,75,50,75,50,30,0,0,0,0
AL,ALEX,2004,1,25,20040806,1800,,EX,47.4N,32.7W,30,992,0,0,0,0,0,0,0,0,0,0,0,0
AL,BONNIE,2004,2,44,20040803,1200,,TD,12.9N,53.6W,25,1010,0,0,0,0,0,0,0,0,0,0,0,0
AL,BONNIE,2004,2,44,20040803,1800,,TD,13.2N,55.4W,25,1010,0,0,0,0,0,0,0,0,0,0,0,0
AL,BONNIE,2004,2,44,20040804,0,,TD,13.5N,57.4W,30,1010,0,0,0,0,0,0,0,0,0,0,0,0
AL,BONNIE,2004,2,44,20040804,600,,TD,13.6N,59.5W,30,1010,0,0,0,0,0,0,0,0,0,0,0,0
AL,BONNIE,2004,2,44,20040804,1200,,TD,13.6N,61.6W,30,1010,0,0,0,0,0,0,0,0,0,0,0,0
AL,BONNIE,2004,2,44,20040804,1800,,WV,13.7N,63.7W,30,1010,0,0,0,0,0,0,0,0,0,0,0,0
AL,BONNIE,2004,2,44,20040805,0,,WV,14.0N,65.7W,25,1010,0,0,0,0,0,0,0,0,0,0,0,0
AL,BONNIE,2004,2,44,20040805,600,,WV,14.9N,67.7W,25,1010,0,0,0,0,0,0,0,0,0,0,0,0
AL,BONNIE,2004,2,44,20040805,1200,,WV,16.0N,69.7W,25,1011,0,0,0,0,0,0,0,0,0,0,0,0
AL,BONNIE,2004,2,44,20040805,1800,,WV,16.5N,71.5W,25,1011,0,0,0,0,0,0,0,0,0,0,0,0
AL,BONNIE,2004,2,44,20040806,0,,WV,17.0N,73.0W,25,1011,0,0,0,0,0,0,0,0,0,0,0,0
AL,BONNIE,2004,2,44,20040806,600,,WV,17.1N,74.6W,25,1011,0,0,0,0,0,0,0,0,0,0,0,0
AL,BONNIE,2004,2,44,20040806,1200,,WV,17.2N,76.2W,25,1011,0,0,0,0,0,0,0,0,0,0,0,0
AL,BONNIE,2004,2,44,20040806,1800,,WV,17.0N,77.2W,25,1011,0,0,0,0,0,0,0,0,0,0,0,0
AL,BONNIE,2004,2,44,20040807,0,,WV,17.1N,78.2W,25,1011,0,0,0,0,0,0,0,0,0,0,0,0
AL,BONNIE,2004,2,44,20040807,600,,WV,17.4N,79.2W,20,1013,0,0,0,0,0,0,0,0,0,0,0,0
AL,BONNIE,2004,2,44,20040807,1200,,WV,17.8N,80.2W,20,1013,0,0,0,0,0,0,0,0,0,0,0,0
AL,BONNIE,2004,2,44,20040807,1800,,WV,18.4N,81.1W,20,1013,0,0,0,0,0,0,0,0,0,0,0,0
AL,BONNIE,2004,2,44,20040808,0,,WV,19.0N,81.9W,20,1012,0,0,0,0,0,0,0,0,0,0,0,0
AL,BONNIE,2004,2,44,20040808,600,,WV,19.7N,82.7W,25,1010,0,0,0,0,0,0,0,0,0,0,0,0
AL,BONNIE,2004,2,44,20040808,1200,,TD,20.3N,83.5W,25,1009,0,0,0,0,0,0,0,0,0,0,0,0
AL,BONNIE,2004,2,44,20040808,1800,,TD,20.9N,84.3W,25,1008,0,0,0,0,0,0,0,0,0,0,0,0
AL,BONNIE,2004,2,44,20040809,0,,TD,21.5N,85.5W,25,1008,0,0,0,0,0,0,0,0,0,0,0,0
AL,BONNIE,2004,2,44,20040809,600,,TD,22.0N,86.6W,30,1008,0,0,0,0,0,0,0,0,0,0,0,0
AL,BONNIE,2004,2,44,20040809,1200,,TS,22.5N,87.6W,35,1008,25,25,25,25,0,0,0,0,0,0,0,0
AL,BONNIE,2004,2,44,20040809,1800,,TS,22.9N,88.3W,40,1007,25,25,25,25,0,0,0,0,0,0,0,0
AL,BONNIE,2004,2,44,20040810,0,,TS,23.1N,89.0W,45,1006,25,25,25,25,0,0,0,0,0,0,0,0
AL,BONNIE,2004,2,44,20040810,600,,TS,23.4N,89.8W,45,1005,25,25,25,25,0,0,0,0,0,0,0,0
AL,BONNIE,2004,2,44,20040810,1200,,TS,24.0N,90.6W,50,1002,25,25,25,25,15,15,15,15,0,0,0,0
AL,BONNIE,2004,2,44,20040810,1800,,TS,24.4N,90.6W,45,1003,25,40,40,25,0,0,0,0,0,0,0,0
AL,BONNIE,2004,2,44,20040811,0,,TS,24.7N,90.6W,40,1003,25,25,25,25,0,0,0,0,0,0,0,0
AL,BONNIE,2004,2,44,20040811,600,,TS,25.2N,90.6W,40,1003,35,45,25,25,0,0,0,0,0,0,0,0
AL,BONNIE,2004,2,44,20040811,1200,,TS,25.7N,90.4W,45,1001,45,60,25,25,0,0,0,0,0,0,0,0
AL,BONNIE,2004,2,44,20040811,1800,,TS,26.4N,89.6W,55,1001,45,60,25,25,15,15,15,15,0,0,0,0
AL,BONNIE,2004,2,44,20040812,0,,TS,27.0N,88.8W,50,1007,45,60,25,25,15,15,15,15,0,0,0,0
AL,BONNIE,2004,2,44,20040812,600,,TS,27.7N,88.1W,45,1008,45,60,25,25,0,0,0,0,0,0,0,0
AL,BONNIE,2004,2,44,20040812,1200,,TS,29.0N,86.1W,45,1002,45,60,25,25,0,0,0,0,0,0,0,0
AL,BONNIE,2004,2,44,20040812,1400,L,TS,29.6N,85.1W,40,1002,,,,,,,,,,,,
AL,BONNIE,2004,2,44,20040812,1800,,TD,30.2N,84.0W,30,1006,0,0,0,0,0,0,0,0,0,0,0,0
AL,BONNIE,2004,2,44,20040813,0,,TD,31.9N,81.3W,25,1008,0,0,0,0,0,0,0,0,0,0,0,0
AL,BONNIE,2004,2,44,20040813,600,,TD,33.5N,79.0W,25,1008,0,0,0,0,0,0,0,0,0,0,0,0
AL,BONNIE,2004,2,44,20040813,1200,,TD,35.5N,76.5W,25,1008,0,0,0,0,0,0,0,0,0,0,0,0
AL,BONNIE,2004,2,44,20040813,1800,,TD,37.1N,74.9W,25,1008,0,0,0,0,0,0,0,0,0,0,0,0
AL,BONNIE,2004,2,44,20040814,0,,LO,39.0N,73.5W,20,1012,0,0,0,0,0,0,0,0,0,0,0,0
AL,CHARLEY,2004,3,30,20040809,1200,,TD,11.4N,59.2W,30,1010,0,0,0,0,0,0,0,0,0,0,0,0
AL,CHARLEY,2004,3,30,20040809,1800,,TD,11.7N,61.1W,30,1009,0,0,0,0,0,0,0,0,0,0,0,0
AL,CHARLEY,2004,3,30,20040810,0,,TD,12.2N,63.2W,30,1009,0,0,0,0,0,0,0,0,0,0,0,0
AL,CHARLEY,2004,3,30,20040810,600,,TS,12.9N,65.3W,35,1007,75,0,0,50,0,0,0,0,0,0,0,0
AL,CHARLEY,2004,3,30,20040810,1200,,TS,13.8N,67.6W,40,1004,90,50,0,75,0,0,0,0,0,0,0,0
AL,CHARLEY,2004,3,30,20040810,1800,,TS,14.9N,69.8W,45,1000,90,50,0,75,0,0,0,0,0,0,0,0
AL,CHARLEY,2004,3,30,20040811,0,,TS,15.6N,71.8W,55,999,90,50,0,75,20,0,0,0,0,0,0,0
AL,CHARLEY,2004,3,30,20040811,600,,TS,16.0N,73.7W,55,999,90,50,0,75,20,0,0,0,0,0,0,0
AL,CHARLEY,2004,3,30,20040811,1200,,TS,16.3N,75.4W,60,995,90,75,0,75,40,0,0,40,0,0,0,0
AL,CHARLEY,2004,3,30,20040811,1800,,HU,16.7N,76.8W,65,993,90,75,0,75,40,0,0,40,25,0,0,25
AL,CHARLEY,2004,3,30,20040812,0,,HU,17.4N,78.1W,65,992,90,75,30,75,40,0,0,40,25,0,0,25
AL,CHARLEY,2004,3,30,20040812,600,,HU,18.2N,79.3W,75,988,90,75,30,75,50,20,0,40,20,0,0,20
AL,CHARLEY,2004,3,30,20040812,1200,,HU,19.2N,80.7W,80,984,90,90,30,75,50,30,10,40,20,15,10,20
AL,CHARLEY,2004,3,30,20040812,1800,,HU,20.5N,81.6W,90,980,90,90,40,90,60,50,20,40,25,20,10,20
AL,CHARLEY,2004,3,30,20040813,0,,HU,21.7N,82.2W,90,976,90,90,45,90,60,50,20,40,25,20,10,20
AL,CHARLEY,2004,3,30,20040813,430,L,HU,22.7N,82.6W,105,966,,,,,,,,,,,,
AL,CHARLEY,2004,3,30,20040813,600,,HU,23.0N,82.6W,105,966,90,90,45,90,60,50,20,40,25,20,10,20
AL,CHARLEY,2004,3,30,20040813,1200,,HU,24.4N,82.9W,95,969,90,90,75,75,50,50,40,40,25,25,15,15
AL,CHARLEY,2004,3,30,20040813,1800,,HU,26.1N,82.4W,125,947,40,75,75,50,30,40,40,25,20,20,10,10
AL,CHARLEY,2004,3,30,20040813,1945,L,HU,26.6N,82.2W,130,941,,,,,,,,,,,,
AL,CHARLEY,2004,3,30,20040813,2045,L,HU,26.9N,82.1W,125,942,,,,,,,,,,,,
AL,CHARLEY,2004,3,30,20040814,0,,HU,28.1N,81.6W,75,970,40,75,40,40,30,40,30,25,20,20,20,10
AL,CHARLEY,2004,3,30,20040814,600,,HU,30.1N,80.8W,75,993,75,100,40,40,50,75,30,25,25,50,20,10
AL,CHARLEY,2004,3,30,20040814,1200,,HU,32.3N,79.7W,65,988,75,100,40,40,50,75,0,0,25,40,0,0
AL,CHARLEY,2004,3,30,20040814,1400,L,HU,33.0N,79.4W,70,992,,,,,,,,,,,,
AL,CHARLEY,2004,3,30,20040814,1600,L,HU,33.8N,78.7W,65,997,,,,,,,,,,,,
AL,CHARLEY,2004,3,30,20040814,1800,,TS,34.5N,78.1W,60,1000,75,75,30,30,50,50,15,15,0,0,0,0
AL,CHARLEY,2004,3,30,20040815,0,,EX,36.9N,75.9W,40,1012,75,75,20,0,0,0,0,0,0,0,0,0
AL,CHARLEY,2004,3,30,20040815,600,,EX,39.3N,73.8W,35,1014,75,75,20,0,0,0,0,0,0,0,0,0
AL,CHARLEY,2004,3,30,20040815,1200,,EX,41.2N,71.1W,30,1018,0,0,0,0,0,0,0,0,0,0,0,0
AL,DANIELLE,2004,4,46,20040813,1200,,TD,12.3N,21.8W,30,1009,0,0,0,0,0,0,0,0,0,0,0,0
AL,DANIELLE,2004,4,46,20040813,1800,,TD,12.4N,23.0W,30,1009,0,0,0,0,0,0,0,0,0,0,0,0
AL,DANIELLE,2004,4,46,20040814,0,,TS,12.6N,24.2W,35,1009,45,45,45,45,0,0,0,0,0,0,0,0
AL,DANIELLE,2004,4,46,20040814,600,,TS,12.9N,25.5W,40,1004,50,50,50,50,0,0,0,0,0,0,0,0
AL,DANIELLE,2004,4,46,20040814,1200,,TS,13.2N,26.8W,45,1004,60,50,50,50,0,0,0,0,0,0,0,0
AL,DANIELLE,2004,4,46,20040814,1800,,TS,13.5N,28.1W,55,994,90,75,75,75,25,25,25,25,0,0,0,0
AL,DANIELLE,2004,4,46,20040815,0,,HU,13.8N,29.3W,65,987,120,75,75,90,40,40,40,40,20,20,20,20
AL,DANIELLE,2004,4,46,20040815,600,,HU,14.1N,30.8W,75,981,120,75,75,100,50,40,40,50,25,20,20,25
AL,DANIELLE,2004,4,46,20040815,1200,,HU,14.7N,32.1W,80,978,120,75,75,120,75,40,40,75,25,20,20,25
AL,DANIELLE,2004,4,46,20040815,1800,,HU,15.2N,33.5W,85,975,120,75,75,120,60,40,40,60,25,25,20,25
AL,DANIELLE,2004,4,46,20040816,0,,HU,16.0N,34.8W,90,970,100,90,60,100,40,60,30,40,20,20,15,20
AL,DANIELLE,2004,4,46,20040816,600,,HU,16.8N,36.0W,90,970,90,90,60,90,40,60,30,40,20,20,15,20
AL,DANIELLE,2004,4,46,20040816,1200,,HU,17.7N,37.2W,90,970,75,90,60,75,60,60,40,40,20,20,20,20
AL,DANIELLE,2004,4,46,20040816,1800,,HU,19.0N,38.2W,95,964,75,90,60,60,60,60,40,40,25,25,20,20
AL,DANIELLE,2004,4,46,20040817,0,,HU,20.3N,38.9W,95,965,90,90,60,60,70,70,40,40,25,25,20,20
AL,DANIELLE,2004,4,46,20040817,600,,HU,21.7N,39.6W,90,970,90,90,60,60,70,70,30,30,25,25,15,15
AL,DANIELLE,2004,4,46,20040817,1200,,HU,23.3N,40.0W,90,970,90,90,60,60,70,70,30,30,25,25,10,10
AL,DANIELLE,2004,4,46,20040817,1800,,HU,24.6N,40.3W,85,974,90,90,60,60,70,70,30,30,20,20,20,20
AL,DANIELLE,2004,4,46,20040818,0,,HU,25.9N,40.6W,75,981,90,90,60,60,60,60,40,30,20,20,20,15
AL,DANIELLE,2004,4,46,20040818,600,,HU,27.3N,40.3W,65,985,90,60,40,60,50,30,20,20,20,20,0,0
AL,DANIELLE,2004,4,46,20040818,1200,,TS,28.1N,39.8W,55,994,90,60,0,60,50,30,0,20,0,0,0,0
AL,DANIELLE,2004,4,46,20040818,1800,,TS,28.9N,38.9W,45,1005,90,60,0,25,0,0,0,0,0,0,0,0
AL,DANIELLE,2004,4,46,20040819,0,,TS,29.3N,37.8W,40,1007,90,60,0,60,0,0,0,0,0,0,0,0
AL,DANIELLE,2004,4,46,20040819,600,,TS,29.7N,37.7W,40,1007,90,50,0,40,0,0,0,0,0,0,0,0
AL,DANIELLE,2004,4,46,20040819,1200,,TS,29.9N,37.7W,35,1007,90,0,0,0,0,0,0,0,0,0,0,0
AL,DANIELLE,2004,4,46,20040819,1800,,TS,29.9N,37.2W,35,1007,90,0,0,0,0,0,0,0,0,0,0,0
AL,DANIELLE,2004,4,46,20040820,0,,TS,29.8N,36.8W,35,1009,90,0,0,0,0,0,0,0,0,0,0,0
AL,DANIELLE,2004,4,46,20040820,600,,TS,30.2N,37.0W,35,1010,90,0,0,0,0,0,0,0,0,0,0,0
AL,DANIELLE,2004,4,46,20040820,1200,,TS,30.5N,37.2W,35,1011,90,0,0,0,0,0,0,0,0,0,0,0
AL,DANIELLE,2004,4,46,20040820,1800,,TD,30.9N,37.6W,30,1012,0,0,0,0,0,0,0,0,0,0,0,0
AL,DANIELLE,2004,4,46,20040821,0,,TD,30.9N,38.0W,30,1012,0,0,0,0,0,0,0,0,0,0,0,0
AL,DANIELLE,2004,4,46,20040821,600,,TD,30.6N,38.6W,30,1013,0,0,0,0,0,0,0,0,0,0,0,0
AL,DANIELLE,2004,4,46,20040821,1200,,TD,30.7N,38.9W,25,1014,0,0,0,0,0,0,0,0,0,0,0,0
AL,DANIELLE,2004,4,46,20040821,1800,,LO,30.5N,39.2W,25,1014,0,0,0,0,0,0,0,0,0,0,0,0
AL,DANIELLE,2004,4,46,20040822,0,,LO,30.3N,39.8W,25,1015,0,0,0,0,0,0,0,0,0,0,0,0
AL,DANIELLE,2004,4,46,20040822,600,,LO,30.2N,40.3W,25,1015,0,0,0,0,0,0,0,0,0,0,0,0
AL,DANIELLE,2004,4,46,20040822,1200,,LO,30.3N,40.8W,25,1015,0,0,0,0,0,0,0,0,0,0,0,0
AL,DANIELLE,2004,4,46,20040822,1800,,LO,30.4N,41.2W,25,1016,0,0,0,0,0,0,0,0,0,0,0,0
AL,DANIELLE,2004,4,46,20040823,0,,LO,30.8N,42.0W,25,1016,0,0,0,0,0,0,0,0,0,0,0,0
AL,DANIELLE,2004,4,46,20040823,600,,LO,31.7N,42.5W,25,1017,0,0,0,0,0,0,0,0,0,0,0,0
AL,DANIELLE,2004,4,46,20040823,1200,,LO,32.3N,43.3W,25,1017,0,0,0,0,0,0,0,0,0,0,0,0
AL,DANIELLE,2004,4,46,20040823,1800,,LO,33.1N,43.8W,25,1017,0,0,0,0,0,0,0,0,0,0,0,0
AL,DANIELLE,2004,4,46,20040824,0,,LO,33.9N,44.2W,20,1018,0,0,0,0,0,0,0,0,0,0,0,0
AL,DANIELLE,2004,4,46,20040824,600,,LO,34.7N,44.6W,20,1018,0,0,0,0,0,0,0,0,0,0,0,0
AL,DANIELLE,2004,4,46,20040824,1200,,LO,35.5N,45.0W,20,1019,0,0,0,0,0,0,0,0,0,0,0,0
AL,DANIELLE,2004,4,46,20040824,1800,,LO,36.4N,45.2W,20,1019,0,0,0,0,0,0,0,0,0,0,0,0
AL,EARL,2004,5,9,20040813,1800,,TD,9.0N,45.6W,30,1011,0,0,0,0,0,0,0,0,0,0,0,0
AL,EARL,2004,5,9,20040814,0,,TD,9.2N,47.4W,30,1011,0,0,0,0,0,0,0,0,0,0,0,0
AL,EARL,2004,5,9,20040814,600,,TD,9.6N,49.2W,30,1011,0,0,0,0,0,0,0,0,0,0,0,0
AL,EARL,2004,5,9,20040814,1200,,TD,10.1N,51.4W,30,1011,0,0,0,0,0,0,0,0,0,0,0,0
AL,EARL,2004,5,9,20040814,1800,,TS,10.5N,53.5W,35,1010,75,0,0,75,0,0,0,0,0,0,0,0
AL,EARL,2004,5,9,20040815,0,,TS,11.0N,55.9W,35,1010,75,0,0,75,0,0,0,0,0,0,0,0
AL,EARL,2004,5,9,20040815,600,,TS,11.5N,58.3W,45,1009,90,0,0,75,0,0,0,0,0,0,0,0
AL,EARL,2004,5,9,20040815,1200,,TS,11.8N,60.8W,45,1009,90,0,0,75,0,0,0,0,0,0,0,0
AL,EARL,2004,5,9,20040815,1800,,TS,12.1N,62.8W,35,1010,75,0,0,75,0,0,0,0,0,0,0,0
AL,FRANCES,2004,6,75,20040825,0,,TD,11.1N,35.2W,25,1009,0,0,0,0,0,0,0,0,0,0,0,0
AL,FRANCES,2004,6,75,20040825,600,,TD,11.2N,36.8W,30,1008,0,0,0,0,0,0,0,0,0,0,0,0
AL,FRANCES,2004,6,75,20040825,1200,,TD,11.3N,38.3W,30,1007,0,0,0,0,0,0,0,0,0,0,0,0
AL,FRANCES,2004,6,75,20040825,1800,,TS,11.5N,39.8W,35,1005,40,20,20,40,0,0,0,0,0,0,0,0
AL,FRANCES,2004,6,75,20040826,0,,TS,11.9N,41.5W,40,1003,50,30,30,50,0,0,0,0,0,0,0,0
AL,FRANCES,2004,6,75,20040826,600,,TS,12.3N,42.9W,45,1000,60,40,40,60,0,0,0,0,0,0,0,0
AL,FRANCES,2004,6,75,20040826,1200,,TS,12.8N,44.5W,55,994,65,50,50,65,30,20,20,30,0,0,0,0
AL,FRANCES,2004,6,75,20040826,1800,,HU,13.3N,45.8W,65,987,70,55,55,70,35,20,20,35,15,0,0,15
AL,FRANCES,2004,6,75,20040827,0,,HU,13.7N,46.8W,70,984,75,60,60,75,40,30,30,40,15,0,0,15
AL,FRANCES,2004,6,75,20040827,600,,HU,14.2N,47.8W,75,980,75,60,60,75,40,30,30,40,15,15,15,15
AL,FRANCES,2004,6,75,20040827,1200,,HU,14.7N,48.5W,90,970,80,65,65,80,40,30,30,40,20,15,15,20
AL,FRANCES,2004,6,75,20040827,1800,,HU,15.4N,49.3W,100,962,90,80,80,90,45,35,35,45,20,20,20,20
AL,FRANCES,2004,6,75,20040828,0,,HU,15.9N,50.0W,100,962,90,80,80,90,45,35,35,45,20,20,20,20
AL,FRANCES,2004,6,75,20040828,600,,HU,16.6N,50.9W,100,962,90,90,90,90,50,40,40,50,20,20,20,20
AL,FRANCES,2004,6,75,20040828,1200,,HU,17.2N,51.6W,105,958,90,90,90,90,50,50,50,50,25,25,25,25
AL,FRANCES,2004,6,75,20040828,1800,,HU,17.7N,52.3W,115,948,100,90,90,90,60,50,55,60,30,25,30,30
AL,FRANCES,2004,6,75,20040829,0,,HU,18.1N,52.9W,115,948,110,100,100,110,65,50,60,65,30,25,30,30
AL,FRANCES,2004,6,75,20040829,600,,HU,18.4N,53.6W,115,948,120,100,100,120,65,50,60,65,35,25,30,35
AL,FRANCES,2004,6,75,20040829,1200,,HU,18.6N,54.4W,115,948,135,110,110,135,70,50,60,70,40,25,30,40
AL,FRANCES,2004,6,75,20040829,1800,,HU,18.8N,55.0W,110,948,150,110,110,150,75,50,60,75,40,25,30,45
AL,FRANCES,2004,6,75,20040830,0,,HU,18.9N,55.8W,105,954,150,110,110,150,75,50,60,75,40,25,30,45
AL,FRANCES,2004,6,75,20040830,600,,HU,19.0N,56.8W,100,958,150,110,110,150,75,50,70,90,40,25,30,45
AL,FRANCES,2004,6,75,20040830,1200,,HU,19.2N,58.1W,100,956,150,110,120,150,90,50,70,90,45,30,30,45
AL,FRANCES,2004,6,75,20040830,1800,,HU,19.4N,59.3W,110,948,160,120,120,160,90,70,70,90,50,40,40,50
AL,FRANCES,2004,6,75,20040831,0,,HU,19.6N,60.7W,110,946,160,130,120,160,90,80,70,90,50,40,40,50
AL,FRANCES,2004,6,75,20040831,600,,HU,19.8N,62.1W,115,950,160,130,120,160,90,80,70,90,55,45,45,55
AL,FRANCES,2004,6,75,20040831,1200,,HU,20.0N,63.5W,120,949,160,130,120,160,90,90,70,90,55,45,45,55
AL,FRANCES,2004,6,75,20040831,1800,,HU,20.3N,65.0W,125,942,160,130,120,160,100,90,75,90,55,45,45,60
AL,FRANCES,2004,6,75,20040901,0,,HU,20.6N,66.4W,120,941,160,130,120,160,110,100,75,100,65,50,45,60
AL,FRANCES,2004,6,75,20040901,600,,HU,21.0N,67.9W,120,939,160,130,120,160,120,100,75,100,70,55,45,60
AL,FRANCES,2004,6,75,20040901,700,P,HU,21.1N,68.1W,120,935,,,,,,,,,,,,
AL,FRANCES,2004,6,75,20040901,1200,,HU,21.4N,69.1W,120,937,160,130,120,160,120,100,75,100,70,55,45,60
AL,FRANCES,2004,6,75,20040901,1800,,HU,21.8N,70.4W,120,941,160,130,120,160,120,100,75,100,70,55,45,60
AL,FRANCES,2004,6,75,20040902,0,,HU,22.2N,71.4W,120,939,160,130,120,160,120,100,75,100,70,60,45,60
AL,FRANCES,2004,6,75,20040902,600,,HU,22.7N,72.5W,125,937,160,130,120,160,120,100,75,100,70,60,45,60
AL,FRANCES,2004,6,75,20040902,730,W,HU,22.8N,72.8W,125,936,,,,,,,,,,,,
AL,FRANCES,2004,6,75,20040902,1200,,HU,23.2N,73.5W,120,939,160,130,120,160,120,100,75,100,70,60,45,60
AL,FRANCES,2004,6,75,20040902,1800,,HU,23.8N,74.3W,115,948,160,140,120,160,120,100,75,100,70,60,45,60
AL,FRANCES,2004,6,75,20040902,1930,L,HU,24.0N,74.5W,110,948,,,,,,,,,,,,
AL,FRANCES,2004,6,75,20040903,0,,HU,24.2N,75.0W,105,948,160,150,120,160,120,100,75,100,70,60,45,60
AL,FRANCES,2004,6,75,20040903,530,L,HU,24.6N,75.6W,100,954,,,,,,,,,,,,
AL,FRANCES,2004,6,75,20040903,600,,HU,24.7N,75.7W,100,954,160,150,120,150,120,100,75,100,70,65,45,65
AL,FRANCES,2004,6,75,20040903,1000,L,HU,25.1N,76.1W,95,956,,,,,,,,,,,,
AL,FRANCES,2004,6,75,20040903,1200,,HU,25.3N,76.3W,95,958,165,150,120,160,120,100,75,100,70,70,45,70
AL,FRANCES,2004,6,75,20040903,1800,,HU,25.7N,77.1W,90,960,170,150,120,160,125,100,75,100,75,75,45,75
AL,FRANCES,2004,6,75,20040904,0,,HU,26.0N,77.5W,85,960,175,160,120,160,125,100,80,110,80,70,45,75
AL,FRANCES,2004,6,75,20040904,600,,HU,26.4N,77.9W,85,960,175,160,120,160,125,100,80,110,85,60,50,75
AL,FRANCES,2004,6,75,20040904,1000,L,HU,26.6N,78.2W,90,961,,,,,,,,,,,,
AL,FRANCES,2004,6,75,20040904,1200,,HU,26.8N,78.5W,90,962,175,160,120,160,125,100,80,110,85,60,50,75
AL,FRANCES,2004,6,75,20040904,1800,,HU,26.8N,79.1W,90,962,175,160,125,160,125,100,90,120,75,60,50,75
AL,FRANCES,2004,6,75,20040905,0,,HU,27.0N,79.4W,95,958,175,160,125,160,125,100,90,120,75,60,50,75
AL,FRANCES,2004,6,75,20040905,430,L,HU,27.2N,80.2W,90,960,,,,,,,,,,,,
AL,FRANCES,2004,6,75,20040905,600,,HU,27.2N,80.2W,90,960,175,160,125,160,125,100,75,120,75,60,40,60
AL,FRANCES,2004,6,75,20040905,1200,,HU,27.4N,80.7W,80,969,175,150,125,125,80,80,40,40,60,30,30,30
AL,FRANCES,2004,6,75,20040905,1800,,TS,27.8N,81.7W,60,975,175,125,125,125,40,30,25,25,0,0,0,0
AL,FRANCES,2004,6,75,20040906,0,,TS,28.1N,82.3W,55,978,175,125,125,175,30,0,0,0,0,0,0,0
AL,FRANCES,2004,6,75,20040906,600,,TS,28.6N,83.3W,55,981,175,125,125,125,60,0,0,45,0,0,0,0
AL,FRANCES,2004,6,75,20040906,1200,,TS,29.2N,83.7W,55,982,75,90,90,75,45,0,0,45,0,0,0,0
AL,FRANCES,2004,6,75,20040906,1800,L,TS,30.1N,84.0W,50,982,60,90,90,0,25,0,0,25,0,0,0,0
AL,FRANCES,2004,6,75,20040907,0,,TS,31.0N,84.6W,35,984,0,90,90,0,0,0,0,0,0,0,0,0
AL,FRANCES,2004,6,75,20040907,600,,TD,31.5N,85.0W,30,988,0,0,0,0,0,0,0,0,0,0,0,0
AL,FRANCES,2004,6,75,20040907,1200,,TD,32.0N,85.2W,25,992,0,0,0,0,0,0,0,0,0,0,0,0
AL,FRANCES,2004,6,75,20040907,1800,,TD,32.5N,85.1W,25,996,0,0,0,0,0,0,0,0,0,0,0,0
AL,FRANCES,2004,6,75,20040908,0,,TD,33.4N,84.7W,25,998,0,0,0,0,0,0,0,0,0,0,0,0
AL,FRANCES,2004,6,75,20040908,600,,TD,34.3N,84.3W,25,1000,0,0,0,0,0,0,0,0,0,0,0,0
AL,FRANCES,2004,6,75,20040908,1200,,TD,36.1N,83.2W,25,1001,0,0,0,0,0,0,0,0,0,0,0,0
AL,FRANCES,2004,6,75,20040908,1800,,TD,37.8N,82.1W,25,1002,0,0,0,0,0,0,0,0,0,0,0,0
AL,FRANCES,2004,6,75,20040909,0,,EX,38.7N,81.3W,25,1001,0,0,0,0,0,0,0,0,0,0,0,0
AL,FRANCES,2004,6,75,20040909,600,,EX,40.5N,80.0W,30,1001,0,0,0,0,0,0,0,0,0,0,0,0
AL,FRANCES,2004,6,75,20040909,1200,,EX,42.8N,77.7W,35,1001,75,0,0,75,0,0,0,0,0,0,0,0
AL,FRANCES,2004,6,75,20040909,1800,,EX,44.3N,75.7W,30,1002,0,0,0,0,0,0,0,0,0,0,0,0
AL,FRANCES,2004,6,75,20040910,0,,EX,45.3N,73.3W,25,1003,0,0,0,0,0,0,0,0,0,0,0,0
AL,FRANCES,2004,6,75,20040910,600,,EX,46.2N,70.5W,20,1004,0,0,0,0,0,0,0,0,0,0,0,0
AL,FRANCES,2004,6,75,20040910,1200,,EX,46.6N,67.3W,20,1005,0,0,0,0,0,0,0,0,0,0,0,0
AL,FRANCES,2004,6,75,20040910,1800,,EX,47.2N,64.2W,20,1005,0,0,0,0,0,0,0,0,0,0,0,0
AL,GASTON,2004,7,28,20040827,1200,,TD,31.8N,78.1W,25,1015,0,0,0,0,0,0,0,0,0,0,0,0
AL,GASTON,2004,7,28,20040827,1800,,TD,31.6N,78.0W,25,1014,0,0,0,0,0,0,0,0,0,0,0,0
AL,GASTON,2004,7,28,20040828,0,,TD,31.4N,78.0W,30,1011,0,0,0,0,0,0,0,0,0,0,0,0
AL,GASTON,2004,7,28,20040828,600,,TS,31.3N,78.2W,35,1005,0,50,0,0,0,0,0,0,0,0,0,0
AL,GASTON,2004,7,28,20040828,1200,,TS,31.3N,78.5W,45,1000,50,50,0,0,0,0,0,0,0,0,0,0
AL,GASTON,2004,7,28,20040828,1800,,TS,31.3N,78.8W,50,997,75,75,40,40,0,25,0,0,0,0,0,0
AL,GASTON,2004,7,28,20040829,0,,TS,31.5N,79.1W,55,994,50,50,50,50,25,25,25,25,0,0,0,0
AL,GASTON,2004,7,28,20040829,600,,TS,32.1N,79.4W,60,991,50,50,40,50,25,25,25,25,0,0,0,0
AL,GASTON,2004,7,28,20040829,1200,,HU,32.8N,79.5W,65,986,50,50,30,30,25,25,20,20,10,10,0,0
AL,GASTON,2004,7,28,20040829,1400,L,HU,33.0N,79.6W,65,985,,,,,,,,,,,,
AL,GASTON,2004,7,28,20040829,1800,,TS,33.5N,79.6W,45,992,0,60,0,0,0,0,0,0,0,0,0,0
AL,GASTON,2004,7,28,20040830,0,,TD,34.2N,79.4W,30,995,0,0,0,0,0,0,0,0,0,0,0,0
AL,GASTON,2004,7,28,20040830,600,,TD,34.9N,79.1W,30,998,0,0,0,0,0,0,0,0,0,0,0,0
AL,GASTON,2004,7,28,20040830,1200,,TD,35.6N,78.7W,25,1000,0,0,0,0,0,0,0,0,0,0,0,0
AL,GASTON,2004,7,28,20040830,1800,,TD,36.4N,77.8W,30,1002,0,0,0,0,0,0,0,0,0,0,0,0
AL,GASTON,2004,7,28,20040831,0,,TS,37.2N,76.6W,35,1001,0,45,0,0,0,0,0,0,0,0,0,0
AL,GASTON,2004,7,28,20040831,600,,TS,38.1N,74.8W,35,1001,0,45,0,0,0,0,0,0,0,0,0,0
AL,GASTON,2004,7,28,20040831,1200,,TS,39.1N,72.9W,35,1001,0,45,0,0,0,0,0,0,0,0,0,0
AL,GASTON,2004,7,28,20040831,1800,,TS,40.2N,70.5W,35,999,0,120,90,0,0,0,0,0,0,0,0,0
AL,GASTON,2004,7,28,20040901,0,,TS,41.0N,67.5W,40,999,60,120,90,0,0,0,0,0,0,0,0,0
AL,GASTON,2004,7,28,20040901,600,,TS,41.7N,63.5W,45,999,120,120,60,0,0,0,0,0,0,0,0,0
AL,GASTON,2004,7,28,20040901,1200,,EX,43.0N,59.6W,45,999,120,120,60,0,0,0,0,0,0,0,0,0
AL,GASTON,2004,7,28,20040901,1800,,EX,45.0N,55.0W,45,998,90,240,240,0,0,0,0,0,0,0,0,0
AL,GASTON,2004,7,28,20040902,0,,EX,47.0N,50.0W,45,997,0,240,240,0,0,0,0,0,0,0,0,0
AL,GASTON,2004,7,28,20040902,600,,EX,48.5N,44.0W,45,996,0,240,240,0,0,0,0,0,0,0,0,0
AL,GASTON,2004,7,28,20040902,1200,,EX,50.0N,38.0W,45,994,0,240,240,0,0,0,0,0,0,0,0,0
AL,GASTON,2004,7,28,20040902,1800,,EX,51.1N,32.0W,40,994,0,240,240,0,0,0,0,0,0,0,0,0
AL,GASTON,2004,7,28,20040903,0,,EX,52.0N,28.9W,35,998,0,240,240,0,0,0,0,0,0,0,0,0
AL,HERMINE,2004,8,16,20040827,1800,,TD,29.0N,65.2W,25,1016,0,0,0,0,0,0,0,0,0,0,0,0
AL,HERMINE,2004,8,16,20040828,0,,TD,29.0N,65.7W,25,1016,0,0,0,0,0,0,0,0,0,0,0,0
AL,HERMINE,2004,8,16,20040828,600,,TD,29.1N,66.2W,25,1016,0,0,0,0,0,0,0,0,0,0,0,0
AL,HERMINE,2004,8,16,20040828,1200,,TD,29.2N,66.6W,30,1015,0,0,0,0,0,0,0,0,0,0,0,0
AL,HERMINE,2004,8,16,20040828,1800,,TD,29.7N,67.2W,30,1015,0,0,0,0,0,0,0,0,0,0,0,0
AL,HERMINE,2004,8,16,20040829,0,,TD,30.1N,68.4W,30,1014,0,0,0,0,0,0,0,0,0,0,0,0
AL,HERMINE,2004,8,16,20040829,600,,TD,30.5N,69.2W,30,1014,0,0,0,0,0,0,0,0,0,0,0,0
AL,HERMINE,2004,8,16,20040829,1200,,TS,31.1N,69.8W,35,1012,25,50,50,0,0,0,0,0,0,0,0,0
AL,HERMINE,2004,8,16,20040829,1800,,TS,31.8N,70.5W,40,1005,25,50,50,0,0,0,0,0,0,0,0,0
AL,HERMINE,2004,8,16,20040830,0,,TS,32.6N,71.1W,40,1005,50,50,50,50,0,0,0,0,0,0,0,0
AL,HERMINE,2004,8,16,20040830,600,,TS,33.8N,71.5W,50,1002,50,50,40,40,25,25,0,0,0,0,0,0
AL,HERMINE,2004,8,16,20040830,1200,,TS,35.8N,71.5W,45,1007,50,100,0,0,0,0,0,0,0,0,0,0
AL,HERMINE,2004,8,16,20040830,1800,,TS,37.6N,71.4W,45,1008,0,125,0,0,0,0,0,0,0,0,0,0
AL,HERMINE,2004,8,16,20040831,0,,TS,39.9N,71.3W,35,1011,0,40,0,0,0,0,0,0,0,0,0,0
AL,HERMINE,2004,8,16,20040831,600,L,TS,41.5N,70.9W,35,1012,0,25,0,0,0,0,0,0,0,0,0,0
AL,HERMINE,2004,8,16,20040831,1200,,EX,43.1N,70.5W,25,1014,0,0,0,0,0,0,0,0,0,0,0,0
AL,IVAN,2004,9,94,20040902,1800,,TD,9.7N,27.6W,25,1009,0,0,0,0,0,0,0,0,0,0,0,0
AL,IVAN,2004,9,94,20040903,0,,TD,9.7N,28.7W,30,1007,0,0,0,0,0,0,0,0,0,0,0,0
AL,IVAN,2004,9,94,20040903,600,,TS,9.7N,30.3W,35,1005,50,0,0,50,0,0,0,0,0,0,0,0
AL,IVAN,2004,9,94,20040903,1200,,TS,9.5N,32.1W,40,1003,50,0,0,50,0,0,0,0,0,0,0,0
AL,IVAN,2004,9,94,20040903,1800,,TS,9.3N,33.6W,45,1000,60,125,125,60,0,0,0,0,0,0,0,0
AL,IVAN,2004,9,94,20040904,0,,TS,9.1N,35.0W,45,999,60,125,125,60,0,0,0,0,0,0,0,0
AL,IVAN,2004,9,94,20040904,600,,TS,8.9N,36.5W,50,997,60,100,100,60,25,25,25,25,0,0,0,0
AL,IVAN,2004,9,94,20040904,1200,,TS,8.9N,38.2W,50,997,60,100,100,60,20,20,20,20,0,0,0,0
AL,IVAN,2004,9,94,20040904,1800,,TS,9.0N,39.9W,55,994,60,100,60,60,20,20,20,20,0,0,0,0
AL,IVAN,2004,9,94,20040905,0,,TS,9.3N,41.4W,60,991,90,100,60,90,30,30,30,30,0,0,0,0
AL,IVAN,2004,9,94,20040905,600,,HU,9.5N,43.4W,65,987,90,90,90,90,40,40,40,40,20,20,20,20
AL,IVAN,2004,9,94,20040905,1200,,HU,9.8N,45.1W,85,977,110,110,70,90,40,40,40,40,20,20,20,20
AL,IVAN,2004,9,94,20040905,1800,,HU,10.2N,46.8W,110,955,110,110,90,90,40,40,40,40,20,20,20,20
AL,IVAN,2004,9,94,20040906,0,,HU,10.6N,48.5W,115,948,120,120,100,100,50,50,50,50,30,30,30,30
AL,IVAN,2004,9,94,20040906,600,,HU,10.8N,50.5W,110,950,120,120,100,100,50,50,50,50,30,30,30,30
AL,IVAN,2004,9,94,20040906,1200,,HU,11.0N,52.5W,110,955,120,120,100,120,50,50,50,50,30,30,30,30
AL,IVAN,2004,9,94,20040906,1800,,HU,11.3N,54.4W,90,969,120,50,50,120,75,20,20,75,45,0,0,45
AL,IVAN,2004,9,94,20040907,0,,HU,11.2N,56.1W,90,964,140,50,50,140,75,20,20,90,60,0,0,60
AL,IVAN,2004,9,94,20040907,600,,HU,11.3N,57.8W,95,965,140,60,60,140,90,30,30,90,60,15,15,60
AL,IVAN,2004,9,94,20040907,1200,,HU,11.6N,59.4W,100,963,140,60,60,140,90,30,30,90,60,15,15,60
AL,IVAN,2004,9,94,20040907,1800,,HU,11.8N,61.1W,105,956,140,125,30,140,100,75,25,100,60,15,15,60
AL,IVAN,2004,9,94,20040907,2130,C,HU,11.9N,61.8W,110,952,,,,,,,,,,,,
AL,IVAN,2004,9,94,20040908,0,,HU,12.0N,62.6W,115,950,140,125,50,140,100,75,35,100,60,20,20,60
AL,IVAN,2004,9,94,20040908,600,,HU,12.3N,64.1W,120,946,140,125,50,140,100,75,35,100,60,20,20,60
AL,IVAN,2004,9,94,20040908,1200,,HU,12.6N,65.5W,120,955,140,125,50,140,100,75,35,100,60,20,20,60
AL,IVAN,2004,9,94,20040908,1800,,HU,13.0N,67.0W,120,950,140,125,50,140,100,75,35,100,60,20,20,60
AL,IVAN,2004,9,94,20040909,0,,HU,13.3N,68.3W,130,938,140,125,75,140,100,75,35,100,50,25,25,50
AL,IVAN,2004,9,94,20040909,600,,HU,13.7N,69.5W,140,925,140,125,75,140,100,75,35,100,50,25,25,50
AL,IVAN,2004,9,94,20040909,1200,,HU,14.2N,70.8W,140,919,140,125,75,140,100,75,35,100,50,25,25,50
AL,IVAN,2004,9,94,20040909,1800,,HU,14.7N,71.9W,130,921,150,75,60,140,60,60,45,60,30,30,25,30
AL,IVAN,2004,9,94,20040910,0,,HU,15.2N,72.8W,130,923,150,90,90,150,125,60,60,60,45,35,30,45
AL,IVAN,2004,9,94,20040910,600,,HU,15.7N,73.8W,125,930,150,90,90,150,125,60,60,60,45,35,30,45
AL,IVAN,2004,9,94,20040910,1200,,HU,16.2N,74.7W,125,934,150,90,90,150,75,50,50,75,50,25,25,40
AL,IVAN,2004,9,94,20040910,1800,,HU,16.8N,75.8W,120,940,150,90,90,150,75,50,50,75,50,25,25,40
AL,IVAN,2004,9,94,20040911,0,,HU,17.3N,76.5W,135,926,150,90,90,150,75,50,50,75,50,40,30,40
AL,IVAN,2004,9,94,20040911,330,C,HU,17.4N,77.2W,130,924,,,,,,,,,,,,
AL,IVAN,2004,9,94,20040911,600,,HU,17.4N,77.6W,130,923,150,100,100,150,60,60,60,60,40,30,30,40
AL,IVAN,2004,9,94,20040911,1200,,HU,17.7N,78.4W,125,925,150,100,100,150,60,60,60,60,40,30,30,40
AL,IVAN,2004,9,94,20040911,1800,,HU,18.0N,79.0W,145,920,150,100,100,150,75,60,60,75,60,30,30,60
AL,IVAN,2004,9,94,20040912,0,,HU,18.2N,79.6W,145,910,150,100,100,150,90,75,60,90,60,60,30,60
AL,IVAN,2004,9,94,20040912,600,,HU,18.4N,80.4W,135,915,150,100,100,150,100,70,70,95,80,45,25,55
AL,IVAN,2004,9,94,20040912,1200,,HU,18.8N,81.2W,135,919,150,120,100,150,100,90,70,90,80,60,45,55
AL,IVAN,2004,9,94,20040912,1415,C,HU,18.9N,81.5W,130,920,,,,,,,,,,,,
AL,IVAN,2004,9,94,20040912,1800,,HU,19.1N,82.1W,130,920,150,120,100,150,100,90,70,90,80,60,45,55
AL,IVAN,2004,9,94,20040913,0,,HU,19.5N,82.8W,140,916,175,150,125,150,125,100,75,100,80,60,50,60
AL,IVAN,2004,9,94,20040913,600,,HU,19.9N,83.5W,140,920,175,150,125,125,125,90,60,75,90,75,40,50
AL,IVAN,2004,9,94,20040913,1200,,HU,20.4N,84.1W,140,915,180,150,125,125,125,90,60,75,90,75,40,50
AL,IVAN,2004,9,94,20040913,1800,,HU,20.9N,84.7W,140,912,190,175,140,150,125,110,90,100,100,85,70,75
AL,IVAN,2004,9,94,20040913,2100,P,HU,22.1N,84.8W,140,910,,,,,,,,,,,,
AL,IVAN,2004,9,94,20040914,0,,HU,21.6N,85.1W,140,914,175,175,125,150,125,110,70,100,85,85,50,75
AL,IVAN,2004,9,94,20040914,100,C,HU,21.7N,85.2W,140,916,,,,,,,,,,,,
AL,IVAN,2004,9,94,20040914,600,,HU,22.4N,85.6W,140,924,175,175,125,150,125,110,70,100,85,85,50,75
AL,IVAN,2004,9,94,20040914,1200,,HU,23.0N,86.0W,125,930,225,175,150,200,125,110,70,100,85,85,50,75
AL,IVAN,2004,9,94,20040914,1800,,HU,23.7N,86.5W,120,931,225,175,150,200,175,125,75,125,90,90,60,75
AL,IVAN,2004,9,94,20040915,0,,HU,24.7N,87.0W,120,928,225,175,150,200,175,125,75,125,90,90,60,75
AL,IVAN,2004,9,94,20040915,600,,HU,25.6N,87.4W,120,935,225,175,150,200,175,125,75,125,90,90,60,75
AL,IVAN,2004,9,94,20040915,1200,,HU,26.7N,87.9W,115,939,225,250,150,175,150,100,90,100,90,90,75,75
AL,IVAN,2004,9,94,20040915,1800,,HU,27.9N,88.2W,115,937,225,250,125,150,125,100,100,100,90,90,75,75
AL,IVAN,2004,9,94,20040916,0,,HU,28.9N,88.2W,110,931,225,250,125,150,125,125,100,100,90,90,75,75
AL,IVAN,2004,9,94,20040916,600,,HU,30.0N,87.9W,105,943,225,250,125,100,125,125,100,75,90,90,75,50
AL,IVAN,2004,9,94,20040916,650,L,HU,30.2N,87.9W,105,946,,,,,,,,,,,,
AL,IVAN,2004,9,94,20040916,1200,,HU,31.4N,87.7W,70,965,100,250,125,75,65,125,50,40,45,45,35,25
AL,IVAN,2004,9,94,20040916,1800,,TS,32.5N,87.4W,50,975,60,60,40,40,20,20,0,0,0,0,0,0
AL,IVAN,2004,9,94,20040917,0,,TD,33.8N,86.5W,30,986,0,0,0,0,0,0,0,0,0,0,0,0
AL,IVAN,2004,9,94,20040917,600,,TD,34.7N,85.7W,25,991,0,0,0,0,0,0,0,0,0,0,0,0
AL,IVAN,2004,9,94,20040917,1200,,TD,35.4N,84.0W,20,994,0,0,0,0,0,0,0,0,0,0,0,0
AL,IVAN,2004,9,94,20040917,1800,,TD,36.2N,82.3W,20,996,0,0,0,0,0,0,0,0,0,0,0,0
AL,IVAN,2004,9,94,20040918,0,,TD,37.0N,80.5W,20,999,0,0,0,0,0,0,0,0,0,0,0,0
AL,IVAN,2004,9,94,20040918,600,,TD,37.7N,78.5W,15,998,0,0,0,0,0,0,0,0,0,0,0,0
AL,IVAN,2004,9,94,20040918,1200,,TD,38.4N,76.7W,15,1000,0,0,0,0,0,0,0,0,0,0,0,0
AL,IVAN,2004,9,94,20040918,1800,,EX,38.0N,75.5W,25,1002,0,0,0,0,0,0,0,0,0,0,0,0
AL,IVAN,2004,9,94,20040919,0,,EX,37.5N,74.0W,35,1003,0,0,0,60,0,0,0,0,0,0,0,0
AL,IVAN,2004,9,94,20040919,600,,EX,36.0N,74.0W,35,1005,0,0,0,75,0,0,0,0,0,0,0,0
AL,IVAN,2004,9,94,20040919,1200,,EX,34.5N,74.5W,35,1008,0,0,0,75,0,0,0,0,0,0,0,0
AL,IVAN,2004,9,94,20040919,1800,,EX,32.8N,75.8W,35,1008,0,0,0,75,0,0,0,0,0,0,0,0
AL,IVAN,2004,9,94,20040920,0,,EX,31.0N,77.5W,35,1008,0,0,0,75,0,0,0,0,0,0,0,0
AL,IVAN,2004,9,94,20040920,600,,EX,29.0N,78.5W,35,1008,0,0,0,60,0,0,0,0,0,0,0,0
AL,IVAN,2004,9,94,20040920,1200,,EX,27.5N,78.7W,30,1009,0,0,0,0,0,0,0,0,0,0,0,0
AL,IVAN,2004,9,94,20040920,1800,,EX,26.4N,79.1W,25,1009,0,0,0,0,0,0,0,0,0,0,0,0
AL,IVAN,2004,9,94,20040921,0,,EX,26.1N,79.7W,25,1009,0,0,0,0,0,0,0,0,0,0,0,0
AL,IVAN,2004,9,94,20040921,600,,EX,25.9N,80.6W,25,1009,0,0,0,0,0,0,0,0,0,0,0,0
AL,IVAN,2004,9,94,20040921,1200,,EX,25.8N,81.7W,25,1009,0,0,0,0,0,0,0,0,0,0,0,0
AL,IVAN,2004,9,94,20040921,1800,,LO,25.2N,82.8W,25,1010,0,0,0,0,0,0,0,0,0,0,0,0
AL,IVAN,2004,9,94,20040922,0,,LO,24.8N,84.1W,25,1010,0,0,0,0,0,0,0,0,0,0,0,0
AL,IVAN,2004,9,94,20040922,600,,LO,25.1N,86.1W,25,1010,0,0,0,0,0,0,0,0,0,0,0,0
AL,IVAN,2004,9,94,20040922,1200,,LO,26.0N,87.3W,25,1010,0,0,0,0,0,0,0,0,0,0,0,0
AL,IVAN,2004,9,94,20040922,1800,,TD,26.5N,88.6W,30,1008,0,0,0,0,0,0,0,0,0,0,0,0
AL,IVAN,2004,9,94,20040923,0,,TS,27.1N,89.5W,35,1007,75,30,0,0,0,0,0,0,0,0,0,0
AL,IVAN,2004,9,94,20040923,600,,TS,27.9N,91.0W,35,1007,75,50,0,0,0,0,0,0,0,0,0,0
AL,IVAN,2004,9,94,20040923,1200,,TS,28.9N,92.2W,50,998,60,60,20,40,20,0,0,20,0,0,0,0
AL,IVAN,2004,9,94,20040923,1800,,TS,29.2N,92.7W,40,1003,50,50,20,40,0,0,0,0,0,0,0,0
AL,IVAN,2004,9,94,20040924,0,,TD,29.6N,93.2W,30,1003,0,0,0,0,0,0,0,0,0,0,0,0
AL,IVAN,2004,9,94,20040924,200,L,TD,29.8N,93.6W,30,1004,0,0,0,0,0,0,0,0,0,0,0,0
AL,IVAN,2004,9,94,20040924,600,,TD,30.1N,94.2W,25,1009,0,0,0,0,0,0,0,0,0,0,0,0
AL,UNNAMED,2004,10,13,20040907,1200,,TD,31.5N,39.7W,25,1009,0,0,0,0,0,0,0,0,0,0,0,0
AL,UNNAMED,2004,10,13,20040907,1800,,TD,31.7N,39.3W,25,1009,0,0,0,0,0,0,0,0,0,0,0,0
AL,UNNAMED,2004,10,13,20040908,0,,TD,32.0N,38.7W,25,1010,0,0,0,0,0,0,0,0,0,0,0,0
AL,UNNAMED,2004,10,13,20040908,600,,TD,32.3N,38.1W,25,1011,0,0,0,0,0,0,0,0,0,0,0,0
AL,UNNAMED,2004,10,13,20040908,1200,,TD,32.8N,37.1W,25,1012,0,0,0,0,0,0,0,0,0,0,0,0
AL,UNNAMED,2004,10,13,20040908,1800,,TD,33.8N,36.0W,25,1012,0,0,0,0,0,0,0,0,0,0,0,0
AL,UNNAMED,2004,10,13,20040909,0,,TD,35.3N,35.0W,30,1012,0,0,0,0,0,0,0,0,0,0,0,0
AL,UNNAMED,2004,10,13,20040909,600,,TD,36.2N,34.3W,30,1013,0,0,0,0,0,0,0,0,0,0,0,0
AL,UNNAMED,2004,10,13,20040909,1200,,LO,36.5N,33.6W,30,1013,0,0,0,0,0,0,0,0,0,0,0,0
AL,UNNAMED,2004,10,13,20040909,1800,,LO,36.0N,33.4W,30,1014,0,0,0,0,0,0,0,0,0,0,0,0
AL,UNNAMED,2004,10,13,20040910,0,,LO,35.7N,32.3W,30,1014,0,0,0,0,0,0,0,0,0,0,0,0
AL,UNNAMED,2004,10,13,20040910,600,,LO,35.5N,31.0W,25,1015,0,0,0,0,0,0,0,0,0,0,0,0
AL,UNNAMED,2004,10,13,20040910,1200,,LO,35.3N,29.5W,20,1016,0,0,0,0,0,0,0,0,0,0,0,0
AL,JEANNE,2004,11,69,20040913,1800,,TD,15.9N,60.0W,25,1010,0,0,0,0,0,0,0,0,0,0,0,0
AL,JEANNE,2004,11,69,20040914,0,,TD,16.0N,60.7W,25,1010,0,0,0,0,0,0,0,0,0,0,0,0
AL,JEANNE,2004,11,69,20040914,400,L,TD,16.2N,61.3W,30,1009,0,0,0,0,0,0,0,0,0,0,0,0
AL,JEANNE,2004,11,69,20040914,600,,TD,16.3N,61.5W,30,1009,0,0,0,0,0,0,0,0,0,0,0,0
AL,JEANNE,2004,11,69,20040914,1200,,TS,16.4N,62.6W,35,1006,30,30,15,0,0,0,0,0,0,0,0,0
AL,JEANNE,2004,11,69,20040914,1800,,TS,16.7N,63.5W,50,996,35,35,35,35,15,15,15,15,0,0,0,0
AL,JEANNE,2004,11,69,20040915,0,,TS,17.1N,64.0W,55,996,35,35,35,35,15,15,15,15,0,0,0,0
AL,JEANNE,2004,11,69,20040915,600,,TS,17.2N,64.8W,55,994,35,35,35,35,15,15,15,15,0,0,0,0
AL,JEANNE,2004,11,69,20040915,1200,,TS,17.6N,65.4W,60,991,50,50,50,50,20,20,20,20,0,0,0,0
AL,JEANNE,2004,11,69,20040915,1600,L,TS,18.0N,66.0W,60,991,,,,,,,,,,,,
AL,JEANNE,2004,11,69,20040915,1800,,TS,18.1N,66.2W,60,991,60,60,60,60,20,20,20,20,0,0,0,0
AL,JEANNE,2004,11,69,20040916,0,,TS,18.5N,67.1W,60,993,60,30,60,60,20,10,20,20,0,0,0,0
AL,JEANNE,2004,11,69,20040916,600,,TS,18.6N,67.8W,60,992,35,20,20,35,15,0,0,15,0,0,0,0
AL,JEANNE,2004,11,69,20040916,1100,L,HU,18.6N,68.3W,70,985,,,,,,,,,,,,
AL,JEANNE,2004,11,69,20040916,1200,,HU,18.6N,68.5W,70,984,35,20,20,35,25,0,0,25,20,0,0,20
AL,JEANNE,2004,11,69,20040916,1800,,HU,18.8N,69.0W,65,988,60,60,30,60,30,30,0,30,20,0,0,20
AL,JEANNE,2004,11,69,20040917,0,,TS,19.2N,69.4W,60,990,60,60,30,60,30,30,15,30,0,0,0,0
AL,JEANNE,2004,11,69,20040917,600,,TS,19.4N,69.9W,55,990,60,60,30,60,30,30,15,30,0,0,0,0
AL,JEANNE,2004,11,69,20040917,1200,,TS,19.7N,70.7W,50,990,175,150,0,75,100,0,0,50,0,0,0,0
AL,JEANNE,2004,11,69,20040917,1800,,TD,20.0N,71.6W,30,1002,0,0,0,0,0,0,0,0,0,0,0,0
AL,JEANNE,2004,11,69,20040918,0,,TS,20.2N,72.0W,40,1000,15,0,0,15,0,0,0,0,0,0,0,0
AL,JEANNE,2004,11,69,20040918,600,,TS,20.4N,72.5W,45,1000,75,0,0,20,0,0,0,0,0,0,0,0
AL,JEANNE,2004,11,69,20040918,1200,,TS,21.2N,72.8W,45,1000,75,50,0,20,0,0,0,0,0,0,0,0
AL,JEANNE,2004,11,69,20040918,1800,,TS,21.7N,72.3W,40,1005,75,75,0,0,0,0,0,0,0,0,0,0
AL,JEANNE,2004,11,69,20040919,0,,TS,22.2N,72.2W,40,1002,75,75,0,0,0,0,0,0,0,0,0,0
AL,JEANNE,2004,11,69,20040919,600,,TS,22.8N,72.3W,40,1002,75,75,0,0,0,0,0,0,0,0,0,0
AL,JEANNE,2004,11,69,20040919,1200,,TS,23.5N,72.5W,40,1000,75,75,0,0,0,0,0,0,0,0,0,0
AL,JEANNE,2004,11,69,20040919,1800,,TS,24.2N,72.3W,45,996,75,75,75,75,0,0,0,0,0,0,0,0
AL,JEANNE,2004,11,69,20040920,0,,TS,24.8N,72.1W,50,994,75,75,75,75,25,25,0,0,0,0,0,0
AL,JEANNE,2004,11,69,20040920,600,,TS,25.5N,72.0W,55,992,90,75,75,75,60,40,0,0,0,0,0,0
AL,JEANNE,2004,11,69,20040920,1200,,TS,26.6N,71.7W,60,989,90,80,80,80,60,40,40,40,0,0,0,0
AL,JEANNE,2004,11,69,20040920,1800,,HU,27.2N,71.4W,75,984,90,80,80,90,60,40,50,50,20,20,20,20
AL,JEANNE,2004,11,69,20040921,0,,HU,27.4N,70.8W,75,982,90,90,90,90,60,60,60,60,20,20,20,20
AL,JEANNE,2004,11,69,20040921,600,,HU,27.6N,70.2W,75,972,90,90,90,105,60,60,60,75,30,30,30,45
AL,JEANNE,2004,11,69,20040921,1200,,HU,27.6N,69.5W,75,972,90,90,90,105,60,60,60,70,30,30,30,40
AL,JEANNE,2004,11,69,20040921,1800,,HU,27.4N,69.2W,75,972,90,90,90,105,60,60,60,70,30,30,30,40
AL,JEANNE,2004,11,69,20040922,0,,HU,27.2N,68.9W,80,972,90,90,90,100,60,60,60,70,30,30,30,40
AL,JEANNE,2004,11,69,20040922,600,,HU,26.8N,68.7W,85,968,100,100,100,110,60,60,60,70,30,30,30,40
AL,JEANNE,2004,11,69,20040922,1200,,HU,26.5N,68.5W,85,968,100,100,100,120,60,60,60,70,30,30,30,40
AL,JEANNE,2004,11,69,20040922,1800,,HU,26.2N,68.8W,85,967,100,100,100,120,60,60,60,70,30,30,30,40
AL,JEANNE,2004,11,69,20040923,0,,HU,25.7N,69.0W,85,966,100,100,100,120,60,60,60,70,30,30,30,40
AL,JEANNE,2004,11,69,20040923,600,,HU,25.5N,69.3W,85,966,100,100,100,120,60,60,60,70,30,30,30,40
AL,JEANNE,2004,11,69,20040923,1200,,HU,25.5N,69.6W,80,966,100,100,100,120,60,60,60,70,30,30,30,40
AL,JEANNE,2004,11,69,20040923,1800,,HU,25.8N,70.0W,75,966,100,100,100,120,60,60,60,70,30,30,30,40
AL,JEANNE,2004,11,69,20040924,0,,HU,26.0N,70.4W,70,966,100,100,100,120,60,60,60,70,30,30,30,40
AL,JEANNE,2004,11,69,20040924,600,,HU,26.1N,71.2W,75,969,105,105,105,120,70,70,70,80,35,30,35,40
AL,JEANNE,2004,11,69,20040924,1200,,HU,26.2N,72.2W,80,969,120,105,105,130,70,70,70,80,35,35,35,40
AL,JEANNE,2004,11,69,20040924,1800,,HU,26.4N,73.1W,85,968,120,105,105,130,70,70,70,80,35,35,35,40
AL,JEANNE,2004,11,69,20040925,0,,HU,26.4N,74.3W,85,964,180,120,105,130,100,70,70,80,60,45,45,60
AL,JEANNE,2004,11,69,20040925,600,,HU,26.5N,75.6W,90,960,180,120,105,130,100,70,70,90,60,45,45,60
AL,JEANNE,2004,11,69,20040925,1200,,HU,26.6N,76.9W,100,957,180,120,75,130,100,70,50,90,60,45,30,60
AL,JEANNE,2004,11,69,20040925,1400,L,HU,26.7N,77.3W,100,956,,,,,,,,,,,,
AL,JEANNE,2004,11,69,20040925,1800,,HU,26.9N,78.2W,105,952,180,120,85,150,100,70,50,90,60,45,30,60
AL,JEANNE,2004,11,69,20040926,0,,HU,27.1N,79.4W,105,951,180,150,125,150,100,90,70,90,60,60,50,60
AL,JEANNE,2004,11,69,20040926,400,L,HU,27.2N,80.2W,105,950,,,,,,,,,,,,
AL,JEANNE,2004,11,69,20040926,600,,HU,27.3N,80.6W,95,953,180,125,125,150,100,75,60,75,60,50,40,50
AL,JEANNE,2004,11,69,20040926,1200,,HU,27.7N,81.6W,75,965,150,125,125,150,75,75,60,75,30,0,0,25
AL,JEANNE,2004,11,69,20040926,1800,,TS,28.3N,82.3W,55,970,150,125,100,150,75,75,60,75,0,0,0,0
AL,JEANNE,2004,11,69,20040927,0,,TS,29.3N,82.7W,45,978,150,130,75,75,0,0,0,0,0,0,0,0
AL,JEANNE,2004,11,69,20040927,600,,TS,30.1N,83.3W,40,981,175,175,90,60,0,0,0,0,0,0,0,0
AL,JEANNE,2004,11,69,20040927,1200,,TS,31.1N,83.9W,35,987,175,175,90,60,0,0,0,0,0,0,0,0
AL,JEANNE,2004,11,69,20040927,1800,,TD,32.5N,83.6W,30,993,0,0,0,0,0,0,0,0,0,0,0,0
AL,JEANNE,2004,11,69,20040928,0,,TD,33.2N,83.2W,25,998,0,0,0,0,0,0,0,0,0,0,0,0
AL,JEANNE,2004,11,69,20040928,600,,TD,34.1N,82.4W,20,999,0,0,0,0,0,0,0,0,0,0,0,0
AL,JEANNE,2004,11,69,20040928,1200,,TD,35.4N,81.0W,20,1000,0,0,0,0,0,0,0,0,0,0,0,0
AL,JEANNE,2004,11,69,20040928,1800,,TD,37.3N,78.4W,25,999,0,0,0,0,0,0,0,0,0,0,0,0
AL,JEANNE,2004,11,69,20040929,0,,EX,38.3N,76.4W,25,999,0,0,0,0,0,0,0,0,0,0,0,0
AL,JEANNE,2004,11,69,20040929,600,,EX,38.8N,74.7W,35,999,175,0,0,0,0,0,0,0,0,0,0,0
AL,JEANNE,2004,11,69,20040929,1200,,EX,38.5N,72.5W,35,999,150,0,0,0,0,0,0,0,0,0,0,0
AL,KARL,2004,12,48,20040916,600,,TD,11.2N,29.2W,30,1008,0,0,0,0,0,0,0,0,0,0,0,0
AL,KARL,2004,12,48,20040916,1200,,TD,11.2N,30.7W,30,1007,0,0,0,0,0,0,0,0,0,0,0,0
AL,KARL,2004,12,48,20040916,1800,,TS,11.2N,32.1W,35,1005,30,0,30,30,0,0,0,0,0,0,0,0
AL,KARL,2004,12,48,20040917,0,,TS,11.2N,33.3W,40,1002,40,30,40,40,0,0,0,0,0,0,0,0
AL,KARL,2004,12,48,20040917,600,,TS,11.6N,34.4W,50,997,60,50,40,60,20,0,0,20,0,0,0,0
AL,KARL,2004,12,48,20040917,1200,,TS,12.1N,35.3W,55,994,60,60,50,60,20,0,0,20,0,0,0,0
AL,KARL,2004,12,48,20040917,1800,,TS,13.0N,36.0W,55,992,75,75,50,75,20,20,20,20,0,0,0,0
AL,KARL,2004,12,48,20040918,0,,HU,13.9N,37.0W,70,984,75,75,60,75,25,20,20,25,15,10,10,15
AL,KARL,2004,12,48,20040918,600,,HU,14.5N,38.0W,85,975,90,75,80,75,35,30,30,35,20,15,15,20
AL,KARL,2004,12,48,20040918,1200,,HU,15.0N,38.8W,90,970,105,75,105,75,45,35,35,45,20,15,15,20
AL,KARL,2004,12,48,20040918,1800,,HU,15.6N,39.7W,95,965,105,90,105,90,50,40,40,50,25,20,20,25
AL,KARL,2004,12,48,20040919,0,,HU,15.9N,40.8W,95,965,105,90,105,90,50,40,40,50,25,20,20,25
AL,KARL,2004,12,48,20040919,600,,HU,16.0N,41.6W,100,960,120,90,105,90,50,40,40,50,30,25,25,30
AL,KARL,2004,12,48,20040919,1200,,HU,16.3N,42.4W,105,955,120,105,90,105,50,40,40,50,30,25,25,30
AL,KARL,2004,12,48,20040919,1800,,HU,16.7N,43.4W,110,951,150,105,90,105,50,40,40,50,35,25,25,35
AL,KARL,2004,12,48,20040920,0,,HU,16.8N,44.5W,110,951,150,105,90,120,50,40,40,50,35,25,25,35
AL,KARL,2004,12,48,20040920,600,,HU,17.0N,45.2W,115,948,175,120,90,150,60,50,40,50,35,35,25,35
AL,KARL,2004,12,48,20040920,1200,,HU,17.5N,46.0W,110,951,175,135,120,175,75,60,50,70,50,40,35,50
AL,KARL,2004,12,48,20040920,1800,,HU,18.1N,46.5W,110,951,175,150,150,175,90,60,60,90,60,45,45,60
AL,KARL,2004,12,48,20040921,0,,HU,18.7N,47.0W,120,943,200,175,150,200,90,75,60,90,60,45,45,60
AL,KARL,2004,12,48,20040921,600,,HU,19.6N,47.3W,125,938,225,200,150,225,90,90,60,90,60,60,45,60
AL,KARL,2004,12,48,20040921,1200,,HU,20.8N,47.8W,120,943,225,225,150,225,105,105,75,105,75,60,45,75
AL,KARL,2004,12,48,20040921,1800,,HU,22.3N,48.3W,105,948,250,250,150,200,125,125,75,125,75,75,45,75
AL,KARL,2004,12,48,20040922,0,,HU,23.7N,48.8W,100,955,250,250,150,200,125,125,75,125,75,75,45,75
AL,KARL,2004,12,48,20040922,600,,HU,24.9N,49.4W,95,962,250,250,150,200,125,125,75,125,75,75,45,75
AL,KARL,2004,12,48,20040922,1200,,HU,26.2N,49.5W,90,967,250,250,150,200,125,125,75,125,75,75,45,75
AL,KARL,2004,12,48,20040922,1800,,HU,27.5N,48.7W,90,970,250,250,175,200,125,125,75,100,75,75,45,75
AL,KARL,2004,12,48,20040923,0,,HU,29.0N,47.7W,95,965,275,275,200,200,125,125,75,100,75,75,50,50
AL,KARL,2004,12,48,20040923,600,,HU,30.7N,46.3W,110,951,300,300,200,200,125,125,75,75,75,75,50,50
AL,KARL,2004,12,48,20040923,1200,,HU,32.5N,44.4W,105,953,300,325,200,200,125,125,75,75,75,75,50,50
AL,KARL,2004,12,48,20040923,1800,,HU,34.5N,43.0W,90,955,300,350,200,200,125,150,75,75,75,75,50,50
AL,KARL,2004,12,48,20040924,0,,HU,36.8N,41.9W,80,957,300,350,200,200,150,150,75,75,75,75,50,50
AL,KARL,2004,12,48,20040924,600,,HU,39.5N,41.2W,75,959,300,350,225,225,125,150,100,75,75,75,50,50
AL,KARL,2004,12,48,20040924,1200,,HU,42.6N,40.5W,70,961,300,350,250,250,150,175,125,100,75,90,50,50
AL,KARL,2004,12,48,20040924,1800,,HU,45.5N,40.5W,65,962,325,350,350,250,125,175,125,150,75,90,50,50
AL,KARL,2004,12,48,20040925,0,,EX,48.1N,40.5W,55,963,325,350,350,250,125,175,125,150,0,0,0,0
AL,KARL,2004,12,48,20040925,600,,EX,50.4N,38.9W,55,967,325,350,350,250,125,175,150,90,0,0,0,0
AL,KARL,2004,12,48,20040925,1200,,EX,53.0N,36.5W,55,973,325,350,350,250,125,175,150,90,0,0,0,0
AL,KARL,2004,12,48,20040925,1800,,EX,56.1N,32.0W,55,980,325,350,350,250,125,175,150,90,0,0,0,0
AL,KARL,2004,12,48,20040926,0,,EX,59.5N,26.0W,55,986,325,350,350,250,125,175,150,90,0,0,0,0
AL,KARL,2004,12,48,20040926,600,,EX,62.0N,17.0W,55,983,325,350,350,250,125,175,150,90,0,0,0,0
AL,KARL,2004,12,48,20040926,1200,,EX,63.5N,8.0W,60,976,325,350,350,250,125,175,150,90,0,0,0,0
AL,KARL,2004,12,48,20040926,1800,,EX,64.0N,2.0W,60,976,325,350,350,250,125,175,150,90,0,0,0,0
AL,KARL,2004,12,48,20040927,0,,EX,64.0N,2.5E,55,980,160,350,350,125,0,175,150,0,0,0,0,0
AL,KARL,2004,12,48,20040927,600,,EX,64.5N,7.0E,45,980,80,300,300,60,0,0,0,0,0,0,0,0
AL,KARL,2004,12,48,20040927,1200,,EX,65.0N,10.5E,40,986,0,180,180,0,0,0,0,0,0,0,0,0
AL,KARL,2004,12,48,20040927,1800,,EX,65.3N,12.0E,35,989,0,180,180,0,0,0,0,0,0,0,0,0
AL,KARL,2004,12,48,20040928,0,,EX,65.5N,13.5E,30,992,0,0,0,0,0,0,0,0,0,0,0,0
AL,LISA,2004,13,55,20040919,1800,,TD,13.3N,32.4W,30,1004,0,0,0,0,0,0,0,0,0,0,0,0
AL,LISA,2004,13,55,20040920,0,,TD,13.3N,33.3W,30,1004,0,0,0,0,0,0,0,0,0,0,0,0
AL,LISA,2004,13,55,20040920,600,,TD,13.4N,34.3W,30,1004,0,0,0,0,0,0,0,0,0,0,0,0
AL,LISA,2004,13,55,20040920,1200,,TS,13.5N,35.4W,40,1002,40,40,40,40,0,0,0,0,0,0,0,0
AL,LISA,2004,13,55,20040920,1800,,TS,13.7N,36.4W,50,997,45,45,45,45,15,15,15,15,0,0,0,0
AL,LISA,2004,13,55,20040921,0,,TS,13.7N,37.4W,55,994,45,45,45,45,15,15,15,15,0,0,0,0
AL,LISA,2004,13,55,20040921,600,,TS,13.9N,38.3W,60,990,45,45,45,45,15,15,15,15,0,0,0,0
AL,LISA,2004,13,55,20040921,1200,,TS,14.1N,39.1W,60,990,45,45,45,45,20,20,20,20,0,0,0,0
AL,LISA,2004,13,55,20040921,1800,,TS,14.3N,39.7W,60,990,45,45,45,45,20,20,20,20,0,0,0,0
AL,LISA,2004,13,55,20040922,0,,TS,14.4N,40.2W,55,994,50,50,30,50,20,20,20,20,0,0,0,0
AL,LISA,2004,13,55,20040922,600,,TS,14.4N,40.6W,50,997,50,50,30,50,20,20,20,20,0,0,0,0
AL,LISA,2004,13,55,20040922,1200,,TS,14.2N,41.1W,45,1000,40,40,40,40,0,0,0,0,0,0,0,0
AL,LISA,2004,13,55,20040922,1800,,TS,13.9N,41.5W,45,1000,40,40,40,40,0,0,0,0,0,0,0,0
AL,LISA,2004,13,55,20040923,0,,TS,13.2N,41.4W,45,1000,40,40,40,40,0,0,0,0,0,0,0,0
AL,LISA,2004,13,55,20040923,600,,TS,13.0N,40.6W,40,1002,50,50,50,50,0,0,0,0,0,0,0,0
AL,LISA,2004,13,55,20040923,1200,,TS,13.1N,40.0W,35,1003,50,50,50,50,0,0,0,0,0,0,0,0
AL,LISA,2004,13,55,20040923,1800,,TD,14.3N,40.5W,30,1005,0,0,0,0,0,0,0,0,0,0,0,0
AL,LISA,2004,13,55,20040924,0,,TD,14.3N,41.7W,30,1005,0,0,0,0,0,0,0,0,0,0,0,0
AL,LISA,2004,13,55,20040924,600,,TS,13.8N,42.4W,40,1002,0,60,0,0,0,0,0,0,0,0,0,0
AL,LISA,2004,13,55,20040924,1200,,TS,13.9N,43.2W,35,1003,0,60,0,0,0,0,0,0,0,0,0,0
AL,LISA,2004,13,55,20040924,1800,,TD,14.0N,43.8W,30,1005,0,0,0,0,0,0,0,0,0,0,0,0
AL,LISA,2004,13,55,20040925,0,,TD,14.3N,44.4W,30,1005,0,0,0,0,0,0,0,0,0,0,0,0
AL,LISA,2004,13,55,20040925,600,,TS,14.9N,44.9W,35,1003,75,75,0,0,0,0,0,0,0,0,0,0
AL,LISA,2004,13,55,20040925,1200,,TS,15.7N,45.4W,45,1000,75,75,0,0,0,0,0,0,0,0,0,0
AL,LISA,2004,13,55,20040925,1800,,TS,16.7N,45.7W,45,1000,75,75,0,0,0,0,0,0,0,0,0,0
AL,LISA,2004,13,55,20040926,0,,TS,17.4N,45.8W,45,1000,100,90,0,0,0,0,0,0,0,0,0,0
AL,LISA,2004,13,55,20040926,600,,TS,18.0N,45.9W,50,997,100,100,50,50,20,20,20,20,0,0,0,0
AL,LISA,2004,13,55,20040926,1200,,TS,18.7N,46.0W,55,994,100,100,50,50,20,20,20,20,0,0,0,0
AL,LISA,2004,13,55,20040926,1800,,TS,19.2N,46.0W,50,997,100,100,50,50,20,20,20,20,0,0,0,0
AL,LISA,2004,13,55,20040927,0,,TS,19.6N,46.0W,45,1000,100,100,25,75,0,0,0,0,0,0,0,0
AL,LISA,2004,13,55,20040927,600,,TS,20.0N,46.1W,45,1000,100,100,0,100,0,0,0,0,0,0,0,0
AL,LISA,2004,13,55,20040927,1200,,TS,20.6N,46.2W,45,1000,100,100,0,50,0,0,0,0,0,0,0,0
AL,LISA,2004,13,55,20040927,1800,,TS,21.3N,46.2W,40,1002,75,60,0,0,0,0,0,0,0,0,0,0
AL,LISA,2004,13,55,20040928,0,,TS,22.0N,46.4W,40,1002,75,75,0,50,0,0,0,0,0,0,0,0
AL,LISA,2004,13,55,20040928,600,,TS,23.0N,46.5W,40,1002,90,75,0,50,0,0,0,0,0,0,0,0
AL,LISA,2004,13,55,20040928,1200,,TS,24.3N,46.5W,45,1000,90,75,0,50,0,0,0,0,0,0,0,0
AL,LISA,2004,13,55,20040928,1800,,TS,25.4N,46.5W,55,994,75,75,0,50,30,0,0,30,0,0,0,0
AL,LISA,2004,13,55,20040929,0,,TS,26.4N,46.4W,60,990,125,75,25,60,30,0,0,30,0,0,0,0
AL,LISA,2004,13,55,20040929,600,,TS,27.5N,46.2W,60,990,175,90,75,75,60,0,0,30,0,0,0,0
AL,LISA,2004,13,55,20040929,1200,,TS,28.9N,45.8W,60,990,175,100,100,100,60,40,40,40,0,0,0,0
AL,LISA,2004,13,55,20040929,1800,,TS,30.1N,45.8W,60,990,175,100,100,100,40,40,40,40,0,0,0,0
AL,LISA,2004,13,55,20040930,0,,TS,31.1N,46.1W,60,990,200,200,100,150,40,40,40,40,0,0,0,0
AL,LISA,2004,13,55,20040930,600,,TS,32.0N,46.7W,55,994,200,200,100,150,40,40,40,40,0,0,0,0
AL,LISA,2004,13,55,20040930,1200,,TS,32.4N,47.3W,50,997,150,150,80,80,40,40,40,40,0,0,0,0
AL,LISA,2004,13,55,20040930,1800,,TS,33.1N,47.8W,45,1000,125,125,60,60,0,0,0,0,0,0,0,0
AL,LISA,2004,13,55,20041001,0,,TS,34.1N,47.8W,50,997,125,125,60,60,40,40,0,40,0,0,0,0
AL,LISA,2004,13,55,20041001,600,,TS,35.1N,47.6W,55,994,125,125,60,60,40,40,0,40,0,0,0,0
AL,LISA,2004,13,55,20041001,1200,,TS,36.3N,47.0W,60,990,90,90,60,60,40,40,0,0,0,0,0,0
AL,LISA,2004,13,55,20041001,1800,,TS,37.7N,45.8W,60,990,60,90,60,40,40,50,0,0,0,0,0,0
AL,LISA,2004,13,55,20041002,0,,TS,38.9N,43.8W,60,990,60,90,60,40,40,50,0,0,0,0,0,0
AL,LISA,2004,13,55,20041002,600,,HU,40.3N,41.6W,65,987,60,90,60,40,40,50,0,0,20,20,0,0
AL,LISA,2004,13,55,20041002,1200,,HU,41.6N,39.1W,65,987,60,90,60,40,40,50,0,0,20,20,0,0
AL,LISA,2004,13,55,20041002,1800,,TS,42.8N,36.0W,55,994,60,125,60,0,0,50,0,0,0,0,0,0
AL,LISA,2004,13,55,20041003,0,,TS,43.8N,33.0W,50,997,60,125,60,0,0,50,0,0,0,0,0,0
AL,LISA,2004,13,55,20041003,600,,EX,44.5N,30.0W,45,1000,0,125,0,0,0,0,0,0,0,0,0,0
AL,MATTHEW,2004,14,13,20041008,1200,,TD,24.0N,95.4W,30,1007,0,0,0,0,0,0,0,0,0,0,0,0
AL,MATTHEW,2004,14,13,20041008,1800,,TS,24.1N,94.2W,35,1004,150,100,0,0,0,0,0,0,0,0,0,0
AL,MATTHEW,2004,14,13,20041009,0,,TS,24.6N,93.7W,40,1000,150,100,0,0,0,0,0,0,0,0,0,0
AL,MATTHEW,2004,14,13,20041009,600,,TS,25.3N,93.2W,35,1002,100,100,0,0,0,0,0,0,0,0,0,0
AL,MATTHEW,2004,14,13,20041009,1200,,TS,26.3N,92.8W,35,1002,100,100,0,0,0,0,0,0,0,0,0,0
AL,MATTHEW,2004,14,13,20041009,1800,,TS,26.8N,92.0W,40,997,120,100,0,0,0,0,0,0,0,0,0,0
AL,MATTHEW,2004,14,13,20041010,0,,TS,27.3N,91.4W,40,998,120,120,0,0,0,0,0,0,0,0,0,0
AL,MATTHEW,2004,14,13,20041010,600,,TS,28.1N,91.2W,40,999,100,100,0,0,0,0,0,0,0,0,0,0
AL,MATTHEW,2004,14,13,20041010,1100,L,TS,29.2N,91.0W,35,999,,,,,,,,,,,,
AL,MATTHEW,2004,14,13,20041010,1200,,TD,29.4N,90.9W,30,1000,0,0,0,0,0,0,0,0,0,0,0,0
AL,MATTHEW,2004,14,13,20041010,1800,,TD,30.4N,90.9W,25,1002,0,0,0,0,0,0,0,0,0,0,0,0
AL,MATTHEW,2004,14,13,20041011,0,,EX,32.0N,91.0W,25,1003,0,0,0,0,0,0,0,0,0,0,0,0
AL,MATTHEW,2004,14,13,20041011,600,,EX,33.6N,91.9W,20,1005,0,0,0,0,0,0,0,0,0,0,0,0
AL,NICOLE,2004,15,8,20041010,0,,EX,30.0N,65.2W,40,1000,250,0,0,250,0,0,0,0,0,0,0,0
AL,NICOLE,2004,15,8,20041010,600,,SS,31.0N,66.3W,40,1000,250,0,0,250,0,0,0,0,0,0,0,0
AL,NICOLE,2004,15,8,20041010,1200,,SS,31.5N,66.5W,40,1000,150,100,175,200,0,0,0,0,0,0,0,0
AL,NICOLE,2004,15,8,20041010,1800,,SS,32.1N,66.5W,40,998,100,100,175,175,0,0,0,0,0,0,0,0
AL,NICOLE,2004,15,8,20041011,0,,SS,32.9N,65.5W,40,994,100,100,75,75,0,0,0,0,0,0,0,0
AL,NICOLE,2004,15,8,20041011,600,,SS,34.3N,63.9W,40,992,100,100,75,75,0,0,0,0,0,0,0,0
AL,NICOLE,2004,15,8,20041011,1200,,SS,36.0N,61.8W,45,986,175,175,150,225,0,0,0,0,0,0,0,0
AL,NICOLE,2004,15,8,20041011,1800,,SS,38.5N,60.5W,45,986,300,200,200,300,0,0,0,0,0,0,0,0
AL,OTTO,2004,16,39,20041126,0,,EX,28.0N,40.0W,30,1009,0,0,0,0,0,0,0,0,0,0,0,0
AL,OTTO,2004,16,39,20041126,600,,EX,27.3N,41.0W,35,1006,300,0,0,300,0,0,0,0,0,0,0,0
AL,OTTO,2004,16,39,20041126,1200,,EX,26.5N,41.9W,35,1002,350,0,0,300,0,0,0,0,0,0,0,0
AL,OTTO,2004,16,39,20041126,1800,,EX,26.8N,42.5W,35,1000,350,300,0,250,0,0,0,0,0,0,0,0
AL,OTTO,2004,16,39,20041127,0,,EX,26.8N,43.2W,35,1000,350,400,0,200,0,0,0,0,0,0,0,0
AL,OTTO,2004,16,39,20041127,600,,EX,26.7N,43.8W,35,1000,350,600,0,0,0,0,0,0,0,0,0,0
AL,OTTO,2004,16,39,20041127,1200,,EX,26.4N,44.3W,35,1000,350,600,0,0,0,0,0,0,0,0,0,0
AL,OTTO,2004,16,39,20041127,1800,,EX,26.2N,44.4W,35,1000,325,500,0,0,0,0,0,0,0,0,0,0
AL,OTTO,2004,16,39,20041128,0,,EX,26.3N,44.1W,35,1000,300,400,0,0,0,0,0,0,0,0,0,0
AL,OTTO,2004,16,39,20041128,600,,EX,27.4N,43.9W,35,1000,300,300,0,360,0,0,0,0,0,0,0,0
AL,OTTO,2004,16,39,20041128,1200,,EX,28.2N,44.0W,35,1000,300,0,0,360,0,0,0,0,0,0,0,0
AL,OTTO,2004,16,39,20041128,1800,,EX,28.7N,45.1W,35,999,300,0,0,360,0,0,0,0,0,0,0,0
AL,OTTO,2004,16,39,20041129,0,,EX,28.8N,46.5W,35,998,300,0,0,360,0,0,0,0,0,0,0,0
AL,OTTO,2004,16,39,20041129,600,,EX,29.0N,47.8W,40,998,300,0,0,330,0,0,0,0,0,0,0,0
AL,OTTO,2004,16,39,20041129,1200,,SS,29.6N,47.9W,40,998,275,0,0,300,0,0,0,0,0,0,0,0
AL,OTTO,2004,16,39,20041129,1800,,SS,30.2N,48.8W,45,998,250,0,0,275,0,0,0,0,0,0,0,0
AL,OTTO,2004,16,39,20041130,0,,SS,30.7N,49.7W,45,997,225,0,0,250,0,0,0,0,0,0,0,0
AL,OTTO,2004,16,39,20041130,600,,SS,30.9N,50.5W,45,997,225,0,0,225,0,0,0,0,0,0,0,0
AL,OTTO,2004,16,39,20041130,1200,,SS,31.3N,51.0W,40,997,200,0,0,200,0,0,0,0,0,0,0,0
AL,OTTO,2004,16,39,20041130,1800,,TS,31.7N,51.0W,40,997,175,0,0,175,0,0,0,0,0,0,0,0
AL,OTTO,2004,16,39,20041201,0,,TS,31.8N,50.9W,40,997,150,60,60,150,0,0,0,0,0,0,0,0
AL,OTTO,2004,16,39,20041201,600,,TS,31.9N,50.8W,40,997,150,60,60,100,0,0,0,0,0,0,0,0
AL,OTTO,2004,16,39,20041201,1200,,TS,31.6N,50.4W,40,997,100,60,60,60,0,0,0,0,0,0,0,0
AL,OTTO,2004,16,39,20041201,1800,,TS,31.0N,50.1W,35,997,75,60,45,45,0,0,0,0,0,0,0,0
AL,OTTO,2004,16,39,20041202,0,,TS,30.5N,49.9W,35,997,45,60,45,30,0,0,0,0,0,0,0,0
AL,OTTO,2004,16,39,20041202,600,,TS,29.9N,50.1W,35,996,20,45,20,20,0,0,0,0,0,0,0,0
AL,OTTO,2004,16,39,20041202,1200,,TD,29.1N,50.4W,30,995,0,0,0,0,0,0,0,0,0,0,0,0
AL,OTTO,2004,16,39,20041202,1800,,TD,28.5N,50.1W,30,996,0,0,0,0,0,0,0,0,0,0,0,0
AL,OTTO,2004,16,39,20041203,0,,TD,27.9N,50.1W,30,997,0,0,0,0,0,0,0,0,0,0,0,0
AL,OTTO,2004,16,39,20041203,600,,LO,27.2N,50.2W,30,998,0,0,0,0,0,0,0,0,0,0,0,0
AL,OTTO,2004,16,39,20041203,1200,,LO,26.5N,50.3W,30,1000,0,0,0,0,0,0,0,0,0,0,0,0
AL,OTTO,2004,16,39,20041203,1800,,LO,26.2N,50.6W,25,1002,0,0,0,0,0,0,0,0,0,0,0,0
AL,OTTO,2004,16,39,20041204,0,,LO,25.8N,50.2W,25,1005,0,0,0,0,0,0,0,0,0,0,0,0
AL,OTTO,2004,16,39,20041204,600,,LO,25.4N,50.1W,25,1008,0,0,0,0,0,0,0,0,0,0,0,0
AL,OTTO,2004,16,39,20041204,1200,,LO,25.0N,50.4W,25,1010,0,0,0,0,0,0,0,0,0,0,0,0
AL,OTTO,2004,16,39,20041204,1800,,LO,25.1N,50.9W,25,1011,0,0,0,0,0,0,0,0,0,0,0,0
AL,OTTO,2004,16,39,20041205,0,,LO,25.5N,51.1W,20,1012,0,0,0,0,0,0,0,0,0,0,0,0
AL,OTTO,2004,16,39,20041205,600,,LO,25.9N,51.1W,20,1013,0,0,0,0,0,0,0,0,0,0,0,0
AL,OTTO,2004,16,39,20041205,1200,,LO,26.1N,51.4W,20,1014,0,0,0,0,0,0,0,0,0,0,0,0
AL,ARLENE,2005,1,26,20050608,1800,,TD,16.9N,84.0W,25,1004,0,0,0,0,0,0,0,0,0,0,0,0
AL,ARLENE,2005,1,26,20050609,0,,TD,17.4N,83.9W,30,1003,0,0,0,0,0,0,0,0,0,0,0,0
AL,ARLENE,2005,1,26,20050609,600,,TS,18.2N,83.9W,35,1003,130,0,0,0,0,0,0,0,0,0,0,0
AL,ARLENE,2005,1,26,20050609,1200,,TS,19.0N,84.0W,35,1002,130,0,0,0,0,0,0,0,0,0,0,0
AL,ARLENE,2005,1,26,20050609,1800,,TS,19.7N,84.1W,35,1002,120,0,0,0,0,0,0,0,0,0,0,0
AL,ARLENE,2005,1,26,20050610,0,,TS,20.4N,84.2W,40,1001,100,0,0,0,0,0,0,0,0,0,0,0
AL,ARLENE,2005,1,26,20050610,600,,TS,21.2N,84.4W,45,1000,120,0,0,0,0,0,0,0,0,0,0,0
AL,ARLENE,2005,1,26,20050610,800,L,TS,21.8N,84.5W,45,1000,,,,,,,,,,,,
AL,ARLENE,2005,1,26,20050610,1200,,TS,23.0N,84.7W,50,1000,130,0,60,30,100,0,0,0,0,0,0,0
AL,ARLENE,2005,1,26,20050610,1800,,TS,24.9N,85.1W,55,995,130,100,0,40,100,0,0,0,0,0,0,0
AL,ARLENE,2005,1,26,20050611,0,,TS,26.5N,85.6W,60,990,140,120,0,75,75,0,0,45,0,0,0,0
AL,ARLENE,2005,1,26,20050611,100,I,TS,26.5N,85.6W,60,989,,,,,,,,,,,,
AL,ARLENE,2005,1,26,20050611,600,,TS,27.7N,86.8W,60,993,140,120,0,75,75,0,0,45,0,0,0,0
AL,ARLENE,2005,1,26,20050611,1200,,TS,28.9N,87.2W,55,990,130,120,0,75,75,0,0,45,0,0,0,0
AL,ARLENE,2005,1,26,20050611,1800,,TS,30.1N,87.5W,50,991,30,100,0,0,0,75,0,0,0,0,0,0
AL,ARLENE,2005,1,26,20050611,1900,L,TS,30.3N,87.5W,50,991,,,,,,,,,,,,
AL,ARLENE,2005,1,26,20050612,0,,TD,31.4N,87.6W,30,994,0,0,0,0,0,0,0,0,0,0,0,0
AL,ARLENE,2005,1,26,20050612,600,,TD,32.7N,87.7W,25,998,0,0,0,0,0,0,0,0,0,0,0,0
AL,ARLENE,2005,1,26,20050612,1200,,TD,35.0N,88.0W,20,1003,0,0,0,0,0,0,0,0,0,0,0,0
AL,ARLENE,2005,1,26,20050612,1800,,TD,37.0N,87.8W,20,1005,0,0,0,0,0,0,0,0,0,0,0,0
AL,ARLENE,2005,1,26,20050613,0,,TD,38.5N,87.5W,20,1006,0,0,0,0,0,0,0,0,0,0,0,0
AL,ARLENE,2005,1,26,20050613,600,,TD,40.5N,86.0W,20,1006,0,0,0,0,0,0,0,0,0,0,0,0
AL,ARLENE,2005,1,26,20050613,1200,,LO,42.0N,85.0W,20,1005,0,0,0,0,0,0,0,0,0,0,0,0
AL,ARLENE,2005,1,26,20050613,1800,,EX,43.0N,84.0W,20,1005,0,0,0,0,0,0,0,0,0,0,0,0
AL,ARLENE,2005,1,26,20050614,0,,EX,43.7N,81.1W,20,1003,0,0,0,0,0,0,0,0,0,0,0,0
AL,ARLENE,2005,1,26,20050614,600,,EX,44.8N,77.6W,20,1001,0,0,0,0,0,0,0,0,0,0,0,0
AL,BRET,2005,2,7,20050628,1800,,TD,19.7N,95.4W,30,1006,0,0,0,0,0,0,0,0,0,0,0,0
AL,BRET,2005,2,7,20050628,2235,I,TS,19.9N,95.7W,35,1002,,,,,,,,,,,,
AL,BRET,2005,2,7,20050629,0,,TS,20.0N,95.8W,35,1005,20,30,30,20,0,0,0,0,0,0,0,0
AL,BRET,2005,2,7,20050629,600,,TS,20.4N,96.4W,35,1005,30,30,30,30,0,0,0,0,0,0,0,0
AL,BRET,2005,2,7,20050629,1200,L,TS,20.8N,97.3W,35,1005,30,30,30,30,0,0,0,0,0,0,0,0
AL,BRET,2005,2,7,20050629,1800,,TD,21.4N,98.1W,25,1007,0,0,0,0,0,0,0,0,0,0,0,0
AL,BRET,2005,2,7,20050630,0,,TD,22.0N,98.5W,25,1008,0,0,0,0,0,0,0,0,0,0,0,0
AL,CINDY,2005,3,34,20050703,1800,,TD,18.3N,86.7W,30,1009,0,0,0,0,0,0,0,0,0,0,0,0
AL,CINDY,2005,3,34,20050704,0,,TD,18.6N,87.2W,30,1007,0,0,0,0,0,0,0,0,0,0,0,0
AL,CINDY,2005,3,34,20050704,330,L,TD,19.0N,87.6W,30,1007,0,0,0,0,0,0,0,0,0,0,0,0
AL,CINDY,2005,3,34,20050704,600,,TD,19.3N,87.9W,30,1007,0,0,0,0,0,0,0,0,0,0,0,0
AL,CINDY,2005,3,34,20050704,1200,,TD,20.9N,88.5W,25,1011,0,0,0,0,0,0,0,0,0,0,0,0
AL,CINDY,2005,3,34,20050704,1800,,TD,22.3N,89.0W,30,1010,0,0,0,0,0,0,0,0,0,0,0,0
AL,CINDY,2005,3,34,20050705,0,,TD,23.9N,89.7W,30,1009,0,0,0,0,0,0,0,0,0,0,0,0
AL,CINDY,2005,3,34,20050705,600,,TS,25.1N,90.2W,35,1009,75,75,0,0,0,0,0,0,0,0,0,0
AL,CINDY,2005,3,34,20050705,1200,,TS,26.4N,90.4W,45,1002,90,90,0,20,0,0,0,0,0,0,0,0
AL,CINDY,2005,3,34,20050705,1800,,TS,27.6N,90.5W,60,997,90,90,30,60,30,30,0,25,0,0,0,0
AL,CINDY,2005,3,34,20050706,0,,HU,28.5N,90.3W,65,992,90,90,40,60,30,30,20,25,20,20,0,0
AL,CINDY,2005,3,34,20050706,300,L,HU,29.2N,90.1W,65,991,,,,,,,,,,,,
AL,CINDY,2005,3,34,20050706,600,,TS,29.6N,90.0W,50,994,90,90,40,60,30,30,15,20,0,0,0,0
AL,CINDY,2005,3,34,20050706,900,L,TS,30.2N,89.5W,45,995,,,,,,,,,,,,
AL,CINDY,2005,3,34,20050706,1200,,TS,30.8N,88.9W,40,998,0,70,0,0,0,0,0,0,0,0,0,0
AL,CINDY,2005,3,34,20050706,1800,,TD,31.6N,88.1W,30,1000,0,0,0,0,0,0,0,0,0,0,0,0
AL,CINDY,2005,3,34,20050707,0,,TD,32.4N,87.2W,25,1004,0,0,0,0,0,0,0,0,0,0,0,0
AL,CINDY,2005,3,34,20050707,600,,TD,33.2N,86.2W,20,1008,0,0,0,0,0,0,0,0,0,0,0,0
AL,CINDY,2005,3,34,20050707,1200,,EX,34.6N,84.1W,20,1009,0,0,0,0,0,0,0,0,0,0,0,0
AL,CINDY,2005,3,34,20050707,1800,,EX,35.6N,81.8W,20,1010,0,0,0,0,0,0,0,0,0,0,0,0
AL,CINDY,2005,3,34,20050708,0,,EX,37.1N,80.0W,20,1010,0,0,0,0,0,0,0,0,0,0,0,0
AL,CINDY,2005,3,34,20050708,600,,EX,37.8N,78.3W,20,1010,0,0,0,0,0,0,0,0,0,0,0,0
AL,CINDY,2005,3,34,20050708,1200,,EX,38.4N,76.7W,25,1009,0,0,0,0,0,0,0,0,0,0,0,0
AL,CINDY,2005,3,34,20050708,1800,,EX,39.1N,74.8W,25,1009,0,0,0,0,0,0,0,0,0,0,0,0
AL,CINDY,2005,3,34,20050709,0,,EX,39.5N,72.0W,25,1009,0,0,0,0,0,0,0,0,0,0,0,0
AL,CINDY,2005,3,34,20050709,600,,EX,40.8N,70.7W,25,1009,0,0,0,0,0,0,0,0,0,0,0,0
AL,CINDY,2005,3,34,20050709,1200,,EX,41.6N,69.8W,30,1007,0,0,0,0,0,0,0,0,0,0,0,0
AL,CINDY,2005,3,34,20050709,1800,,EX,43.5N,69.6W,30,1006,0,0,0,0,0,0,0,0,0,0,0,0
AL,CINDY,2005,3,34,20050710,0,,EX,44.9N,69.8W,30,1006,0,0,0,0,0,0,0,0,0,0,0,0
AL,CINDY,2005,3,34,20050710,600,,EX,45.5N,70.0W,30,1006,0,0,0,0,0,0,0,0,0,0,0,0
AL,CINDY,2005,3,34,20050710,1200,,EX,46.5N,67.6W,25,1006,0,0,0,0,0,0,0,0,0,0,0,0
AL,CINDY,2005,3,34,20050710,1800,,EX,48.0N,66.4W,20,1006,0,0,0,0,0,0,0,0,0,0,0,0
AL,CINDY,2005,3,34,20050711,0,,EX,48.5N,64.5W,20,1006,0,0,0,0,0,0,0,0,0,0,0,0
AL,CINDY,2005,3,34,20050711,600,,EX,48.5N,62.5W,20,1006,0,0,0,0,0,0,0,0,0,0,0,0
AL,DENNIS,2005,4,59,20050704,1800,,TD,12.0N,60.8W,25,1010,0,0,0,0,0,0,0,0,0,0,0,0
AL,DENNIS,2005,4,59,20050704,2100,L,TD,12.1N,61.6W,30,1010,0,0,0,0,0,0,0,0,0,0,0,0
AL,DENNIS,2005,4,59,20050705,0,,TD,12.2N,62.5W,30,1009,0,0,0,0,0,0,0,0,0,0,0,0
AL,DENNIS,2005,4,59,20050705,600,,TD,12.5N,64.2W,30,1008,0,0,0,0,0,0,0,0,0,0,0,0
AL,DENNIS,2005,4,59,20050705,1200,,TS,13.0N,65.9W,35,1007,50,40,0,50,0,0,0,0,0,0,0,0
AL,DENNIS,2005,4,59,20050705,1800,,TS,13.6N,67.3W,40,1005,50,40,0,50,0,0,0,0,0,0,0,0
AL,DENNIS,2005,4,59,20050706,0,,TS,14.3N,68.5W,45,1000,50,40,20,50,0,0,0,0,0,0,0,0
AL,DENNIS,2005,4,59,20050706,600,,TS,14.7N,69.7W,50,995,75,75,25,75,25,25,0,25,0,0,0,0
AL,DENNIS,2005,4,59,20050706,1200,,TS,15.1N,70.9W,55,991,80,75,25,75,30,25,0,25,0,0,0,0
AL,DENNIS,2005,4,59,20050706,1800,,TS,15.6N,71.9W,60,989,90,75,35,80,40,30,0,40,0,0,0,0
AL,DENNIS,2005,4,59,20050707,0,,HU,16.2N,73.0W,70,982,110,80,45,100,50,30,10,40,20,0,0,20
AL,DENNIS,2005,4,59,20050707,600,,HU,16.7N,74.1W,80,972,110,90,45,100,50,30,10,40,20,0,0,20
AL,DENNIS,2005,4,59,20050707,1200,,HU,17.6N,74.9W,90,967,120,105,75,100,75,45,20,40,40,15,0,20
AL,DENNIS,2005,4,59,20050707,1800,,HU,18.5N,76.1W,100,957,120,110,75,100,75,70,20,50,40,30,15,30
AL,DENNIS,2005,4,59,20050708,0,,HU,19.4N,77.1W,120,951,120,110,75,100,75,70,25,50,45,30,20,30
AL,DENNIS,2005,4,59,20050708,245,L,HU,19.9N,77.6W,120,956,,,,,,,,,,,,
AL,DENNIS,2005,4,59,20050708,600,,HU,20.3N,78.4W,110,953,120,110,75,100,75,75,25,50,45,30,20,30
AL,DENNIS,2005,4,59,20050708,1200,,HU,20.9N,79.5W,130,938,140,120,75,100,75,75,25,50,45,30,20,30
AL,DENNIS,2005,4,59,20050708,1800,,HU,22.0N,80.6W,120,941,140,140,75,120,90,75,30,55,55,35,20,30
AL,DENNIS,2005,4,59,20050708,1845,L,HU,22.1N,80.7W,120,941,,,,,,,,,,,,
AL,DENNIS,2005,4,59,20050709,0,,HU,22.7N,81.6W,100,960,150,150,75,140,90,75,30,55,55,35,20,30
AL,DENNIS,2005,4,59,20050709,600,,HU,23.4N,82.5W,75,973,175,150,75,140,90,75,30,55,55,35,20,30
AL,DENNIS,2005,4,59,20050709,1200,,HU,24.3N,83.4W,80,967,175,150,75,140,90,75,30,55,45,25,15,25
AL,DENNIS,2005,4,59,20050709,1800,,HU,25.2N,84.2W,90,962,175,175,80,150,100,75,30,55,35,25,15,25
AL,DENNIS,2005,4,59,20050710,0,,HU,26.1N,85.0W,110,942,175,200,80,150,100,75,30,55,35,25,15,25
AL,DENNIS,2005,4,59,20050710,600,,HU,27.2N,85.8W,125,935,175,200,90,150,100,75,30,60,35,25,15,25
AL,DENNIS,2005,4,59,20050710,1200,,HU,28.5N,86.3W,120,930,175,200,90,115,100,75,30,50,25,25,15,25
AL,DENNIS,2005,4,59,20050710,1800,,HU,29.9N,86.9W,110,942,110,175,90,75,65,60,30,30,20,20,15,20
AL,DENNIS,2005,4,59,20050710,1930,L,HU,30.4N,87.1W,105,946,,,,,,,,,,,,
AL,DENNIS,2005,4,59,20050711,0,,TS,31.5N,87.7W,45,970,60,60,30,60,0,0,0,0,0,0,0,0
AL,DENNIS,2005,4,59,20050711,600,,TD,32.6N,88.5W,30,991,0,0,0,0,0,0,0,0,0,0,0,0
AL,DENNIS,2005,4,59,20050711,1200,,TD,33.9N,88.8W,25,997,0,0,0,0,0,0,0,0,0,0,0,0
AL,DENNIS,2005,4,59,20050711,1800,,TD,35.3N,89.1W,20,1002,0,0,0,0,0,0,0,0,0,0,0,0
AL,DENNIS,2005,4,59,20050712,0,,TD,36.4N,89.2W,20,1003,0,0,0,0,0,0,0,0,0,0,0,0
AL,DENNIS,2005,4,59,20050712,600,,TD,37.1N,89.0W,15,1005,0,0,0,0,0,0,0,0,0,0,0,0
AL,DENNIS,2005,4,59,20050712,1200,,TD,37.7N,88.7W,15,1007,0,0,0,0,0,0,0,0,0,0,0,0
AL,DENNIS,2005,4,59,20050712,1800,,TD,38.1N,88.3W,15,1008,0,0,0,0,0,0,0,0,0,0,0,0
AL,DENNIS,2005,4,59,20050713,0,,TD,38.5N,87.8W,15,1009,0,0,0,0,0,0,0,0,0,0,0,0
AL,DENNIS,2005,4,59,20050713,600,,TD,38.9N,87.2W,15,1010,0,0,0,0,0,0,0,0,0,0,0,0
AL,DENNIS,2005,4,59,20050713,1200,,LO,39.2N,86.5W,15,1010,0,0,0,0,0,0,0,0,0,0,0,0
AL,DENNIS,2005,4,59,20050713,1800,,LO,39.2N,85.8W,15,1010,0,0,0,0,0,0,0,0,0,0,0,0
AL,DENNIS,2005,4,59,20050714,0,,LO,39.2N,85.7W,10,1009,0,0,0,0,0,0,0,0,0,0,0,0
AL,DENNIS,2005,4,59,20050714,600,,LO,39.0N,85.6W,10,1009,0,0,0,0,0,0,0,0,0,0,0,0
AL,DENNIS,2005,4,59,20050714,1200,,LO,38.7N,85.6W,10,1010,0,0,0,0,0,0,0,0,0,0,0,0
AL,DENNIS,2005,4,59,20050714,1800,,LO,38.4N,85.6W,10,1010,0,0,0,0,0,0,0,0,0,0,0,0
AL,DENNIS,2005,4,59,20050715,0,,LO,38.1N,85.8W,10,1009,0,0,0,0,0,0,0,0,0,0,0,0
AL,DENNIS,2005,4,59,20050715,600,,LO,37.9N,86.2W,10,1010,0,0,0,0,0,0,0,0,0,0,0,0
AL,DENNIS,2005,4,59,20050715,1200,,LO,38.1N,86.4W,10,1012,0,0,0,0,0,0,0,0,0,0,0,0
AL,DENNIS,2005,4,59,20050715,1800,,LO,38.4N,86.6W,10,1012,0,0,0,0,0,0,0,0,0,0,0,0
AL,DENNIS,2005,4,59,20050716,0,,LO,38.6N,86.8W,10,1011,0,0,0,0,0,0,0,0,0,0,0,0
AL,DENNIS,2005,4,59,20050716,600,,LO,39.4N,86.5W,10,1013,0,0,0,0,0,0,0,0,0,0,0,0
AL,DENNIS,2005,4,59,20050716,1200,,LO,40.2N,86.2W,10,1013,0,0,0,0,0,0,0,0,0,0,0,0
AL,DENNIS,2005,4,59,20050716,1800,,LO,40.8N,85.2W,10,1014,0,0,0,0,0,0,0,0,0,0,0,0
AL,DENNIS,2005,4,59,20050717,0,,LO,41.3N,84.1W,10,1013,0,0,0,0,0,0,0,0,0,0,0,0
AL,DENNIS,2005,4,59,20050717,600,,LO,42.2N,83.2W,10,1013,0,0,0,0,0,0,0,0,0,0,0,0
AL,DENNIS,2005,4,59,20050717,1200,,LO,43.1N,82.3W,10,1013,0,0,0,0,0,0,0,0,0,0,0,0
AL,DENNIS,2005,4,59,20050717,1800,,LO,43.9N,81.4W,10,1012,0,0,0,0,0,0,0,0,0,0,0,0
AL,DENNIS,2005,4,59,20050718,0,,LO,44.6N,80.5W,10,1010,0,0,0,0,0,0,0,0,0,0,0,0
AL,DENNIS,2005,4,59,20050718,600,,LO,45.8N,79.8W,10,1009,0,0,0,0,0,0,0,0,0,0,0,0
AL,EMILY,2005,5,45,20050711,0,,TD,10.7N,42.4W,25,1010,0,0,0,0,0,0,0,0,0,0,0,0
AL,EMILY,2005,5,45,20050711,600,,TD,10.8N,43.4W,30,1009,0,0,0,0,0,0,0,0,0,0,0,0
AL,EMILY,2005,5,45,20050711,1200,,TD,10.9N,44.4W,30,1009,0,0,0,0,0,0,0,0,0,0,0,0
AL,EMILY,2005,5,45,20050711,1800,,TD,11.0N,45.4W,30,1007,0,0,0,0,0,0,0,0,0,0,0,0
AL,EMILY,2005,5,45,20050712,0,,TS,11.0N,46.8W,35,1006,30,20,20,30,0,0,0,0,0,0,0,0
AL,EMILY,2005,5,45,20050712,600,,TS,11.0N,48.5W,40,1005,30,20,20,30,0,0,0,0,0,0,0,0
AL,EMILY,2005,5,45,20050712,1200,,TS,11.0N,50.2W,45,1004,45,20,20,45,0,0,0,0,0,0,0,0
AL,EMILY,2005,5,45,20050712,1800,,TS,11.0N,52.0W,45,1004,45,20,20,45,0,0,0,0,0,0,0,0
AL,EMILY,2005,5,45,20050713,0,,TS,11.0N,53.7W,45,1003,50,50,25,50,0,0,0,0,0,0,0,0
AL,EMILY,2005,5,45,20050713,600,,TS,11.1N,55.4W,45,1003,50,75,40,50,0,0,0,0,0,0,0,0
AL,EMILY,2005,5,45,20050713,1200,,TS,11.2N,57.2W,50,1003,75,80,40,50,50,60,0,0,0,0,0,0
AL,EMILY,2005,5,45,20050713,1800,,TS,11.4N,58.9W,55,1003,100,90,40,100,60,50,0,50,0,0,0,0
AL,EMILY,2005,5,45,20050714,0,,HU,11.6N,60.2W,70,999,100,90,40,100,60,50,0,50,20,0,0,20
AL,EMILY,2005,5,45,20050714,600,,HU,11.9N,61.5W,75,991,100,90,40,100,60,50,0,50,25,0,0,20
AL,EMILY,2005,5,45,20050714,700,L,HU,12.0N,61.8W,75,989,,,,,,,,,,,,
AL,EMILY,2005,5,45,20050714,1200,,HU,12.4N,63.2W,85,980,100,90,40,90,60,40,20,50,30,20,0,20
AL,EMILY,2005,5,45,20050714,1800,,HU,12.9N,64.9W,100,971,100,75,40,90,60,40,25,50,20,20,15,20
AL,EMILY,2005,5,45,20050715,0,,HU,13.3N,66.7W,110,959,110,75,40,110,60,30,25,50,25,15,15,20
AL,EMILY,2005,5,45,20050715,600,,HU,13.7N,68.4W,115,952,120,70,40,120,70,30,25,50,35,25,15,20
AL,EMILY,2005,5,45,20050715,1200,,HU,14.1N,70.1W,115,964,120,80,40,120,70,30,25,50,35,25,15,20
AL,EMILY,2005,5,45,20050715,1800,,HU,14.5N,71.8W,95,969,120,100,30,100,60,30,15,50,30,20,10,20
AL,EMILY,2005,5,45,20050716,0,,HU,14.9N,73.4W,110,958,120,80,50,100,75,30,20,50,40,20,10,30
AL,EMILY,2005,5,45,20050716,600,,HU,15.4N,75.0W,120,953,130,80,50,100,90,30,20,50,60,20,10,30
AL,EMILY,2005,5,45,20050716,1200,,HU,15.9N,76.5W,130,944,130,80,50,100,90,30,25,50,60,20,15,30
AL,EMILY,2005,5,45,20050716,1800,,HU,16.4N,78.0W,135,937,130,80,50,110,90,30,25,50,50,20,15,30
AL,EMILY,2005,5,45,20050717,0,,HU,17.1N,79.5W,140,929,130,80,50,110,90,30,25,50,50,20,15,30
AL,EMILY,2005,5,45,20050717,600,,HU,17.7N,81.2W,135,940,130,80,50,110,90,35,25,60,50,25,15,30
AL,EMILY,2005,5,45,20050717,1200,,HU,18.3N,82.8W,130,946,130,80,50,110,90,35,25,60,50,25,15,30
AL,EMILY,2005,5,45,20050717,1800,,HU,18.9N,84.3W,125,948,130,80,50,110,90,35,25,60,50,25,15,35
AL,EMILY,2005,5,45,20050718,0,,HU,19.5N,85.8W,120,951,130,100,50,110,100,40,25,60,50,25,15,40
AL,EMILY,2005,5,45,20050718,600,,HU,20.3N,87.3W,115,955,130,125,50,110,100,40,25,50,50,25,15,20
AL,EMILY,2005,5,45,20050718,630,L,HU,20.3N,87.4W,115,955,,,,,,,,,,,,
AL,EMILY,2005,5,45,20050718,1200,,HU,21.3N,88.9W,65,975,120,125,50,90,50,30,25,50,30,0,0,0
AL,EMILY,2005,5,45,20050718,1800,,HU,22.0N,90.3W,65,984,100,75,50,75,50,30,30,50,30,0,0,0
AL,EMILY,2005,5,45,20050719,0,,HU,22.6N,91.5W,75,981,125,75,50,90,75,50,30,60,30,30,0,0
AL,EMILY,2005,5,45,20050719,600,,HU,23.2N,92.8W,80,980,125,75,50,105,75,50,30,60,35,30,0,20
AL,EMILY,2005,5,45,20050719,1200,,HU,23.7N,94.0W,80,977,125,100,50,105,75,50,30,60,35,30,10,25
AL,EMILY,2005,5,45,20050719,1800,,HU,24.1N,95.1W,85,959,140,110,70,110,90,60,40,70,50,35,20,35
AL,EMILY,2005,5,45,20050720,0,,HU,24.4N,96.1W,110,948,140,110,90,110,100,60,40,75,60,35,25,50
AL,EMILY,2005,5,45,20050720,600,,HU,24.6N,96.9W,110,944,140,110,90,110,100,60,45,75,60,35,25,50
AL,EMILY,2005,5,45,20050720,1200,L,HU,24.8N,97.6W,110,944,140,110,75,90,100,60,40,65,60,35,25,40
AL,EMILY,2005,5,45,20050720,1800,,TS,25.0N,98.7W,70,975,140,110,50,60,80,60,20,35,60,20,0,15
AL,EMILY,2005,5,45,20050721,0,,TS,25.0N,99.7W,45,995,90,60,30,30,0,0,0,0,0,0,0,0
AL,EMILY,2005,5,45,20050721,600,,TD,25.0N,100.5W,30,1000,0,0,0,0,0,0,0,0,0,0,0,0
AL,EMILY,2005,5,45,20050721,1200,,TD,25.0N,101.1W,25,1007,0,0,0,0,0,0,0,0,0,0,0,0
AL,FRANKLIN,2005,6,38,20050721,1800,,TD,25.0N,75.0W,30,1010,0,0,0,0,0,0,0,0,0,0,0,0
AL,FRANKLIN,2005,6,38,20050722,0,,TS,25.7N,75.9W,40,1009,35,20,0,0,0,0,0,0,0,0,0,0
AL,FRANKLIN,2005,6,38,20050722,600,,TS,26.2N,76.4W,40,1008,35,20,0,0,0,0,0,0,0,0,0,0
AL,FRANKLIN,2005,6,38,20050722,1200,,TS,26.6N,76.8W,45,1007,30,30,0,0,0,0,0,0,0,0,0,0
AL,FRANKLIN,2005,6,38,20050722,1800,,TS,27.4N,76.7W,45,1006,30,45,0,0,0,0,0,0,0,0,0,0
AL,FRANKLIN,2005,6,38,20050723,0,,TS,28.1N,76.6W,45,1003,40,75,0,0,0,0,0,0,0,0,0,0
AL,FRANKLIN,2005,6,38,20050723,600,,TS,28.7N,76.1W,50,1001,50,75,50,20,15,20,0,0,0,0,0,0
AL,FRANKLIN,2005,6,38,20050723,1200,,TS,29.2N,75.4W,60,1001,55,75,60,20,20,30,0,0,0,0,0,0
AL,FRANKLIN,2005,6,38,20050723,1800,,TS,29.7N,74.7W,60,1001,60,75,60,20,25,50,35,0,0,0,0,0
AL,FRANKLIN,2005,6,38,20050724,0,,TS,30.1N,73.5W,55,1001,45,75,60,20,0,50,25,0,0,0,0,0
AL,FRANKLIN,2005,6,38,20050724,600,,TS,30.3N,72.6W,55,1001,45,90,40,0,0,50,0,0,0,0,0,0
AL,FRANKLIN,2005,6,38,20050724,1200,,TS,30.7N,71.9W,45,1001,45,90,40,0,0,0,0,0,0,0,0,0
AL,FRANKLIN,2005,6,38,20050724,1800,,TS,31.1N,71.2W,45,1000,30,90,30,0,0,0,0,0,0,0,0,0
AL,FRANKLIN,2005,6,38,20050725,0,,TS,31.1N,71.2W,40,1000,30,105,20,0,0,0,0,0,0,0,0,0
AL,FRANKLIN,2005,6,38,20050725,600,,TS,31.0N,70.5W,40,1000,0,120,0,0,0,0,0,0,0,0,0,0
AL,FRANKLIN,2005,6,38,20050725,1200,,TS,30.9N,69.8W,40,999,0,150,0,0,0,0,0,0,0,0,0,0
AL,FRANKLIN,2005,6,38,20050725,1800,,TS,30.9N,69.6W,40,999,0,150,0,0,0,0,0,0,0,0,0,0
AL,FRANKLIN,2005,6,38,20050726,0,,TS,30.9N,68.6W,35,1000,0,150,0,0,0,0,0,0,0,0,0,0
AL,FRANKLIN,2005,6,38,20050726,600,,TS,31.2N,68.2W,35,1001,0,120,0,0,0,0,0,0,0,0,0,0
AL,FRANKLIN,2005,6,38,20050726,1200,,TS,31.7N,68.1W,35,1002,0,90,0,0,0,0,0,0,0,0,0,0
AL,FRANKLIN,2005,6,38,20050726,1800,,TS,32.2N,68.3W,35,1001,0,90,0,0,0,0,0,0,0,0,0,0
AL,FRANKLIN,2005,6,38,20050727,0,,TS,32.4N,68.5W,40,1000,0,90,90,0,0,0,0,0,0,0,0,0
AL,FRANKLIN,2005,6,38,20050727,600,,TS,32.8N,68.8W,40,1000,0,90,90,0,0,0,0,0,0,0,0,0
AL,FRANKLIN,2005,6,38,20050727,1200,,TS,33.2N,69.1W,45,999,0,90,90,0,0,0,0,0,0,0,0,0
AL,FRANKLIN,2005,6,38,20050727,1800,,TS,33.6N,69.3W,45,999,0,90,90,40,0,0,0,0,0,0,0,0
AL,FRANKLIN,2005,6,38,20050728,0,,TS,34.2N,69.4W,50,997,60,100,100,0,0,75,0,0,0,0,0,0
AL,FRANKLIN,2005,6,38,20050728,600,,TS,35.0N,69.3W,50,997,60,100,100,25,0,75,0,0,0,0,0,0
AL,FRANKLIN,2005,6,38,20050728,1200,,TS,36.0N,69.1W,45,999,25,75,75,25,0,0,0,0,0,0,0,0
AL,FRANKLIN,2005,6,38,20050728,1800,,TS,37.1N,68.0W,50,997,40,80,75,25,25,25,0,0,0,0,0,0
AL,FRANKLIN,2005,6,38,20050729,0,,TS,38.4N,66.6W,50,997,40,100,75,25,25,35,25,0,0,0,0,0
AL,FRANKLIN,2005,6,38,20050729,600,,TS,39.6N,64.8W,50,997,60,100,75,30,30,40,30,0,0,0,0,0
AL,FRANKLIN,2005,6,38,20050729,1200,,TS,40.8N,62.8W,50,997,90,120,75,30,40,50,30,0,0,0,0,0
AL,FRANKLIN,2005,6,38,20050729,1800,,TS,42.2N,60.2W,50,999,100,140,50,20,40,90,30,0,0,0,0,0
AL,FRANKLIN,2005,6,38,20050730,0,,EX,43.5N,57.5W,50,1001,100,140,50,0,40,90,30,0,0,0,0,0
AL,FRANKLIN,2005,6,38,20050730,600,,EX,44.7N,54.6W,45,1003,120,120,0,0,0,0,0,0,0,0,0,0
AL,FRANKLIN,2005,6,38,20050730,1200,,EX,45.8N,51.7W,40,1005,130,120,0,0,0,0,0,0,0,0,0,0
AL,FRANKLIN,2005,6,38,20050730,1800,,EX,46.4N,48.8W,40,1006,130,120,0,0,0,0,0,0,0,0,0,0
AL,FRANKLIN,2005,6,38,20050731,0,,EX,47.5N,46.0W,40,1006,130,120,0,0,0,0,0,0,0,0,0,0
AL,GERT,2005,7,9,20050723,1800,,TD,19.3N,92.9W,25,1011,0,0,0,0,0,0,0,0,0,0,0,0
AL,GERT,2005,7,9,20050724,0,,TD,19.8N,93.8W,30,1009,0,0,0,0,0,0,0,0,0,0,0,0
AL,GERT,2005,7,9,20050724,600,,TS,20.8N,95.0W,35,1009,50,0,0,50,0,0,0,0,0,0,0,0
AL,GERT,2005,7,9,20050724,1200,,TS,21.0N,95.8W,35,1008,50,50,50,50,0,0,0,0,0,0,0,0
AL,GERT,2005,7,9,20050724,1800,,TS,21.4N,96.6W,35,1007,75,75,75,75,0,0,0,0,0,0,0,0
AL,GERT,2005,7,9,20050725,0,L,TS,21.8N,97.6W,40,1005,75,75,50,75,0,0,0,0,0,0,0,0
AL,GERT,2005,7,9,20050725,600,,TD,22.3N,98.6W,30,1006,0,0,0,0,0,0,0,0,0,0,0,0
AL,GERT,2005,7,9,20050725,1200,,TD,22.5N,100.0W,25,1006,0,0,0,0,0,0,0,0,0,0,0,0
AL,GERT,2005,7,9,20050725,1800,,LO,22.5N,101.4W,20,1007,0,0,0,0,0,0,0,0,0,0,0,0
AL,HARVEY,2005,8,46,20050802,1800,,TD,28.2N,68.8W,30,1006,0,0,0,0,0,0,0,0,0,0,0,0
AL,HARVEY,2005,8,46,20050803,0,,TD,28.9N,68.7W,30,1005,0,0,0,0,0,0,0,0,0,0,0,0
AL,HARVEY,2005,8,46,20050803,600,,TS,29.5N,68.6W,40,1003,45,60,45,0,0,0,0,0,0,0,0,0
AL,HARVEY,2005,8,46,20050803,1200,,TS,30.3N,68.3W,45,1001,45,75,45,0,0,0,0,0,0,0,0,0
AL,HARVEY,2005,8,46,20050803,1800,,TS,30.9N,67.7W,50,999,45,75,45,0,0,45,0,0,0,0,0,0
AL,HARVEY,2005,8,46,20050804,0,,TS,31.3N,66.4W,50,997,45,75,45,0,0,45,0,0,0,0,0,0
AL,HARVEY,2005,8,46,20050804,600,,TS,31.6N,65.0W,50,995,45,75,45,0,0,45,0,0,0,0,0,0
AL,HARVEY,2005,8,46,20050804,1200,,TS,31.9N,63.6W,50,995,60,90,45,0,0,45,0,0,0,0,0,0
AL,HARVEY,2005,8,46,20050804,1800,,TS,32.0N,62.1W,55,994,60,75,45,30,0,25,25,0,0,0,0,0
AL,HARVEY,2005,8,46,20050805,0,,TS,32.1N,60.5W,55,994,75,60,45,45,0,25,25,0,0,0,0,0
AL,HARVEY,2005,8,46,20050805,600,,TS,32.4N,59.4W,55,994,75,60,45,45,25,25,0,0,0,0,0,0
AL,HARVEY,2005,8,46,20050805,1200,,TS,32.5N,58.5W,50,995,90,60,45,45,25,25,0,0,0,0,0,0
AL,HARVEY,2005,8,46,20050805,1800,,TS,32.5N,57.7W,45,997,90,60,35,75,0,0,0,0,0,0,0,0
AL,HARVEY,2005,8,46,20050806,0,,TS,32.6N,57.1W,45,997,90,60,25,90,0,0,0,0,0,0,0,0
AL,HARVEY,2005,8,46,20050806,600,,TS,33.0N,56.8W,50,995,90,60,25,90,50,0,0,0,0,0,0,0
AL,HARVEY,2005,8,46,20050806,1200,,TS,33.5N,56.7W,50,995,105,60,25,75,50,0,0,0,0,0,0,0
AL,HARVEY,2005,8,46,20050806,1800,,TS,33.5N,56.7W,50,995,105,60,25,50,50,0,0,0,0,0,0,0
AL,HARVEY,2005,8,46,20050807,0,,TS,34.1N,55.5W,50,995,105,60,25,25,50,0,0,0,0,0,0,0
AL,HARVEY,2005,8,46,20050807,600,,TS,35.1N,54.9W,50,995,105,60,25,25,50,0,0,0,0,0,0,0
AL,HARVEY,2005,8,46,20050807,1200,,TS,36.0N,54.0W,45,998,105,80,25,25,0,0,0,0,0,0,0,0
AL,HARVEY,2005,8,46,20050807,1800,,TS,36.8N,52.9W,45,998,105,80,25,25,0,0,0,0,0,0,0,0
AL,HARVEY,2005,8,46,20050808,0,,TS,37.6N,51.9W,45,998,105,100,25,50,0,0,0,0,0,0,0,0
AL,HARVEY,2005,8,46,20050808,600,,TS,38.6N,50.7W,45,998,105,100,25,50,0,0,0,0,0,0,0,0
AL,HARVEY,2005,8,46,20050808,1200,,TS,39.6N,48.6W,45,998,120,120,40,60,0,0,0,0,0,0,0,0
AL,HARVEY,2005,8,46,20050808,1800,,TS,40.4N,46.9W,45,998,120,120,40,60,0,0,0,0,0,0,0,0
AL,HARVEY,2005,8,46,20050809,0,,EX,41.2N,45.0W,45,997,120,120,75,75,0,0,0,0,0,0,0,0
AL,HARVEY,2005,8,46,20050809,600,,EX,41.8N,43.0W,50,995,100,120,100,100,25,25,0,50,0,0,0,0
AL,HARVEY,2005,8,46,20050809,1200,,EX,42.3N,41.1W,50,995,100,120,100,100,25,25,0,50,0,0,0,0
AL,HARVEY,2005,8,46,20050809,1800,,EX,43.0N,39.0W,50,994,90,120,120,120,0,60,25,50,0,0,0,0
AL,HARVEY,2005,8,46,20050810,0,,EX,44.0N,37.1W,50,994,90,120,120,120,0,75,25,25,0,0,0,0
AL,HARVEY,2005,8,46,20050810,600,,EX,44.5N,35.2W,50,994,75,140,140,150,0,90,0,0,0,0,0,0
AL,HARVEY,2005,8,46,20050810,1200,,EX,44.5N,34.1W,50,994,75,140,140,150,0,90,0,0,0,0,0,0
AL,HARVEY,2005,8,46,20050810,1800,,EX,44.4N,33.1W,50,994,75,140,140,90,0,90,0,0,0,0,0,0
AL,HARVEY,2005,8,46,20050811,0,,EX,44.2N,32.2W,45,997,75,120,120,50,0,0,0,0,0,0,0,0
AL,HARVEY,2005,8,46,20050811,600,,EX,43.9N,31.5W,40,1000,0,100,100,0,0,0,0,0,0,0,0,0
AL,HARVEY,2005,8,46,20050811,1200,,EX,43.5N,31.0W,35,1003,0,60,60,0,0,0,0,0,0,0,0,0
AL,HARVEY,2005,8,46,20050811,1800,,EX,43.3N,30.7W,30,1005,0,0,0,0,0,0,0,0,0,0,0,0
AL,HARVEY,2005,8,46,20050812,0,,EX,43.0N,30.5W,30,1007,0,0,0,0,0,0,0,0,0,0,0,0
AL,HARVEY,2005,8,46,20050812,600,,EX,42.5N,30.8W,30,1008,0,0,0,0,0,0,0,0,0,0,0,0
AL,HARVEY,2005,8,46,20050812,1200,,EX,42.0N,31.4W,30,1009,0,0,0,0,0,0,0,0,0,0,0,0
AL,HARVEY,2005,8,46,20050812,1800,,LO,41.3N,31.5W,25,1010,0,0,0,0,0,0,0,0,0,0,0,0
AL,HARVEY,2005,8,46,20050813,0,,LO,40.7N,31.5W,25,1010,0,0,0,0,0,0,0,0,0,0,0,0
AL,HARVEY,2005,8,46,20050813,600,,LO,40.5N,31.5W,25,1011,0,0,0,0,0,0,0,0,0,0,0,0
AL,HARVEY,2005,8,46,20050813,1200,,LO,40.5N,31.5W,25,1011,0,0,0,0,0,0,0,0,0,0,0,0
AL,HARVEY,2005,8,46,20050813,1800,,LO,41.2N,32.0W,25,1012,0,0,0,0,0,0,0,0,0,0,0,0
AL,HARVEY,2005,8,46,20050814,0,,LO,42.0N,32.5W,25,1015,0,0,0,0,0,0,0,0,0,0,0,0
AL,IRENE,2005,9,56,20050804,1800,,TD,12.9N,33.5W,25,1009,0,0,0,0,0,0,0,0,0,0,0,0
AL,IRENE,2005,9,56,20050805,0,,TD,13.6N,34.5W,25,1009,0,0,0,0,0,0,0,0,0,0,0,0
AL,IRENE,2005,9,56,20050805,600,,TD,14.6N,35.5W,25,1009,0,0,0,0,0,0,0,0,0,0,0,0
AL,IRENE,2005,9,56,20050805,1200,,TD,15.6N,36.8W,30,1008,0,0,0,0,0,0,0,0,0,0,0,0
AL,IRENE,2005,9,56,20050805,1800,,TD,16.6N,38.4W,30,1008,0,0,0,0,0,0,0,0,0,0,0,0
AL,IRENE,2005,9,56,20050806,0,,TD,17.2N,39.8W,30,1008,0,0,0,0,0,0,0,0,0,0,0,0
AL,IRENE,2005,9,56,20050806,600,,TD,17.7N,40.5W,30,1008,0,0,0,0,0,0,0,0,0,0,0,0
AL,IRENE,2005,9,56,20050806,1200,,TD,18.2N,41.6W,30,1008,0,0,0,0,0,0,0,0,0,0,0,0
AL,IRENE,2005,9,56,20050806,1800,,TD,18.8N,42.8W,30,1008,0,0,0,0,0,0,0,0,0,0,0,0
AL,IRENE,2005,9,56,20050807,0,,TD,19.3N,43.5W,30,1008,0,0,0,0,0,0,0,0,0,0,0,0
AL,IRENE,2005,9,56,20050807,600,,TD,19.7N,44.2W,30,1007,0,0,0,0,0,0,0,0,0,0,0,0
AL,IRENE,2005,9,56,20050807,1200,,TS,20.2N,45.0W,35,1005,40,0,0,0,0,0,0,0,0,0,0,0
AL,IRENE,2005,9,56,20050807,1800,,TS,20.8N,46.0W,35,1005,40,0,0,0,0,0,0,0,0,0,0,0
AL,IRENE,2005,9,56,20050808,0,,TS,21.3N,47.2W,35,1005,60,60,0,60,0,0,0,0,0,0,0,0
AL,IRENE,2005,9,56,20050808,600,,TS,21.8N,48.3W,35,1006,60,60,0,60,0,0,0,0,0,0,0,0
AL,IRENE,2005,9,56,20050808,1200,,TD,22.2N,49.9W,30,1009,0,0,0,0,0,0,0,0,0,0,0,0
AL,IRENE,2005,9,56,20050808,1800,,TD,22.4N,50.9W,30,1009,0,0,0,0,0,0,0,0,0,0,0,0
AL,IRENE,2005,9,56,20050809,0,,TD,22.5N,52.0W,30,1009,0,0,0,0,0,0,0,0,0,0,0,0
AL,IRENE,2005,9,56,20050809,600,,TD,22.4N,52.9W,30,1009,0,0,0,0,0,0,0,0,0,0,0,0
AL,IRENE,2005,9,56,20050809,1200,,TD,22.4N,53.7W,30,1009,0,0,0,0,0,0,0,0,0,0,0,0
AL,IRENE,2005,9,56,20050809,1800,,TD,22.4N,54.8W,30,1009,0,0,0,0,0,0,0,0,0,0,0,0
AL,IRENE,2005,9,56,20050810,0,,TD,22.4N,55.7W,30,1009,0,0,0,0,0,0,0,0,0,0,0,0
AL,IRENE,2005,9,56,20050810,600,,TD,22.3N,56.5W,30,1009,0,0,0,0,0,0,0,0,0,0,0,0
AL,IRENE,2005,9,56,20050810,1200,,TD,22.4N,57.2W,30,1009,0,0,0,0,0,0,0,0,0,0,0,0
AL,IRENE,2005,9,56,20050810,1800,,TD,22.8N,58.1W,30,1008,0,0,0,0,0,0,0,0,0,0,0,0
AL,IRENE,2005,9,56,20050811,0,,TS,23.3N,59.3W,35,1005,40,40,0,40,0,0,0,0,0,0,0,0
AL,IRENE,2005,9,56,20050811,600,,TS,23.9N,60.4W,40,1003,40,40,0,40,0,0,0,0,0,0,0,0
AL,IRENE,2005,9,56,20050811,1200,,TS,24.7N,61.7W,45,1001,50,50,0,40,0,0,0,0,0,0,0,0
AL,IRENE,2005,9,56,20050811,1800,,TS,25.4N,62.9W,45,1001,50,50,0,40,0,0,0,0,0,0,0,0
AL,IRENE,2005,9,56,20050812,0,,TS,26.3N,63.8W,45,1001,50,50,0,50,0,0,0,0,0,0,0,0
AL,IRENE,2005,9,56,20050812,600,,TS,27.2N,65.1W,55,998,50,50,20,50,20,20,0,0,0,0,0,0
AL,IRENE,2005,9,56,20050812,1200,,TS,27.9N,66.3W,55,996,50,50,20,50,20,20,0,0,0,0,0,0
AL,IRENE,2005,9,56,20050812,1800,,TS,28.4N,67.1W,55,995,75,75,75,50,30,30,30,20,0,0,0,0
AL,IRENE,2005,9,56,20050813,0,,TS,28.9N,67.7W,60,993,75,75,60,75,30,30,20,30,0,0,0,0
AL,IRENE,2005,9,56,20050813,600,,TS,29.6N,68.2W,60,996,75,75,60,60,30,30,20,20,0,0,0,0
AL,IRENE,2005,9,56,20050813,1200,,TS,30.0N,69.0W,60,997,75,75,60,60,30,30,20,20,0,0,0,0
AL,IRENE,2005,9,56,20050813,1800,,TS,30.8N,69.4W,60,1000,90,75,60,60,30,30,20,20,0,0,0,0
AL,IRENE,2005,9,56,20050814,0,,TS,31.6N,69.9W,60,997,90,75,60,60,30,30,20,20,0,0,0,0
AL,IRENE,2005,9,56,20050814,600,,TS,32.1N,70.2W,55,999,90,75,60,40,40,30,0,0,0,0,0,0
AL,IRENE,2005,9,56,20050814,1200,,TS,33.1N,70.1W,55,999,90,75,60,40,40,30,0,0,0,0,0,0
AL,IRENE,2005,9,56,20050814,1800,,TS,34.0N,70.0W,60,994,90,75,40,40,40,35,0,0,0,0,0,0
AL,IRENE,2005,9,56,20050815,0,,HU,34.9N,69.5W,70,989,90,90,40,60,40,40,20,30,20,20,0,0
AL,IRENE,2005,9,56,20050815,600,,HU,35.7N,68.7W,75,985,90,90,40,60,40,40,20,30,20,20,0,0
AL,IRENE,2005,9,56,20050815,1200,,HU,36.3N,67.7W,75,985,70,100,100,70,40,70,50,30,20,25,20,0
AL,IRENE,2005,9,56,20050815,1800,,HU,36.5N,66.5W,80,980,70,100,100,70,40,70,50,30,20,25,20,0
AL,IRENE,2005,9,56,20050816,0,,HU,36.6N,65.1W,80,980,70,100,70,70,30,50,50,30,20,20,20,0
AL,IRENE,2005,9,56,20050816,600,,HU,36.6N,64.0W,80,978,70,100,70,70,30,50,50,30,20,20,20,0
AL,IRENE,2005,9,56,20050816,1200,,HU,36.6N,63.0W,85,975,70,100,70,70,30,50,50,30,20,20,20,0
AL,IRENE,2005,9,56,20050816,1800,,HU,36.5N,62.0W,90,970,70,100,100,70,30,50,50,30,20,20,20,0
AL,IRENE,2005,9,56,20050817,0,,HU,36.5N,61.3W,80,978,70,100,100,70,30,50,50,30,20,20,20,0
AL,IRENE,2005,9,56,20050817,600,,HU,36.5N,60.6W,75,983,80,90,65,60,40,50,30,30,20,25,15,0
AL,IRENE,2005,9,56,20050817,1200,,HU,36.9N,59.1W,65,987,50,120,80,50,30,90,70,30,20,30,20,0
AL,IRENE,2005,9,56,20050817,1800,,HU,37.6N,57.3W,65,987,50,120,80,50,30,90,60,30,20,30,20,0
AL,IRENE,2005,9,56,20050818,0,,TS,38.6N,55.0W,60,990,60,105,60,30,0,75,0,0,0,0,0,0
AL,IRENE,2005,9,56,20050818,600,,TS,40.3N,52.3W,60,990,60,105,60,30,0,75,0,0,0,0,0,0
AL,IRENE,2005,9,56,20050818,1200,,TS,43.3N,48.9W,50,992,360,360,60,30,0,50,0,0,0,0,0,0
AL,TEN,2005,10,21,20050813,1200,,TD,13.3N,43.6W,25,1009,0,0,0,0,0,0,0,0,0,0,0,0
AL,TEN,2005,10,21,20050813,1800,,TD,13.8N,44.7W,30,1008,0,0,0,0,0,0,0,0,0,0,0,0
AL,TEN,2005,10,21,20050814,0,,TD,13.8N,45.7W,30,1008,0,0,0,0,0,0,0,0,0,0,0,0
AL,TEN,2005,10,21,20050814,600,,TD,13.4N,46.0W,25,1009,0,0,0,0,0,0,0,0,0,0,0,0
AL,TEN,2005,10,21,20050814,1200,,TD,13.5N,46.4W,25,1009,0,0,0,0,0,0,0,0,0,0,0,0
AL,TEN,2005,10,21,20050814,1800,,LO,13.9N,46.7W,25,1010,0,0,0,0,0,0,0,0,0,0,0,0
AL,TEN,2005,10,21,20050815,0,,LO,14.4N,47.4W,25,1010,0,0,0,0,0,0,0,0,0,0,0,0
AL,TEN,2005,10,21,20050815,600,,LO,14.5N,48.4W,25,1010,0,0,0,0,0,0,0,0,0,0,0,0
AL,TEN,2005,10,21,20050815,1200,,LO,14.6N,49.3W,25,1010,0,0,0,0,0,0,0,0,0,0,0,0
AL,TEN,2005,10,21,20050815,1800,,LO,14.8N,49.9W,25,1010,0,0,0,0,0,0,0,0,0,0,0,0
AL,TEN,2005,10,21,20050816,0,,LO,15.1N,50.4W,25,1010,0,0,0,0,0,0,0,0,0,0,0,0
AL,TEN,2005,10,21,20050816,600,,LO,15.5N,51.1W,25,1010,0,0,0,0,0,0,0,0,0,0,0,0
AL,TEN,2005,10,21,20050816,1200,,LO,16.0N,52.0W,25,1010,0,0,0,0,0,0,0,0,0,0,0,0
AL,TEN,2005,10,21,20050816,1800,,LO,16.1N,53.2W,25,1010,0,0,0,0,0,0,0,0,0,0,0,0
AL,TEN,2005,10,21,20050817,0,,LO,16.1N,54.1W,25,1010,0,0,0,0,0,0,0,0,0,0,0,0
AL,TEN,2005,10,21,20050817,600,,LO,16.1N,54.9W,25,1010,0,0,0,0,0,0,0,0,0,0,0,0
AL,TEN,2005,10,21,20050817,1200,,LO,16.7N,55.6W,25,1010,0,0,0,0,0,0,0,0,0,0,0,0
AL,TEN,2005,10,21,20050817,1800,,LO,17.1N,56.6W,25,1010,0,0,0,0,0,0,0,0,0,0,0,0
AL,TEN,2005,10,21,20050818,0,,LO,17.3N,57.7W,25,1010,0,0,0,0,0,0,0,0,0,0,0,0
AL,TEN,2005,10,21,20050818,600,,LO,17.6N,58.9W,25,1012,0,0,0,0,0,0,0,0,0,0,0,0
AL,TEN,2005,10,21,20050818,1200,,LO,18.0N,60.1W,25,1014,0,0,0,0,0,0,0,0,0,0,0,0
AL,JOSE,2005,11,6,20050822,1200,,TD,19.4N,94.5W,30,1006,0,0,0,0,0,0,0,0,0,0,0,0
AL,JOSE,2005,11,6,20050822,1800,,TS,19.6N,95.0W,35,1004,0,30,30,0,0,0,0,0,0,0,0,0
AL,JOSE,2005,11,6,20050823,0,,TS,19.7N,95.7W,45,1001,20,30,40,40,0,0,0,0,0,0,0,0
AL,JOSE,2005,11,6,20050823,330,L,TS,19.7N,96.4W,50,998,,,,,,,,,,,,
AL,JOSE,2005,11,6,20050823,600,,TS,19.7N,96.7W,35,1002,20,20,20,20,0,0,0,0,0,0,0,0
AL,JOSE,2005,11,6,20050823,1200,,TD,19.7N,97.7W,25,1005,0,0,0,0,0,0,0,0,0,0,0,0
AL,KATRINA,2005,12,34,20050823,1800,,TD,23.1N,75.1W,30,1008,0,0,0,0,0,0,0,0,0,0,0,0
AL,KATRINA,2005,12,34,20050824,0,,TD,23.4N,75.7W,30,1007,0,0,0,0,0,0,0,0,0,0,0,0
AL,KATRINA,2005,12,34,20050824,600,,TD,23.8N,76.2W,30,1007,0,0,0,0,0,0,0,0,0,0,0,0
AL,KATRINA,2005,12,34,20050824,1200,,TS,24.5N,76.5W,35,1006,60,60,0,0,0,0,0,0,0,0,0,0
AL,KATRINA,2005,12,34,20050824,1800,,TS,25.4N,76.9W,40,1003,60,60,0,0,0,0,0,0,0,0,0,0
AL,KATRINA,2005,12,34,20050825,0,,TS,26.0N,77.7W,45,1000,60,60,0,0,0,0,0,0,0,0,0,0
AL,KATRINA,2005,12,34,20050825,600,,TS,26.1N,78.4W,50,997,60,60,0,0,15,0,0,0,0,0,0,0
AL,KATRINA,2005,12,34,20050825,1200,,TS,26.2N,79.0W,55,994,60,60,30,50,20,20,0,0,0,0,0,0
AL,KATRINA,2005,12,34,20050825,1800,,TS,26.2N,79.6W,60,988,70,70,50,60,25,25,20,20,0,0,0,0
AL,KATRINA,2005,12,34,20050825,2230,L,HU,26.0N,80.1W,70,984,,,,,,,,,,,,
AL,KATRINA,2005,12,34,20050826,0,,HU,25.9N,80.3W,70,983,70,70,50,40,20,20,20,20,10,10,10,10
AL,KATRINA,2005,12,34,20050826,600,,HU,25.4N,81.3W,65,987,75,75,40,30,60,60,20,20,10,10,10,10
AL,KATRINA,2005,12,34,20050826,1200,,HU,25.1N,82.0W,75,979,75,75,45,25,60,60,25,20,20,20,10,10
AL,KATRINA,2005,12,34,20050826,1800,,HU,24.9N,82.6W,85,968,75,75,55,35,60,60,35,20,20,20,15,10
AL,KATRINA,2005,12,34,20050827,0,,HU,24.6N,83.3W,90,959,90,75,75,75,60,60,40,30,25,25,20,15
AL,KATRINA,2005,12,34,20050827,600,,HU,24.4N,84.0W,95,950,130,90,90,130,60,60,45,60,35,30,30,25
AL,KATRINA,2005,12,34,20050827,1200,,HU,24.4N,84.7W,100,942,130,90,90,130,60,60,45,60,35,30,30,25
AL,KATRINA,2005,12,34,20050827,1800,,HU,24.5N,85.3W,100,948,140,90,90,130,70,70,60,70,45,35,35,35
AL,KATRINA,2005,12,34,20050828,0,,HU,24.8N,85.9W,100,941,140,100,100,140,80,80,65,80,60,45,45,50
AL,KATRINA,2005,12,34,20050828,600,,HU,25.2N,86.7W,125,930,160,160,125,140,100,100,75,100,75,75,50,75
AL,KATRINA,2005,12,34,20050828,1200,,HU,25.7N,87.7W,145,909,180,180,125,140,120,120,75,100,90,90,50,75
AL,KATRINA,2005,12,34,20050828,1800,,HU,26.3N,88.6W,150,902,200,180,125,180,120,120,75,120,90,90,50,90
AL,KATRINA,2005,12,34,20050829,0,,HU,27.2N,89.2W,140,905,200,200,150,180,120,120,75,100,90,90,60,80
AL,KATRINA,2005,12,34,20050829,600,,HU,28.2N,89.6W,125,913,200,200,150,150,120,120,75,100,90,90,60,70
AL,KATRINA,2005,12,34,20050829,1110,L,HU,29.3N,89.6W,110,920,,,,,,,,,,,,
AL,KATRINA,2005,12,34,20050829,1200,,HU,29.5N,89.6W,110,923,200,200,150,100,120,120,75,75,90,90,60,60
AL,KATRINA,2005,12,34,20050829,1445,L,HU,30.2N,89.6W,105,928,,,,,,,,,,,,
AL,KATRINA,2005,12,34,20050829,1800,,HU,31.1N,89.6W,80,948,100,180,100,100,75,100,75,75,50,50,30,30
AL,KATRINA,2005,12,34,20050830,0,,TS,32.6N,89.1W,50,961,75,90,90,50,50,60,0,0,0,0,0,0
AL,KATRINA,2005,12,34,20050830,600,,TS,34.1N,88.6W,40,978,75,90,75,50,0,0,0,0,0,0,0,0
AL,KATRINA,2005,12,34,20050830,1200,,TD,35.6N,88.0W,30,985,0,0,0,0,0,0,0,0,0,0,0,0
AL,KATRINA,2005,12,34,20050830,1800,,TD,37.0N,87.0W,30,990,0,0,0,0,0,0,0,0,0,0,0,0
AL,KATRINA,2005,12,34,20050831,0,,EX,38.6N,85.3W,30,994,0,0,0,0,0,0,0,0,0,0,0,0
AL,KATRINA,2005,12,34,20050831,600,,EX,40.1N,82.9W,25,996,0,0,0,0,0,0,0,0,0,0,0,0
AL,LEE,2005,13,26,20050828,1200,,TD,14.0N,45.1W,25,1009,0,0,0,0,0,0,0,0,0,0,0,0
AL,LEE,2005,13,26,20050828,1800,,TD,14.9N,46.4W,25,1007,0,0,0,0,0,0,0,0,0,0,0,0
AL,LEE,2005,13,26,20050829,0,,TD,15.7N,47.6W,25,1007,0,0,0,0,0,0,0,0,0,0,0,0
AL,LEE,2005,13,26,20050829,600,,TD,17.0N,48.9W,25,1007,0,0,0,0,0,0,0,0,0,0,0,0
AL,LEE,2005,13,26,20050829,1200,,TD,17.7N,50.6W,25,1008,0,0,0,0,0,0,0,0,0,0,0,0
AL,LEE,2005,13,26,20050829,1800,,LO,18.5N,52.5W,20,1009,0,0,0,0,0,0,0,0,0,0,0,0
AL,LEE,2005,13,26,20050830,0,,LO,20.5N,53.2W,20,1010,0,0,0,0,0,0,0,0,0,0,0,0
AL,LEE,2005,13,26,20050830,600,,LO,22.1N,53.6W,20,1010,0,0,0,0,0,0,0,0,0,0,0,0
AL,LEE,2005,13,26,20050830,1200,,LO,24.2N,54.2W,20,1010,0,0,0,0,0,0,0,0,0,0,0,0
AL,LEE,2005,13,26,20050830,1800,,LO,25.5N,53.6W,25,1010,0,0,0,0,0,0,0,0,0,0,0,0
AL,LEE,2005,13,26,20050831,0,,LO,26.9N,52.7W,25,1010,0,0,0,0,0,0,0,0,0,0,0,0
AL,LEE,2005,13,26,20050831,600,,TD,28.0N,51.6W,30,1007,0,0,0,0,0,0,0,0,0,0,0,0
AL,LEE,2005,13,26,20050831,1200,,TS,29.0N,50.4W,35,1006,60,60,0,0,0,0,0,0,0,0,0,0
AL,LEE,2005,13,26,20050831,1800,,TS,30.1N,50.1W,35,1007,60,60,0,0,0,0,0,0,0,0,0,0
AL,LEE,2005,13,26,20050901,0,,TD,31.1N,50.3W,30,1009,0,0,0,0,0,0,0,0,0,0,0,0
AL,LEE,2005,13,26,20050901,600,,TD,31.9N,51.2W,30,1010,0,0,0,0,0,0,0,0,0,0,0,0
AL,LEE,2005,13,26,20050901,1200,,TD,31.9N,51.4W,30,1010,0,0,0,0,0,0,0,0,0,0,0,0
AL,LEE,2005,13,26,20050901,1800,,TD,32.3N,51.5W,30,1010,0,0,0,0,0,0,0,0,0,0,0,0
AL,LEE,2005,13,26,20050902,0,,TD,32.4N,52.0W,25,1010,0,0,0,0,0,0,0,0,0,0,0,0
AL,LEE,2005,13,26,20050902,600,,LO,32.6N,52.3W,25,1010,0,0,0,0,0,0,0,0,0,0,0,0
AL,LEE,2005,13,26,20050902,1200,,LO,33.2N,52.3W,25,1010,0,0,0,0,0,0,0,0,0,0,0,0
AL,LEE,2005,13,26,20050902,1800,,LO,33.9N,52.7W,25,1010,0,0,0,0,0,0,0,0,0,0,0,0
AL,LEE,2005,13,26,20050903,0,,LO,34.7N,53.2W,25,1010,0,0,0,0,0,0,0,0,0,0,0,0
AL,LEE,2005,13,26,20050903,600,,LO,35.5N,53.9W,25,1010,0,0,0,0,0,0,0,0,0,0,0,0
AL,LEE,2005,13,26,20050903,1200,,LO,36.6N,54.2W,25,1010,0,0,0,0,0,0,0,0,0,0,0,0
AL,LEE,2005,13,26,20050903,1800,,LO,37.4N,53.9W,25,1010,0,0,0,0,0,0,0,0,0,0,0,0
AL,MARIA,2005,14,51,20050901,1200,,TD,18.8N,45.5W,30,1008,0,0,0,0,0,0,0,0,0,0,0,0
AL,MARIA,2005,14,51,20050901,1800,,TD,19.3N,46.2W,30,1008,0,0,0,0,0,0,0,0,0,0,0,0
AL,MARIA,2005,14,51,20050902,0,,TD,19.9N,47.2W,30,1008,0,0,0,0,0,0,0,0,0,0,0,0
AL,MARIA,2005,14,51,20050902,600,,TD,20.5N,48.3W,30,1008,0,0,0,0,0,0,0,0,0,0,0,0
AL,MARIA,2005,14,51,20050902,1200,,TS,21.1N,49.4W,35,1006,60,0,0,30,0,0,0,0,0,0,0,0
AL,MARIA,2005,14,51,20050902,1800,,TS,21.5N,50.2W,40,1003,60,0,0,60,0,0,0,0,0,0,0,0
AL,MARIA,2005,14,51,20050903,0,,TS,22.0N,51.0W,45,1001,60,30,30,60,0,0,0,0,0,0,0,0
AL,MARIA,2005,14,51,20050903,600,,TS,23.0N,52.0W,45,1000,60,30,30,60,0,0,0,0,0,0,0,0
AL,MARIA,2005,14,51,20050903,1200,,TS,24.4N,53.1W,50,997,100,30,0,60,25,0,0,0,0,0,0,0
AL,MARIA,2005,14,51,20050903,1800,,TS,25.5N,54.0W,55,994,100,60,20,60,25,0,0,0,0,0,0,0
AL,MARIA,2005,14,51,20050904,0,,TS,26.5N,54.6W,60,990,100,60,30,60,25,25,0,0,0,0,0,0
AL,MARIA,2005,14,51,20050904,600,,HU,27.5N,55.1W,65,987,100,60,30,60,25,25,20,20,10,10,10,10
AL,MARIA,2005,14,51,20050904,1200,,HU,28.6N,55.5W,65,987,100,75,40,75,30,30,20,30,15,15,10,15
AL,MARIA,2005,14,51,20050904,1800,,HU,29.6N,56.0W,75,980,100,75,40,75,30,30,20,30,15,15,10,15
AL,MARIA,2005,14,51,20050905,0,,HU,30.2N,56.5W,75,980,100,75,40,75,30,30,20,30,15,15,10,15
AL,MARIA,2005,14,51,20050905,600,,HU,30.9N,56.8W,80,977,100,80,50,75,30,30,25,30,15,15,15,15
AL,MARIA,2005,14,51,20050905,1200,,HU,31.5N,56.8W,85,975,100,100,60,80,50,50,30,40,20,20,20,20
AL,MARIA,2005,14,51,20050905,1800,,HU,32.1N,56.7W,90,970,100,100,60,80,50,50,30,40,20,20,20,20
AL,MARIA,2005,14,51,20050906,0,,HU,32.6N,56.6W,100,962,100,100,60,80,50,50,30,40,20,20,20,20
AL,MARIA,2005,14,51,20050906,600,,HU,33.0N,56.5W,90,970,100,100,60,80,50,50,30,40,20,20,15,15
AL,MARIA,2005,14,51,20050906,1200,,HU,33.5N,56.0W,80,975,120,120,60,80,75,75,30,40,20,20,15,15
AL,MARIA,2005,14,51,20050906,1800,,HU,33.9N,55.4W,75,980,120,120,60,80,75,75,30,40,20,20,15,15
AL,MARIA,2005,14,51,20050907,0,,HU,34.4N,54.6W,65,987,120,120,60,80,75,75,30,40,35,35,20,25
AL,MARIA,2005,14,51,20050907,600,,HU,34.8N,53.3W,70,983,140,140,120,140,75,90,60,90,45,45,45,45
AL,MARIA,2005,14,51,20050907,1200,,HU,35.6N,51.8W,75,980,150,175,150,200,100,120,100,125,45,75,60,75
AL,MARIA,2005,14,51,20050907,1800,,HU,36.5N,50.8W,75,980,150,175,150,200,100,120,100,125,45,75,60,75
AL,MARIA,2005,14,51,20050908,0,,HU,37.2N,49.9W,70,982,175,200,175,175,100,120,100,100,45,75,60,60
AL,MARIA,2005,14,51,20050908,600,,HU,37.9N,49.0W,65,985,175,200,175,175,100,120,100,100,45,75,60,60
AL,MARIA,2005,14,51,20050908,1200,,HU,38.7N,48.0W,65,985,200,225,175,175,100,120,100,90,0,75,0,0
AL,MARIA,2005,14,51,20050908,1800,,HU,39.1N,47.2W,65,985,200,225,175,175,100,120,100,90,0,75,0,0
AL,MARIA,2005,14,51,20050909,0,,TS,39.4N,46.4W,60,987,200,225,175,175,100,120,100,90,0,0,0,0
AL,MARIA,2005,14,51,20050909,600,,TS,39.8N,44.9W,55,987,175,225,175,150,100,120,120,90,0,0,0,0
AL,MARIA,2005,14,51,20050909,1200,,TS,40.4N,43.4W,55,988,150,200,200,100,75,120,120,45,0,0,0,0
AL,MARIA,2005,14,51,20050909,1800,,TS,41.1N,42.1W,50,988,150,200,200,100,75,120,120,45,0,0,0,0
AL,MARIA,2005,14,51,20050910,0,,TS,41.9N,40.6W,50,988,150,200,200,100,75,120,120,45,0,0,0,0
AL,MARIA,2005,14,51,20050910,600,,TS,42.9N,39.2W,50,988,150,200,200,150,75,120,120,75,0,0,0,0
AL,MARIA,2005,14,51,20050910,1200,,EX,44.5N,37.7W,50,980,200,300,200,180,150,200,150,120,0,0,0,0
AL,MARIA,2005,14,51,20050910,1800,,EX,46.0N,36.3W,55,975,300,300,250,200,200,200,180,150,0,0,0,0
AL,MARIA,2005,14,51,20050911,0,,EX,48.0N,35.0W,60,975,300,300,250,200,200,200,180,150,0,0,0,0
AL,MARIA,2005,14,51,20050911,600,,EX,50.0N,34.0W,60,974,300,350,250,200,200,250,180,150,0,0,0,0
AL,MARIA,2005,14,51,20050911,1200,,EX,52.0N,32.9W,65,971,300,400,250,200,200,300,150,120,180,250,0,0
AL,MARIA,2005,14,51,20050911,1800,,EX,54.0N,32.0W,65,968,300,400,250,200,200,300,150,120,180,250,0,0
AL,MARIA,2005,14,51,20050912,0,,EX,55.5N,31.0W,65,962,300,400,250,200,200,300,150,120,180,250,0,0
AL,MARIA,2005,14,51,20050912,600,,EX,57.0N,29.0W,65,967,300,400,250,200,200,300,150,120,180,250,0,0
AL,MARIA,2005,14,51,20050912,1200,,EX,58.5N,26.0W,65,970,300,400,250,200,200,300,150,120,180,250,0,0
AL,MARIA,2005,14,51,20050912,1800,,EX,61.0N,23.0W,60,972,300,350,250,200,200,250,150,120,0,0,0,0
AL,MARIA,2005,14,51,20050913,0,,EX,62.0N,21.0W,55,974,300,300,250,200,200,200,150,120,0,0,0,0
AL,MARIA,2005,14,51,20050913,600,,EX,62.9N,19.0W,50,976,300,300,250,200,200,200,150,120,0,0,0,0
AL,MARIA,2005,14,51,20050913,1200,,EX,63.5N,16.0W,45,980,300,300,300,200,0,0,0,0,0,0,0,0
AL,MARIA,2005,14,51,20050913,1800,,EX,63.0N,10.0W,45,983,300,300,400,200,0,0,0,0,0,0,0,0
AL,MARIA,2005,14,51,20050914,0,,EX,63.0N,0.0W,45,984,300,300,500,200,0,0,0,0,0,0,0,0
AL,NATE,2005,15,29,20050905,1800,,TD,28.4N,67.0W,30,1008,0,0,0,0,0,0,0,0,0,0,0,0
AL,NATE,2005,15,29,20050906,0,,TS,28.4N,66.6W,35,1005,40,40,40,40,0,0,0,0,0,0,0,0
AL,NATE,2005,15,29,20050906,600,,TS,28.5N,66.5W,40,1002,40,40,40,40,0,0,0,0,0,0,0,0
AL,NATE,2005,15,29,20050906,1200,,TS,28.5N,66.5W,50,1000,40,40,40,40,25,25,25,25,0,0,0,0
AL,NATE,2005,15,29,20050906,1800,,TS,28.6N,66.4W,50,997,60,60,40,60,30,30,20,30,0,0,0,0
AL,NATE,2005,15,29,20050907,0,,TS,28.7N,66.3W,55,994,80,60,40,60,40,30,20,30,0,0,0,0
AL,NATE,2005,15,29,20050907,600,,TS,28.7N,66.3W,60,990,80,60,40,60,40,30,20,30,0,0,0,0
AL,NATE,2005,15,29,20050907,1200,,HU,28.9N,66.2W,65,987,100,100,60,80,40,40,30,40,20,20,0,20
AL,NATE,2005,15,29,20050907,1800,,HU,29.3N,66.0W,70,985,100,100,60,80,40,40,30,40,20,20,20,20
AL,NATE,2005,15,29,20050908,0,,HU,29.6N,65.7W,75,984,100,100,60,80,40,40,30,40,20,20,20,20
AL,NATE,2005,15,29,20050908,600,,HU,30.0N,65.0W,75,982,100,100,60,80,40,40,30,40,20,20,20,20
AL,NATE,2005,15,29,20050908,1200,,HU,30.5N,63.8W,75,982,120,120,60,60,40,40,40,40,20,20,20,20
AL,NATE,2005,15,29,20050908,1800,,HU,31.4N,62.7W,75,982,120,120,60,60,40,40,40,40,20,20,20,20
AL,NATE,2005,15,29,20050909,0,,HU,32.6N,61.1W,80,979,200,180,90,120,75,75,30,75,25,25,20,20
AL,NATE,2005,15,29,20050909,600,,HU,33.4N,59.1W,70,985,240,180,90,120,120,90,30,75,60,50,20,50
AL,NATE,2005,15,29,20050909,1200,,HU,34.0N,55.8W,65,986,150,210,180,120,90,120,90,45,0,45,0,0
AL,NATE,2005,15,29,20050909,1800,,TS,34.5N,53.4W,55,991,150,210,180,120,90,120,90,45,0,0,0,0
AL,NATE,2005,15,29,20050910,0,,TS,34.7N,50.8W,55,997,150,180,150,120,90,120,90,45,0,0,0,0
AL,NATE,2005,15,29,20050910,600,,TS,34.6N,49.0W,45,997,150,180,150,120,0,0,0,0,0,0,0,0
AL,NATE,2005,15,29,20050910,1200,,TS,34.5N,45.9W,45,997,75,175,175,125,0,0,0,0,0,0,0,0
AL,NATE,2005,15,29,20050910,1800,,EX,34.9N,44.1W,45,997,75,175,150,75,0,0,0,0,0,0,0,0
AL,NATE,2005,15,29,20050911,0,,EX,35.2N,42.1W,40,999,100,175,125,40,0,0,0,0,0,0,0,0
AL,NATE,2005,15,29,20050911,600,,EX,36.0N,40.6W,40,1000,150,200,85,0,0,0,0,0,0,0,0,0
AL,NATE,2005,15,29,20050911,1200,,EX,37.4N,38.3W,40,1001,250,250,0,0,0,0,0,0,0,0,0,0
AL,NATE,2005,15,29,20050911,1800,,EX,39.2N,35.6W,40,1001,300,300,0,0,0,0,0,0,0,0,0,0
AL,NATE,2005,15,29,20050912,0,,EX,41.6N,33.3W,40,1002,350,350,0,0,0,0,0,0,0,0,0,0
AL,NATE,2005,15,29,20050912,600,,EX,43.5N,32.0W,35,1002,350,400,0,0,0,0,0,0,0,0,0,0
AL,NATE,2005,15,29,20050912,1200,,EX,44.0N,28.1W,35,1003,350,400,0,0,0,0,0,0,0,0,0,0
AL,NATE,2005,15,29,20050912,1800,,EX,46.0N,25.0W,35,1003,350,400,0,0,0,0,0,0,0,0,0,0
AL,OPHELIA,2005,16,69,20050906,600,,TD,25.8N,78.6W,25,1009,0,0,0,0,0,0,0,0,0,0,0,0
AL,OPHELIA,2005,16,69,20050906,1200,,TD,26.3N,78.3W,25,1010,0,0,0,0,0,0,0,0,0,0,0,0
AL,OPHELIA,2005,16,69,20050906,1600,L,TD,26.6N,78.3W,25,1010,0,0,0,0,0,0,0,0,0,0,0,0
AL,OPHELIA,2005,16,69,20050906,1800,,TD,26.8N,78.3W,25,1010,0,0,0,0,0,0,0,0,0,0,0,0
AL,OPHELIA,2005,16,69,20050907,0,,TD,27.4N,78.5W,30,1006,0,0,0,0,0,0,0,0,0,0,0,0
AL,OPHELIA,2005,16,69,20050907,600,,TS,27.9N,78.8W,35,1003,60,0,0,60,0,0,0,0,0,0,0,0
AL,OPHELIA,2005,16,69,20050907,1200,,TS,28.7N,79.2W,40,1000,60,0,0,60,0,0,0,0,0,0,0,0
AL,OPHELIA,2005,16,69,20050907,1800,,TS,28.8N,79.3W,45,997,60,30,30,45,0,0,0,0,0,0,0,0
AL,OPHELIA,2005,16,69,20050908,0,,TS,28.8N,79.3W,45,994,60,30,30,45,0,0,0,0,0,0,0,0
AL,OPHELIA,2005,16,69,20050908,600,,TS,28.7N,79.6W,50,994,60,40,40,60,20,20,20,20,0,0,0,0
AL,OPHELIA,2005,16,69,20050908,1200,,TS,28.6N,79.6W,55,988,60,40,40,60,20,20,20,20,0,0,0,0
AL,OPHELIA,2005,16,69,20050908,1800,,TS,28.6N,79.5W,60,988,70,70,70,70,25,30,30,25,0,0,0,0
AL,OPHELIA,2005,16,69,20050909,0,,HU,28.6N,79.3W,65,990,60,60,60,60,30,30,25,25,20,20,0,0
AL,OPHELIA,2005,16,69,20050909,600,,TS,28.9N,79.3W,55,990,60,60,60,50,25,25,25,25,0,0,0,0
AL,OPHELIA,2005,16,69,20050909,1200,,TS,29.3N,79.1W,55,983,60,60,60,60,25,25,25,25,0,0,0,0
AL,OPHELIA,2005,16,69,20050909,1800,,HU,29.8N,78.5W,65,983,65,65,65,75,30,35,35,30,0,25,25,0
AL,OPHELIA,2005,16,69,20050910,0,,TS,30.2N,77.5W,60,983,65,75,65,75,35,35,35,35,0,0,0,0
AL,OPHELIA,2005,16,69,20050910,600,,TS,30.9N,76.9W,60,984,90,90,65,90,50,50,35,35,0,0,0,0
AL,OPHELIA,2005,16,69,20050910,1200,,HU,31.5N,76.6W,65,976,105,105,75,120,50,50,35,35,0,25,0,0
AL,OPHELIA,2005,16,69,20050910,1800,,HU,31.7N,76.2W,70,977,120,120,90,120,50,50,35,50,25,25,0,0
AL,OPHELIA,2005,16,69,20050911,0,,HU,31.8N,75.9W,70,977,130,120,90,120,50,50,50,50,25,25,30,30
AL,OPHELIA,2005,16,69,20050911,600,,HU,31.7N,75.9W,75,978,130,130,90,130,50,50,50,50,25,25,30,30
AL,OPHELIA,2005,16,69,20050911,1200,,HU,31.6N,75.7W,70,978,130,130,100,130,50,50,50,50,25,30,30,25
AL,OPHELIA,2005,16,69,20050911,1800,,HU,31.4N,75.9W,65,978,130,140,100,140,50,70,45,70,25,25,15,25
AL,OPHELIA,2005,16,69,20050912,0,,TS,31.2N,76.2W,60,980,130,140,110,140,50,70,50,70,0,0,0,0
AL,OPHELIA,2005,16,69,20050912,600,,TS,31.2N,76.6W,60,985,130,140,110,140,50,70,50,70,0,0,0,0
AL,OPHELIA,2005,16,69,20050912,1200,,TS,31.5N,76.9W,55,988,130,140,100,130,60,70,0,70,0,0,0,0
AL,OPHELIA,2005,16,69,20050912,1800,,TS,31.7N,77.3W,60,989,140,140,100,120,70,70,0,70,0,0,0,0
AL,OPHELIA,2005,16,69,20050913,0,,TS,31.8N,77.7W,60,989,140,120,120,120,70,70,70,70,0,0,0,0
AL,OPHELIA,2005,16,69,20050913,600,,TS,31.9N,77.9W,60,990,140,120,120,120,70,70,70,70,0,0,0,0
AL,OPHELIA,2005,16,69,20050913,1200,,TS,32.1N,78.0W,60,989,140,120,100,100,70,60,60,60,0,0,0,0
AL,OPHELIA,2005,16,69,20050913,1800,,TS,32.3N,78.1W,60,988,140,120,100,100,70,60,50,50,0,0,0,0
AL,OPHELIA,2005,16,69,20050914,0,,HU,32.6N,78.1W,65,985,120,120,100,100,60,60,60,60,30,30,45,45
AL,OPHELIA,2005,16,69,20050914,600,,HU,32.9N,78.0W,70,980,120,120,100,70,60,75,60,45,30,45,45,30
AL,OPHELIA,2005,16,69,20050914,1200,,HU,33.4N,77.7W,75,980,120,120,100,70,60,75,60,45,30,45,45,30
AL,OPHELIA,2005,16,69,20050914,1800,,HU,33.9N,77.5W,75,979,120,120,100,70,60,75,60,50,30,45,30,30
AL,OPHELIA,2005,16,69,20050915,0,,HU,34.2N,76.9W,75,979,120,120,100,50,75,75,60,35,35,35,30,25
AL,OPHELIA,2005,16,69,20050915,600,,HU,34.5N,76.3W,70,982,120,120,100,50,75,75,60,35,35,35,30,25
AL,OPHELIA,2005,16,69,20050915,1200,,HU,34.7N,75.8W,65,984,120,120,100,50,75,75,60,35,35,35,30,25
AL,OPHELIA,2005,16,69,20050915,1800,,HU,34.7N,75.6W,65,986,120,120,100,50,60,60,50,35,35,35,0,0
AL,OPHELIA,2005,16,69,20050916,0,,TS,34.6N,75.1W,60,987,100,120,100,50,50,60,50,35,0,0,0,0
AL,OPHELIA,2005,16,69,20050916,600,,TS,34.7N,74.8W,55,993,100,100,75,60,50,60,45,30,0,0,0,0
AL,OPHELIA,2005,16,69,20050916,1200,,TS,35.4N,74.4W,50,995,100,100,75,60,50,60,0,0,0,0,0,0
AL,OPHELIA,2005,16,69,20050916,1800,,TS,36.4N,73.6W,55,993,100,100,75,60,50,60,0,0,0,0,0,0
AL,OPHELIA,2005,16,69,20050917,0,,TS,37.3N,72.7W,55,995,100,125,90,50,60,75,0,0,0,0,0,0
AL,OPHELIA,2005,16,69,20050917,600,,TS,38.7N,71.4W,50,1000,120,150,90,50,75,90,0,0,0,0,0,0
AL,OPHELIA,2005,16,69,20050917,1200,,TS,40.0N,69.7W,50,997,120,150,90,50,75,90,0,0,0,0,0,0
AL,OPHELIA,2005,16,69,20050917,1800,,TS,41.6N,67.3W,50,995,120,150,90,50,75,90,0,0,0,0,0,0
AL,OPHELIA,2005,16,69,20050918,0,,EX,43.2N,64.9W,45,996,120,150,90,40,0,0,0,0,0,0,0,0
AL,OPHELIA,2005,16,69,20050918,600,,EX,44.8N,62.6W,45,1000,120,150,90,40,0,0,0,0,0,0,0,0
AL,OPHELIA,2005,16,69,20050918,1200,,EX,46.2N,59.9W,45,1000,120,150,90,40,0,0,0,0,0,0,0,0
AL,OPHELIA,2005,16,69,20050918,1800,,EX,47.4N,56.2W,45,999,120,150,90,40,0,0,0,0,0,0,0,0
AL,OPHELIA,2005,16,69,20050919,0,,EX,48.4N,52.3W,45,1000,120,150,90,40,0,0,0,0,0,0,0,0
AL,OPHELIA,2005,16,69,20050919,600,,EX,49.0N,48.8W,45,1001,120,150,90,40,0,0,0,0,0,0,0,0
AL,OPHELIA,2005,16,69,20050919,1200,,EX,49.5N,45.7W,45,1000,120,150,90,40,0,0,0,0,0,0,0,0
AL,OPHELIA,2005,16,69,20050919,1800,,EX,50.0N,42.1W,45,999,120,150,90,40,0,0,0,0,0,0,0,0
AL,OPHELIA,2005,16,69,20050920,0,,EX,50.9N,38.5W,45,998,120,150,90,40,0,0,0,0,0,0,0,0
AL,OPHELIA,2005,16,69,20050920,600,,EX,51.5N,34.7W,40,1000,120,150,90,40,0,0,0,0,0,0,0,0
AL,OPHELIA,2005,16,69,20050920,1200,,EX,52.2N,30.5W,40,1003,120,150,90,40,0,0,0,0,0,0,0,0
AL,OPHELIA,2005,16,69,20050920,1800,,EX,52.8N,26.5W,40,1001,120,150,90,40,0,0,0,0,0,0,0,0
AL,OPHELIA,2005,16,69,20050921,0,,EX,53.8N,22.0W,40,998,120,150,90,40,0,0,0,0,0,0,0,0
AL,OPHELIA,2005,16,69,20050921,600,,EX,55.3N,17.7W,35,998,120,150,90,40,0,0,0,0,0,0,0,0
AL,OPHELIA,2005,16,69,20050921,1200,,EX,57.6N,14.6W,35,998,120,150,90,40,0,0,0,0,0,0,0,0
AL,OPHELIA,2005,16,69,20050921,1800,,EX,59.8N,11.9W,35,996,120,150,90,40,0,0,0,0,0,0,0,0
AL,OPHELIA,2005,16,69,20050922,0,,EX,61.7N,8.4W,35,993,120,150,90,40,0,0,0,0,0,0,0,0
AL,OPHELIA,2005,16,69,20050922,600,,EX,63.6N,4.5W,35,993,120,150,90,40,0,0,0,0,0,0,0,0
AL,OPHELIA,2005,16,69,20050922,1200,,EX,65.6N,1.0W,35,994,120,150,90,40,0,0,0,0,0,0,0,0
AL,OPHELIA,2005,16,69,20050922,1800,,EX,67.5N,1.9E,30,995,0,0,0,0,0,0,0,0,0,0,0,0
AL,OPHELIA,2005,16,69,20050923,0,,EX,68.8N,6.6E,30,997,0,0,0,0,0,0,0,0,0,0,0,0
AL,PHILIPPE,2005,17,28,20050917,1200,,TD,13.3N,54.5W,30,1008,0,0,0,0,0,0,0,0,0,0,0,0
AL,PHILIPPE,2005,17,28,20050917,1800,,TS,13.5N,54.9W,35,1007,0,75,0,0,0,0,0,0,0,0,0,0
AL,PHILIPPE,2005,17,28,20050918,0,,TS,13.9N,55.1W,40,1003,15,75,20,15,0,0,0,0,0,0,0,0
AL,PHILIPPE,2005,17,28,20050918,600,,TS,14.4N,55.3W,45,1000,20,70,20,20,0,0,0,0,0,0,0,0
AL,PHILIPPE,2005,17,28,20050918,1200,,TS,14.9N,55.5W,50,996,40,60,20,30,20,20,0,0,0,0,0,0
AL,PHILIPPE,2005,17,28,20050918,1800,,TS,15.6N,55.7W,55,993,70,60,30,50,20,20,0,20,0,0,0,0
AL,PHILIPPE,2005,17,28,20050919,0,,HU,16.2N,55.8W,65,987,70,60,30,50,25,25,20,25,15,15,0,0
AL,PHILIPPE,2005,17,28,20050919,600,,HU,16.7N,55.9W,65,987,70,60,30,30,25,25,20,20,15,15,0,0
AL,PHILIPPE,2005,17,28,20050919,1200,,HU,17.2N,56.2W,65,987,70,70,30,30,25,25,20,20,15,15,0,0
AL,PHILIPPE,2005,17,28,20050919,1800,,HU,17.5N,56.4W,65,987,75,75,30,30,30,30,20,20,15,15,0,0
AL,PHILIPPE,2005,17,28,20050920,0,,HU,17.7N,56.6W,70,985,75,75,30,30,30,30,20,20,15,15,0,0
AL,PHILIPPE,2005,17,28,20050920,600,,HU,17.9N,56.8W,65,987,90,90,20,50,30,30,0,20,15,15,0,0
AL,PHILIPPE,2005,17,28,20050920,1200,,TS,18.1N,57.0W,60,990,90,90,20,50,30,30,0,20,0,0,0,0
AL,PHILIPPE,2005,17,28,20050920,1800,,TS,18.5N,57.2W,55,992,90,75,30,30,25,0,0,0,0,0,0,0
AL,PHILIPPE,2005,17,28,20050921,0,,TS,18.9N,57.2W,55,994,90,75,30,30,25,0,0,0,0,0,0,0
AL,PHILIPPE,2005,17,28,20050921,600,,TS,19.4N,57.1W,50,997,120,120,0,30,25,0,0,0,0,0,0,0
AL,PHILIPPE,2005,17,28,20050921,1200,,TS,19.9N,57.0W,45,1000,120,120,0,0,0,0,0,0,0,0,0,0
AL,PHILIPPE,2005,17,28,20050921,1800,,TS,20.8N,56.9W,40,1001,100,100,0,0,0,0,0,0,0,0,0,0
AL,PHILIPPE,2005,17,28,20050922,0,,TS,22.4N,56.7W,35,1002,90,90,0,0,0,0,0,0,0,0,0,0
AL,PHILIPPE,2005,17,28,20050922,600,,TS,23.8N,56.8W,35,1003,75,75,0,0,0,0,0,0,0,0,0,0
AL,PHILIPPE,2005,17,28,20050922,1200,,TS,25.2N,57.2W,35,1003,75,75,0,0,0,0,0,0,0,0,0,0
AL,PHILIPPE,2005,17,28,20050922,1800,,TS,26.7N,57.6W,35,1003,75,0,0,0,0,0,0,0,0,0,0,0
AL,PHILIPPE,2005,17,28,20050923,0,,TS,28.3N,58.2W,35,1003,75,0,0,75,0,0,0,0,0,0,0,0
AL,PHILIPPE,2005,17,28,20050923,600,,TS,30.2N,60.1W,35,1003,60,0,0,60,0,0,0,0,0,0,0,0
AL,PHILIPPE,2005,17,28,20050923,1200,,TD,30.5N,62.2W,30,1003,0,0,0,0,0,0,0,0,0,0,0,0
AL,PHILIPPE,2005,17,28,20050923,1800,,LO,30.2N,63.7W,30,1003,0,0,0,0,0,0,0,0,0,0,0,0
AL,PHILIPPE,2005,17,28,20050924,0,,LO,29.2N,63.8W,30,1003,0,0,0,0,0,0,0,0,0,0,0,0
AL,PHILIPPE,2005,17,28,20050924,600,,LO,28.6N,62.8W,25,1004,0,0,0,0,0,0,0,0,0,0,0,0
AL,RITA,2005,18,36,20050918,0,,TD,21.3N,69.9W,25,1009,0,0,0,0,0,0,0,0,0,0,0,0
AL,RITA,2005,18,36,20050918,600,,TD,21.6N,70.7W,25,1009,0,0,0,0,0,0,0,0,0,0,0,0
AL,RITA,2005,18,36,20050918,1200,,TD,21.9N,71.5W,30,1007,0,0,0,0,0,0,0,0,0,0,0,0
AL,RITA,2005,18,36,20050918,1800,,TS,22.2N,72.3W,35,1005,75,75,0,60,0,0,0,0,0,0,0,0
AL,RITA,2005,18,36,20050919,0,,TS,22.4N,73.0W,45,1002,90,60,0,90,0,0,0,0,0,0,0,0
AL,RITA,2005,18,36,20050919,600,,TS,22.6N,73.8W,50,999,100,50,0,90,40,0,0,40,0,0,0,0
AL,RITA,2005,18,36,20050919,1200,,TS,22.8N,74.7W,55,997,120,50,50,90,40,0,0,40,0,0,0,0
AL,RITA,2005,18,36,20050919,1800,,TS,23.1N,75.9W,60,994,110,60,60,90,40,30,20,40,0,0,0,0
AL,RITA,2005,18,36,20050920,0,,TS,23.3N,77.2W,60,992,105,60,60,105,45,30,20,45,0,0,0,0
AL,RITA,2005,18,36,20050920,600,,TS,23.5N,78.8W,60,990,105,60,60,105,45,45,20,45,0,0,0,0
AL,RITA,2005,18,36,20050920,1200,,HU,23.7N,80.3W,70,985,110,75,60,105,45,45,20,45,25,25,0,0
AL,RITA,2005,18,36,20050920,1800,,HU,23.9N,81.6W,85,975,120,100,60,105,60,45,40,45,40,25,20,40
AL,RITA,2005,18,36,20050921,0,,HU,24.1N,82.7W,95,967,120,100,60,105,60,45,40,45,40,25,20,40
AL,RITA,2005,18,36,20050921,600,,HU,24.2N,84.0W,110,955,120,100,60,105,60,45,40,60,40,30,25,40
AL,RITA,2005,18,36,20050921,1200,,HU,24.2N,85.2W,120,941,135,115,80,125,75,50,40,60,50,40,30,40
AL,RITA,2005,18,36,20050921,1800,,HU,24.3N,86.2W,145,920,150,125,100,150,90,60,50,75,60,50,40,50
AL,RITA,2005,18,36,20050922,0,,HU,24.5N,86.9W,150,897,160,140,100,160,90,80,60,90,60,60,40,50
AL,RITA,2005,18,36,20050922,300,I,HU,24.7N,87.3W,155,895,,,,,,,,,,,,
AL,RITA,2005,18,36,20050922,600,,HU,24.8N,87.6W,155,897,160,140,100,160,100,80,60,90,60,60,40,50
AL,RITA,2005,18,36,20050922,1200,,HU,25.2N,88.3W,140,908,160,140,100,160,100,80,60,90,75,75,40,75
AL,RITA,2005,18,36,20050922,1800,,HU,25.6N,89.1W,125,913,180,140,100,140,120,90,50,80,70,60,40,50
AL,RITA,2005,18,36,20050923,0,,HU,26.0N,89.9W,120,915,180,150,100,140,120,100,50,80,70,60,40,50
AL,RITA,2005,18,36,20050923,600,,HU,26.5N,90.7W,115,924,180,150,120,140,120,100,80,100,75,60,40,50
AL,RITA,2005,18,36,20050923,1200,,HU,27.1N,91.5W,115,927,180,150,120,160,120,100,80,120,75,60,40,60
AL,RITA,2005,18,36,20050923,1800,,HU,27.8N,92.3W,110,930,180,150,120,160,120,100,80,120,75,60,40,60
AL,RITA,2005,18,36,20050924,0,,HU,28.6N,93.0W,105,931,180,160,120,120,120,100,80,90,75,60,40,60
AL,RITA,2005,18,36,20050924,600,,HU,29.4N,93.6W,100,935,180,160,120,120,120,100,80,90,75,60,40,60
AL,RITA,2005,18,36,20050924,740,L,HU,29.7N,93.7W,100,937,,,,,,,,,,,,
AL,RITA,2005,18,36,20050924,1200,,HU,30.5N,94.1W,65,949,60,160,120,50,45,45,45,45,30,30,30,30
AL,RITA,2005,18,36,20050924,1800,,TS,31.6N,94.1W,45,974,50,120,120,50,0,0,0,0,0,0,0,0
AL,RITA,2005,18,36,20050925,0,,TS,32.7N,94.0W,35,982,50,50,30,50,0,0,0,0,0,0,0,0
AL,RITA,2005,18,36,20050925,600,,TD,33.7N,93.6W,30,989,0,0,0,0,0,0,0,0,0,0,0,0
AL,RITA,2005,18,36,20050925,1200,,TD,34.7N,92.5W,25,995,0,0,0,0,0,0,0,0,0,0,0,0
AL,RITA,2005,18,36,20050925,1800,,TD,35.8N,91.4W,25,1000,0,0,0,0,0,0,0,0,0,0,0,0
AL,RITA,2005,18,36,20050926,0,,TD,37.0N,90.1W,20,1003,0,0,0,0,0,0,0,0,0,0,0,0
AL,RITA,2005,18,36,20050926,600,,LO,39.5N,88.0W,20,1006,0,0,0,0,0,0,0,0,0,0,0,0
AL,NINETEEN,2005,19,9,20050930,1200,,TD,11.8N,32.7W,25,1009,0,0,0,0,0,0,0,0,0,0,0,0
AL,NINETEEN,2005,19,9,20050930,1800,,TD,12.2N,33.0W,30,1007,0,0,0,0,0,0,0,0,0,0,0,0
AL,NINETEEN,2005,19,9,20051001,0,,TD,12.7N,33.3W,30,1006,0,0,0,0,0,0,0,0,0,0,0,0
AL,NINETEEN,2005,19,9,20051001,600,,TD,13.3N,33.5W,30,1008,0,0,0,0,0,0,0,0,0,0,0,0
AL,NINETEEN,2005,19,9,20051001,1200,,TD,13.8N,33.7W,30,1008,0,0,0,0,0,0,0,0,0,0,0,0
AL,NINETEEN,2005,19,9,20051001,1800,,TD,14.4N,33.9W,30,1008,0,0,0,0,0,0,0,0,0,0,0,0
AL,NINETEEN,2005,19,9,20051002,0,,TD,15.0N,33.8W,30,1008,0,0,0,0,0,0,0,0,0,0,0,0
AL,NINETEEN,2005,19,9,20051002,600,,TD,15.7N,34.3W,25,1008,0,0,0,0,0,0,0,0,0,0,0,0
AL,NINETEEN,2005,19,9,20051002,1200,,TD,16.6N,35.3W,25,1009,0,0,0,0,0,0,0,0,0,0,0,0
AL,STAN,2005,20,17,20051001,1200,,TD,18.9N,85.6W,25,1007,0,0,0,0,0,0,0,0,0,0,0,0
AL,STAN,2005,20,17,20051001,1800,,TD,19.1N,86.2W,30,1005,0,0,0,0,0,0,0,0,0,0,0,0
AL,STAN,2005,20,17,20051002,0,,TD,19.3N,86.7W,30,1004,0,0,0,0,0,0,0,0,0,0,0,0
AL,STAN,2005,20,17,20051002,600,,TS,19.5N,87.2W,40,1003,60,90,0,0,0,0,0,0,0,0,0,0
AL,STAN,2005,20,17,20051002,1000,L,TS,19.6N,87.5W,35,1003,,,,,,,,,,,,
AL,STAN,2005,20,17,20051002,1200,,TS,19.8N,87.9W,35,1003,105,105,0,0,0,0,0,0,0,0,0,0
AL,STAN,2005,20,17,20051002,1800,,TS,20.3N,88.8W,35,1004,105,0,0,0,0,0,0,0,0,0,0,0
AL,STAN,2005,20,17,20051003,0,,TD,20.5N,89.8W,30,1003,0,0,0,0,0,0,0,0,0,0,0,0
AL,STAN,2005,20,17,20051003,600,,TS,20.5N,91.0W,35,1003,100,0,0,0,0,0,0,0,0,0,0,0
AL,STAN,2005,20,17,20051003,1200,,TS,20.3N,91.7W,40,1000,100,45,0,30,0,0,0,0,0,0,0,0
AL,STAN,2005,20,17,20051003,1800,,TS,20.1N,92.2W,50,997,75,45,0,75,30,30,0,0,0,0,0,0
AL,STAN,2005,20,17,20051004,0,,TS,19.8N,93.2W,55,990,75,45,0,75,30,30,0,0,0,0,0,0
AL,STAN,2005,20,17,20051004,600,,HU,19.2N,94.1W,65,987,90,75,75,75,45,30,30,30,15,0,15,15
AL,STAN,2005,20,17,20051004,1200,L,HU,18.6N,94.9W,70,977,90,75,75,75,45,30,30,30,15,15,15,15
AL,STAN,2005,20,17,20051004,1800,,TS,17.9N,95.6W,45,988,45,45,45,45,0,0,0,0,0,0,0,0
AL,STAN,2005,20,17,20051005,0,,TD,17.2N,96.4W,30,1000,0,0,0,0,0,0,0,0,0,0,0,0
AL,STAN,2005,20,17,20051005,600,,TD,16.9N,97.0W,25,1004,0,0,0,0,0,0,0,0,0,0,0,0
AL,UNNAMED,2005,21,7,20051004,0,,LO,33.8N,31.8W,30,1012,0,0,0,0,0,0,0,0,0,0,0,0
AL,UNNAMED,2005,21,7,20051004,600,,SD,34.8N,30.2W,30,1009,0,0,0,0,0,0,0,0,0,0,0,0
AL,UNNAMED,2005,21,7,20051004,1200,,SS,35.9N,28.5W,35,1004,75,75,0,0,0,0,0,0,0,0,0,0
AL,UNNAMED,2005,21,7,20051004,1800,,SS,37.1N,26.7W,45,997,90,90,0,0,0,0,0,0,0,0,0,0
AL,UNNAMED,2005,21,7,20051005,0,,SS,38.8N,25.0W,45,997,90,90,0,0,0,0,0,0,0,0,0,0
AL,UNNAMED,2005,21,7,20051005,600,,EX,41.0N,23.3W,40,1000,90,90,0,0,0,0,0,0,0,0,0,0
AL,UNNAMED,2005,21,7,20051005,1200,,EX,43.6N,23.0W,40,1002,90,90,0,0,0,0,0,0,0,0,0,0
AL,TAMMY,2005,22,9,20051005,600,,TS,27.3N,79.7W,35,1006,140,100,0,0,0,0,0,0,0,0,0,0
AL,TAMMY,2005,22,9,20051005,1200,,TS,28.3N,80.2W,40,1004,180,150,0,100,0,0,0,0,0,0,0,0
AL,TAMMY,2005,22,9,20051005,1800,,TS,29.5N,80.9W,45,1001,230,190,0,75,0,0,0,0,0,0,0,0
AL,TAMMY,2005,22,9,20051005,2300,L,TS,30.4N,81.4W,45,1002,,,,,,,,,,,,
AL,TAMMY,2005,22,9,20051006,0,,TS,30.5N,81.6W,45,1002,230,0,0,0,0,0,0,0,0,0,0,0
AL,TAMMY,2005,22,9,20051006,600,,TS,31.3N,82.8W,35,1005,230,0,0,0,0,0,0,0,0,0,0,0
AL,TAMMY,2005,22,9,20051006,1200,,TD,31.8N,84.6W,25,1005,0,0,0,0,0,0,0,0,0,0,0,0
AL,TAMMY,2005,22,9,20051006,1800,,TD,31.2N,85.8W,15,1006,0,0,0,0,0,0,0,0,0,0,0,0
AL,TAMMY,2005,22,9,20051007,0,,LO,30.3N,85.6W,10,1005,0,0,0,0,0,0,0,0,0,0,0,0
AL,TWENTY-TWO,2005,23,27,20051008,600,,SD,26.1N,57.4W,30,1009,0,0,0,0,0,0,0,0,0,0,0,0
AL,TWENTY-TWO,2005,23,27,20051008,1200,,SD,27.7N,58.5W,30,1008,0,0,0,0,0,0,0,0,0,0,0,0
AL,TWENTY-TWO,2005,23,27,20051008,1800,,SD,28.8N,60.1W,30,1009,0,0,0,0,0,0,0,0,0,0,0,0
AL,TWENTY-TWO,2005,23,27,20051009,0,,SD,29.3N,62.0W,25,1009,0,0,0,0,0,0,0,0,0,0,0,0
AL,TWENTY-TWO,2005,23,27,20051009,600,,SD,29.3N,63.3W,25,1009,0,0,0,0,0,0,0,0,0,0,0,0
AL,TWENTY-TWO,2005,23,27,20051009,1200,,SD,29.5N,64.5W,25,1009,0,0,0,0,0,0,0,0,0,0,0,0
AL,TWENTY-TWO,2005,23,27,20051009,1800,,SD,30.0N,65.2W,25,1009,0,0,0,0,0,0,0,0,0,0,0,0
AL,TWENTY-TWO,2005,23,27,20051010,0,,SD,30.7N,66.0W,25,1009,0,0,0,0,0,0,0,0,0,0,0,0
AL,TWENTY-TWO,2005,23,27,20051010,600,,LO,31.6N,67.5W,25,1009,0,0,0,0,0,0,0,0,0,0,0,0
AL,TWENTY-TWO,2005,23,27,20051010,1200,,LO,32.5N,68.9W,30,1009,0,0,0,0,0,0,0,0,0,0,0,0
AL,TWENTY-TWO,2005,23,27,20051010,1800,,LO,33.5N,70.0W,30,1008,0,0,0,0,0,0,0,0,0,0,0,0
AL,TWENTY-TWO,2005,23,27,20051011,0,,LO,34.3N,71.0W,30,1008,0,0,0,0,0,0,0,0,0,0,0,0
AL,TWENTY-TWO,2005,23,27,20051011,600,,LO,35.5N,71.7W,30,1008,0,0,0,0,0,0,0,0,0,0,0,0
AL,TWENTY-TWO,2005,23,27,20051011,1200,,EX,36.7N,71.8W,30,1008,0,0,0,0,0,0,0,0,0,0,0,0
AL,TWENTY-TWO,2005,23,27,20051011,1800,,EX,37.8N,71.7W,30,1008,0,0,0,0,0,0,0,0,0,0,0,0
AL,TWENTY-TWO,2005,23,27,20051012,0,,EX,38.5N,71.9W,30,1009,0,0,0,0,0,0,0,0,0,0,0,0
AL,TWENTY-TWO,2005,23,27,20051012,600,,EX,38.8N,72.4W,30,1010,0,0,0,0,0,0,0,0,0,0,0,0
AL,TWENTY-TWO,2005,23,27,20051012,1200,,EX,38.9N,73.0W,35,1011,180,0,0,0,0,0,0,0,0,0,0,0
AL,TWENTY-TWO,2005,23,27,20051012,1800,,EX,38.7N,73.5W,40,1011,180,0,0,0,0,0,0,0,0,0,0,0
AL,TWENTY-TWO,2005,23,27,20051013,0,,EX,38.3N,73.5W,40,1010,180,0,0,0,0,0,0,0,0,0,0,0
AL,TWENTY-TWO,2005,23,27,20051013,600,,EX,37.7N,73.5W,40,1010,180,0,0,0,0,0,0,0,0,0,0,0
AL,TWENTY-TWO,2005,23,27,20051013,1200,,EX,37.2N,73.0W,40,1008,180,0,0,0,0,0,0,0,0,0,0,0
AL,TWENTY-TWO,2005,23,27,20051013,1800,,EX,37.8N,73.0W,40,1006,180,0,0,0,0,0,0,0,0,0,0,0
AL,TWENTY-TWO,2005,23,27,20051014,0,,EX,38.0N,73.4W,40,1006,180,0,0,0,0,0,0,0,0,0,0,0
AL,TWENTY-TWO,2005,23,27,20051014,600,,EX,37.6N,73.8W,40,1005,180,0,0,0,0,0,0,0,0,0,0,0
AL,TWENTY-TWO,2005,23,27,20051014,1200,,EX,38.6N,73.8W,35,1005,180,0,0,0,0,0,0,0,0,0,0,0
AL,TWENTY-TWO,2005,23,27,20051014,1800,,EX,39.6N,73.8W,30,1005,0,0,0,0,0,0,0,0,0,0,0,0
AL,VINCE,2005,24,15,20051008,600,,SS,32.9N,20.6W,40,1001,60,60,60,70,0,0,0,0,0,0,0,0
AL,VINCE,2005,24,15,20051008,1200,,SS,33.0N,20.3W,45,1000,60,60,50,60,0,0,0,0,0,0,0,0
AL,VINCE,2005,24,15,20051008,1800,,SS,33.1N,20.1W,45,1000,60,60,40,50,0,0,0,0,0,0,0,0
AL,VINCE,2005,24,15,20051009,0,,SS,33.2N,20.0W,45,999,60,60,40,50,0,0,0,0,0,0,0,0
AL,VINCE,2005,24,15,20051009,600,,SS,33.4N,19.6W,50,998,50,50,50,50,20,20,20,0,0,0,0,0
AL,VINCE,2005,24,15,20051009,1200,,TS,33.8N,19.3W,55,995,60,60,60,60,20,20,20,20,0,0,0,0
AL,VINCE,2005,24,15,20051009,1800,,HU,34.1N,18.9W,65,988,70,70,70,70,30,30,30,30,15,15,15,15
AL,VINCE,2005,24,15,20051010,0,,TS,34.3N,18.3W,60,990,60,70,60,50,30,30,30,20,0,0,0,0
AL,VINCE,2005,24,15,20051010,600,,TS,34.5N,17.2W,50,992,50,60,50,20,0,40,0,0,0,0,0,0
AL,VINCE,2005,24,15,20051010,1200,,TS,34.7N,15.3W,45,995,50,60,50,20,0,0,0,0,0,0,0,0
AL,VINCE,2005,24,15,20051010,1800,,TS,35.4N,12.8W,35,998,50,60,50,0,0,0,0,0,0,0,0,0
AL,VINCE,2005,24,15,20051011,0,,TD,36.1N,10.5W,30,1000,0,0,0,0,0,0,0,0,0,0,0,0
AL,VINCE,2005,24,15,20051011,600,,TD,36.7N,8.3W,30,1002,0,0,0,0,0,0,0,0,0,0,0,0
AL,VINCE,2005,24,15,20051011,900,L,TD,37.2N,7.1W,30,1002,0,0,0,0,0,0,0,0,0,0,0,0
AL,VINCE,2005,24,15,20051011,1200,,TD,37.7N,6.0W,30,1003,0,0,0,0,0,0,0,0,0,0,0,0
AL,WILMA,2005,25,48,20051015,1800,,TD,17.6N,78.5W,25,1004,0,0,0,0,0,0,0,0,0,0,0,0
AL,WILMA,2005,25,48,20051016,0,,TD,17.6N,78.8W,25,1004,0,0,0,0,0,0,0,0,0,0,0,0
AL,WILMA,2005,25,48,20051016,600,,TD,17.5N,79.0W,30,1003,0,0,0,0,0,0,0,0,0,0,0,0
AL,WILMA,2005,25,48,20051016,1200,,TD,17.5N,79.2W,30,1003,0,0,0,0,0,0,0,0,0,0,0,0
AL,WILMA,2005,25,48,20051016,1800,,TD,17.5N,79.4W,30,1002,0,0,0,0,0,0,0,0,0,0,0,0
AL,WILMA,2005,25,48,20051017,0,,TD,17.4N,79.6W,30,1001,0,0,0,0,0,0,0,0,0,0,0,0
AL,WILMA,2005,25,48,20051017,600,,TS,16.9N,79.6W,35,1000,0,0,40,0,0,0,0,0,0,0,0,0
AL,WILMA,2005,25,48,20051017,1200,,TS,16.3N,79.7W,40,999,0,60,40,0,0,0,0,0,0,0,0,0
AL,WILMA,2005,25,48,20051017,1800,,TS,16.0N,79.8W,45,997,30,60,60,30,0,0,0,0,0,0,0,0
AL,WILMA,2005,25,48,20051018,0,,TS,15.8N,79.9W,55,988,60,60,60,60,20,20,20,20,0,0,0,0
AL,WILMA,2005,25,48,20051018,600,,TS,15.7N,79.9W,60,982,60,60,50,60,20,20,20,20,0,0,0,0
AL,WILMA,2005,25,48,20051018,1200,,HU,16.2N,80.3W,65,979,105,75,50,105,30,20,20,30,15,15,0,15
AL,WILMA,2005,25,48,20051018,1800,,HU,16.6N,81.1W,75,975,120,75,60,120,50,30,30,50,15,15,15,15
AL,WILMA,2005,25,48,20051019,0,,HU,16.6N,81.8W,130,946,135,90,90,135,60,30,30,60,15,15,15,15
AL,WILMA,2005,25,48,20051019,600,,HU,17.0N,82.2W,150,892,140,90,90,140,60,30,30,60,30,15,15,30
AL,WILMA,2005,25,48,20051019,1200,,HU,17.3N,82.8W,160,882,170,125,90,140,70,45,45,70,45,20,20,45
AL,WILMA,2005,25,48,20051019,1800,,HU,17.4N,83.4W,140,892,200,200,100,150,75,60,60,75,50,40,40,50
AL,WILMA,2005,25,48,20051020,0,,HU,17.9N,84.0W,135,892,200,200,110,150,75,75,60,75,60,40,40,60
AL,WILMA,2005,25,48,20051020,600,,HU,18.1N,84.7W,130,901,200,200,110,150,75,75,60,75,60,40,40,60
AL,WILMA,2005,25,48,20051020,1200,,HU,18.3N,85.2W,130,910,200,150,110,175,110,85,60,110,75,75,45,75
AL,WILMA,2005,25,48,20051020,1800,,HU,18.6N,85.5W,130,917,175,150,120,175,110,90,75,110,75,75,60,75
AL,WILMA,2005,25,48,20051021,0,,HU,19.1N,85.8W,130,924,175,150,120,175,110,90,75,110,75,75,60,75
AL,WILMA,2005,25,48,20051021,600,,HU,19.5N,86.1W,130,930,175,150,120,175,110,90,75,110,75,75,60,75
AL,WILMA,2005,25,48,20051021,1200,,HU,20.1N,86.4W,125,929,175,175,120,150,100,90,75,100,75,75,60,75
AL,WILMA,2005,25,48,20051021,1800,,HU,20.3N,86.7W,120,926,175,175,120,150,100,100,75,100,75,75,60,75
AL,WILMA,2005,25,48,20051021,2145,L,HU,20.6N,86.8W,130,927,,,,,,,,,,,,
AL,WILMA,2005,25,48,20051022,0,,HU,20.6N,86.8W,120,930,175,175,120,150,100,100,75,100,75,75,60,75
AL,WILMA,2005,25,48,20051022,330,L,HU,20.8N,86.9W,115,933,,,,,,,,,,,,
AL,WILMA,2005,25,48,20051022,600,,HU,20.8N,87.0W,110,935,175,175,120,150,100,100,75,100,75,75,60,75
AL,WILMA,2005,25,48,20051022,1200,,HU,21.0N,87.1W,100,947,175,175,120,150,100,100,75,100,75,75,60,75
AL,WILMA,2005,25,48,20051022,1800,,HU,21.3N,87.1W,85,958,175,175,120,150,100,100,75,100,75,75,50,75
AL,WILMA,2005,25,48,20051023,0,,HU,21.6N,87.0W,85,960,175,175,120,150,100,100,75,90,60,60,50,60
AL,WILMA,2005,25,48,20051023,600,,HU,21.8N,86.8W,85,962,175,175,125,175,100,100,75,90,60,60,40,40
AL,WILMA,2005,25,48,20051023,1200,,HU,22.4N,86.1W,85,961,200,200,125,175,100,100,75,90,60,60,40,40
AL,WILMA,2005,25,48,20051023,1800,,HU,23.1N,85.4W,90,963,200,200,150,150,125,125,90,90,65,75,50,50
AL,WILMA,2005,25,48,20051024,0,,HU,24.0N,84.3W,95,958,200,200,150,150,125,125,90,90,65,75,50,50
AL,WILMA,2005,25,48,20051024,600,,HU,25.0N,83.1W,110,953,200,200,175,150,125,125,100,90,75,80,75,50
AL,WILMA,2005,25,48,20051024,1030,L,HU,25.9N,81.7W,105,950,,,,,,,,,,,,
AL,WILMA,2005,25,48,20051024,1200,,HU,26.2N,81.0W,95,950,200,225,200,150,125,150,100,90,75,90,75,40
AL,WILMA,2005,25,48,20051024,1800,,HU,28.0N,78.8W,105,955,200,225,200,150,125,150,100,90,75,90,75,40
AL,WILMA,2005,25,48,20051025,0,,HU,30.1N,76.0W,110,955,200,225,250,150,125,150,100,90,75,90,75,40
AL,WILMA,2005,25,48,20051025,600,,HU,33.3N,72.0W,100,963,200,275,375,150,125,150,100,75,75,90,60,40
AL,WILMA,2005,25,48,20051025,1200,,HU,36.8N,67.9W,90,970,200,300,375,175,125,150,100,75,75,90,60,40
AL,WILMA,2005,25,48,20051025,1800,,HU,40.5N,63.5W,75,976,200,300,375,175,125,150,100,75,60,75,45,45
AL,WILMA,2005,25,48,20051026,0,,EX,42.5N,60.0W,60,978,200,300,375,175,125,150,100,75,0,0,0,0
AL,WILMA,2005,25,48,20051026,600,,EX,44.0N,57.5W,55,982,200,300,375,175,125,150,100,75,0,0,0,0
AL,WILMA,2005,25,48,20051026,1200,,EX,45.0N,55.0W,50,986,200,300,375,175,125,150,100,75,0,0,0,0
AL,WILMA,2005,25,48,20051026,1800,,EX,45.5N,52.0W,40,990,200,300,375,175,0,0,0,0,0,0,0,0
AL,ALPHA,2005,26,11,20051022,1200,,TD,15.8N,67.5W,30,1007,0,0,0,0,0,0,0,0,0,0,0,0
AL,ALPHA,2005,26,11,20051022,1800,,TS,16.5N,68.5W,35,1005,40,0,0,40,0,0,0,0,0,0,0,0
AL,ALPHA,2005,26,11,20051023,0,,TS,17.3N,69.6W,45,1000,45,20,20,45,0,0,0,0,0,0,0,0
AL,ALPHA,2005,26,11,20051023,600,,TS,17.8N,70.5W,45,998,40,20,0,20,0,0,0,0,0,0,0,0
AL,ALPHA,2005,26,11,20051023,1000,L,TS,18.3N,71.3W,45,1000,,,,,,,,,,,,
AL,ALPHA,2005,26,11,20051023,1200,,TS,18.6N,72.2W,35,1002,30,20,0,0,0,0,0,0,0,0,0,0
AL,ALPHA,2005,26,11,20051023,1800,,TD,19.8N,72.7W,30,1004,0,0,0,0,0,0,0,0,0,0,0,0
AL,ALPHA,2005,26,11,20051024,0,,TD,21.6N,72.9W,30,1004,0,0,0,0,0,0,0,0,0,0,0,0
AL,ALPHA,2005,26,11,20051024,600,,TD,23.5N,73.0W,30,1004,0,0,0,0,0,0,0,0,0,0,0,0
AL,ALPHA,2005,26,11,20051024,1200,,TD,25.1N,72.4W,30,1004,0,0,0,0,0,0,0,0,0,0,0,0
AL,ALPHA,2005,26,11,20051024,1800,,TD,27.9N,70.8W,30,1004,0,0,0,0,0,0,0,0,0,0,0,0
AL,BETA,2005,27,18,20051026,1800,,TD,10.4N,80.9W,30,1007,0,0,0,0,0,0,0,0,0,0,0,0
AL,BETA,2005,27,18,20051027,0,,TD,10.7N,81.1W,30,1007,0,0,0,0,0,0,0,0,0,0,0,0
AL,BETA,2005,27,18,20051027,600,,TS,11.0N,81.3W,35,1005,30,30,20,20,0,0,0,0,0,0,0,0
AL,BETA,2005,27,18,20051027,1200,,TS,11.3N,81.3W,45,1000,35,35,35,25,0,0,0,0,0,0,0,0
AL,BETA,2005,27,18,20051027,1800,,TS,11.6N,81.3W,50,997,35,35,35,25,15,15,15,10,0,0,0,0
AL,BETA,2005,27,18,20051028,0,,TS,11.9N,81.2W,50,995,35,35,35,25,15,15,15,10,0,0,0,0
AL,BETA,2005,27,18,20051028,600,,TS,12.3N,81.1W,50,994,35,35,35,25,10,15,15,10,0,0,0,0
AL,BETA,2005,27,18,20051028,1200,,TS,12.8N,81.0W,50,993,35,35,35,25,10,15,15,10,0,0,0,0
AL,BETA,2005,27,18,20051028,1800,,TS,13.2N,81.1W,50,991,35,35,35,35,15,15,15,15,0,0,0,0
AL,BETA,2005,27,18,20051029,0,,TS,13.4N,81.2W,60,988,40,40,40,40,20,20,20,20,0,0,0,0
AL,BETA,2005,27,18,20051029,600,,HU,13.6N,81.4W,70,985,45,45,45,45,25,25,25,25,15,15,15,15
AL,BETA,2005,27,18,20051029,1200,,HU,13.7N,81.6W,75,982,50,50,50,50,25,25,25,25,15,15,15,15
AL,BETA,2005,27,18,20051029,1800,,HU,13.7N,82.1W,75,980,50,50,50,50,25,25,25,25,15,15,15,15
AL,BETA,2005,27,18,20051030,0,,HU,13.6N,82.6W,90,970,50,50,50,50,25,25,25,25,15,15,15,15
AL,BETA,2005,27,18,20051030,600,,HU,13.3N,83.1W,100,962,50,50,50,50,25,25,25,25,15,15,15,15
AL,BETA,2005,27,18,20051030,1200,L,HU,12.9N,83.5W,90,970,50,50,50,50,25,25,25,25,15,15,15,15
AL,BETA,2005,27,18,20051030,1800,,TS,12.7N,84.1W,55,990,60,60,50,50,30,30,20,20,0,0,0,0
AL,BETA,2005,27,18,20051031,0,,TD,12.7N,84.9W,20,1000,0,0,0,0,0,0,0,0,0,0,0,0
AL,GAMMA,2005,28,33,20051114,0,,TD,13.2N,62.1W,30,1007,0,0,0,0,0,0,0,0,0,0,0,0
AL,GAMMA,2005,28,33,20051114,600,,TD,13.6N,62.8W,30,1006,0,0,0,0,0,0,0,0,0,0,0,0
AL,GAMMA,2005,28,33,20051114,1200,,TD,13.8N,63.4W,30,1006,0,0,0,0,0,0,0,0,0,0,0,0
AL,GAMMA,2005,28,33,20051114,1800,,TD,14.1N,64.2W,30,1005,0,0,0,0,0,0,0,0,0,0,0,0
AL,GAMMA,2005,28,33,20051115,0,,TD,14.2N,65.0W,30,1004,0,0,0,0,0,0,0,0,0,0,0,0
AL,GAMMA,2005,28,33,20051115,600,,TS,14.3N,66.0W,35,1004,40,0,0,0,0,0,0,0,0,0,0,0
AL,GAMMA,2005,28,33,20051115,1200,,TS,14.4N,67.1W,35,1004,40,0,0,0,0,0,0,0,0,0,0,0
AL,GAMMA,2005,28,33,20051115,1800,,TD,14.7N,68.4W,30,1005,0,0,0,0,0,0,0,0,0,0,0,0
AL,GAMMA,2005,28,33,20051116,0,,TD,14.8N,69.9W,30,1006,0,0,0,0,0,0,0,0,0,0,0,0
AL,GAMMA,2005,28,33,20051116,600,,TD,14.8N,71.5W,30,1006,0,0,0,0,0,0,0,0,0,0,0,0
AL,GAMMA,2005,28,33,20051116,1200,,TD,14.7N,73.1W,25,1006,0,0,0,0,0,0,0,0,0,0,0,0
AL,GAMMA,2005,28,33,20051116,1800,,WV,14.8N,75.4W,25,1006,0,0,0,0,0,0,0,0,0,0,0,0
AL,GAMMA,2005,28,33,20051117,0,,WV,15.0N,77.6W,25,1007,0,0,0,0,0,0,0,0,0,0,0,0
AL,GAMMA,2005,28,33,20051117,600,,WV,15.3N,79.7W,25,1008,0,0,0,0,0,0,0,0,0,0,0,0
AL,GAMMA,2005,28,33,20051117,1200,,WV,15.6N,81.7W,30,1007,0,0,0,0,0,0,0,0,0,0,0,0
AL,GAMMA,2005,28,33,20051117,1800,,WV,15.8N,83.1W,30,1007,0,0,0,0,0,0,0,0,0,0,0,0
AL,GAMMA,2005,28,33,20051118,0,,WV,15.8N,84.1W,30,1007,0,0,0,0,0,0,0,0,0,0,0,0
AL,GAMMA,2005,28,33,20051118,600,,WV,15.7N,84.8W,30,1006,0,0,0,0,0,0,0,0,0,0,0,0
AL,GAMMA,2005,28,33,20051118,1200,,WV,15.5N,85.5W,30,1006,0,0,0,0,0,0,0,0,0,0,0,0
AL,GAMMA,2005,28,33,20051118,1800,,TS,15.7N,85.6W,35,1006,75,0,0,75,0,0,0,0,0,0,0,0
AL,GAMMA,2005,28,33,20051119,0,,TS,16.0N,85.6W,40,1005,90,0,0,90,0,0,0,0,0,0,0,0
AL,GAMMA,2005,28,33,20051119,600,,TS,16.1N,85.6W,40,1004,90,0,0,90,0,0,0,0,0,0,0,0
AL,GAMMA,2005,28,33,20051119,1200,,TS,16.1N,85.4W,45,1002,90,0,0,90,0,0,0,0,0,0,0,0
AL,GAMMA,2005,28,33,20051119,1800,,TS,16.2N,85.2W,40,1004,90,0,0,90,0,0,0,0,0,0,0,0
AL,GAMMA,2005,28,33,20051120,0,,TS,16.4N,85.0W,40,1005,90,0,0,90,0,0,0,0,0,0,0,0
AL,GAMMA,2005,28,33,20051120,600,,TS,16.6N,85.0W,35,1006,90,0,0,0,0,0,0,0,0,0,0,0
AL,GAMMA,2005,28,33,20051120,1200,,TD,16.7N,85.2W,30,1007,0,0,0,0,0,0,0,0,0,0,0,0
AL,GAMMA,2005,28,33,20051120,1800,,TD,16.9N,85.5W,30,1007,0,0,0,0,0,0,0,0,0,0,0,0
AL,GAMMA,2005,28,33,20051121,0,,TD,17.1N,85.5W,25,1008,0,0,0,0,0,0,0,0,0,0,0,0
AL,GAMMA,2005,28,33,20051121,600,,LO,17.0N,85.2W,25,1008,0,0,0,0,0,0,0,0,0,0,0,0
AL,GAMMA,2005,28,33,20051121,1200,,LO,16.7N,84.8W,25,1008,0,0,0,0,0,0,0,0,0,0,0,0
AL,GAMMA,2005,28,33,20051121,1800,,LO,16.4N,84.3W,25,1009,0,0,0,0,0,0,0,0,0,0,0,0
AL,GAMMA,2005,28,33,20051122,0,,LO,15.4N,83.5W,25,1009,0,0,0,0,0,0,0,0,0,0,0,0
AL,DELTA,2005,29,42,20051119,1200,,EX,27.0N,48.0W,25,1010,0,0,0,0,0,0,0,0,0,0,0,0
AL,DELTA,2005,29,42,20051119,1800,,EX,26.7N,47.5W,25,1009,0,0,0,0,0,0,0,0,0,0,0,0
AL,DELTA,2005,29,42,20051120,0,,EX,26.7N,46.7W,25,1008,0,0,0,0,0,0,0,0,0,0,0,0
AL,DELTA,2005,29,42,20051120,600,,EX,27.2N,45.9W,25,1008,0,0,0,0,0,0,0,0,0,0,0,0
AL,DELTA,2005,29,42,20051120,1200,,EX,27.7N,44.8W,30,1007,0,0,0,0,0,0,0,0,0,0,0,0
AL,DELTA,2005,29,42,20051120,1800,,EX,28.0N,43.5W,35,1003,75,75,0,0,0,0,0,0,0,0,0,0
AL,DELTA,2005,29,42,20051121,0,,EX,28.3N,42.2W,35,1000,75,75,0,0,0,0,0,0,0,0,0,0
AL,DELTA,2005,29,42,20051121,600,,EX,29.0N,41.1W,35,998,150,100,75,125,0,0,0,0,0,0,0,0
AL,DELTA,2005,29,42,20051121,1200,,EX,29.9N,40.1W,35,996,150,100,75,150,0,0,0,0,0,0,0,0
AL,DELTA,2005,29,42,20051121,1800,,EX,30.9N,39.6W,40,994,150,100,75,150,0,0,0,0,0,0,0,0
AL,DELTA,2005,29,42,20051122,0,,EX,31.5N,40.1W,40,992,150,100,100,150,0,0,0,0,0,0,0,0
AL,DELTA,2005,29,42,20051122,600,,EX,31.4N,39.9W,45,990,150,100,100,175,0,0,0,0,0,0,0,0
AL,DELTA,2005,29,42,20051122,1200,,EX,31.2N,39.8W,45,988,175,125,125,200,0,0,0,0,0,0,0,0
AL,DELTA,2005,29,42,20051122,1800,,SS,30.7N,40.5W,45,986,175,150,150,250,0,0,0,0,0,0,0,0
AL,DELTA,2005,29,42,20051123,0,,SS,29.9N,40.9W,45,984,200,200,200,275,0,0,0,0,0,0,0,0
AL,DELTA,2005,29,42,20051123,600,,SS,28.8N,41.3W,45,983,250,200,225,275,0,0,0,0,0,0,0,0
AL,DELTA,2005,29,42,20051123,1200,,TS,27.4N,41.2W,50,983,250,200,250,275,45,0,0,0,0,0,0,0
AL,DELTA,2005,29,42,20051123,1800,,TS,26.4N,40.8W,50,983,200,175,225,250,50,30,0,50,0,0,0,0
AL,DELTA,2005,29,42,20051124,0,,TS,25.5N,40.2W,55,982,175,150,200,225,50,30,30,50,0,0,0,0
AL,DELTA,2005,29,42,20051124,600,,TS,25.0N,39.6W,55,981,150,150,200,225,50,30,30,50,0,0,0,0
AL,DELTA,2005,29,42,20051124,1200,,TS,24.8N,39.0W,60,980,150,180,175,200,60,60,60,50,0,0,0,0
AL,DELTA,2005,29,42,20051124,1800,,TS,24.6N,38.9W,60,980,150,160,160,180,60,60,60,60,0,0,0,0
AL,DELTA,2005,29,42,20051125,0,,TS,24.1N,39.0W,60,980,140,140,140,160,60,60,60,70,0,0,0,0
AL,DELTA,2005,29,42,20051125,600,,TS,23.8N,39.3W,55,982,125,130,140,150,60,60,45,70,0,0,0,0
AL,DELTA,2005,29,42,20051125,1200,,TS,23.3N,39.6W,55,982,120,120,140,140,50,50,30,50,0,0,0,0
AL,DELTA,2005,29,42,20051125,1800,,TS,22.8N,39.8W,50,985,110,120,130,125,40,50,30,40,0,0,0,0
AL,DELTA,2005,29,42,20051126,0,,TS,22.3N,39.8W,45,989,100,125,125,90,0,0,0,0,0,0,0,0
AL,DELTA,2005,29,42,20051126,600,,TS,21.8N,39.4W,40,993,100,125,125,90,0,0,0,0,0,0,0,0
AL,DELTA,2005,29,42,20051126,1200,,TS,22.0N,38.4W,35,997,100,125,125,90,0,0,0,0,0,0,0,0
AL,DELTA,2005,29,42,20051126,1800,,TS,22.6N,37.3W,35,997,100,125,100,90,0,0,0,0,0,0,0,0
AL,DELTA,2005,29,42,20051127,0,,TS,23.5N,35.8W,35,998,100,100,90,60,0,0,0,0,0,0,0,0
AL,DELTA,2005,29,42,20051127,600,,TS,24.8N,34.0W,45,993,100,100,90,75,0,0,0,0,0,0,0,0
AL,DELTA,2005,29,42,20051127,1200,,TS,26.7N,31.9W,60,982,120,120,90,120,60,60,0,60,0,0,0,0
AL,DELTA,2005,29,42,20051127,1800,,TS,28.3N,29.9W,60,982,120,120,90,120,60,60,0,60,0,0,0,0
AL,DELTA,2005,29,42,20051128,0,,TS,29.1N,27.5W,60,983,120,120,90,120,60,60,0,60,0,0,0,0
AL,DELTA,2005,29,42,20051128,600,,TS,29.9N,24.8W,60,984,125,150,100,125,60,100,75,60,0,0,0,0
AL,DELTA,2005,29,42,20051128,1200,,EX,30.2N,21.6W,60,985,125,165,165,125,60,110,90,65,0,0,0,0
AL,DELTA,2005,29,42,20051128,1800,,EX,30.2N,18.2W,60,986,125,180,210,125,60,120,90,75,0,0,0,0
AL,DELTA,2005,29,42,20051129,0,,EX,30.2N,14.6W,55,988,125,165,150,105,60,90,75,60,0,0,0,0
AL,DELTA,2005,29,42,20051129,600,,EX,30.7N,10.9W,50,992,125,150,100,90,60,75,60,45,0,0,0,0
AL,DELTA,2005,29,42,20051129,1200,,EX,32.6N,6.6W,35,1000,0,150,150,0,0,0,0,0,0,0,0,0
AL,DELTA,2005,29,42,20051129,1800,,EX,35.3N,1.0W,30,1003,0,0,0,0,0,0,0,0,0,0,0,0
AL,EPSILON,2005,30,43,20051129,600,,TS,31.5N,49.2W,45,993,45,0,90,120,0,0,0,0,0,0,0,0
AL,EPSILON,2005,30,43,20051129,1200,,TS,31.6N,50.0W,45,993,45,0,90,120,0,0,0,0,0,0,0,0
AL,EPSILON,2005,30,43,20051129,1800,,TS,31.4N,50.8W,45,993,45,0,90,120,0,0,0,0,0,0,0,0
AL,EPSILON,2005,30,43,20051130,0,,TS,31.4N,51.5W,45,993,45,45,90,120,0,0,0,0,0,0,0,0
AL,EPSILON,2005,30,43,20051130,600,,TS,31.1N,52.5W,50,992,60,45,75,120,0,0,0,30,0,0,0,0
AL,EPSILON,2005,30,43,20051130,1200,,TS,30.8N,53.5W,55,991,60,60,75,90,0,0,0,30,0,0,0,0
AL,EPSILON,2005,30,43,20051130,1800,,TS,30.1N,54.2W,50,991,60,90,60,60,0,0,0,30,0,0,0,0
AL,EPSILON,2005,30,43,20051201,0,,TS,29.7N,53.8W,50,992,60,90,60,60,0,30,30,30,0,0,0,0
AL,EPSILON,2005,30,43,20051201,600,,TS,30.0N,52.7W,50,992,75,75,75,75,0,45,0,0,0,0,0,0
AL,EPSILON,2005,30,43,20051201,1200,,TS,30.8N,51.9W,50,992,75,75,75,75,0,45,0,0,0,0,0,0
AL,EPSILON,2005,30,43,20051201,1800,,TS,31.4N,51.3W,55,991,90,90,90,90,30,40,30,30,0,0,0,0
AL,EPSILON,2005,30,43,20051202,0,,TS,31.9N,50.6W,55,991,90,90,90,90,30,30,30,30,0,0,0,0
AL,EPSILON,2005,30,43,20051202,600,,TS,32.5N,49.8W,55,990,90,75,75,90,30,30,30,30,0,0,0,0
AL,EPSILON,2005,30,43,20051202,1200,,TS,33.2N,48.9W,60,989,90,75,75,90,30,30,30,30,0,0,0,0
AL,EPSILON,2005,30,43,20051202,1800,,HU,33.9N,47.9W,65,987,90,90,90,90,30,30,30,30,15,15,15,15
AL,EPSILON,2005,30,43,20051203,0,,HU,34.3N,47.1W,65,987,100,100,100,100,40,40,40,40,15,15,15,15
AL,EPSILON,2005,30,43,20051203,600,,HU,34.5N,46.2W,65,987,100,100,100,100,40,40,40,40,15,15,15,15
AL,EPSILON,2005,30,43,20051203,1200,,HU,34.5N,45.0W,65,987,100,100,100,100,40,40,40,40,15,15,15,15
AL,EPSILON,2005,30,43,20051203,1800,,HU,34.5N,43.7W,65,987,100,100,100,100,40,40,40,40,20,20,20,20
AL,EPSILON,2005,30,43,20051204,0,,HU,34.3N,42.3W,65,987,90,100,100,75,40,45,45,30,0,25,25,0
AL,EPSILON,2005,30,43,20051204,600,,HU,34.4N,41.1W,65,987,75,100,100,75,30,45,45,30,0,20,20,0
AL,EPSILON,2005,30,43,20051204,1200,,HU,34.3N,39.8W,70,984,75,75,100,75,30,30,45,30,0,20,20,0
AL,EPSILON,2005,30,43,20051204,1800,,HU,34.3N,38.8W,70,985,75,75,100,75,30,30,50,30,0,20,20,0
AL,EPSILON,2005,30,43,20051205,0,,HU,34.2N,37.8W,70,985,75,75,100,75,30,30,50,30,0,20,20,0
AL,EPSILON,2005,30,43,20051205,600,,HU,34.0N,36.7W,75,981,75,75,100,75,30,30,50,30,0,20,20,0
AL,EPSILON,2005,30,43,20051205,1200,,HU,33.8N,35.5W,75,981,75,75,100,75,30,30,50,30,0,20,20,0
AL,EPSILON,2005,30,43,20051205,1800,,HU,33.7N,34.6W,70,985,75,75,100,75,30,30,50,30,0,20,20,0
AL,EPSILON,2005,30,43,20051206,0,,HU,33.4N,33.8W,65,986,75,75,100,100,30,30,50,30,0,20,20,0
AL,EPSILON,2005,30,43,20051206,600,,HU,33.1N,33.7W,65,986,90,90,120,100,30,30,40,40,0,20,25,25
AL,EPSILON,2005,30,43,20051206,1200,,HU,32.3N,33.7W,65,987,90,90,130,130,30,30,40,40,0,0,25,25
AL,EPSILON,2005,30,43,20051206,1800,,HU,31.6N,34.2W,65,987,100,80,115,130,40,30,40,50,0,0,25,30
AL,EPSILON,2005,30,43,20051207,0,,HU,30.8N,34.9W,65,987,100,75,100,130,40,30,40,70,0,20,25,35
AL,EPSILON,2005,30,43,20051207,600,,HU,30.1N,36.0W,65,987,100,100,100,130,40,30,40,50,25,20,25,25
AL,EPSILON,2005,30,43,20051207,1200,,HU,29.4N,37.1W,65,987,110,110,110,130,45,35,35,45,25,0,0,25
AL,EPSILON,2005,30,43,20051207,1800,,TS,28.7N,38.1W,60,991,100,100,90,90,45,35,30,30,0,0,0,0
AL,EPSILON,2005,30,43,20051208,0,,TS,28.2N,38.8W,50,997,90,90,75,75,30,30,0,0,0,0,0,0
AL,EPSILON,2005,30,43,20051208,600,,TS,27.4N,39.3W,35,1003,40,60,40,40,0,0,0,0,0,0,0,0
AL,EPSILON,2005,30,43,20051208,1200,,TD,26.5N,40.0W,30,1005,0,0,0,0,0,0,0,0,0,0,0,0
AL,EPSILON,2005,30,43,20051208,1800,,LO,25.9N,40.5W,30,1006,0,0,0,0,0,0,0,0,0,0,0,0
AL,EPSILON,2005,30,43,20051209,0,,LO,25.5N,40.6W,30,1007,0,0,0,0,0,0,0,0,0,0,0,0
AL,EPSILON,2005,30,43,20051209,600,,LO,25.1N,40.4W,25,1008,0,0,0,0,0,0,0,0,0,0,0,0
AL,EPSILON,2005,30,43,20051209,1200,,LO,24.7N,40.1W,25,1009,0,0,0,0,0,0,0,0,0,0,0,0
AL,EPSILON,2005,30,43,20051209,1800,,LO,24.7N,39.2W,25,1009,0,0,0,0,0,0,0,0,0,0,0,0
AL,ZETA,2005,31,36,20051230,0,,TD,23.9N,35.6W,30,1009,0,0,0,0,0,0,0,0,0,0,0,0
AL,ZETA,2005,31,36,20051230,600,,TS,24.2N,36.1W,40,1005,125,125,0,50,0,0,0,0,0,0,0,0
AL,ZETA,2005,31,36,20051230,1200,,TS,24.7N,36.6W,45,1002,140,140,0,75,0,0,0,0,0,0,0,0
AL,ZETA,2005,31,36,20051230,1800,,TS,25.2N,37.0W,45,1000,160,160,0,75,0,0,0,0,0,0,0,0
AL,ZETA,2005,31,36,20051231,0,,TS,25.6N,37.3W,45,1000,175,175,0,75,0,0,0,0,0,0,0,0
AL,ZETA,2005,31,36,20051231,600,,TS,25.7N,37.6W,50,997,150,150,30,75,20,0,0,20,0,0,0,0
AL,ZETA,2005,31,36,20051231,1200,,TS,25.7N,37.9W,50,997,120,120,30,75,20,0,0,20,0,0,0,0
AL,ZETA,2005,31,36,20051231,1800,,TS,25.7N,38.1W,45,1000,120,120,30,75,0,0,0,0,0,0,0,0
AL,ZETA,2005,31,36,20060101,0,,TS,25.6N,38.3W,50,997,120,100,30,75,20,0,0,0,0,0,0,0
AL,ZETA,2005,31,36,20060101,600,,TS,25.4N,38.4W,50,997,120,100,30,75,30,0,0,0,0,0,0,0
AL,ZETA,2005,31,36,20060101,1200,,TS,25.2N,38.5W,50,997,120,100,30,100,60,0,0,60,0,0,0,0
AL,ZETA,2005,31,36,20060101,1800,,TS,25.0N,38.6W,55,994,130,80,30,90,60,0,0,60,0,0,0,0
AL,ZETA,2005,31,36,20060102,0,,TS,24.6N,38.9W,55,994,140,60,25,90,60,0,0,60,0,0,0,0
AL,ZETA,2005,31,36,20060102,600,,TS,24.3N,39.7W,50,997,140,60,20,100,40,0,0,40,0,0,0,0
AL,ZETA,2005,31,36,20060102,1200,,TS,23.8N,40.4W,45,1000,120,60,20,100,0,0,0,0,0,0,0,0
AL,ZETA,2005,31,36,20060102,1800,,TS,23.6N,40.8W,50,997,120,60,20,100,60,0,0,60,0,0,0,0
AL,ZETA,2005,31,36,20060103,0,,TS,23.4N,41.0W,55,994,100,75,25,100,60,0,0,60,0,0,0,0
AL,ZETA,2005,31,36,20060103,600,,TS,23.3N,41.3W,55,994,100,75,25,100,60,0,0,60,0,0,0,0
AL,ZETA,2005,31,36,20060103,1200,,TS,23.2N,41.6W,55,994,100,75,25,100,60,0,0,60,0,0,0,0
AL,ZETA,2005,31,36,20060103,1800,,TS,23.0N,42.1W,55,994,100,75,25,100,60,0,0,60,0,0,0,0
AL,ZETA,2005,31,36,20060104,0,,TS,22.6N,42.4W,55,994,125,75,25,125,60,0,0,60,0,0,0,0
AL,ZETA,2005,31,36,20060104,600,,TS,22.1N,42.9W,50,997,125,75,25,125,60,0,0,60,0,0,0,0
AL,ZETA,2005,31,36,20060104,1200,,TS,21.9N,43.6W,45,1000,125,50,25,125,0,0,0,0,0,0,0,0
AL,ZETA,2005,31,36,20060104,1800,,TS,21.7N,44.6W,40,1002,125,50,25,60,0,0,0,0,0,0,0,0
AL,ZETA,2005,31,36,20060105,0,,TS,21.7N,45.6W,35,1005,100,0,0,0,0,0,0,0,0,0,0,0
AL,ZETA,2005,31,36,20060105,600,,TS,21.9N,46.6W,35,1005,100,60,0,0,0,0,0,0,0,0,0,0
AL,ZETA,2005,31,36,20060105,1200,,TS,22.2N,47.3W,35,1006,100,75,0,0,0,0,0,0,0,0,0,0
AL,ZETA,2005,31,36,20060105,1800,,TS,22.7N,47.9W,35,1007,90,75,0,0,0,0,0,0,0,0,0,0
AL,ZETA,2005,31,36,20060106,0,,TS,23.0N,48.4W,35,1007,75,60,0,0,0,0,0,0,0,0,0,0
AL,ZETA,2005,31,36,20060106,600,,TD,23.1N,49.0W,30,1007,0,0,0,0,0,0,0,0,0,0,0,0
AL,ZETA,2005,31,36,20060106,1200,,TD,23.1N,49.6W,30,1008,0,0,0,0,0,0,0,0,0,0,0,0
AL,ZETA,2005,31,36,20060106,1800,,LO,23.3N,50.2W,25,1009,0,0,0,0,0,0,0,0,0,0,0,0
AL,ZETA,2005,31,36,20060107,0,,LO,23.7N,51.4W,25,1009,0,0,0,0,0,0,0,0,0,0,0,0
AL,ZETA,2005,31,36,20060107,600,,LO,24.2N,52.7W,25,1012,0,0,0,0,0,0,0,0,0,0,0,0
AL,ZETA,2005,31,36,20060107,1200,,LO,24.8N,54.2W,25,1014,0,0,0,0,0,0,0,0,0,0,0,0
AL,ZETA,2005,31,36,20060107,1800,,LO,26.3N,55.7W,25,1016,0,0,0,0,0,0,0,0,0,0,0,0
AL,ALBERTO,2006,1,38,20060610,600,,TD,20.0N,85.0W,25,1004,0,0,0,0,0,0,0,0,0,0,0,0
AL,ALBERTO,2006,1,38,20060610,1200,,TD,21.0N,85.3W,30,1003,0,0,0,0,0,0,0,0,0,0,0,0
AL,ALBERTO,2006,1,38,20060610,1800,,TD,21.9N,85.7W,30,1003,0,0,0,0,0,0,0,0,0,0,0,0
AL,ALBERTO,2006,1,38,20060611,0,,TS,22.5N,86.3W,35,1003,100,75,0,0,0,0,0,0,0,0,0,0
AL,ALBERTO,2006,1,38,20060611,600,,TS,23.1N,87.1W,35,1003,100,75,0,0,0,0,0,0,0,0,0,0
AL,ALBERTO,2006,1,38,20060611,1200,,TS,23.6N,87.8W,40,1002,150,150,0,0,0,0,0,0,0,0,0,0
AL,ALBERTO,2006,1,38,20060611,1800,,TS,24.3N,87.8W,40,1004,200,150,0,0,0,0,0,0,0,0,0,0
AL,ALBERTO,2006,1,38,20060612,0,,TS,25.0N,87.8W,40,1004,200,150,0,0,0,0,0,0,0,0,0,0
AL,ALBERTO,2006,1,38,20060612,600,,TS,25.8N,87.4W,45,1004,200,150,0,0,0,0,0,0,0,0,0,0
AL,ALBERTO,2006,1,38,20060612,1200,,TS,26.8N,86.3W,60,1000,200,150,0,0,125,100,0,0,0,0,0,0
AL,ALBERTO,2006,1,38,20060612,1800,,TS,27.5N,85.4W,60,997,200,150,0,60,125,100,0,30,0,0,0,0
AL,ALBERTO,2006,1,38,20060613,0,,TS,28.0N,85.0W,60,995,140,140,0,60,60,60,0,30,0,0,0,0
AL,ALBERTO,2006,1,38,20060613,600,,TS,28.8N,84.4W,55,995,90,150,30,60,30,50,0,30,0,0,0,0
AL,ALBERTO,2006,1,38,20060613,1200,,TS,29.5N,84.1W,45,996,60,100,60,60,0,0,0,0,0,0,0,0
AL,ALBERTO,2006,1,38,20060613,1630,L,TS,29.9N,83.7W,40,998,,,,,,,,,,,,
AL,ALBERTO,2006,1,38,20060613,1800,,TS,30.3N,83.5W,35,997,150,0,0,0,0,0,0,0,0,0,0,0
AL,ALBERTO,2006,1,38,20060614,0,,TS,31.3N,82.8W,35,1001,130,0,0,0,0,0,0,0,0,0,0,0
AL,ALBERTO,2006,1,38,20060614,600,,TD,32.8N,81.9W,30,1003,0,0,0,0,0,0,0,0,0,0,0,0
AL,ALBERTO,2006,1,38,20060614,1200,,EX,34.3N,80.7W,35,1003,0,100,0,0,0,0,0,0,0,0,0,0
AL,ALBERTO,2006,1,38,20060614,1800,,EX,35.5N,77.5W,35,1002,0,125,100,0,0,0,0,0,0,0,0,0
AL,ALBERTO,2006,1,38,20060615,0,,EX,37.0N,73.0W,45,999,0,200,100,0,0,0,0,0,0,0,0,0
AL,ALBERTO,2006,1,38,20060615,600,,EX,38.8N,69.9W,45,990,150,300,100,60,0,0,0,0,0,0,0,0
AL,ALBERTO,2006,1,38,20060615,1200,,EX,40.9N,66.8W,50,979,150,300,100,60,0,60,60,0,0,0,0,0
AL,ALBERTO,2006,1,38,20060615,1800,,EX,42.6N,64.2W,55,971,200,425,125,90,0,60,60,0,0,0,0,0
AL,ALBERTO,2006,1,38,20060616,0,,EX,44.0N,62.0W,55,969,200,425,125,90,0,60,60,0,0,0,0,0
AL,ALBERTO,2006,1,38,20060616,600,,EX,46.0N,58.5W,50,972,200,425,125,90,0,60,60,0,0,0,0,0
AL,ALBERTO,2006,1,38,20060616,1200,,EX,47.4N,55.0W,45,985,300,300,0,0,0,0,0,0,0,0,0,0
AL,ALBERTO,2006,1,38,20060616,1800,,EX,49.3N,51.5W,40,990,250,250,0,0,0,0,0,0,0,0,0,0
AL,ALBERTO,2006,1,38,20060617,0,,EX,50.8N,45.2W,40,995,250,250,0,0,0,0,0,0,0,0,0,0
AL,ALBERTO,2006,1,38,20060617,600,,EX,51.5N,39.0W,40,995,0,325,0,0,0,0,0,0,0,0,0,0
AL,ALBERTO,2006,1,38,20060617,1200,,EX,53.0N,34.5W,40,995,0,325,0,0,0,0,0,0,0,0,0,0
AL,ALBERTO,2006,1,38,20060617,1800,,EX,54.0N,29.0W,35,995,0,350,0,0,0,0,0,0,0,0,0,0
AL,ALBERTO,2006,1,38,20060618,0,,EX,54.5N,23.0W,30,995,0,0,0,0,0,0,0,0,0,0,0,0
AL,ALBERTO,2006,1,38,20060618,600,,EX,54.5N,16.0W,30,995,0,0,0,0,0,0,0,0,0,0,0,0
AL,ALBERTO,2006,1,38,20060618,1200,,EX,54.5N,12.0W,30,995,0,0,0,0,0,0,0,0,0,0,0,0
AL,ALBERTO,2006,1,38,20060618,1800,,EX,55.0N,9.0W,30,997,0,0,0,0,0,0,0,0,0,0,0,0
AL,ALBERTO,2006,1,38,20060619,0,,EX,56.5N,5.5W,30,999,0,0,0,0,0,0,0,0,0,0,0,0
AL,ALBERTO,2006,1,38,20060619,600,,EX,57.0N,3.0W,30,999,0,0,0,0,0,0,0,0,0,0,0,0
AL,UNNAMED,2006,2,13,20060716,1200,,EX,37.2N,68.7W,30,1009,0,0,0,0,0,0,0,0,0,0,0,0
AL,UNNAMED,2006,2,13,20060716,1800,,EX,37.7N,68.2W,30,1009,0,0,0,0,0,0,0,0,0,0,0,0
AL,UNNAMED,2006,2,13,20060717,0,,EX,38.3N,67.6W,30,1009,0,0,0,0,0,0,0,0,0,0,0,0
AL,UNNAMED,2006,2,13,20060717,600,,TD,39.1N,66.4W,30,1008,0,0,0,0,0,0,0,0,0,0,0,0
AL,UNNAMED,2006,2,13,20060717,1200,,TS,40.0N,65.1W,40,1003,0,60,0,0,0,0,0,0,0,0,0,0
AL,UNNAMED,2006,2,13,20060717,1800,,TS,41.1N,63.7W,45,998,0,60,0,0,0,0,0,0,0,0,0,0
AL,UNNAMED,2006,2,13,20060718,0,,TS,42.4N,62.1W,40,999,0,60,0,0,0,0,0,0,0,0,0,0
AL,UNNAMED,2006,2,13,20060718,600,,TS,43.7N,60.1W,35,1004,0,60,0,0,0,0,0,0,0,0,0,0
AL,UNNAMED,2006,2,13,20060718,1200,,LO,45.5N,58.0W,30,1007,0,0,0,0,0,0,0,0,0,0,0,0
AL,UNNAMED,2006,2,13,20060718,1800,,LO,47.1N,55.8W,25,1009,0,0,0,0,0,0,0,0,0,0,0,0
AL,UNNAMED,2006,2,13,20060719,0,,LO,48.6N,52.9W,25,1012,0,0,0,0,0,0,0,0,0,0,0,0
AL,UNNAMED,2006,2,13,20060719,600,,LO,49.2N,49.4W,25,1012,0,0,0,0,0,0,0,0,0,0,0,0
AL,UNNAMED,2006,2,13,20060719,1200,,LO,49.8N,46.1W,25,1014,0,0,0,0,0,0,0,0,0,0,0,0
AL,BERYL,2006,3,18,20060718,1200,,TD,32.3N,73.3W,30,1010,0,0,0,0,0,0,0,0,0,0,0,0
AL,BERYL,2006,3,18,20060718,1800,,TS,33.0N,73.3W,35,1008,40,40,0,0,0,0,0,0,0,0,0,0
AL,BERYL,2006,3,18,20060719,0,,TS,33.8N,73.5W,35,1006,40,60,0,0,0,0,0,0,0,0,0,0
AL,BERYL,2006,3,18,20060719,600,,TS,34.5N,73.7W,35,1005,60,60,0,0,0,0,0,0,0,0,0,0
AL,BERYL,2006,3,18,20060719,1200,,TS,35.2N,73.6W,40,1004,85,85,35,35,0,0,0,0,0,0,0,0
AL,BERYL,2006,3,18,20060719,1800,,TS,35.9N,73.5W,50,1003,85,85,40,40,15,15,10,10,0,0,0,0
AL,BERYL,2006,3,18,20060720,0,,TS,36.6N,73.2W,50,1002,120,85,50,50,35,35,20,20,0,0,0,0
AL,BERYL,2006,3,18,20060720,600,,TS,37.4N,73.2W,50,1001,120,90,60,50,40,40,20,20,0,0,0,0
AL,BERYL,2006,3,18,20060720,1200,,TS,38.3N,73.0W,50,1002,120,90,60,50,40,40,20,20,0,0,0,0
AL,BERYL,2006,3,18,20060720,1800,,TS,39.1N,72.5W,45,1002,120,90,60,50,0,0,0,0,0,0,0,0
AL,BERYL,2006,3,18,20060721,0,,TS,39.8N,71.8W,45,1003,90,75,50,40,0,0,0,0,0,0,0,0
AL,BERYL,2006,3,18,20060721,600,,TS,41.0N,70.5W,45,1000,75,75,50,0,0,0,0,0,0,0,0,0
AL,BERYL,2006,3,18,20060721,645,L,TS,41.3N,70.1W,45,1000,,,,,,,,,,,,
AL,BERYL,2006,3,18,20060721,1200,,TS,42.4N,68.4W,40,1002,75,100,100,0,0,0,0,0,0,0,0,0
AL,BERYL,2006,3,18,20060721,1800,,EX,43.8N,66.3W,35,1000,100,150,150,0,0,0,0,0,0,0,0,0
AL,BERYL,2006,3,18,20060722,0,,EX,45.5N,63.3W,35,1002,150,200,200,0,0,0,0,0,0,0,0,0
AL,BERYL,2006,3,18,20060722,600,,EX,47.2N,60.0W,35,1003,150,200,200,0,0,0,0,0,0,0,0,0
AL,BERYL,2006,3,18,20060722,1200,,EX,48.5N,56.5W,30,1004,0,0,0,0,0,0,0,0,0,0,0,0
AL,CHRIS,2006,4,23,20060801,0,,TD,16.3N,58.1W,30,1011,0,0,0,0,0,0,0,0,0,0,0,0
AL,CHRIS,2006,4,23,20060801,600,,TS,16.8N,58.9W,35,1009,30,0,0,0,0,0,0,0,0,0,0,0
AL,CHRIS,2006,4,23,20060801,1200,,TS,17.2N,59.8W,40,1006,30,30,0,0,0,0,0,0,0,0,0,0
AL,CHRIS,2006,4,23,20060801,1800,,TS,17.7N,60.6W,50,1004,20,20,20,0,15,15,0,0,0,0,0,0
AL,CHRIS,2006,4,23,20060802,0,,TS,18.1N,61.4W,50,1003,25,35,35,25,15,0,0,0,0,0,0,0
AL,CHRIS,2006,4,23,20060802,600,,TS,18.5N,62.2W,55,1001,65,50,25,35,20,15,0,0,0,0,0,0
AL,CHRIS,2006,4,23,20060802,1200,,TS,19.0N,63.0W,55,1001,65,50,25,35,20,15,0,0,0,0,0,0
AL,CHRIS,2006,4,23,20060802,1800,,TS,19.6N,63.9W,50,1004,70,70,0,0,20,0,0,0,0,0,0,0
AL,CHRIS,2006,4,23,20060803,0,,TS,19.9N,64.8W,50,1007,70,70,0,0,25,25,0,0,0,0,0,0
AL,CHRIS,2006,4,23,20060803,600,,TS,20.2N,65.8W,40,1010,70,70,0,0,0,0,0,0,0,0,0,0
AL,CHRIS,2006,4,23,20060803,1200,,TS,20.4N,66.8W,35,1011,70,0,0,0,0,0,0,0,0,0,0,0
AL,CHRIS,2006,4,23,20060803,1800,,TD,20.6N,67.7W,30,1011,0,0,0,0,0,0,0,0,0,0,0,0
AL,CHRIS,2006,4,23,20060804,0,,TD,20.7N,68.7W,30,1011,0,0,0,0,0,0,0,0,0,0,0,0
AL,CHRIS,2006,4,23,20060804,600,,LO,20.8N,70.2W,25,1011,0,0,0,0,0,0,0,0,0,0,0,0
AL,CHRIS,2006,4,23,20060804,1200,,LO,21.2N,71.1W,25,1011,0,0,0,0,0,0,0,0,0,0,0,0
AL,CHRIS,2006,4,23,20060804,1800,,LO,21.3N,72.2W,25,1012,0,0,0,0,0,0,0,0,0,0,0,0
AL,CHRIS,2006,4,23,20060805,0,,LO,21.5N,73.4W,25,1012,0,0,0,0,0,0,0,0,0,0,0,0
AL,CHRIS,2006,4,23,20060805,600,,LO,21.6N,75.0W,20,1012,0,0,0,0,0,0,0,0,0,0,0,0
AL,CHRIS,2006,4,23,20060805,1200,,LO,21.8N,76.3W,20,1012,0,0,0,0,0,0,0,0,0,0,0,0
AL,CHRIS,2006,4,23,20060805,1800,,LO,22.1N,77.6W,20,1012,0,0,0,0,0,0,0,0,0,0,0,0
AL,CHRIS,2006,4,23,20060806,0,,LO,22.4N,78.9W,20,1012,0,0,0,0,0,0,0,0,0,0,0,0
AL,CHRIS,2006,4,23,20060806,600,,LO,22.8N,80.2W,20,1013,0,0,0,0,0,0,0,0,0,0,0,0
AL,CHRIS,2006,4,23,20060806,1200,,LO,23.2N,81.7W,15,1013,0,0,0,0,0,0,0,0,0,0,0,0
AL,DEBBY,2006,5,26,20060821,1800,,TD,11.6N,21.7W,30,1007,0,0,0,0,0,0,0,0,0,0,0,0
AL,DEBBY,2006,5,26,20060822,0,,TD,12.0N,22.7W,30,1007,0,0,0,0,0,0,0,0,0,0,0,0
AL,DEBBY,2006,5,26,20060822,600,,TD,12.6N,23.9W,30,1007,0,0,0,0,0,0,0,0,0,0,0,0
AL,DEBBY,2006,5,26,20060822,1200,,TD,13.4N,25.3W,30,1007,0,0,0,0,0,0,0,0,0,0,0,0
AL,DEBBY,2006,5,26,20060822,1800,,TD,14.2N,26.7W,30,1005,0,0,0,0,0,0,0,0,0,0,0,0
AL,DEBBY,2006,5,26,20060823,0,,TS,14.9N,28.1W,35,1003,30,30,30,30,0,0,0,0,0,0,0,0
AL,DEBBY,2006,5,26,20060823,600,,TS,15.7N,29.5W,40,1002,45,30,30,40,0,0,0,0,0,0,0,0
AL,DEBBY,2006,5,26,20060823,1200,,TS,16.7N,31.0W,45,1001,50,30,30,40,0,0,0,0,0,0,0,0
AL,DEBBY,2006,5,26,20060823,1800,,TS,17.6N,32.4W,45,1001,50,20,20,40,0,0,0,0,0,0,0,0
AL,DEBBY,2006,5,26,20060824,0,,TS,18.4N,33.9W,45,1000,50,20,20,40,0,0,0,0,0,0,0,0
AL,DEBBY,2006,5,26,20060824,600,,TS,19.2N,35.5W,45,999,50,20,20,40,0,0,0,0,0,0,0,0
AL,DEBBY,2006,5,26,20060824,1200,,TS,20.1N,37.1W,45,1000,50,20,20,40,0,0,0,0,0,0,0,0
AL,DEBBY,2006,5,26,20060824,1800,,TS,20.9N,38.7W,45,1000,50,20,20,40,0,0,0,0,0,0,0,0
AL,DEBBY,2006,5,26,20060825,0,,TS,21.7N,40.2W,45,1000,50,20,20,45,0,0,0,0,0,0,0,0
AL,DEBBY,2006,5,26,20060825,600,,TS,22.6N,41.5W,45,1001,60,0,0,45,0,0,0,0,0,0,0,0
AL,DEBBY,2006,5,26,20060825,1200,,TS,23.6N,42.7W,40,1002,75,0,0,45,0,0,0,0,0,0,0,0
AL,DEBBY,2006,5,26,20060825,1800,,TS,24.4N,44.1W,35,1005,90,0,0,0,0,0,0,0,0,0,0,0
AL,DEBBY,2006,5,26,20060826,0,,TS,24.8N,45.1W,35,1008,90,0,0,0,0,0,0,0,0,0,0,0
AL,DEBBY,2006,5,26,20060826,600,,TD,25.2N,46.1W,30,1009,0,0,0,0,0,0,0,0,0,0,0,0
AL,DEBBY,2006,5,26,20060826,1200,,LO,25.7N,46.9W,25,1010,0,0,0,0,0,0,0,0,0,0,0,0
AL,DEBBY,2006,5,26,20060826,1800,,LO,26.5N,47.5W,25,1011,0,0,0,0,0,0,0,0,0,0,0,0
AL,DEBBY,2006,5,26,20060827,0,,LO,27.3N,48.1W,25,1012,0,0,0,0,0,0,0,0,0,0,0,0
AL,DEBBY,2006,5,26,20060827,600,,LO,28.3N,48.8W,25,1012,0,0,0,0,0,0,0,0,0,0,0,0
AL,DEBBY,2006,5,26,20060827,1200,,LO,29.4N,49.1W,25,1012,0,0,0,0,0,0,0,0,0,0,0,0
AL,DEBBY,2006,5,26,20060827,1800,,LO,30.6N,48.9W,25,1012,0,0,0,0,0,0,0,0,0,0,0,0
AL,DEBBY,2006,5,26,20060828,0,,LO,32.1N,48.3W,25,1012,0,0,0,0,0,0,0,0,0,0,0,0
AL,ERNESTO,2006,6,47,20060824,1800,,TD,12.7N,61.6W,30,1008,0,0,0,0,0,0,0,0,0,0,0,0
AL,ERNESTO,2006,6,47,20060825,0,,TD,13.0N,63.0W,30,1007,0,0,0,0,0,0,0,0,0,0,0,0
AL,ERNESTO,2006,6,47,20060825,600,,TD,13.3N,64.4W,30,1005,0,0,0,0,0,0,0,0,0,0,0,0
AL,ERNESTO,2006,6,47,20060825,1200,,TS,13.7N,65.8W,35,1005,80,0,0,0,0,0,0,0,0,0,0,0
AL,ERNESTO,2006,6,47,20060825,1800,,TS,14.0N,67.1W,35,1004,80,0,0,0,0,0,0,0,0,0,0,0
AL,ERNESTO,2006,6,47,20060826,0,,TS,14.3N,68.3W,40,1002,80,0,0,0,0,0,0,0,0,0,0,0
AL,ERNESTO,2006,6,47,20060826,600,,TS,14.6N,69.5W,45,999,100,0,0,40,0,0,0,0,0,0,0,0
AL,ERNESTO,2006,6,47,20060826,1200,,TS,15.1N,70.4W,50,997,100,0,0,40,20,0,0,0,0,0,0,0
AL,ERNESTO,2006,6,47,20060826,1800,,TS,15.7N,71.2W,55,997,100,50,0,50,20,0,0,0,0,0,0,0
AL,ERNESTO,2006,6,47,20060827,0,,TS,16.3N,72.0W,55,995,80,50,0,50,20,0,0,0,0,0,0,0
AL,ERNESTO,2006,6,47,20060827,600,,HU,16.9N,72.7W,65,992,80,70,20,50,25,20,10,10,10,0,0,0
AL,ERNESTO,2006,6,47,20060827,1200,,TS,17.4N,73.4W,55,997,80,80,20,30,25,20,10,10,0,0,0,0
AL,ERNESTO,2006,6,47,20060827,1800,,TS,17.8N,74.0W,45,1002,80,80,20,0,0,0,0,0,0,0,0,0
AL,ERNESTO,2006,6,47,20060828,0,,TS,18.3N,74.6W,40,1003,60,60,0,0,0,0,0,0,0,0,0,0
AL,ERNESTO,2006,6,47,20060828,600,,TS,19.1N,75.2W,40,1004,60,60,0,0,0,0,0,0,0,0,0,0
AL,ERNESTO,2006,6,47,20060828,1115,L,TS,19.9N,75.5W,35,1005,,,,,,,,,,,,
AL,ERNESTO,2006,6,47,20060828,1200,,TS,20.0N,75.6W,35,1005,75,60,0,30,0,0,0,0,0,0,0,0
AL,ERNESTO,2006,6,47,20060828,1800,,TS,20.8N,76.4W,35,1007,90,60,0,60,0,0,0,0,0,0,0,0
AL,ERNESTO,2006,6,47,20060829,0,,TS,21.6N,77.4W,35,1007,75,30,0,60,0,0,0,0,0,0,0,0
AL,ERNESTO,2006,6,47,20060829,600,,TS,22.4N,78.5W,40,1006,75,0,0,50,0,0,0,0,0,0,0,0
AL,ERNESTO,2006,6,47,20060829,1200,,TS,23.2N,79.3W,40,1006,75,0,0,40,0,0,0,0,0,0,0,0
AL,ERNESTO,2006,6,47,20060829,1800,,TS,23.9N,79.9W,40,1005,90,60,0,40,0,0,0,0,0,0,0,0
AL,ERNESTO,2006,6,47,20060830,0,,TS,24.7N,80.4W,40,1004,90,60,25,25,0,0,0,0,0,0,0,0
AL,ERNESTO,2006,6,47,20060830,300,L,TS,24.9N,80.6W,40,1003,,,,,,,,,,,,
AL,ERNESTO,2006,6,47,20060830,500,L,TS,25.2N,80.7W,40,1003,,,,,,,,,,,,
AL,ERNESTO,2006,6,47,20060830,600,,TS,25.3N,80.8W,40,1003,90,60,25,25,0,0,0,0,0,0,0,0
AL,ERNESTO,2006,6,47,20060830,1200,,TS,26.1N,81.0W,35,1002,60,60,0,0,0,0,0,0,0,0,0,0
AL,ERNESTO,2006,6,47,20060830,1800,,TS,27.0N,80.9W,35,1001,20,20,0,0,0,0,0,0,0,0,0,0
AL,ERNESTO,2006,6,47,20060831,0,,TS,28.1N,80.7W,35,1000,0,50,0,0,0,0,0,0,0,0,0,0
AL,ERNESTO,2006,6,47,20060831,600,,TS,29.4N,80.4W,45,999,0,75,40,0,0,0,0,0,0,0,0,0
AL,ERNESTO,2006,6,47,20060831,1200,,TS,30.6N,79.9W,55,995,50,75,40,0,0,25,20,0,0,0,0,0
AL,ERNESTO,2006,6,47,20060831,1800,,TS,31.9N,79.2W,60,993,100,100,60,25,40,40,40,0,0,0,0,0
AL,ERNESTO,2006,6,47,20060901,0,,TS,33.2N,78.4W,60,988,100,125,60,45,40,50,40,0,0,0,0,0
AL,ERNESTO,2006,6,47,20060901,340,L,TS,33.9N,78.1W,60,985,,,,,,,,,,,,
AL,ERNESTO,2006,6,47,20060901,600,,TS,34.5N,78.0W,50,985,100,100,40,20,25,50,0,0,0,0,0,0
AL,ERNESTO,2006,6,47,20060901,1200,,TD,35.8N,77.6W,30,991,0,0,0,0,0,0,0,0,0,0,0,0
AL,ERNESTO,2006,6,47,20060901,1800,,EX,36.6N,77.2W,40,997,100,0,0,0,0,0,0,0,0,0,0,0
AL,ERNESTO,2006,6,47,20060902,0,,EX,37.1N,77.0W,40,1002,150,0,0,0,0,0,0,0,0,0,0,0
AL,ERNESTO,2006,6,47,20060902,600,,EX,37.6N,76.8W,40,1005,150,0,0,0,0,0,0,0,0,0,0,0
AL,ERNESTO,2006,6,47,20060902,1200,,EX,38.2N,76.7W,40,1007,150,0,0,0,0,0,0,0,0,0,0,0
AL,ERNESTO,2006,6,47,20060902,1800,,EX,38.9N,76.7W,40,1010,150,0,0,0,0,0,0,0,0,0,0,0
AL,ERNESTO,2006,6,47,20060903,0,,EX,39.9N,76.7W,35,1012,150,0,0,0,0,0,0,0,0,0,0,0
AL,ERNESTO,2006,6,47,20060903,600,,EX,41.3N,77.1W,25,1014,0,0,0,0,0,0,0,0,0,0,0,0
AL,ERNESTO,2006,6,47,20060903,1200,,EX,43.1N,77.5W,20,1014,0,0,0,0,0,0,0,0,0,0,0,0
AL,ERNESTO,2006,6,47,20060903,1800,,EX,44.5N,77.0W,20,1015,0,0,0,0,0,0,0,0,0,0,0,0
AL,ERNESTO,2006,6,47,20060904,0,,EX,45.6N,75.8W,20,1015,0,0,0,0,0,0,0,0,0,0,0,0
AL,ERNESTO,2006,6,47,20060904,600,,EX,46.5N,74.4W,20,1014,0,0,0,0,0,0,0,0,0,0,0,0
AL,FLORENCE,2006,7,62,20060903,1800,,TD,14.1N,39.4W,30,1007,0,0,0,0,0,0,0,0,0,0,0,0
AL,FLORENCE,2006,7,62,20060904,0,,TD,14.7N,40.0W,30,1007,0,0,0,0,0,0,0,0,0,0,0,0
AL,FLORENCE,2006,7,62,20060904,600,,TD,15.4N,41.0W,30,1007,0,0,0,0,0,0,0,0,0,0,0,0
AL,FLORENCE,2006,7,62,20060904,1200,,TD,16.0N,42.3W,30,1007,0,0,0,0,0,0,0,0,0,0,0,0
AL,FLORENCE,2006,7,62,20060904,1800,,TD,16.4N,43.5W,30,1007,0,0,0,0,0,0,0,0,0,0,0,0
AL,FLORENCE,2006,7,62,20060905,0,,TD,16.6N,44.8W,30,1007,0,0,0,0,0,0,0,0,0,0,0,0
AL,FLORENCE,2006,7,62,20060905,600,,TS,16.8N,46.1W,35,1007,100,0,0,90,0,0,0,0,0,0,0,0
AL,FLORENCE,2006,7,62,20060905,1200,,TS,17.0N,46.9W,35,1005,100,0,0,90,0,0,0,0,0,0,0,0
AL,FLORENCE,2006,7,62,20060905,1800,,TS,17.3N,47.8W,40,1003,110,0,0,90,0,0,0,0,0,0,0,0
AL,FLORENCE,2006,7,62,20060906,0,,TS,17.6N,48.6W,40,1003,125,0,0,90,0,0,0,0,0,0,0,0
AL,FLORENCE,2006,7,62,20060906,600,,TS,18.1N,49.7W,40,1003,175,50,0,105,0,0,0,0,0,0,0,0
AL,FLORENCE,2006,7,62,20060906,1200,,TS,18.5N,50.6W,45,1003,225,100,0,120,0,0,0,0,0,0,0,0
AL,FLORENCE,2006,7,62,20060906,1800,,TS,19.0N,51.3W,45,1000,250,135,0,150,0,0,0,0,0,0,0,0
AL,FLORENCE,2006,7,62,20060907,0,,TS,19.3N,51.9W,45,1000,280,170,0,180,0,0,0,0,0,0,0,0
AL,FLORENCE,2006,7,62,20060907,600,,TS,19.6N,52.6W,45,1000,315,210,0,215,0,0,0,0,0,0,0,0
AL,FLORENCE,2006,7,62,20060907,1200,,TS,19.9N,53.3W,40,1002,350,250,0,250,0,0,0,0,0,0,0,0
AL,FLORENCE,2006,7,62,20060907,1800,,TS,20.3N,54.3W,40,1002,350,250,0,250,0,0,0,0,0,0,0,0
AL,FLORENCE,2006,7,62,20060908,0,,TS,20.9N,55.7W,40,1002,350,250,0,250,0,0,0,0,0,0,0,0
AL,FLORENCE,2006,7,62,20060908,600,,TS,21.5N,57.1W,40,1002,350,250,0,250,0,0,0,0,0,0,0,0
AL,FLORENCE,2006,7,62,20060908,1200,,TS,21.7N,58.8W,40,1002,350,250,0,250,0,0,0,0,0,0,0,0
AL,FLORENCE,2006,7,62,20060908,1800,,TS,21.9N,60.1W,45,1000,325,250,0,250,0,0,0,0,0,0,0,0
AL,FLORENCE,2006,7,62,20060909,0,,TS,22.7N,61.0W,50,997,300,200,60,250,50,0,0,50,0,0,0,0
AL,FLORENCE,2006,7,62,20060909,600,,TS,23.8N,62.3W,50,993,275,200,75,250,50,0,0,50,0,0,0,0
AL,FLORENCE,2006,7,62,20060909,1200,,TS,24.4N,63.2W,50,992,250,200,90,250,50,0,0,50,0,0,0,0
AL,FLORENCE,2006,7,62,20060909,1800,,TS,25.1N,64.0W,50,991,250,200,90,250,50,0,0,50,0,0,0,0
AL,FLORENCE,2006,7,62,20060910,0,,TS,26.2N,64.6W,60,987,225,160,90,225,50,0,0,50,0,0,0,0
AL,FLORENCE,2006,7,62,20060910,600,,HU,27.1N,65.3W,70,980,225,120,90,225,75,30,30,75,40,0,0,25
AL,FLORENCE,2006,7,62,20060910,1200,,HU,28.1N,65.9W,75,978,225,135,90,225,75,30,30,75,40,0,0,25
AL,FLORENCE,2006,7,62,20060910,1800,,HU,29.3N,66.1W,80,976,225,155,90,225,80,40,30,80,50,25,0,30
AL,FLORENCE,2006,7,62,20060911,0,,HU,30.4N,66.2W,80,975,225,175,90,225,80,60,40,40,50,30,25,30
AL,FLORENCE,2006,7,62,20060911,600,,HU,31.3N,66.2W,70,977,250,175,90,175,80,60,40,40,60,45,25,30
AL,FLORENCE,2006,7,62,20060911,1200,,HU,32.4N,65.7W,75,974,250,175,90,175,80,80,40,40,60,60,30,30
AL,FLORENCE,2006,7,62,20060911,1800,,HU,33.6N,65.0W,75,974,250,205,165,270,100,100,95,80,60,60,30,30
AL,FLORENCE,2006,7,62,20060912,0,,HU,34.9N,64.1W,70,975,250,240,240,360,120,120,150,120,60,60,30,30
AL,FLORENCE,2006,7,62,20060912,600,,HU,36.3N,63.2W,65,976,300,270,240,360,120,120,135,120,60,60,30,30
AL,FLORENCE,2006,7,62,20060912,1200,,HU,37.4N,61.9W,65,976,360,300,240,360,120,120,120,120,60,60,30,30
AL,FLORENCE,2006,7,62,20060912,1800,,HU,38.5N,60.2W,65,977,360,300,240,300,180,180,120,120,90,90,30,30
AL,FLORENCE,2006,7,62,20060913,0,,EX,40.6N,57.9W,70,978,380,300,300,330,180,180,120,180,90,90,30,30
AL,FLORENCE,2006,7,62,20060913,600,,EX,43.1N,56.3W,70,972,400,300,300,300,120,150,125,150,60,75,45,45
AL,FLORENCE,2006,7,62,20060913,1200,,EX,45.5N,55.6W,70,967,420,360,300,300,60,125,125,120,0,60,60,60
AL,FLORENCE,2006,7,62,20060913,1800,,EX,46.4N,54.0W,70,963,420,360,300,300,60,150,125,120,0,75,60,60
AL,FLORENCE,2006,7,62,20060914,0,,EX,47.6N,51.3W,65,965,420,360,300,300,60,180,125,120,0,90,60,60
AL,FLORENCE,2006,7,62,20060914,600,,EX,48.6N,48.3W,60,967,420,360,300,300,60,125,125,60,0,0,0,0
AL,FLORENCE,2006,7,62,20060914,1200,,EX,49.2N,45.2W,55,970,420,360,300,300,60,125,125,60,0,0,0,0
AL,FLORENCE,2006,7,62,20060914,1800,,EX,49.8N,42.6W,50,976,390,360,330,300,60,125,125,60,0,0,0,0
AL,FLORENCE,2006,7,62,20060915,0,,EX,50.0N,39.6W,45,981,360,360,360,300,0,0,0,0,0,0,0,0
AL,FLORENCE,2006,7,62,20060915,600,,EX,49.7N,35.8W,45,982,240,390,390,300,0,0,0,0,0,0,0,0
AL,FLORENCE,2006,7,62,20060915,1200,,EX,49.5N,31.7W,45,984,180,420,420,300,0,0,0,0,0,0,0,0
AL,FLORENCE,2006,7,62,20060915,1800,,EX,49.8N,27.5W,40,986,150,390,390,240,0,0,0,0,0,0,0,0
AL,FLORENCE,2006,7,62,20060916,0,,EX,50.6N,23.9W,40,987,120,360,360,180,0,0,0,0,0,0,0,0
AL,FLORENCE,2006,7,62,20060916,600,,EX,52.5N,21.0W,40,987,0,360,360,180,0,0,0,0,0,0,0,0
AL,FLORENCE,2006,7,62,20060916,1200,,EX,54.6N,20.5W,40,985,0,360,360,180,0,0,0,0,0,0,0,0
AL,FLORENCE,2006,7,62,20060916,1800,,EX,56.6N,20.5W,40,983,0,360,240,180,0,0,0,0,0,0,0,0
AL,FLORENCE,2006,7,62,20060917,0,,EX,58.2N,20.5W,40,980,0,360,240,180,0,0,0,0,0,0,0,0
AL,FLORENCE,2006,7,62,20060917,600,,EX,59.6N,20.6W,40,980,0,360,240,180,0,0,0,0,0,0,0,0
AL,FLORENCE,2006,7,62,20060917,1200,,EX,60.9N,21.2W,40,979,0,300,240,210,0,0,0,0,0,0,0,0
AL,FLORENCE,2006,7,62,20060917,1800,,EX,62.0N,22.5W,45,978,0,240,240,240,0,0,0,0,0,0,0,0
AL,FLORENCE,2006,7,62,20060918,0,,EX,62.6N,24.5W,50,976,420,180,180,360,360,0,0,0,0,0,0,0
AL,FLORENCE,2006,7,62,20060918,600,,EX,63.0N,26.5W,50,977,420,0,0,420,360,0,0,300,0,0,0,0
AL,FLORENCE,2006,7,62,20060918,1200,,EX,63.0N,29.0W,50,978,420,0,0,420,300,0,0,300,0,0,0,0
AL,FLORENCE,2006,7,62,20060918,1800,,EX,63.0N,31.4W,50,979,420,0,0,420,300,0,0,300,0,0,0,0
AL,FLORENCE,2006,7,62,20060919,0,,EX,62.0N,34.0W,50,982,210,0,0,420,0,0,0,300,0,0,0,0
AL,GORDON,2006,8,57,20060910,1800,,TD,20.2N,53.8W,25,1012,0,0,0,0,0,0,0,0,0,0,0,0
AL,GORDON,2006,8,57,20060911,0,,TD,20.3N,54.5W,30,1011,0,0,0,0,0,0,0,0,0,0,0,0
AL,GORDON,2006,8,57,20060911,600,,TD,20.6N,55.3W,30,1010,0,0,0,0,0,0,0,0,0,0,0,0
AL,GORDON,2006,8,57,20060911,1200,,TS,20.9N,56.3W,35,1008,40,25,0,0,0,0,0,0,0,0,0,0
AL,GORDON,2006,8,57,20060911,1800,,TS,21.4N,57.1W,40,1005,40,25,0,0,0,0,0,0,0,0,0,0
AL,GORDON,2006,8,57,20060912,0,,TS,21.8N,57.6W,50,1003,75,25,0,0,30,0,0,0,0,0,0,0
AL,GORDON,2006,8,57,20060912,600,,TS,22.3N,58.0W,50,1000,75,25,0,50,30,0,0,0,0,0,0,0
AL,GORDON,2006,8,57,20060912,1200,,TS,22.8N,58.2W,50,998,75,25,0,50,30,0,0,0,0,0,0,0
AL,GORDON,2006,8,57,20060912,1800,,TS,23.4N,58.2W,55,994,75,40,0,50,30,0,0,0,0,0,0,0
AL,GORDON,2006,8,57,20060913,0,,HU,24.0N,58.1W,65,987,75,50,20,50,30,30,0,0,20,0,0,0
AL,GORDON,2006,8,57,20060913,600,,HU,24.7N,58.0W,70,984,75,75,50,50,30,30,0,0,20,20,0,0
AL,GORDON,2006,8,57,20060913,1200,,HU,25.6N,57.9W,80,980,80,80,65,80,40,40,20,40,20,20,10,20
AL,GORDON,2006,8,57,20060913,1800,,HU,26.5N,57.7W,95,965,90,90,75,85,50,50,25,50,25,25,10,25
AL,GORDON,2006,8,57,20060914,0,,HU,27.3N,57.4W,105,955,120,120,85,85,50,50,40,50,25,25,10,25
AL,GORDON,2006,8,57,20060914,600,,HU,28.2N,56.8W,105,956,120,120,85,85,50,50,40,50,25,25,15,25
AL,GORDON,2006,8,57,20060914,1200,,HU,29.1N,56.2W,105,956,120,120,90,90,50,50,40,50,25,25,15,25
AL,GORDON,2006,8,57,20060914,1800,,HU,29.8N,55.4W,105,958,120,120,90,90,50,50,40,50,25,25,15,25
AL,GORDON,2006,8,57,20060915,0,,HU,30.3N,54.6W,100,960,120,120,90,90,50,50,40,50,25,25,15,25
AL,GORDON,2006,8,57,20060915,600,,HU,30.8N,53.8W,95,965,100,105,90,90,50,50,50,50,25,25,20,25
AL,GORDON,2006,8,57,20060915,1200,,HU,31.1N,53.5W,85,973,80,90,90,90,40,50,60,60,20,20,30,30
AL,GORDON,2006,8,57,20060915,1800,,HU,31.1N,53.5W,80,976,80,90,90,90,40,50,60,60,20,20,30,30
AL,GORDON,2006,8,57,20060916,0,,HU,31.1N,53.5W,75,980,90,90,90,90,40,40,40,40,20,20,20,20
AL,GORDON,2006,8,57,20060916,600,,HU,31.2N,53.6W,70,983,90,90,90,90,40,40,40,40,20,20,20,20
AL,GORDON,2006,8,57,20060916,1200,,HU,31.3N,53.8W,65,987,90,90,70,90,50,50,40,40,20,0,20,20
AL,GORDON,2006,8,57,20060916,1800,,HU,31.5N,53.9W,65,987,90,90,70,90,50,50,40,40,20,0,20,20
AL,GORDON,2006,8,57,20060917,0,,HU,31.9N,53.8W,65,987,100,100,70,90,50,50,40,40,20,20,20,20
AL,GORDON,2006,8,57,20060917,600,,HU,32.4N,53.7W,65,987,100,100,80,90,50,50,40,50,20,20,20,20
AL,GORDON,2006,8,57,20060917,1200,,HU,33.3N,53.3W,70,983,100,100,80,80,50,50,40,40,20,20,20,20
AL,GORDON,2006,8,57,20060917,1800,,HU,34.1N,52.9W,70,983,100,100,80,80,50,50,40,40,20,20,20,20
AL,GORDON,2006,8,57,20060918,0,,HU,35.0N,52.1W,75,981,80,80,80,60,40,40,40,30,20,20,20,20
AL,GORDON,2006,8,57,20060918,600,,HU,36.1N,50.6W,75,979,80,80,80,60,40,40,40,30,20,20,20,20
AL,GORDON,2006,8,57,20060918,1200,,HU,36.9N,48.7W,80,976,80,90,80,60,40,50,40,30,25,30,25,0
AL,GORDON,2006,8,57,20060918,1800,,HU,37.5N,46.3W,85,972,80,90,80,60,40,50,40,30,25,35,30,0
AL,GORDON,2006,8,57,20060919,0,,HU,38.0N,43.3W,85,972,60,100,100,60,40,60,60,40,25,35,35,25
AL,GORDON,2006,8,57,20060919,600,,HU,38.1N,40.2W,90,970,60,100,100,110,40,60,60,40,25,35,35,25
AL,GORDON,2006,8,57,20060919,1200,,HU,38.0N,37.0W,80,977,75,100,150,150,40,60,60,40,25,35,35,25
AL,GORDON,2006,8,57,20060919,1800,,HU,37.8N,33.5W,75,979,75,100,150,150,40,60,60,40,25,35,35,25
AL,GORDON,2006,8,57,20060920,0,,HU,37.7N,29.9W,70,980,75,100,150,100,40,60,60,40,25,35,35,25
AL,GORDON,2006,8,57,20060920,600,,HU,37.6N,26.1W,70,980,70,150,200,70,30,80,80,30,15,40,40,15
AL,GORDON,2006,8,57,20060920,1200,,HU,37.8N,22.6W,65,983,70,150,200,70,30,80,80,30,0,60,0,0
AL,GORDON,2006,8,57,20060920,1800,,HU,38.5N,18.5W,65,983,70,150,200,70,60,100,100,60,0,70,0,0
AL,GORDON,2006,8,57,20060921,0,,EX,40.1N,14.0W,60,984,210,210,150,150,170,120,120,120,0,0,0,0
AL,GORDON,2006,8,57,20060921,600,,EX,43.8N,10.4W,55,986,210,210,90,90,120,120,0,0,0,0,0,0
AL,GORDON,2006,8,57,20060921,1200,,EX,48.5N,9.0W,55,982,250,250,45,45,60,180,0,0,0,0,0,0
AL,GORDON,2006,8,57,20060921,1800,,EX,52.5N,9.5W,55,978,300,300,0,0,0,240,0,0,0,0,0,0
AL,GORDON,2006,8,57,20060922,0,,EX,54.5N,10.5W,60,975,360,360,0,120,90,180,0,0,0,0,0,0
AL,GORDON,2006,8,57,20060922,600,,EX,57.0N,14.0W,65,974,420,420,60,420,150,120,0,360,120,0,0,0
AL,GORDON,2006,8,57,20060922,1200,,EX,56.5N,18.5W,55,976,300,200,150,360,45,60,0,180,0,0,0,0
AL,GORDON,2006,8,57,20060922,1800,,EX,56.0N,19.5W,45,980,120,0,300,300,0,0,0,0,0,0,0,0
AL,GORDON,2006,8,57,20060923,0,,EX,54.5N,20.0W,45,982,60,0,300,150,0,0,0,0,0,0,0,0
AL,GORDON,2006,8,57,20060923,600,,EX,52.5N,20.0W,40,986,0,0,300,0,0,0,0,0,0,0,0,0
AL,GORDON,2006,8,57,20060923,1200,,EX,50.7N,17.7W,35,993,0,300,240,0,0,0,0,0,0,0,0,0
AL,GORDON,2006,8,57,20060923,1800,,EX,49.0N,14.5W,35,994,0,600,0,0,0,0,0,0,0,0,0,0
AL,GORDON,2006,8,57,20060924,0,,EX,48.0N,10.0W,30,995,0,0,0,0,0,0,0,0,0,0,0,0
AL,GORDON,2006,8,57,20060924,600,,EX,48.5N,8.5W,30,996,0,0,0,0,0,0,0,0,0,0,0,0
AL,GORDON,2006,8,57,20060924,1200,,EX,49.0N,8.0W,30,998,0,0,0,0,0,0,0,0,0,0,0,0
AL,GORDON,2006,8,57,20060924,1800,,EX,50.5N,7.5W,25,1001,0,0,0,0,0,0,0,0,0,0,0,0
AL,HELENE,2006,9,62,20060912,1200,,TD,11.9N,22.0W,25,1007,0,0,0,0,0,0,0,0,0,0,0,0
AL,HELENE,2006,9,62,20060912,1800,,TD,11.9N,23.2W,30,1007,0,0,0,0,0,0,0,0,0,0,0,0
AL,HELENE,2006,9,62,20060913,0,,TD,11.9N,24.6W,30,1007,0,0,0,0,0,0,0,0,0,0,0,0
AL,HELENE,2006,9,62,20060913,600,,TD,12.0N,26.1W,30,1007,0,0,0,0,0,0,0,0,0,0,0,0
AL,HELENE,2006,9,62,20060913,1200,,TD,12.2N,28.0W,30,1007,0,0,0,0,0,0,0,0,0,0,0,0
AL,HELENE,2006,9,62,20060913,1800,,TD,12.5N,30.0W,30,1006,0,0,0,0,0,0,0,0,0,0,0,0
AL,HELENE,2006,9,62,20060914,0,,TS,12.9N,31.9W,35,1005,60,0,0,60,0,0,0,0,0,0,0,0
AL,HELENE,2006,9,62,20060914,600,,TS,13.2N,33.8W,35,1005,75,0,0,75,0,0,0,0,0,0,0,0
AL,HELENE,2006,9,62,20060914,1200,,TS,13.6N,35.6W,40,1003,75,0,0,75,0,0,0,0,0,0,0,0
AL,HELENE,2006,9,62,20060914,1800,,TS,14.0N,37.0W,40,1003,90,45,0,90,0,0,0,0,0,0,0,0
AL,HELENE,2006,9,62,20060915,0,,TS,14.4N,38.3W,40,1002,90,45,0,90,0,0,0,0,0,0,0,0
AL,HELENE,2006,9,62,20060915,600,,TS,14.8N,39.6W,45,1000,90,45,0,90,0,0,0,0,0,0,0,0
AL,HELENE,2006,9,62,20060915,1200,,TS,15.5N,40.8W,50,997,90,60,30,90,25,25,0,25,0,0,0,0
AL,HELENE,2006,9,62,20060915,1800,,TS,16.2N,42.1W,55,995,100,75,50,100,25,25,0,25,0,0,0,0
AL,HELENE,2006,9,62,20060916,0,,TS,17.0N,43.3W,60,992,110,100,60,110,25,25,20,25,0,0,0,0
AL,HELENE,2006,9,62,20060916,600,,TS,17.7N,44.3W,60,990,125,125,75,110,25,25,20,25,0,0,0,0
AL,HELENE,2006,9,62,20060916,1200,,HU,18.4N,45.3W,65,987,150,125,90,125,40,40,25,40,25,0,0,0
AL,HELENE,2006,9,62,20060916,1800,,HU,18.9N,46.2W,65,986,150,125,90,125,40,40,25,40,25,0,0,0
AL,HELENE,2006,9,62,20060917,0,,HU,19.4N,47.1W,70,983,150,125,90,125,40,40,30,40,20,20,15,20
AL,HELENE,2006,9,62,20060917,600,,HU,19.9N,47.9W,75,979,150,125,90,125,40,40,30,40,20,20,15,20
AL,HELENE,2006,9,62,20060917,1200,,HU,20.3N,48.4W,80,976,150,125,90,125,60,60,40,60,30,30,25,30
AL,HELENE,2006,9,62,20060917,1800,,HU,20.8N,48.8W,90,970,150,125,90,125,60,60,40,60,35,35,25,30
AL,HELENE,2006,9,62,20060918,0,,HU,21.4N,49.1W,100,962,175,150,100,125,90,65,45,60,45,40,30,35
AL,HELENE,2006,9,62,20060918,600,,HU,22.0N,49.4W,105,955,175,150,100,125,90,65,45,60,45,40,30,35
AL,HELENE,2006,9,62,20060918,1200,,HU,22.7N,49.7W,105,958,175,150,100,125,90,65,45,60,45,40,30,35
AL,HELENE,2006,9,62,20060918,1800,,HU,23.6N,50.4W,95,962,175,150,125,150,100,65,45,80,60,40,30,30
AL,HELENE,2006,9,62,20060919,0,,HU,24.0N,51.0W,95,962,175,150,125,150,100,75,60,100,60,50,40,50
AL,HELENE,2006,9,62,20060919,600,,HU,24.3N,51.7W,95,960,175,175,150,175,100,75,60,100,60,50,40,50
AL,HELENE,2006,9,62,20060919,1200,,HU,24.4N,52.5W,95,958,175,175,150,175,100,75,60,100,60,50,40,50
AL,HELENE,2006,9,62,20060919,1800,,HU,24.4N,53.5W,90,956,175,175,150,175,100,75,60,100,50,30,30,50
AL,HELENE,2006,9,62,20060920,0,,HU,24.5N,54.4W,90,958,175,175,150,175,100,75,60,100,40,30,30,40
AL,HELENE,2006,9,62,20060920,600,,HU,24.9N,55.2W,90,958,175,175,150,175,100,75,60,100,40,30,30,40
AL,HELENE,2006,9,62,20060920,1200,,HU,25.4N,56.0W,90,959,175,175,150,175,100,75,60,100,40,30,30,40
AL,HELENE,2006,9,62,20060920,1800,,HU,25.9N,56.7W,80,960,175,175,150,175,90,75,60,75,40,30,30,30
AL,HELENE,2006,9,62,20060921,0,,HU,26.8N,57.0W,80,962,175,175,150,175,75,75,60,75,40,30,30,40
AL,HELENE,2006,9,62,20060921,600,,HU,27.8N,57.0W,75,964,180,180,150,175,75,75,60,60,40,30,30,30
AL,HELENE,2006,9,62,20060921,1200,,HU,29.0N,57.0W,75,968,180,180,180,180,75,75,60,60,30,30,25,25
AL,HELENE,2006,9,62,20060921,1800,,HU,30.2N,57.0W,75,970,200,200,180,180,75,75,60,60,30,30,25,25
AL,HELENE,2006,9,62,20060922,0,,HU,31.4N,56.6W,75,970,200,200,180,180,75,90,60,60,35,35,30,30
AL,HELENE,2006,9,62,20060922,600,,HU,32.5N,55.9W,70,970,200,200,180,180,75,90,60,60,35,35,30,30
AL,HELENE,2006,9,62,20060922,1200,,HU,33.6N,55.1W,70,970,225,200,200,200,75,90,60,75,30,45,30,30
AL,HELENE,2006,9,62,20060922,1800,,HU,34.9N,53.7W,70,968,225,200,200,225,75,90,60,75,30,50,50,30
AL,HELENE,2006,9,62,20060923,0,,HU,35.7N,51.7W,75,964,225,225,250,250,90,120,90,100,30,60,60,45
AL,HELENE,2006,9,62,20060923,600,,HU,36.4N,49.6W,80,962,225,225,300,300,90,150,150,175,0,75,60,60
AL,HELENE,2006,9,62,20060923,1200,,HU,37.1N,47.5W,80,962,225,225,300,300,90,150,150,175,0,100,90,90
AL,HELENE,2006,9,62,20060923,1800,,HU,37.7N,45.4W,75,963,225,225,300,300,90,150,150,175,0,100,90,90
AL,HELENE,2006,9,62,20060924,0,,HU,38.6N,43.2W,70,964,275,250,300,325,90,150,150,200,0,100,90,80
AL,HELENE,2006,9,62,20060924,600,,HU,39.5N,40.9W,65,964,300,250,325,325,90,150,150,200,0,100,90,80
AL,HELENE,2006,9,62,20060924,1200,,HU,40.6N,38.2W,65,964,300,300,350,325,90,150,175,200,0,100,90,80
AL,HELENE,2006,9,62,20060924,1800,,EX,42.0N,35.9W,65,964,300,300,350,325,90,150,175,200,0,100,90,90
AL,HELENE,2006,9,62,20060925,0,,EX,43.2N,34.7W,65,964,300,300,350,325,100,175,175,200,0,100,100,100
AL,HELENE,2006,9,62,20060925,600,,EX,44.1N,33.3W,65,966,225,300,350,300,100,175,175,200,0,100,100,100
AL,HELENE,2006,9,62,20060925,1200,,EX,44.7N,31.7W,60,968,150,300,350,300,100,175,175,150,0,0,0,0
AL,HELENE,2006,9,62,20060925,1800,,EX,44.9N,29.8W,55,972,150,300,350,275,75,175,175,100,0,0,0,0
AL,HELENE,2006,9,62,20060926,0,,EX,45.0N,27.6W,50,977,150,300,350,200,0,125,125,75,0,0,0,0
AL,HELENE,2006,9,62,20060926,600,,EX,45.5N,25.2W,50,980,150,300,350,150,0,125,100,0,0,0,0,0
AL,HELENE,2006,9,62,20060926,1200,,EX,46.0N,22.7W,50,984,120,300,300,120,0,90,90,0,0,0,0,0
AL,HELENE,2006,9,62,20060926,1800,,EX,47.2N,20.1W,45,986,120,300,240,100,0,0,0,0,0,0,0,0
AL,HELENE,2006,9,62,20060927,0,,EX,49.0N,17.0W,45,988,120,300,180,0,0,0,0,0,0,0,0,0
AL,HELENE,2006,9,62,20060927,600,,EX,51.3N,13.3W,45,988,120,275,150,0,0,0,0,0,0,0,0,0
AL,HELENE,2006,9,62,20060927,1200,,EX,53.9N,10.1W,40,988,90,225,150,0,0,0,0,0,0,0,0,0
AL,HELENE,2006,9,62,20060927,1800,,EX,56.3N,7.6W,40,988,90,200,150,0,0,0,0,0,0,0,0,0
AL,ISAAC,2006,10,24,20060927,1800,,TD,26.1N,52.6W,30,1012,0,0,0,0,0,0,0,0,0,0,0,0
AL,ISAAC,2006,10,24,20060928,0,,TD,26.8N,53.4W,30,1012,0,0,0,0,0,0,0,0,0,0,0,0
AL,ISAAC,2006,10,24,20060928,600,,TS,27.4N,54.0W,35,1008,100,75,0,0,0,0,0,0,0,0,0,0
AL,ISAAC,2006,10,24,20060928,1200,,TS,28.0N,54.4W,40,1006,100,75,0,0,0,0,0,0,0,0,0,0
AL,ISAAC,2006,10,24,20060928,1800,,TS,28.6N,54.6W,40,1006,100,100,0,45,0,0,0,0,0,0,0,0
AL,ISAAC,2006,10,24,20060929,0,,TS,28.9N,54.9W,40,1006,110,110,45,75,0,0,0,0,0,0,0,0
AL,ISAAC,2006,10,24,20060929,600,,TS,29.0N,55.4W,40,1006,110,110,45,75,0,0,0,0,0,0,0,0
AL,ISAAC,2006,10,24,20060929,1200,,TS,29.2N,55.8W,45,1003,110,100,60,75,0,0,0,0,0,0,0,0
AL,ISAAC,2006,10,24,20060929,1800,,TS,29.5N,56.5W,50,1000,110,100,60,75,40,40,0,40,0,0,0,0
AL,ISAAC,2006,10,24,20060930,0,,TS,29.8N,57.1W,60,997,110,100,60,75,40,40,0,40,0,0,0,0
AL,ISAAC,2006,10,24,20060930,600,,TS,30.1N,57.7W,60,995,110,100,60,75,40,40,0,40,0,0,0,0
AL,ISAAC,2006,10,24,20060930,1200,,HU,30.6N,58.5W,65,992,110,100,60,80,60,45,30,40,35,30,0,30
AL,ISAAC,2006,10,24,20060930,1800,,HU,31.3N,59.2W,70,989,110,100,60,80,60,45,30,40,35,30,0,30
AL,ISAAC,2006,10,24,20061001,0,,HU,32.0N,59.8W,75,987,110,110,60,80,50,40,40,40,25,25,10,25
AL,ISAAC,2006,10,24,20061001,600,,HU,32.8N,60.2W,75,985,110,110,60,80,40,40,40,40,20,20,20,20
AL,ISAAC,2006,10,24,20061001,1200,,HU,33.8N,60.3W,70,986,130,130,80,80,40,40,40,40,20,20,20,20
AL,ISAAC,2006,10,24,20061001,1800,,HU,35.2N,60.3W,70,987,130,130,80,80,40,40,40,40,20,20,20,20
AL,ISAAC,2006,10,24,20061002,0,,HU,37.2N,59.6W,65,988,175,150,75,75,50,40,40,40,20,20,20,20
AL,ISAAC,2006,10,24,20061002,600,,HU,39.8N,58.0W,65,989,200,200,75,75,60,50,40,40,20,20,0,0
AL,ISAAC,2006,10,24,20061002,1200,,TS,42.5N,56.2W,60,990,225,200,75,75,60,60,25,25,0,0,0,0
AL,ISAAC,2006,10,24,20061002,1800,,TS,45.5N,53.7W,55,995,225,175,75,75,50,50,0,0,0,0,0,0
AL,ISAAC,2006,10,24,20061003,0,,EX,47.6N,51.0W,55,996,200,150,75,75,50,50,0,0,0,0,0,0
AL,ISAAC,2006,10,24,20061003,600,,EX,48.6N,49.0W,45,998,150,125,50,50,0,0,0,0,0,0,0,0
AL,ISAAC,2006,10,24,20061003,1200,,EX,49.5N,47.0W,35,1000,90,90,25,25,0,0,0,0,0,0,0,0
AL,ANDREA,2007,1,31,20070506,1200,,EX,35.5N,74.0W,35,1012,0,0,0,120,0,0,0,0,0,0,0,0
AL,ANDREA,2007,1,31,20070506,1800,,EX,35.0N,73.0W,40,1009,120,0,120,180,0,0,0,0,0,0,0,0
AL,ANDREA,2007,1,31,20070507,0,,EX,34.3N,71.7W,50,1005,420,60,200,300,300,50,50,180,0,0,0,0
AL,ANDREA,2007,1,31,20070507,600,,EX,33.3N,72.3W,65,998,420,60,200,360,300,50,50,180,180,0,0,0
AL,ANDREA,2007,1,31,20070507,1200,,EX,32.3N,73.1W,65,998,420,60,200,360,300,0,90,180,180,0,0,0
AL,ANDREA,2007,1,31,20070507,1800,,EX,31.5N,74.0W,65,998,480,30,240,360,300,0,120,180,120,0,0,0
AL,ANDREA,2007,1,31,20070508,0,,EX,31.0N,74.9W,55,1000,480,0,280,300,320,0,175,240,0,0,0,0
AL,ANDREA,2007,1,31,20070508,600,,EX,30.7N,76.0W,50,1001,300,180,150,240,150,0,0,180,0,0,0,0
AL,ANDREA,2007,1,31,20070508,1200,,EX,30.4N,77.2W,50,1001,200,180,150,240,120,0,0,120,0,0,0,0
AL,ANDREA,2007,1,31,20070508,1800,,EX,30.4N,77.9W,50,1001,150,120,120,150,120,0,0,120,0,0,0,0
AL,ANDREA,2007,1,31,20070509,0,,EX,30.6N,78.3W,50,1001,150,120,110,140,75,0,0,75,0,0,0,0
AL,ANDREA,2007,1,31,20070509,600,,SS,30.8N,78.7W,50,1001,175,120,110,120,75,0,0,75,0,0,0,0
AL,ANDREA,2007,1,31,20070509,1200,,SS,30.9N,79.2W,45,1003,120,100,90,60,0,0,0,0,0,0,0,0
AL,ANDREA,2007,1,31,20070509,1800,,SS,30.9N,79.6W,40,1003,100,100,0,0,0,0,0,0,0,0,0,0
AL,ANDREA,2007,1,31,20070510,0,,SS,30.7N,79.8W,40,1003,90,90,0,0,0,0,0,0,0,0,0,0
AL,ANDREA,2007,1,31,20070510,600,,SS,30.5N,79.9W,35,1003,90,90,0,0,0,0,0,0,0,0,0,0
AL,ANDREA,2007,1,31,20070510,1200,,SD,30.1N,79.9W,30,1003,0,0,0,0,0,0,0,0,0,0,0,0
AL,ANDREA,2007,1,31,20070510,1800,,SD,29.7N,79.8W,30,1003,0,0,0,0,0,0,0,0,0,0,0,0
AL,ANDREA,2007,1,31,20070511,0,,SD,29.4N,79.8W,30,1004,0,0,0,0,0,0,0,0,0,0,0,0
AL,ANDREA,2007,1,31,20070511,600,,LO,29.1N,79.8W,30,1004,0,0,0,0,0,0,0,0,0,0,0,0
AL,ANDREA,2007,1,31,20070511,1200,,LO,28.8N,79.7W,25,1005,0,0,0,0,0,0,0,0,0,0,0,0
AL,ANDREA,2007,1,31,20070511,1800,,LO,28.5N,79.5W,25,1005,0,0,0,0,0,0,0,0,0,0,0,0
AL,ANDREA,2007,1,31,20070512,0,,LO,28.5N,79.1W,25,1006,0,0,0,0,0,0,0,0,0,0,0,0
AL,ANDREA,2007,1,31,20070512,600,,LO,28.8N,78.8W,25,1006,0,0,0,0,0,0,0,0,0,0,0,0
AL,ANDREA,2007,1,31,20070512,1200,,LO,29.1N,78.5W,25,1006,0,0,0,0,0,0,0,0,0,0,0,0
AL,ANDREA,2007,1,31,20070512,1800,,LO,29.4N,78.0W,25,1006,0,0,0,0,0,0,0,0,0,0,0,0
AL,ANDREA,2007,1,31,20070513,0,,LO,29.7N,77.2W,25,1006,0,0,0,0,0,0,0,0,0,0,0,0
AL,ANDREA,2007,1,31,20070513,600,,LO,30.1N,76.0W,25,1006,0,0,0,0,0,0,0,0,0,0,0,0
AL,ANDREA,2007,1,31,20070513,1200,,LO,30.8N,74.2W,25,1007,0,0,0,0,0,0,0,0,0,0,0,0
AL,ANDREA,2007,1,31,20070513,1800,,LO,31.4N,71.9W,25,1007,0,0,0,0,0,0,0,0,0,0,0,0
AL,ANDREA,2007,1,31,20070514,0,,LO,31.8N,69.4W,25,1007,0,0,0,0,0,0,0,0,0,0,0,0
AL,BARRY,2007,2,24,20070531,0,,LO,18.1N,87.0W,25,1008,0,0,0,0,0,0,0,0,0,0,0,0
AL,BARRY,2007,2,24,20070531,600,,LO,18.7N,86.9W,25,1007,0,0,0,0,0,0,0,0,0,0,0,0
AL,BARRY,2007,2,24,20070531,1200,,LO,19.1N,86.8W,25,1006,0,0,0,0,0,0,0,0,0,0,0,0
AL,BARRY,2007,2,24,20070531,1800,,LO,19.6N,86.6W,25,1005,0,0,0,0,0,0,0,0,0,0,0,0
AL,BARRY,2007,2,24,20070601,0,,LO,20.1N,86.0W,25,1005,0,0,0,0,0,0,0,0,0,0,0,0
AL,BARRY,2007,2,24,20070601,600,,LO,21.2N,85.8W,25,1005,0,0,0,0,0,0,0,0,0,0,0,0
AL,BARRY,2007,2,24,20070601,1200,,TD,22.3N,85.8W,30,1004,0,0,0,0,0,0,0,0,0,0,0,0
AL,BARRY,2007,2,24,20070601,1800,,TS,23.6N,85.7W,40,1000,80,40,30,30,0,0,0,0,0,0,0,0
AL,BARRY,2007,2,24,20070602,0,,TS,24.3N,85.2W,50,997,80,40,30,50,20,0,0,20,0,0,0,0
AL,BARRY,2007,2,24,20070602,600,,TS,25.1N,84.6W,45,998,80,40,30,80,0,0,0,0,0,0,0,0
AL,BARRY,2007,2,24,20070602,1200,,TS,27.0N,83.2W,40,1000,80,40,30,80,0,0,0,0,0,0,0,0
AL,BARRY,2007,2,24,20070602,1400,L,TD,27.5N,82.7W,30,1000,0,0,0,0,0,0,0,0,0,0,0,0
AL,BARRY,2007,2,24,20070602,1800,,TD,29.7N,82.1W,30,1001,0,0,0,0,0,0,0,0,0,0,0,0
AL,BARRY,2007,2,24,20070603,0,,EX,31.4N,81.4W,35,997,120,0,0,0,0,0,0,0,0,0,0,0
AL,BARRY,2007,2,24,20070603,600,,EX,32.1N,81.0W,40,994,120,120,0,0,0,0,0,0,0,0,0,0
AL,BARRY,2007,2,24,20070603,1200,,EX,32.8N,80.0W,40,994,125,150,125,0,0,0,0,0,0,0,0,0
AL,BARRY,2007,2,24,20070603,1800,,EX,33.7N,78.4W,40,994,150,150,150,0,0,0,0,0,0,0,0,0
AL,BARRY,2007,2,24,20070604,0,,EX,35.3N,76.0W,40,992,150,150,150,0,0,0,0,0,0,0,0,0
AL,BARRY,2007,2,24,20070604,600,,EX,37.2N,74.6W,40,990,150,150,150,0,0,0,0,0,0,0,0,0
AL,BARRY,2007,2,24,20070604,1200,,EX,39.0N,73.2W,40,990,150,150,150,0,0,0,0,0,0,0,0,0
AL,BARRY,2007,2,24,20070604,1800,,EX,40.7N,72.1W,35,991,150,150,150,0,0,0,0,0,0,0,0,0
AL,BARRY,2007,2,24,20070605,0,,EX,42.4N,70.8W,35,992,150,150,150,0,0,0,0,0,0,0,0,0
AL,BARRY,2007,2,24,20070605,600,,EX,44.6N,69.5W,30,992,0,0,0,0,0,0,0,0,0,0,0,0
AL,BARRY,2007,2,24,20070605,1200,,EX,47.5N,68.5W,30,992,0,0,0,0,0,0,0,0,0,0,0,0
AL,CHANTAL,2007,3,23,20070731,0,,TD,35.5N,66.5W,30,1007,0,0,0,0,0,0,0,0,0,0,0,0
AL,CHANTAL,2007,3,23,20070731,600,,TS,37.1N,65.5W,35,1004,0,60,0,0,0,0,0,0,0,0,0,0
AL,CHANTAL,2007,3,23,20070731,1200,,TS,39.1N,64.2W,45,999,90,150,0,90,0,0,0,0,0,0,0,0
AL,CHANTAL,2007,3,23,20070731,1800,,TS,40.7N,62.3W,45,999,90,175,0,90,0,0,0,0,0,0,0,0
AL,CHANTAL,2007,3,23,20070801,0,,TS,42.5N,60.0W,45,994,90,175,60,60,0,0,0,0,0,0,0,0
AL,CHANTAL,2007,3,23,20070801,600,,EX,44.0N,57.5W,45,992,90,175,60,60,0,0,0,0,0,0,0,0
AL,CHANTAL,2007,3,23,20070801,1200,,EX,46.0N,54.5W,55,990,90,175,60,60,0,90,0,0,0,0,0,0
AL,CHANTAL,2007,3,23,20070801,1800,,EX,49.0N,49.5W,60,988,100,300,75,60,50,180,0,0,0,0,0,0
AL,CHANTAL,2007,3,23,20070802,0,,EX,53.0N,43.0W,60,985,125,300,150,100,75,180,0,0,0,0,0,0
AL,CHANTAL,2007,3,23,20070802,600,,EX,55.5N,38.5W,50,975,250,350,250,200,175,250,0,0,0,0,0,0
AL,CHANTAL,2007,3,23,20070802,1200,,EX,57.5N,35.4W,50,970,250,350,250,200,175,250,0,0,0,0,0,0
AL,CHANTAL,2007,3,23,20070802,1800,,EX,58.6N,33.9W,55,967,250,350,250,200,175,250,0,0,0,0,0,0
AL,CHANTAL,2007,3,23,20070803,0,,EX,58.9N,32.1W,60,964,250,350,250,200,175,250,0,0,0,0,0,0
AL,CHANTAL,2007,3,23,20070803,600,,EX,58.9N,30.4W,60,964,250,350,250,200,175,250,0,0,0,0,0,0
AL,CHANTAL,2007,3,23,20070803,1200,,EX,58.9N,28.0W,60,964,250,350,250,200,175,250,0,0,0,0,0,0
AL,CHANTAL,2007,3,23,20070803,1800,,EX,58.9N,25.2W,55,967,250,400,400,200,175,250,0,0,0,0,0,0
AL,CHANTAL,2007,3,23,20070804,0,,EX,59.1N,22.6W,55,967,250,400,400,200,175,250,0,0,0,0,0,0
AL,CHANTAL,2007,3,23,20070804,600,,EX,59.5N,19.1W,50,970,250,350,350,200,175,250,0,0,0,0,0,0
AL,CHANTAL,2007,3,23,20070804,1200,,EX,60.7N,16.3W,50,975,250,350,350,200,175,250,0,0,0,0,0,0
AL,CHANTAL,2007,3,23,20070804,1800,,EX,61.7N,14.0W,45,978,250,350,250,200,0,0,0,0,0,0,0,0
AL,CHANTAL,2007,3,23,20070805,0,,EX,62.7N,12.0W,45,980,250,350,250,200,0,0,0,0,0,0,0,0
AL,CHANTAL,2007,3,23,20070805,600,,EX,64.0N,9.5W,45,982,250,300,250,200,0,0,0,0,0,0,0,0
AL,CHANTAL,2007,3,23,20070805,1200,,EX,66.0N,7.0W,35,985,250,300,250,200,0,0,0,0,0,0,0,0
AL,DEAN,2007,4,42,20070813,600,,TD,12.2N,28.9W,30,1006,0,0,0,0,0,0,0,0,0,0,0,0
AL,DEAN,2007,4,42,20070813,1200,,TD,12.1N,30.7W,30,1005,0,0,0,0,0,0,0,0,0,0,0,0
AL,DEAN,2007,4,42,20070813,1800,,TD,12.0N,32.4W,30,1005,0,0,0,0,0,0,0,0,0,0,0,0
AL,DEAN,2007,4,42,20070814,0,,TD,11.9N,34.5W,30,1005,0,0,0,0,0,0,0,0,0,0,0,0
AL,DEAN,2007,4,42,20070814,600,,TD,11.8N,36.5W,30,1005,0,0,0,0,0,0,0,0,0,0,0,0
AL,DEAN,2007,4,42,20070814,1200,,TS,11.8N,38.3W,35,1004,30,0,0,30,0,0,0,0,0,0,0,0
AL,DEAN,2007,4,42,20070814,1800,,TS,11.8N,40.1W,40,1002,45,30,0,45,0,0,0,0,0,0,0,0
AL,DEAN,2007,4,42,20070815,0,,TS,11.9N,41.7W,50,997,45,45,30,45,25,0,0,0,0,0,0,0
AL,DEAN,2007,4,42,20070815,600,,TS,12.0N,43.4W,50,997,45,45,30,45,20,0,0,0,0,0,0,0
AL,DEAN,2007,4,42,20070815,1200,,TS,12.3N,45.1W,50,997,45,45,30,45,20,0,0,20,0,0,0,0
AL,DEAN,2007,4,42,20070815,1800,,TS,12.8N,47.0W,55,994,60,45,30,45,20,0,0,20,0,0,0,0
AL,DEAN,2007,4,42,20070816,0,,TS,13.0N,49.2W,60,991,60,45,30,45,20,0,0,20,0,0,0,0
AL,DEAN,2007,4,42,20070816,600,,HU,13.2N,51.3W,70,984,60,45,30,60,30,20,0,30,20,0,0,15
AL,DEAN,2007,4,42,20070816,1200,,HU,13.5N,53.3W,80,972,90,75,40,75,40,20,10,40,20,15,5,15
AL,DEAN,2007,4,42,20070816,1800,,HU,13.8N,55.5W,80,972,120,75,40,120,50,25,10,50,20,20,5,20
AL,DEAN,2007,4,42,20070817,0,,HU,14.0N,57.7W,80,976,120,75,40,120,50,25,10,50,20,20,5,20
AL,DEAN,2007,4,42,20070817,600,,HU,14.2N,59.8W,80,975,120,90,40,120,50,35,10,50,20,20,5,20
AL,DEAN,2007,4,42,20070817,1200,,HU,14.4N,61.7W,90,967,120,100,50,160,80,50,20,50,20,20,10,20
AL,DEAN,2007,4,42,20070817,1800,,HU,14.8N,63.5W,110,961,160,120,70,160,80,60,30,70,25,20,20,25
AL,DEAN,2007,4,42,20070818,0,,HU,14.9N,65.1W,125,944,180,120,100,180,100,60,50,100,50,30,30,50
AL,DEAN,2007,4,42,20070818,600,,HU,15.0N,66.6W,145,929,180,120,100,180,100,60,50,100,50,30,30,50
AL,DEAN,2007,4,42,20070818,1200,,HU,15.4N,68.0W,145,923,200,120,100,180,100,60,50,100,50,35,30,50
AL,DEAN,2007,4,42,20070818,1800,,HU,15.9N,69.5W,130,930,200,130,100,150,100,60,50,100,50,40,30,50
AL,DEAN,2007,4,42,20070819,0,,HU,16.1N,71.0W,120,920,180,120,100,150,90,70,70,90,50,40,40,50
AL,DEAN,2007,4,42,20070819,600,,HU,16.4N,72.6W,120,921,180,120,100,150,90,70,70,90,50,40,40,50
AL,DEAN,2007,4,42,20070819,1200,,HU,16.8N,74.3W,125,923,180,150,100,150,90,70,70,90,50,40,40,50
AL,DEAN,2007,4,42,20070819,1800,,HU,17.1N,76.0W,125,930,180,150,75,120,80,70,50,80,50,50,30,50
AL,DEAN,2007,4,42,20070820,0,,HU,17.5N,77.8W,125,926,180,150,75,120,80,70,50,80,50,50,30,50
AL,DEAN,2007,4,42,20070820,600,,HU,17.6N,79.8W,130,926,180,150,75,120,80,70,50,75,50,40,30,50
AL,DEAN,2007,4,42,20070820,1200,,HU,17.8N,81.5W,130,926,150,150,85,120,90,75,50,75,50,40,30,50
AL,DEAN,2007,4,42,20070820,1800,,HU,18.0N,83.3W,135,924,150,150,85,120,90,75,50,75,50,40,30,50
AL,DEAN,2007,4,42,20070821,0,,HU,18.2N,85.1W,145,914,150,150,90,125,100,75,50,100,50,40,30,50
AL,DEAN,2007,4,42,20070821,600,,HU,18.6N,86.9W,150,907,180,180,90,125,100,75,50,100,50,40,30,50
AL,DEAN,2007,4,42,20070821,830,L,HU,18.7N,87.7W,150,905,,,,,,,,,,,,
AL,DEAN,2007,4,42,20070821,1200,,HU,18.9N,88.7W,110,935,210,210,75,90,60,60,40,60,40,40,20,30
AL,DEAN,2007,4,42,20070821,1800,,HU,19.2N,90.5W,75,960,175,120,60,120,60,60,40,60,30,30,20,30
AL,DEAN,2007,4,42,20070822,0,,HU,19.7N,92.2W,65,979,175,100,75,120,75,60,60,60,30,30,20,30
AL,DEAN,2007,4,42,20070822,600,,HU,20.1N,94.0W,70,979,175,100,100,160,100,70,80,80,60,0,0,60
AL,DEAN,2007,4,42,20070822,1200,,HU,20.5N,95.5W,80,976,200,120,90,160,140,75,75,90,60,0,0,60
AL,DEAN,2007,4,42,20070822,1630,L,HU,20.5N,97.0W,85,974,,,,,,,,,,,,
AL,DEAN,2007,4,42,20070822,1800,,HU,20.5N,97.3W,75,974,240,100,50,75,75,30,0,30,30,0,0,20
AL,DEAN,2007,4,42,20070823,0,,TD,20.5N,99.0W,30,998,0,0,0,0,0,0,0,0,0,0,0,0
AL,ERIN,2007,5,21,20070815,0,,TD,23.7N,90.7W,25,1006,0,0,0,0,0,0,0,0,0,0,0,0
AL,ERIN,2007,5,21,20070815,600,,TD,24.5N,91.8W,25,1006,0,0,0,0,0,0,0,0,0,0,0,0
AL,ERIN,2007,5,21,20070815,1200,,TD,25.2N,92.9W,30,1005,0,0,0,0,0,0,0,0,0,0,0,0
AL,ERIN,2007,5,21,20070815,1800,,TS,25.8N,94.0W,35,1004,60,0,0,0,0,0,0,0,0,0,0,0
AL,ERIN,2007,5,21,20070816,0,,TS,26.3N,95.2W,35,1003,75,0,0,0,0,0,0,0,0,0,0,0
AL,ERIN,2007,5,21,20070816,600,,TS,27.2N,96.2W,35,1005,75,0,0,0,0,0,0,0,0,0,0,0
AL,ERIN,2007,5,21,20070816,1030,L,TD,28.0N,96.9W,30,1006,0,0,0,0,0,0,0,0,0,0,0,0
AL,ERIN,2007,5,21,20070816,1200,,TD,28.1N,97.1W,30,1006,0,0,0,0,0,0,0,0,0,0,0,0
AL,ERIN,2007,5,21,20070816,1800,,TD,28.8N,97.8W,25,1006,0,0,0,0,0,0,0,0,0,0,0,0
AL,ERIN,2007,5,21,20070817,0,,TD,29.4N,98.6W,25,1006,0,0,0,0,0,0,0,0,0,0,0,0
AL,ERIN,2007,5,21,20070817,600,,TD,30.0N,99.5W,25,1007,0,0,0,0,0,0,0,0,0,0,0,0
AL,ERIN,2007,5,21,20070817,1200,,LO,30.5N,100.6W,20,1008,0,0,0,0,0,0,0,0,0,0,0,0
AL,ERIN,2007,5,21,20070817,1800,,LO,31.1N,101.4W,20,1008,0,0,0,0,0,0,0,0,0,0,0,0
AL,ERIN,2007,5,21,20070818,0,,LO,31.8N,101.8W,20,1008,0,0,0,0,0,0,0,0,0,0,0,0
AL,ERIN,2007,5,21,20070818,600,,LO,32.5N,101.8W,20,1008,0,0,0,0,0,0,0,0,0,0,0,0
AL,ERIN,2007,5,21,20070818,1200,,LO,33.2N,101.5W,20,1008,0,0,0,0,0,0,0,0,0,0,0,0
AL,ERIN,2007,5,21,20070818,1800,,LO,34.0N,101.0W,20,1007,0,0,0,0,0,0,0,0,0,0,0,0
AL,ERIN,2007,5,21,20070819,0,,LO,34.8N,100.1W,25,1004,0,0,0,0,0,0,0,0,0,0,0,0
AL,ERIN,2007,5,21,20070819,600,,LO,35.6N,98.8W,50,995,45,45,0,0,15,0,0,0,0,0,0,0
AL,ERIN,2007,5,21,20070819,1200,,LO,35.6N,97.7W,35,1002,0,10,0,0,0,0,0,0,0,0,0,0
AL,ERIN,2007,5,21,20070819,1800,,LO,35.9N,96.5W,20,1007,0,0,0,0,0,0,0,0,0,0,0,0
AL,FELIX,2007,6,28,20070831,1200,,TD,11.5N,56.6W,25,1009,0,0,0,0,0,0,0,0,0,0,0,0
AL,FELIX,2007,6,28,20070831,1800,,TD,11.5N,58.0W,30,1008,0,0,0,0,0,0,0,0,0,0,0,0
AL,FELIX,2007,6,28,20070901,0,,TS,12.1N,59.4W,35,1007,15,15,0,0,0,0,0,0,0,0,0,0
AL,FELIX,2007,6,28,20070901,600,,TS,12.1N,61.1W,40,1005,30,0,0,30,0,0,0,0,0,0,0,0
AL,FELIX,2007,6,28,20070901,845,L,TS,12.1N,61.7W,45,1001,,,,,,,,,,,,
AL,FELIX,2007,6,28,20070901,1200,,TS,12.2N,62.8W,50,1001,50,20,0,50,20,0,0,0,0,0,0,0
AL,FELIX,2007,6,28,20070901,1800,,TS,12.4N,64.5W,60,999,90,50,40,90,25,15,15,25,0,0,0,0
AL,FELIX,2007,6,28,20070902,0,,HU,12.6N,66.1W,65,992,90,50,40,90,25,15,15,25,15,0,0,0
AL,FELIX,2007,6,28,20070902,600,,HU,12.7N,67.8W,85,985,100,75,40,90,35,20,20,35,15,10,10,15
AL,FELIX,2007,6,28,20070902,1200,,HU,13.0N,69.4W,90,980,100,75,40,90,40,30,25,35,20,15,15,20
AL,FELIX,2007,6,28,20070902,1800,,HU,13.4N,71.1W,115,962,100,75,40,100,40,35,25,40,25,20,15,25
AL,FELIX,2007,6,28,20070903,0,,HU,13.8N,73.0W,150,935,100,75,40,100,45,35,25,40,25,20,15,25
AL,FELIX,2007,6,28,20070903,600,,HU,14.0N,75.0W,150,930,100,60,40,100,50,25,25,50,25,15,15,25
AL,FELIX,2007,6,28,20070903,700,I,HU,14.0N,75.3W,150,929,,,,,,,,,,,,
AL,FELIX,2007,6,28,20070903,1200,,HU,14.2N,76.9W,140,937,100,60,40,80,50,30,25,45,25,15,15,25
AL,FELIX,2007,6,28,20070903,1800,,HU,14.3N,78.7W,115,951,100,60,40,80,50,35,25,40,25,15,15,25
AL,FELIX,2007,6,28,20070904,0,,HU,14.4N,80.4W,115,950,90,60,40,75,50,40,25,45,30,20,15,30
AL,FELIX,2007,6,28,20070904,600,,HU,14.3N,81.9W,135,939,100,60,40,90,60,40,25,60,40,20,15,40
AL,FELIX,2007,6,28,20070904,1200,L,HU,14.3N,83.2W,140,934,100,60,30,100,60,40,20,60,40,20,10,40
AL,FELIX,2007,6,28,20070904,1800,,HU,14.3N,84.4W,85,962,75,40,30,75,40,20,20,40,25,15,10,25
AL,FELIX,2007,6,28,20070905,0,,TS,14.6N,85.4W,50,982,40,25,25,40,25,0,0,0,0,0,0,0
AL,FELIX,2007,6,28,20070905,600,,TD,15.0N,86.4W,25,1004,0,0,0,0,0,0,0,0,0,0,0,0
AL,FELIX,2007,6,28,20070905,1200,,LO,15.5N,87.3W,20,1006,0,0,0,0,0,0,0,0,0,0,0,0
AL,FELIX,2007,6,28,20070905,1800,,LO,16.1N,88.3W,20,1007,0,0,0,0,0,0,0,0,0,0,0,0
AL,FELIX,2007,6,28,20070906,0,,LO,16.5N,89.5W,20,1007,0,0,0,0,0,0,0,0,0,0,0,0
AL,FELIX,2007,6,28,20070906,600,,LO,16.7N,90.8W,20,1007,0,0,0,0,0,0,0,0,0,0,0,0
AL,FELIX,2007,6,28,20070906,1200,,LO,17.2N,92.4W,20,1007,0,0,0,0,0,0,0,0,0,0,0,0
AL,FELIX,2007,6,28,20070906,1800,,LO,17.7N,93.8W,15,1010,0,0,0,0,0,0,0,0,0,0,0,0
AL,GABRIELLE,2007,7,15,20070908,0,,SS,30.1N,71.8W,40,1011,125,0,0,125,0,0,0,0,0,0,0,0
AL,GABRIELLE,2007,7,15,20070908,600,,SS,30.5N,72.8W,40,1010,100,0,0,100,0,0,0,0,0,0,0,0
AL,GABRIELLE,2007,7,15,20070908,1200,,SS,31.1N,73.8W,35,1010,100,0,0,100,0,0,0,0,0,0,0,0
AL,GABRIELLE,2007,7,15,20070908,1800,,TS,31.8N,74.6W,35,1009,50,0,0,90,0,0,0,0,0,0,0,0
AL,GABRIELLE,2007,7,15,20070909,0,,TS,32.6N,75.4W,40,1007,40,20,0,75,0,0,0,0,0,0,0,0
AL,GABRIELLE,2007,7,15,20070909,600,,TS,33.5N,76.0W,45,1004,30,20,40,40,0,0,0,0,0,0,0,0
AL,GABRIELLE,2007,7,15,20070909,1200,,TS,34.3N,76.4W,50,1004,30,30,40,30,0,0,15,0,0,0,0,0
AL,GABRIELLE,2007,7,15,20070909,1530,L,TS,34.8N,76.4W,50,1005,,,,,,,,,,,,
AL,GABRIELLE,2007,7,15,20070909,1800,,TS,35.2N,76.3W,45,1006,45,60,40,0,0,0,0,0,0,0,0,0
AL,GABRIELLE,2007,7,15,20070910,0,,TS,36.0N,75.8W,40,1007,30,75,75,0,0,0,0,0,0,0,0,0
AL,GABRIELLE,2007,7,15,20070910,600,,TD,36.7N,75.0W,30,1008,0,0,0,0,0,0,0,0,0,0,0,0
AL,GABRIELLE,2007,7,15,20070910,1200,,TD,37.1N,73.8W,30,1009,0,0,0,0,0,0,0,0,0,0,0,0
AL,GABRIELLE,2007,7,15,20070910,1800,,TD,37.5N,72.0W,30,1010,0,0,0,0,0,0,0,0,0,0,0,0
AL,GABRIELLE,2007,7,15,20070911,0,,TD,37.9N,70.0W,30,1010,0,0,0,0,0,0,0,0,0,0,0,0
AL,GABRIELLE,2007,7,15,20070911,600,,TD,38.4N,68.0W,30,1010,0,0,0,0,0,0,0,0,0,0,0,0
AL,INGRID,2007,8,26,20070912,600,,TD,13.0N,43.6W,25,1009,0,0,0,0,0,0,0,0,0,0,0,0
AL,INGRID,2007,8,26,20070912,1200,,TD,13.0N,44.3W,30,1008,0,0,0,0,0,0,0,0,0,0,0,0
AL,INGRID,2007,8,26,20070912,1800,,TD,13.1N,45.1W,30,1007,0,0,0,0,0,0,0,0,0,0,0,0
AL,INGRID,2007,8,26,20070913,0,,TD,13.4N,45.9W,30,1006,0,0,0,0,0,0,0,0,0,0,0,0
AL,INGRID,2007,8,26,20070913,600,,TS,13.7N,46.7W,35,1005,45,45,0,0,0,0,0,0,0,0,0,0
AL,INGRID,2007,8,26,20070913,1200,,TS,14.1N,47.5W,35,1005,45,45,0,0,0,0,0,0,0,0,0,0
AL,INGRID,2007,8,26,20070913,1800,,TS,14.4N,48.1W,35,1004,45,45,0,0,0,0,0,0,0,0,0,0
AL,INGRID,2007,8,26,20070914,0,,TS,14.7N,48.6W,35,1002,45,45,0,45,0,0,0,0,0,0,0,0
AL,INGRID,2007,8,26,20070914,600,,TS,15.0N,49.3W,35,1003,45,45,0,45,0,0,0,0,0,0,0,0
AL,INGRID,2007,8,26,20070914,1200,,TS,15.3N,49.9W,40,1004,45,45,0,45,0,0,0,0,0,0,0,0
AL,INGRID,2007,8,26,20070914,1800,,TS,15.6N,50.5W,40,1004,45,45,0,45,0,0,0,0,0,0,0,0
AL,INGRID,2007,8,26,20070915,0,,TS,15.9N,51.2W,35,1005,45,35,0,45,0,0,0,0,0,0,0,0
AL,INGRID,2007,8,26,20070915,600,,TS,16.2N,52.2W,35,1005,45,35,0,45,0,0,0,0,0,0,0,0
AL,INGRID,2007,8,26,20070915,1200,,TS,16.3N,53.3W,35,1005,35,0,0,0,0,0,0,0,0,0,0,0
AL,INGRID,2007,8,26,20070915,1800,,TD,16.5N,54.4W,30,1006,0,0,0,0,0,0,0,0,0,0,0,0
AL,INGRID,2007,8,26,20070916,0,,TD,16.7N,55.4W,30,1006,0,0,0,0,0,0,0,0,0,0,0,0
AL,INGRID,2007,8,26,20070916,600,,TD,16.9N,56.3W,30,1006,0,0,0,0,0,0,0,0,0,0,0,0
AL,INGRID,2007,8,26,20070916,1200,,TD,17.1N,57.2W,30,1006,0,0,0,0,0,0,0,0,0,0,0,0
AL,INGRID,2007,8,26,20070916,1800,,TD,17.2N,58.1W,30,1007,0,0,0,0,0,0,0,0,0,0,0,0
AL,INGRID,2007,8,26,20070917,0,,TD,17.3N,59.0W,25,1009,0,0,0,0,0,0,0,0,0,0,0,0
AL,INGRID,2007,8,26,20070917,600,,LO,17.5N,59.9W,25,1010,0,0,0,0,0,0,0,0,0,0,0,0
AL,INGRID,2007,8,26,20070917,1200,,LO,18.0N,60.6W,25,1010,0,0,0,0,0,0,0,0,0,0,0,0
AL,INGRID,2007,8,26,20070917,1800,,LO,18.4N,61.0W,25,1010,0,0,0,0,0,0,0,0,0,0,0,0
AL,INGRID,2007,8,26,20070918,0,,LO,18.8N,61.4W,20,1011,0,0,0,0,0,0,0,0,0,0,0,0
AL,INGRID,2007,8,26,20070918,600,,LO,19.0N,61.7W,20,1011,0,0,0,0,0,0,0,0,0,0,0,0
AL,INGRID,2007,8,26,20070918,1200,,LO,19.1N,62.0W,20,1011,0,0,0,0,0,0,0,0,0,0,0,0
AL,HUMBERTO,2007,9,11,20070912,600,,LO,27.3N,95.0W,25,1009,0,0,0,0,0,0,0,0,0,0,0,0
AL,HUMBERTO,2007,9,11,20070912,1200,,TS,27.8N,95.1W,35,1006,30,40,0,0,0,0,0,0,0,0,0,0
AL,HUMBERTO,2007,9,11,20070912,1800,,TS,28.3N,95.0W,45,1001,30,50,10,20,0,0,0,0,0,0,0,0
AL,HUMBERTO,2007,9,11,20070913,0,,TS,28.8N,94.8W,55,997,50,50,20,20,25,25,0,0,0,0,0,0
AL,HUMBERTO,2007,9,11,20070913,600,,HU,29.5N,94.4W,80,985,50,50,25,25,30,30,0,0,15,0,0,0
AL,HUMBERTO,2007,9,11,20070913,700,L,HU,29.6N,94.3W,80,985,,,,,,,,,,,,
AL,HUMBERTO,2007,9,11,20070913,1200,,HU,30.3N,93.6W,65,989,30,30,20,25,20,20,0,0,15,0,0,0
AL,HUMBERTO,2007,9,11,20070913,1800,,TS,31.0N,92.9W,35,1000,25,25,20,0,0,0,0,0,0,0,0,0
AL,HUMBERTO,2007,9,11,20070914,0,,TD,31.7N,92.3W,25,1006,0,0,0,0,0,0,0,0,0,0,0,0
AL,HUMBERTO,2007,9,11,20070914,600,,LO,32.4N,91.3W,20,1009,0,0,0,0,0,0,0,0,0,0,0,0
AL,HUMBERTO,2007,9,11,20070914,1200,,LO,32.7N,90.2W,20,1012,0,0,0,0,0,0,0,0,0,0,0,0
AL,TEN,2007,10,4,20070921,1200,,SD,29.1N,85.4W,30,1005,0,0,0,0,0,0,0,0,0,0,0,0
AL,TEN,2007,10,4,20070921,1800,,TD,29.7N,86.1W,30,1005,0,0,0,0,0,0,0,0,0,0,0,0
AL,TEN,2007,10,4,20070922,0,L,TD,30.4N,86.7W,25,1006,0,0,0,0,0,0,0,0,0,0,0,0
AL,TEN,2007,10,4,20070922,600,,LO,30.7N,87.7W,20,1007,0,0,0,0,0,0,0,0,0,0,0,0
AL,JERRY,2007,11,8,20070923,0,,SD,36.2N,46.1W,30,1008,0,0,0,0,0,0,0,0,0,0,0,0
AL,JERRY,2007,11,8,20070923,600,,SS,36.2N,46.1W,35,1007,60,90,90,75,0,0,0,0,0,0,0,0
AL,JERRY,2007,11,8,20070923,1200,,SS,36.0N,46.3W,35,1004,60,90,90,75,0,0,0,0,0,0,0,0
AL,JERRY,2007,11,8,20070923,1800,,SS,36.5N,46.3W,35,1004,60,90,90,75,0,0,0,0,0,0,0,0
AL,JERRY,2007,11,8,20070924,0,,TS,37.1N,46.3W,35,1003,90,60,0,60,0,0,0,0,0,0,0,0
AL,JERRY,2007,11,8,20070924,600,,TS,38.1N,45.9W,35,1004,90,90,0,60,0,0,0,0,0,0,0,0
AL,JERRY,2007,11,8,20070924,1200,,TS,39.3N,44.7W,35,1004,90,90,0,0,0,0,0,0,0,0,0,0
AL,JERRY,2007,11,8,20070924,1800,,TD,41.0N,43.5W,30,1004,0,0,0,0,0,0,0,0,0,0,0,0
AL,KAREN,2007,12,19,20070925,0,,TD,10.0N,35.9W,30,1006,0,0,0,0,0,0,0,0,0,0,0,0
AL,KAREN,2007,12,19,20070925,600,,TS,10.3N,37.0W,35,1005,40,30,0,40,0,0,0,0,0,0,0,0
AL,KAREN,2007,12,19,20070925,1200,,TS,10.6N,38.0W,35,1005,40,30,0,40,0,0,0,0,0,0,0,0
AL,KAREN,2007,12,19,20070925,1800,,TS,10.8N,39.2W,35,1005,40,30,0,40,0,0,0,0,0,0,0,0
AL,KAREN,2007,12,19,20070926,0,,TS,10.9N,40.4W,40,1003,60,30,0,40,0,0,0,0,0,0,0,0
AL,KAREN,2007,12,19,20070926,600,,TS,11.2N,41.5W,50,997,60,30,0,40,40,0,0,0,0,0,0,0
AL,KAREN,2007,12,19,20070926,1200,,HU,11.7N,42.4W,65,988,90,60,40,45,60,40,25,30,40,30,0,15
AL,KAREN,2007,12,19,20070926,1800,,HU,12.3N,43.3W,65,990,120,90,40,90,90,60,25,45,50,40,0,0
AL,KAREN,2007,12,19,20070927,0,,TS,12.8N,44.6W,60,995,180,150,45,150,150,105,25,90,0,0,0,0
AL,KAREN,2007,12,19,20070927,600,,TS,13.2N,45.7W,55,998,180,150,45,150,150,105,25,75,0,0,0,0
AL,KAREN,2007,12,19,20070927,1200,,TS,13.5N,46.8W,55,1002,170,140,40,100,120,100,20,40,0,0,0,0
AL,KAREN,2007,12,19,20070927,1800,,TS,14.1N,47.9W,50,1005,150,140,40,80,60,60,20,30,0,0,0,0
AL,KAREN,2007,12,19,20070928,0,,TS,14.1N,48.8W,50,1005,150,140,40,80,60,60,20,30,0,0,0,0
AL,KAREN,2007,12,19,20070928,600,,TS,14.3N,49.0W,40,1007,130,120,40,70,0,0,0,0,0,0,0,0
AL,KAREN,2007,12,19,20070928,1200,,TS,14.6N,49.0W,35,1008,130,120,30,30,0,0,0,0,0,0,0,0
AL,KAREN,2007,12,19,20070928,1800,,TS,15.8N,49.4W,35,1008,140,130,30,30,0,0,0,0,0,0,0,0
AL,KAREN,2007,12,19,20070929,0,,TS,16.1N,51.0W,35,1008,180,180,0,0,0,0,0,0,0,0,0,0
AL,KAREN,2007,12,19,20070929,600,,TD,16.3N,52.6W,30,1008,0,0,0,0,0,0,0,0,0,0,0,0
AL,KAREN,2007,12,19,20070929,1200,,LO,16.8N,54.2W,30,1009,0,0,0,0,0,0,0,0,0,0,0,0
AL,LORENZO,2007,13,14,20070925,1800,,TD,21.8N,94.8W,25,1009,0,0,0,0,0,0,0,0,0,0,0,0
AL,LORENZO,2007,13,14,20070926,0,,TD,21.7N,95.2W,25,1008,0,0,0,0,0,0,0,0,0,0,0,0
AL,LORENZO,2007,13,14,20070926,600,,TD,21.2N,95.0W,25,1007,0,0,0,0,0,0,0,0,0,0,0,0
AL,LORENZO,2007,13,14,20070926,1200,,TD,21.0N,94.7W,30,1008,0,0,0,0,0,0,0,0,0,0,0,0
AL,LORENZO,2007,13,14,20070926,1800,,TD,21.2N,94.4W,30,1009,0,0,0,0,0,0,0,0,0,0,0,0
AL,LORENZO,2007,13,14,20070927,0,,TD,21.2N,94.7W,30,1008,0,0,0,0,0,0,0,0,0,0,0,0
AL,LORENZO,2007,13,14,20070927,600,,TD,20.8N,94.8W,30,1009,0,0,0,0,0,0,0,0,0,0,0,0
AL,LORENZO,2007,13,14,20070927,1200,,TS,20.6N,95.1W,45,1006,0,30,30,30,0,0,0,0,0,0,0,0
AL,LORENZO,2007,13,14,20070927,1800,,TS,20.5N,95.7W,60,1001,30,30,60,30,0,20,30,0,0,0,0,0
AL,LORENZO,2007,13,14,20070928,0,,HU,20.5N,96.3W,70,990,40,40,60,40,15,30,30,15,10,20,20,10
AL,LORENZO,2007,13,14,20070928,500,L,HU,20.5N,97.0W,65,993,,,,,,,,,,,,
AL,LORENZO,2007,13,14,20070928,600,,HU,20.5N,97.1W,65,993,40,40,60,40,15,30,30,15,10,20,20,10
AL,LORENZO,2007,13,14,20070928,1200,,TD,20.5N,98.0W,30,1002,0,0,0,0,0,0,0,0,0,0,0,0
AL,LORENZO,2007,13,14,20070928,1800,,TD,20.7N,98.7W,20,1008,0,0,0,0,0,0,0,0,0,0,0,0
AL,MELISSA,2007,14,31,20070928,600,,TD,14.0N,25.8W,25,1010,0,0,0,0,0,0,0,0,0,0,0,0
AL,MELISSA,2007,14,31,20070928,1200,,TD,14.0N,26.2W,30,1009,0,0,0,0,0,0,0,0,0,0,0,0
AL,MELISSA,2007,14,31,20070928,1800,,TD,14.0N,26.6W,30,1008,0,0,0,0,0,0,0,0,0,0,0,0
AL,MELISSA,2007,14,31,20070929,0,,TD,14.2N,27.0W,30,1007,0,0,0,0,0,0,0,0,0,0,0,0
AL,MELISSA,2007,14,31,20070929,600,,TS,14.5N,27.4W,35,1006,60,60,30,60,0,0,0,0,0,0,0,0
AL,MELISSA,2007,14,31,20070929,1200,,TS,15.0N,28.1W,35,1005,60,60,30,60,0,0,0,0,0,0,0,0
AL,MELISSA,2007,14,31,20070929,1800,,TS,15.3N,29.0W,35,1005,60,60,30,60,0,0,0,0,0,0,0,0
AL,MELISSA,2007,14,31,20070930,0,,TS,15.6N,29.9W,35,1005,60,60,30,60,0,0,0,0,0,0,0,0
AL,MELISSA,2007,14,31,20070930,600,,TD,15.8N,30.9W,30,1006,0,0,0,0,0,0,0,0,0,0,0,0
AL,MELISSA,2007,14,31,20070930,1200,,TD,15.9N,32.0W,25,1007,0,0,0,0,0,0,0,0,0,0,0,0
AL,MELISSA,2007,14,31,20070930,1800,,LO,16.1N,33.3W,25,1007,0,0,0,0,0,0,0,0,0,0,0,0
AL,MELISSA,2007,14,31,20071001,0,,LO,16.2N,34.8W,25,1007,0,0,0,0,0,0,0,0,0,0,0,0
AL,MELISSA,2007,14,31,20071001,600,,LO,16.3N,36.0W,25,1007,0,0,0,0,0,0,0,0,0,0,0,0
AL,MELISSA,2007,14,31,20071001,1200,,LO,16.5N,37.2W,25,1008,0,0,0,0,0,0,0,0,0,0,0,0
AL,MELISSA,2007,14,31,20071001,1800,,LO,16.9N,38.6W,25,1008,0,0,0,0,0,0,0,0,0,0,0,0
AL,MELISSA,2007,14,31,20071002,0,,LO,17.2N,40.1W,25,1009,0,0,0,0,0,0,0,0,0,0,0,0
AL,MELISSA,2007,14,31,20071002,600,,LO,17.5N,41.5W,20,1010,0,0,0,0,0,0,0,0,0,0,0,0
AL,MELISSA,2007,14,31,20071002,1200,,LO,18.2N,42.6W,20,1010,0,0,0,0,0,0,0,0,0,0,0,0
AL,MELISSA,2007,14,31,20071002,1800,,LO,18.9N,43.5W,25,1010,0,0,0,0,0,0,0,0,0,0,0,0
AL,MELISSA,2007,14,31,20071003,0,,LO,19.5N,44.5W,25,1010,0,0,0,0,0,0,0,0,0,0,0,0
AL,MELISSA,2007,14,31,20071003,600,,LO,20.1N,45.5W,25,1010,0,0,0,0,0,0,0,0,0,0,0,0
AL,MELISSA,2007,14,31,20071003,1200,,LO,20.7N,46.5W,25,1010,0,0,0,0,0,0,0,0,0,0,0,0
AL,MELISSA,2007,14,31,20071003,1800,,LO,21.3N,47.5W,30,1010,0,0,0,0,0,0,0,0,0,0,0,0
AL,MELISSA,2007,14,31,20071004,0,,LO,21.7N,48.7W,25,1010,0,0,0,0,0,0,0,0,0,0,0,0
AL,MELISSA,2007,14,31,20071004,600,,LO,22.0N,49.7W,25,1010,0,0,0,0,0,0,0,0,0,0,0,0
AL,MELISSA,2007,14,31,20071004,1200,,LO,22.4N,50.7W,25,1010,0,0,0,0,0,0,0,0,0,0,0,0
AL,MELISSA,2007,14,31,20071004,1800,,LO,23.1N,51.3W,25,1010,0,0,0,0,0,0,0,0,0,0,0,0
AL,MELISSA,2007,14,31,20071005,0,,LO,23.7N,51.9W,25,1010,0,0,0,0,0,0,0,0,0,0,0,0
AL,MELISSA,2007,14,31,20071005,600,,LO,24.3N,52.5W,25,1010,0,0,0,0,0,0,0,0,0,0,0,0
AL,MELISSA,2007,14,31,20071005,1200,,LO,24.5N,53.0W,20,1011,0,0,0,0,0,0,0,0,0,0,0,0
AL,MELISSA,2007,14,31,20071005,1800,,LO,24.6N,53.5W,20,1011,0,0,0,0,0,0,0,0,0,0,0,0
AL,FIFTEEN,2007,15,26,20071011,1200,,TD,29.5N,52.6W,30,1011,0,0,0,0,0,0,0,0,0,0,0,0
AL,FIFTEEN,2007,15,26,20071011,1800,,TD,30.1N,51.0W,30,1011,0,0,0,0,0,0,0,0,0,0,0,0
AL,FIFTEEN,2007,15,26,20071012,0,,TD,30.0N,50.0W,30,1011,0,0,0,0,0,0,0,0,0,0,0,0
AL,FIFTEEN,2007,15,26,20071012,600,,TD,30.1N,49.6W,30,1011,0,0,0,0,0,0,0,0,0,0,0,0
AL,FIFTEEN,2007,15,26,20071012,1200,,TD,30.2N,49.4W,25,1011,0,0,0,0,0,0,0,0,0,0,0,0
AL,FIFTEEN,2007,15,26,20071012,1800,,TD,30.5N,49.4W,25,1012,0,0,0,0,0,0,0,0,0,0,0,0
AL,FIFTEEN,2007,15,26,20071013,0,,LO,30.9N,49.9W,25,1012,0,0,0,0,0,0,0,0,0,0,0,0
AL,FIFTEEN,2007,15,26,20071013,600,,LO,31.3N,50.3W,25,1012,0,0,0,0,0,0,0,0,0,0,0,0
AL,FIFTEEN,2007,15,26,20071013,1200,,LO,31.8N,50.3W,25,1013,0,0,0,0,0,0,0,0,0,0,0,0
AL,FIFTEEN,2007,15,26,20071013,1800,,LO,32.5N,50.0W,25,1012,0,0,0,0,0,0,0,0,0,0,0,0
AL,FIFTEEN,2007,15,26,20071014,0,,LO,33.1N,49.2W,25,1012,0,0,0,0,0,0,0,0,0,0,0,0
AL,FIFTEEN,2007,15,26,20071014,600,,LO,33.7N,48.3W,25,1012,0,0,0,0,0,0,0,0,0,0,0,0
AL,FIFTEEN,2007,15,26,20071014,1200,,EX,34.6N,46.8W,25,1010,0,0,0,0,0,0,0,0,0,0,0,0
AL,FIFTEEN,2007,15,26,20071014,1800,,EX,35.6N,44.7W,25,1010,0,0,0,0,0,0,0,0,0,0,0,0
AL,FIFTEEN,2007,15,26,20071015,0,,EX,36.0N,43.0W,25,1009,0,0,0,0,0,0,0,0,0,0,0,0
AL,FIFTEEN,2007,15,26,20071015,600,,EX,36.1N,41.4W,30,1006,0,0,0,0,0,0,0,0,0,0,0,0
AL,FIFTEEN,2007,15,26,20071015,1200,,EX,36.1N,39.9W,30,1005,0,0,0,0,0,0,0,0,0,0,0,0
AL,FIFTEEN,2007,15,26,20071015,1800,,EX,36.3N,38.8W,30,1004,0,0,0,0,0,0,0,0,0,0,0,0
AL,FIFTEEN,2007,15,26,20071016,0,,EX,37.4N,37.0W,30,1003,0,0,0,0,0,0,0,0,0,0,0,0
AL,FIFTEEN,2007,15,26,20071016,600,,EX,38.6N,35.2W,30,1000,0,0,0,0,0,0,0,0,0,0,0,0
AL,FIFTEEN,2007,15,26,20071016,1200,,EX,39.8N,33.5W,35,999,0,180,0,0,0,0,0,0,0,0,0,0
AL,FIFTEEN,2007,15,26,20071016,1800,,EX,40.8N,31.8W,40,996,150,180,0,0,0,0,0,0,0,0,0,0
AL,FIFTEEN,2007,15,26,20071017,0,,EX,41.9N,30.1W,45,996,150,150,0,0,0,0,0,0,0,0,0,0
AL,FIFTEEN,2007,15,26,20071017,600,,EX,43.7N,28.4W,45,997,150,150,0,0,0,0,0,0,0,0,0,0
AL,FIFTEEN,2007,15,26,20071017,1200,,EX,45.8N,26.7W,45,998,150,150,0,0,0,0,0,0,0,0,0,0
AL,FIFTEEN,2007,15,26,20071017,1800,,EX,48.7N,25.2W,40,999,150,150,0,0,0,0,0,0,0,0,0,0
AL,NOEL,2007,16,56,20071024,0,,LO,18.0N,60.2W,20,1010,0,0,0,0,0,0,0,0,0,0,0,0
AL,NOEL,2007,16,56,20071024,600,,LO,18.0N,60.7W,25,1009,0,0,0,0,0,0,0,0,0,0,0,0
AL,NOEL,2007,16,56,20071024,1200,,LO,18.1N,61.2W,25,1009,0,0,0,0,0,0,0,0,0,0,0,0
AL,NOEL,2007,16,56,20071024,1800,,LO,18.4N,61.7W,25,1009,0,0,0,0,0,0,0,0,0,0,0,0
AL,NOEL,2007,16,56,20071025,0,,LO,18.8N,62.3W,25,1009,0,0,0,0,0,0,0,0,0,0,0,0
AL,NOEL,2007,16,56,20071025,600,,LO,19.1N,62.9W,25,1007,0,0,0,0,0,0,0,0,0,0,0,0
AL,NOEL,2007,16,56,20071025,1200,,LO,19.2N,63.5W,25,1007,0,0,0,0,0,0,0,0,0,0,0,0
AL,NOEL,2007,16,56,20071025,1800,,LO,19.1N,64.1W,25,1006,0,0,0,0,0,0,0,0,0,0,0,0
AL,NOEL,2007,16,56,20071026,0,,LO,18.8N,64.8W,25,1005,0,0,0,0,0,0,0,0,0,0,0,0
AL,NOEL,2007,16,56,20071026,600,,LO,18.0N,65.7W,25,1005,0,0,0,0,0,0,0,0,0,0,0,0
AL,NOEL,2007,16,56,20071026,1200,,LO,17.2N,66.7W,25,1004,0,0,0,0,0,0,0,0,0,0,0,0
AL,NOEL,2007,16,56,20071026,1800,,LO,16.5N,67.7W,25,1004,0,0,0,0,0,0,0,0,0,0,0,0
AL,NOEL,2007,16,56,20071027,0,,LO,16.1N,68.5W,25,1004,0,0,0,0,0,0,0,0,0,0,0,0
AL,NOEL,2007,16,56,20071027,600,,LO,15.7N,69.3W,25,1004,0,0,0,0,0,0,0,0,0,0,0,0
AL,NOEL,2007,16,56,20071027,1200,,LO,15.3N,70.1W,25,1004,0,0,0,0,0,0,0,0,0,0,0,0
AL,NOEL,2007,16,56,20071027,1800,,LO,15.4N,71.0W,25,1004,0,0,0,0,0,0,0,0,0,0,0,0
AL,NOEL,2007,16,56,20071028,0,,TD,15.7N,71.2W,30,1003,0,0,0,0,0,0,0,0,0,0,0,0
AL,NOEL,2007,16,56,20071028,600,,TD,16.0N,71.4W,30,1002,0,0,0,0,0,0,0,0,0,0,0,0
AL,NOEL,2007,16,56,20071028,1200,,TS,16.3N,71.6W,40,999,100,0,0,75,0,0,0,0,0,0,0,0
AL,NOEL,2007,16,56,20071028,1800,,TS,16.6N,71.8W,50,996,100,60,0,75,40,0,0,40,0,0,0,0
AL,NOEL,2007,16,56,20071029,0,,TS,17.1N,72.1W,50,999,120,90,0,75,40,0,0,40,0,0,0,0
AL,NOEL,2007,16,56,20071029,600,,TS,18.0N,72.4W,45,1002,150,150,0,75,0,0,0,0,0,0,0,0
AL,NOEL,2007,16,56,20071029,700,L,TS,18.1N,72.5W,45,1002,,,,,,,,,,,,
AL,NOEL,2007,16,56,20071029,1200,,TS,19.2N,72.9W,40,1002,175,150,0,90,0,0,0,0,0,0,0,0
AL,NOEL,2007,16,56,20071029,1800,,TS,20.2N,73.6W,45,1001,175,150,0,100,0,0,0,0,0,0,0,0
AL,NOEL,2007,16,56,20071030,0,,TS,21.0N,74.6W,45,999,175,150,0,100,0,0,0,0,0,0,0,0
AL,NOEL,2007,16,56,20071030,600,L,TS,21.1N,75.8W,50,997,175,150,0,100,30,0,0,30,0,0,0,0
AL,NOEL,2007,16,56,20071030,1200,,TS,20.8N,76.8W,40,999,175,150,0,0,0,0,0,0,0,0,0,0
AL,NOEL,2007,16,56,20071030,1800,,TS,20.8N,77.4W,35,1000,150,0,0,0,0,0,0,0,0,0,0,0
AL,NOEL,2007,16,56,20071031,0,,TS,21.2N,77.8W,35,1000,150,0,0,0,0,0,0,0,0,0,0,0
AL,NOEL,2007,16,56,20071031,600,,TS,21.8N,78.1W,35,1000,150,0,0,0,0,0,0,0,0,0,0,0
AL,NOEL,2007,16,56,20071031,1200,,TS,22.5N,78.3W,45,995,100,100,0,60,0,0,0,0,0,0,0,0
AL,NOEL,2007,16,56,20071031,1800,,TS,22.6N,78.8W,45,995,100,100,0,100,0,0,0,0,0,0,0,0
AL,NOEL,2007,16,56,20071101,0,,TS,22.9N,78.6W,50,995,125,100,0,115,50,50,0,0,0,0,0,0
AL,NOEL,2007,16,56,20071101,600,,TS,23.4N,78.3W,50,993,125,100,0,115,50,50,0,0,0,0,0,0
AL,NOEL,2007,16,56,20071101,1200,,TS,23.9N,78.0W,50,993,150,100,0,100,50,50,0,0,0,0,0,0
AL,NOEL,2007,16,56,20071101,1315,L,TS,24.1N,77.9W,50,993,,,,,,,,,,,,
AL,NOEL,2007,16,56,20071101,1745,L,TS,25.0N,77.4W,55,992,,,,,,,,,,,,
AL,NOEL,2007,16,56,20071101,1800,,TS,25.1N,77.3W,55,992,175,125,30,100,75,60,0,0,0,0,0,0
AL,NOEL,2007,16,56,20071102,0,,HU,26.4N,76.5W,70,981,200,175,60,100,75,60,0,0,40,0,0,0
AL,NOEL,2007,16,56,20071102,600,,HU,27.7N,75.6W,70,981,250,250,75,120,90,90,35,40,40,0,25,25
AL,NOEL,2007,16,56,20071102,1200,,HU,28.7N,74.4W,70,981,250,270,75,150,100,100,50,100,60,30,30,60
AL,NOEL,2007,16,56,20071102,1800,,HU,30.3N,73.3W,70,980,300,270,90,150,100,100,60,100,0,30,30,60
AL,NOEL,2007,16,56,20071103,0,,EX,32.3N,72.4W,70,980,360,300,240,330,100,125,100,100,0,75,75,60
AL,NOEL,2007,16,56,20071103,600,,EX,34.3N,71.7W,70,980,450,360,240,330,140,175,140,150,0,100,0,90
AL,NOEL,2007,16,56,20071103,1200,,EX,36.4N,70.9W,75,974,540,390,240,330,180,210,180,200,0,100,0,120
AL,NOEL,2007,16,56,20071103,1800,,EX,38.8N,69.7W,75,970,540,390,240,300,180,210,180,200,0,90,0,120
AL,NOEL,2007,16,56,20071104,0,,EX,41.1N,68.2W,70,968,540,390,240,300,180,210,180,200,0,60,0,120
AL,NOEL,2007,16,56,20071104,600,,EX,43.6N,66.2W,65,965,580,390,240,125,200,225,90,75,0,60,0,30
AL,NOEL,2007,16,56,20071104,1200,,EX,47.5N,64.3W,60,966,450,400,250,125,240,240,0,0,0,0,0,0
AL,NOEL,2007,16,56,20071104,1800,,EX,51.2N,62.2W,60,966,450,400,250,125,240,240,0,0,0,0,0,0
AL,NOEL,2007,16,56,20071105,0,,EX,54.8N,59.6W,60,967,450,475,250,125,270,270,0,0,0,0,0,0
AL,NOEL,2007,16,56,20071105,600,,EX,57.9N,57.6W,55,967,450,475,250,175,270,270,0,0,0,0,0,0
AL,NOEL,2007,16,56,20071105,1200,,EX,60.4N,55.4W,55,968,420,475,250,175,270,270,0,0,0,0,0,0
AL,NOEL,2007,16,56,20071105,1800,,EX,62.3N,53.3W,55,974,420,475,250,125,270,270,0,0,0,0,0,0
AL,NOEL,2007,16,56,20071106,0,,EX,64.2N,50.4W,45,983,210,540,300,0,0,0,0,0,0,0,0,0
AL,OLGA,2007,17,25,20071210,1200,,LO,18.3N,61.8W,35,1009,175,0,0,175,0,0,0,0,0,0,0,0
AL,OLGA,2007,17,25,20071210,1800,,LO,18.3N,63.2W,35,1008,175,0,0,175,0,0,0,0,0,0,0,0
AL,OLGA,2007,17,25,20071211,0,,SS,18.4N,64.7W,35,1007,175,0,0,175,0,0,0,0,0,0,0,0
AL,OLGA,2007,17,25,20071211,600,,SS,18.5N,66.3W,40,1005,200,0,0,150,0,0,0,0,0,0,0,0
AL,OLGA,2007,17,25,20071211,700,L,SS,18.4N,66.5W,40,1005,,,,,,,,,,,,
AL,OLGA,2007,17,25,20071211,1200,,SS,18.3N,67.4W,45,1004,225,0,0,150,0,0,0,0,0,0,0,0
AL,OLGA,2007,17,25,20071211,1800,L,TS,18.5N,68.4W,50,1003,225,30,0,175,90,0,0,0,0,0,0,0
AL,OLGA,2007,17,25,20071212,0,,TS,19.0N,70.0W,50,1003,225,75,0,175,60,0,0,40,0,0,0,0
AL,OLGA,2007,17,25,20071212,600,,TS,19.1N,71.9W,40,1005,300,0,0,175,0,0,0,0,0,0,0,0
AL,OLGA,2007,17,25,20071212,1200,,TS,19.1N,73.8W,35,1008,300,0,0,0,0,0,0,0,0,0,0,0
AL,OLGA,2007,17,25,20071212,1800,,TD,19.0N,75.7W,30,1008,0,0,0,0,0,0,0,0,0,0,0,0
AL,OLGA,2007,17,25,20071213,0,,LO,18.9N,77.2W,30,1008,0,0,0,0,0,0,0,0,0,0,0,0
AL,OLGA,2007,17,25,20071213,600,,LO,19.0N,78.7W,30,1007,0,0,0,0,0,0,0,0,0,0,0,0
AL,OLGA,2007,17,25,20071213,1200,,LO,19.4N,80.1W,30,1007,0,0,0,0,0,0,0,0,0,0,0,0
AL,OLGA,2007,17,25,20071213,1800,,LO,19.6N,81.3W,30,1007,0,0,0,0,0,0,0,0,0,0,0,0
AL,OLGA,2007,17,25,20071214,0,,LO,19.7N,82.3W,30,1007,0,0,0,0,0,0,0,0,0,0,0,0
AL,OLGA,2007,17,25,20071214,600,,LO,19.7N,83.3W,30,1007,0,0,0,0,0,0,0,0,0,0,0,0
AL,OLGA,2007,17,25,20071214,1200,,LO,19.6N,84.2W,30,1007,0,0,0,0,0,0,0,0,0,0,0,0
AL,OLGA,2007,17,25,20071214,1800,,LO,19.5N,85.1W,30,1007,0,0,0,0,0,0,0,0,0,0,0,0
AL,OLGA,2007,17,25,20071215,0,,LO,20.0N,85.8W,30,1006,0,0,0,0,0,0,0,0,0,0,0,0
AL,OLGA,2007,17,25,20071215,600,,LO,20.6N,86.5W,30,1006,0,0,0,0,0,0,0,0,0,0,0,0
AL,OLGA,2007,17,25,20071215,1200,,LO,21.7N,87.4W,30,1007,0,0,0,0,0,0,0,0,0,0,0,0
AL,OLGA,2007,17,25,20071215,1800,,LO,23.3N,88.2W,30,1007,0,0,0,0,0,0,0,0,0,0,0,0
AL,OLGA,2007,17,25,20071216,0,,LO,25.0N,87.2W,30,1005,0,0,0,0,0,0,0,0,0,0,0,0
AL,OLGA,2007,17,25,20071216,600,,LO,26.3N,85.2W,25,1006,0,0,0,0,0,0,0,0,0,0,0,0
AL,ARTHUR,2008,1,10,20080531,0,,TS,17.5N,87.5W,35,1005,150,0,0,0,0,0,0,0,0,0,0,0
AL,ARTHUR,2008,1,10,20080531,600,,TS,17.8N,88.0W,40,1004,175,0,0,0,0,0,0,0,0,0,0,0
AL,ARTHUR,2008,1,10,20080531,900,L,TS,17.9N,88.2W,40,1004,200,75,0,0,0,0,0,0,0,0,0,0
AL,ARTHUR,2008,1,10,20080531,1200,,TS,18.0N,88.4W,35,1005,225,100,0,0,0,0,0,0,0,0,0,0
AL,ARTHUR,2008,1,10,20080531,1800,,TS,18.2N,88.8W,35,1005,225,100,0,0,0,0,0,0,0,0,0,0
AL,ARTHUR,2008,1,10,20080601,0,,TS,18.3N,89.2W,35,1006,150,150,0,0,0,0,0,0,0,0,0,0
AL,ARTHUR,2008,1,10,20080601,600,,TS,18.2N,89.8W,35,1006,175,200,0,0,0,0,0,0,0,0,0,0
AL,ARTHUR,2008,1,10,20080601,1200,,TD,18.0N,90.4W,30,1006,0,0,0,0,0,0,0,0,0,0,0,0
AL,ARTHUR,2008,1,10,20080601,1800,,TD,17.8N,90.8W,30,1006,0,0,0,0,0,0,0,0,0,0,0,0
AL,ARTHUR,2008,1,10,20080602,0,,LO,17.6N,91.1W,25,1006,0,0,0,0,0,0,0,0,0,0,0,0
AL,BERTHA,2008,2,74,20080703,600,,TD,12.7N,22.9W,30,1008,0,0,0,0,0,0,0,0,0,0,0,0
AL,BERTHA,2008,2,74,20080703,1200,,TS,13.1N,24.0W,35,1006,30,30,0,30,0,0,0,0,0,0,0,0
AL,BERTHA,2008,2,74,20080703,1800,,TS,13.2N,25.2W,35,1006,30,30,0,30,0,0,0,0,0,0,0,0
AL,BERTHA,2008,2,74,20080704,0,,TS,13.4N,26.5W,40,1006,60,30,0,60,0,0,0,0,0,0,0,0
AL,BERTHA,2008,2,74,20080704,600,,TS,14.0N,27.8W,40,1003,60,30,0,60,0,0,0,0,0,0,0,0
AL,BERTHA,2008,2,74,20080704,1200,,TS,14.8N,29.2W,45,1000,75,30,0,75,0,0,0,0,0,0,0,0
AL,BERTHA,2008,2,74,20080704,1800,,TS,15.4N,30.8W,45,1000,75,30,0,75,0,0,0,0,0,0,0,0
AL,BERTHA,2008,2,74,20080705,0,,TS,15.8N,32.6W,45,1000,75,30,0,75,0,0,0,0,0,0,0,0
AL,BERTHA,2008,2,74,20080705,600,,TS,16.3N,34.4W,45,1000,75,30,0,75,0,0,0,0,0,0,0,0
AL,BERTHA,2008,2,74,20080705,1200,,TS,16.4N,36.4W,45,1000,75,30,0,75,0,0,0,0,0,0,0,0
AL,BERTHA,2008,2,74,20080705,1800,,TS,16.6N,38.4W,45,1000,75,30,0,75,0,0,0,0,0,0,0,0
AL,BERTHA,2008,2,74,20080706,0,,TS,16.8N,40.3W,45,1000,75,30,0,75,0,0,0,0,0,0,0,0
AL,BERTHA,2008,2,74,20080706,600,,TS,17.0N,42.3W,45,1000,75,30,0,75,0,0,0,0,0,0,0,0
AL,BERTHA,2008,2,74,20080706,1200,,TS,17.6N,44.3W,45,1000,75,30,0,75,0,0,0,0,0,0,0,0
AL,BERTHA,2008,2,74,20080706,1800,,TS,18.4N,46.2W,45,1000,75,30,0,75,0,0,0,0,0,0,0,0
AL,BERTHA,2008,2,74,20080707,0,,TS,18.8N,47.9W,55,994,75,30,0,75,30,0,0,30,0,0,0,0
AL,BERTHA,2008,2,74,20080707,600,,HU,19.1N,49.4W,65,987,100,60,45,100,50,30,20,50,20,0,0,20
AL,BERTHA,2008,2,74,20080707,1200,,HU,19.4N,50.7W,80,975,100,60,45,100,50,30,20,50,20,0,0,20
AL,BERTHA,2008,2,74,20080707,1800,,HU,19.9N,51.6W,100,960,100,60,45,100,50,30,20,50,20,0,0,20
AL,BERTHA,2008,2,74,20080707,2100,I,HU,20.3N,51.9W,110,952,100,60,45,100,50,30,20,50,20,0,0,20
AL,BERTHA,2008,2,74,20080708,0,,HU,20.6N,52.2W,105,955,100,60,45,100,50,30,20,50,20,0,0,20
AL,BERTHA,2008,2,74,20080708,600,,HU,21.1N,52.9W,105,955,100,60,45,100,50,40,30,50,25,15,15,25
AL,BERTHA,2008,2,74,20080708,1200,,HU,21.8N,53.5W,90,970,100,60,45,100,50,40,30,50,25,15,15,25
AL,BERTHA,2008,2,74,20080708,1800,,HU,22.4N,54.4W,75,980,90,45,45,90,45,20,20,30,25,15,15,15
AL,BERTHA,2008,2,74,20080709,0,,HU,22.7N,55.2W,70,985,90,45,45,90,45,30,30,30,25,15,15,15
AL,BERTHA,2008,2,74,20080709,600,,HU,23.2N,56.1W,65,987,90,45,45,90,45,30,30,30,25,15,15,15
AL,BERTHA,2008,2,74,20080709,1200,,HU,23.8N,57.0W,65,987,120,60,45,90,50,30,30,30,25,15,15,15
AL,BERTHA,2008,2,74,20080709,1800,,HU,24.5N,57.8W,85,974,120,60,60,90,50,30,30,30,25,15,15,15
AL,BERTHA,2008,2,74,20080710,0,,HU,25.2N,58.6W,90,970,120,60,60,90,50,30,30,30,25,15,15,15
AL,BERTHA,2008,2,74,20080710,600,,HU,25.7N,59.1W,90,970,120,75,75,90,50,40,30,30,25,15,15,15
AL,BERTHA,2008,2,74,20080710,1200,,HU,26.3N,59.8W,80,977,120,75,75,90,50,40,30,30,25,15,15,15
AL,BERTHA,2008,2,74,20080710,1800,,HU,26.9N,60.5W,75,980,120,75,75,90,50,40,30,30,25,15,15,15
AL,BERTHA,2008,2,74,20080711,0,,HU,27.4N,61.0W,75,980,120,90,90,100,60,50,50,50,25,15,15,15
AL,BERTHA,2008,2,74,20080711,600,,HU,27.8N,61.5W,75,980,120,90,90,100,60,50,50,50,25,15,15,15
AL,BERTHA,2008,2,74,20080711,1200,,HU,28.3N,61.8W,75,980,120,90,90,100,60,50,50,50,25,15,15,15
AL,BERTHA,2008,2,74,20080711,1800,,HU,28.8N,62.1W,80,976,120,120,100,120,75,75,60,60,45,45,15,30
AL,BERTHA,2008,2,74,20080712,0,,HU,29.3N,62.3W,80,976,120,120,100,120,75,75,60,60,30,30,30,30
AL,BERTHA,2008,2,74,20080712,600,,HU,29.5N,62.5W,80,976,120,120,100,80,75,75,60,60,30,30,30,30
AL,BERTHA,2008,2,74,20080712,1200,,HU,29.7N,62.5W,75,976,150,150,150,120,75,75,60,60,30,30,30,30
AL,BERTHA,2008,2,74,20080712,1800,,HU,29.9N,62.5W,65,983,150,180,150,150,75,90,60,45,30,30,0,0
AL,BERTHA,2008,2,74,20080713,0,,HU,29.9N,62.4W,65,984,150,150,120,120,60,60,60,60,30,30,0,0
AL,BERTHA,2008,2,74,20080713,600,,HU,29.8N,62.5W,65,985,150,150,120,120,60,60,60,60,30,30,0,0
AL,BERTHA,2008,2,74,20080713,1200,,TS,29.9N,62.7W,60,988,150,150,120,120,60,60,60,60,0,0,0,0
AL,BERTHA,2008,2,74,20080713,1800,,TS,30.1N,62.9W,55,991,150,150,100,100,60,60,60,60,0,0,0,0
AL,BERTHA,2008,2,74,20080714,0,,TS,30.5N,63.1W,55,990,120,150,100,100,60,60,60,60,0,0,0,0
AL,BERTHA,2008,2,74,20080714,600,,TS,31.0N,63.5W,55,990,120,150,100,100,60,40,60,50,0,0,0,0
AL,BERTHA,2008,2,74,20080714,1200,,TS,31.6N,63.8W,55,994,120,150,100,100,60,60,60,60,0,0,0,0
AL,BERTHA,2008,2,74,20080714,1800,,TS,32.5N,64.1W,60,995,120,150,120,90,60,60,60,45,0,0,0,0
AL,BERTHA,2008,2,74,20080715,0,,TS,33.5N,63.8W,60,995,120,100,120,100,60,60,60,60,0,0,0,0
AL,BERTHA,2008,2,74,20080715,600,,TS,34.3N,63.5W,60,995,120,120,100,100,60,60,60,60,0,0,0,0
AL,BERTHA,2008,2,74,20080715,1200,,TS,35.3N,63.0W,60,995,100,120,100,100,75,90,75,75,0,0,0,0
AL,BERTHA,2008,2,74,20080715,1800,,TS,36.2N,62.5W,60,995,100,120,100,100,75,90,75,75,0,0,0,0
AL,BERTHA,2008,2,74,20080716,0,,TS,36.7N,61.8W,60,995,100,120,100,100,75,90,75,75,0,0,0,0
AL,BERTHA,2008,2,74,20080716,600,,TS,36.8N,61.3W,60,995,100,120,100,100,75,90,75,75,0,0,0,0
AL,BERTHA,2008,2,74,20080716,1200,,TS,36.8N,60.9W,60,995,100,120,100,100,70,90,60,50,0,0,0,0
AL,BERTHA,2008,2,74,20080716,1800,,TS,36.3N,60.7W,60,995,100,120,100,100,70,90,60,50,0,0,0,0
AL,BERTHA,2008,2,74,20080717,0,,TS,35.7N,60.3W,55,996,100,140,100,100,60,75,60,50,0,0,0,0
AL,BERTHA,2008,2,74,20080717,600,,TS,34.9N,59.7W,50,997,100,140,100,100,60,60,45,45,0,0,0,0
AL,BERTHA,2008,2,74,20080717,1200,,TS,34.3N,58.9W,50,997,90,120,120,90,60,70,60,0,0,0,0,0
AL,BERTHA,2008,2,74,20080717,1800,,TS,33.9N,57.8W,50,997,90,120,120,90,60,70,60,0,0,0,0,0
AL,BERTHA,2008,2,74,20080718,0,,TS,33.7N,56.0W,50,997,90,120,120,90,60,70,60,0,0,0,0,0
AL,BERTHA,2008,2,74,20080718,600,,TS,34.4N,54.4W,55,995,90,120,120,90,60,70,60,0,0,0,0,0
AL,BERTHA,2008,2,74,20080718,1200,,TS,35.5N,53.0W,55,995,110,150,110,75,35,50,35,0,0,0,0,0
AL,BERTHA,2008,2,74,20080718,1800,,HU,36.9N,51.5W,65,989,110,150,110,75,35,50,35,35,0,40,0,0
AL,BERTHA,2008,2,74,20080719,0,,HU,38.6N,49.7W,65,989,110,150,110,75,35,50,35,35,0,40,0,0
AL,BERTHA,2008,2,74,20080719,600,,HU,40.4N,48.0W,65,989,110,150,110,75,35,50,35,35,0,40,0,0
AL,BERTHA,2008,2,74,20080719,1200,,HU,42.1N,46.3W,65,989,175,175,110,75,75,50,50,40,40,40,0,0
AL,BERTHA,2008,2,74,20080719,1800,,HU,43.7N,44.3W,65,989,175,200,110,75,75,100,50,40,40,40,0,0
AL,BERTHA,2008,2,74,20080720,0,,TS,45.3N,42.4W,60,990,150,200,100,75,50,100,50,30,0,0,0,0
AL,BERTHA,2008,2,74,20080720,600,,TS,47.6N,40.0W,60,985,150,200,100,75,50,100,50,25,0,0,0,0
AL,BERTHA,2008,2,74,20080720,1200,,EX,50.0N,37.0W,60,985,150,200,100,150,50,150,50,50,0,0,0,0
AL,BERTHA,2008,2,74,20080720,1800,,EX,53.0N,34.0W,55,990,180,240,150,0,0,90,0,0,0,0,0,0
AL,BERTHA,2008,2,74,20080721,0,,EX,55.1N,31.0W,50,990,150,300,180,0,0,120,0,0,0,0,0,0
AL,BERTHA,2008,2,74,20080721,600,,EX,58.5N,27.0W,45,990,120,330,240,0,0,0,0,0,0,0,0,0
AL,CRISTOBAL,2008,3,18,20080719,0,,TD,31.7N,79.8W,25,1010,0,0,0,0,0,0,0,0,0,0,0,0
AL,CRISTOBAL,2008,3,18,20080719,600,,TD,32.2N,79.4W,25,1009,0,0,0,0,0,0,0,0,0,0,0,0
AL,CRISTOBAL,2008,3,18,20080719,1200,,TS,32.4N,78.8W,35,1007,75,75,0,0,0,0,0,0,0,0,0,0
AL,CRISTOBAL,2008,3,18,20080719,1800,,TS,32.8N,78.2W,45,1006,75,75,0,0,0,0,0,0,0,0,0,0
AL,CRISTOBAL,2008,3,18,20080720,0,,TS,33.2N,77.8W,45,1006,75,75,0,0,0,0,0,0,0,0,0,0
AL,CRISTOBAL,2008,3,18,20080720,600,,TS,33.7N,77.4W,45,1006,75,75,0,0,0,0,0,0,0,0,0,0
AL,CRISTOBAL,2008,3,18,20080720,1200,,TS,34.1N,76.7W,45,1006,0,100,0,0,0,0,0,0,0,0,0,0
AL,CRISTOBAL,2008,3,18,20080720,1800,,TS,34.5N,76.1W,45,1007,0,100,0,0,0,0,0,0,0,0,0,0
AL,CRISTOBAL,2008,3,18,20080721,0,,TS,34.9N,75.4W,45,1005,0,100,0,0,0,0,0,0,0,0,0,0
AL,CRISTOBAL,2008,3,18,20080721,600,,TS,35.6N,74.3W,50,1004,0,110,50,0,0,45,0,0,0,0,0,0
AL,CRISTOBAL,2008,3,18,20080721,1200,,TS,36.2N,73.2W,55,1000,60,110,60,0,0,45,0,0,0,0,0,0
AL,CRISTOBAL,2008,3,18,20080721,1800,,TS,36.8N,72.0W,55,1000,60,110,60,0,0,45,0,0,0,0,0,0
AL,CRISTOBAL,2008,3,18,20080722,0,,TS,37.4N,70.7W,55,1000,75,90,45,0,0,45,0,0,0,0,0,0
AL,CRISTOBAL,2008,3,18,20080722,600,,TS,38.4N,69.2W,55,1000,75,90,45,0,0,45,0,0,0,0,0,0
AL,CRISTOBAL,2008,3,18,20080722,1200,,TS,40.0N,67.0W,55,998,75,90,45,0,0,45,0,0,0,0,0,0
AL,CRISTOBAL,2008,3,18,20080722,1800,,TS,41.7N,64.2W,50,1000,60,90,45,0,0,45,0,0,0,0,0,0
AL,CRISTOBAL,2008,3,18,20080723,0,,TS,43.3N,60.7W,45,1001,60,75,45,0,0,0,0,0,0,0,0,0
AL,CRISTOBAL,2008,3,18,20080723,600,,TS,44.4N,57.5W,40,1004,45,75,75,0,0,0,0,0,0,0,0,0
AL,DOLLY,2008,4,31,20080720,1200,,TS,17.8N,83.6W,40,1008,100,150,0,0,0,0,0,0,0,0,0,0
AL,DOLLY,2008,4,31,20080720,1800,,TS,18.6N,84.6W,40,1008,150,150,0,150,0,0,0,0,0,0,0,0
AL,DOLLY,2008,4,31,20080721,0,,TS,19.8N,85.8W,45,1007,150,150,0,150,0,0,0,0,0,0,0,0
AL,DOLLY,2008,4,31,20080721,530,L,TS,20.8N,87.0W,45,1007,150,150,0,150,0,0,0,0,0,0,0,0
AL,DOLLY,2008,4,31,20080721,600,,TS,20.9N,87.2W,45,1007,150,150,0,150,0,0,0,0,0,0,0,0
AL,DOLLY,2008,4,31,20080721,1200,,TS,21.8N,88.8W,45,1005,150,150,0,150,0,0,0,0,0,0,0,0
AL,DOLLY,2008,4,31,20080721,1800,,TS,22.8N,90.4W,45,1005,150,120,0,120,0,0,0,0,0,0,0,0
AL,DOLLY,2008,4,31,20080722,0,,TS,23.0N,92.0W,45,1000,150,120,30,120,0,0,0,0,0,0,0,0
AL,DOLLY,2008,4,31,20080722,600,,TS,23.2N,93.3W,45,999,140,120,30,120,0,0,0,0,0,0,0,0
AL,DOLLY,2008,4,31,20080722,1200,,TS,23.7N,94.1W,55,993,140,120,60,120,50,30,20,40,0,0,0,0
AL,DOLLY,2008,4,31,20080722,1800,,TS,24.3N,94.9W,60,990,140,120,100,120,50,30,25,40,0,0,0,0
AL,DOLLY,2008,4,31,20080723,0,,HU,24.9N,95.7W,65,982,120,120,100,100,40,40,30,40,20,0,20,20
AL,DOLLY,2008,4,31,20080723,600,,HU,25.4N,96.2W,70,982,120,120,100,100,40,40,30,40,20,0,20,20
AL,DOLLY,2008,4,31,20080723,1200,,HU,25.9N,96.7W,85,967,120,120,100,100,50,50,50,40,20,20,20,20
AL,DOLLY,2008,4,31,20080723,1400,I,HU,26.0N,96.8W,85,963,120,120,100,100,50,50,50,40,20,20,20,20
AL,DOLLY,2008,4,31,20080723,1800,,HU,26.4N,97.2W,75,967,120,120,45,45,40,40,30,30,30,20,20,20
AL,DOLLY,2008,4,31,20080723,1820,L,HU,26.4N,97.2W,75,967,120,120,45,45,40,40,30,30,30,20,20,20
AL,DOLLY,2008,4,31,20080723,2000,L,HU,26.4N,97.4W,70,967,120,120,45,45,40,40,30,30,30,20,20,20
AL,DOLLY,2008,4,31,20080724,0,,HU,26.5N,97.8W,65,976,100,100,45,45,30,30,25,25,15,15,15,15
AL,DOLLY,2008,4,31,20080724,600,,TS,26.7N,98.3W,55,986,75,75,40,40,20,20,20,20,0,0,0,0
AL,DOLLY,2008,4,31,20080724,1200,,TS,27.2N,98.9W,45,992,75,75,40,40,0,0,0,0,0,0,0,0
AL,DOLLY,2008,4,31,20080724,1800,,TS,27.9N,100.0W,35,995,75,75,40,40,0,0,0,0,0,0,0,0
AL,DOLLY,2008,4,31,20080725,0,,TD,28.3N,101.4W,25,1000,0,0,0,0,0,0,0,0,0,0,0,0
AL,DOLLY,2008,4,31,20080725,600,,TD,28.5N,102.7W,25,1004,0,0,0,0,0,0,0,0,0,0,0,0
AL,DOLLY,2008,4,31,20080725,1200,,TD,28.8N,104.0W,25,1008,0,0,0,0,0,0,0,0,0,0,0,0
AL,DOLLY,2008,4,31,20080725,1800,,TD,29.4N,105.0W,25,1009,0,0,0,0,0,0,0,0,0,0,0,0
AL,DOLLY,2008,4,31,20080726,0,,LO,30.0N,105.7W,20,1012,0,0,0,0,0,0,0,0,0,0,0,0
AL,DOLLY,2008,4,31,20080726,600,,LO,30.5N,106.0W,20,1011,0,0,0,0,0,0,0,0,0,0,0,0
AL,DOLLY,2008,4,31,20080726,1200,,LO,31.0N,106.3W,20,1010,0,0,0,0,0,0,0,0,0,0,0,0
AL,DOLLY,2008,4,31,20080726,1800,,LO,31.9N,106.7W,20,1014,0,0,0,0,0,0,0,0,0,0,0,0
AL,DOLLY,2008,4,31,20080727,0,,LO,32.9N,106.3W,20,1016,0,0,0,0,0,0,0,0,0,0,0,0
AL,EDOUARD,2008,5,14,20080803,1200,,TD,28.1N,87.4W,25,1010,0,0,0,0,0,0,0,0,0,0,0,0
AL,EDOUARD,2008,5,14,20080803,1800,,TD,28.1N,87.8W,30,1009,0,0,0,0,0,0,0,0,0,0,0,0
AL,EDOUARD,2008,5,14,20080804,0,,TS,28.1N,88.5W,45,1002,20,30,0,0,0,0,0,0,0,0,0,0
AL,EDOUARD,2008,5,14,20080804,600,,TS,28.1N,89.6W,40,1005,30,0,0,0,0,0,0,0,0,0,0,0
AL,EDOUARD,2008,5,14,20080804,1200,,TS,28.1N,90.3W,40,1002,30,0,0,0,0,0,0,0,0,0,0,0
AL,EDOUARD,2008,5,14,20080804,1800,,TS,28.3N,91.0W,40,1001,60,60,0,60,0,0,0,0,0,0,0,0
AL,EDOUARD,2008,5,14,20080805,0,,TS,28.5N,91.7W,50,999,60,60,45,60,30,0,0,0,0,0,0,0
AL,EDOUARD,2008,5,14,20080805,600,,TS,29.0N,92.9W,55,997,60,60,45,60,30,0,0,0,0,0,0,0
AL,EDOUARD,2008,5,14,20080805,1200,L,TS,29.6N,94.2W,55,996,60,60,45,45,20,0,0,0,0,0,0,0
AL,EDOUARD,2008,5,14,20080805,1800,,TS,30.0N,94.8W,40,999,0,60,0,0,0,0,0,0,0,0,0,0
AL,EDOUARD,2008,5,14,20080806,0,,TD,30.6N,95.7W,30,1003,0,0,0,0,0,0,0,0,0,0,0,0
AL,EDOUARD,2008,5,14,20080806,600,,LO,31.4N,97.0W,25,1008,0,0,0,0,0,0,0,0,0,0,0,0
AL,EDOUARD,2008,5,14,20080806,1200,,LO,32.0N,98.0W,20,1011,0,0,0,0,0,0,0,0,0,0,0,0
AL,EDOUARD,2008,5,14,20080806,1800,,LO,32.7N,98.7W,20,1012,0,0,0,0,0,0,0,0,0,0,0,0
AL,FAY,2008,6,60,20080815,1200,,TD,18.4N,67.4W,30,1011,0,0,0,0,0,0,0,0,0,0,0,0
AL,FAY,2008,6,60,20080815,1430,L,TS,18.5N,68.4W,35,1009,,,,,,,,,,,,
AL,FAY,2008,6,60,20080815,1800,,TS,18.5N,68.8W,35,1009,75,0,0,75,0,0,0,0,0,0,0,0
AL,FAY,2008,6,60,20080816,0,,TS,18.6N,70.2W,40,1008,90,60,0,75,0,0,0,0,0,0,0,0
AL,FAY,2008,6,60,20080816,600,,TS,18.7N,71.4W,40,1008,90,60,0,75,0,0,0,0,0,0,0,0
AL,FAY,2008,6,60,20080816,1145,L,TS,18.8N,72.8W,40,1007,,,,,,,,,,,,
AL,FAY,2008,6,60,20080816,1200,,TS,18.8N,72.9W,40,1007,90,60,0,75,0,0,0,0,0,0,0,0
AL,FAY,2008,6,60,20080816,1800,,TS,19.1N,74.6W,40,1007,90,60,0,0,0,0,0,0,0,0,0,0
AL,FAY,2008,6,60,20080817,0,,TS,19.3N,75.7W,45,1005,90,60,0,0,0,0,0,0,0,0,0,0
AL,FAY,2008,6,60,20080817,600,,TS,19.6N,76.9W,45,1004,90,50,0,0,0,0,0,0,0,0,0,0
AL,FAY,2008,6,60,20080817,900,L,TS,19.9N,77.4W,45,1004,,,,,,,,,,,,
AL,FAY,2008,6,60,20080817,1200,,TS,20.0N,78.1W,45,1003,90,50,0,0,0,0,0,0,0,0,0,0
AL,FAY,2008,6,60,20080817,1800,,TS,20.7N,79.6W,45,1006,90,90,0,0,0,0,0,0,0,0,0,0
AL,FAY,2008,6,60,20080818,0,,TS,21.1N,80.3W,45,1001,90,90,0,0,0,0,0,0,0,0,0,0
AL,FAY,2008,6,60,20080818,600,,TS,21.9N,80.8W,45,1003,30,90,0,0,0,0,0,0,0,0,0,0
AL,FAY,2008,6,60,20080818,700,L,TS,22.1N,80.8W,45,1003,,,,,,,,,,,,
AL,FAY,2008,6,60,20080818,1200,,TS,23.2N,81.2W,50,1002,100,90,0,0,65,0,0,0,0,0,0,0
AL,FAY,2008,6,60,20080818,1800,,TS,24.3N,81.7W,50,1000,110,90,30,30,60,0,0,0,0,0,0,0
AL,FAY,2008,6,60,20080818,2030,L,TS,24.5N,81.8W,50,998,,,,,,,,,,,,
AL,FAY,2008,6,60,20080819,0,,TS,25.0N,81.9W,50,997,110,90,30,30,60,0,0,0,0,0,0,0
AL,FAY,2008,6,60,20080819,600,,TS,25.5N,81.8W,55,994,110,90,30,30,60,60,15,0,0,0,0,0
AL,FAY,2008,6,60,20080819,845,L,TS,25.9N,81.6W,55,991,,,,,,,,,,,,
AL,FAY,2008,6,60,20080819,1200,,TS,26.4N,81.4W,55,988,100,90,30,30,30,30,0,0,0,0,0,0
AL,FAY,2008,6,60,20080819,1800,,TS,27.0N,81.1W,60,986,120,150,30,30,20,20,0,0,0,0,0,0
AL,FAY,2008,6,60,20080820,0,,TS,27.5N,80.9W,55,988,120,120,30,30,20,20,0,0,0,0,0,0
AL,FAY,2008,6,60,20080820,600,,TS,28.0N,80.6W,50,992,120,100,30,40,20,20,0,0,0,0,0,0
AL,FAY,2008,6,60,20080820,1200,,TS,28.4N,80.6W,45,994,100,90,0,0,0,0,0,0,0,0,0,0
AL,FAY,2008,6,60,20080820,1800,,TS,28.7N,80.6W,45,997,120,100,0,30,0,0,0,0,0,0,0,0
AL,FAY,2008,6,60,20080821,0,,TS,28.9N,80.5W,50,993,130,100,40,100,40,40,0,0,0,0,0,0
AL,FAY,2008,6,60,20080821,600,,TS,29.1N,80.7W,50,993,130,100,40,100,60,40,0,0,0,0,0,0
AL,FAY,2008,6,60,20080821,1200,,TS,29.2N,80.7W,50,993,130,100,40,100,60,40,0,0,0,0,0,0
AL,FAY,2008,6,60,20080821,1800,,TS,29.3N,81.0W,55,993,130,100,40,100,60,40,0,0,0,0,0,0
AL,FAY,2008,6,60,20080821,1900,L,TS,29.3N,81.1W,55,993,,,,,,,,,,,,
AL,FAY,2008,6,60,20080822,0,,TS,29.3N,81.2W,50,994,150,130,50,100,50,40,0,0,0,0,0,0
AL,FAY,2008,6,60,20080822,600,,TS,29.5N,81.9W,50,995,150,120,0,0,40,30,0,0,0,0,0,0
AL,FAY,2008,6,60,20080822,1200,,TS,29.6N,82.4W,45,996,120,100,0,0,0,0,0,0,0,0,0,0
AL,FAY,2008,6,60,20080822,1800,,TS,29.8N,83.0W,40,997,120,100,40,0,0,0,0,0,0,0,0,0
AL,FAY,2008,6,60,20080823,0,,TS,29.7N,83.8W,45,996,0,80,80,0,0,0,0,0,0,0,0,0
AL,FAY,2008,6,60,20080823,600,,TS,29.8N,84.7W,45,997,0,80,80,0,0,0,0,0,0,0,0,0
AL,FAY,2008,6,60,20080823,615,L,TS,29.8N,84.7W,45,997,,,,,,,,,,,,
AL,FAY,2008,6,60,20080823,1200,,TS,30.0N,85.2W,40,998,0,80,80,0,0,0,0,0,0,0,0,0
AL,FAY,2008,6,60,20080823,1800,,TS,30.5N,85.9W,40,999,0,80,30,0,0,0,0,0,0,0,0,0
AL,FAY,2008,6,60,20080824,0,,TD,30.8N,86.7W,30,999,0,0,0,0,0,0,0,0,0,0,0,0
AL,FAY,2008,6,60,20080824,600,,TD,31.1N,87.7W,30,999,0,0,0,0,0,0,0,0,0,0,0,0
AL,FAY,2008,6,60,20080824,1200,,TD,31.8N,88.4W,30,1000,0,0,0,0,0,0,0,0,0,0,0,0
AL,FAY,2008,6,60,20080824,1800,,TD,31.5N,89.7W,30,1001,0,0,0,0,0,0,0,0,0,0,0,0
AL,FAY,2008,6,60,20080825,0,,TD,31.3N,90.0W,30,1001,0,0,0,0,0,0,0,0,0,0,0,0
AL,FAY,2008,6,60,20080825,600,,TD,31.5N,89.9W,30,1002,0,0,0,0,0,0,0,0,0,0,0,0
AL,FAY,2008,6,60,20080825,1200,,TD,32.0N,89.4W,25,1002,0,0,0,0,0,0,0,0,0,0,0,0
AL,FAY,2008,6,60,20080825,1800,,TD,32.4N,89.0W,25,1002,0,0,0,0,0,0,0,0,0,0,0,0
AL,FAY,2008,6,60,20080826,0,,TD,32.7N,88.6W,20,1002,0,0,0,0,0,0,0,0,0,0,0,0
AL,FAY,2008,6,60,20080826,600,,TD,33.3N,87.9W,20,1003,0,0,0,0,0,0,0,0,0,0,0,0
AL,FAY,2008,6,60,20080826,1200,,TD,33.9N,87.2W,20,1003,0,0,0,0,0,0,0,0,0,0,0,0
AL,FAY,2008,6,60,20080826,1800,,TD,34.6N,86.5W,20,1004,0,0,0,0,0,0,0,0,0,0,0,0
AL,FAY,2008,6,60,20080827,0,,TD,35.0N,85.8W,15,1005,0,0,0,0,0,0,0,0,0,0,0,0
AL,FAY,2008,6,60,20080827,600,,EX,35.5N,85.1W,15,1006,0,0,0,0,0,0,0,0,0,0,0,0
AL,FAY,2008,6,60,20080827,1200,,EX,36.1N,84.4W,15,1007,0,0,0,0,0,0,0,0,0,0,0,0
AL,FAY,2008,6,60,20080827,1800,,EX,36.9N,83.6W,15,1008,0,0,0,0,0,0,0,0,0,0,0,0
AL,FAY,2008,6,60,20080828,0,,EX,37.4N,83.2W,15,1009,0,0,0,0,0,0,0,0,0,0,0,0
AL,FAY,2008,6,60,20080828,600,,EX,37.7N,82.6W,15,1010,0,0,0,0,0,0,0,0,0,0,0,0
AL,GUSTAV,2008,7,50,20080825,0,,TD,13.5N,67.4W,25,1008,0,0,0,0,0,0,0,0,0,0,0,0
AL,GUSTAV,2008,7,50,20080825,600,,TD,14.4N,68.5W,30,1005,0,0,0,0,0,0,0,0,0,0,0,0
AL,GUSTAV,2008,7,50,20080825,1200,,TS,15.1N,69.6W,35,1002,30,20,30,30,0,0,0,0,0,0,0,0
AL,GUSTAV,2008,7,50,20080825,1800,,TS,15.8N,70.5W,50,996,45,30,30,30,20,15,0,0,0,0,0,0
AL,GUSTAV,2008,7,50,20080826,0,,TS,16.4N,71.2W,60,991,45,30,30,30,20,15,0,0,0,0,0,0
AL,GUSTAV,2008,7,50,20080826,600,,HU,16.9N,71.7W,75,986,60,45,30,30,20,20,15,15,15,15,10,10
AL,GUSTAV,2008,7,50,20080826,1200,,HU,17.5N,72.1W,80,981,60,45,30,30,25,20,15,15,15,15,10,10
AL,GUSTAV,2008,7,50,20080826,1800,L,HU,18.1N,72.8W,70,992,45,45,30,30,25,20,15,15,15,0,0,10
AL,GUSTAV,2008,7,50,20080827,0,,TS,18.4N,73.1W,50,995,45,45,30,30,20,0,0,0,0,0,0,0
AL,GUSTAV,2008,7,50,20080827,600,,TS,18.6N,73.4W,45,999,45,45,30,30,0,0,0,0,0,0,0,0
AL,GUSTAV,2008,7,50,20080827,1200,,TS,18.7N,73.7W,45,998,45,45,0,0,0,0,0,0,0,0,0,0
AL,GUSTAV,2008,7,50,20080827,1800,,TS,18.9N,74.0W,45,999,45,45,0,0,0,0,0,0,0,0,0,0
AL,GUSTAV,2008,7,50,20080828,0,,TS,18.8N,75.1W,40,999,30,30,0,30,0,0,0,0,0,0,0,0
AL,GUSTAV,2008,7,50,20080828,600,,TS,18.1N,75.4W,45,995,45,30,30,30,0,0,0,0,0,0,0,0
AL,GUSTAV,2008,7,50,20080828,1200,,TS,17.9N,75.7W,60,984,60,45,40,40,20,0,0,0,0,0,0,0
AL,GUSTAV,2008,7,50,20080828,1800,L,TS,18.0N,76.2W,60,984,60,40,40,40,20,20,0,0,0,0,0,0
AL,GUSTAV,2008,7,50,20080829,0,,TS,17.8N,77.0W,60,987,90,80,40,50,30,20,0,0,0,0,0,0
AL,GUSTAV,2008,7,50,20080829,200,L,TS,17.9N,77.2W,60,987,90,80,40,50,30,20,0,0,0,0,0,0
AL,GUSTAV,2008,7,50,20080829,600,,TS,18.0N,77.7W,55,990,120,120,40,60,40,20,0,20,0,0,0,0
AL,GUSTAV,2008,7,50,20080829,1200,,TS,18.3N,78.4W,50,989,120,120,40,60,50,30,0,30,0,0,0,0
AL,GUSTAV,2008,7,50,20080829,1800,,HU,18.8N,79.2W,65,984,130,120,70,100,60,40,25,40,25,0,0,0
AL,GUSTAV,2008,7,50,20080830,0,,HU,19.2N,80.0W,75,975,140,120,90,120,75,50,35,50,50,0,0,0
AL,GUSTAV,2008,7,50,20080830,600,,HU,19.7N,80.8W,85,968,140,120,75,120,75,60,40,60,50,30,0,30
AL,GUSTAV,2008,7,50,20080830,1200,,HU,20.7N,81.6W,110,955,140,120,75,120,90,90,45,60,50,30,25,30
AL,GUSTAV,2008,7,50,20080830,1800,L,HU,21.6N,82.5W,125,943,150,120,90,120,100,90,45,60,60,40,25,30
AL,GUSTAV,2008,7,50,20080830,2200,L,HU,22.4N,83.1W,135,941,155,120,95,125,100,90,50,65,60,45,20,30
AL,GUSTAV,2008,7,50,20080831,0,,HU,22.7N,83.5W,120,950,160,120,100,135,100,90,60,75,60,40,30,35
AL,GUSTAV,2008,7,50,20080831,600,,HU,23.6N,84.4W,105,960,175,135,120,135,120,75,60,75,45,30,30,30
AL,GUSTAV,2008,7,50,20080831,1200,,HU,24.8N,85.5W,100,961,190,150,120,150,120,90,60,90,45,30,25,30
AL,GUSTAV,2008,7,50,20080831,1800,,HU,25.9N,86.7W,95,960,200,175,130,165,120,90,60,90,60,40,25,40
AL,GUSTAV,2008,7,50,20080901,0,,HU,26.9N,87.7W,95,953,200,180,140,180,130,90,60,120,70,40,30,60
AL,GUSTAV,2008,7,50,20080901,600,,HU,27.9N,89.0W,95,954,220,200,140,160,130,100,60,100,70,40,30,50
AL,GUSTAV,2008,7,50,20080901,1200,,HU,28.8N,90.3W,95,955,200,200,140,150,130,100,60,90,70,50,40,40
AL,GUSTAV,2008,7,50,20080901,1500,L,HU,29.2N,90.7W,90,954,175,175,140,135,130,100,70,75,35,50,40,30
AL,GUSTAV,2008,7,50,20080901,1800,,HU,29.8N,91.4W,85,958,150,160,140,75,45,75,70,50,25,30,30,25
AL,GUSTAV,2008,7,50,20080902,0,,TS,30.7N,92.3W,60,971,100,100,75,60,35,35,0,35,0,0,0,0
AL,GUSTAV,2008,7,50,20080902,600,,TS,31.4N,93.1W,40,981,60,40,0,40,0,0,0,0,0,0,0,0
AL,GUSTAV,2008,7,50,20080902,1200,,TD,32.1N,93.5W,30,989,0,0,0,0,0,0,0,0,0,0,0,0
AL,GUSTAV,2008,7,50,20080902,1800,,TD,32.7N,93.9W,20,993,0,0,0,0,0,0,0,0,0,0,0,0
AL,GUSTAV,2008,7,50,20080903,0,,TD,33.2N,93.9W,20,995,0,0,0,0,0,0,0,0,0,0,0,0
AL,GUSTAV,2008,7,50,20080903,600,,TD,33.7N,94.3W,20,997,0,0,0,0,0,0,0,0,0,0,0,0
AL,GUSTAV,2008,7,50,20080903,1200,,TD,33.8N,94.4W,20,997,0,0,0,0,0,0,0,0,0,0,0,0
AL,GUSTAV,2008,7,50,20080903,1800,,TD,34.0N,94.4W,20,998,0,0,0,0,0,0,0,0,0,0,0,0
AL,GUSTAV,2008,7,50,20080904,0,,TD,34.3N,94.1W,15,998,0,0,0,0,0,0,0,0,0,0,0,0
AL,GUSTAV,2008,7,50,20080904,600,,TD,34.8N,93.4W,15,999,0,0,0,0,0,0,0,0,0,0,0,0
AL,GUSTAV,2008,7,50,20080904,1200,,EX,36.2N,92.3W,15,1000,0,0,0,0,0,0,0,0,0,0,0,0
AL,GUSTAV,2008,7,50,20080904,1800,,EX,38.5N,90.7W,20,1000,0,0,0,0,0,0,0,0,0,0,0,0
AL,GUSTAV,2008,7,50,20080905,0,,EX,40.2N,88.7W,20,1002,0,0,0,0,0,0,0,0,0,0,0,0
AL,GUSTAV,2008,7,50,20080905,600,,EX,42.2N,86.5W,20,1002,0,0,0,0,0,0,0,0,0,0,0,0
AL,GUSTAV,2008,7,50,20080905,1200,,EX,43.7N,83.8W,20,1004,0,0,0,0,0,0,0,0,0,0,0,0
AL,HANNA,2008,8,49,20080828,0,,TD,19.4N,57.3W,30,1007,0,0,0,0,0,0,0,0,0,0,0,0
AL,HANNA,2008,8,49,20080828,600,,TD,19.7N,57.8W,30,1004,0,0,0,0,0,0,0,0,0,0,0,0
AL,HANNA,2008,8,49,20080828,1200,,TS,20.1N,58.6W,35,1003,50,50,0,0,0,0,0,0,0,0,0,0
AL,HANNA,2008,8,49,20080828,1800,,TS,20.5N,59.6W,35,1003,50,50,0,0,0,0,0,0,0,0,0,0
AL,HANNA,2008,8,49,20080829,0,,TS,20.8N,60.5W,40,1001,50,50,0,30,0,0,0,0,0,0,0,0
AL,HANNA,2008,8,49,20080829,600,,TS,20.9N,61.5W,45,1000,60,60,0,30,0,0,0,0,0,0,0,0
AL,HANNA,2008,8,49,20080829,1200,,TS,21.1N,62.4W,45,1000,75,75,0,30,0,0,0,0,0,0,0,0
AL,HANNA,2008,8,49,20080829,1800,,TS,21.5N,63.4W,45,1000,100,100,0,50,0,0,0,0,0,0,0,0
AL,HANNA,2008,8,49,20080830,0,,TS,21.7N,64.5W,45,1000,125,125,0,75,0,0,0,0,0,0,0,0
AL,HANNA,2008,8,49,20080830,600,,TS,21.8N,65.5W,45,1000,150,125,0,75,0,0,0,0,0,0,0,0
AL,HANNA,2008,8,49,20080830,1200,,TS,21.9N,66.2W,45,1000,160,140,0,75,0,0,0,0,0,0,0,0
AL,HANNA,2008,8,49,20080830,1800,,TS,22.2N,66.9W,45,1000,160,140,0,100,0,0,0,0,0,0,0,0
AL,HANNA,2008,8,49,20080831,0,,TS,22.6N,67.5W,50,999,160,150,0,130,75,0,0,75,0,0,0,0
AL,HANNA,2008,8,49,20080831,600,,TS,23.1N,68.5W,45,999,140,140,0,130,0,0,0,0,0,0,0,0
AL,HANNA,2008,8,49,20080831,1200,,TS,23.5N,69.8W,40,999,120,120,0,120,0,0,0,0,0,0,0,0
AL,HANNA,2008,8,49,20080831,1800,,TS,23.6N,71.0W,40,997,100,100,75,100,0,0,0,0,0,0,0,0
AL,HANNA,2008,8,49,20080901,0,,TS,23.5N,71.7W,45,997,100,100,75,100,0,0,0,0,0,0,0,0
AL,HANNA,2008,8,49,20080901,600,,TS,23.2N,72.0W,50,996,120,120,75,100,60,60,40,50,0,0,0,0
AL,HANNA,2008,8,49,20080901,1200,,TS,22.8N,72.2W,60,990,120,140,75,100,60,60,40,50,0,0,0,0
AL,HANNA,2008,8,49,20080901,1800,,HU,22.3N,72.4W,70,985,130,140,75,100,90,90,40,50,40,0,0,0
AL,HANNA,2008,8,49,20080902,0,L,HU,21.8N,72.3W,75,977,150,150,100,100,90,90,60,60,40,0,0,40
AL,HANNA,2008,8,49,20080902,600,,HU,21.4N,72.7W,65,980,150,150,100,100,90,90,60,60,30,30,20,30
AL,HANNA,2008,8,49,20080902,1200,,TS,21.0N,73.0W,60,983,150,150,100,75,75,75,50,30,0,0,0,0
AL,HANNA,2008,8,49,20080902,1800,,TS,20.6N,72.9W,55,985,150,150,100,75,75,75,50,30,0,0,0,0
AL,HANNA,2008,8,49,20080903,0,,TS,20.4N,72.6W,55,988,200,175,75,75,60,60,30,30,0,0,0,0
AL,HANNA,2008,8,49,20080903,600,,TS,20.2N,72.4W,50,991,225,175,50,150,60,60,30,30,0,0,0,0
AL,HANNA,2008,8,49,20080903,1200,,TS,20.6N,71.9W,45,996,250,200,0,200,0,0,0,0,0,0,0,0
AL,HANNA,2008,8,49,20080903,1800,,TS,21.6N,71.8W,50,994,250,200,0,200,85,0,0,75,0,0,0,0
AL,HANNA,2008,8,49,20080903,1900,L,TS,21.7N,71.8W,50,994,250,200,0,200,85,0,0,75,0,0,0,0
AL,HANNA,2008,8,49,20080904,0,,TS,22.7N,71.8W,55,989,250,200,30,230,85,0,0,75,0,0,0,0
AL,HANNA,2008,8,49,20080904,600,,TS,23.4N,72.4W,60,990,250,200,30,230,90,0,0,90,0,0,0,0
AL,HANNA,2008,8,49,20080904,1200,,TS,24.1N,73.2W,55,989,275,200,30,230,90,0,0,90,0,0,0,0
AL,HANNA,2008,8,49,20080904,1800,,TS,25.1N,74.3W,55,989,275,225,30,200,90,0,0,90,0,0,0,0
AL,HANNA,2008,8,49,20080905,0,,TS,26.1N,75.8W,55,987,275,225,60,150,90,0,20,90,0,0,0,0
AL,HANNA,2008,8,49,20080905,600,,TS,27.2N,77.3W,55,984,275,225,60,120,90,0,20,90,0,0,0,0
AL,HANNA,2008,8,49,20080905,1200,,TS,28.2N,78.5W,55,980,250,225,75,120,90,90,20,90,0,0,0,0
AL,HANNA,2008,8,49,20080905,1800,,TS,29.9N,78.7W,60,980,250,200,75,120,90,90,20,50,0,0,0,0
AL,HANNA,2008,8,49,20080906,0,,TS,31.5N,79.3W,60,980,200,175,75,75,60,60,20,50,0,0,0,0
AL,HANNA,2008,8,49,20080906,600,,TS,33.4N,78.8W,60,981,175,175,75,0,60,60,20,0,0,0,0,0
AL,HANNA,2008,8,49,20080906,700,L,TS,33.8N,78.7W,60,981,175,175,75,0,60,60,20,0,0,0,0,0
AL,HANNA,2008,8,49,20080906,1200,,TS,35.7N,78.1W,45,985,175,175,0,0,0,0,0,0,0,0,0,0
AL,HANNA,2008,8,49,20080906,1800,,TS,37.8N,76.7W,45,993,160,175,0,0,0,0,0,0,0,0,0,0
AL,HANNA,2008,8,49,20080907,0,,TS,40.0N,74.5W,45,994,160,175,0,0,0,0,0,0,0,0,0,0
AL,HANNA,2008,8,49,20080907,600,,EX,41.9N,71.7W,45,995,0,175,150,0,0,0,0,0,0,0,0,0
AL,HANNA,2008,8,49,20080907,1200,,EX,43.8N,68.0W,45,995,0,210,75,0,0,0,0,0,0,0,0,0
AL,HANNA,2008,8,49,20080907,1800,,EX,45.7N,63.7W,45,995,0,210,0,0,0,0,0,0,0,0,0,0
AL,HANNA,2008,8,49,20080908,0,,EX,47.0N,59.1W,40,996,0,210,0,0,0,0,0,0,0,0,0,0
AL,HANNA,2008,8,49,20080908,600,,EX,47.5N,55.4W,40,996,0,210,0,0,0,0,0,0,0,0,0,0
AL,HANNA,2008,8,49,20080908,1200,,EX,47.8N,52.1W,35,996,120,240,0,90,0,0,0,0,0,0,0,0
AL,IKE,2008,9,62,20080901,600,,TD,17.2N,37.0W,30,1006,0,0,0,0,0,0,0,0,0,0,0,0
AL,IKE,2008,9,62,20080901,1200,,TS,17.3N,38.4W,35,1005,120,75,0,60,0,0,0,0,0,0,0,0
AL,IKE,2008,9,62,20080901,1800,,TS,17.5N,39.9W,45,1003,130,110,0,75,0,0,0,0,0,0,0,0
AL,IKE,2008,9,62,20080902,0,,TS,17.8N,41.3W,45,1002,140,120,0,90,0,0,0,0,0,0,0,0
AL,IKE,2008,9,62,20080902,600,,TS,18.2N,42.8W,45,1000,145,120,0,120,0,0,0,0,0,0,0,0
AL,IKE,2008,9,62,20080902,1200,,TS,18.7N,44.3W,50,999,150,120,0,120,90,0,0,0,0,0,0,0
AL,IKE,2008,9,62,20080902,1800,,TS,19.3N,45.8W,55,996,150,120,45,120,90,0,0,0,0,0,0,0
AL,IKE,2008,9,62,20080903,0,,TS,19.8N,47.3W,55,994,150,115,45,120,75,0,0,30,0,0,0,0
AL,IKE,2008,9,62,20080903,600,,TS,20.2N,48.8W,55,992,145,110,45,120,75,0,0,30,0,0,0,0
AL,IKE,2008,9,62,20080903,1200,,TS,20.6N,50.3W,60,989,135,105,50,120,75,0,0,40,0,0,0,0
AL,IKE,2008,9,62,20080903,1800,,HU,21.1N,51.9W,75,979,130,100,60,120,75,50,30,50,30,0,0,0
AL,IKE,2008,9,62,20080904,0,,HU,21.8N,53.5W,105,956,120,100,75,120,75,50,40,50,30,25,20,25
AL,IKE,2008,9,62,20080904,600,,HU,22.4N,55.0W,125,935,115,100,90,120,75,50,40,60,30,25,20,25
AL,IKE,2008,9,62,20080904,1200,,HU,23.0N,56.4W,120,937,110,95,90,90,60,55,40,50,40,30,25,30
AL,IKE,2008,9,62,20080904,1800,,HU,23.4N,57.7W,115,940,105,95,90,85,60,55,40,50,40,30,25,30
AL,IKE,2008,9,62,20080905,0,,HU,23.6N,59.0W,115,944,105,95,90,80,50,50,40,50,40,30,25,30
AL,IKE,2008,9,62,20080905,600,,HU,23.6N,60.4W,115,949,105,90,90,85,50,50,45,50,40,30,30,30
AL,IKE,2008,9,62,20080905,1200,,HU,23.5N,61.9W,105,954,105,90,90,90,50,50,45,50,40,30,30,30
AL,IKE,2008,9,62,20080905,1800,,HU,23.2N,63.4W,100,959,105,90,90,105,50,50,45,50,40,35,30,35
AL,IKE,2008,9,62,20080906,0,,HU,22.8N,64.9W,100,962,105,90,90,110,50,50,45,50,40,35,30,35
AL,IKE,2008,9,62,20080906,600,,HU,22.4N,66.3W,100,964,105,90,90,115,60,50,45,50,40,35,30,35
AL,IKE,2008,9,62,20080906,1200,,HU,21.9N,67.7W,95,965,110,90,90,120,60,60,45,50,40,35,30,35
AL,IKE,2008,9,62,20080906,1800,,HU,21.5N,69.0W,115,950,115,95,100,125,60,70,45,60,40,35,30,35
AL,IKE,2008,9,62,20080907,0,,HU,21.2N,70.3W,115,947,120,100,100,125,75,75,50,60,40,40,30,35
AL,IKE,2008,9,62,20080907,600,,HU,21.1N,71.6W,115,947,130,110,100,125,75,75,50,75,40,40,30,40
AL,IKE,2008,9,62,20080907,1200,,HU,21.0N,72.8W,110,947,140,120,100,125,90,75,50,75,50,40,30,50
AL,IKE,2008,9,62,20080907,1300,L,HU,21.0N,73.2W,110,947,140,120,100,125,90,75,50,75,50,40,30,50
AL,IKE,2008,9,62,20080907,1800,,HU,21.0N,74.0W,105,946,145,125,100,125,90,90,50,75,50,40,30,50
AL,IKE,2008,9,62,20080908,0,,HU,21.1N,75.2W,115,945,150,140,100,125,90,105,50,75,50,40,30,50
AL,IKE,2008,9,62,20080908,200,L,HU,21.1N,75.7W,115,945,150,140,100,125,90,105,50,75,50,40,30,50
AL,IKE,2008,9,62,20080908,600,,HU,21.1N,76.5W,100,950,155,175,100,125,90,120,50,75,50,40,30,50
AL,IKE,2008,9,62,20080908,1200,,HU,21.1N,77.8W,85,960,155,180,100,125,90,120,50,60,40,40,30,45
AL,IKE,2008,9,62,20080908,1800,,HU,21.2N,79.1W,75,964,155,180,100,125,90,120,30,45,30,30,0,30
AL,IKE,2008,9,62,20080909,0,,HU,21.5N,80.3W,70,965,155,180,100,150,90,90,30,60,30,30,0,30
AL,IKE,2008,9,62,20080909,600,,HU,22.0N,81.4W,70,965,155,160,100,170,90,75,30,75,30,30,0,30
AL,IKE,2008,9,62,20080909,1200,,HU,22.4N,82.4W,70,965,155,155,100,170,90,75,30,90,30,0,0,30
AL,IKE,2008,9,62,20080909,1400,L,HU,22.6N,82.9W,70,965,155,155,100,170,90,75,30,90,30,0,0,30
AL,IKE,2008,9,62,20080909,1800,,HU,22.7N,83.3W,65,966,155,150,105,170,100,75,30,90,20,0,0,30
AL,IKE,2008,9,62,20080910,0,,HU,23.1N,84.0W,65,968,160,150,110,180,100,75,30,90,30,0,0,20
AL,IKE,2008,9,62,20080910,600,,HU,23.4N,84.6W,70,964,170,150,115,180,110,75,45,90,45,0,0,20
AL,IKE,2008,9,62,20080910,1200,,HU,23.8N,85.2W,80,959,180,155,120,180,120,80,60,100,75,20,15,45
AL,IKE,2008,9,62,20080910,1800,,HU,24.2N,85.8W,85,958,195,160,120,180,130,90,75,110,90,40,30,60
AL,IKE,2008,9,62,20080911,0,,HU,24.7N,86.4W,85,944,210,170,120,180,140,105,90,125,100,60,30,75
AL,IKE,2008,9,62,20080911,600,,HU,25.1N,87.1W,85,945,220,190,130,180,150,120,90,140,100,75,30,75
AL,IKE,2008,9,62,20080911,1200,,HU,25.5N,88.0W,85,946,230,240,150,180,150,135,90,140,100,75,30,60
AL,IKE,2008,9,62,20080911,1800,,HU,25.8N,88.9W,85,952,240,240,150,180,150,150,90,140,100,75,30,60
AL,IKE,2008,9,62,20080912,0,,HU,26.1N,90.0W,85,954,240,230,150,180,150,150,100,140,100,75,60,60
AL,IKE,2008,9,62,20080912,600,,HU,26.4N,91.1W,90,954,240,215,150,180,150,150,100,140,105,75,60,60
AL,IKE,2008,9,62,20080912,1200,,HU,26.9N,92.2W,95,954,240,210,150,180,150,150,100,140,105,75,60,60
AL,IKE,2008,9,62,20080912,1800,,HU,27.5N,93.2W,95,954,240,205,150,175,150,150,90,105,105,90,60,75
AL,IKE,2008,9,62,20080913,0,,HU,28.3N,94.0W,95,952,240,200,150,170,150,160,80,90,110,90,60,75
AL,IKE,2008,9,62,20080913,600,,HU,29.1N,94.6W,95,951,225,200,125,125,150,160,80,75,110,90,55,45
AL,IKE,2008,9,62,20080913,700,L,HU,29.3N,94.7W,95,950,225,200,125,125,150,160,80,75,110,90,55,45
AL,IKE,2008,9,62,20080913,1200,,HU,30.3N,95.2W,85,959,125,180,125,60,75,90,60,45,50,45,30,20
AL,IKE,2008,9,62,20080913,1800,,TS,31.7N,95.3W,50,974,75,150,60,40,40,45,0,0,0,0,0,0
AL,IKE,2008,9,62,20080914,0,,TS,33.5N,94.9W,35,980,60,90,0,0,0,0,0,0,0,0,0,0
AL,IKE,2008,9,62,20080914,600,,TS,35.5N,93.7W,35,985,45,90,20,0,0,0,0,0,0,0,0,0
AL,IKE,2008,9,62,20080914,1200,,EX,37.6N,91.0W,40,987,0,90,40,0,0,0,0,0,0,0,0,0
AL,IKE,2008,9,62,20080914,1800,,EX,40.3N,87.2W,50,988,0,180,150,0,0,160,0,0,0,0,0,0
AL,IKE,2008,9,62,20080915,0,,EX,43.3N,81.5W,50,988,0,180,150,0,0,160,0,0,0,0,0,0
AL,IKE,2008,9,62,20080915,600,,EX,45.8N,75.3W,40,986,0,180,150,0,0,0,0,0,0,0,0,0
AL,IKE,2008,9,62,20080915,1200,,EX,47.2N,71.1W,35,986,0,180,150,0,0,0,0,0,0,0,0,0
AL,JOSEPHINE,2008,10,33,20080902,0,,TD,12.3N,21.9W,30,1007,0,0,0,0,0,0,0,0,0,0,0,0
AL,JOSEPHINE,2008,10,33,20080902,600,,TS,12.7N,23.2W,35,1005,30,0,0,30,0,0,0,0,0,0,0,0
AL,JOSEPHINE,2008,10,33,20080902,1200,,TS,13.0N,24.2W,35,1005,30,0,0,30,0,0,0,0,0,0,0,0
AL,JOSEPHINE,2008,10,33,20080902,1800,,TS,13.3N,25.3W,45,1000,50,30,30,50,0,0,0,0,0,0,0,0
AL,JOSEPHINE,2008,10,33,20080903,0,,TS,13.5N,26.3W,50,997,75,75,75,50,25,25,0,0,0,0,0,0
AL,JOSEPHINE,2008,10,33,20080903,600,,TS,13.6N,27.2W,55,994,80,80,80,50,25,25,25,0,0,0,0,0
AL,JOSEPHINE,2008,10,33,20080903,1200,,TS,13.7N,28.2W,55,994,90,90,90,75,30,30,30,30,0,0,0,0
AL,JOSEPHINE,2008,10,33,20080903,1800,,TS,13.8N,29.2W,55,994,90,90,90,75,30,30,30,30,0,0,0,0
AL,JOSEPHINE,2008,10,33,20080904,0,,TS,13.9N,30.0W,50,997,90,60,60,90,30,0,0,30,0,0,0,0
AL,JOSEPHINE,2008,10,33,20080904,600,,TS,14.1N,30.9W,50,997,90,60,60,90,20,0,0,20,0,0,0,0
AL,JOSEPHINE,2008,10,33,20080904,1200,,TS,14.4N,31.9W,45,1000,120,0,0,90,0,0,0,0,0,0,0,0
AL,JOSEPHINE,2008,10,33,20080904,1800,,TS,14.6N,32.7W,40,1002,120,0,0,90,0,0,0,0,0,0,0,0
AL,JOSEPHINE,2008,10,33,20080905,0,,TS,15.0N,33.4W,40,1002,150,0,0,100,0,0,0,0,0,0,0,0
AL,JOSEPHINE,2008,10,33,20080905,600,,TS,15.4N,34.0W,40,1002,150,0,0,100,0,0,0,0,0,0,0,0
AL,JOSEPHINE,2008,10,33,20080905,1200,,TS,15.6N,34.5W,40,1003,120,0,0,80,0,0,0,0,0,0,0,0
AL,JOSEPHINE,2008,10,33,20080905,1800,,TS,15.8N,34.9W,35,1004,90,0,0,60,0,0,0,0,0,0,0,0
AL,JOSEPHINE,2008,10,33,20080906,0,,TD,16.2N,35.5W,30,1006,0,0,0,0,0,0,0,0,0,0,0,0
AL,JOSEPHINE,2008,10,33,20080906,600,,LO,16.5N,36.4W,30,1006,0,0,0,0,0,0,0,0,0,0,0,0
AL,JOSEPHINE,2008,10,33,20080906,1200,,LO,16.7N,37.3W,25,1007,0,0,0,0,0,0,0,0,0,0,0,0
AL,JOSEPHINE,2008,10,33,20080906,1800,,LO,16.8N,38.3W,25,1007,0,0,0,0,0,0,0,0,0,0,0,0
AL,JOSEPHINE,2008,10,33,20080907,0,,LO,16.9N,39.2W,25,1007,0,0,0,0,0,0,0,0,0,0,0,0
AL,JOSEPHINE,2008,10,33,20080907,600,,LO,17.0N,40.1W,30,1007,0,0,0,0,0,0,0,0,0,0,0,0
AL,JOSEPHINE,2008,10,33,20080907,1200,,LO,17.1N,40.9W,30,1007,0,0,0,0,0,0,0,0,0,0,0,0
AL,JOSEPHINE,2008,10,33,20080907,1800,,LO,17.2N,41.6W,25,1007,0,0,0,0,0,0,0,0,0,0,0,0
AL,JOSEPHINE,2008,10,33,20080908,0,,LO,17.3N,42.4W,25,1007,0,0,0,0,0,0,0,0,0,0,0,0
AL,JOSEPHINE,2008,10,33,20080908,600,,LO,17.5N,43.3W,25,1007,0,0,0,0,0,0,0,0,0,0,0,0
AL,JOSEPHINE,2008,10,33,20080908,1200,,LO,18.0N,44.2W,25,1009,0,0,0,0,0,0,0,0,0,0,0,0
AL,JOSEPHINE,2008,10,33,20080908,1800,,LO,18.1N,45.6W,25,1010,0,0,0,0,0,0,0,0,0,0,0,0
AL,JOSEPHINE,2008,10,33,20080909,0,,LO,17.8N,47.3W,25,1010,0,0,0,0,0,0,0,0,0,0,0,0
AL,JOSEPHINE,2008,10,33,20080909,600,,LO,16.8N,49.3W,25,1010,0,0,0,0,0,0,0,0,0,0,0,0
AL,JOSEPHINE,2008,10,33,20080909,1200,,LO,16.3N,51.4W,25,1010,0,0,0,0,0,0,0,0,0,0,0,0
AL,JOSEPHINE,2008,10,33,20080909,1800,,LO,16.3N,52.5W,25,1010,0,0,0,0,0,0,0,0,0,0,0,0
AL,JOSEPHINE,2008,10,33,20080910,0,,LO,16.3N,53.6W,20,1011,0,0,0,0,0,0,0,0,0,0,0,0
AL,KYLE,2008,11,23,20080925,0,,TD,21.5N,70.0W,30,1005,0,0,0,0,0,0,0,0,0,0,0,0
AL,KYLE,2008,11,23,20080925,600,,TS,22.0N,69.4W,35,1003,90,90,0,0,0,0,0,0,0,0,0,0
AL,KYLE,2008,11,23,20080925,1200,,TS,22.4N,68.7W,40,1002,100,100,0,0,0,0,0,0,0,0,0,0
AL,KYLE,2008,11,23,20080925,1800,,TS,23.1N,68.4W,40,1001,100,100,0,0,0,0,0,0,0,0,0,0
AL,KYLE,2008,11,23,20080926,0,,TS,24.0N,68.0W,45,998,90,100,15,15,0,0,0,0,0,0,0,0
AL,KYLE,2008,11,23,20080926,600,,TS,25.0N,68.2W,50,996,140,120,20,30,30,0,0,0,0,0,0,0
AL,KYLE,2008,11,23,20080926,1200,,TS,26.0N,68.6W,50,998,180,120,20,30,45,0,0,0,0,0,0,0
AL,KYLE,2008,11,23,20080926,1800,,TS,26.9N,68.6W,50,1000,180,140,0,0,90,0,0,0,0,0,0,0
AL,KYLE,2008,11,23,20080927,0,,TS,28.7N,68.6W,55,998,180,140,0,0,90,0,0,0,0,0,0,0
AL,KYLE,2008,11,23,20080927,600,,TS,29.9N,69.3W,60,996,180,140,0,110,90,0,0,0,0,0,0,0
AL,KYLE,2008,11,23,20080927,1200,,HU,31.2N,69.5W,65,996,180,140,0,110,90,0,0,45,60,0,0,0
AL,KYLE,2008,11,23,20080927,1800,,HU,33.3N,69.7W,70,995,180,140,0,110,90,90,0,45,60,0,0,0
AL,KYLE,2008,11,23,20080928,0,,HU,35.3N,69.7W,70,995,180,140,0,110,105,90,0,45,60,0,0,0
AL,KYLE,2008,11,23,20080928,600,,HU,37.4N,69.3W,70,992,180,140,0,110,105,90,0,45,60,0,0,0
AL,KYLE,2008,11,23,20080928,1200,,HU,39.4N,68.2W,75,989,180,140,110,110,105,90,60,60,60,60,40,40
AL,KYLE,2008,11,23,20080928,1800,,HU,41.6N,66.7W,70,984,180,200,110,110,105,90,60,60,75,60,40,40
AL,KYLE,2008,11,23,20080929,0,L,HU,43.8N,66.2W,65,985,210,210,110,75,75,90,60,45,70,50,40,40
AL,KYLE,2008,11,23,20080929,600,,EX,45.6N,65.0W,50,990,210,210,110,75,75,90,60,45,0,0,0,0
AL,KYLE,2008,11,23,20080929,1200,,EX,47.7N,63.5W,45,994,210,210,110,75,0,0,0,0,0,0,0,0
AL,KYLE,2008,11,23,20080929,1800,,EX,48.2N,62.6W,40,999,210,210,110,75,0,0,0,0,0,0,0,0
AL,KYLE,2008,11,23,20080930,0,,EX,48.4N,61.5W,35,1002,210,210,110,75,0,0,0,0,0,0,0,0
AL,KYLE,2008,11,23,20080930,600,,EX,48.2N,61.0W,30,1004,0,0,0,0,0,0,0,0,0,0,0,0
AL,KYLE,2008,11,23,20080930,1200,,EX,48.1N,60.8W,25,1005,0,0,0,0,0,0,0,0,0,0,0,0
AL,LAURA,2008,12,34,20080926,0,,EX,39.0N,35.0W,40,1011,0,0,360,420,0,0,0,0,0,0,0,0
AL,LAURA,2008,12,34,20080926,600,,EX,37.9N,35.0W,45,1010,0,0,360,420,0,0,0,0,0,0,0,0
AL,LAURA,2008,12,34,20080926,1200,,EX,37.0N,35.5W,50,1009,0,0,360,360,0,0,240,240,0,0,0,0
AL,LAURA,2008,12,34,20080926,1800,,EX,36.5N,36.0W,55,1007,240,0,360,360,0,0,240,240,0,0,0,0
AL,LAURA,2008,12,34,20080927,0,,EX,37.0N,36.5W,60,1004,300,0,300,360,150,0,240,240,0,0,0,0
AL,LAURA,2008,12,34,20080927,600,,EX,37.4N,37.2W,65,998,360,240,240,360,150,150,150,240,120,0,0,180
AL,LAURA,2008,12,34,20080927,1200,,EX,37.5N,38.0W,70,992,360,240,240,360,150,150,150,240,120,0,0,180
AL,LAURA,2008,12,34,20080927,1800,,EX,37.4N,39.0W,70,992,360,240,240,360,150,150,150,240,120,0,0,180
AL,LAURA,2008,12,34,20080928,0,,EX,37.3N,40.0W,60,994,300,200,240,330,150,120,120,200,0,0,0,0
AL,LAURA,2008,12,34,20080928,600,,EX,37.2N,41.2W,55,994,300,120,240,330,150,90,120,200,0,0,0,0
AL,LAURA,2008,12,34,20080928,1200,,EX,37.0N,42.5W,50,995,300,120,240,330,90,90,120,180,0,0,0,0
AL,LAURA,2008,12,34,20080928,1800,,EX,36.8N,44.1W,50,995,300,120,240,330,90,90,120,180,0,0,0,0
AL,LAURA,2008,12,34,20080929,0,,EX,36.7N,45.7W,50,995,240,120,210,270,90,90,100,120,0,0,0,0
AL,LAURA,2008,12,34,20080929,600,,SS,37.0N,47.0W,50,995,240,200,210,270,80,80,100,120,0,0,0,0
AL,LAURA,2008,12,34,20080929,1200,,SS,37.2N,47.7W,50,995,240,200,150,180,80,100,0,0,0,0,0,0
AL,LAURA,2008,12,34,20080929,1800,,SS,37.8N,48.2W,50,995,210,210,150,180,80,80,0,0,0,0,0,0
AL,LAURA,2008,12,34,20080930,0,,SS,38.6N,48.5W,50,996,175,240,150,180,70,60,0,0,0,0,0,0
AL,LAURA,2008,12,34,20080930,600,,SS,39.6N,48.8W,50,996,175,240,150,180,70,60,0,0,0,0,0,0
AL,LAURA,2008,12,34,20080930,1200,,TS,40.6N,48.9W,50,996,200,200,75,210,60,0,0,0,0,0,0,0
AL,LAURA,2008,12,34,20080930,1800,,TS,41.7N,48.8W,50,994,200,200,75,240,50,0,0,0,0,0,0,0
AL,LAURA,2008,12,34,20081001,0,,TS,42.9N,48.3W,45,995,200,200,75,240,0,0,0,0,0,0,0,0
AL,LAURA,2008,12,34,20081001,600,,TS,44.2N,47.7W,45,995,200,200,75,240,0,0,0,0,0,0,0,0
AL,LAURA,2008,12,34,20081001,1200,,LO,45.7N,46.9W,40,995,200,200,75,240,0,0,0,0,0,0,0,0
AL,LAURA,2008,12,34,20081001,1800,,LO,47.5N,46.3W,40,995,200,200,75,240,0,0,0,0,0,0,0,0
AL,LAURA,2008,12,34,20081002,0,,LO,49.5N,46.0W,35,997,200,200,75,240,0,0,0,0,0,0,0,0
AL,LAURA,2008,12,34,20081002,600,,EX,51.5N,46.0W,35,996,200,200,75,240,0,0,0,0,0,0,0,0
AL,LAURA,2008,12,34,20081002,1200,,EX,53.5N,46.0W,40,992,200,200,75,240,0,0,0,0,0,0,0,0
AL,LAURA,2008,12,34,20081002,1800,,EX,55.6N,45.5W,40,992,200,200,75,240,0,0,0,0,0,0,0,0
AL,LAURA,2008,12,34,20081003,0,,EX,56.9N,44.0W,50,991,240,240,150,240,90,0,0,150,0,0,0,0
AL,LAURA,2008,12,34,20081003,600,,EX,57.0N,42.0W,65,990,300,240,150,330,180,0,0,180,120,0,0,120
AL,LAURA,2008,12,34,20081003,1200,,EX,57.0N,40.0W,60,992,0,0,0,0,180,0,0,240,0,0,0,0
AL,LAURA,2008,12,34,20081003,1800,,EX,57.0N,37.0W,55,994,300,240,150,330,180,0,0,240,0,0,0,0
AL,LAURA,2008,12,34,20081004,0,,EX,56.5N,31.4W,45,996,180,150,150,330,0,0,0,0,0,0,0,0
AL,LAURA,2008,12,34,20081004,600,,EX,56.0N,26.0W,40,997,180,150,150,330,0,0,0,0,0,0,0,0
AL,MARCO,2008,13,8,20081006,0,,TD,18.5N,91.7W,25,1006,0,0,0,0,0,0,0,0,0,0,0,0
AL,MARCO,2008,13,8,20081006,600,,TD,18.6N,92.7W,30,1005,0,0,0,0,0,0,0,0,0,0,0,0
AL,MARCO,2008,13,8,20081006,1200,,TS,18.9N,93.7W,40,1002,10,10,0,10,0,0,0,0,0,0,0,0
AL,MARCO,2008,13,8,20081006,1800,,TS,19.4N,94.5W,50,999,10,15,15,15,5,5,0,0,0,0,0,0
AL,MARCO,2008,13,8,20081007,0,,TS,19.7N,95.2W,55,998,10,10,10,10,5,5,0,0,0,0,0,0
AL,MARCO,2008,13,8,20081007,600,,TS,19.8N,95.9W,55,998,10,10,10,10,5,5,0,0,0,0,0,0
AL,MARCO,2008,13,8,20081007,1200,L,TS,19.9N,96.5W,55,998,15,15,15,15,5,5,0,0,0,0,0,0
AL,MARCO,2008,13,8,20081007,1800,,TD,19.9N,96.9W,30,1007,0,0,0,0,0,0,0,0,0,0,0,0
AL,NANA,2008,14,14,20081012,600,,TD,15.5N,36.6W,30,1007,0,0,0,0,0,0,0,0,0,0,0,0
AL,NANA,2008,14,14,20081012,1200,,TS,16.0N,37.1W,35,1006,60,60,0,0,0,0,0,0,0,0,0,0
AL,NANA,2008,14,14,20081012,1800,,TS,16.4N,37.7W,35,1005,70,70,0,0,0,0,0,0,0,0,0,0
AL,NANA,2008,14,14,20081013,0,,TS,16.5N,38.4W,35,1004,85,75,0,0,0,0,0,0,0,0,0,0
AL,NANA,2008,14,14,20081013,600,,TS,16.6N,39.0W,35,1005,100,75,0,0,0,0,0,0,0,0,0,0
AL,NANA,2008,14,14,20081013,1200,,TD,16.8N,39.6W,30,1006,0,0,0,0,0,0,0,0,0,0,0,0
AL,NANA,2008,14,14,20081013,1800,,TD,17.2N,40.3W,30,1007,0,0,0,0,0,0,0,0,0,0,0,0
AL,NANA,2008,14,14,20081014,0,,TD,17.6N,41.5W,30,1007,0,0,0,0,0,0,0,0,0,0,0,0
AL,NANA,2008,14,14,20081014,600,,TD,18.0N,42.7W,30,1007,0,0,0,0,0,0,0,0,0,0,0,0
AL,NANA,2008,14,14,20081014,1200,,LO,18.3N,44.0W,25,1008,0,0,0,0,0,0,0,0,0,0,0,0
AL,NANA,2008,14,14,20081014,1800,,LO,18.6N,45.0W,25,1008,0,0,0,0,0,0,0,0,0,0,0,0
AL,NANA,2008,14,14,20081015,0,,LO,19.4N,46.1W,25,1009,0,0,0,0,0,0,0,0,0,0,0,0
AL,NANA,2008,14,14,20081015,600,,LO,20.5N,47.1W,25,1010,0,0,0,0,0,0,0,0,0,0,0,0
AL,NANA,2008,14,14,20081015,1200,,LO,22.0N,48.0W,20,1011,0,0,0,0,0,0,0,0,0,0,0,0
AL,OMAR,2008,15,32,20081013,600,,TD,15.4N,69.0W,25,1005,0,0,0,0,0,0,0,0,0,0,0,0
AL,OMAR,2008,15,32,20081013,1200,,TD,15.2N,69.6W,30,1005,0,0,0,0,0,0,0,0,0,0,0,0
AL,OMAR,2008,15,32,20081013,1800,,TD,14.8N,69.8W,30,1004,0,0,0,0,0,0,0,0,0,0,0,0
AL,OMAR,2008,15,32,20081014,0,,TS,14.5N,69.6W,35,1001,40,40,0,0,0,0,0,0,0,0,0,0
AL,OMAR,2008,15,32,20081014,600,,TS,14.3N,69.3W,40,997,45,45,45,0,0,0,0,0,0,0,0,0
AL,OMAR,2008,15,32,20081014,1200,,TS,14.2N,69.1W,50,991,60,60,60,15,30,30,30,0,0,0,0,0
AL,OMAR,2008,15,32,20081014,1800,,TS,13.9N,68.8W,60,983,60,75,75,25,30,40,40,0,0,0,0,0
AL,OMAR,2008,15,32,20081015,0,,HU,14.1N,68.3W,65,983,60,75,105,25,30,40,50,0,15,15,15,0
AL,OMAR,2008,15,32,20081015,600,,HU,14.4N,68.0W,70,985,60,105,135,30,30,50,50,0,15,15,15,0
AL,OMAR,2008,15,32,20081015,1200,,HU,14.9N,67.4W,75,984,75,105,120,45,40,50,50,20,15,15,15,0
AL,OMAR,2008,15,32,20081015,1800,,HU,15.6N,66.5W,80,977,90,120,105,60,40,60,50,30,15,25,15,15
AL,OMAR,2008,15,32,20081016,0,,HU,16.7N,65.2W,95,970,105,120,90,60,60,60,40,40,20,30,20,15
AL,OMAR,2008,15,32,20081016,600,,HU,18.2N,63.9W,115,958,120,120,75,45,60,75,40,40,25,30,25,15
AL,OMAR,2008,15,32,20081016,1200,,HU,19.6N,62.1W,90,975,120,120,75,45,50,70,40,30,25,30,25,15
AL,OMAR,2008,15,32,20081016,1800,,HU,21.1N,60.4W,70,985,120,120,60,45,50,70,30,30,30,30,20,0
AL,OMAR,2008,15,32,20081017,0,,HU,22.8N,58.8W,65,986,120,120,60,60,60,70,30,40,40,40,0,0
AL,OMAR,2008,15,32,20081017,600,,HU,25.1N,57.1W,70,984,105,105,60,75,60,50,0,50,40,40,0,0
AL,OMAR,2008,15,32,20081017,1200,,HU,27.9N,55.7W,75,982,105,105,60,75,60,50,0,50,40,40,0,0
AL,OMAR,2008,15,32,20081017,1800,,HU,30.1N,54.4W,65,985,90,90,60,75,60,40,0,40,20,0,0,0
AL,OMAR,2008,15,32,20081018,0,,TS,31.3N,53.2W,55,988,75,90,60,60,0,30,30,0,0,0,0,0
AL,OMAR,2008,15,32,20081018,600,,TS,32.4N,52.1W,50,991,75,90,60,60,0,30,30,0,0,0,0,0
AL,OMAR,2008,15,32,20081018,1200,,LO,33.0N,51.3W,40,996,60,60,45,0,0,0,0,0,0,0,0,0
AL,OMAR,2008,15,32,20081018,1800,,LO,33.5N,50.5W,35,1002,0,60,45,0,0,0,0,0,0,0,0,0
AL,OMAR,2008,15,32,20081019,0,,LO,34.0N,49.7W,30,1006,0,0,0,0,0,0,0,0,0,0,0,0
AL,OMAR,2008,15,32,20081019,600,,LO,34.5N,49.0W,30,1009,0,0,0,0,0,0,0,0,0,0,0,0
AL,OMAR,2008,15,32,20081019,1200,,LO,35.1N,48.3W,25,1011,0,0,0,0,0,0,0,0,0,0,0,0
AL,OMAR,2008,15,32,20081019,1800,,LO,35.7N,47.5W,25,1012,0,0,0,0,0,0,0,0,0,0,0,0
AL,OMAR,2008,15,32,20081020,0,,LO,36.4N,46.8W,25,1013,0,0,0,0,0,0,0,0,0,0,0,0
AL,OMAR,2008,15,32,20081020,600,,LO,37.0N,46.2W,25,1014,0,0,0,0,0,0,0,0,0,0,0,0
AL,OMAR,2008,15,32,20081020,1200,,LO,37.6N,45.3W,25,1015,0,0,0,0,0,0,0,0,0,0,0,0
AL,OMAR,2008,15,32,20081020,1800,,LO,37.9N,44.3W,25,1016,0,0,0,0,0,0,0,0,0,0,0,0
AL,OMAR,2008,15,32,20081021,0,,LO,38.3N,43.3W,25,1016,0,0,0,0,0,0,0,0,0,0,0,0
AL,SIXTEEN,2008,16,8,20081014,1200,,TD,15.5N,82.8W,25,1004,0,0,0,0,0,0,0,0,0,0,0,0
AL,SIXTEEN,2008,16,8,20081014,1800,,TD,15.9N,83.2W,25,1005,0,0,0,0,0,0,0,0,0,0,0,0
AL,SIXTEEN,2008,16,8,20081015,0,,TD,16.0N,83.6W,25,1005,0,0,0,0,0,0,0,0,0,0,0,0
AL,SIXTEEN,2008,16,8,20081015,600,,TD,16.0N,84.0W,25,1005,0,0,0,0,0,0,0,0,0,0,0,0
AL,SIXTEEN,2008,16,8,20081015,1200,,TD,15.9N,84.4W,25,1005,0,0,0,0,0,0,0,0,0,0,0,0
AL,SIXTEEN,2008,16,8,20081015,1230,L,TD,15.8N,84.5W,25,1005,0,0,0,0,0,0,0,0,0,0,0,0
AL,SIXTEEN,2008,16,8,20081015,1800,,TD,15.6N,85.0W,25,1006,0,0,0,0,0,0,0,0,0,0,0,0
AL,SIXTEEN,2008,16,8,20081016,0,,LO,15.3N,85.6W,25,1006,0,0,0,0,0,0,0,0,0,0,0,0
AL,PALOMA,2008,17,36,20081105,1800,,TD,13.7N,81.7W,25,1004,0,0,0,0,0,0,0,0,0,0,0,0
AL,PALOMA,2008,17,36,20081106,0,,TD,14.2N,82.0W,30,1004,0,0,0,0,0,0,0,0,0,0,0,0
AL,PALOMA,2008,17,36,20081106,600,,TS,14.8N,82.1W,35,1003,0,0,0,20,0,0,0,0,0,0,0,0
AL,PALOMA,2008,17,36,20081106,1200,,TS,15.4N,82.0W,40,1000,30,30,20,20,0,0,0,0,0,0,0,0
AL,PALOMA,2008,17,36,20081106,1800,,TS,16.1N,81.9W,55,994,60,60,30,30,20,20,15,15,0,0,0,0
AL,PALOMA,2008,17,36,20081107,0,,HU,16.8N,81.8W,65,987,60,60,40,40,30,30,20,20,15,15,10,10
AL,PALOMA,2008,17,36,20081107,600,,HU,17.4N,81.7W,65,985,65,65,40,40,30,30,20,20,15,15,10,10
AL,PALOMA,2008,17,36,20081107,1200,,HU,18.0N,81.6W,75,979,85,70,45,55,35,35,25,25,20,20,15,15
AL,PALOMA,2008,17,36,20081107,1800,,HU,18.6N,81.4W,80,975,110,80,50,70,40,40,30,30,25,25,20,20
AL,PALOMA,2008,17,36,20081108,0,,HU,19.0N,81.0W,100,964,110,80,60,80,50,45,35,40,25,25,25,20
AL,PALOMA,2008,17,36,20081108,600,,HU,19.4N,80.4W,110,951,120,80,60,80,60,45,35,45,25,25,25,25
AL,PALOMA,2008,17,36,20081108,1200,,HU,19.8N,79.6W,125,944,110,70,60,90,60,35,30,40,25,25,25,25
AL,PALOMA,2008,17,36,20081108,1800,,HU,20.2N,78.8W,125,951,100,70,50,80,50,35,30,40,25,25,25,25
AL,PALOMA,2008,17,36,20081109,0,,HU,20.7N,78.0W,90,968,80,60,40,70,30,30,30,30,15,15,15,15
AL,PALOMA,2008,17,36,20081109,100,L,HU,20.7N,78.0W,85,970,80,60,40,70,30,30,30,30,15,15,15,15
AL,PALOMA,2008,17,36,20081109,600,,TS,21.0N,77.7W,55,990,40,40,20,20,10,10,10,10,0,0,0,0
AL,PALOMA,2008,17,36,20081109,1200,,TS,21.3N,77.8W,35,1002,20,20,10,10,0,0,0,0,0,0,0,0
AL,PALOMA,2008,17,36,20081109,1800,,TD,21.6N,77.9W,25,1004,0,0,0,0,0,0,0,0,0,0,0,0
AL,PALOMA,2008,17,36,20081110,0,,LO,21.8N,77.9W,25,1005,0,0,0,0,0,0,0,0,0,0,0,0
AL,PALOMA,2008,17,36,20081110,600,,LO,22.1N,77.8W,25,1006,0,0,0,0,0,0,0,0,0,0,0,0
AL,PALOMA,2008,17,36,20081110,1200,,LO,22.4N,77.7W,20,1007,0,0,0,0,0,0,0,0,0,0,0,0
AL,PALOMA,2008,17,36,20081110,1800,,LO,22.5N,77.6W,20,1008,0,0,0,0,0,0,0,0,0,0,0,0
AL,PALOMA,2008,17,36,20081111,0,,LO,22.4N,77.5W,20,1009,0,0,0,0,0,0,0,0,0,0,0,0
AL,PALOMA,2008,17,36,20081111,600,,LO,22.1N,77.6W,20,1009,0,0,0,0,0,0,0,0,0,0,0,0
AL,PALOMA,2008,17,36,20081111,1200,,LO,21.8N,77.9W,20,1009,0,0,0,0,0,0,0,0,0,0,0,0
AL,PALOMA,2008,17,36,20081111,1800,,LO,21.3N,78.3W,20,1009,0,0,0,0,0,0,0,0,0,0,0,0
AL,PALOMA,2008,17,36,20081112,0,,LO,20.9N,78.8W,20,1009,0,0,0,0,0,0,0,0,0,0,0,0
AL,PALOMA,2008,17,36,20081112,600,,LO,20.8N,79.7W,20,1009,0,0,0,0,0,0,0,0,0,0,0,0
AL,PALOMA,2008,17,36,20081112,1200,,LO,21.0N,80.7W,20,1009,0,0,0,0,0,0,0,0,0,0,0,0
AL,PALOMA,2008,17,36,20081112,1800,,LO,21.4N,81.7W,20,1009,0,0,0,0,0,0,0,0,0,0,0,0
AL,PALOMA,2008,17,36,20081113,0,,LO,22.1N,82.8W,20,1010,0,0,0,0,0,0,0,0,0,0,0,0
AL,PALOMA,2008,17,36,20081113,600,,LO,22.8N,83.8W,20,1010,0,0,0,0,0,0,0,0,0,0,0,0
AL,PALOMA,2008,17,36,20081113,1200,,LO,23.8N,84.7W,20,1010,0,0,0,0,0,0,0,0,0,0,0,0
AL,PALOMA,2008,17,36,20081113,1800,,LO,25.0N,85.5W,20,1010,0,0,0,0,0,0,0,0,0,0,0,0
AL,PALOMA,2008,17,36,20081114,0,,LO,26.8N,85.9W,20,1010,0,0,0,0,0,0,0,0,0,0,0,0
AL,PALOMA,2008,17,36,20081114,600,,LO,28.9N,85.6W,20,1010,0,0,0,0,0,0,0,0,0,0,0,0
AL,ONE,2009,1,15,20090526,1800,,LO,30.6N,75.4W,25,1010,0,0,0,0,0,0,0,0,0,0,0,0
AL,ONE,2009,1,15,20090527,0,,LO,31.7N,75.6W,25,1010,0,0,0,0,0,0,0,0,0,0,0,0
AL,ONE,2009,1,15,20090527,600,,LO,32.7N,75.5W,25,1010,0,0,0,0,0,0,0,0,0,0,0,0
AL,ONE,2009,1,15,20090527,1200,,LO,33.6N,75.2W,25,1009,0,0,0,0,0,0,0,0,0,0,0,0
AL,ONE,2009,1,15,20090527,1800,,LO,34.5N,74.6W,25,1008,0,0,0,0,0,0,0,0,0,0,0,0
AL,ONE,2009,1,15,20090528,0,,LO,35.3N,73.8W,25,1007,0,0,0,0,0,0,0,0,0,0,0,0
AL,ONE,2009,1,15,20090528,600,,TD,36.1N,72.9W,25,1007,0,0,0,0,0,0,0,0,0,0,0,0
AL,ONE,2009,1,15,20090528,1200,,TD,36.9N,71.8W,25,1007,0,0,0,0,0,0,0,0,0,0,0,0
AL,ONE,2009,1,15,20090528,1800,,TD,37.5N,70.3W,30,1006,0,0,0,0,0,0,0,0,0,0,0,0
AL,ONE,2009,1,15,20090529,0,,TD,38.0N,68.6W,30,1006,0,0,0,0,0,0,0,0,0,0,0,0
AL,ONE,2009,1,15,20090529,600,,TD,38.6N,66.8W,30,1006,0,0,0,0,0,0,0,0,0,0,0,0
AL,ONE,2009,1,15,20090529,1200,,TD,39.3N,65.0W,30,1006,0,0,0,0,0,0,0,0,0,0,0,0
AL,ONE,2009,1,15,20090529,1800,,TD,40.0N,63.1W,25,1007,0,0,0,0,0,0,0,0,0,0,0,0
AL,ONE,2009,1,15,20090530,0,,LO,40.6N,61.0W,25,1007,0,0,0,0,0,0,0,0,0,0,0,0
AL,ONE,2009,1,15,20090530,600,,LO,41.0N,58.6W,25,1007,0,0,0,0,0,0,0,0,0,0,0,0
AL,ANA,2009,2,26,20090810,600,,LO,14.3N,24.0W,25,1008,0,0,0,0,0,0,0,0,0,0,0,0
AL,ANA,2009,2,26,20090810,1200,,LO,14.4N,24.9W,25,1008,0,0,0,0,0,0,0,0,0,0,0,0
AL,ANA,2009,2,26,20090810,1800,,LO,14.4N,25.8W,25,1008,0,0,0,0,0,0,0,0,0,0,0,0
AL,ANA,2009,2,26,20090811,0,,LO,14.4N,26.8W,25,1008,0,0,0,0,0,0,0,0,0,0,0,0
AL,ANA,2009,2,26,20090811,600,,TD,14.4N,27.9W,25,1007,0,0,0,0,0,0,0,0,0,0,0,0
AL,ANA,2009,2,26,20090811,1200,,TD,14.5N,29.0W,25,1006,0,0,0,0,0,0,0,0,0,0,0,0
AL,ANA,2009,2,26,20090811,1800,,TD,14.6N,30.0W,25,1006,0,0,0,0,0,0,0,0,0,0,0,0
AL,ANA,2009,2,26,20090812,0,,TD,14.6N,31.0W,30,1006,0,0,0,0,0,0,0,0,0,0,0,0
AL,ANA,2009,2,26,20090812,600,,TD,14.5N,32.1W,30,1006,0,0,0,0,0,0,0,0,0,0,0,0
AL,ANA,2009,2,26,20090812,1200,,TS,14.4N,33.3W,35,1005,0,0,45,0,0,0,0,0,0,0,0,0
AL,ANA,2009,2,26,20090812,1800,,TS,14.3N,34.4W,35,1005,0,0,45,0,0,0,0,0,0,0,0,0
AL,ANA,2009,2,26,20090813,0,,TD,14.1N,35.3W,30,1006,0,0,0,0,0,0,0,0,0,0,0,0
AL,ANA,2009,2,26,20090813,600,,LO,14.0N,36.3W,30,1007,0,0,0,0,0,0,0,0,0,0,0,0
AL,ANA,2009,2,26,20090813,1200,,LO,14.0N,37.2W,25,1008,0,0,0,0,0,0,0,0,0,0,0,0
AL,ANA,2009,2,26,20090813,1800,,LO,14.1N,38.2W,25,1008,0,0,0,0,0,0,0,0,0,0,0,0
AL,ANA,2009,2,26,20090814,0,,LO,14.3N,39.3W,25,1008,0,0,0,0,0,0,0,0,0,0,0,0
AL,ANA,2009,2,26,20090814,600,,LO,14.5N,40.5W,25,1008,0,0,0,0,0,0,0,0,0,0,0,0
AL,ANA,2009,2,26,20090814,1200,,LO,14.6N,41.8W,25,1008,0,0,0,0,0,0,0,0,0,0,0,0
AL,ANA,2009,2,26,20090814,1800,,LO,14.6N,43.2W,25,1007,0,0,0,0,0,0,0,0,0,0,0,0
AL,ANA,2009,2,26,20090815,0,,TD,14.5N,44.7W,30,1005,0,0,0,0,0,0,0,0,0,0,0,0
AL,ANA,2009,2,26,20090815,600,,TS,14.4N,46.1W,35,1003,60,0,0,60,0,0,0,0,0,0,0,0
AL,ANA,2009,2,26,20090815,1200,,TS,14.4N,47.6W,35,1003,60,0,0,60,0,0,0,0,0,0,0,0
AL,ANA,2009,2,26,20090815,1800,,TS,14.4N,49.2W,35,1003,60,0,0,60,0,0,0,0,0,0,0,0
AL,ANA,2009,2,26,20090816,0,,TS,14.4N,50.7W,35,1003,60,0,0,60,0,0,0,0,0,0,0,0
AL,ANA,2009,2,26,20090816,600,,TS,14.5N,52.6W,35,1004,60,0,0,0,0,0,0,0,0,0,0,0
AL,ANA,2009,2,26,20090816,1200,,TD,14.6N,54.8W,30,1006,0,0,0,0,0,0,0,0,0,0,0,0
AL,BILL,2009,3,46,20090815,600,,TD,11.8N,32.0W,30,1007,0,0,0,0,0,0,0,0,0,0,0,0
AL,BILL,2009,3,46,20090815,1200,,TD,11.5N,33.3W,30,1006,0,0,0,0,0,0,0,0,0,0,0,0
AL,BILL,2009,3,46,20090815,1800,,TS,11.2N,34.5W,35,1004,25,25,0,25,0,0,0,0,0,0,0,0
AL,BILL,2009,3,46,20090816,0,,TS,11.2N,35.5W,35,1004,30,30,30,30,0,0,0,0,0,0,0,0
AL,BILL,2009,3,46,20090816,600,,TS,11.5N,36.5W,40,1002,75,75,30,75,0,0,0,0,0,0,0,0
AL,BILL,2009,3,46,20090816,1200,,TS,12.0N,37.8W,50,997,120,120,60,90,60,0,0,0,0,0,0,0
AL,BILL,2009,3,46,20090816,1800,,TS,12.6N,39.4W,55,994,120,120,60,90,60,45,0,45,0,0,0,0
AL,BILL,2009,3,46,20090817,0,,TS,13.1N,41.3W,60,990,120,120,60,90,60,45,25,45,0,0,0,0
AL,BILL,2009,3,46,20090817,600,,HU,13.5N,43.2W,65,987,125,120,60,125,60,45,25,45,25,20,20,25
AL,BILL,2009,3,46,20090817,1200,,HU,13.9N,44.6W,75,977,125,105,75,125,65,50,30,60,25,25,25,25
AL,BILL,2009,3,46,20090817,1800,,HU,14.4N,46.0W,80,970,125,105,75,125,65,50,30,60,25,25,25,25
AL,BILL,2009,3,46,20090818,0,,HU,14.8N,47.5W,85,967,130,125,125,130,65,50,30,60,25,25,25,25
AL,BILL,2009,3,46,20090818,600,,HU,15.3N,49.0W,90,965,130,125,125,130,65,50,30,60,25,25,25,25
AL,BILL,2009,3,46,20090818,1200,,HU,15.7N,50.3W,95,963,150,150,100,150,65,60,45,60,40,35,30,35
AL,BILL,2009,3,46,20090818,1800,,HU,16.2N,51.7W,100,962,150,150,100,150,75,75,60,60,40,35,30,35
AL,BILL,2009,3,46,20090819,0,,HU,16.9N,52.9W,105,955,150,150,100,150,75,75,60,75,40,35,30,35
AL,BILL,2009,3,46,20090819,600,,HU,17.6N,54.2W,115,954,150,150,100,150,75,75,60,75,40,35,30,35
AL,BILL,2009,3,46,20090819,1200,,HU,18.3N,55.6W,115,949,150,150,100,150,100,75,60,75,70,45,30,40
AL,BILL,2009,3,46,20090819,1800,,HU,19.3N,56.9W,115,947,200,175,100,175,105,90,60,90,75,45,30,45
AL,BILL,2009,3,46,20090820,0,,HU,20.2N,58.2W,115,945,200,175,100,175,105,90,60,90,75,45,30,45
AL,BILL,2009,3,46,20090820,600,,HU,21.1N,59.6W,115,949,200,175,100,175,105,90,60,90,75,45,30,45
AL,BILL,2009,3,46,20090820,1200,,HU,22.1N,61.0W,105,952,225,200,100,200,120,90,60,100,90,45,30,75
AL,BILL,2009,3,46,20090820,1800,,HU,23.1N,62.4W,110,948,225,200,120,200,130,105,60,105,100,45,30,90
AL,BILL,2009,3,46,20090821,0,,HU,24.1N,63.7W,110,943,225,200,120,200,130,105,60,105,100,45,30,90
AL,BILL,2009,3,46,20090821,600,,HU,25.5N,64.9W,105,951,250,200,120,200,130,110,60,130,100,45,30,90
AL,BILL,2009,3,46,20090821,1200,,HU,27.1N,66.0W,100,954,250,200,120,200,130,110,60,130,100,45,30,90
AL,BILL,2009,3,46,20090821,1800,,HU,28.6N,66.9W,95,956,240,200,100,175,100,100,60,120,75,30,30,60
AL,BILL,2009,3,46,20090822,0,,HU,30.4N,67.6W,90,957,240,200,100,175,100,100,60,120,75,30,30,30
AL,BILL,2009,3,46,20090822,600,,HU,32.3N,68.4W,90,960,240,200,130,175,100,100,60,90,75,30,30,30
AL,BILL,2009,3,46,20090822,1200,,HU,34.1N,68.8W,85,961,240,200,130,175,100,100,60,75,75,30,30,30
AL,BILL,2009,3,46,20090822,1800,,HU,36.0N,68.9W,80,961,240,200,130,175,100,100,60,50,75,30,30,30
AL,BILL,2009,3,46,20090823,0,,HU,38.1N,68.4W,80,961,240,200,130,165,100,100,60,50,75,30,30,30
AL,BILL,2009,3,46,20090823,600,,HU,40.1N,67.3W,75,962,250,250,175,150,100,100,60,40,75,40,30,30
AL,BILL,2009,3,46,20090823,1200,,HU,42.4N,65.4W,70,965,250,250,175,150,100,100,60,40,75,40,30,30
AL,BILL,2009,3,46,20090823,1800,,HU,44.4N,62.5W,65,970,250,250,175,150,100,100,60,40,50,40,30,30
AL,BILL,2009,3,46,20090824,0,,HU,46.3N,57.9W,65,973,225,250,240,150,100,120,60,75,50,40,30,30
AL,BILL,2009,3,46,20090824,200,S,TS,46.8N,56.4W,60,974,225,250,240,150,100,120,60,75,0,0,0,0
AL,BILL,2009,3,46,20090824,300,L,TS,46.9N,56.0W,60,976,225,250,240,150,100,120,60,75,0,0,0,0
AL,BILL,2009,3,46,20090824,600,,TS,48.0N,53.0W,60,980,225,275,240,150,100,175,75,75,0,0,0,0
AL,BILL,2009,3,46,20090824,1200,,EX,49.2N,47.2W,60,980,225,275,240,150,100,175,75,75,0,0,0,0
AL,BILL,2009,3,46,20090824,1800,,EX,50.0N,41.2W,60,980,225,275,240,150,100,175,75,75,0,0,0,0
AL,BILL,2009,3,46,20090825,0,,EX,50.3N,35.4W,60,980,225,275,240,150,100,175,75,75,0,0,0,0
AL,BILL,2009,3,46,20090825,600,,EX,50.7N,29.6W,60,980,225,275,240,150,100,175,75,75,0,0,0,0
AL,BILL,2009,3,46,20090825,1200,,EX,51.2N,23.8W,60,980,225,275,240,150,100,175,75,75,0,0,0,0
AL,BILL,2009,3,46,20090825,1800,,EX,52.0N,18.0W,50,982,225,275,240,150,100,175,75,75,0,0,0,0
AL,BILL,2009,3,46,20090826,0,,EX,53.0N,13.0W,40,985,225,275,240,150,0,0,0,0,0,0,0,0
AL,CLAUDETTE,2009,4,8,20090816,600,,TD,27.0N,83.4W,30,1011,0,0,0,0,0,0,0,0,0,0,0,0
AL,CLAUDETTE,2009,4,8,20090816,1200,,TS,28.2N,84.2W,35,1010,40,40,0,0,0,0,0,0,0,0,0,0
AL,CLAUDETTE,2009,4,8,20090816,1800,,TS,29.1N,85.1W,50,1008,60,60,15,30,0,30,0,0,0,0,0,0
AL,CLAUDETTE,2009,4,8,20090817,0,,TS,29.8N,85.8W,45,1005,40,60,15,30,0,0,0,0,0,0,0,0
AL,CLAUDETTE,2009,4,8,20090817,530,L,TS,30.4N,86.5W,40,1005,,,,,,,,,,,,
AL,CLAUDETTE,2009,4,8,20090817,600,,TS,30.5N,86.6W,40,1005,35,80,0,0,0,0,0,0,0,0,0,0
AL,CLAUDETTE,2009,4,8,20090817,1200,,TD,31.5N,87.5W,25,1013,0,0,0,0,0,0,0,0,0,0,0,0
AL,CLAUDETTE,2009,4,8,20090817,1800,,TD,32.8N,88.3W,20,1017,0,0,0,0,0,0,0,0,0,0,0,0
AL,DANNY,2009,5,12,20090826,900,G,TS,24.3N,69.6W,40,1009,120,120,0,120,0,0,0,0,0,0,0,0
AL,DANNY,2009,5,12,20090826,1200,,TS,24.6N,70.1W,40,1009,120,120,0,120,0,0,0,0,0,0,0,0
AL,DANNY,2009,5,12,20090826,1800,,TS,25.1N,70.7W,45,1009,150,120,0,120,0,0,0,0,0,0,0,0
AL,DANNY,2009,5,12,20090827,0,,TS,25.9N,71.2W,50,1006,150,120,0,135,120,0,0,0,0,0,0,0
AL,DANNY,2009,5,12,20090827,600,,TS,27.0N,71.8W,50,1006,180,120,0,135,120,0,0,0,0,0,0,0
AL,DANNY,2009,5,12,20090827,1200,,TS,27.4N,72.7W,50,1006,180,150,0,135,120,0,0,0,0,0,0,0
AL,DANNY,2009,5,12,20090827,1800,,TS,27.4N,73.3W,45,1008,180,150,0,120,0,0,0,0,0,0,0,0
AL,DANNY,2009,5,12,20090828,0,,TS,28.1N,73.5W,40,1008,180,150,0,90,0,0,0,0,0,0,0,0
AL,DANNY,2009,5,12,20090828,600,,TS,29.0N,74.4W,35,1008,150,150,0,0,0,0,0,0,0,0,0,0
AL,DANNY,2009,5,12,20090828,1200,,TS,29.7N,75.4W,35,1008,150,150,0,0,0,0,0,0,0,0,0,0
AL,DANNY,2009,5,12,20090828,1800,,TS,30.1N,75.7W,35,1007,0,150,0,0,0,0,0,0,0,0,0,0
AL,DANNY,2009,5,12,20090829,0,,TS,31.0N,75.0W,35,1006,0,150,0,0,0,0,0,0,0,0,0,0
AL,ERIKA,2009,6,12,20090901,1800,,TS,16.7N,57.3W,45,1007,105,90,0,0,0,0,0,0,0,0,0,0
AL,ERIKA,2009,6,12,20090902,0,,TS,16.8N,58.0W,45,1004,105,90,0,50,0,0,0,0,0,0,0,0
AL,ERIKA,2009,6,12,20090902,600,,TS,16.5N,58.9W,45,1005,105,90,0,50,0,0,0,0,0,0,0,0
AL,ERIKA,2009,6,12,20090902,1200,,TS,16.4N,59.9W,35,1008,125,90,0,0,0,0,0,0,0,0,0,0
AL,ERIKA,2009,6,12,20090902,1800,,TS,16.3N,61.0W,35,1008,150,120,0,0,0,0,0,0,0,0,0,0
AL,ERIKA,2009,6,12,20090902,1830,L,TS,16.3N,61.3W,35,1008,,,,,,,,,,,,
AL,ERIKA,2009,6,12,20090903,0,,TS,16.3N,61.9W,35,1009,200,150,0,0,0,0,0,0,0,0,0,0
AL,ERIKA,2009,6,12,20090903,600,,TS,16.4N,62.7W,40,1008,200,150,0,0,0,0,0,0,0,0,0,0
AL,ERIKA,2009,6,12,20090903,1200,,TS,16.5N,63.5W,40,1008,150,150,0,0,0,0,0,0,0,0,0,0
AL,ERIKA,2009,6,12,20090903,1800,,TD,16.6N,64.5W,30,1008,0,0,0,0,0,0,0,0,0,0,0,0
AL,ERIKA,2009,6,12,20090904,0,,LO,16.8N,65.5W,25,1009,0,0,0,0,0,0,0,0,0,0,0,0
AL,ERIKA,2009,6,12,20090904,600,,LO,17.0N,66.5W,25,1010,0,0,0,0,0,0,0,0,0,0,0,0
AL,FRED,2009,7,48,20090907,1800,,TD,11.8N,24.0W,30,1005,0,0,0,0,0,0,0,0,0,0,0,0
AL,FRED,2009,7,48,20090908,0,,TS,11.7N,25.4W,35,1004,30,30,30,30,0,0,0,0,0,0,0,0
AL,FRED,2009,7,48,20090908,600,,TS,11.7N,26.8W,45,1000,30,45,30,30,0,0,0,0,0,0,0,0
AL,FRED,2009,7,48,20090908,1200,,TS,11.8N,28.0W,55,994,30,45,30,30,15,0,0,15,0,0,0,0
AL,FRED,2009,7,48,20090908,1800,,TS,11.9N,29.2W,60,990,45,60,45,45,30,15,0,30,0,0,0,0
AL,FRED,2009,7,48,20090909,0,,HU,12.4N,30.3W,70,983,75,75,45,60,45,30,25,30,20,20,10,10
AL,FRED,2009,7,48,20090909,600,,HU,13.0N,31.3W,90,970,90,105,45,60,45,45,25,30,20,20,10,20
AL,FRED,2009,7,48,20090909,1200,,HU,13.6N,32.1W,105,958,105,105,45,60,45,45,25,30,25,25,15,25
AL,FRED,2009,7,48,20090909,1800,,HU,14.2N,32.8W,100,960,90,105,45,75,45,45,25,30,25,25,15,25
AL,FRED,2009,7,48,20090910,0,,HU,14.8N,33.5W,95,965,90,105,45,75,45,45,20,30,25,25,15,20
AL,FRED,2009,7,48,20090910,600,,HU,15.4N,34.2W,90,970,90,105,45,75,45,45,20,30,25,25,15,20
AL,FRED,2009,7,48,20090910,1200,,HU,16.1N,34.6W,85,974,90,105,45,75,45,45,20,30,25,25,15,20
AL,FRED,2009,7,48,20090910,1800,,HU,16.7N,34.9W,80,975,90,105,45,75,45,45,20,30,25,25,15,20
AL,FRED,2009,7,48,20090911,0,,HU,17.2N,35.1W,80,975,90,90,60,90,45,45,20,30,20,20,10,20
AL,FRED,2009,7,48,20090911,600,,HU,17.5N,34.8W,75,980,90,60,75,105,45,45,30,45,20,20,0,20
AL,FRED,2009,7,48,20090911,1200,,HU,17.6N,34.5W,65,987,75,60,60,105,45,45,30,45,15,15,0,15
AL,FRED,2009,7,48,20090911,1800,,TS,17.6N,34.2W,55,994,60,60,30,90,30,30,0,45,0,0,0,0
AL,FRED,2009,7,48,20090912,0,,TS,17.6N,33.9W,50,998,60,60,30,75,30,0,0,30,0,0,0,0
AL,FRED,2009,7,48,20090912,600,,TS,17.6N,33.6W,40,1002,45,45,30,75,0,0,0,0,0,0,0,0
AL,FRED,2009,7,48,20090912,1200,,TS,17.5N,33.6W,35,1003,0,0,0,75,0,0,0,0,0,0,0,0
AL,FRED,2009,7,48,20090912,1800,,LO,17.5N,33.8W,30,1004,0,0,0,0,0,0,0,0,0,0,0,0
AL,FRED,2009,7,48,20090913,0,,LO,17.5N,34.0W,30,1006,0,0,0,0,0,0,0,0,0,0,0,0
AL,FRED,2009,7,48,20090913,600,,LO,17.5N,34.3W,30,1007,0,0,0,0,0,0,0,0,0,0,0,0
AL,FRED,2009,7,48,20090913,1200,,LO,17.9N,34.7W,30,1007,0,0,0,0,0,0,0,0,0,0,0,0
AL,FRED,2009,7,48,20090913,1800,,LO,18.5N,35.4W,30,1007,0,0,0,0,0,0,0,0,0,0,0,0
AL,FRED,2009,7,48,20090914,0,,LO,19.0N,36.3W,30,1007,0,0,0,0,0,0,0,0,0,0,0,0
AL,FRED,2009,7,48,20090914,600,,LO,19.2N,37.5W,30,1007,0,0,0,0,0,0,0,0,0,0,0,0
AL,FRED,2009,7,48,20090914,1200,,LO,19.2N,38.8W,30,1007,0,0,0,0,0,0,0,0,0,0,0,0
AL,FRED,2009,7,48,20090914,1800,,LO,19.1N,40.2W,25,1008,0,0,0,0,0,0,0,0,0,0,0,0
AL,FRED,2009,7,48,20090915,0,,LO,19.1N,41.6W,25,1008,0,0,0,0,0,0,0,0,0,0,0,0
AL,FRED,2009,7,48,20090915,600,,LO,19.3N,43.1W,25,1008,0,0,0,0,0,0,0,0,0,0,0,0
AL,FRED,2009,7,48,20090915,1200,,LO,19.8N,44.7W,25,1008,0,0,0,0,0,0,0,0,0,0,0,0
AL,FRED,2009,7,48,20090915,1800,,LO,20.4N,46.4W,25,1010,0,0,0,0,0,0,0,0,0,0,0,0
AL,FRED,2009,7,48,20090916,0,,LO,21.1N,48.3W,25,1010,0,0,0,0,0,0,0,0,0,0,0,0
AL,FRED,2009,7,48,20090916,600,,LO,21.8N,50.2W,25,1010,0,0,0,0,0,0,0,0,0,0,0,0
AL,FRED,2009,7,48,20090916,1200,,LO,22.3N,52.1W,25,1010,0,0,0,0,0,0,0,0,0,0,0,0
AL,FRED,2009,7,48,20090916,1800,,LO,22.8N,54.1W,25,1010,0,0,0,0,0,0,0,0,0,0,0,0
AL,FRED,2009,7,48,20090917,0,,LO,23.3N,56.0W,25,1010,0,0,0,0,0,0,0,0,0,0,0,0
AL,FRED,2009,7,48,20090917,600,,LO,23.8N,57.9W,25,1010,0,0,0,0,0,0,0,0,0,0,0,0
AL,FRED,2009,7,48,20090917,1200,,LO,24.2N,59.9W,25,1011,0,0,0,0,0,0,0,0,0,0,0,0
AL,FRED,2009,7,48,20090917,1800,,LO,24.6N,61.6W,25,1011,0,0,0,0,0,0,0,0,0,0,0,0
AL,FRED,2009,7,48,20090918,0,,LO,24.9N,63.2W,25,1012,0,0,0,0,0,0,0,0,0,0,0,0
AL,FRED,2009,7,48,20090918,600,,LO,25.3N,64.7W,25,1012,0,0,0,0,0,0,0,0,0,0,0,0
AL,FRED,2009,7,48,20090918,1200,,LO,25.6N,66.0W,25,1012,0,0,0,0,0,0,0,0,0,0,0,0
AL,FRED,2009,7,48,20090918,1800,,LO,25.9N,67.1W,25,1012,0,0,0,0,0,0,0,0,0,0,0,0
AL,FRED,2009,7,48,20090919,0,,LO,26.2N,68.1W,25,1012,0,0,0,0,0,0,0,0,0,0,0,0
AL,FRED,2009,7,48,20090919,600,,LO,26.4N,69.0W,25,1012,0,0,0,0,0,0,0,0,0,0,0,0
AL,FRED,2009,7,48,20090919,1200,,LO,26.6N,69.8W,25,1012,0,0,0,0,0,0,0,0,0,0,0,0
AL,EIGHT,2009,8,7,20090925,600,,LO,14.8N,29.0W,20,1010,0,0,0,0,0,0,0,0,0,0,0,0
AL,EIGHT,2009,8,7,20090925,1200,,LO,15.4N,30.1W,25,1009,0,0,0,0,0,0,0,0,0,0,0,0
AL,EIGHT,2009,8,7,20090925,1800,,TD,16.1N,31.1W,30,1008,0,0,0,0,0,0,0,0,0,0,0,0
AL,EIGHT,2009,8,7,20090926,0,,TD,16.7N,32.2W,30,1008,0,0,0,0,0,0,0,0,0,0,0,0
AL,EIGHT,2009,8,7,20090926,600,,TD,17.2N,33.3W,30,1008,0,0,0,0,0,0,0,0,0,0,0,0
AL,EIGHT,2009,8,7,20090926,1200,,TD,17.8N,34.3W,30,1008,0,0,0,0,0,0,0,0,0,0,0,0
AL,EIGHT,2009,8,7,20090926,1800,,TD,18.6N,35.2W,25,1008,0,0,0,0,0,0,0,0,0,0,0,0
AL,GRACE,2009,9,37,20090927,1800,,EX,46.0N,43.2W,55,995,0,0,285,195,0,0,120,105,0,0,0,0
AL,GRACE,2009,9,37,20090928,0,,EX,45.3N,42.9W,50,994,0,0,285,195,0,0,120,105,0,0,0,0
AL,GRACE,2009,9,37,20090928,600,,EX,44.7N,42.0W,45,992,0,180,270,180,0,0,0,0,0,0,0,0
AL,GRACE,2009,9,37,20090928,1200,,EX,44.0N,40.3W,45,992,0,180,270,180,0,0,0,0,0,0,0,0
AL,GRACE,2009,9,37,20090928,1800,,EX,43.8N,38.7W,40,994,0,180,255,0,0,0,0,0,0,0,0,0
AL,GRACE,2009,9,37,20090929,0,,EX,43.6N,37.1W,40,996,0,0,150,0,0,0,0,0,0,0,0,0
AL,GRACE,2009,9,37,20090929,600,,EX,43.4N,35.8W,35,998,0,0,60,0,0,0,0,0,0,0,0,0
AL,GRACE,2009,9,37,20090929,1200,,EX,42.9N,35.3W,35,1000,0,0,60,0,0,0,0,0,0,0,0,0
AL,GRACE,2009,9,37,20090929,1800,,EX,42.3N,35.2W,35,999,0,0,60,0,0,0,0,0,0,0,0,0
AL,GRACE,2009,9,37,20090930,0,,EX,41.4N,35.4W,35,998,0,0,60,45,0,0,0,0,0,0,0,0
AL,GRACE,2009,9,37,20090930,600,,EX,40.3N,35.3W,35,997,0,0,60,45,0,0,0,0,0,0,0,0
AL,GRACE,2009,9,37,20090930,1200,,EX,38.7N,34.6W,40,996,0,0,45,45,0,0,0,0,0,0,0,0
AL,GRACE,2009,9,37,20090930,1800,,EX,37.4N,33.2W,40,995,0,0,45,45,0,0,0,0,0,0,0,0
AL,GRACE,2009,9,37,20091001,0,,EX,36.6N,31.5W,40,995,0,45,45,0,0,0,0,0,0,0,0,0
AL,GRACE,2009,9,37,20091001,600,,EX,36.7N,29.7W,40,995,0,45,45,0,0,0,0,0,0,0,0,0
AL,GRACE,2009,9,37,20091001,1200,,EX,37.7N,28.7W,40,996,30,30,0,0,0,0,0,0,0,0,0,0
AL,GRACE,2009,9,37,20091001,1800,,EX,38.6N,28.5W,40,996,30,30,0,0,0,0,0,0,0,0,0,0
AL,GRACE,2009,9,37,20091002,0,,EX,39.3N,28.8W,35,997,30,0,0,30,0,0,0,0,0,0,0,0
AL,GRACE,2009,9,37,20091002,600,,EX,39.7N,29.4W,35,997,30,0,0,30,0,0,0,0,0,0,0,0
AL,GRACE,2009,9,37,20091002,1200,,EX,40.2N,30.0W,35,997,0,0,30,30,0,0,0,0,0,0,0,0
AL,GRACE,2009,9,37,20091002,1800,,EX,40.9N,30.4W,40,996,0,0,30,30,0,0,0,0,0,0,0,0
AL,GRACE,2009,9,37,20091003,0,,EX,41.4N,31.0W,40,996,0,30,30,0,0,0,0,0,0,0,0,0
AL,GRACE,2009,9,37,20091003,600,,EX,41.4N,31.9W,35,996,0,30,0,0,0,0,0,0,0,0,0,0
AL,GRACE,2009,9,37,20091003,1200,,EX,40.8N,32.5W,35,996,30,0,30,30,0,0,0,0,0,0,0,0
AL,GRACE,2009,9,37,20091003,1800,,LO,39.9N,32.3W,40,995,0,0,45,45,0,0,0,0,0,0,0,0
AL,GRACE,2009,9,37,20091004,0,,LO,39.1N,31.3W,40,994,0,45,45,45,0,0,0,0,0,0,0,0
AL,GRACE,2009,9,37,20091004,600,,TS,38.5N,29.5W,40,993,0,45,45,0,0,0,0,0,0,0,0,0
AL,GRACE,2009,9,37,20091004,1200,,TS,38.3N,26.8W,45,992,0,45,45,0,0,0,0,0,0,0,0,0
AL,GRACE,2009,9,37,20091004,1800,,TS,38.8N,23.9W,50,991,45,45,45,0,0,20,0,0,0,0,0,0
AL,GRACE,2009,9,37,20091005,0,,TS,40.2N,21.3W,55,989,45,45,45,0,0,20,0,0,0,0,0,0
AL,GRACE,2009,9,37,20091005,600,,TS,42.0N,19.0W,55,988,45,45,45,0,0,20,0,0,0,0,0,0
AL,GRACE,2009,9,37,20091005,1200,,TS,44.3N,17.1W,55,987,45,45,45,0,0,30,0,0,0,0,0,0
AL,GRACE,2009,9,37,20091005,1800,,TS,46.6N,15.5W,50,986,45,45,45,0,0,30,0,0,0,0,0,0
AL,GRACE,2009,9,37,20091006,0,,TS,48.8N,14.3W,45,986,45,45,45,0,0,0,0,0,0,0,0,0
AL,GRACE,2009,9,37,20091006,600,,EX,50.0N,12.7W,40,989,30,30,45,0,0,0,0,0,0,0,0,0
AL,GRACE,2009,9,37,20091006,1200,,EX,50.4N,10.6W,35,993,30,30,45,0,0,0,0,0,0,0,0,0
AL,GRACE,2009,9,37,20091006,1800,,EX,50.8N,7.7W,30,997,0,0,0,0,0,0,0,0,0,0,0,0
AL,HENRI,2009,10,23,20091006,0,,TD,15.1N,49.2W,30,1008,0,0,0,0,0,0,0,0,0,0,0,0
AL,HENRI,2009,10,23,20091006,600,,TS,16.1N,50.5W,35,1007,45,0,0,0,0,0,0,0,0,0,0,0
AL,HENRI,2009,10,23,20091006,1200,,TS,17.0N,51.9W,35,1007,45,0,0,0,0,0,0,0,0,0,0,0
AL,HENRI,2009,10,23,20091006,1800,,TS,17.6N,53.4W,35,1007,45,0,0,0,0,0,0,0,0,0,0,0
AL,HENRI,2009,10,23,20091007,0,,TS,18.0N,54.6W,40,1006,60,0,0,0,0,0,0,0,0,0,0,0
AL,HENRI,2009,10,23,20091007,600,,TS,18.3N,55.7W,45,1005,60,30,0,0,0,0,0,0,0,0,0,0
AL,HENRI,2009,10,23,20091007,1200,,TS,18.7N,56.8W,45,1006,60,60,0,0,0,0,0,0,0,0,0,0
AL,HENRI,2009,10,23,20091007,1800,,TS,19.0N,57.9W,40,1007,60,90,0,0,0,0,0,0,0,0,0,0
AL,HENRI,2009,10,23,20091008,0,,TS,19.3N,59.1W,35,1008,60,90,0,0,0,0,0,0,0,0,0,0
AL,HENRI,2009,10,23,20091008,600,,TD,19.6N,60.3W,30,1010,0,0,0,0,0,0,0,0,0,0,0,0
AL,HENRI,2009,10,23,20091008,1200,,TD,20.0N,61.4W,30,1011,0,0,0,0,0,0,0,0,0,0,0,0
AL,HENRI,2009,10,23,20091008,1800,,LO,20.3N,62.2W,25,1012,0,0,0,0,0,0,0,0,0,0,0,0
AL,HENRI,2009,10,23,20091009,0,,LO,20.5N,62.9W,25,1012,0,0,0,0,0,0,0,0,0,0,0,0
AL,HENRI,2009,10,23,20091009,600,,LO,20.6N,63.5W,20,1012,0,0,0,0,0,0,0,0,0,0,0,0
AL,HENRI,2009,10,23,20091009,1200,,LO,20.7N,64.1W,20,1012,0,0,0,0,0,0,0,0,0,0,0,0
AL,HENRI,2009,10,23,20091009,1800,,LO,20.9N,64.9W,20,1012,0,0,0,0,0,0,0,0,0,0,0,0
AL,HENRI,2009,10,23,20091010,0,,LO,21.0N,65.7W,20,1012,0,0,0,0,0,0,0,0,0,0,0,0
AL,HENRI,2009,10,23,20091010,600,,LO,20.9N,66.7W,20,1012,0,0,0,0,0,0,0,0,0,0,0,0
AL,HENRI,2009,10,23,20091010,1200,,LO,20.6N,67.6W,20,1012,0,0,0,0,0,0,0,0,0,0,0,0
AL,HENRI,2009,10,23,20091010,1800,,LO,20.3N,68.5W,20,1012,0,0,0,0,0,0,0,0,0,0,0,0
AL,HENRI,2009,10,23,20091011,0,,LO,20.2N,69.4W,20,1012,0,0,0,0,0,0,0,0,0,0,0,0
AL,HENRI,2009,10,23,20091011,600,,LO,20.1N,70.5W,20,1012,0,0,0,0,0,0,0,0,0,0,0,0
AL,HENRI,2009,10,23,20091011,1200,,LO,20.2N,71.7W,20,1013,0,0,0,0,0,0,0,0,0,0,0,0
AL,IDA,2009,11,31,20091104,600,,TD,11.0N,81.3W,30,1007,0,0,0,0,0,0,0,0,0,0,0,0
AL,IDA,2009,11,31,20091104,1200,,TS,11.4N,81.8W,35,1004,30,0,0,0,0,0,0,0,0,0,0,0
AL,IDA,2009,11,31,20091104,1800,,TS,11.8N,82.3W,45,998,45,30,20,30,0,0,0,0,0,0,0,0
AL,IDA,2009,11,31,20091105,0,,TS,12.3N,82.8W,55,995,45,30,20,30,15,10,0,10,0,0,0,0
AL,IDA,2009,11,31,20091105,600,,HU,12.6N,83.3W,65,987,50,40,25,40,20,20,10,20,15,10,0,10
AL,IDA,2009,11,31,20091105,1200,L,HU,12.9N,83.6W,70,985,60,50,25,50,30,25,15,25,15,10,0,10
AL,IDA,2009,11,31,20091105,1800,,TS,13.2N,83.8W,50,996,60,50,25,40,30,25,0,25,0,0,0,0
AL,IDA,2009,11,31,20091106,0,,TS,13.6N,83.9W,35,1003,40,40,0,20,0,0,0,0,0,0,0,0
AL,IDA,2009,11,31,20091106,600,,TD,14.1N,84.0W,30,1005,0,0,0,0,0,0,0,0,0,0,0,0
AL,IDA,2009,11,31,20091106,1200,,TD,14.7N,83.9W,30,1006,0,0,0,0,0,0,0,0,0,0,0,0
AL,IDA,2009,11,31,20091106,1800,,TD,15.4N,83.9W,30,1007,0,0,0,0,0,0,0,0,0,0,0,0
AL,IDA,2009,11,31,20091107,0,,TD,16.1N,84.0W,30,1006,0,0,0,0,0,0,0,0,0,0,0,0
AL,IDA,2009,11,31,20091107,600,,TS,16.8N,84.0W,35,1004,40,0,0,0,0,0,0,0,0,0,0,0
AL,IDA,2009,11,31,20091107,1200,,TS,17.7N,84.0W,55,997,90,40,30,90,20,15,15,20,0,0,0,0
AL,IDA,2009,11,31,20091107,1800,,TS,18.7N,84.1W,60,990,120,75,40,90,40,30,20,30,0,0,0,0
AL,IDA,2009,11,31,20091108,0,,HU,19.5N,84.5W,70,987,120,75,40,90,40,30,20,30,15,0,0,15
AL,IDA,2009,11,31,20091108,600,,HU,20.1N,85.3W,80,984,120,75,40,90,40,30,20,30,15,0,0,15
AL,IDA,2009,11,31,20091108,1200,,HU,20.9N,85.8W,85,983,120,75,40,90,40,30,20,30,15,0,0,15
AL,IDA,2009,11,31,20091108,1800,,HU,21.9N,86.2W,85,975,120,90,45,90,60,30,30,30,30,15,15,15
AL,IDA,2009,11,31,20091109,0,,HU,23.0N,86.5W,90,979,150,100,45,90,60,30,30,30,30,15,15,15
AL,IDA,2009,11,31,20091109,600,,HU,24.4N,87.5W,80,988,175,100,45,90,60,30,30,30,30,15,15,15
AL,IDA,2009,11,31,20091109,1200,,TS,26.3N,88.3W,60,989,175,125,45,125,60,30,40,50,0,0,0,0
AL,IDA,2009,11,31,20091109,1800,,HU,27.9N,88.6W,65,990,175,125,75,125,60,0,50,50,0,0,20,0
AL,IDA,2009,11,31,20091109,2100,W,HU,28.5N,88.7W,75,990,175,125,75,125,60,0,50,50,0,0,20,0
AL,IDA,2009,11,31,20091110,0,,TS,28.9N,88.7W,60,993,175,125,75,100,60,0,50,50,0,0,0,0
AL,IDA,2009,11,31,20091110,600,,TS,29.8N,88.6W,50,998,125,150,75,75,20,0,0,20,0,0,0,0
AL,IDA,2009,11,31,20091110,900,S,EX,30.1N,88.3W,45,998,125,150,75,75,0,0,0,0,0,0,0,0
AL,IDA,2009,11,31,20091110,1200,,EX,30.3N,88.0W,35,999,30,60,60,30,0,0,0,0,0,0,0,0
AL,IDA,2009,11,31,20091110,1800,,EX,30.6N,87.2W,30,1002,0,0,0,0,0,0,0,0,0,0,0,0
AL,IDA,2009,11,31,20091111,0,,EX,30.6N,86.3W,25,1005,0,0,0,0,0,0,0,0,0,0,0,0
AL,IDA,2009,11,31,20091111,600,,EX,30.8N,85.5W,25,1006,0,0,0,0,0,0,0,0,0,0,0,0
AL,ALEX,2010,1,32,20100624,1800,,LO,15.9N,82.0W,25,1007,0,0,0,0,0,0,0,0,0,0,0,0
AL,ALEX,2010,1,32,20100625,0,,LO,16.0N,82.1W,25,1006,0,0,0,0,0,0,0,0,0,0,0,0
AL,ALEX,2010,1,32,20100625,600,,LO,16.1N,82.3W,25,1006,0,0,0,0,0,0,0,0,0,0,0,0
AL,ALEX,2010,1,32,20100625,1200,,LO,16.2N,82.5W,30,1005,0,0,0,0,0,0,0,0,0,0,0,0
AL,ALEX,2010,1,32,20100625,1800,,TD,16.4N,83.1W,30,1005,0,0,0,0,0,0,0,0,0,0,0,0
AL,ALEX,2010,1,32,20100626,0,,TD,16.6N,83.9W,30,1004,0,0,0,0,0,0,0,0,0,0,0,0
AL,ALEX,2010,1,32,20100626,600,,TS,16.7N,84.9W,40,1004,90,90,0,0,0,0,0,0,0,0,0,0
AL,ALEX,2010,1,32,20100626,1200,,TS,16.9N,86.1W,40,1004,90,90,0,0,0,0,0,0,0,0,0,0
AL,ALEX,2010,1,32,20100626,1800,,TS,17.2N,87.2W,55,996,100,75,30,30,0,0,20,0,0,0,0,0
AL,ALEX,2010,1,32,20100627,0,L,TS,17.5N,88.2W,55,995,90,75,30,30,0,15,15,0,0,0,0,0
AL,ALEX,2010,1,32,20100627,600,,TS,18.0N,89.1W,55,991,90,90,30,30,0,15,15,0,0,0,0,0
AL,ALEX,2010,1,32,20100627,1200,,TS,18.5N,90.0W,45,992,60,30,30,60,0,0,0,0,0,0,0,0
AL,ALEX,2010,1,32,20100627,1800,,TS,18.9N,90.7W,35,993,30,30,30,30,0,0,0,0,0,0,0,0
AL,ALEX,2010,1,32,20100628,0,,TS,19.2N,91.1W,40,991,60,30,30,60,0,0,0,0,0,0,0,0
AL,ALEX,2010,1,32,20100628,600,,TS,19.5N,91.4W,40,991,60,30,30,60,0,0,0,0,0,0,0,0
AL,ALEX,2010,1,32,20100628,1200,,TS,20.0N,91.6W,50,989,60,30,30,60,25,0,0,0,0,0,0,0
AL,ALEX,2010,1,32,20100628,1800,,TS,20.3N,91.7W,50,990,60,30,30,60,25,0,0,0,0,0,0,0
AL,ALEX,2010,1,32,20100629,0,,TS,20.7N,91.7W,55,987,60,60,30,60,25,0,0,0,0,0,0,0
AL,ALEX,2010,1,32,20100629,600,,TS,21.5N,91.9W,55,985,90,90,30,60,45,20,15,20,0,0,0,0
AL,ALEX,2010,1,32,20100629,1200,,TS,22.4N,92.7W,60,983,120,100,50,100,60,30,15,20,0,0,0,0
AL,ALEX,2010,1,32,20100629,1800,,TS,22.9N,93.6W,60,981,150,100,50,100,60,30,15,20,0,0,0,0
AL,ALEX,2010,1,32,20100630,0,,HU,23.0N,94.4W,65,973,150,150,75,130,80,80,30,40,15,15,15,15
AL,ALEX,2010,1,32,20100630,600,,HU,23.1N,94.8W,70,966,180,150,90,130,80,80,30,40,20,20,15,15
AL,ALEX,2010,1,32,20100630,1200,,HU,23.5N,95.2W,75,958,180,150,100,130,80,80,30,40,50,20,15,15
AL,ALEX,2010,1,32,20100630,1500,T,HU,24.0N,95.5W,75,958,180,150,100,130,80,80,30,40,50,20,15,15
AL,ALEX,2010,1,32,20100630,1800,,HU,24.3N,96.2W,80,962,180,180,120,130,90,80,60,40,50,30,15,15
AL,ALEX,2010,1,32,20100701,0,,HU,24.3N,97.3W,90,948,180,180,120,120,90,90,60,50,50,30,15,15
AL,ALEX,2010,1,32,20100701,200,L,HU,24.2N,97.7W,95,946,180,180,120,120,90,90,60,50,50,30,15,15
AL,ALEX,2010,1,32,20100701,600,,HU,24.1N,98.4W,75,963,180,180,120,90,75,75,30,30,20,20,10,10
AL,ALEX,2010,1,32,20100701,1200,,TS,23.5N,99.5W,60,977,120,120,120,75,50,50,25,25,0,0,0,0
AL,ALEX,2010,1,32,20100701,1800,,TS,23.1N,100.7W,40,987,60,60,105,60,0,0,0,0,0,0,0,0
AL,ALEX,2010,1,32,20100702,0,,TD,23.2N,101.9W,30,997,0,0,0,0,0,0,0,0,0,0,0,0
AL,TWO,2010,2,13,20100707,600,,LO,21.5N,91.1W,25,1006,0,0,0,0,0,0,0,0,0,0,0,0
AL,TWO,2010,2,13,20100707,1200,,LO,22.1N,92.0W,25,1006,0,0,0,0,0,0,0,0,0,0,0,0
AL,TWO,2010,2,13,20100707,1800,,LO,22.8N,92.8W,30,1006,0,0,0,0,0,0,0,0,0,0,0,0
AL,TWO,2010,2,13,20100708,0,,TD,23.7N,93.7W,30,1005,0,0,0,0,0,0,0,0,0,0,0,0
AL,TWO,2010,2,13,20100708,600,,TD,24.7N,95.0W,30,1006,0,0,0,0,0,0,0,0,0,0,0,0
AL,TWO,2010,2,13,20100708,1200,,TD,26.1N,96.6W,30,1006,0,0,0,0,0,0,0,0,0,0,0,0
AL,TWO,2010,2,13,20100708,1400,L,TD,26.1N,97.1W,30,1006,0,0,0,0,0,0,0,0,0,0,0,0
AL,TWO,2010,2,13,20100708,1800,,TD,26.1N,97.8W,25,1007,0,0,0,0,0,0,0,0,0,0,0,0
AL,TWO,2010,2,13,20100709,0,,TD,25.9N,98.8W,25,1007,0,0,0,0,0,0,0,0,0,0,0,0
AL,TWO,2010,2,13,20100709,600,,LO,26.1N,99.7W,20,1008,0,0,0,0,0,0,0,0,0,0,0,0
AL,TWO,2010,2,13,20100709,1200,,LO,26.5N,100.6W,20,1009,0,0,0,0,0,0,0,0,0,0,0,0
AL,TWO,2010,2,13,20100709,1800,,LO,27.3N,101.3W,20,1010,0,0,0,0,0,0,0,0,0,0,0,0
AL,TWO,2010,2,13,20100710,0,,LO,28.1N,102.2W,20,1010,0,0,0,0,0,0,0,0,0,0,0,0
AL,BONNIE,2010,3,18,20100722,600,,TD,21.5N,73.8W,30,1009,0,0,0,0,0,0,0,0,0,0,0,0
AL,BONNIE,2010,3,18,20100722,1200,,TD,21.7N,74.4W,30,1008,0,0,0,0,0,0,0,0,0,0,0,0
AL,BONNIE,2010,3,18,20100722,1800,,TD,22.2N,74.9W,30,1007,0,0,0,0,0,0,0,0,0,0,0,0
AL,BONNIE,2010,3,18,20100722,2315,L,TS,23.0N,75.7W,35,1006,30,0,0,0,0,0,0,0,0,0,0,0
AL,BONNIE,2010,3,18,20100723,0,,TS,23.1N,75.9W,35,1006,40,0,0,0,0,0,0,0,0,0,0,0
AL,BONNIE,2010,3,18,20100723,515,L,TS,23.7N,77.5W,40,1005,70,0,0,40,0,0,0,0,0,0,0,0
AL,BONNIE,2010,3,18,20100723,600,,TS,23.8N,77.8W,40,1005,75,0,0,45,0,0,0,0,0,0,0,0
AL,BONNIE,2010,3,18,20100723,1200,,TS,24.8N,79.7W,35,1006,75,45,0,45,0,0,0,0,0,0,0,0
AL,BONNIE,2010,3,18,20100723,1430,L,TS,25.4N,80.2W,35,1007,75,40,0,40,0,0,0,0,0,0,0,0
AL,BONNIE,2010,3,18,20100723,1800,,TD,25.8N,81.1W,30,1008,0,0,0,0,0,0,0,0,0,0,0,0
AL,BONNIE,2010,3,18,20100724,0,,TD,26.3N,82.6W,30,1010,0,0,0,0,0,0,0,0,0,0,0,0
AL,BONNIE,2010,3,18,20100724,600,,TD,26.7N,84.4W,30,1013,0,0,0,0,0,0,0,0,0,0,0,0
AL,BONNIE,2010,3,18,20100724,1200,,TD,27.5N,85.9W,25,1013,0,0,0,0,0,0,0,0,0,0,0,0
AL,BONNIE,2010,3,18,20100724,1800,,TD,28.1N,87.1W,25,1013,0,0,0,0,0,0,0,0,0,0,0,0
AL,BONNIE,2010,3,18,20100725,0,,LO,28.6N,88.3W,25,1012,0,0,0,0,0,0,0,0,0,0,0,0
AL,BONNIE,2010,3,18,20100725,600,,LO,29.2N,89.5W,25,1012,0,0,0,0,0,0,0,0,0,0,0,0
AL,BONNIE,2010,3,18,20100725,1200,,LO,29.8N,90.5W,20,1012,0,0,0,0,0,0,0,0,0,0,0,0
AL,BONNIE,2010,3,18,20100725,1800,,LO,30.1N,91.0W,15,1014,0,0,0,0,0,0,0,0,0,0,0,0
AL,COLIN,2010,4,25,20100802,1200,,TD,12.5N,40.7W,30,1007,0,0,0,0,0,0,0,0,0,0,0,0
AL,COLIN,2010,4,25,20100802,1800,,TD,12.9N,42.4W,30,1007,0,0,0,0,0,0,0,0,0,0,0,0
AL,COLIN,2010,4,25,20100803,0,,TD,13.3N,44.4W,30,1007,0,0,0,0,0,0,0,0,0,0,0,0
AL,COLIN,2010,4,25,20100803,600,,TS,13.7N,46.6W,35,1006,30,0,0,30,0,0,0,0,0,0,0,0
AL,COLIN,2010,4,25,20100803,1200,,TS,14.3N,49.3W,35,1007,30,0,0,30,0,0,0,0,0,0,0,0
AL,COLIN,2010,4,25,20100803,1800,,DB,15.3N,52.2W,35,1009,60,0,0,45,0,0,0,0,0,0,0,0
AL,COLIN,2010,4,25,20100804,0,,DB,16.1N,54.8W,35,1009,90,0,0,60,0,0,0,0,0,0,0,0
AL,COLIN,2010,4,25,20100804,600,,DB,17.0N,57.2W,35,1009,120,0,0,60,0,0,0,0,0,0,0,0
AL,COLIN,2010,4,25,20100804,1200,,DB,18.0N,59.5W,35,1009,150,0,0,45,0,0,0,0,0,0,0,0
AL,COLIN,2010,4,25,20100804,1800,,DB,19.2N,61.1W,40,1009,120,0,0,0,0,0,0,0,0,0,0,0
AL,COLIN,2010,4,25,20100805,0,,DB,20.4N,62.5W,40,1009,120,0,0,0,0,0,0,0,0,0,0,0
AL,COLIN,2010,4,25,20100805,600,,DB,21.7N,63.7W,40,1009,120,0,0,0,0,0,0,0,0,0,0,0
AL,COLIN,2010,4,25,20100805,1200,,TS,23.0N,64.9W,40,1008,90,0,0,0,0,0,0,0,0,0,0,0
AL,COLIN,2010,4,25,20100805,1800,,TS,24.4N,65.8W,45,1007,90,60,0,0,0,0,0,0,0,0,0,0
AL,COLIN,2010,4,25,20100805,2100,I,TS,25.0N,66.1W,50,1005,90,60,0,0,25,25,0,0,0,0,0,0
AL,COLIN,2010,4,25,20100806,0,,TS,25.6N,66.6W,50,1006,90,60,0,0,25,25,0,0,0,0,0,0
AL,COLIN,2010,4,25,20100806,600,,TS,26.4N,67.2W,40,1007,90,90,0,0,0,0,0,0,0,0,0,0
AL,COLIN,2010,4,25,20100806,1200,,TS,27.0N,67.1W,40,1007,90,90,0,0,0,0,0,0,0,0,0,0
AL,COLIN,2010,4,25,20100806,1800,,TS,27.7N,66.9W,40,1008,90,90,0,0,0,0,0,0,0,0,0,0
AL,COLIN,2010,4,25,20100807,0,,TS,28.5N,66.6W,40,1008,90,90,0,0,0,0,0,0,0,0,0,0
AL,COLIN,2010,4,25,20100807,600,,TS,28.9N,66.4W,35,1009,90,90,0,0,0,0,0,0,0,0,0,0
AL,COLIN,2010,4,25,20100807,1200,,TS,29.1N,66.2W,35,1010,90,90,0,0,0,0,0,0,0,0,0,0
AL,COLIN,2010,4,25,20100807,1800,,TS,29.3N,65.9W,35,1012,90,90,0,0,0,0,0,0,0,0,0,0
AL,COLIN,2010,4,25,20100808,0,,TD,29.7N,65.7W,30,1012,0,0,0,0,0,0,0,0,0,0,0,0
AL,COLIN,2010,4,25,20100808,600,,TD,30.3N,65.7W,30,1013,0,0,0,0,0,0,0,0,0,0,0,0
AL,FIVE,2010,5,32,20100810,600,,LO,25.7N,83.0W,25,1008,0,0,0,0,0,0,0,0,0,0,0,0
AL,FIVE,2010,5,32,20100810,1200,,LO,25.7N,83.3W,25,1008,0,0,0,0,0,0,0,0,0,0,0,0
AL,FIVE,2010,5,32,20100810,1800,,TD,25.9N,83.7W,30,1008,0,0,0,0,0,0,0,0,0,0,0,0
AL,FIVE,2010,5,32,20100811,0,,TD,26.1N,84.1W,30,1008,0,0,0,0,0,0,0,0,0,0,0,0
AL,FIVE,2010,5,32,20100811,600,,LO,26.5N,85.0W,30,1008,0,0,0,0,0,0,0,0,0,0,0,0
AL,FIVE,2010,5,32,20100811,1200,,LO,27.1N,86.1W,25,1008,0,0,0,0,0,0,0,0,0,0,0,0
AL,FIVE,2010,5,32,20100811,1800,,LO,28.0N,87.5W,25,1009,0,0,0,0,0,0,0,0,0,0,0,0
AL,FIVE,2010,5,32,20100812,0,,LO,29.0N,88.4W,25,1009,0,0,0,0,0,0,0,0,0,0,0,0
AL,FIVE,2010,5,32,20100812,600,,LO,29.4N,88.8W,25,1008,0,0,0,0,0,0,0,0,0,0,0,0
AL,FIVE,2010,5,32,20100812,1200,,LO,29.7N,89.0W,25,1008,0,0,0,0,0,0,0,0,0,0,0,0
AL,FIVE,2010,5,32,20100812,1800,,LO,29.8N,89.0W,25,1008,0,0,0,0,0,0,0,0,0,0,0,0
AL,FIVE,2010,5,32,20100813,0,,LO,30.0N,88.9W,25,1007,0,0,0,0,0,0,0,0,0,0,0,0
AL,FIVE,2010,5,32,20100813,600,,LO,30.4N,88.8W,25,1007,0,0,0,0,0,0,0,0,0,0,0,0
AL,FIVE,2010,5,32,20100813,1200,,LO,30.8N,88.6W,25,1008,0,0,0,0,0,0,0,0,0,0,0,0
AL,FIVE,2010,5,32,20100813,1800,,LO,31.4N,88.0W,25,1008,0,0,0,0,0,0,0,0,0,0,0,0
AL,FIVE,2010,5,32,20100814,0,,LO,32.0N,87.3W,20,1009,0,0,0,0,0,0,0,0,0,0,0,0
AL,FIVE,2010,5,32,20100814,600,,LO,32.5N,86.5W,15,1010,0,0,0,0,0,0,0,0,0,0,0,0
AL,FIVE,2010,5,32,20100814,1200,,LO,32.8N,85.9W,15,1011,0,0,0,0,0,0,0,0,0,0,0,0
AL,FIVE,2010,5,32,20100814,1800,,LO,33.0N,85.4W,15,1012,0,0,0,0,0,0,0,0,0,0,0,0
AL,FIVE,2010,5,32,20100815,0,,LO,32.8N,85.0W,15,1012,0,0,0,0,0,0,0,0,0,0,0,0
AL,FIVE,2010,5,32,20100815,600,,LO,32.5N,84.9W,15,1013,0,0,0,0,0,0,0,0,0,0,0,0
AL,FIVE,2010,5,32,20100815,1200,,LO,32.0N,85.0W,15,1013,0,0,0,0,0,0,0,0,0,0,0,0
AL,FIVE,2010,5,32,20100815,1800,,LO,31.5N,85.1W,20,1013,0,0,0,0,0,0,0,0,0,0,0,0
AL,FIVE,2010,5,32,20100816,0,,LO,30.8N,85.3W,20,1011,0,0,0,0,0,0,0,0,0,0,0,0
AL,FIVE,2010,5,32,20100816,600,,LO,30.0N,85.6W,20,1010,0,0,0,0,0,0,0,0,0,0,0,0
AL,FIVE,2010,5,32,20100816,1200,,LO,29.3N,86.0W,20,1009,0,0,0,0,0,0,0,0,0,0,0,0
AL,FIVE,2010,5,32,20100816,1800,,LO,29.3N,86.8W,25,1008,0,0,0,0,0,0,0,0,0,0,0,0
AL,FIVE,2010,5,32,20100817,0,,LO,29.6N,87.7W,25,1007,0,0,0,0,0,0,0,0,0,0,0,0
AL,FIVE,2010,5,32,20100817,600,,LO,30.0N,88.6W,25,1008,0,0,0,0,0,0,0,0,0,0,0,0
AL,FIVE,2010,5,32,20100817,1200,,LO,30.7N,89.4W,25,1008,0,0,0,0,0,0,0,0,0,0,0,0
AL,FIVE,2010,5,32,20100817,1800,,LO,31.3N,90.3W,20,1009,0,0,0,0,0,0,0,0,0,0,0,0
AL,FIVE,2010,5,32,20100818,0,,LO,31.7N,91.0W,15,1010,0,0,0,0,0,0,0,0,0,0,0,0
AL,DANIELLE,2010,6,51,20100821,1200,,LO,10.7N,31.1W,25,1009,0,0,0,0,0,0,0,0,0,0,0,0
AL,DANIELLE,2010,6,51,20100821,1800,,TD,11.0N,31.7W,25,1008,0,0,0,0,0,0,0,0,0,0,0,0
AL,DANIELLE,2010,6,51,20100822,0,,TD,11.4N,32.4W,30,1007,0,0,0,0,0,0,0,0,0,0,0,0
AL,DANIELLE,2010,6,51,20100822,600,,TS,11.8N,33.1W,35,1005,30,30,0,0,0,0,0,0,0,0,0,0
AL,DANIELLE,2010,6,51,20100822,1200,,TS,12.4N,33.9W,35,1005,30,30,0,0,0,0,0,0,0,0,0,0
AL,DANIELLE,2010,6,51,20100822,1800,,TS,13.2N,34.8W,35,1004,30,30,0,0,0,0,0,0,0,0,0,0
AL,DANIELLE,2010,6,51,20100823,0,,TS,13.8N,35.9W,45,1000,30,30,45,45,0,0,0,0,0,0,0,0
AL,DANIELLE,2010,6,51,20100823,600,,TS,14.2N,37.4W,50,997,45,45,45,60,20,0,0,20,0,0,0,0
AL,DANIELLE,2010,6,51,20100823,1200,,TS,14.7N,39.1W,55,994,45,45,45,60,20,0,0,20,0,0,0,0
AL,DANIELLE,2010,6,51,20100823,1800,,HU,15.2N,40.9W,65,987,60,45,45,60,20,20,0,20,15,10,0,15
AL,DANIELLE,2010,6,51,20100824,0,,HU,15.4N,42.6W,75,982,75,60,60,75,40,30,20,40,20,15,0,20
AL,DANIELLE,2010,6,51,20100824,600,,HU,15.6N,44.2W,80,977,90,60,60,90,50,35,25,40,25,15,10,25
AL,DANIELLE,2010,6,51,20100824,1200,,HU,16.2N,45.8W,70,984,120,90,60,90,60,45,30,60,25,15,10,25
AL,DANIELLE,2010,6,51,20100824,1800,,HU,17.0N,47.5W,65,987,120,90,60,90,60,45,30,45,25,15,10,25
AL,DANIELLE,2010,6,51,20100825,0,,HU,17.7N,49.0W,70,984,120,90,60,90,60,45,30,45,25,15,0,25
AL,DANIELLE,2010,6,51,20100825,600,,HU,18.4N,50.4W,70,984,120,90,60,90,60,45,30,45,25,15,10,25
AL,DANIELLE,2010,6,51,20100825,1200,,HU,19.4N,51.6W,70,984,120,90,60,90,60,45,30,45,25,15,10,25
AL,DANIELLE,2010,6,51,20100825,1800,,HU,20.7N,52.6W,75,980,120,90,60,90,60,45,30,45,25,15,10,25
AL,DANIELLE,2010,6,51,20100826,0,,HU,22.0N,53.6W,80,977,150,105,90,120,75,50,40,60,35,25,20,30
AL,DANIELLE,2010,6,51,20100826,600,,HU,23.1N,54.6W,85,973,150,105,90,120,75,50,40,60,35,25,20,30
AL,DANIELLE,2010,6,51,20100826,1200,,HU,24.0N,55.4W,85,973,150,105,90,120,75,50,40,60,35,25,20,30
AL,DANIELLE,2010,6,51,20100826,1800,,HU,24.8N,56.4W,90,970,150,105,90,120,75,50,40,60,40,25,20,40
AL,DANIELLE,2010,6,51,20100827,0,,HU,25.6N,57.3W,95,966,180,120,105,120,90,60,50,75,40,35,20,40
AL,DANIELLE,2010,6,51,20100827,600,,HU,26.2N,58.3W,110,953,180,120,105,120,90,60,60,90,50,40,30,45
AL,DANIELLE,2010,6,51,20100827,1200,,HU,26.5N,59.3W,110,948,180,120,105,150,90,60,60,90,50,40,30,45
AL,DANIELLE,2010,6,51,20100827,1800,,HU,27.1N,60.1W,115,942,180,150,130,150,90,75,75,90,50,50,35,50
AL,DANIELLE,2010,6,51,20100828,0,,HU,27.7N,60.5W,105,946,180,150,130,150,90,75,75,90,50,50,35,50
AL,DANIELLE,2010,6,51,20100828,600,,HU,28.3N,61.0W,95,950,180,150,150,150,90,75,75,90,50,50,35,50
AL,DANIELLE,2010,6,51,20100828,1200,,HU,28.9N,60.8W,95,952,180,150,150,150,90,75,75,90,50,50,35,50
AL,DANIELLE,2010,6,51,20100828,1800,,HU,29.6N,60.2W,90,955,210,150,150,150,90,75,75,90,60,60,40,55
AL,DANIELLE,2010,6,51,20100829,0,,HU,30.9N,59.2W,85,958,210,180,180,180,90,75,75,90,60,60,40,55
AL,DANIELLE,2010,6,51,20100829,600,,HU,32.4N,57.9W,80,964,210,180,180,180,90,75,90,90,60,60,40,55
AL,DANIELLE,2010,6,51,20100829,1200,,HU,34.7N,56.2W,75,966,210,240,180,180,90,120,90,90,45,60,45,40
AL,DANIELLE,2010,6,51,20100829,1800,,HU,37.3N,55.0W,75,968,210,270,180,210,120,150,90,90,60,75,60,0
AL,DANIELLE,2010,6,51,20100830,0,,HU,38.7N,53.8W,70,969,210,270,180,210,120,150,90,90,60,75,60,0
AL,DANIELLE,2010,6,51,20100830,600,,HU,40.0N,52.8W,65,970,240,270,180,240,120,150,90,90,60,75,60,0
AL,DANIELLE,2010,6,51,20100830,1200,,HU,40.6N,51.6W,65,970,240,270,180,210,120,150,90,90,60,75,60,0
AL,DANIELLE,2010,6,51,20100830,1800,,TS,41.0N,50.2W,60,973,240,270,240,210,90,150,90,90,0,0,0,0
AL,DANIELLE,2010,6,51,20100831,0,,LO,41.1N,48.0W,60,976,240,300,300,240,90,150,90,90,0,0,0,0
AL,DANIELLE,2010,6,51,20100831,600,,LO,41.2N,44.8W,55,981,270,360,300,240,90,150,90,90,0,0,0,0
AL,DANIELLE,2010,6,51,20100831,1200,,LO,41.3N,41.0W,55,985,270,300,300,210,45,150,90,90,0,0,0,0
AL,DANIELLE,2010,6,51,20100831,1800,,EX,42.1N,35.9W,50,987,180,240,240,180,45,150,90,90,0,0,0,0
AL,DANIELLE,2010,6,51,20100901,0,,EX,43.5N,30.4W,45,988,180,180,180,90,0,0,0,0,0,0,0,0
AL,DANIELLE,2010,6,51,20100901,600,,EX,44.8N,26.3W,40,990,180,120,120,90,0,0,0,0,0,0,0,0
AL,DANIELLE,2010,6,51,20100901,1200,,EX,46.2N,24.0W,40,991,180,120,120,90,0,0,0,0,0,0,0,0
AL,DANIELLE,2010,6,51,20100901,1800,,EX,47.9N,22.0W,40,992,180,120,120,90,0,0,0,0,0,0,0,0
AL,DANIELLE,2010,6,51,20100902,0,,EX,49.5N,20.7W,40,994,240,0,0,0,0,0,0,0,0,0,0,0
AL,DANIELLE,2010,6,51,20100902,600,,EX,51.1N,19.9W,40,995,240,0,0,0,0,0,0,0,0,0,0,0
AL,DANIELLE,2010,6,51,20100902,1200,,EX,53.0N,20.3W,35,996,240,0,0,0,0,0,0,0,0,0,0,0
AL,DANIELLE,2010,6,51,20100902,1800,,EX,55.0N,21.5W,35,998,180,0,0,0,0,0,0,0,0,0,0,0
AL,DANIELLE,2010,6,51,20100903,0,,EX,57.5N,23.0W,30,998,0,0,0,0,0,0,0,0,0,0,0,0
AL,EARL,2010,7,55,20100824,0,,LO,12.4N,19.3W,25,1009,0,0,0,0,0,0,0,0,0,0,0,0
AL,EARL,2010,7,55,20100824,600,,LO,12.8N,20.9W,25,1009,0,0,0,0,0,0,0,0,0,0,0,0
AL,EARL,2010,7,55,20100824,1200,,LO,13.2N,22.6W,30,1008,0,0,0,0,0,0,0,0,0,0,0,0
AL,EARL,2010,7,55,20100824,1800,,LO,13.6N,24.3W,30,1008,0,0,0,0,0,0,0,0,0,0,0,0
AL,EARL,2010,7,55,20100825,0,,LO,13.9N,26.0W,30,1008,0,0,0,0,0,0,0,0,0,0,0,0
AL,EARL,2010,7,55,20100825,600,,TD,14.1N,27.8W,30,1007,0,0,0,0,0,0,0,0,0,0,0,0
AL,EARL,2010,7,55,20100825,1200,,TS,14.3N,29.7W,35,1006,50,30,0,50,0,0,0,0,0,0,0,0
AL,EARL,2010,7,55,20100825,1800,,TS,14.5N,31.5W,35,1006,50,30,0,50,0,0,0,0,0,0,0,0
AL,EARL,2010,7,55,20100826,0,,TS,14.7N,33.0W,35,1006,50,30,0,50,0,0,0,0,0,0,0,0
AL,EARL,2010,7,55,20100826,600,,TS,14.9N,34.5W,40,1004,50,30,0,50,0,0,0,0,0,0,0,0
AL,EARL,2010,7,55,20100826,1200,,TS,15.1N,36.0W,40,1004,75,50,0,75,0,0,0,0,0,0,0,0
AL,EARL,2010,7,55,20100826,1800,,TS,15.3N,37.7W,40,1004,75,50,0,75,0,0,0,0,0,0,0,0
AL,EARL,2010,7,55,20100827,0,,TS,15.5N,39.4W,40,1004,75,60,0,75,0,0,0,0,0,0,0,0
AL,EARL,2010,7,55,20100827,600,,TS,15.7N,41.2W,40,1004,75,60,30,75,0,0,0,0,0,0,0,0
AL,EARL,2010,7,55,20100827,1200,,TS,15.8N,43.1W,40,1004,75,60,30,75,0,0,0,0,0,0,0,0
AL,EARL,2010,7,55,20100827,1800,,TS,15.9N,45.0W,40,1004,100,80,50,100,0,0,0,0,0,0,0,0
AL,EARL,2010,7,55,20100828,0,,TS,16.0N,47.0W,45,1000,100,80,50,100,0,0,0,0,0,0,0,0
AL,EARL,2010,7,55,20100828,600,,TS,16.1N,49.0W,50,996,100,80,50,100,40,30,0,40,0,0,0,0
AL,EARL,2010,7,55,20100828,1200,,TS,16.2N,51.0W,50,996,100,80,60,100,40,30,0,40,0,0,0,0
AL,EARL,2010,7,55,20100828,1800,,TS,16.3N,53.0W,50,996,100,80,60,100,40,30,0,40,0,0,0,0
AL,EARL,2010,7,55,20100829,0,,TS,16.5N,54.8W,55,991,120,100,80,100,60,40,30,50,0,0,0,0
AL,EARL,2010,7,55,20100829,600,,TS,16.7N,56.5W,55,991,130,100,80,100,60,40,30,60,0,0,0,0
AL,EARL,2010,7,55,20100829,1200,,HU,17.0N,58.0W,65,985,130,100,80,100,60,60,30,60,30,20,0,20
AL,EARL,2010,7,55,20100829,1800,,HU,17.3N,59.3W,75,978,150,120,90,120,80,70,40,70,40,30,0,20
AL,EARL,2010,7,55,20100830,0,,HU,17.7N,60.6W,85,971,150,120,100,120,80,80,40,70,40,30,20,30
AL,EARL,2010,7,55,20100830,600,,HU,18.1N,61.9W,95,967,150,120,100,120,80,80,40,70,50,40,30,30
AL,EARL,2010,7,55,20100830,1200,,HU,18.5N,63.1W,105,965,170,140,120,150,100,100,50,80,50,40,30,40
AL,EARL,2010,7,55,20100830,1800,,HU,19.0N,64.2W,115,954,170,150,120,150,100,100,50,80,60,50,30,40
AL,EARL,2010,7,55,20100831,0,,HU,19.6N,65.3W,115,938,180,150,120,150,100,100,50,80,60,50,30,40
AL,EARL,2010,7,55,20100831,600,,HU,20.2N,66.4W,115,931,180,150,120,170,100,100,50,80,60,50,30,50
AL,EARL,2010,7,55,20100831,1200,,HU,20.9N,67.5W,115,935,180,150,120,170,100,100,60,80,70,60,30,50
AL,EARL,2010,7,55,20100831,1800,,HU,21.6N,68.4W,115,940,200,180,120,200,120,120,70,100,80,60,40,60
AL,EARL,2010,7,55,20100901,0,,HU,22.5N,69.4W,110,940,200,180,120,200,120,120,80,100,80,70,40,60
AL,EARL,2010,7,55,20100901,600,,HU,23.6N,70.5W,105,941,220,180,120,220,120,120,80,100,80,70,40,60
AL,EARL,2010,7,55,20100901,1200,,HU,24.7N,71.6W,110,942,220,180,120,220,120,120,80,100,80,70,40,60
AL,EARL,2010,7,55,20100901,1800,,HU,25.9N,72.7W,115,941,220,180,120,220,120,120,80,100,80,70,40,60
AL,EARL,2010,7,55,20100902,0,,HU,27.2N,73.5W,120,932,200,180,120,200,120,120,80,100,80,70,40,60
AL,EARL,2010,7,55,20100902,600,,HU,28.6N,74.3W,125,927,200,180,120,180,120,120,80,100,80,70,40,60
AL,EARL,2010,7,55,20100902,1200,,HU,30.1N,74.8W,115,935,200,180,120,180,120,120,80,100,80,70,40,50
AL,EARL,2010,7,55,20100902,1800,,HU,31.7N,75.1W,100,943,180,180,120,150,100,100,80,80,70,60,40,40
AL,EARL,2010,7,55,20100903,0,,HU,33.0N,74.9W,90,949,180,180,120,150,100,100,80,80,70,60,50,40
AL,EARL,2010,7,55,20100903,600,,HU,34.5N,74.2W,85,955,180,180,150,150,100,100,80,80,60,60,50,40
AL,EARL,2010,7,55,20100903,1200,,HU,36.1N,73.4W,75,959,180,180,150,150,100,100,80,80,60,60,50,40
AL,EARL,2010,7,55,20100903,1800,,HU,37.6N,72.2W,70,960,180,180,150,120,100,120,100,80,60,60,60,30
AL,EARL,2010,7,55,20100904,0,,TS,39.1N,70.6W,60,961,180,180,150,120,100,120,100,80,0,0,0,0
AL,EARL,2010,7,55,20100904,600,,TS,40.7N,68.4W,60,961,180,180,150,110,100,120,100,70,0,0,0,0
AL,EARL,2010,7,55,20100904,1200,,HU,43.0N,65.7W,65,961,180,180,150,110,100,120,100,70,0,60,0,0
AL,EARL,2010,7,55,20100904,1500,L,HU,44.3N,64.5W,65,962,180,180,150,110,100,120,100,70,0,60,0,0
AL,EARL,2010,7,55,20100904,1800,,HU,45.5N,63.2W,65,965,180,200,150,90,100,120,80,0,0,60,0,0
AL,EARL,2010,7,55,20100904,1900,L,TS,46.0N,62.7W,60,967,180,200,150,90,100,120,80,0,0,0,0,0
AL,EARL,2010,7,55,20100905,0,,EX,48.4N,60.2W,55,971,200,220,120,90,100,120,60,0,0,0,0,0
AL,EARL,2010,7,55,20100905,600,,EX,50.6N,57.5W,50,978,240,240,90,90,120,120,0,0,0,0,0,0
AL,EARL,2010,7,55,20100905,1200,,EX,52.4N,55.4W,45,987,240,240,90,90,0,0,0,0,0,0,0,0
AL,EARL,2010,7,55,20100905,1800,,EX,54.0N,54.1W,40,992,240,220,90,90,0,0,0,0,0,0,0,0
AL,EARL,2010,7,55,20100906,0,,EX,55.7N,53.5W,35,994,240,180,90,90,0,0,0,0,0,0,0,0
AL,FIONA,2010,8,24,20100830,0,,LO,14.0N,41.8W,25,1007,0,0,0,0,0,0,0,0,0,0,0,0
AL,FIONA,2010,8,24,20100830,600,,LO,14.1N,43.8W,30,1007,0,0,0,0,0,0,0,0,0,0,0,0
AL,FIONA,2010,8,24,20100830,1200,,TD,14.4N,45.7W,30,1007,0,0,0,0,0,0,0,0,0,0,0,0
AL,FIONA,2010,8,24,20100830,1800,,TS,14.9N,47.7W,35,1007,105,0,0,0,0,0,0,0,0,0,0,0
AL,FIONA,2010,8,24,20100831,0,,TS,15.5N,50.0W,35,1007,90,0,0,0,0,0,0,0,0,0,0,0
AL,FIONA,2010,8,24,20100831,600,,TS,15.9N,52.5W,35,1006,90,0,0,0,0,0,0,0,0,0,0,0
AL,FIONA,2010,8,24,20100831,1200,,TS,16.1N,54.8W,35,1006,90,0,0,0,0,0,0,0,0,0,0,0
AL,FIONA,2010,8,24,20100831,1800,,TS,16.3N,56.9W,40,1006,90,90,0,45,0,0,0,0,0,0,0,0
AL,FIONA,2010,8,24,20100901,0,,TS,16.6N,58.5W,45,1004,90,90,0,45,0,0,0,0,0,0,0,0
AL,FIONA,2010,8,24,20100901,600,,TS,17.2N,59.8W,50,1001,90,120,0,45,30,30,0,0,0,0,0,0
AL,FIONA,2010,8,24,20100901,1200,,TS,18.2N,61.0W,50,998,90,120,0,60,30,30,0,0,0,0,0,0
AL,FIONA,2010,8,24,20100901,1800,,TS,19.5N,62.5W,55,999,90,120,0,60,30,30,0,0,0,0,0,0
AL,FIONA,2010,8,24,20100902,0,,TS,21.0N,63.8W,50,1000,90,120,0,0,30,30,0,0,0,0,0,0
AL,FIONA,2010,8,24,20100902,600,,TS,22.3N,64.9W,45,1001,105,105,0,0,0,0,0,0,0,0,0,0
AL,FIONA,2010,8,24,20100902,1200,,TS,23.6N,65.9W,45,1002,105,105,0,0,0,0,0,0,0,0,0,0
AL,FIONA,2010,8,24,20100902,1800,,TS,25.0N,66.6W,45,1003,90,90,0,0,0,0,0,0,0,0,0,0
AL,FIONA,2010,8,24,20100903,0,,TS,26.3N,67.0W,40,1005,75,90,0,0,0,0,0,0,0,0,0,0
AL,FIONA,2010,8,24,20100903,600,,TS,27.5N,67.0W,40,1007,75,90,0,0,0,0,0,0,0,0,0,0
AL,FIONA,2010,8,24,20100903,1200,,TS,28.5N,66.7W,35,1010,60,60,0,0,0,0,0,0,0,0,0,0
AL,FIONA,2010,8,24,20100903,1800,,TS,29.6N,66.0W,35,1011,60,60,0,0,0,0,0,0,0,0,0,0
AL,FIONA,2010,8,24,20100904,0,,LO,30.7N,65.0W,35,1011,45,45,0,0,0,0,0,0,0,0,0,0
AL,FIONA,2010,8,24,20100904,600,,LO,31.8N,63.9W,30,1011,0,0,0,0,0,0,0,0,0,0,0,0
AL,FIONA,2010,8,24,20100904,1200,,LO,32.9N,62.9W,25,1011,0,0,0,0,0,0,0,0,0,0,0,0
AL,FIONA,2010,8,24,20100904,1800,,LO,34.1N,62.0W,25,1011,0,0,0,0,0,0,0,0,0,0,0,0
AL,GASTON,2010,9,30,20100901,0,,LO,12.2N,32.2W,25,1008,0,0,0,0,0,0,0,0,0,0,0,0
AL,GASTON,2010,9,30,20100901,600,,TD,12.4N,33.6W,30,1007,0,0,0,0,0,0,0,0,0,0,0,0
AL,GASTON,2010,9,30,20100901,1200,,TS,12.7N,35.0W,35,1005,0,0,0,35,0,0,0,0,0,0,0,0
AL,GASTON,2010,9,30,20100901,1800,,TS,12.9N,36.1W,35,1005,0,0,0,35,0,0,0,0,0,0,0,0
AL,GASTON,2010,9,30,20100902,0,,TD,13.1N,37.2W,30,1006,0,0,0,0,0,0,0,0,0,0,0,0
AL,GASTON,2010,9,30,20100902,600,,TD,13.2N,38.0W,30,1007,0,0,0,0,0,0,0,0,0,0,0,0
AL,GASTON,2010,9,30,20100902,1200,,TD,13.3N,38.8W,30,1008,0,0,0,0,0,0,0,0,0,0,0,0
AL,GASTON,2010,9,30,20100902,1800,,LO,13.5N,39.5W,25,1009,0,0,0,0,0,0,0,0,0,0,0,0
AL,GASTON,2010,9,30,20100903,0,,LO,13.8N,40.1W,25,1009,0,0,0,0,0,0,0,0,0,0,0,0
AL,GASTON,2010,9,30,20100903,600,,LO,14.1N,40.6W,25,1009,0,0,0,0,0,0,0,0,0,0,0,0
AL,GASTON,2010,9,30,20100903,1200,,LO,14.5N,41.3W,25,1009,0,0,0,0,0,0,0,0,0,0,0,0
AL,GASTON,2010,9,30,20100903,1800,,LO,15.0N,42.0W,25,1008,0,0,0,0,0,0,0,0,0,0,0,0
AL,GASTON,2010,9,30,20100904,0,,LO,15.4N,43.0W,25,1008,0,0,0,0,0,0,0,0,0,0,0,0
AL,GASTON,2010,9,30,20100904,600,,LO,15.9N,44.2W,30,1008,0,0,0,0,0,0,0,0,0,0,0,0
AL,GASTON,2010,9,30,20100904,1200,,LO,16.3N,45.5W,30,1008,0,0,0,0,0,0,0,0,0,0,0,0
AL,GASTON,2010,9,30,20100904,1800,,LO,16.5N,46.6W,30,1008,0,0,0,0,0,0,0,0,0,0,0,0
AL,GASTON,2010,9,30,20100905,0,,LO,16.7N,47.7W,25,1009,0,0,0,0,0,0,0,0,0,0,0,0
AL,GASTON,2010,9,30,20100905,600,,LO,16.8N,48.8W,25,1009,0,0,0,0,0,0,0,0,0,0,0,0
AL,GASTON,2010,9,30,20100905,1200,,LO,16.9N,50.0W,30,1008,0,0,0,0,0,0,0,0,0,0,0,0
AL,GASTON,2010,9,30,20100905,1800,,LO,17.0N,51.2W,30,1008,0,0,0,0,0,0,0,0,0,0,0,0
AL,GASTON,2010,9,30,20100906,0,,LO,17.1N,52.6W,30,1008,0,0,0,0,0,0,0,0,0,0,0,0
AL,GASTON,2010,9,30,20100906,600,,LO,17.3N,54.0W,30,1009,0,0,0,0,0,0,0,0,0,0,0,0
AL,GASTON,2010,9,30,20100906,1200,,LO,17.4N,55.5W,30,1009,0,0,0,0,0,0,0,0,0,0,0,0
AL,GASTON,2010,9,30,20100906,1800,,LO,17.5N,57.2W,25,1010,0,0,0,0,0,0,0,0,0,0,0,0
AL,GASTON,2010,9,30,20100907,0,,LO,17.4N,59.0W,25,1010,0,0,0,0,0,0,0,0,0,0,0,0
AL,GASTON,2010,9,30,20100907,600,,LO,17.1N,60.8W,25,1010,0,0,0,0,0,0,0,0,0,0,0,0
AL,GASTON,2010,9,30,20100907,1200,,LO,16.8N,62.7W,25,1010,0,0,0,0,0,0,0,0,0,0,0,0
AL,GASTON,2010,9,30,20100907,1800,,LO,16.8N,64.6W,25,1010,0,0,0,0,0,0,0,0,0,0,0,0
AL,GASTON,2010,9,30,20100908,0,,LO,17.0N,66.3W,25,1010,0,0,0,0,0,0,0,0,0,0,0,0
AL,GASTON,2010,9,30,20100908,600,,LO,17.4N,67.7W,25,1010,0,0,0,0,0,0,0,0,0,0,0,0
AL,HERMINE,2010,10,23,20100904,1800,,LO,17.5N,95.6W,20,1006,0,0,0,0,0,0,0,0,0,0,0,0
AL,HERMINE,2010,10,23,20100905,0,,LO,18.3N,95.6W,20,1006,0,0,0,0,0,0,0,0,0,0,0,0
AL,HERMINE,2010,10,23,20100905,600,,LO,19.0N,95.6W,20,1006,0,0,0,0,0,0,0,0,0,0,0,0
AL,HERMINE,2010,10,23,20100905,1200,,LO,19.5N,95.6W,20,1006,0,0,0,0,0,0,0,0,0,0,0,0
AL,HERMINE,2010,10,23,20100905,1800,,TD,20.0N,95.5W,25,1004,0,0,0,0,0,0,0,0,0,0,0,0
AL,HERMINE,2010,10,23,20100906,0,,TD,20.7N,95.0W,30,1002,0,0,0,0,0,0,0,0,0,0,0,0
AL,HERMINE,2010,10,23,20100906,600,,TS,21.8N,95.1W,40,1001,90,60,0,0,0,0,0,0,0,0,0,0
AL,HERMINE,2010,10,23,20100906,1200,,TS,23.0N,95.6W,45,998,90,90,0,30,0,0,0,0,0,0,0,0
AL,HERMINE,2010,10,23,20100906,1800,,TS,24.0N,96.5W,50,995,90,90,20,30,30,30,0,20,0,0,0,0
AL,HERMINE,2010,10,23,20100907,0,,TS,24.9N,97.2W,55,991,90,60,20,30,20,20,0,0,0,0,0,0
AL,HERMINE,2010,10,23,20100907,200,L,TS,25.3N,97.4W,60,989,90,60,20,30,20,20,0,0,0,0,0,0
AL,HERMINE,2010,10,23,20100907,600,,TS,26.2N,97.7W,55,990,90,75,20,30,15,15,0,15,0,0,0,0
AL,HERMINE,2010,10,23,20100907,1200,,TS,27.7N,98.1W,45,991,90,90,0,0,0,0,0,0,0,0,0,0
AL,HERMINE,2010,10,23,20100907,1800,,TS,29.4N,98.6W,40,996,40,40,0,0,0,0,0,0,0,0,0,0
AL,HERMINE,2010,10,23,20100908,0,,TD,30.6N,99.1W,30,1003,0,0,0,0,0,0,0,0,0,0,0,0
AL,HERMINE,2010,10,23,20100908,600,,TD,31.6N,99.5W,25,1004,0,0,0,0,0,0,0,0,0,0,0,0
AL,HERMINE,2010,10,23,20100908,1200,,TD,32.7N,99.5W,20,1005,0,0,0,0,0,0,0,0,0,0,0,0
AL,HERMINE,2010,10,23,20100908,1800,,TD,33.7N,98.7W,20,1005,0,0,0,0,0,0,0,0,0,0,0,0
AL,HERMINE,2010,10,23,20100909,0,,TD,34.7N,97.9W,20,1005,0,0,0,0,0,0,0,0,0,0,0,0
AL,HERMINE,2010,10,23,20100909,600,,TD,35.5N,97.2W,20,1005,0,0,0,0,0,0,0,0,0,0,0,0
AL,HERMINE,2010,10,23,20100909,1200,,TD,36.3N,96.4W,20,1005,0,0,0,0,0,0,0,0,0,0,0,0
AL,HERMINE,2010,10,23,20100909,1800,,LO,37.0N,95.5W,20,1005,0,0,0,0,0,0,0,0,0,0,0,0
AL,HERMINE,2010,10,23,20100910,0,,LO,37.5N,95.0W,20,1005,0,0,0,0,0,0,0,0,0,0,0,0
AL,IGOR,2010,11,61,20100908,600,,TD,14.0N,22.7W,30,1006,0,0,0,0,0,0,0,0,0,0,0,0
AL,IGOR,2010,11,61,20100908,1200,,TS,13.8N,23.3W,40,1005,0,45,45,30,0,0,0,0,0,0,0,0
AL,IGOR,2010,11,61,20100908,1800,,TS,13.8N,23.7W,40,1005,0,45,45,30,0,0,0,0,0,0,0,0
AL,IGOR,2010,11,61,20100909,0,,TS,13.8N,24.1W,40,1005,0,45,45,30,0,0,0,0,0,0,0,0
AL,IGOR,2010,11,61,20100909,600,,TS,13.9N,24.8W,35,1005,0,45,45,30,0,0,0,0,0,0,0,0
AL,IGOR,2010,11,61,20100909,1200,,TD,14.2N,25.5W,30,1006,0,0,0,0,0,0,0,0,0,0,0,0
AL,IGOR,2010,11,61,20100909,1800,,TD,14.7N,26.4W,30,1006,0,0,0,0,0,0,0,0,0,0,0,0
AL,IGOR,2010,11,61,20100910,0,,TD,15.4N,27.5W,30,1004,0,0,0,0,0,0,0,0,0,0,0,0
AL,IGOR,2010,11,61,20100910,600,,TD,15.9N,28.7W,30,1004,0,0,0,0,0,0,0,0,0,0,0,0
AL,IGOR,2010,11,61,20100910,1200,,TS,16.3N,30.4W,35,1004,0,0,30,30,0,0,0,0,0,0,0,0
AL,IGOR,2010,11,61,20100910,1800,,TS,16.6N,32.5W,40,1002,0,0,40,40,0,0,0,0,0,0,0,0
AL,IGOR,2010,11,61,20100911,0,,TS,16.9N,34.8W,50,999,0,0,40,40,0,0,0,20,0,0,0,0
AL,IGOR,2010,11,61,20100911,600,,TS,17.1N,37.0W,60,995,40,40,40,40,20,0,0,20,0,0,0,0
AL,IGOR,2010,11,61,20100911,1200,,TS,17.3N,38.7W,60,995,100,60,60,100,45,30,0,30,0,0,0,0
AL,IGOR,2010,11,61,20100911,1800,,TS,17.4N,40.4W,60,995,100,60,60,100,45,30,0,30,0,0,0,0
AL,IGOR,2010,11,61,20100912,0,,HU,17.6N,42.0W,65,987,100,60,60,100,45,30,20,30,15,0,0,15
AL,IGOR,2010,11,61,20100912,600,,HU,17.7N,43.5W,70,985,100,60,60,100,45,30,20,30,15,0,0,15
AL,IGOR,2010,11,61,20100912,1200,,HU,17.7N,44.9W,90,970,120,80,80,120,50,40,30,40,30,15,15,20
AL,IGOR,2010,11,61,20100912,1800,,HU,17.7N,46.1W,115,948,140,110,90,130,70,60,40,60,30,30,15,30
AL,IGOR,2010,11,61,20100913,0,,HU,17.7N,47.3W,130,935,140,110,90,130,70,60,40,60,30,30,15,30
AL,IGOR,2010,11,61,20100913,600,,HU,17.6N,48.3W,130,935,150,140,90,130,70,60,50,60,30,30,15,30
AL,IGOR,2010,11,61,20100913,1200,,HU,17.6N,49.3W,130,933,150,140,100,130,80,60,50,80,45,30,30,45
AL,IGOR,2010,11,61,20100913,1800,,HU,17.6N,50.2W,125,937,180,140,110,140,90,70,60,80,45,30,30,45
AL,IGOR,2010,11,61,20100914,0,,HU,17.7N,50.9W,125,937,180,140,110,140,90,70,60,80,45,30,30,45
AL,IGOR,2010,11,61,20100914,600,,HU,17.9N,51.5W,115,945,180,140,110,140,90,70,60,80,45,30,30,45
AL,IGOR,2010,11,61,20100914,1200,,HU,18.2N,52.1W,115,945,180,140,110,140,90,70,60,80,45,30,30,45
AL,IGOR,2010,11,61,20100914,1800,,HU,18.6N,52.8W,125,933,210,150,130,160,90,70,60,90,45,30,30,45
AL,IGOR,2010,11,61,20100915,0,,HU,18.9N,53.5W,135,924,210,150,130,160,100,70,60,90,45,30,30,45
AL,IGOR,2010,11,61,20100915,600,,HU,19.2N,54.1W,125,935,210,150,130,160,100,80,60,90,45,30,30,45
AL,IGOR,2010,11,61,20100915,1200,,HU,19.5N,54.7W,115,945,210,150,130,160,100,80,60,90,45,30,30,45
AL,IGOR,2010,11,61,20100915,1800,,HU,19.8N,55.3W,115,942,210,175,140,175,120,80,60,100,45,45,30,45
AL,IGOR,2010,11,61,20100916,0,,HU,20.1N,56.0W,120,936,240,210,180,210,120,90,80,100,60,45,45,60
AL,IGOR,2010,11,61,20100916,600,,HU,20.4N,56.5W,125,929,240,210,180,210,130,90,80,110,60,45,45,60
AL,IGOR,2010,11,61,20100916,1200,,HU,20.8N,57.1W,120,934,240,210,180,210,130,90,80,110,60,45,45,60
AL,IGOR,2010,11,61,20100916,1800,,HU,21.4N,57.8W,115,940,250,210,180,225,140,110,100,120,90,60,45,75
AL,IGOR,2010,11,61,20100917,0,,HU,21.8N,58.4W,115,935,250,210,180,225,140,110,100,120,90,60,45,75
AL,IGOR,2010,11,61,20100917,600,,HU,22.2N,59.1W,110,935,250,210,180,240,140,110,100,120,90,60,45,75
AL,IGOR,2010,11,61,20100917,1200,,HU,22.8N,59.9W,100,945,250,210,180,240,140,110,100,120,90,60,45,75
AL,IGOR,2010,11,61,20100917,1800,,HU,23.5N,60.7W,90,947,300,210,200,240,160,110,130,120,90,60,45,75
AL,IGOR,2010,11,61,20100918,0,,HU,24.2N,61.6W,90,947,300,210,200,240,160,110,130,120,90,60,45,75
AL,IGOR,2010,11,61,20100918,600,,HU,24.9N,62.5W,85,939,300,210,200,240,160,110,130,130,90,60,45,75
AL,IGOR,2010,11,61,20100918,1200,,HU,25.7N,63.3W,85,939,300,210,200,240,160,110,130,130,90,60,45,75
AL,IGOR,2010,11,61,20100918,1800,,HU,26.6N,64.0W,80,945,300,225,200,240,160,110,110,130,80,50,45,75
AL,IGOR,2010,11,61,20100919,0,,HU,27.5N,64.6W,80,945,300,225,200,240,160,110,110,150,80,45,45,75
AL,IGOR,2010,11,61,20100919,600,,HU,28.4N,65.2W,75,949,300,225,200,260,160,130,120,140,75,45,60,75
AL,IGOR,2010,11,61,20100919,1200,,HU,29.6N,65.6W,75,949,300,250,200,300,160,130,120,140,75,45,60,75
AL,IGOR,2010,11,61,20100919,1800,,HU,30.8N,65.9W,70,952,300,250,200,300,180,150,120,150,75,60,60,75
AL,IGOR,2010,11,61,20100920,0,,HU,31.9N,65.7W,65,953,300,250,200,300,180,150,120,150,75,60,75,75
AL,IGOR,2010,11,61,20100920,600,,HU,33.2N,65.2W,65,957,350,300,250,300,180,150,120,160,75,50,75,75
AL,IGOR,2010,11,61,20100920,1200,,HU,35.1N,64.2W,65,960,350,300,250,300,180,150,120,160,75,50,75,75
AL,IGOR,2010,11,61,20100920,1800,,HU,37.2N,62.6W,65,960,350,300,250,300,180,150,120,160,75,45,60,75
AL,IGOR,2010,11,61,20100921,0,,HU,39.0N,60.4W,65,960,400,350,300,350,200,180,140,160,75,45,60,75
AL,IGOR,2010,11,61,20100921,600,,HU,41.5N,57.0W,65,960,400,350,300,350,210,180,140,160,75,45,60,75
AL,IGOR,2010,11,61,20100921,1200,,HU,44.8N,54.4W,65,955,400,350,350,350,200,180,140,160,75,45,60,75
AL,IGOR,2010,11,61,20100921,1500,L,HU,46.6N,53.2W,75,950,400,350,350,350,200,180,140,160,75,45,60,75
AL,IGOR,2010,11,61,20100921,1800,,EX,48.5N,52.1W,75,950,450,400,350,400,220,210,160,180,0,75,75,75
AL,IGOR,2010,11,61,20100922,0,,EX,51.5N,50.5W,75,950,450,400,350,400,220,210,160,180,0,75,75,75
AL,IGOR,2010,11,61,20100922,600,,EX,53.5N,49.5W,70,950,450,400,350,400,220,210,160,180,0,75,75,75
AL,IGOR,2010,11,61,20100922,1200,,EX,55.5N,49.4W,70,950,450,400,350,400,220,240,160,180,0,75,75,75
AL,IGOR,2010,11,61,20100922,1800,,EX,57.0N,50.0W,65,955,450,400,350,400,220,240,160,180,0,75,75,75
AL,IGOR,2010,11,61,20100923,0,,EX,58.5N,51.0W,60,960,450,400,350,400,220,240,160,180,0,0,0,0
AL,JULIA,2010,12,51,20100912,600,,TD,12.9N,20.5W,30,1007,0,0,0,0,0,0,0,0,0,0,0,0
AL,JULIA,2010,12,51,20100912,1200,,TD,13.0N,21.3W,30,1006,0,0,0,0,0,0,0,0,0,0,0,0
AL,JULIA,2010,12,51,20100912,1800,,TS,13.1N,22.1W,35,1005,45,45,0,60,0,0,0,0,0,0,0,0
AL,JULIA,2010,12,51,20100913,0,,TS,13.5N,23.1W,40,1004,45,45,45,60,0,0,0,0,0,0,0,0
AL,JULIA,2010,12,51,20100913,600,,TS,14.0N,24.2W,40,1004,45,45,45,60,0,0,0,0,0,0,0,0
AL,JULIA,2010,12,51,20100913,1200,,TS,14.5N,25.4W,40,1004,45,45,45,60,0,0,0,0,0,0,0,0
AL,JULIA,2010,12,51,20100913,1800,,TS,15.0N,26.5W,45,1003,45,45,45,60,0,0,0,0,0,0,0,0
AL,JULIA,2010,12,51,20100914,0,,TS,15.3N,27.5W,45,1002,60,45,45,60,0,0,0,0,0,0,0,0
AL,JULIA,2010,12,51,20100914,600,,TS,15.6N,28.4W,60,994,60,45,45,60,30,20,20,20,0,0,0,0
AL,JULIA,2010,12,51,20100914,1200,,HU,15.9N,29.2W,70,987,75,60,45,60,30,30,20,30,20,20,0,20
AL,JULIA,2010,12,51,20100914,1800,,HU,16.1N,29.9W,80,979,75,60,60,60,30,30,20,30,20,20,0,20
AL,JULIA,2010,12,51,20100915,0,,HU,16.4N,30.6W,90,973,90,60,60,60,30,30,20,30,20,20,0,20
AL,JULIA,2010,12,51,20100915,600,,HU,16.9N,31.4W,110,956,90,75,75,75,40,30,30,30,30,20,20,20
AL,JULIA,2010,12,51,20100915,1200,,HU,17.7N,32.2W,120,948,105,75,75,90,40,30,30,30,30,20,20,20
AL,JULIA,2010,12,51,20100915,1800,,HU,18.8N,33.0W,115,951,105,90,75,105,50,40,30,40,30,20,20,30
AL,JULIA,2010,12,51,20100916,0,,HU,19.9N,34.1W,105,958,105,90,75,105,50,40,30,40,30,20,20,30
AL,JULIA,2010,12,51,20100916,600,,HU,20.9N,35.8W,100,962,120,105,75,120,60,50,30,50,30,20,20,30
AL,JULIA,2010,12,51,20100916,1200,,HU,21.8N,37.7W,90,970,120,105,75,120,60,50,30,50,30,20,20,30
AL,JULIA,2010,12,51,20100916,1800,,HU,22.7N,40.0W,80,977,120,105,75,120,60,50,30,50,30,20,20,30
AL,JULIA,2010,12,51,20100917,0,,HU,23.1N,42.0W,75,981,105,105,75,105,60,50,30,50,30,20,20,30
AL,JULIA,2010,12,51,20100917,600,,HU,23.5N,44.0W,75,981,105,105,75,105,60,50,30,50,30,20,20,30
AL,JULIA,2010,12,51,20100917,1200,,HU,23.9N,45.8W,70,983,105,105,75,105,60,50,30,50,30,20,20,30
AL,JULIA,2010,12,51,20100917,1800,,HU,24.6N,47.4W,65,986,120,105,75,105,60,50,30,50,30,20,0,30
AL,JULIA,2010,12,51,20100918,0,,TS,25.6N,48.7W,60,988,135,120,75,105,70,50,30,40,0,0,0,0
AL,JULIA,2010,12,51,20100918,600,,TS,26.9N,49.8W,55,991,150,135,75,105,80,60,30,40,0,0,0,0
AL,JULIA,2010,12,51,20100918,1200,,TS,28.3N,50.7W,50,994,150,150,75,105,90,60,0,0,0,0,0,0
AL,JULIA,2010,12,51,20100918,1800,,TS,29.8N,51.4W,50,993,150,165,75,105,100,70,0,0,0,0,0,0
AL,JULIA,2010,12,51,20100919,0,,TS,31.4N,51.8W,55,989,150,180,75,105,100,80,0,30,0,0,0,0
AL,JULIA,2010,12,51,20100919,600,,TS,32.8N,52.0W,50,993,150,180,75,105,100,80,0,30,0,0,0,0
AL,JULIA,2010,12,51,20100919,1200,,TS,33.9N,51.4W,45,995,150,180,90,105,0,0,0,0,0,0,0,0
AL,JULIA,2010,12,51,20100919,1800,,TS,34.6N,50.2W,45,995,150,195,105,105,0,0,0,0,0,0,0,0
AL,JULIA,2010,12,51,20100920,0,,TS,34.9N,49.2W,45,995,150,210,120,105,0,0,0,0,0,0,0,0
AL,JULIA,2010,12,51,20100920,600,,TS,34.9N,48.0W,40,997,150,195,105,105,0,0,0,0,0,0,0,0
AL,JULIA,2010,12,51,20100920,1200,,TS,34.7N,46.9W,40,999,150,180,90,120,0,0,0,0,0,0,0,0
AL,JULIA,2010,12,51,20100920,1800,,LO,34.6N,46.0W,40,1002,135,150,75,120,0,0,0,0,0,0,0,0
AL,JULIA,2010,12,51,20100921,0,,LO,34.4N,45.1W,40,1003,135,120,0,120,0,0,0,0,0,0,0,0
AL,JULIA,2010,12,51,20100921,600,,LO,34.4N,44.1W,35,1004,120,90,0,105,0,0,0,0,0,0,0,0
AL,JULIA,2010,12,51,20100921,1200,,LO,34.5N,43.0W,35,1005,90,0,0,75,0,0,0,0,0,0,0,0
AL,JULIA,2010,12,51,20100921,1800,,LO,34.5N,41.9W,30,1006,0,0,0,0,0,0,0,0,0,0,0,0
AL,JULIA,2010,12,51,20100922,0,,LO,34.3N,40.9W,30,1007,0,0,0,0,0,0,0,0,0,0,0,0
AL,JULIA,2010,12,51,20100922,600,,LO,33.9N,39.9W,30,1007,0,0,0,0,0,0,0,0,0,0,0,0
AL,JULIA,2010,12,51,20100922,1200,,LO,33.6N,38.8W,30,1007,0,0,0,0,0,0,0,0,0,0,0,0
AL,JULIA,2010,12,51,20100922,1800,,LO,33.2N,38.0W,30,1008,0,0,0,0,0,0,0,0,0,0,0,0
AL,JULIA,2010,12,51,20100923,0,,LO,33.0N,37.8W,30,1008,0,0,0,0,0,0,0,0,0,0,0,0
AL,JULIA,2010,12,51,20100923,600,,LO,32.7N,37.7W,30,1009,0,0,0,0,0,0,0,0,0,0,0,0
AL,JULIA,2010,12,51,20100923,1200,,LO,32.4N,37.8W,30,1009,0,0,0,0,0,0,0,0,0,0,0,0
AL,JULIA,2010,12,51,20100923,1800,,LO,32.0N,38.6W,30,1010,0,0,0,0,0,0,0,0,0,0,0,0
AL,JULIA,2010,12,51,20100924,0,,LO,31.5N,40.0W,30,1010,0,0,0,0,0,0,0,0,0,0,0,0
AL,JULIA,2010,12,51,20100924,600,,LO,31.2N,41.6W,30,1011,0,0,0,0,0,0,0,0,0,0,0,0
AL,JULIA,2010,12,51,20100924,1200,,LO,30.9N,43.1W,30,1011,0,0,0,0,0,0,0,0,0,0,0,0
AL,JULIA,2010,12,51,20100924,1800,,LO,30.6N,44.3W,30,1012,0,0,0,0,0,0,0,0,0,0,0,0
AL,KARL,2010,13,22,20100913,1800,,LO,16.3N,78.5W,25,1005,0,0,0,0,0,0,0,0,0,0,0,0
AL,KARL,2010,13,22,20100914,0,,LO,16.6N,79.8W,25,1004,0,0,0,0,0,0,0,0,0,0,0,0
AL,KARL,2010,13,22,20100914,600,,LO,17.0N,81.1W,25,1003,0,0,0,0,0,0,0,0,0,0,0,0
AL,KARL,2010,13,22,20100914,1200,,TD,17.6N,82.3W,30,1003,0,0,0,0,0,0,0,0,0,0,0,0
AL,KARL,2010,13,22,20100914,1800,,TS,18.1N,83.6W,35,1001,10,10,0,0,0,0,0,0,0,0,0,0
AL,KARL,2010,13,22,20100915,0,,TS,18.3N,85.0W,40,999,25,15,0,15,0,0,0,0,0,0,0,0
AL,KARL,2010,13,22,20100915,600,,TS,18.3N,86.2W,55,997,40,30,30,40,30,25,25,30,0,0,0,0
AL,KARL,2010,13,22,20100915,1200,,TS,18.5N,87.6W,55,991,45,30,30,45,30,25,25,30,0,0,0,0
AL,KARL,2010,13,22,20100915,1245,L,TS,18.5N,87.8W,55,991,45,30,30,45,30,25,25,30,0,0,0,0
AL,KARL,2010,13,22,20100915,1800,,TS,18.8N,88.8W,45,994,35,20,20,35,0,0,0,0,0,0,0,0
AL,KARL,2010,13,22,20100916,0,,TS,19.2N,90.1W,40,997,0,0,50,50,0,0,0,0,0,0,0,0
AL,KARL,2010,13,22,20100916,600,,TS,19.4N,91.1W,45,994,15,15,60,50,0,0,0,0,0,0,0,0
AL,KARL,2010,13,22,20100916,1200,,TS,19.6N,92.2W,55,986,45,50,60,50,25,0,0,25,0,0,0,0
AL,KARL,2010,13,22,20100916,1800,,HU,19.6N,93.3W,70,982,60,50,50,60,25,15,15,25,10,0,0,10
AL,KARL,2010,13,22,20100917,0,,HU,19.7N,94.1W,85,971,90,50,50,75,30,15,15,25,15,0,0,10
AL,KARL,2010,13,22,20100917,600,,HU,19.7N,94.9W,95,966,90,70,70,90,40,40,40,40,20,15,15,20
AL,KARL,2010,13,22,20100917,1200,,HU,19.6N,95.6W,110,956,80,70,70,80,40,30,30,40,20,15,15,20
AL,KARL,2010,13,22,20100917,1500,T,HU,19.4N,96.0W,110,970,80,70,70,80,40,30,30,40,20,15,15,20
AL,KARL,2010,13,22,20100917,1645,L,HU,19.3N,96.2W,100,976,80,70,70,80,40,30,30,40,20,15,15,20
AL,KARL,2010,13,22,20100917,1800,,HU,19.2N,96.4W,90,979,80,70,50,80,40,30,25,40,20,15,10,20
AL,KARL,2010,13,22,20100918,0,,TS,18.7N,97.1W,60,995,30,30,30,30,15,15,15,15,0,0,0,0
AL,KARL,2010,13,22,20100918,600,,TD,18.6N,97.4W,25,1005,0,0,0,0,0,0,0,0,0,0,0,0
AL,LISA,2010,14,38,20100920,0,,LO,15.2N,32.0W,25,1008,0,0,0,0,0,0,0,0,0,0,0,0
AL,LISA,2010,14,38,20100920,600,,LO,15.5N,32.1W,25,1007,0,0,0,0,0,0,0,0,0,0,0,0
AL,LISA,2010,14,38,20100920,1200,,LO,15.9N,32.1W,25,1007,0,0,0,0,0,0,0,0,0,0,0,0
AL,LISA,2010,14,38,20100920,1800,,TD,16.3N,32.0W,30,1006,0,0,0,0,0,0,0,0,0,0,0,0
AL,LISA,2010,14,38,20100921,0,,TS,16.8N,31.9W,35,1005,35,35,0,20,0,0,0,0,0,0,0,0
AL,LISA,2010,14,38,20100921,600,,TS,17.3N,31.8W,40,1003,35,35,0,20,0,0,0,0,0,0,0,0
AL,LISA,2010,14,38,20100921,1200,,TS,17.7N,31.7W,40,1002,35,35,25,25,0,0,0,0,0,0,0,0
AL,LISA,2010,14,38,20100921,1800,,TS,17.8N,31.5W,40,1002,35,35,35,35,0,0,0,0,0,0,0,0
AL,LISA,2010,14,38,20100922,0,,TS,17.6N,31.3W,35,1003,40,40,40,40,0,0,0,0,0,0,0,0
AL,LISA,2010,14,38,20100922,600,,TS,17.3N,30.9W,35,1003,40,40,40,40,0,0,0,0,0,0,0,0
AL,LISA,2010,14,38,20100922,1200,,TS,17.3N,30.4W,35,1003,40,40,40,40,0,0,0,0,0,0,0,0
AL,LISA,2010,14,38,20100922,1800,,TD,17.4N,30.0W,30,1005,0,0,0,0,0,0,0,0,0,0,0,0
AL,LISA,2010,14,38,20100923,0,,TD,17.5N,29.7W,30,1005,0,0,0,0,0,0,0,0,0,0,0,0
AL,LISA,2010,14,38,20100923,600,,TD,17.5N,29.3W,30,1005,0,0,0,0,0,0,0,0,0,0,0,0
AL,LISA,2010,14,38,20100923,1200,,TS,17.5N,28.8W,35,1004,40,40,0,40,0,0,0,0,0,0,0,0
AL,LISA,2010,14,38,20100923,1800,,TS,17.6N,28.3W,35,1003,40,40,20,40,0,0,0,0,0,0,0,0
AL,LISA,2010,14,38,20100924,0,,TS,17.9N,28.0W,35,1002,40,40,20,40,0,0,0,0,0,0,0,0
AL,LISA,2010,14,38,20100924,600,,TS,18.3N,27.7W,40,1001,40,40,30,40,0,0,0,0,0,0,0,0
AL,LISA,2010,14,38,20100924,1200,,TS,19.0N,27.6W,50,998,40,40,30,40,15,15,0,0,0,0,0,0
AL,LISA,2010,14,38,20100924,1800,,TS,19.7N,27.7W,60,993,50,40,30,40,15,15,10,15,0,0,0,0
AL,LISA,2010,14,38,20100924,2100,S,HU,20.0N,27.7W,65,988,50,40,30,40,20,15,10,20,10,10,0,10
AL,LISA,2010,14,38,20100925,0,,HU,20.4N,27.8W,75,982,50,40,30,40,20,15,10,20,10,10,0,10
AL,LISA,2010,14,38,20100925,600,,HU,21.3N,28.0W,70,986,50,40,30,40,20,15,10,20,10,10,0,10
AL,LISA,2010,14,38,20100925,1200,,TS,22.3N,28.3W,60,990,50,40,30,40,20,15,10,20,0,0,0,0
AL,LISA,2010,14,38,20100925,1800,,TS,23.2N,28.6W,50,996,50,40,30,40,15,0,0,15,0,0,0,0
AL,LISA,2010,14,38,20100926,0,,TS,24.0N,28.8W,40,1002,50,40,20,40,0,0,0,0,0,0,0,0
AL,LISA,2010,14,38,20100926,600,,TS,24.8N,28.9W,35,1004,50,40,0,40,0,0,0,0,0,0,0,0
AL,LISA,2010,14,38,20100926,1200,,TD,25.3N,29.0W,30,1006,0,0,0,0,0,0,0,0,0,0,0,0
AL,LISA,2010,14,38,20100926,1800,,LO,25.8N,29.2W,30,1007,0,0,0,0,0,0,0,0,0,0,0,0
AL,LISA,2010,14,38,20100927,0,,LO,26.3N,29.6W,30,1008,0,0,0,0,0,0,0,0,0,0,0,0
AL,LISA,2010,14,38,20100927,600,,LO,26.8N,30.1W,30,1009,0,0,0,0,0,0,0,0,0,0,0,0
AL,LISA,2010,14,38,20100927,1200,,LO,27.4N,30.6W,30,1011,0,0,0,0,0,0,0,0,0,0,0,0
AL,LISA,2010,14,38,20100927,1800,,LO,28.0N,31.1W,30,1013,0,0,0,0,0,0,0,0,0,0,0,0
AL,LISA,2010,14,38,20100928,0,,LO,28.6N,31.5W,30,1013,0,0,0,0,0,0,0,0,0,0,0,0
AL,LISA,2010,14,38,20100928,600,,LO,29.1N,31.7W,30,1015,0,0,0,0,0,0,0,0,0,0,0,0
AL,LISA,2010,14,38,20100928,1200,,LO,29.5N,31.7W,30,1015,0,0,0,0,0,0,0,0,0,0,0,0
AL,LISA,2010,14,38,20100928,1800,,LO,29.9N,31.6W,25,1016,0,0,0,0,0,0,0,0,0,0,0,0
AL,LISA,2010,14,38,20100929,0,,LO,30.2N,31.5W,25,1016,0,0,0,0,0,0,0,0,0,0,0,0
AL,MATTHEW,2010,15,16,20100923,1200,,TD,13.7N,74.8W,30,1008,0,0,0,0,0,0,0,0,0,0,0,0
AL,MATTHEW,2010,15,16,20100923,1800,,TS,13.9N,76.2W,35,1007,90,0,0,0,0,0,0,0,0,0,0,0
AL,MATTHEW,2010,15,16,20100924,0,,TS,14.0N,77.7W,40,1005,75,0,0,40,0,0,0,0,0,0,0,0
AL,MATTHEW,2010,15,16,20100924,600,,TS,14.0N,79.3W,45,1003,75,0,0,40,0,0,0,0,0,0,0,0
AL,MATTHEW,2010,15,16,20100924,1200,,TS,14.2N,81.1W,45,1001,105,0,0,75,0,0,0,0,0,0,0,0
AL,MATTHEW,2010,15,16,20100924,1800,,TS,14.6N,83.0W,50,998,150,30,0,120,45,0,0,0,0,0,0,0
AL,MATTHEW,2010,15,16,20100924,1900,L,TS,14.7N,83.3W,50,998,150,30,0,120,45,0,0,0,0,0,0,0
AL,MATTHEW,2010,15,16,20100925,0,,TS,15.2N,84.6W,50,998,150,75,0,120,45,0,0,0,0,0,0,0
AL,MATTHEW,2010,15,16,20100925,600,,TS,15.8N,86.1W,45,998,150,0,0,120,0,0,0,0,0,0,0,0
AL,MATTHEW,2010,15,16,20100925,1200,,TS,16.3N,87.7W,35,1000,120,0,0,30,0,0,0,0,0,0,0,0
AL,MATTHEW,2010,15,16,20100925,1500,L,TS,16.5N,88.4W,35,1000,120,0,0,30,0,0,0,0,0,0,0,0
AL,MATTHEW,2010,15,16,20100925,1800,,TD,16.7N,89.4W,30,1000,0,0,0,0,0,0,0,0,0,0,0,0
AL,MATTHEW,2010,15,16,20100926,0,,TD,17.0N,90.8W,30,1001,0,0,0,0,0,0,0,0,0,0,0,0
AL,MATTHEW,2010,15,16,20100926,600,,TD,17.3N,91.9W,25,1002,0,0,0,0,0,0,0,0,0,0,0,0
AL,MATTHEW,2010,15,16,20100926,1200,,LO,17.5N,92.8W,20,1002,0,0,0,0,0,0,0,0,0,0,0,0
AL,MATTHEW,2010,15,16,20100926,1800,,LO,17.2N,93.3W,20,1003,0,0,0,0,0,0,0,0,0,0,0,0
AL,NICOLE,2010,16,12,20100928,0,,LO,19.4N,84.1W,25,1003,0,0,0,0,0,0,0,0,0,0,0,0
AL,NICOLE,2010,16,12,20100928,600,,LO,19.8N,83.5W,30,1003,0,0,0,0,0,0,0,0,0,0,0,0
AL,NICOLE,2010,16,12,20100928,1200,,TS,20.4N,83.0W,35,1001,0,300,0,0,0,0,0,0,0,0,0,0
AL,NICOLE,2010,16,12,20100928,1800,,TS,21.0N,82.7W,40,999,0,300,0,0,0,0,0,0,0,0,0,0
AL,NICOLE,2010,16,12,20100929,0,,TS,21.4N,82.2W,35,997,0,300,0,0,0,0,0,0,0,0,0,0
AL,NICOLE,2010,16,12,20100929,600,,TS,21.7N,81.6W,35,996,0,300,300,0,0,0,0,0,0,0,0,0
AL,NICOLE,2010,16,12,20100929,1200,,TS,21.9N,81.0W,40,995,0,300,300,0,0,0,0,0,0,0,0,0
AL,NICOLE,2010,16,12,20100929,1500,S,LO,22.2N,80.5W,40,995,0,300,300,0,0,0,0,0,0,0,0,0
AL,NICOLE,2010,16,12,20100929,1800,,LO,23.3N,80.1W,40,994,120,300,0,0,0,0,0,0,0,0,0,0
AL,NICOLE,2010,16,12,20100930,0,,LO,24.7N,79.6W,40,994,120,300,0,0,0,0,0,0,0,0,0,0
AL,NICOLE,2010,16,12,20100930,600,,EX,26.1N,79.0W,40,995,180,300,0,0,0,0,0,0,0,0,0,0
AL,NICOLE,2010,16,12,20100930,1200,,EX,27.4N,78.5W,40,996,180,300,0,0,0,0,0,0,0,0,0,0
AL,OTTO,2010,17,47,20101006,600,,SD,22.0N,67.2W,30,1000,0,0,0,0,0,0,0,0,0,0,0,0
AL,OTTO,2010,17,47,20101006,1200,,SS,22.6N,67.8W,40,995,100,100,80,80,0,0,0,0,0,0,0,0
AL,OTTO,2010,17,47,20101006,1800,,SS,23.0N,68.1W,50,991,100,100,80,80,0,40,40,0,0,0,0,0
AL,OTTO,2010,17,47,20101007,0,,SS,23.2N,68.2W,55,989,100,100,80,80,0,40,40,0,0,0,0,0
AL,OTTO,2010,17,47,20101007,600,,SS,23.4N,68.3W,50,990,100,100,80,80,0,40,40,0,0,0,0,0
AL,OTTO,2010,17,47,20101007,1200,,TS,23.6N,68.3W,45,994,100,100,80,80,0,0,0,0,0,0,0,0
AL,OTTO,2010,17,47,20101007,1800,,TS,23.8N,67.8W,50,992,100,120,80,60,30,30,0,0,0,0,0,0
AL,OTTO,2010,17,47,20101008,0,,TS,24.0N,67.0W,55,989,100,150,80,60,40,40,0,0,0,0,0,0
AL,OTTO,2010,17,47,20101008,600,,TS,24.4N,66.1W,60,986,100,150,80,60,40,40,0,0,0,0,0,0
AL,OTTO,2010,17,47,20101008,1200,,HU,25.2N,64.8W,65,983,100,170,80,60,40,50,40,0,20,25,15,0
AL,OTTO,2010,17,47,20101008,1800,,HU,26.2N,63.3W,70,980,100,170,80,60,40,60,40,0,20,25,15,0
AL,OTTO,2010,17,47,20101009,0,,HU,27.2N,61.7W,75,976,110,190,60,70,40,60,40,0,20,25,15,0
AL,OTTO,2010,17,47,20101009,600,,HU,28.5N,59.7W,75,978,110,190,60,70,50,70,40,0,25,30,15,0
AL,OTTO,2010,17,47,20101009,1200,,HU,30.0N,57.3W,70,981,110,190,60,70,50,70,40,0,25,30,15,0
AL,OTTO,2010,17,47,20101009,1800,,HU,31.4N,54.3W,65,985,110,190,60,70,50,70,40,0,25,30,15,0
AL,OTTO,2010,17,47,20101010,0,,TS,32.7N,50.9W,60,988,110,190,90,70,50,70,40,0,0,0,0,0
AL,OTTO,2010,17,47,20101010,600,,EX,34.3N,47.0W,55,988,120,220,120,80,50,90,60,0,0,0,0,0
AL,OTTO,2010,17,47,20101010,1200,,EX,36.4N,42.6W,55,988,120,220,120,80,50,90,90,0,0,0,0,0
AL,OTTO,2010,17,47,20101010,1800,,EX,38.2N,38.1W,55,988,120,240,180,80,50,90,90,0,0,0,0,0
AL,OTTO,2010,17,47,20101011,0,,EX,40.3N,33.8W,50,992,120,240,240,60,0,90,120,0,0,0,0,0
AL,OTTO,2010,17,47,20101011,600,,EX,42.0N,30.8W,45,995,150,200,240,60,0,0,0,0,0,0,0,0
AL,OTTO,2010,17,47,20101011,1200,,EX,43.1N,28.1W,40,998,150,150,240,0,0,0,0,0,0,0,0,0
AL,OTTO,2010,17,47,20101011,1800,,EX,43.5N,26.3W,40,998,150,150,240,0,0,0,0,0,0,0,0,0
AL,OTTO,2010,17,47,20101012,0,,EX,43.4N,25.3W,35,1002,100,100,200,0,0,0,0,0,0,0,0,0
AL,OTTO,2010,17,47,20101012,600,,EX,42.4N,24.6W,35,1004,100,0,150,0,0,0,0,0,0,0,0,0
AL,OTTO,2010,17,47,20101012,1200,,EX,41.4N,24.0W,35,1004,100,0,0,100,0,0,0,0,0,0,0,0
AL,OTTO,2010,17,47,20101012,1800,,EX,40.3N,23.5W,35,1006,0,0,0,100,0,0,0,0,0,0,0,0
AL,OTTO,2010,17,47,20101013,0,,EX,39.3N,23.0W,35,1004,0,0,0,100,0,0,0,0,0,0,0,0
AL,OTTO,2010,17,47,20101013,600,,EX,38.4N,22.7W,35,1004,0,0,0,100,0,0,0,0,0,0,0,0
AL,OTTO,2010,17,47,20101013,1200,,EX,37.6N,22.6W,35,1004,0,0,0,100,0,0,0,0,0,0,0,0
AL,OTTO,2010,17,47,20101013,1800,,EX,36.7N,22.4W,35,1004,0,0,0,100,0,0,0,0,0,0,0,0
AL,OTTO,2010,17,47,20101014,0,,EX,35.8N,22.2W,35,1004,0,0,0,100,0,0,0,0,0,0,0,0
AL,OTTO,2010,17,47,20101014,600,,LO,35.0N,22.0W,30,1005,0,0,0,0,0,0,0,0,0,0,0,0
AL,OTTO,2010,17,47,20101014,1200,,LO,34.4N,21.4W,30,1005,0,0,0,0,0,0,0,0,0,0,0,0
AL,OTTO,2010,17,47,20101014,1800,,LO,34.0N,20.6W,30,1005,0,0,0,0,0,0,0,0,0,0,0,0
AL,OTTO,2010,17,47,20101015,0,,LO,33.8N,19.9W,30,1006,0,0,0,0,0,0,0,0,0,0,0,0
AL,OTTO,2010,17,47,20101015,600,,LO,33.6N,19.2W,30,1006,0,0,0,0,0,0,0,0,0,0,0,0
AL,OTTO,2010,17,47,20101015,1200,,LO,33.4N,18.5W,30,1006,0,0,0,0,0,0,0,0,0,0,0,0
AL,OTTO,2010,17,47,20101015,1800,,LO,33.2N,17.8W,30,1006,0,0,0,0,0,0,0,0,0,0,0,0
AL,OTTO,2010,17,47,20101016,0,,LO,33.0N,17.1W,25,1006,0,0,0,0,0,0,0,0,0,0,0,0
AL,OTTO,2010,17,47,20101016,600,,LO,32.8N,16.5W,25,1006,0,0,0,0,0,0,0,0,0,0,0,0
AL,OTTO,2010,17,47,20101016,1200,,LO,32.6N,15.9W,25,1007,0,0,0,0,0,0,0,0,0,0,0,0
AL,OTTO,2010,17,47,20101016,1800,,LO,32.4N,15.3W,25,1007,0,0,0,0,0,0,0,0,0,0,0,0
AL,OTTO,2010,17,47,20101017,0,,LO,32.3N,14.7W,25,1008,0,0,0,0,0,0,0,0,0,0,0,0
AL,OTTO,2010,17,47,20101017,600,,LO,32.1N,14.5W,25,1010,0,0,0,0,0,0,0,0,0,0,0,0
AL,OTTO,2010,17,47,20101017,1200,,LO,31.9N,14.6W,20,1010,0,0,0,0,0,0,0,0,0,0,0,0
AL,OTTO,2010,17,47,20101017,1800,,LO,31.7N,14.7W,20,1012,0,0,0,0,0,0,0,0,0,0,0,0
AL,PAULA,2010,18,21,20101011,0,,TD,13.9N,81.8W,30,1006,0,0,0,0,0,0,0,0,0,0,0,0
AL,PAULA,2010,18,21,20101011,600,,TS,14.4N,82.5W,35,1005,30,30,0,30,0,0,0,0,0,0,0,0
AL,PAULA,2010,18,21,20101011,1200,L,TS,15.0N,83.2W,45,1004,30,30,0,45,0,0,0,0,0,0,0,0
AL,PAULA,2010,18,21,20101011,1800,,TS,15.7N,83.8W,60,1001,30,30,20,60,0,0,0,40,0,0,0,0
AL,PAULA,2010,18,21,20101012,0,,HU,16.5N,84.4W,65,996,45,45,30,45,20,20,0,30,10,10,0,10
AL,PAULA,2010,18,21,20101012,600,,HU,17.3N,85.0W,65,991,45,60,30,30,20,20,20,20,10,10,10,10
AL,PAULA,2010,18,21,20101012,1200,,HU,18.1N,85.6W,75,986,45,60,30,30,20,20,20,20,10,10,10,10
AL,PAULA,2010,18,21,20101012,1800,,HU,18.8N,85.9W,90,981,50,50,45,45,25,25,20,20,20,15,15,15
AL,PAULA,2010,18,21,20101013,0,,HU,19.6N,86.0W,90,981,50,50,45,45,25,25,20,20,20,15,15,15
AL,PAULA,2010,18,21,20101013,600,,HU,20.3N,86.0W,85,984,50,45,45,45,25,25,20,20,15,15,10,10
AL,PAULA,2010,18,21,20101013,1200,,HU,20.9N,85.9W,85,987,50,45,45,45,25,25,20,20,15,15,10,10
AL,PAULA,2010,18,21,20101013,1800,,HU,21.4N,85.8W,75,990,45,45,45,40,20,20,15,15,10,10,10,10
AL,PAULA,2010,18,21,20101014,0,,HU,21.8N,85.6W,75,993,45,45,45,40,20,20,15,15,10,10,10,0
AL,PAULA,2010,18,21,20101014,600,,HU,22.2N,85.2W,70,995,45,45,45,40,20,20,20,15,10,10,10,0
AL,PAULA,2010,18,21,20101014,1200,,TS,22.6N,84.5W,60,999,45,45,45,40,20,20,20,15,0,0,0,0
AL,PAULA,2010,18,21,20101014,1500,L,TS,22.7N,83.9W,55,1000,45,45,45,40,20,20,20,15,0,0,0,0
AL,PAULA,2010,18,21,20101014,1800,,TS,22.8N,83.5W,50,1001,60,30,30,40,45,15,0,0,0,0,0,0
AL,PAULA,2010,18,21,20101015,0,,TS,22.9N,82.0W,40,1004,60,20,20,30,0,0,0,0,0,0,0,0
AL,PAULA,2010,18,21,20101015,600,,TD,22.9N,80.9W,30,1008,0,0,0,0,0,0,0,0,0,0,0,0
AL,PAULA,2010,18,21,20101015,1200,,LO,22.9N,79.9W,25,1009,0,0,0,0,0,0,0,0,0,0,0,0
AL,PAULA,2010,18,21,20101015,1800,,LO,23.0N,79.1W,20,1009,0,0,0,0,0,0,0,0,0,0,0,0
AL,RICHARD,2010,19,29,20101019,1800,,LO,17.2N,83.4W,30,1008,0,0,0,0,0,0,0,0,0,0,0,0
AL,RICHARD,2010,19,29,20101020,0,,LO,17.7N,83.2W,30,1008,0,0,0,0,0,0,0,0,0,0,0,0
AL,RICHARD,2010,19,29,20101020,600,,TD,17.8N,82.8W,30,1008,0,0,0,0,0,0,0,0,0,0,0,0
AL,RICHARD,2010,19,29,20101020,1200,,TD,17.8N,82.3W,30,1008,0,0,0,0,0,0,0,0,0,0,0,0
AL,RICHARD,2010,19,29,20101020,1800,,TD,17.6N,81.8W,30,1008,0,0,0,0,0,0,0,0,0,0,0,0
AL,RICHARD,2010,19,29,20101021,0,,TD,17.3N,81.3W,30,1007,0,0,0,0,0,0,0,0,0,0,0,0
AL,RICHARD,2010,19,29,20101021,600,,TD,17.0N,80.9W,30,1007,0,0,0,0,0,0,0,0,0,0,0,0
AL,RICHARD,2010,19,29,20101021,1200,,TS,16.7N,80.6W,35,1006,90,90,0,0,0,0,0,0,0,0,0,0
AL,RICHARD,2010,19,29,20101021,1800,,TS,16.3N,80.4W,35,1006,90,90,0,0,0,0,0,0,0,0,0,0
AL,RICHARD,2010,19,29,20101022,0,,TS,16.0N,80.5W,35,1007,90,90,0,0,0,0,0,0,0,0,0,0
AL,RICHARD,2010,19,29,20101022,600,,TS,15.9N,80.7W,35,1005,90,90,0,0,0,0,0,0,0,0,0,0
AL,RICHARD,2010,19,29,20101022,1200,,TS,15.8N,81.0W,35,1006,90,0,0,0,0,0,0,0,0,0,0,0
AL,RICHARD,2010,19,29,20101022,1800,,TS,15.8N,81.5W,40,1006,75,0,0,60,0,0,0,0,0,0,0,0
AL,RICHARD,2010,19,29,20101023,0,,TS,15.8N,82.1W,40,1006,75,0,0,60,0,0,0,0,0,0,0,0
AL,RICHARD,2010,19,29,20101023,600,,TS,15.8N,82.6W,45,1004,75,0,0,60,0,0,0,0,0,0,0,0
AL,RICHARD,2010,19,29,20101023,1200,,TS,15.9N,83.1W,50,1000,75,60,0,60,20,0,0,20,0,0,0,0
AL,RICHARD,2010,19,29,20101023,1800,,TS,16.0N,83.6W,55,998,90,60,0,60,20,0,0,20,0,0,0,0
AL,RICHARD,2010,19,29,20101024,0,,TS,16.2N,84.3W,60,995,90,60,40,70,20,10,10,20,0,0,0,0
AL,RICHARD,2010,19,29,20101024,600,,HU,16.5N,85.2W,65,992,90,60,40,70,20,10,10,20,10,0,0,0
AL,RICHARD,2010,19,29,20101024,1200,,HU,16.8N,86.3W,75,990,90,60,50,70,30,20,20,30,15,10,10,15
AL,RICHARD,2010,19,29,20101024,1800,,HU,17.0N,87.3W,80,984,90,60,50,70,30,20,20,30,15,10,10,15
AL,RICHARD,2010,19,29,20101025,0,,HU,17.2N,88.2W,85,977,90,60,50,60,30,20,20,30,15,10,10,15
AL,RICHARD,2010,19,29,20101025,30,L,HU,17.2N,88.3W,85,977,90,60,50,60,30,20,20,30,15,10,10,15
AL,RICHARD,2010,19,29,20101025,600,,HU,17.4N,89.2W,65,988,70,60,40,50,25,20,10,15,15,0,0,0
AL,RICHARD,2010,19,29,20101025,1200,,TS,17.7N,90.0W,40,997,60,60,40,50,0,0,0,0,0,0,0,0
AL,RICHARD,2010,19,29,20101025,1800,,TD,18.0N,90.8W,30,1000,0,0,0,0,0,0,0,0,0,0,0,0
AL,RICHARD,2010,19,29,20101026,0,,LO,18.4N,91.5W,25,1002,0,0,0,0,0,0,0,0,0,0,0,0
AL,RICHARD,2010,19,29,20101026,600,,LO,19.1N,92.3W,25,1004,0,0,0,0,0,0,0,0,0,0,0,0
AL,RICHARD,2010,19,29,20101026,1200,,LO,20.1N,92.9W,20,1004,0,0,0,0,0,0,0,0,0,0,0,0
AL,SHARY,2010,20,9,20101028,1800,,TD,25.6N,61.2W,30,1006,0,0,0,0,0,0,0,0,0,0,0,0
AL,SHARY,2010,20,9,20101029,0,,TS,26.8N,63.0W,35,1004,90,45,0,90,0,0,0,0,0,0,0,0
AL,SHARY,2010,20,9,20101029,600,,TS,28.1N,64.6W,40,1002,90,45,0,90,0,0,0,0,0,0,0,0
AL,SHARY,2010,20,9,20101029,1200,,TS,29.3N,65.9W,50,998,60,45,45,90,0,30,0,0,0,0,0,0
AL,SHARY,2010,20,9,20101029,1800,,TS,30.2N,65.8W,55,993,60,75,60,60,0,30,0,0,0,0,0,0
AL,SHARY,2010,20,9,20101030,0,,HU,31.3N,64.0W,65,990,60,90,60,40,0,40,30,0,0,10,0,0
AL,SHARY,2010,20,9,20101030,600,,HU,32.9N,60.9W,65,989,75,90,75,40,0,40,30,0,0,10,0,0
AL,SHARY,2010,20,9,20101030,1200,,HU,35.1N,57.2W,65,991,75,90,75,40,0,40,30,0,0,10,0,0
AL,SHARY,2010,20,9,20101030,1800,,EX,37.0N,53.5W,55,993,75,90,75,40,0,40,30,0,0,0,0,0
AL,TOMAS,2010,21,54,20101029,600,,TD,9.0N,53.7W,30,1006,0,0,0,0,0,0,0,0,0,0,0,0
AL,TOMAS,2010,21,54,20101029,1200,,TS,9.8N,55.3W,35,1003,75,40,0,75,0,0,0,0,0,0,0,0
AL,TOMAS,2010,21,54,20101029,1800,,TS,10.8N,56.8W,45,998,90,50,50,90,0,0,0,0,0,0,0,0
AL,TOMAS,2010,21,54,20101030,0,,TS,11.9N,57.8W,55,999,90,50,50,90,30,0,0,30,0,0,0,0
AL,TOMAS,2010,21,54,20101030,600,,TS,12.7N,58.9W,60,997,90,50,50,90,30,0,0,30,0,0,0,0
AL,TOMAS,2010,21,54,20101030,900,L,TS,13.0N,59.5W,60,997,90,50,50,90,30,0,0,30,0,0,0,0
AL,TOMAS,2010,21,54,20101030,1200,,HU,13.1N,60.1W,65,993,120,60,50,90,50,30,20,40,20,20,0,0
AL,TOMAS,2010,21,54,20101030,1800,,HU,13.3N,61.0W,80,990,120,60,50,90,50,30,20,40,20,20,0,0
AL,TOMAS,2010,21,54,20101030,2000,L,HU,13.4N,61.2W,85,987,120,60,50,90,50,30,20,40,20,20,0,0
AL,TOMAS,2010,21,54,20101031,0,,HU,13.5N,61.7W,85,982,120,60,50,90,50,30,20,40,30,20,10,20
AL,TOMAS,2010,21,54,20101031,600,,HU,13.8N,62.4W,85,983,120,60,50,90,60,30,20,50,30,20,10,20
AL,TOMAS,2010,21,54,20101031,1200,,HU,14.0N,63.3W,80,988,120,60,50,90,60,30,20,50,30,20,10,20
AL,TOMAS,2010,21,54,20101031,1800,,HU,14.2N,64.4W,65,994,120,60,50,90,50,30,20,40,15,0,0,15
AL,TOMAS,2010,21,54,20101101,0,,TS,14.1N,65.8W,55,997,150,60,50,90,50,30,20,50,0,0,0,0
AL,TOMAS,2010,21,54,20101101,600,,TS,13.9N,67.1W,45,1003,150,60,30,90,0,0,0,0,0,0,0,0
AL,TOMAS,2010,21,54,20101101,1200,,TS,13.6N,68.2W,40,1005,120,40,20,60,0,0,0,0,0,0,0,0
AL,TOMAS,2010,21,54,20101101,1800,,TS,13.5N,69.2W,40,1005,100,40,20,60,0,0,0,0,0,0,0,0
AL,TOMAS,2010,21,54,20101102,0,,TS,13.5N,70.3W,40,1005,100,40,0,40,0,0,0,0,0,0,0,0
AL,TOMAS,2010,21,54,20101102,600,,TS,13.5N,71.4W,45,1003,100,40,0,30,0,0,0,0,0,0,0,0
AL,TOMAS,2010,21,54,20101102,1200,,TS,13.5N,72.5W,40,1004,100,40,0,30,0,0,0,0,0,0,0,0
AL,TOMAS,2010,21,54,20101102,1800,,TS,13.6N,73.4W,35,1006,90,0,0,30,0,0,0,0,0,0,0,0
AL,TOMAS,2010,21,54,20101103,0,,TD,13.8N,73.9W,30,1006,0,0,0,0,0,0,0,0,0,0,0,0
AL,TOMAS,2010,21,54,20101103,600,,TD,14.0N,74.3W,30,1006,0,0,0,0,0,0,0,0,0,0,0,0
AL,TOMAS,2010,21,54,20101103,1200,,TD,14.3N,74.7W,30,1006,0,0,0,0,0,0,0,0,0,0,0,0
AL,TOMAS,2010,21,54,20101103,1800,,TS,14.7N,75.1W,35,1004,60,60,0,0,0,0,0,0,0,0,0,0
AL,TOMAS,2010,21,54,20101104,0,,TS,15.1N,75.5W,40,1003,60,60,0,0,0,0,0,0,0,0,0,0
AL,TOMAS,2010,21,54,20101104,600,,TS,15.5N,75.9W,40,998,75,60,0,0,0,0,0,0,0,0,0,0
AL,TOMAS,2010,21,54,20101104,1200,,TS,15.9N,76.2W,45,996,75,60,0,0,0,0,0,0,0,0,0,0
AL,TOMAS,2010,21,54,20101104,1800,,TS,16.4N,76.2W,50,995,100,90,0,0,30,30,0,0,0,0,0,0
AL,TOMAS,2010,21,54,20101105,0,,TS,17.0N,75.7W,60,989,120,120,0,0,30,30,0,0,0,0,0,0
AL,TOMAS,2010,21,54,20101105,600,,HU,17.7N,75.2W,70,985,120,120,30,30,30,30,0,0,15,15,0,0
AL,TOMAS,2010,21,54,20101105,1200,,HU,18.7N,74.7W,75,987,120,120,50,50,40,30,20,30,15,15,15,15
AL,TOMAS,2010,21,54,20101105,1800,,HU,19.7N,74.0W,70,992,100,120,50,50,40,40,20,30,15,15,0,0
AL,TOMAS,2010,21,54,20101106,0,,TS,20.4N,73.1W,60,995,100,100,50,50,40,40,20,30,0,0,0,0
AL,TOMAS,2010,21,54,20101106,600,,TS,21.4N,71.8W,60,992,100,100,50,50,40,40,20,30,0,0,0,0
AL,TOMAS,2010,21,54,20101106,730,L,TS,21.7N,71.6W,60,992,100,100,50,50,40,40,20,30,0,0,0,0
AL,TOMAS,2010,21,54,20101106,1200,,TS,22.6N,70.9W,60,990,100,100,50,50,40,40,20,30,0,0,0,0
AL,TOMAS,2010,21,54,20101106,1800,,HU,23.8N,70.3W,65,988,100,100,75,75,40,40,20,30,20,20,0,0
AL,TOMAS,2010,21,54,20101107,0,,HU,24.9N,69.8W,70,987,100,100,75,75,40,40,20,30,20,20,0,0
AL,TOMAS,2010,21,54,20101107,600,,HU,25.4N,69.6W,65,990,100,100,75,75,40,40,20,30,20,20,0,0
AL,TOMAS,2010,21,54,20101107,1200,,TS,25.7N,69.5W,60,992,100,100,125,125,25,25,20,30,0,0,0,0
AL,TOMAS,2010,21,54,20101107,1800,,TS,26.0N,69.3W,50,992,100,100,125,125,0,0,40,40,0,0,0,0
AL,TOMAS,2010,21,54,20101108,0,,EX,26.0N,68.5W,50,992,125,100,150,200,0,0,40,40,0,0,0,0
AL,TOMAS,2010,21,54,20101108,600,,EX,25.8N,67.5W,50,992,125,100,150,200,0,0,40,40,0,0,0,0
AL,TOMAS,2010,21,54,20101108,1200,,EX,25.6N,66.2W,50,992,125,100,150,200,0,0,40,0,0,0,0,0
AL,TOMAS,2010,21,54,20101108,1800,,EX,25.8N,64.5W,45,993,125,125,150,200,0,0,0,0,0,0,0,0
AL,TOMAS,2010,21,54,20101109,0,,EX,26.5N,62.3W,45,993,125,125,150,200,0,0,0,0,0,0,0,0
AL,TOMAS,2010,21,54,20101109,600,,EX,27.9N,60.4W,45,994,125,125,150,200,0,0,0,0,0,0,0,0
AL,TOMAS,2010,21,54,20101109,1200,,EX,29.4N,58.6W,45,994,125,150,150,150,0,0,0,0,0,0,0,0
AL,TOMAS,2010,21,54,20101109,1800,,EX,31.0N,56.9W,45,994,125,150,150,150,0,0,0,0,0,0,0,0
AL,TOMAS,2010,21,54,20101110,0,,EX,33.3N,55.4W,45,994,125,150,150,150,0,0,0,0,0,0,0,0
AL,TOMAS,2010,21,54,20101110,600,,EX,36.0N,54.0W,45,994,125,150,150,150,0,0,0,0,0,0,0,0
AL,TOMAS,2010,21,54,20101110,1200,,EX,39.0N,53.5W,35,995,125,150,100,150,0,0,0,0,0,0,0,0
AL,TOMAS,2010,21,54,20101110,1800,,EX,42.0N,53.5W,35,995,125,150,0,150,0,0,0,0,0,0,0,0
AL,ARLENE,2011,1,13,20110628,600,,LO,19.9N,92.8W,25,1007,0,0,0,0,0,0,0,0,0,0,0,0
AL,ARLENE,2011,1,13,20110628,1200,,LO,20.3N,93.1W,30,1006,0,0,0,0,0,0,0,0,0,0,0,0
AL,ARLENE,2011,1,13,20110628,1800,,TS,20.7N,93.5W,35,1006,100,40,0,0,0,0,0,0,0,0,0,0
AL,ARLENE,2011,1,13,20110629,0,,TS,21.0N,93.9W,35,1005,100,40,0,0,0,0,0,0,0,0,0,0
AL,ARLENE,2011,1,13,20110629,600,,TS,21.2N,94.5W,35,1003,100,40,0,0,0,0,0,0,0,0,0,0
AL,ARLENE,2011,1,13,20110629,1200,,TS,21.3N,95.3W,45,1000,120,60,40,40,0,0,0,0,0,0,0,0
AL,ARLENE,2011,1,13,20110629,1800,,TS,21.4N,95.6W,50,998,120,60,70,60,60,40,40,0,0,0,0,0
AL,ARLENE,2011,1,13,20110630,0,,TS,21.6N,96.1W,50,996,100,90,100,60,60,40,70,0,0,0,0,0
AL,ARLENE,2011,1,13,20110630,600,,TS,21.6N,97.0W,55,994,80,120,70,80,50,50,0,0,0,0,0,0
AL,ARLENE,2011,1,13,20110630,1200,,TS,21.6N,97.3W,55,993,80,120,40,80,50,50,0,0,0,0,0,0
AL,ARLENE,2011,1,13,20110630,1300,L,TS,21.6N,97.4W,55,993,80,120,40,80,50,50,0,0,0,0,0,0
AL,ARLENE,2011,1,13,20110630,1800,,TS,21.5N,98.1W,45,998,90,90,40,40,0,0,0,0,0,0,0,0
AL,ARLENE,2011,1,13,20110701,0,,TD,21.1N,98.7W,30,1002,0,0,0,0,0,0,0,0,0,0,0,0
AL,BRET,2011,2,29,20110716,600,,LO,30.7N,79.7W,20,1014,0,0,0,0,0,0,0,0,0,0,0,0
AL,BRET,2011,2,29,20110716,1200,,LO,30.3N,79.4W,20,1014,0,0,0,0,0,0,0,0,0,0,0,0
AL,BRET,2011,2,29,20110716,1800,,LO,29.8N,79.1W,20,1014,0,0,0,0,0,0,0,0,0,0,0,0
AL,BRET,2011,2,29,20110717,0,,LO,29.3N,78.8W,20,1014,0,0,0,0,0,0,0,0,0,0,0,0
AL,BRET,2011,2,29,20110717,600,,LO,28.8N,78.5W,20,1014,0,0,0,0,0,0,0,0,0,0,0,0
AL,BRET,2011,2,29,20110717,1200,,LO,28.3N,78.3W,25,1013,0,0,0,0,0,0,0,0,0,0,0,0
AL,BRET,2011,2,29,20110717,1800,,TD,27.8N,78.2W,30,1011,0,0,0,0,0,0,0,0,0,0,0,0
AL,BRET,2011,2,29,20110718,0,,TS,27.5N,78.1W,35,1008,30,30,0,30,0,0,0,0,0,0,0,0
AL,BRET,2011,2,29,20110718,600,,TS,27.1N,78.0W,40,1001,35,35,15,35,0,0,0,0,0,0,0,0
AL,BRET,2011,2,29,20110718,1200,,TS,27.4N,77.5W,45,999,40,40,25,40,0,0,0,0,0,0,0,0
AL,BRET,2011,2,29,20110718,1800,,TS,27.8N,77.1W,60,995,45,45,30,45,20,20,0,20,0,0,0,0
AL,BRET,2011,2,29,20110719,0,,TS,28.4N,76.8W,60,996,45,45,30,45,20,20,0,20,0,0,0,0
AL,BRET,2011,2,29,20110719,600,,TS,29.0N,76.6W,50,999,45,45,30,35,20,20,0,0,0,0,0,0
AL,BRET,2011,2,29,20110719,1200,,TS,29.5N,76.2W,45,999,50,45,30,35,0,0,0,0,0,0,0,0
AL,BRET,2011,2,29,20110719,1800,,TS,30.0N,75.8W,45,999,50,50,35,35,0,0,0,0,0,0,0,0
AL,BRET,2011,2,29,20110720,0,,TS,30.5N,75.3W,45,1000,55,55,45,35,0,0,0,0,0,0,0,0
AL,BRET,2011,2,29,20110720,600,,TS,30.9N,74.7W,45,1001,60,60,45,35,0,0,0,0,0,0,0,0
AL,BRET,2011,2,29,20110720,1200,,TS,31.4N,74.1W,45,1002,60,60,45,35,0,0,0,0,0,0,0,0
AL,BRET,2011,2,29,20110720,1800,,TS,31.9N,73.4W,45,1005,60,60,45,35,0,0,0,0,0,0,0,0
AL,BRET,2011,2,29,20110721,0,,TS,32.4N,72.7W,45,1005,60,60,45,35,0,0,0,0,0,0,0,0
AL,BRET,2011,2,29,20110721,600,,TS,33.0N,72.0W,40,1005,55,60,45,25,0,0,0,0,0,0,0,0
AL,BRET,2011,2,29,20110721,1200,,TS,33.5N,71.2W,35,1006,45,65,45,0,0,0,0,0,0,0,0,0
AL,BRET,2011,2,29,20110721,1800,,TS,34.1N,70.1W,35,1007,0,80,0,0,0,0,0,0,0,0,0,0
AL,BRET,2011,2,29,20110722,0,,TD,35.1N,68.9W,30,1008,0,0,0,0,0,0,0,0,0,0,0,0
AL,BRET,2011,2,29,20110722,600,,TD,36.2N,67.4W,30,1008,0,0,0,0,0,0,0,0,0,0,0,0
AL,BRET,2011,2,29,20110722,1200,,LO,37.3N,65.2W,30,1009,0,0,0,0,0,0,0,0,0,0,0,0
AL,BRET,2011,2,29,20110722,1800,,LO,38.3N,62.8W,30,1009,0,0,0,0,0,0,0,0,0,0,0,0
AL,BRET,2011,2,29,20110723,0,,LO,39.2N,60.1W,25,1010,0,0,0,0,0,0,0,0,0,0,0,0
AL,BRET,2011,2,29,20110723,600,,LO,39.8N,57.0W,25,1010,0,0,0,0,0,0,0,0,0,0,0,0
AL,CINDY,2011,3,13,20110720,600,,TD,33.0N,59.5W,30,1010,0,0,0,0,0,0,0,0,0,0,0,0
AL,CINDY,2011,3,13,20110720,1200,,TS,33.4N,57.0W,35,1008,60,75,60,0,0,0,0,0,0,0,0,0
AL,CINDY,2011,3,13,20110720,1800,,TS,34.5N,54.7W,40,1006,60,75,60,0,0,0,0,0,0,0,0,0
AL,CINDY,2011,3,13,20110721,0,,TS,35.8N,52.5W,45,1003,60,75,60,0,0,0,0,0,0,0,0,0
AL,CINDY,2011,3,13,20110721,600,,TS,37.4N,50.5W,50,999,60,75,60,0,0,35,0,0,0,0,0,0
AL,CINDY,2011,3,13,20110721,1200,,TS,39.4N,48.4W,55,996,60,75,60,0,0,35,0,0,0,0,0,0
AL,CINDY,2011,3,13,20110721,1800,,TS,41.3N,46.1W,60,994,60,75,60,0,15,35,0,0,0,0,0,0
AL,CINDY,2011,3,13,20110722,0,,TS,42.6N,43.7W,55,995,75,90,60,0,25,35,0,0,0,0,0,0
AL,CINDY,2011,3,13,20110722,600,,TS,43.8N,41.2W,50,997,75,90,60,0,25,35,0,0,0,0,0,0
AL,CINDY,2011,3,13,20110722,1200,,TS,45.1N,38.6W,45,999,75,90,60,0,0,0,0,0,0,0,0,0
AL,CINDY,2011,3,13,20110722,1800,,TS,46.7N,35.6W,40,1001,70,90,60,0,0,0,0,0,0,0,0,0
AL,CINDY,2011,3,13,20110723,0,,LO,48.4N,32.1W,40,1003,60,100,50,0,0,0,0,0,0,0,0,0
AL,CINDY,2011,3,13,20110723,600,,LO,50.0N,27.8W,35,1005,60,100,50,0,0,0,0,0,0,0,0,0
AL,DON,2011,4,14,20110727,600,,TD,21.6N,85.7W,30,1007,0,0,0,0,0,0,0,0,0,0,0,0
AL,DON,2011,4,14,20110727,1200,,TD,21.8N,86.2W,30,1006,0,0,0,0,0,0,0,0,0,0,0,0
AL,DON,2011,4,14,20110727,1800,,TS,22.0N,86.7W,35,1003,40,40,0,0,0,0,0,0,0,0,0,0
AL,DON,2011,4,14,20110728,0,,TS,22.3N,87.4W,35,1000,40,40,0,0,0,0,0,0,0,0,0,0
AL,DON,2011,4,14,20110728,600,,TS,22.9N,88.4W,35,1000,60,40,0,0,0,0,0,0,0,0,0,0
AL,DON,2011,4,14,20110728,1200,,TS,23.7N,89.5W,40,1001,60,40,0,0,0,0,0,0,0,0,0,0
AL,DON,2011,4,14,20110728,1800,,TS,24.2N,90.7W,40,1004,60,40,0,0,0,0,0,0,0,0,0,0
AL,DON,2011,4,14,20110729,0,,TS,24.6N,91.9W,45,997,60,40,0,0,0,0,0,0,0,0,0,0
AL,DON,2011,4,14,20110729,600,,TS,25.1N,93.1W,45,1000,60,40,0,0,0,0,0,0,0,0,0,0
AL,DON,2011,4,14,20110729,1200,,TS,25.8N,94.3W,45,1002,60,40,0,0,0,0,0,0,0,0,0,0
AL,DON,2011,4,14,20110729,1800,,TS,26.4N,95.5W,45,1004,60,40,0,0,0,0,0,0,0,0,0,0
AL,DON,2011,4,14,20110730,0,,TS,27.0N,96.9W,35,1006,60,0,0,0,0,0,0,0,0,0,0,0
AL,DON,2011,4,14,20110730,230,L,TD,27.3N,97.4W,30,1007,0,0,0,0,0,0,0,0,0,0,0,0
AL,DON,2011,4,14,20110730,600,,LO,27.8N,98.1W,25,1009,0,0,0,0,0,0,0,0,0,0,0,0
AL,EMILY,2011,5,24,20110802,0,,TS,14.9N,61.4W,40,1007,75,0,0,60,0,0,0,0,0,0,0,0
AL,EMILY,2011,5,24,20110802,600,,TS,15.1N,62.5W,40,1007,75,0,0,60,0,0,0,0,0,0,0,0
AL,EMILY,2011,5,24,20110802,1200,,TS,15.4N,63.6W,40,1006,75,0,0,60,0,0,0,0,0,0,0,0
AL,EMILY,2011,5,24,20110802,1800,,TS,15.7N,64.8W,40,1005,75,0,0,60,0,0,0,0,0,0,0,0
AL,EMILY,2011,5,24,20110803,0,,TS,16.0N,66.2W,45,1004,100,75,0,60,0,0,0,0,0,0,0,0
AL,EMILY,2011,5,24,20110803,600,,TS,16.3N,67.7W,45,1003,100,75,0,60,0,0,0,0,0,0,0,0
AL,EMILY,2011,5,24,20110803,1200,,TS,16.6N,69.1W,45,1003,100,75,0,30,0,0,0,0,0,0,0,0
AL,EMILY,2011,5,24,20110803,1800,,TS,16.8N,70.3W,45,1003,100,75,0,30,0,0,0,0,0,0,0,0
AL,EMILY,2011,5,24,20110804,0,,TS,16.9N,70.7W,45,1003,100,75,0,0,0,0,0,0,0,0,0,0
AL,EMILY,2011,5,24,20110804,600,,TS,16.9N,71.3W,45,1004,100,75,0,0,0,0,0,0,0,0,0,0
AL,EMILY,2011,5,24,20110804,1200,,TS,17.3N,72.2W,45,1006,100,75,0,0,0,0,0,0,0,0,0,0
AL,EMILY,2011,5,24,20110804,1800,,WV,17.9N,73.4W,30,1009,0,0,0,0,0,0,0,0,0,0,0,0
AL,EMILY,2011,5,24,20110805,0,,WV,18.8N,74.6W,25,1010,0,0,0,0,0,0,0,0,0,0,0,0
AL,EMILY,2011,5,24,20110805,600,,WV,19.8N,75.5W,25,1011,0,0,0,0,0,0,0,0,0,0,0,0
AL,EMILY,2011,5,24,20110805,1200,,WV,21.0N,76.3W,25,1011,0,0,0,0,0,0,0,0,0,0,0,0
AL,EMILY,2011,5,24,20110805,1800,,WV,22.4N,76.9W,25,1012,0,0,0,0,0,0,0,0,0,0,0,0
AL,EMILY,2011,5,24,20110806,0,,WV,23.6N,77.4W,25,1012,0,0,0,0,0,0,0,0,0,0,0,0
AL,EMILY,2011,5,24,20110806,600,,WV,24.6N,77.9W,25,1012,0,0,0,0,0,0,0,0,0,0,0,0
AL,EMILY,2011,5,24,20110806,1200,,LO,25.6N,78.1W,25,1011,0,0,0,0,0,0,0,0,0,0,0,0
AL,EMILY,2011,5,24,20110806,1800,,TD,26.4N,78.2W,30,1011,0,0,0,0,0,0,0,0,0,0,0,0
AL,EMILY,2011,5,24,20110807,0,,TS,27.2N,78.1W,35,1010,60,45,0,0,0,0,0,0,0,0,0,0
AL,EMILY,2011,5,24,20110807,600,,TS,28.4N,77.4W,35,1009,60,45,0,0,0,0,0,0,0,0,0,0
AL,EMILY,2011,5,24,20110807,1200,,LO,29.7N,76.4W,30,1009,0,0,0,0,0,0,0,0,0,0,0,0
AL,EMILY,2011,5,24,20110807,1800,,LO,30.7N,74.8W,30,1009,0,0,0,0,0,0,0,0,0,0,0,0
AL,FRANKLIN,2011,6,15,20110812,1200,,LO,34.7N,66.0W,25,1011,0,0,0,0,0,0,0,0,0,0,0,0
AL,FRANKLIN,2011,6,15,20110812,1800,,TD,35.6N,64.7W,30,1009,0,0,0,0,0,0,0,0,0,0,0,0
AL,FRANKLIN,2011,6,15,20110813,0,,TD,36.6N,63.0W,30,1008,0,0,0,0,0,0,0,0,0,0,0,0
AL,FRANKLIN,2011,6,15,20110813,600,,TS,37.6N,61.1W,35,1006,40,60,0,0,0,0,0,0,0,0,0,0
AL,FRANKLIN,2011,6,15,20110813,1200,,TS,38.6N,59.0W,40,1004,40,60,0,0,0,0,0,0,0,0,0,0
AL,FRANKLIN,2011,6,15,20110813,1800,,EX,39.6N,56.3W,40,1004,50,70,0,0,0,0,0,0,0,0,0,0
AL,FRANKLIN,2011,6,15,20110814,0,,EX,40.2N,53.2W,35,1005,50,70,0,0,0,0,0,0,0,0,0,0
AL,FRANKLIN,2011,6,15,20110814,600,,EX,40.4N,49.9W,35,1007,50,70,0,0,0,0,0,0,0,0,0,0
AL,FRANKLIN,2011,6,15,20110814,1200,,EX,40.0N,47.0W,30,1009,0,0,0,0,0,0,0,0,0,0,0,0
AL,FRANKLIN,2011,6,15,20110814,1800,,EX,39.4N,44.6W,30,1010,0,0,0,0,0,0,0,0,0,0,0,0
AL,FRANKLIN,2011,6,15,20110815,0,,EX,38.8N,42.5W,30,1011,0,0,0,0,0,0,0,0,0,0,0,0
AL,FRANKLIN,2011,6,15,20110815,600,,EX,38.1N,40.8W,25,1013,0,0,0,0,0,0,0,0,0,0,0,0
AL,FRANKLIN,2011,6,15,20110815,1200,,EX,37.3N,39.2W,25,1014,0,0,0,0,0,0,0,0,0,0,0,0
AL,FRANKLIN,2011,6,15,20110815,1800,,EX,36.6N,38.2W,25,1015,0,0,0,0,0,0,0,0,0,0,0,0
AL,FRANKLIN,2011,6,15,20110816,0,,EX,35.6N,37.9W,25,1016,0,0,0,0,0,0,0,0,0,0,0,0
AL,GERT,2011,7,19,20110813,600,,LO,26.2N,58.0W,30,1013,0,0,0,0,0,0,0,0,0,0,0,0
AL,GERT,2011,7,19,20110813,1200,,LO,26.9N,59.4W,30,1012,0,0,0,0,0,0,0,0,0,0,0,0
AL,GERT,2011,7,19,20110813,1800,,TD,27.3N,60.6W,30,1011,0,0,0,0,0,0,0,0,0,0,0,0
AL,GERT,2011,7,19,20110814,0,,TD,27.5N,61.5W,30,1011,0,0,0,0,0,0,0,0,0,0,0,0
AL,GERT,2011,7,19,20110814,600,,TS,27.7N,62.3W,35,1011,30,60,0,0,0,0,0,0,0,0,0,0
AL,GERT,2011,7,19,20110814,1200,,TS,28.1N,62.9W,40,1010,30,60,0,0,0,0,0,0,0,0,0,0
AL,GERT,2011,7,19,20110814,1800,,TS,28.8N,63.1W,40,1009,45,60,0,0,0,0,0,0,0,0,0,0
AL,GERT,2011,7,19,20110815,0,,TS,29.6N,63.3W,45,1006,60,60,0,0,0,0,0,0,0,0,0,0
AL,GERT,2011,7,19,20110815,600,,TS,30.6N,63.4W,50,1003,60,60,30,0,15,15,0,0,0,0,0,0
AL,GERT,2011,7,19,20110815,1200,,TS,31.6N,63.2W,55,1000,60,60,45,30,15,15,0,0,0,0,0,0
AL,GERT,2011,7,19,20110815,1800,,TS,32.9N,62.7W,50,1003,60,60,45,30,15,15,0,0,0,0,0,0
AL,GERT,2011,7,19,20110816,0,,TS,34.2N,61.6W,45,1005,45,60,30,30,0,0,0,0,0,0,0,0
AL,GERT,2011,7,19,20110816,600,,TS,35.6N,60.3W,45,1007,45,60,30,30,0,0,0,0,0,0,0,0
AL,GERT,2011,7,19,20110816,1200,,LO,37.1N,58.1W,40,1008,30,45,30,0,0,0,0,0,0,0,0,0
AL,GERT,2011,7,19,20110816,1800,,LO,38.6N,55.8W,40,1008,30,45,30,0,0,0,0,0,0,0,0,0
AL,GERT,2011,7,19,20110817,0,,LO,40.1N,53.4W,35,1010,0,30,0,0,0,0,0,0,0,0,0,0
AL,GERT,2011,7,19,20110817,600,,LO,41.5N,50.9W,30,1012,0,0,0,0,0,0,0,0,0,0,0,0
AL,GERT,2011,7,19,20110817,1200,,LO,42.9N,48.3W,30,1014,0,0,0,0,0,0,0,0,0,0,0,0
AL,GERT,2011,7,19,20110817,1800,,LO,44.9N,44.8W,30,1015,0,0,0,0,0,0,0,0,0,0,0,0
AL,HARVEY,2011,8,17,20110819,0,,TD,15.4N,82.0W,30,1006,0,0,0,0,0,0,0,0,0,0,0,0
AL,HARVEY,2011,8,17,20110819,600,,TD,15.7N,82.7W,30,1005,0,0,0,0,0,0,0,0,0,0,0,0
AL,HARVEY,2011,8,17,20110819,1200,,TS,15.9N,83.4W,35,1003,30,0,0,30,0,0,0,0,0,0,0,0
AL,HARVEY,2011,8,17,20110819,1800,,TS,16.0N,84.1W,40,1001,35,0,0,35,0,0,0,0,0,0,0,0
AL,HARVEY,2011,8,17,20110820,0,,TS,16.1N,84.9W,45,995,35,0,0,35,0,0,0,0,0,0,0,0
AL,HARVEY,2011,8,17,20110820,600,,TS,16.3N,85.8W,50,994,35,20,0,35,15,0,0,15,0,0,0,0
AL,HARVEY,2011,8,17,20110820,1200,,TS,16.6N,87.0W,50,998,40,20,0,40,15,0,0,15,0,0,0,0
AL,HARVEY,2011,8,17,20110820,1730,L,TS,17.0N,88.3W,55,995,,,,,,,,,,,,
AL,HARVEY,2011,8,17,20110820,1800,,TS,17.0N,88.3W,55,995,40,20,20,40,10,0,0,10,0,0,0,0
AL,HARVEY,2011,8,17,20110821,0,,TS,17.3N,89.6W,35,1003,30,0,0,30,0,0,0,0,0,0,0,0
AL,HARVEY,2011,8,17,20110821,600,,TD,17.6N,90.8W,30,1005,0,0,0,0,0,0,0,0,0,0,0,0
AL,HARVEY,2011,8,17,20110821,1200,,TD,18.0N,92.0W,30,1005,0,0,0,0,0,0,0,0,0,0,0,0
AL,HARVEY,2011,8,17,20110821,1800,,TD,18.5N,93.3W,30,1005,0,0,0,0,0,0,0,0,0,0,0,0
AL,HARVEY,2011,8,17,20110822,0,,TS,18.7N,94.8W,35,1005,0,0,0,70,0,0,0,0,0,0,0,0
AL,HARVEY,2011,8,17,20110822,200,L,TS,18.7N,95.2W,35,1005,0,0,0,70,0,0,0,0,0,0,0,0
AL,HARVEY,2011,8,17,20110822,600,,TD,18.6N,96.2W,25,1006,0,0,0,0,0,0,0,0,0,0,0,0
AL,HARVEY,2011,8,17,20110822,1200,,TD,18.1N,97.2W,20,1007,0,0,0,0,0,0,0,0,0,0,0,0
AL,IRENE,2011,9,43,20110821,0,,TS,15.0N,59.0W,45,1006,105,0,0,45,0,0,0,0,0,0,0,0
AL,IRENE,2011,9,43,20110821,600,,TS,16.0N,60.6W,45,1006,130,0,0,80,0,0,0,0,0,0,0,0
AL,IRENE,2011,9,43,20110821,1200,,TS,16.8N,62.2W,45,1005,130,0,0,70,0,0,0,0,0,0,0,0
AL,IRENE,2011,9,43,20110821,1800,,TS,17.5N,63.7W,50,999,130,20,0,70,30,0,0,0,0,0,0,0
AL,IRENE,2011,9,43,20110821,2300,L,TS,17.8N,64.6W,60,993,,,,,,,,,,,,
AL,IRENE,2011,9,43,20110822,0,,TS,17.9N,65.0W,60,993,130,30,30,90,30,0,0,30,0,0,0,0
AL,IRENE,2011,9,43,20110822,525,L,TS,18.1N,65.8W,60,990,,,,,,,,,,,,
AL,IRENE,2011,9,43,20110822,600,,HU,18.2N,65.9W,65,990,130,60,60,90,40,25,20,35,25,0,0,0
AL,IRENE,2011,9,43,20110822,1200,,HU,18.9N,67.0W,70,989,160,60,60,90,40,25,20,35,25,0,0,0
AL,IRENE,2011,9,43,20110822,1800,,HU,19.3N,68.0W,75,988,160,60,40,90,40,30,20,35,25,0,0,0
AL,IRENE,2011,9,43,20110823,0,,HU,19.7N,68.8W,80,981,160,70,50,100,70,30,30,70,25,0,0,35
AL,IRENE,2011,9,43,20110823,600,,HU,20.1N,69.7W,80,978,180,120,90,130,90,60,40,70,45,30,20,35
AL,IRENE,2011,9,43,20110823,1200,,HU,20.4N,70.6W,80,978,180,120,90,130,90,60,40,70,40,30,20,35
AL,IRENE,2011,9,43,20110823,1800,,HU,20.7N,71.2W,80,977,180,120,90,130,75,60,40,70,35,30,20,35
AL,IRENE,2011,9,43,20110824,0,,HU,21.0N,71.9W,80,969,180,150,90,150,70,70,40,70,35,30,25,35
AL,IRENE,2011,9,43,20110824,600,,HU,21.3N,72.5W,95,965,180,150,90,150,70,70,40,70,35,30,25,35
AL,IRENE,2011,9,43,20110824,1200,,HU,21.9N,73.3W,105,957,180,150,90,150,90,60,45,80,45,40,25,40
AL,IRENE,2011,9,43,20110824,1600,L,HU,22.4N,74.0W,100,955,,,,,,,,,,,,
AL,IRENE,2011,9,43,20110824,1800,,HU,22.7N,74.3W,100,954,200,180,100,150,100,70,50,80,50,45,25,40
AL,IRENE,2011,9,43,20110825,0,L,HU,23.5N,75.1W,95,952,220,180,100,150,100,90,50,80,60,60,25,50
AL,IRENE,2011,9,43,20110825,600,,HU,24.1N,75.9W,95,950,220,180,100,150,100,80,50,70,60,60,25,50
AL,IRENE,2011,9,43,20110825,900,L,HU,24.7N,76.2W,90,950,,,,,,,,,,,,
AL,IRENE,2011,9,43,20110825,1200,,HU,25.4N,76.6W,90,950,250,200,100,160,100,100,50,70,60,60,25,50
AL,IRENE,2011,9,43,20110825,1800,L,HU,26.5N,77.2W,90,950,250,200,125,160,110,100,50,75,70,60,25,50
AL,IRENE,2011,9,43,20110826,0,,HU,27.7N,77.3W,90,946,250,200,125,160,110,100,50,75,70,60,25,50
AL,IRENE,2011,9,43,20110826,600,,HU,28.8N,77.3W,90,942,250,200,130,175,125,105,75,75,80,80,50,50
AL,IRENE,2011,9,43,20110826,1200,,HU,30.0N,77.4W,85,947,250,200,130,175,125,105,75,75,80,80,50,50
AL,IRENE,2011,9,43,20110826,1800,,HU,31.1N,77.5W,80,950,250,225,140,175,125,125,80,75,80,80,50,50
AL,IRENE,2011,9,43,20110827,0,,HU,32.1N,77.1W,75,952,225,225,140,140,125,125,90,75,80,80,40,40
AL,IRENE,2011,9,43,20110827,600,,HU,33.4N,76.8W,75,952,225,225,140,140,125,125,90,75,80,80,40,40
AL,IRENE,2011,9,43,20110827,1200,L,HU,34.7N,76.6W,75,952,225,225,150,125,125,125,90,60,80,80,40,35
AL,IRENE,2011,9,43,20110827,1800,,HU,35.5N,76.3W,65,950,210,225,150,125,125,125,80,60,75,75,35,35
AL,IRENE,2011,9,43,20110828,0,,HU,36.7N,75.7W,65,951,210,225,150,125,150,150,80,60,75,75,0,0
AL,IRENE,2011,9,43,20110828,600,,HU,38.1N,75.0W,65,958,230,280,160,110,150,150,80,30,75,75,0,0
AL,IRENE,2011,9,43,20110828,935,L,TS,39.4N,74.4W,60,959,230,280,160,110,150,150,80,30,0,0,0,0
AL,IRENE,2011,9,43,20110828,1200,,TS,40.3N,74.1W,55,963,230,280,130,50,150,150,80,30,0,0,0,0
AL,IRENE,2011,9,43,20110828,1300,L,TS,40.6N,74.0W,55,965,230,280,130,50,150,150,80,30,0,0,0,0
AL,IRENE,2011,9,43,20110828,1800,,TS,42.5N,73.1W,50,970,230,280,180,50,150,150,80,30,0,0,0,0
AL,IRENE,2011,9,43,20110829,0,,EX,44.2N,72.1W,45,979,230,315,250,50,0,0,0,0,0,0,0,0
AL,IRENE,2011,9,43,20110829,600,,EX,46.5N,69.5W,40,983,360,360,360,0,0,0,0,0,0,0,0,0
AL,IRENE,2011,9,43,20110829,1200,,EX,49.1N,66.7W,40,985,360,360,300,0,0,0,0,0,0,0,0,0
AL,IRENE,2011,9,43,20110829,1800,,EX,51.3N,63.8W,40,987,0,360,0,0,0,0,0,0,0,0,0,0
AL,IRENE,2011,9,43,20110830,0,,EX,53.0N,60.0W,40,991,0,270,0,0,0,0,0,0,0,0,0,0
AL,TEN,2011,10,9,20110825,0,,TD,12.3N,29.0W,30,1006,0,0,0,0,0,0,0,0,0,0,0,0
AL,TEN,2011,10,9,20110825,600,,TD,12.7N,30.1W,30,1006,0,0,0,0,0,0,0,0,0,0,0,0
AL,TEN,2011,10,9,20110825,1200,,TD,13.1N,31.2W,30,1008,0,0,0,0,0,0,0,0,0,0,0,0
AL,TEN,2011,10,9,20110825,1800,,TD,13.5N,32.1W,30,1008,0,0,0,0,0,0,0,0,0,0,0,0
AL,TEN,2011,10,9,20110826,0,,TD,13.9N,32.9W,30,1009,0,0,0,0,0,0,0,0,0,0,0,0
AL,TEN,2011,10,9,20110826,600,,TD,14.4N,33.3W,30,1009,0,0,0,0,0,0,0,0,0,0,0,0
AL,TEN,2011,10,9,20110826,1200,,TD,14.8N,33.5W,30,1009,0,0,0,0,0,0,0,0,0,0,0,0
AL,TEN,2011,10,9,20110826,1800,,TD,15.3N,33.7W,30,1009,0,0,0,0,0,0,0,0,0,0,0,0
AL,TEN,2011,10,9,20110827,0,,LO,15.8N,33.9W,25,1010,0,0,0,0,0,0,0,0,0,0,0,0
AL,JOSE,2011,11,13,20110826,1200,,LO,27.3N,59.0W,30,1016,0,0,0,0,0,0,0,0,0,0,0,0
AL,JOSE,2011,11,13,20110826,1800,,LO,27.4N,60.2W,30,1014,0,0,0,0,0,0,0,0,0,0,0,0
AL,JOSE,2011,11,13,20110827,0,,LO,27.5N,61.3W,30,1013,0,0,0,0,0,0,0,0,0,0,0,0
AL,JOSE,2011,11,13,20110827,600,,TD,27.7N,62.4W,30,1011,0,0,0,0,0,0,0,0,0,0,0,0
AL,JOSE,2011,11,13,20110827,1200,,TS,27.9N,63.4W,35,1008,15,0,0,15,0,0,0,0,0,0,0,0
AL,JOSE,2011,11,13,20110827,1800,,TS,28.3N,64.3W,35,1008,25,25,0,15,0,0,0,0,0,0,0,0
AL,JOSE,2011,11,13,20110828,0,,TS,29.1N,64.9W,35,1008,35,35,0,0,0,0,0,0,0,0,0,0
AL,JOSE,2011,11,13,20110828,600,,TS,29.8N,65.5W,40,1007,45,45,0,0,0,0,0,0,0,0,0,0
AL,JOSE,2011,11,13,20110828,1200,,TS,30.9N,65.7W,40,1006,45,45,0,0,0,0,0,0,0,0,0,0
AL,JOSE,2011,11,13,20110828,1800,,TS,32.4N,65.8W,40,1006,45,45,0,0,0,0,0,0,0,0,0,0
AL,JOSE,2011,11,13,20110829,0,,LO,34.2N,65.6W,40,1007,45,45,0,0,0,0,0,0,0,0,0,0
AL,JOSE,2011,11,13,20110829,600,,LO,36.2N,65.1W,35,1009,35,35,0,0,0,0,0,0,0,0,0,0
AL,JOSE,2011,11,13,20110829,1200,,LO,38.3N,63.8W,30,1012,0,0,0,0,0,0,0,0,0,0,0,0
AL,KATIA,2011,12,64,20110828,0,,LO,9.5N,19.0W,20,1012,0,0,0,0,0,0,0,0,0,0,0,0
AL,KATIA,2011,12,64,20110828,600,,LO,9.4N,20.3W,20,1011,0,0,0,0,0,0,0,0,0,0,0,0
AL,KATIA,2011,12,64,20110828,1200,,LO,9.3N,21.6W,25,1010,0,0,0,0,0,0,0,0,0,0,0,0
AL,KATIA,2011,12,64,20110828,1800,,LO,9.3N,22.9W,25,1009,0,0,0,0,0,0,0,0,0,0,0,0
AL,KATIA,2011,12,64,20110829,0,,LO,9.3N,24.2W,25,1009,0,0,0,0,0,0,0,0,0,0,0,0
AL,KATIA,2011,12,64,20110829,600,,TD,9.5N,25.6W,25,1009,0,0,0,0,0,0,0,0,0,0,0,0
AL,KATIA,2011,12,64,20110829,1200,,TD,9.9N,27.0W,30,1008,0,0,0,0,0,0,0,0,0,0,0,0
AL,KATIA,2011,12,64,20110829,1800,,TD,10.6N,28.2W,30,1008,0,0,0,0,0,0,0,0,0,0,0,0
AL,KATIA,2011,12,64,20110830,0,,TS,11.0N,29.6W,35,1006,30,0,0,30,0,0,0,0,0,0,0,0
AL,KATIA,2011,12,64,20110830,600,,TS,11.5N,31.1W,40,1004,30,0,0,30,0,0,0,0,0,0,0,0
AL,KATIA,2011,12,64,20110830,1200,,TS,12.0N,32.9W,45,1001,40,30,0,50,0,0,0,0,0,0,0,0
AL,KATIA,2011,12,64,20110830,1800,,TS,12.6N,34.6W,50,997,50,40,20,60,20,0,0,20,0,0,0,0
AL,KATIA,2011,12,64,20110831,0,,TS,13.1N,36.4W,50,997,60,40,20,70,20,0,0,20,0,0,0,0
AL,KATIA,2011,12,64,20110831,600,,TS,13.6N,38.2W,55,994,70,40,20,80,25,0,0,25,0,0,0,0
AL,KATIA,2011,12,64,20110831,1200,,TS,14.0N,40.0W,55,994,90,50,30,90,30,15,0,30,0,0,0,0
AL,KATIA,2011,12,64,20110831,1800,,TS,14.4N,41.8W,60,990,100,65,40,110,40,20,0,40,0,0,0,0
AL,KATIA,2011,12,64,20110901,0,,HU,14.8N,43.5W,65,988,110,80,50,110,50,40,0,50,20,0,0,20
AL,KATIA,2011,12,64,20110901,600,,HU,15.1N,45.2W,65,988,120,90,50,110,50,40,0,50,20,0,0,20
AL,KATIA,2011,12,64,20110901,1200,,HU,15.3N,46.9W,65,988,130,100,50,120,60,40,0,60,30,0,0,30
AL,KATIA,2011,12,64,20110901,1800,,HU,15.7N,48.5W,65,988,140,110,50,120,60,40,0,60,30,0,0,30
AL,KATIA,2011,12,64,20110902,0,,HU,16.2N,50.0W,65,988,140,120,50,120,70,60,0,70,30,0,0,30
AL,KATIA,2011,12,64,20110902,600,,HU,16.8N,51.2W,65,988,150,120,50,120,70,60,0,70,30,0,0,30
AL,KATIA,2011,12,64,20110902,1200,,HU,17.4N,52.1W,65,987,150,120,60,120,70,50,40,70,30,0,0,0
AL,KATIA,2011,12,64,20110902,1800,,HU,18.0N,53.0W,65,987,150,120,70,120,70,50,40,70,30,0,0,0
AL,KATIA,2011,12,64,20110903,0,,HU,18.4N,53.9W,65,987,150,120,70,120,70,50,40,70,30,0,0,0
AL,KATIA,2011,12,64,20110903,600,,HU,18.8N,54.7W,65,987,150,120,70,120,70,50,40,70,30,0,0,0
AL,KATIA,2011,12,64,20110903,1200,,HU,19.4N,55.4W,65,986,150,120,70,120,70,50,40,70,30,0,0,0
AL,KATIA,2011,12,64,20110903,1800,,HU,19.9N,56.2W,65,982,150,120,70,120,70,50,40,60,30,0,0,0
AL,KATIA,2011,12,64,20110904,0,,HU,20.4N,57.1W,70,978,150,120,70,120,70,50,40,60,30,0,0,0
AL,KATIA,2011,12,64,20110904,600,,HU,21.1N,57.9W,75,969,150,120,70,120,70,50,40,60,30,20,0,30
AL,KATIA,2011,12,64,20110904,1200,,HU,21.7N,58.8W,85,961,150,120,80,120,70,50,40,60,40,30,15,30
AL,KATIA,2011,12,64,20110904,1800,,HU,22.3N,59.7W,90,959,150,120,80,120,70,50,40,60,40,40,20,30
AL,KATIA,2011,12,64,20110905,0,,HU,23.0N,60.6W,90,957,150,120,90,130,70,50,40,60,40,40,20,30
AL,KATIA,2011,12,64,20110905,600,,HU,23.6N,61.6W,95,954,160,120,90,130,70,60,50,60,40,40,30,40
AL,KATIA,2011,12,64,20110905,1200,,HU,24.2N,62.6W,100,950,170,120,100,140,80,70,60,70,50,50,40,50
AL,KATIA,2011,12,64,20110905,1800,,HU,24.8N,63.4W,110,946,180,120,100,140,80,70,60,70,50,50,40,50
AL,KATIA,2011,12,64,20110906,0,,HU,25.6N,64.0W,120,942,180,120,110,140,80,70,60,70,50,50,40,50
AL,KATIA,2011,12,64,20110906,600,,HU,26.2N,64.8W,115,946,180,120,110,140,80,70,60,70,50,50,40,50
AL,KATIA,2011,12,64,20110906,1200,,HU,26.7N,65.6W,105,954,180,120,110,140,90,80,70,70,60,55,40,50
AL,KATIA,2011,12,64,20110906,1800,,HU,27.3N,66.2W,95,959,180,125,120,140,90,90,80,70,60,60,40,50
AL,KATIA,2011,12,64,20110907,0,,HU,27.7N,66.9W,85,964,180,130,120,150,100,90,80,70,60,60,40,50
AL,KATIA,2011,12,64,20110907,600,,HU,28.2N,67.6W,85,967,180,140,120,150,100,90,80,70,70,50,40,50
AL,KATIA,2011,12,64,20110907,1200,,HU,28.8N,68.4W,80,969,180,150,120,160,110,90,80,80,70,50,40,50
AL,KATIA,2011,12,64,20110907,1800,,HU,29.4N,69.3W,80,969,180,160,120,170,120,100,80,85,70,50,40,50
AL,KATIA,2011,12,64,20110908,0,,HU,30.3N,69.9W,80,968,190,170,150,180,130,100,80,90,70,60,40,60
AL,KATIA,2011,12,64,20110908,600,,HU,31.5N,70.1W,80,967,200,180,150,180,140,110,90,100,80,60,40,70
AL,KATIA,2011,12,64,20110908,1200,,HU,32.8N,70.2W,80,966,200,180,150,180,140,110,90,100,80,60,40,70
AL,KATIA,2011,12,64,20110908,1800,,HU,34.1N,70.0W,80,965,200,190,180,160,130,120,90,100,70,60,40,60
AL,KATIA,2011,12,64,20110909,0,,HU,35.6N,69.4W,80,964,200,200,180,160,120,120,100,100,60,60,40,50
AL,KATIA,2011,12,64,20110909,600,,HU,37.1N,68.4W,75,963,200,210,150,160,120,120,100,100,55,55,45,50
AL,KATIA,2011,12,64,20110909,1200,,HU,38.5N,67.1W,75,961,200,220,160,160,110,130,110,100,55,55,45,50
AL,KATIA,2011,12,64,20110909,1800,,HU,39.8N,64.6W,75,960,200,220,190,160,110,140,110,100,50,60,50,50
AL,KATIA,2011,12,64,20110910,0,,HU,41.0N,60.5W,75,958,200,230,220,160,100,150,120,100,50,60,60,50
AL,KATIA,2011,12,64,20110910,600,,HU,42.2N,56.1W,75,956,200,250,250,160,100,160,145,100,50,70,70,50
AL,KATIA,2011,12,64,20110910,1200,,EX,43.5N,50.6W,75,954,200,270,270,160,90,170,170,100,50,70,70,50
AL,KATIA,2011,12,64,20110910,1800,,EX,45.4N,43.7W,75,954,200,270,270,160,90,170,170,100,50,70,70,50
AL,KATIA,2011,12,64,20110911,0,,EX,47.3N,37.2W,70,957,200,270,270,160,90,170,170,100,50,70,70,50
AL,KATIA,2011,12,64,20110911,600,,EX,49.1N,31.3W,70,960,200,270,270,160,90,170,170,100,50,70,70,50
AL,KATIA,2011,12,64,20110911,1200,,EX,51.1N,26.0W,60,964,200,270,270,160,90,170,170,100,0,0,0,0
AL,KATIA,2011,12,64,20110911,1800,,EX,52.8N,21.1W,60,966,200,270,270,160,90,170,170,100,0,0,0,0
AL,KATIA,2011,12,64,20110912,0,,EX,54.7N,16.3W,60,968,200,270,270,160,90,170,170,100,0,0,0,0
AL,KATIA,2011,12,64,20110912,600,,EX,56.2N,11.6W,60,970,200,270,270,160,90,170,170,100,0,0,0,0
AL,KATIA,2011,12,64,20110912,1200,,EX,58.0N,7.0W,60,972,200,270,270,160,90,170,170,100,0,0,0,0
AL,KATIA,2011,12,64,20110912,1800,,EX,59.5N,0.0W,60,974,200,270,270,160,90,170,170,100,0,0,0,0
AL,UNNAMED,2011,20,14,20110831,1200,,LO,37.1N,64.3W,25,1013,0,0,0,0,0,0,0,0,0,0,0,0
AL,UNNAMED,2011,20,14,20110831,1800,,LO,37.1N,64.1W,25,1013,0,0,0,0,0,0,0,0,0,0,0,0
AL,UNNAMED,2011,20,14,20110901,0,,TD,37.3N,63.9W,25,1011,0,0,0,0,0,0,0,0,0,0,0,0
AL,UNNAMED,2011,20,14,20110901,600,,TD,37.4N,63.7W,30,1008,0,0,0,0,0,0,0,0,0,0,0,0
AL,UNNAMED,2011,20,14,20110901,1200,,TS,37.4N,63.7W,40,1004,60,0,0,60,0,0,0,0,0,0,0,0
AL,UNNAMED,2011,20,14,20110901,1800,,TS,37.4N,63.8W,35,1005,60,0,0,60,0,0,0,0,0,0,0,0
AL,UNNAMED,2011,20,14,20110902,0,,TS,37.5N,63.8W,35,1005,60,0,0,60,0,0,0,0,0,0,0,0
AL,UNNAMED,2011,20,14,20110902,600,,TS,37.8N,63.7W,40,1002,60,0,0,60,0,0,0,0,0,0,0,0
AL,UNNAMED,2011,20,14,20110902,1200,,TS,38.0N,62.8W,40,1002,60,50,0,0,0,0,0,0,0,0,0,0
AL,UNNAMED,2011,20,14,20110902,1800,,TS,39.0N,61.8W,35,1003,60,50,0,0,0,0,0,0,0,0,0,0
AL,UNNAMED,2011,20,14,20110903,0,,EX,40.0N,60.7W,30,1004,0,0,0,0,0,0,0,0,0,0,0,0
AL,UNNAMED,2011,20,14,20110903,600,,EX,41.0N,59.9W,30,1004,0,0,0,0,0,0,0,0,0,0,0,0
AL,UNNAMED,2011,20,14,20110903,1200,,EX,42.0N,59.2W,30,1004,0,0,0,0,0,0,0,0,0,0,0,0
AL,UNNAMED,2011,20,14,20110903,1800,,EX,42.4N,57.8W,30,1004,0,0,0,0,0,0,0,0,0,0,0,0
AL,LEE,2011,13,22,20110902,0,,TD,26.6N,91.4W,30,1007,0,0,0,0,0,0,0,0,0,0,0,0
AL,LEE,2011,13,22,20110902,600,,TD,26.9N,91.4W,30,1006,0,0,0,0,0,0,0,0,0,0,0,0
AL,LEE,2011,13,22,20110902,1200,,TS,27.2N,91.4W,35,1005,150,150,0,0,0,0,0,0,0,0,0,0
AL,LEE,2011,13,22,20110902,1800,,TS,27.5N,91.4W,40,1003,175,175,0,0,0,0,0,0,0,0,0,0
AL,LEE,2011,13,22,20110903,0,,TS,28.0N,91.5W,40,1001,175,175,0,90,0,0,0,0,0,0,0,0
AL,LEE,2011,13,22,20110903,600,,TS,28.5N,91.8W,45,997,175,175,0,90,0,0,0,0,0,0,0,0
AL,LEE,2011,13,22,20110903,1200,,SS,29.0N,92.0W,50,993,200,175,80,100,120,0,0,0,0,0,0,0
AL,LEE,2011,13,22,20110903,1800,,SS,29.2N,92.2W,45,989,200,175,120,100,0,0,0,0,0,0,0,0
AL,LEE,2011,13,22,20110904,0,,SS,29.4N,92.5W,40,988,225,200,130,75,0,0,0,0,0,0,0,0
AL,LEE,2011,13,22,20110904,600,,SS,29.5N,92.5W,40,986,225,225,130,60,0,0,0,0,0,0,0,0
AL,LEE,2011,13,22,20110904,900,T,SS,29.5N,92.2W,40,986,225,225,130,60,0,0,0,0,0,0,0,0
AL,LEE,2011,13,22,20110904,1030,L,SS,29.6N,92.1W,40,986,225,225,130,60,0,0,0,0,0,0,0,0
AL,LEE,2011,13,22,20110904,1200,,SS,29.7N,92.0W,35,986,200,250,130,45,0,0,0,0,0,0,0,0
AL,LEE,2011,13,22,20110904,1800,,SS,30.3N,91.8W,35,988,0,250,140,0,0,0,0,0,0,0,0,0
AL,LEE,2011,13,22,20110905,0,,SS,30.4N,91.6W,35,990,0,250,150,0,0,0,0,0,0,0,0,0
AL,LEE,2011,13,22,20110905,600,,EX,30.4N,91.4W,35,993,0,250,175,0,0,0,0,0,0,0,0,0
AL,LEE,2011,13,22,20110905,1200,,EX,30.6N,90.1W,40,995,0,250,250,0,0,0,0,0,0,0,0,0
AL,LEE,2011,13,22,20110905,1800,,EX,31.5N,88.3W,40,995,0,250,250,0,0,0,0,0,0,0,0,0
AL,LEE,2011,13,22,20110906,0,,EX,32.6N,86.5W,30,995,0,0,0,0,0,0,0,0,0,0,0,0
AL,LEE,2011,13,22,20110906,600,,EX,33.4N,85.3W,20,997,0,0,0,0,0,0,0,0,0,0,0,0
AL,LEE,2011,13,22,20110906,1200,,EX,34.2N,85.1W,15,1000,0,0,0,0,0,0,0,0,0,0,0,0
AL,LEE,2011,13,22,20110906,1800,,EX,34.9N,85.3W,15,1004,0,0,0,0,0,0,0,0,0,0,0,0
AL,MARIA,2011,14,42,20110906,1800,,TD,11.5N,35.9W,30,1008,0,0,0,0,0,0,0,0,0,0,0,0
AL,MARIA,2011,14,42,20110907,0,,TS,11.9N,37.5W,35,1007,60,0,0,0,0,0,0,0,0,0,0,0
AL,MARIA,2011,14,42,20110907,600,,TS,12.3N,39.1W,40,1006,60,0,0,0,0,0,0,0,0,0,0,0
AL,MARIA,2011,14,42,20110907,1200,,TS,12.8N,41.0W,45,1004,75,0,0,75,0,0,0,0,0,0,0,0
AL,MARIA,2011,14,42,20110907,1800,,TS,13.0N,43.0W,45,1004,90,0,0,75,0,0,0,0,0,0,0,0
AL,MARIA,2011,14,42,20110908,0,,TS,13.2N,45.2W,45,1003,100,0,0,90,0,0,0,0,0,0,0,0
AL,MARIA,2011,14,42,20110908,600,,TS,13.2N,47.7W,45,1002,150,0,0,90,0,0,0,0,0,0,0,0
AL,MARIA,2011,14,42,20110908,1200,,TS,13.0N,50.1W,40,1004,150,0,0,90,0,0,0,0,0,0,0,0
AL,MARIA,2011,14,42,20110908,1800,,TS,13.2N,52.1W,40,1004,135,0,0,90,0,0,0,0,0,0,0,0
AL,MARIA,2011,14,42,20110909,0,,TS,13.5N,53.7W,40,1004,135,0,0,90,0,0,0,0,0,0,0,0
AL,MARIA,2011,14,42,20110909,600,,TS,13.9N,55.2W,40,1003,135,0,0,100,0,0,0,0,0,0,0,0
AL,MARIA,2011,14,42,20110909,1200,,DB,14.3N,56.6W,45,1003,135,0,0,100,0,0,0,0,0,0,0,0
AL,MARIA,2011,14,42,20110909,1800,,DB,14.9N,57.9W,45,1004,135,60,0,100,0,0,0,0,0,0,0,0
AL,MARIA,2011,14,42,20110910,0,,DB,15.4N,59.0W,45,1004,150,135,0,100,0,0,0,0,0,0,0,0
AL,MARIA,2011,14,42,20110910,600,,DB,16.0N,60.0W,45,1005,150,90,0,100,0,0,0,0,0,0,0,0
AL,MARIA,2011,14,42,20110910,1200,,TS,16.9N,61.1W,45,1005,150,0,0,0,0,0,0,0,0,0,0,0
AL,MARIA,2011,14,42,20110910,1800,,TS,17.8N,62.0W,45,1005,150,0,0,0,0,0,0,0,0,0,0,0
AL,MARIA,2011,14,42,20110911,0,,TS,18.3N,62.7W,45,1005,180,0,0,75,0,0,0,0,0,0,0,0
AL,MARIA,2011,14,42,20110911,600,,TS,18.7N,63.4W,50,1004,180,0,0,75,90,0,0,0,0,0,0,0
AL,MARIA,2011,14,42,20110911,1200,,TS,19.1N,64.1W,50,1004,180,75,0,90,90,0,0,0,0,0,0,0
AL,MARIA,2011,14,42,20110911,1800,,TS,19.6N,64.7W,50,1005,180,100,0,90,100,0,0,0,0,0,0,0
AL,MARIA,2011,14,42,20110912,0,,TS,20.0N,65.3W,50,1005,180,100,0,90,100,0,0,0,0,0,0,0
AL,MARIA,2011,14,42,20110912,600,,TS,20.4N,66.1W,50,1005,180,100,0,90,100,0,0,0,0,0,0,0
AL,MARIA,2011,14,42,20110912,1200,,TS,20.6N,66.9W,50,1006,180,100,0,60,100,0,0,0,0,0,0,0
AL,MARIA,2011,14,42,20110912,1800,,TS,20.8N,67.1W,50,1006,180,180,0,60,100,0,0,0,0,0,0,0
AL,MARIA,2011,14,42,20110913,0,,TS,21.0N,67.3W,45,1006,210,180,0,60,0,0,0,0,0,0,0,0
AL,MARIA,2011,14,42,20110913,600,,TS,21.3N,67.5W,45,1006,180,180,0,0,0,0,0,0,0,0,0,0
AL,MARIA,2011,14,42,20110913,1200,,TS,21.7N,67.7W,45,1006,180,180,0,0,0,0,0,0,0,0,0,0
AL,MARIA,2011,14,42,20110913,1800,,TS,22.3N,68.0W,45,1005,150,150,0,0,0,0,0,0,0,0,0,0
AL,MARIA,2011,14,42,20110914,0,,TS,23.1N,68.5W,45,1004,150,150,0,60,0,0,0,0,0,0,0,0
AL,MARIA,2011,14,42,20110914,600,,TS,23.9N,69.0W,50,1001,150,150,0,60,60,0,0,0,0,0,0,0
AL,MARIA,2011,14,42,20110914,1200,,TS,24.7N,69.3W,50,1001,150,150,0,60,60,0,0,0,0,0,0,0
AL,MARIA,2011,14,42,20110914,1800,,TS,25.8N,69.3W,55,1000,150,150,0,0,60,60,0,0,0,0,0,0
AL,MARIA,2011,14,42,20110915,0,,TS,27.2N,68.9W,60,999,180,180,0,0,100,100,0,0,0,0,0,0
AL,MARIA,2011,14,42,20110915,600,,TS,28.8N,68.4W,60,995,180,180,0,0,100,100,0,0,0,0,0,0
AL,MARIA,2011,14,42,20110915,1200,,TS,30.9N,67.8W,60,991,180,180,0,0,100,100,0,0,0,0,0,0
AL,MARIA,2011,14,42,20110915,1800,,HU,33.7N,66.9W,65,987,180,180,60,60,100,100,0,0,0,40,0,0
AL,MARIA,2011,14,42,20110916,0,,HU,36.8N,64.8W,70,984,180,180,60,60,100,100,30,30,40,40,0,0
AL,MARIA,2011,14,42,20110916,600,,HU,39.8N,62.1W,70,983,180,180,60,60,100,100,30,30,40,40,0,0
AL,MARIA,2011,14,42,20110916,1200,,HU,42.9N,58.2W,65,983,180,240,60,60,100,100,0,0,0,60,0,0
AL,MARIA,2011,14,42,20110916,1800,,TS,46.7N,53.9W,60,983,300,270,60,60,150,120,0,0,0,0,0,0
AL,MARIA,2011,14,42,20110916,1830,L,TS,47.0N,53.5W,60,983,300,270,60,60,150,120,0,0,0,0,0,0
AL,NATE,2011,15,23,20110906,1800,,LO,20.3N,93.9W,30,1006,0,0,0,0,0,0,0,0,0,0,0,0
AL,NATE,2011,15,23,20110907,0,,LO,20.3N,93.7W,30,1006,0,0,0,0,0,0,0,0,0,0,0,0
AL,NATE,2011,15,23,20110907,600,,LO,20.3N,93.3W,30,1005,0,0,0,0,0,0,0,0,0,0,0,0
AL,NATE,2011,15,23,20110907,1200,,LO,20.3N,92.9W,35,1005,0,0,75,0,0,0,0,0,0,0,0,0
AL,NATE,2011,15,23,20110907,1800,,TS,20.3N,92.6W,40,1004,0,0,90,60,0,0,0,0,0,0,0,0
AL,NATE,2011,15,23,20110908,0,,TS,20.2N,92.5W,45,1003,0,90,90,60,0,0,0,0,0,0,0,0
AL,NATE,2011,15,23,20110908,600,,TS,20.1N,92.4W,50,1000,0,90,120,75,0,40,0,0,0,0,0,0
AL,NATE,2011,15,23,20110908,1200,,TS,19.9N,92.3W,55,997,45,90,120,75,0,40,75,0,0,0,0,0
AL,NATE,2011,15,23,20110908,1800,,HU,19.7N,92.3W,65,995,75,90,120,75,0,50,90,0,0,40,0,0
AL,NATE,2011,15,23,20110909,0,,HU,19.7N,92.1W,65,994,75,90,120,90,0,50,90,0,0,40,0,0
AL,NATE,2011,15,23,20110909,600,,TS,19.9N,92.2W,55,998,60,75,90,90,0,50,60,0,0,0,0,0
AL,NATE,2011,15,23,20110909,1200,,TS,20.0N,92.4W,50,999,60,75,90,90,0,50,60,0,0,0,0,0
AL,NATE,2011,15,23,20110909,1800,,TS,20.0N,92.7W,45,999,60,75,90,60,0,0,0,0,0,0,0,0
AL,NATE,2011,15,23,20110910,0,,TS,20.0N,93.0W,45,1000,60,75,90,60,0,0,0,0,0,0,0,0
AL,NATE,2011,15,23,20110910,600,,TS,20.0N,93.4W,45,1000,60,75,90,60,0,0,0,0,0,0,0,0
AL,NATE,2011,15,23,20110910,1200,,TS,20.1N,93.8W,50,1000,60,75,90,75,50,50,50,30,0,0,0,0
AL,NATE,2011,15,23,20110910,1800,,TS,20.1N,94.2W,55,1000,75,75,90,90,50,50,50,30,0,0,0,0
AL,NATE,2011,15,23,20110911,0,,TS,20.1N,94.7W,55,1000,75,75,90,90,50,50,50,30,0,0,0,0
AL,NATE,2011,15,23,20110911,600,,TS,20.0N,95.4W,50,1003,60,60,75,75,40,40,40,30,0,0,0,0
AL,NATE,2011,15,23,20110911,1200,,TS,20.3N,96.4W,40,1005,45,45,30,45,0,0,0,0,0,0,0,0
AL,NATE,2011,15,23,20110911,1600,L,TS,20.5N,97.0W,40,1006,45,45,30,45,0,0,0,0,0,0,0,0
AL,NATE,2011,15,23,20110911,1800,,TS,20.5N,97.2W,35,1009,45,45,0,0,0,0,0,0,0,0,0,0
AL,NATE,2011,15,23,20110912,0,,LO,20.5N,97.8W,25,1012,0,0,0,0,0,0,0,0,0,0,0,0
AL,OPHELIA,2011,16,59,20110920,600,,LO,11.6N,37.0W,25,1008,0,0,0,0,0,0,0,0,0,0,0,0
AL,OPHELIA,2011,16,59,20110920,1200,,LO,11.9N,37.7W,25,1007,0,0,0,0,0,0,0,0,0,0,0,0
AL,OPHELIA,2011,16,59,20110920,1800,,TD,12.2N,38.6W,30,1007,0,0,0,0,0,0,0,0,0,0,0,0
AL,OPHELIA,2011,16,59,20110921,0,,TS,12.5N,39.7W,40,1005,150,0,0,120,0,0,0,0,0,0,0,0
AL,OPHELIA,2011,16,59,20110921,600,,TS,12.7N,41.1W,45,1004,150,90,0,150,0,0,0,0,0,0,0,0
AL,OPHELIA,2011,16,59,20110921,1200,,TS,12.9N,42.6W,50,999,200,120,0,180,120,0,0,0,0,0,0,0
AL,OPHELIA,2011,16,59,20110921,1800,,TS,13.1N,44.1W,50,999,200,120,0,180,120,0,0,0,0,0,0,0
AL,OPHELIA,2011,16,59,20110922,0,,TS,13.3N,45.2W,50,998,200,120,0,180,120,0,0,0,0,0,0,0
AL,OPHELIA,2011,16,59,20110922,600,,TS,13.5N,46.3W,55,993,200,120,0,180,120,0,0,90,0,0,0,0
AL,OPHELIA,2011,16,59,20110922,1200,,TS,13.7N,47.3W,55,993,200,120,60,180,120,0,0,90,0,0,0,0
AL,OPHELIA,2011,16,59,20110922,1800,,TS,13.9N,48.3W,50,997,200,120,60,180,120,0,0,90,0,0,0,0
AL,OPHELIA,2011,16,59,20110923,0,,TS,14.1N,49.4W,45,1000,220,120,60,150,0,0,0,0,0,0,0,0
AL,OPHELIA,2011,16,59,20110923,600,,TS,14.4N,50.5W,40,1003,220,120,0,120,0,0,0,0,0,0,0,0
AL,OPHELIA,2011,16,59,20110923,1200,,TS,14.7N,51.7W,45,1003,220,120,0,100,0,0,0,0,0,0,0,0
AL,OPHELIA,2011,16,59,20110923,1800,,TS,15.2N,52.9W,50,1001,220,100,0,100,60,0,0,0,0,0,0,0
AL,OPHELIA,2011,16,59,20110924,0,,TS,15.8N,54.0W,45,1004,220,100,0,100,0,0,0,0,0,0,0,0
AL,OPHELIA,2011,16,59,20110924,600,,TS,16.5N,54.8W,45,1005,220,100,0,100,0,0,0,0,0,0,0,0
AL,OPHELIA,2011,16,59,20110924,1200,,TS,17.2N,55.9W,45,1005,220,100,0,100,0,0,0,0,0,0,0,0
AL,OPHELIA,2011,16,59,20110924,1800,,TS,17.6N,57.0W,40,1007,220,100,0,100,0,0,0,0,0,0,0,0
AL,OPHELIA,2011,16,59,20110925,0,,TS,17.9N,58.0W,40,1008,220,100,0,100,0,0,0,0,0,0,0,0
AL,OPHELIA,2011,16,59,20110925,600,,TS,18.2N,59.0W,35,1008,200,100,0,0,0,0,0,0,0,0,0,0
AL,OPHELIA,2011,16,59,20110925,1200,,LO,18.4N,59.8W,30,1010,0,0,0,0,0,0,0,0,0,0,0,0
AL,OPHELIA,2011,16,59,20110925,1800,,LO,18.6N,60.5W,30,1012,0,0,0,0,0,0,0,0,0,0,0,0
AL,OPHELIA,2011,16,59,20110926,0,,DB,18.5N,60.8W,25,1012,0,0,0,0,0,0,0,0,0,0,0,0
AL,OPHELIA,2011,16,59,20110926,600,,DB,18.3N,60.7W,25,1012,0,0,0,0,0,0,0,0,0,0,0,0
AL,OPHELIA,2011,16,59,20110926,1200,,DB,18.0N,60.5W,25,1012,0,0,0,0,0,0,0,0,0,0,0,0
AL,OPHELIA,2011,16,59,20110926,1800,,DB,17.8N,60.2W,25,1012,0,0,0,0,0,0,0,0,0,0,0,0
AL,OPHELIA,2011,16,59,20110927,0,,DB,17.6N,59.9W,25,1012,0,0,0,0,0,0,0,0,0,0,0,0
AL,OPHELIA,2011,16,59,20110927,600,,DB,17.6N,59.5W,25,1012,0,0,0,0,0,0,0,0,0,0,0,0
AL,OPHELIA,2011,16,59,20110927,1200,,TD,17.8N,59.3W,25,1010,0,0,0,0,0,0,0,0,0,0,0,0
AL,OPHELIA,2011,16,59,20110927,1800,,TD,18.0N,59.4W,25,1009,0,0,0,0,0,0,0,0,0,0,0,0
AL,OPHELIA,2011,16,59,20110928,0,,TD,18.1N,59.5W,30,1009,0,0,0,0,0,0,0,0,0,0,0,0
AL,OPHELIA,2011,16,59,20110928,600,,TS,18.2N,59.6W,40,1005,60,60,0,0,0,0,0,0,0,0,0,0
AL,OPHELIA,2011,16,59,20110928,1200,,TS,18.4N,59.8W,40,1001,75,75,0,30,0,0,0,0,0,0,0,0
AL,OPHELIA,2011,16,59,20110928,1800,,TS,18.7N,60.1W,45,1001,75,75,0,45,0,0,0,0,0,0,0,0
AL,OPHELIA,2011,16,59,20110929,0,,TS,19.1N,60.5W,50,995,90,75,0,75,50,0,0,0,0,0,0,0
AL,OPHELIA,2011,16,59,20110929,600,,TS,19.6N,60.9W,55,995,90,75,0,75,50,0,0,0,0,0,0,0
AL,OPHELIA,2011,16,59,20110929,1200,,TS,20.2N,61.4W,55,991,90,75,0,75,50,0,0,0,0,0,0,0
AL,OPHELIA,2011,16,59,20110929,1800,,HU,21.0N,61.9W,65,987,120,90,60,75,50,30,0,30,25,0,0,0
AL,OPHELIA,2011,16,59,20110930,0,,HU,21.6N,62.3W,70,982,150,120,60,90,50,40,30,40,25,20,0,20
AL,OPHELIA,2011,16,59,20110930,600,,HU,22.4N,62.7W,85,971,150,150,60,90,60,50,40,40,25,25,20,20
AL,OPHELIA,2011,16,59,20110930,1200,,HU,23.4N,63.0W,95,966,150,150,60,90,60,50,40,40,25,25,20,20
AL,OPHELIA,2011,16,59,20110930,1800,,HU,24.6N,63.3W,100,959,150,150,60,90,60,50,40,40,25,25,20,20
AL,OPHELIA,2011,16,59,20111001,0,,HU,25.9N,63.3W,105,955,180,180,60,90,60,60,40,40,30,30,20,20
AL,OPHELIA,2011,16,59,20111001,600,,HU,27.3N,63.2W,105,951,180,180,80,90,60,60,40,40,30,30,20,20
AL,OPHELIA,2011,16,59,20111001,1200,,HU,28.9N,63.1W,105,948,180,180,80,90,60,60,40,40,30,30,20,20
AL,OPHELIA,2011,16,59,20111001,1800,,HU,30.7N,62.9W,110,946,180,180,80,90,60,60,40,40,30,30,20,20
AL,OPHELIA,2011,16,59,20111002,0,,HU,32.8N,62.5W,120,940,180,180,80,90,60,60,40,40,30,30,20,20
AL,OPHELIA,2011,16,59,20111002,600,,HU,35.0N,62.1W,110,945,180,180,80,90,60,60,40,40,30,30,20,20
AL,OPHELIA,2011,16,59,20111002,1200,,HU,37.4N,61.6W,105,951,180,180,80,90,60,60,40,40,30,30,20,20
AL,OPHELIA,2011,16,59,20111002,1800,,HU,40.1N,60.8W,90,960,180,200,80,90,70,80,40,40,40,40,20,20
AL,OPHELIA,2011,16,59,20111003,0,,HU,42.8N,59.6W,70,972,180,200,100,90,70,80,30,30,40,40,0,20
AL,OPHELIA,2011,16,59,20111003,600,,TS,45.4N,57.6W,60,980,180,200,120,60,70,100,0,0,0,0,0,0
AL,OPHELIA,2011,16,59,20111003,1000,S,EX,46.9N,55.4W,60,990,180,200,120,60,70,100,0,0,0,0,0,0
AL,OPHELIA,2011,16,59,20111003,1200,,EX,47.4N,54.0W,50,994,150,250,150,60,70,100,0,0,0,0,0,0
AL,OPHELIA,2011,16,59,20111003,1800,,EX,48.9N,49.2W,45,994,150,250,175,60,0,0,0,0,0,0,0,0
AL,OPHELIA,2011,16,59,20111004,0,,EX,49.9N,43.6W,40,994,0,250,0,0,0,0,0,0,0,0,0,0
AL,OPHELIA,2011,16,59,20111004,600,,EX,50.6N,37.8W,40,996,0,250,0,0,0,0,0,0,0,0,0,0
AL,OPHELIA,2011,16,59,20111004,1200,,EX,51.3N,31.9W,40,996,0,250,0,0,0,0,0,0,0,0,0,0
AL,PHILIPPE,2011,17,65,20110923,0,,LO,8.3N,17.5W,20,1010,0,0,0,0,0,0,0,0,0,0,0,0
AL,PHILIPPE,2011,17,65,20110923,600,,LO,8.6N,19.1W,20,1010,0,0,0,0,0,0,0,0,0,0,0,0
AL,PHILIPPE,2011,17,65,20110923,1200,,LO,9.0N,20.6W,25,1010,0,0,0,0,0,0,0,0,0,0,0,0
AL,PHILIPPE,2011,17,65,20110923,1800,,LO,9.5N,22.0W,25,1009,0,0,0,0,0,0,0,0,0,0,0,0
AL,PHILIPPE,2011,17,65,20110924,0,,LO,10.4N,23.3W,30,1008,0,0,0,0,0,0,0,0,0,0,0,0
AL,PHILIPPE,2011,17,65,20110924,600,,TD,11.0N,24.7W,30,1007,0,0,0,0,0,0,0,0,0,0,0,0
AL,PHILIPPE,2011,17,65,20110924,1200,,TS,11.1N,26.1W,35,1006,30,0,0,30,0,0,0,0,0,0,0,0
AL,PHILIPPE,2011,17,65,20110924,1800,,TS,11.2N,27.3W,35,1006,30,0,0,30,0,0,0,0,0,0,0,0
AL,PHILIPPE,2011,17,65,20110925,0,,TS,11.5N,28.4W,35,1006,30,0,0,45,0,0,0,0,0,0,0,0
AL,PHILIPPE,2011,17,65,20110925,600,,TS,12.1N,29.4W,40,1006,45,30,30,45,0,0,0,0,0,0,0,0
AL,PHILIPPE,2011,17,65,20110925,1200,,TS,12.7N,30.3W,40,1006,45,30,30,45,0,0,0,0,0,0,0,0
AL,PHILIPPE,2011,17,65,20110925,1800,,TS,13.2N,31.2W,45,1005,45,30,45,60,0,0,0,0,0,0,0,0
AL,PHILIPPE,2011,17,65,20110926,0,,TS,13.8N,32.1W,45,1005,60,45,45,60,0,0,0,0,0,0,0,0
AL,PHILIPPE,2011,17,65,20110926,600,,TS,14.4N,33.0W,45,1004,60,45,45,60,0,0,0,0,0,0,0,0
AL,PHILIPPE,2011,17,65,20110926,1200,,TS,14.9N,33.6W,50,1003,60,45,45,60,25,20,0,20,0,0,0,0
AL,PHILIPPE,2011,17,65,20110926,1800,,TS,15.3N,34.1W,50,1003,60,60,45,60,30,20,0,30,0,0,0,0
AL,PHILIPPE,2011,17,65,20110927,0,,TS,15.4N,34.4W,45,1004,75,60,60,45,0,0,0,0,0,0,0,0
AL,PHILIPPE,2011,17,65,20110927,600,,TS,15.5N,34.7W,45,1004,75,75,60,45,0,0,0,0,0,0,0,0
AL,PHILIPPE,2011,17,65,20110927,1200,,TS,15.6N,35.2W,40,1005,75,60,45,45,0,0,0,0,0,0,0,0
AL,PHILIPPE,2011,17,65,20110927,1800,,TS,15.7N,35.8W,35,1006,75,45,0,45,0,0,0,0,0,0,0,0
AL,PHILIPPE,2011,17,65,20110928,0,,TD,15.8N,36.6W,30,1007,0,0,0,0,0,0,0,0,0,0,0,0
AL,PHILIPPE,2011,17,65,20110928,600,,TD,16.0N,37.4W,30,1007,0,0,0,0,0,0,0,0,0,0,0,0
AL,PHILIPPE,2011,17,65,20110928,1200,,TS,16.2N,38.4W,35,1006,90,60,0,45,0,0,0,0,0,0,0,0
AL,PHILIPPE,2011,17,65,20110928,1800,,TS,16.6N,39.4W,40,1005,90,60,0,45,0,0,0,0,0,0,0,0
AL,PHILIPPE,2011,17,65,20110929,0,,TS,17.1N,40.5W,40,1005,90,60,0,45,0,0,0,0,0,0,0,0
AL,PHILIPPE,2011,17,65,20110929,600,,TS,17.8N,41.5W,45,1004,90,60,0,45,0,0,0,0,0,0,0,0
AL,PHILIPPE,2011,17,65,20110929,1200,,TS,18.7N,42.3W,45,1004,90,45,0,45,0,0,0,0,0,0,0,0
AL,PHILIPPE,2011,17,65,20110929,1800,,TS,19.7N,43.0W,45,1005,90,45,0,60,0,0,0,0,0,0,0,0
AL,PHILIPPE,2011,17,65,20110930,0,,TS,20.7N,43.6W,40,1007,90,30,0,60,0,0,0,0,0,0,0,0
AL,PHILIPPE,2011,17,65,20110930,600,,TS,21.7N,44.2W,40,1007,75,30,0,60,0,0,0,0,0,0,0,0
AL,PHILIPPE,2011,17,65,20110930,1200,,TS,22.5N,44.8W,45,1006,75,30,30,60,0,0,0,0,0,0,0,0
AL,PHILIPPE,2011,17,65,20110930,1800,,TS,23.2N,45.6W,45,1005,75,30,30,60,0,0,0,0,0,0,0,0
AL,PHILIPPE,2011,17,65,20111001,0,,TS,23.8N,46.3W,50,1003,75,30,30,60,25,0,0,25,0,0,0,0
AL,PHILIPPE,2011,17,65,20111001,600,,TS,24.1N,47.0W,55,999,75,45,30,75,25,0,0,25,0,0,0,0
AL,PHILIPPE,2011,17,65,20111001,1200,,TS,24.4N,47.6W,60,997,90,45,45,75,25,0,0,25,0,0,0,0
AL,PHILIPPE,2011,17,65,20111001,1800,,TS,24.8N,48.4W,60,995,90,60,45,90,25,0,0,25,0,0,0,0
AL,PHILIPPE,2011,17,65,20111002,0,,TS,25.2N,49.3W,60,993,90,75,45,90,35,30,0,35,0,0,0,0
AL,PHILIPPE,2011,17,65,20111002,600,,TS,25.8N,50.3W,50,998,90,75,45,90,35,30,0,35,0,0,0,0
AL,PHILIPPE,2011,17,65,20111002,1200,,TS,26.2N,51.2W,40,1004,90,75,45,90,0,0,0,0,0,0,0,0
AL,PHILIPPE,2011,17,65,20111002,1800,,TS,26.3N,52.3W,40,1004,90,75,60,90,0,0,0,0,0,0,0,0
AL,PHILIPPE,2011,17,65,20111003,0,,TS,26.2N,53.2W,45,1004,90,75,60,90,0,0,0,0,0,0,0,0
AL,PHILIPPE,2011,17,65,20111003,600,,TS,25.6N,54.0W,50,1001,90,75,45,75,25,20,0,20,0,0,0,0
AL,PHILIPPE,2011,17,65,20111003,1200,,TS,24.9N,54.8W,55,998,90,75,45,60,25,20,0,20,0,0,0,0
AL,PHILIPPE,2011,17,65,20111003,1800,,TS,24.3N,55.6W,60,995,90,75,45,60,25,20,0,20,0,0,0,0
AL,PHILIPPE,2011,17,65,20111004,0,,HU,23.8N,56.6W,65,992,90,75,45,60,30,30,0,20,20,15,0,10
AL,PHILIPPE,2011,17,65,20111004,600,,HU,23.7N,57.7W,65,992,90,75,45,60,30,30,0,20,20,15,0,10
AL,PHILIPPE,2011,17,65,20111004,1200,,TS,23.8N,58.7W,60,993,75,75,45,45,30,30,0,25,0,0,0,0
AL,PHILIPPE,2011,17,65,20111004,1800,,TS,24.0N,59.6W,60,994,75,75,30,45,30,30,0,25,0,0,0,0
AL,PHILIPPE,2011,17,65,20111005,0,,TS,24.3N,60.2W,60,994,75,75,30,30,35,30,10,25,0,0,0,0
AL,PHILIPPE,2011,17,65,20111005,600,,TS,24.7N,60.7W,60,994,75,75,30,30,35,30,10,25,0,0,0,0
AL,PHILIPPE,2011,17,65,20111005,1200,,TS,25.2N,61.0W,55,995,75,75,45,45,35,35,15,25,0,0,0,0
AL,PHILIPPE,2011,17,65,20111005,1800,,TS,25.5N,61.1W,55,995,75,75,45,45,40,35,20,25,0,0,0,0
AL,PHILIPPE,2011,17,65,20111006,0,,TS,25.9N,61.1W,60,992,75,75,45,45,40,40,20,30,0,0,0,0
AL,PHILIPPE,2011,17,65,20111006,600,,HU,26.5N,61.0W,65,987,75,75,45,45,40,40,25,30,20,20,0,0
AL,PHILIPPE,2011,17,65,20111006,1200,,HU,27.4N,60.4W,70,983,75,75,45,45,40,45,30,30,20,20,0,0
AL,PHILIPPE,2011,17,65,20111006,1800,,HU,28.2N,59.7W,80,977,60,75,60,60,45,45,30,30,20,20,15,10
AL,PHILIPPE,2011,17,65,20111007,0,,HU,28.7N,58.8W,80,976,60,75,60,75,45,45,35,35,25,25,20,15
AL,PHILIPPE,2011,17,65,20111007,600,,HU,29.0N,57.7W,80,976,60,75,75,75,45,45,35,35,25,30,20,20
AL,PHILIPPE,2011,17,65,20111007,1200,,HU,29.3N,56.5W,80,977,75,90,75,75,40,45,35,35,30,30,20,20
AL,PHILIPPE,2011,17,65,20111007,1800,,HU,29.7N,55.1W,70,981,75,90,75,75,40,45,35,35,25,25,15,15
AL,PHILIPPE,2011,17,65,20111008,0,,HU,30.1N,53.5W,65,986,60,90,75,75,35,45,30,30,20,20,10,0
AL,PHILIPPE,2011,17,65,20111008,600,,TS,30.9N,51.4W,60,987,60,90,75,75,30,40,25,25,0,0,0,0
AL,PHILIPPE,2011,17,65,20111008,1200,,TS,32.3N,48.7W,60,987,75,90,75,75,30,35,10,20,0,0,0,0
AL,PHILIPPE,2011,17,65,20111008,1800,,EX,34.4N,46.0W,50,987,75,135,75,105,30,30,0,15,0,0,0,0
AL,PHILIPPE,2011,17,65,20111009,0,,EX,37.5N,43.6W,45,987,90,180,90,150,0,0,0,0,0,0,0,0
AL,RINA,2011,18,31,20111022,0,,LO,12.7N,81.0W,25,1007,0,0,0,0,0,0,0,0,0,0,0,0
AL,RINA,2011,18,31,20111022,600,,LO,12.7N,81.2W,25,1007,0,0,0,0,0,0,0,0,0,0,0,0
AL,RINA,2011,18,31,20111022,1200,,LO,12.9N,81.4W,25,1006,0,0,0,0,0,0,0,0,0,0,0,0
AL,RINA,2011,18,31,20111022,1800,,LO,13.2N,81.4W,25,1006,0,0,0,0,0,0,0,0,0,0,0,0
AL,RINA,2011,18,31,20111023,0,,LO,13.6N,81.4W,25,1006,0,0,0,0,0,0,0,0,0,0,0,0
AL,RINA,2011,18,31,20111023,600,,TD,14.2N,81.4W,25,1006,0,0,0,0,0,0,0,0,0,0,0,0
AL,RINA,2011,18,31,20111023,1200,,TD,14.8N,81.5W,25,1006,0,0,0,0,0,0,0,0,0,0,0,0
AL,RINA,2011,18,31,20111023,1800,,TD,15.5N,81.7W,30,1005,0,0,0,0,0,0,0,0,0,0,0,0
AL,RINA,2011,18,31,20111024,0,,TS,16.0N,81.9W,35,1004,0,0,60,60,0,0,0,0,0,0,0,0
AL,RINA,2011,18,31,20111024,600,,TS,16.5N,82.2W,40,1003,0,0,60,80,0,0,0,0,0,0,0,0
AL,RINA,2011,18,31,20111024,1200,,TS,16.9N,82.6W,50,1001,60,40,60,80,25,0,0,35,0,0,0,0
AL,RINA,2011,18,31,20111024,1800,,HU,17.1N,83.0W,65,991,60,60,75,100,25,20,25,35,15,10,0,15
AL,RINA,2011,18,31,20111025,0,,HU,17.2N,83.2W,75,982,60,60,75,100,25,20,25,35,15,10,0,15
AL,RINA,2011,18,31,20111025,600,,HU,17.3N,83.5W,90,976,60,60,75,100,25,25,25,25,15,10,10,15
AL,RINA,2011,18,31,20111025,1200,,HU,17.3N,83.8W,95,972,60,60,75,100,25,25,25,25,15,10,10,15
AL,RINA,2011,18,31,20111025,1800,,HU,17.3N,84.2W,100,971,75,75,75,100,35,35,35,35,20,20,20,20
AL,RINA,2011,18,31,20111026,0,,HU,17.4N,84.6W,100,966,75,75,75,100,35,50,45,35,20,20,20,25
AL,RINA,2011,18,31,20111026,600,,HU,17.5N,85.0W,100,969,80,80,80,100,50,50,50,50,20,20,20,25
AL,RINA,2011,18,31,20111026,1200,,HU,17.7N,85.4W,85,973,80,80,80,100,50,50,50,50,20,20,20,20
AL,RINA,2011,18,31,20111026,1800,,HU,18.0N,85.8W,80,976,70,90,80,70,40,40,40,40,15,15,15,15
AL,RINA,2011,18,31,20111027,0,,HU,18.3N,86.3W,80,978,70,90,80,70,40,40,40,40,15,15,15,15
AL,RINA,2011,18,31,20111027,600,,HU,18.6N,86.7W,65,987,60,75,60,60,25,25,25,25,15,15,15,15
AL,RINA,2011,18,31,20111027,1200,,TS,19.0N,86.9W,60,988,60,75,60,60,25,25,25,25,0,0,0,0
AL,RINA,2011,18,31,20111027,1800,,TS,19.5N,87.1W,60,991,60,60,50,60,20,20,20,20,0,0,0,0
AL,RINA,2011,18,31,20111028,0,,TS,20.2N,87.2W,55,996,60,60,25,40,20,20,0,0,0,0,0,0
AL,RINA,2011,18,31,20111028,200,L,TS,20.5N,87.2W,50,996,60,60,25,40,20,20,0,0,0,0,0,0
AL,RINA,2011,18,31,20111028,600,,TS,20.9N,87.1W,50,998,60,60,20,30,20,20,0,0,0,0,0,0
AL,RINA,2011,18,31,20111028,1200,,TS,21.4N,86.9W,40,1002,35,35,0,0,0,0,0,0,0,0,0,0
AL,RINA,2011,18,31,20111028,1800,,LO,21.7N,86.4W,25,1007,0,0,0,0,0,0,0,0,0,0,0,0
AL,RINA,2011,18,31,20111029,0,,LO,21.8N,85.3W,20,1008,0,0,0,0,0,0,0,0,0,0,0,0
AL,RINA,2011,18,31,20111029,600,,LO,21.5N,84.2W,20,1008,0,0,0,0,0,0,0,0,0,0,0,0
AL,SEAN,2011,19,28,20111106,0,,EX,28.5N,70.0W,45,1005,400,0,0,0,0,0,0,0,0,0,0,0
AL,SEAN,2011,19,28,20111106,600,,EX,28.5N,69.2W,45,1005,400,0,0,0,0,0,0,0,0,0,0,0
AL,SEAN,2011,19,28,20111106,1200,,EX,28.4N,68.8W,45,1005,400,0,0,0,0,0,0,0,0,0,0,0
AL,SEAN,2011,19,28,20111106,1800,,EX,28.0N,68.5W,45,1005,400,0,0,0,0,0,0,0,0,0,0,0
AL,SEAN,2011,19,28,20111107,0,,EX,27.9N,68.6W,45,1005,350,0,0,0,0,0,0,0,0,0,0,0
AL,SEAN,2011,19,28,20111107,600,,EX,27.7N,68.7W,40,1005,350,0,0,0,0,0,0,0,0,0,0,0
AL,SEAN,2011,19,28,20111107,1200,,EX,27.5N,69.0W,40,1005,350,0,0,0,0,0,0,0,0,0,0,0
AL,SEAN,2011,19,28,20111107,1800,,LO,27.6N,69.3W,40,1004,350,0,0,0,0,0,0,0,0,0,0,0
AL,SEAN,2011,19,28,20111108,0,,LO,27.6N,69.6W,40,1002,350,0,0,0,0,0,0,0,0,0,0,0
AL,SEAN,2011,19,28,20111108,600,,SS,27.7N,69.8W,40,1001,300,0,150,330,0,0,0,0,0,0,0,0
AL,SEAN,2011,19,28,20111108,1200,,SS,27.8N,70.0W,45,1000,300,120,150,330,0,0,0,0,0,0,0,0
AL,SEAN,2011,19,28,20111108,1800,,TS,27.8N,70.0W,45,999,200,120,150,200,0,0,0,0,0,0,0,0
AL,SEAN,2011,19,28,20111109,0,,TS,27.8N,70.1W,45,999,240,120,120,240,0,0,0,0,0,0,0,0
AL,SEAN,2011,19,28,20111109,600,,TS,27.8N,70.2W,50,996,250,120,120,250,60,0,0,0,0,0,0,0
AL,SEAN,2011,19,28,20111109,1200,,TS,27.9N,70.4W,55,994,250,120,120,250,60,0,0,0,0,0,0,0
AL,SEAN,2011,19,28,20111109,1800,,TS,28.3N,70.6W,55,991,250,120,120,200,60,60,0,40,0,0,0,0
AL,SEAN,2011,19,28,20111110,0,,TS,29.0N,70.7W,55,987,220,120,120,200,60,60,0,40,0,0,0,0
AL,SEAN,2011,19,28,20111110,600,,TS,29.7N,70.9W,55,984,220,120,90,120,45,45,0,0,0,0,0,0
AL,SEAN,2011,19,28,20111110,1200,,TS,30.2N,70.7W,55,982,220,120,90,120,45,45,0,0,0,0,0,0
AL,SEAN,2011,19,28,20111110,1800,,TS,30.5N,70.0W,55,983,220,135,90,120,35,35,0,0,0,0,0,0
AL,SEAN,2011,19,28,20111111,0,,TS,31.0N,69.0W,55,984,220,135,90,120,35,35,0,0,0,0,0,0
AL,SEAN,2011,19,28,20111111,600,,TS,32.2N,67.2W,50,987,150,120,100,60,30,30,0,0,0,0,0,0
AL,SEAN,2011,19,28,20111111,1200,,TS,33.4N,65.3W,45,991,150,120,100,60,0,0,0,0,0,0,0,0
AL,SEAN,2011,19,28,20111111,1800,,TS,34.8N,62.6W,40,995,150,120,75,60,0,0,0,0,0,0,0,0
AL,SEAN,2011,19,28,20111112,0,,EX,35.9N,59.4W,35,1000,150,120,0,0,0,0,0,0,0,0,0,0
AL,SEAN,2011,19,28,20111112,600,,EX,38.0N,57.2W,35,1000,150,120,0,0,0,0,0,0,0,0,0,0
AL,SEAN,2011,19,28,20111112,1200,,EX,40.0N,55.0W,35,1000,150,120,0,0,0,0,0,0,0,0,0,0
AL,SEAN,2011,19,28,20111112,1800,,EX,42.5N,52.4W,35,1000,150,120,0,0,0,0,0,0,0,0,0,0
AL,ALBERTO,2012,1,20,20120519,0,,LO,33.1N,77.0W,25,1010,0,0,0,0,0,0,0,0,0,0,0,0
AL,ALBERTO,2012,1,20,20120519,600,,TD,32.8N,77.1W,30,1008,0,0,0,0,0,0,0,0,0,0,0,0
AL,ALBERTO,2012,1,20,20120519,1200,,TS,32.5N,77.3W,40,1005,30,0,30,30,0,0,0,0,0,0,0,0
AL,ALBERTO,2012,1,20,20120519,1800,,TS,32.3N,77.6W,45,997,40,0,30,40,0,0,0,0,0,0,0,0
AL,ALBERTO,2012,1,20,20120520,0,,TS,32.1N,78.1W,50,995,40,0,30,40,0,0,0,20,0,0,0,0
AL,ALBERTO,2012,1,20,20120520,600,,TS,31.9N,78.7W,45,998,40,0,0,60,0,0,0,0,0,0,0,0
AL,ALBERTO,2012,1,20,20120520,1200,,TS,31.5N,79.5W,40,1000,40,0,0,60,0,0,0,0,0,0,0,0
AL,ALBERTO,2012,1,20,20120520,1800,,TS,31.1N,79.9W,40,1005,40,20,30,60,0,0,0,0,0,0,0,0
AL,ALBERTO,2012,1,20,20120521,0,,TS,30.7N,80.1W,35,1007,40,20,30,60,0,0,0,0,0,0,0,0
AL,ALBERTO,2012,1,20,20120521,600,,TS,30.4N,79.8W,35,1007,40,20,30,50,0,0,0,0,0,0,0,0
AL,ALBERTO,2012,1,20,20120521,1200,,TS,30.4N,79.1W,35,1007,40,20,30,50,0,0,0,0,0,0,0,0
AL,ALBERTO,2012,1,20,20120521,1800,,TS,30.5N,78.3W,35,1006,40,30,30,30,0,0,0,0,0,0,0,0
AL,ALBERTO,2012,1,20,20120522,0,,TS,30.7N,77.1W,35,1007,40,30,0,0,0,0,0,0,0,0,0,0
AL,ALBERTO,2012,1,20,20120522,600,,TS,31.5N,76.1W,35,1007,40,30,0,0,0,0,0,0,0,0,0,0
AL,ALBERTO,2012,1,20,20120522,1200,,LO,32.5N,74.7W,30,1008,0,0,0,0,0,0,0,0,0,0,0,0
AL,ALBERTO,2012,1,20,20120522,1800,,LO,33.4N,73.4W,30,1008,0,0,0,0,0,0,0,0,0,0,0,0
AL,ALBERTO,2012,1,20,20120523,0,,LO,34.1N,71.9W,25,1010,0,0,0,0,0,0,0,0,0,0,0,0
AL,ALBERTO,2012,1,20,20120523,600,,LO,34.9N,70.1W,25,1011,0,0,0,0,0,0,0,0,0,0,0,0
AL,ALBERTO,2012,1,20,20120523,1200,,LO,35.5N,67.9W,25,1012,0,0,0,0,0,0,0,0,0,0,0,0
AL,ALBERTO,2012,1,20,20120523,1800,,LO,35.9N,66.0W,25,1012,0,0,0,0,0,0,0,0,0,0,0,0
AL,BERYL,2012,2,33,20120525,1200,,LO,30.1N,76.1W,30,1010,0,0,0,0,0,0,0,0,0,0,0,0
AL,BERYL,2012,2,33,20120525,1800,,LO,31.1N,75.1W,35,1006,80,120,0,0,0,0,0,0,0,0,0,0
AL,BERYL,2012,2,33,20120526,0,,SS,32.3N,75.0W,40,1001,100,100,0,100,0,0,0,0,0,0,0,0
AL,BERYL,2012,2,33,20120526,600,,SS,32.4N,75.3W,40,1001,100,60,40,100,0,0,0,0,0,0,0,0
AL,BERYL,2012,2,33,20120526,1200,,SS,32.0N,75.9W,40,1000,100,60,40,100,0,0,0,0,0,0,0,0
AL,BERYL,2012,2,33,20120526,1800,,SS,31.5N,76.2W,40,999,100,60,60,100,0,0,0,0,0,0,0,0
AL,BERYL,2012,2,33,20120527,0,,SS,31.1N,77.0W,45,998,80,50,50,80,0,0,0,0,0,0,0,0
AL,BERYL,2012,2,33,20120527,600,,SS,30.7N,78.0W,45,998,80,50,50,80,0,0,0,0,0,0,0,0
AL,BERYL,2012,2,33,20120527,1200,,SS,30.3N,78.9W,50,998,80,80,60,80,50,0,0,0,0,0,0,0
AL,BERYL,2012,2,33,20120527,1800,,TS,30.1N,79.8W,55,997,100,100,60,80,50,0,0,0,0,0,0,0
AL,BERYL,2012,2,33,20120527,2300,I,TS,30.1N,80.5W,60,992,100,100,60,80,50,0,30,30,0,0,0,0
AL,BERYL,2012,2,33,20120528,0,,TS,30.1N,80.7W,60,993,100,100,40,80,40,0,30,30,0,0,0,0
AL,BERYL,2012,2,33,20120528,410,L,TS,30.2N,81.4W,55,994,100,100,20,80,40,0,0,30,0,0,0,0
AL,BERYL,2012,2,33,20120528,600,,TS,30.2N,81.7W,50,996,120,70,0,40,40,0,0,0,0,0,0,0
AL,BERYL,2012,2,33,20120528,1200,,TD,30.4N,82.5W,30,1000,0,0,0,0,0,0,0,0,0,0,0,0
AL,BERYL,2012,2,33,20120528,1800,,TD,30.5N,83.0W,30,1003,0,0,0,0,0,0,0,0,0,0,0,0
AL,BERYL,2012,2,33,20120529,0,,TD,30.6N,83.2W,25,1005,0,0,0,0,0,0,0,0,0,0,0,0
AL,BERYL,2012,2,33,20120529,600,,TD,30.8N,83.4W,25,1005,0,0,0,0,0,0,0,0,0,0,0,0
AL,BERYL,2012,2,33,20120529,1200,,TD,31.3N,83.0W,25,1006,0,0,0,0,0,0,0,0,0,0,0,0
AL,BERYL,2012,2,33,20120529,1800,,TD,31.7N,82.7W,25,1006,0,0,0,0,0,0,0,0,0,0,0,0
AL,BERYL,2012,2,33,20120530,0,,TD,32.0N,81.8W,25,1004,0,0,0,0,0,0,0,0,0,0,0,0
AL,BERYL,2012,2,33,20120530,600,,TS,32.6N,80.6W,35,1002,0,100,0,0,0,0,0,0,0,0,0,0
AL,BERYL,2012,2,33,20120530,1200,,TS,33.7N,78.9W,40,1000,0,100,0,0,0,0,0,0,0,0,0,0
AL,BERYL,2012,2,33,20120530,1800,,LO,34.5N,77.1W,40,997,0,100,0,0,0,0,0,0,0,0,0,0
AL,BERYL,2012,2,33,20120531,0,,LO,35.4N,75.1W,45,994,0,130,100,50,0,0,0,0,0,0,0,0
AL,BERYL,2012,2,33,20120531,600,,LO,36.3N,72.9W,40,996,0,130,100,50,0,0,0,0,0,0,0,0
AL,BERYL,2012,2,33,20120531,1200,,LO,37.1N,70.4W,35,998,0,130,100,0,0,0,0,0,0,0,0,0
AL,BERYL,2012,2,33,20120531,1800,,LO,37.8N,67.6W,35,1000,0,130,100,0,0,0,0,0,0,0,0,0
AL,BERYL,2012,2,33,20120601,0,,EX,38.7N,65.0W,35,1001,0,130,100,0,0,0,0,0,0,0,0,0
AL,BERYL,2012,2,33,20120601,600,,EX,39.4N,62.4W,35,1002,0,130,100,0,0,0,0,0,0,0,0,0
AL,BERYL,2012,2,33,20120601,1200,,EX,39.4N,59.8W,35,1001,0,130,100,0,0,0,0,0,0,0,0,0
AL,BERYL,2012,2,33,20120601,1800,,EX,38.5N,57.5W,35,1000,0,0,0,90,0,0,0,0,0,0,0,0
AL,BERYL,2012,2,33,20120602,0,,EX,38.1N,53.2W,35,1000,0,0,0,90,0,0,0,0,0,0,0,0
AL,CHRIS,2012,3,31,20120617,0,,LO,28.8N,68.8W,20,1009,0,0,0,0,0,0,0,0,0,0,0,0
AL,CHRIS,2012,3,31,20120617,600,,LO,29.3N,66.9W,25,1008,0,0,0,0,0,0,0,0,0,0,0,0
AL,CHRIS,2012,3,31,20120617,1200,,LO,30.4N,65.4W,30,1007,0,0,0,0,0,0,0,0,0,0,0,0
AL,CHRIS,2012,3,31,20120617,1800,,LO,31.8N,64.2W,35,1004,0,0,40,40,0,0,0,0,0,0,0,0
AL,CHRIS,2012,3,31,20120618,0,,LO,33.4N,63.5W,35,1004,40,40,40,40,0,0,0,0,0,0,0,0
AL,CHRIS,2012,3,31,20120618,600,,LO,35.1N,62.8W,35,1004,50,50,0,0,0,0,0,0,0,0,0,0
AL,CHRIS,2012,3,31,20120618,1200,,LO,36.7N,62.0W,35,1004,50,50,0,0,0,0,0,0,0,0,0,0
AL,CHRIS,2012,3,31,20120618,1800,,SS,38.0N,61.3W,40,1004,50,50,0,40,0,0,0,0,0,0,0,0
AL,CHRIS,2012,3,31,20120619,0,,SS,38.6N,60.4W,40,1003,60,60,0,40,0,0,0,0,0,0,0,0
AL,CHRIS,2012,3,31,20120619,600,,SS,39.1N,59.6W,40,1003,60,60,0,40,0,0,0,0,0,0,0,0
AL,CHRIS,2012,3,31,20120619,1200,,TS,39.4N,58.7W,40,1003,60,60,0,40,0,0,0,0,0,0,0,0
AL,CHRIS,2012,3,31,20120619,1800,,TS,39.5N,58.0W,40,1003,60,60,40,40,0,0,0,0,0,0,0,0
AL,CHRIS,2012,3,31,20120620,0,,TS,38.9N,56.7W,40,1003,60,70,40,40,0,0,0,0,0,0,0,0
AL,CHRIS,2012,3,31,20120620,600,,TS,38.3N,54.7W,40,1002,60,70,50,40,0,0,0,0,0,0,0,0
AL,CHRIS,2012,3,31,20120620,1200,,TS,38.1N,52.5W,45,1001,60,80,60,40,0,0,0,0,0,0,0,0
AL,CHRIS,2012,3,31,20120620,1800,,TS,38.2N,50.2W,50,999,60,80,60,40,30,30,0,0,0,0,0,0
AL,CHRIS,2012,3,31,20120621,0,,TS,38.6N,47.5W,60,991,60,80,60,40,30,30,0,0,0,0,0,0
AL,CHRIS,2012,3,31,20120621,600,,HU,39.5N,45.5W,70,982,60,80,60,40,30,30,25,20,15,15,10,10
AL,CHRIS,2012,3,31,20120621,1200,,HU,40.5N,43.9W,75,974,70,80,60,50,40,40,30,25,20,20,10,10
AL,CHRIS,2012,3,31,20120621,1800,,HU,41.9N,42.9W,70,975,70,80,60,50,40,30,30,20,15,15,10,10
AL,CHRIS,2012,3,31,20120622,0,,TS,43.3N,42.8W,60,978,70,70,50,60,50,40,30,20,0,0,0,0
AL,CHRIS,2012,3,31,20120622,600,,TS,44.5N,43.9W,50,982,70,60,40,70,40,30,20,30,0,0,0,0
AL,CHRIS,2012,3,31,20120622,1200,,EX,44.8N,45.8W,45,985,60,40,30,80,0,0,0,0,0,0,0,0
AL,CHRIS,2012,3,31,20120622,1800,,EX,44.2N,47.8W,40,988,50,30,30,80,0,0,0,0,0,0,0,0
AL,CHRIS,2012,3,31,20120623,0,,EX,42.6N,48.4W,35,989,40,0,30,80,0,0,0,0,0,0,0,0
AL,CHRIS,2012,3,31,20120623,600,,EX,40.9N,47.4W,35,989,0,0,50,70,0,0,0,0,0,0,0,0
AL,CHRIS,2012,3,31,20120623,1200,,EX,40.0N,45.0W,35,990,0,0,50,70,0,0,0,0,0,0,0,0
AL,CHRIS,2012,3,31,20120623,1800,,EX,40.5N,42.5W,30,991,0,0,0,0,0,0,0,0,0,0,0,0
AL,CHRIS,2012,3,31,20120624,0,,EX,41.4N,40.2W,30,991,0,0,0,0,0,0,0,0,0,0,0,0
AL,CHRIS,2012,3,31,20120624,600,,EX,42.9N,38.5W,25,993,0,0,0,0,0,0,0,0,0,0,0,0
AL,CHRIS,2012,3,31,20120624,1200,,EX,43.7N,38.2W,20,995,0,0,0,0,0,0,0,0,0,0,0,0
AL,DEBBY,2012,4,18,20120623,1200,,TS,25.5N,87.6W,35,1002,150,150,0,0,0,0,0,0,0,0,0,0
AL,DEBBY,2012,4,18,20120623,1800,,TS,26.0N,87.5W,40,1001,150,150,0,0,0,0,0,0,0,0,0,0
AL,DEBBY,2012,4,18,20120624,0,,TS,26.5N,87.4W,45,998,150,150,0,0,0,0,0,0,0,0,0,0
AL,DEBBY,2012,4,18,20120624,600,,TS,27.0N,87.2W,50,995,150,150,0,80,70,0,0,70,0,0,0,0
AL,DEBBY,2012,4,18,20120624,1200,,TS,27.6N,86.8W,55,994,200,200,60,80,70,0,0,70,0,0,0,0
AL,DEBBY,2012,4,18,20120624,1800,,TS,28.0N,86.3W,55,992,200,200,60,90,0,0,0,70,0,0,0,0
AL,DEBBY,2012,4,18,20120625,0,,TS,28.3N,86.0W,50,990,175,200,80,110,0,0,0,70,0,0,0,0
AL,DEBBY,2012,4,18,20120625,600,,TS,28.6N,85.8W,45,993,150,200,80,110,0,0,0,0,0,0,0,0
AL,DEBBY,2012,4,18,20120625,1200,,TS,28.8N,85.6W,40,994,100,200,60,90,0,0,0,0,0,0,0,0
AL,DEBBY,2012,4,18,20120625,1800,,TS,29.0N,85.3W,40,992,100,220,0,90,0,0,0,0,0,0,0,0
AL,DEBBY,2012,4,18,20120626,0,,TS,29.0N,85.0W,45,991,100,220,0,70,0,0,0,0,0,0,0,0
AL,DEBBY,2012,4,18,20120626,600,,TS,28.9N,84.7W,40,991,100,220,0,50,0,0,0,0,0,0,0,0
AL,DEBBY,2012,4,18,20120626,1200,,TS,28.9N,84.3W,40,992,80,180,0,50,0,0,0,0,0,0,0,0
AL,DEBBY,2012,4,18,20120626,1800,,TS,29.2N,83.7W,35,995,50,150,0,30,0,0,0,0,0,0,0,0
AL,DEBBY,2012,4,18,20120626,2100,L,TS,29.3N,83.2W,35,995,50,150,0,30,0,0,0,0,0,0,0,0
AL,DEBBY,2012,4,18,20120627,0,,TD,29.4N,82.7W,30,997,0,0,0,0,0,0,0,0,0,0,0,0
AL,DEBBY,2012,4,18,20120627,600,,TD,29.5N,81.5W,30,998,0,0,0,0,0,0,0,0,0,0,0,0
AL,DEBBY,2012,4,18,20120627,1200,,TD,29.5N,80.3W,30,1001,0,0,0,0,0,0,0,0,0,0,0,0
AL,ERNESTO,2012,5,39,20120801,1200,,TD,11.6N,46.7W,30,1008,0,0,0,0,0,0,0,0,0,0,0,0
AL,ERNESTO,2012,5,39,20120801,1800,,TD,12.0N,48.2W,30,1008,0,0,0,0,0,0,0,0,0,0,0,0
AL,ERNESTO,2012,5,39,20120802,0,,TD,12.4N,49.9W,30,1008,0,0,0,0,0,0,0,0,0,0,0,0
AL,ERNESTO,2012,5,39,20120802,600,,TD,12.7N,51.7W,30,1008,0,0,0,0,0,0,0,0,0,0,0,0
AL,ERNESTO,2012,5,39,20120802,1200,,TS,13.0N,53.6W,35,1007,90,0,0,60,0,0,0,0,0,0,0,0
AL,ERNESTO,2012,5,39,20120802,1800,,TS,13.2N,55.5W,45,1006,90,30,0,60,0,0,0,0,0,0,0,0
AL,ERNESTO,2012,5,39,20120803,0,,TS,13.4N,57.5W,45,1005,90,60,0,60,0,0,0,0,0,0,0,0
AL,ERNESTO,2012,5,39,20120803,600,,TS,13.6N,59.7W,40,1005,90,80,0,60,0,0,0,0,0,0,0,0
AL,ERNESTO,2012,5,39,20120803,1200,,TS,13.7N,61.6W,40,1003,90,100,0,60,0,0,0,0,0,0,0,0
AL,ERNESTO,2012,5,39,20120803,1800,,TS,13.8N,63.3W,40,1003,100,100,0,60,0,0,0,0,0,0,0,0
AL,ERNESTO,2012,5,39,20120804,0,,TS,13.8N,64.8W,40,1004,100,80,0,50,0,0,0,0,0,0,0,0
AL,ERNESTO,2012,5,39,20120804,600,,TS,13.9N,66.4W,45,1005,100,80,0,50,0,0,0,0,0,0,0,0
AL,ERNESTO,2012,5,39,20120804,1200,,TS,14.2N,67.9W,45,1005,100,80,0,50,0,0,0,0,0,0,0,0
AL,ERNESTO,2012,5,39,20120804,1800,,TS,14.6N,69.5W,45,1005,110,80,0,40,0,0,0,0,0,0,0,0
AL,ERNESTO,2012,5,39,20120805,0,,TS,15.0N,71.5W,45,1006,110,80,0,40,0,0,0,0,0,0,0,0
AL,ERNESTO,2012,5,39,20120805,600,,TS,15.0N,73.8W,45,1006,110,80,0,30,0,0,0,0,0,0,0,0
AL,ERNESTO,2012,5,39,20120805,1200,,TS,15.0N,76.1W,45,1006,110,80,0,30,0,0,0,0,0,0,0,0
AL,ERNESTO,2012,5,39,20120805,1800,,TS,15.1N,77.8W,45,1005,110,80,0,30,0,0,0,0,0,0,0,0
AL,ERNESTO,2012,5,39,20120806,0,,TS,15.2N,78.9W,45,1003,110,80,0,30,0,0,0,0,0,0,0,0
AL,ERNESTO,2012,5,39,20120806,600,,TS,15.4N,79.6W,50,998,110,60,0,30,30,0,0,0,0,0,0,0
AL,ERNESTO,2012,5,39,20120806,1200,,TS,15.7N,80.2W,55,996,110,60,0,30,30,0,0,0,0,0,0,0
AL,ERNESTO,2012,5,39,20120806,1800,,TS,16.2N,81.2W,55,995,110,60,0,30,30,0,0,0,0,0,0,0
AL,ERNESTO,2012,5,39,20120807,0,,TS,16.7N,82.2W,55,994,110,60,0,30,30,0,0,0,0,0,0,0
AL,ERNESTO,2012,5,39,20120807,600,,TS,17.3N,83.3W,55,993,110,80,30,40,40,0,0,0,0,0,0,0
AL,ERNESTO,2012,5,39,20120807,1200,,HU,17.8N,84.4W,65,988,120,100,30,60,40,0,0,0,20,0,0,0
AL,ERNESTO,2012,5,39,20120807,1800,,HU,18.4N,85.7W,75,983,120,120,40,70,60,30,0,20,30,20,0,10
AL,ERNESTO,2012,5,39,20120808,0,,HU,18.7N,87.1W,80,979,140,140,40,70,60,40,20,30,30,20,0,10
AL,ERNESTO,2012,5,39,20120808,100,L,HU,18.7N,87.2W,80,977,140,140,40,70,60,40,20,30,30,20,0,10
AL,ERNESTO,2012,5,39,20120808,315,L,HU,18.8N,87.7W,85,973,140,140,40,70,60,40,20,30,30,20,0,10
AL,ERNESTO,2012,5,39,20120808,600,,HU,18.8N,88.3W,80,973,140,140,40,70,60,40,20,30,30,20,0,10
AL,ERNESTO,2012,5,39,20120808,1200,,TS,18.8N,89.6W,60,983,140,140,40,70,60,30,0,30,0,0,0,0
AL,ERNESTO,2012,5,39,20120808,1800,,TS,18.8N,90.8W,50,993,120,100,50,70,30,0,0,0,0,0,0,0
AL,ERNESTO,2012,5,39,20120809,0,,TS,18.8N,91.7W,55,993,120,60,50,70,30,0,0,0,0,0,0,0
AL,ERNESTO,2012,5,39,20120809,600,,TS,18.7N,92.8W,60,992,120,60,50,80,30,0,0,30,0,0,0,0
AL,ERNESTO,2012,5,39,20120809,1200,,TS,18.4N,93.8W,55,989,120,60,30,80,30,0,0,30,0,0,0,0
AL,ERNESTO,2012,5,39,20120809,1615,L,TS,18.3N,94.6W,55,989,120,60,30,80,30,0,0,30,0,0,0,0
AL,ERNESTO,2012,5,39,20120809,1800,,TS,18.2N,94.9W,50,993,120,30,0,60,30,0,0,30,0,0,0,0
AL,ERNESTO,2012,5,39,20120810,0,,TS,18.0N,96.0W,40,997,100,0,0,30,0,0,0,0,0,0,0,0
AL,ERNESTO,2012,5,39,20120810,600,,TD,17.9N,97.2W,30,1002,0,0,0,0,0,0,0,0,0,0,0,0
AL,FLORENCE,2012,6,21,20120803,600,,LO,12.2N,23.1W,25,1011,0,0,0,0,0,0,0,0,0,0,0,0
AL,FLORENCE,2012,6,21,20120803,1200,,LO,12.5N,24.5W,30,1010,0,0,0,0,0,0,0,0,0,0,0,0
AL,FLORENCE,2012,6,21,20120803,1800,,TD,13.0N,25.9W,30,1009,0,0,0,0,0,0,0,0,0,0,0,0
AL,FLORENCE,2012,6,21,20120804,0,,TD,13.5N,27.3W,30,1009,0,0,0,0,0,0,0,0,0,0,0,0
AL,FLORENCE,2012,6,21,20120804,600,,TS,14.1N,28.6W,35,1007,40,0,0,30,0,0,0,0,0,0,0,0
AL,FLORENCE,2012,6,21,20120804,1200,,TS,14.7N,29.9W,40,1005,50,30,0,40,0,0,0,0,0,0,0,0
AL,FLORENCE,2012,6,21,20120804,1800,,TS,15.3N,31.2W,45,1003,60,40,0,50,0,0,0,0,0,0,0,0
AL,FLORENCE,2012,6,21,20120805,0,,TS,15.8N,32.5W,50,1002,70,50,20,60,30,20,0,30,0,0,0,0
AL,FLORENCE,2012,6,21,20120805,600,,TS,16.1N,33.8W,50,1002,70,50,20,60,30,20,0,30,0,0,0,0
AL,FLORENCE,2012,6,21,20120805,1200,,TS,16.2N,35.0W,45,1004,60,40,20,50,0,0,0,0,0,0,0,0
AL,FLORENCE,2012,6,21,20120805,1800,,TS,16.2N,36.2W,45,1005,50,30,20,40,0,0,0,0,0,0,0,0
AL,FLORENCE,2012,6,21,20120806,0,,TS,16.2N,37.3W,35,1008,40,0,0,40,0,0,0,0,0,0,0,0
AL,FLORENCE,2012,6,21,20120806,600,,TD,16.3N,38.4W,30,1009,0,0,0,0,0,0,0,0,0,0,0,0
AL,FLORENCE,2012,6,21,20120806,1200,,LO,16.4N,39.6W,30,1009,0,0,0,0,0,0,0,0,0,0,0,0
AL,FLORENCE,2012,6,21,20120806,1800,,LO,16.5N,40.9W,30,1009,0,0,0,0,0,0,0,0,0,0,0,0
AL,FLORENCE,2012,6,21,20120807,0,,LO,16.7N,42.5W,25,1010,0,0,0,0,0,0,0,0,0,0,0,0
AL,FLORENCE,2012,6,21,20120807,600,,LO,16.9N,44.3W,25,1010,0,0,0,0,0,0,0,0,0,0,0,0
AL,FLORENCE,2012,6,21,20120807,1200,,LO,17.2N,46.3W,25,1010,0,0,0,0,0,0,0,0,0,0,0,0
AL,FLORENCE,2012,6,21,20120807,1800,,LO,17.6N,48.5W,25,1011,0,0,0,0,0,0,0,0,0,0,0,0
AL,FLORENCE,2012,6,21,20120808,0,,LO,18.0N,50.7W,25,1011,0,0,0,0,0,0,0,0,0,0,0,0
AL,FLORENCE,2012,6,21,20120808,600,,LO,18.4N,52.9W,25,1011,0,0,0,0,0,0,0,0,0,0,0,0
AL,HELENE,2012,7,38,20120809,1800,,TD,13.7N,43.0W,30,1010,0,0,0,0,0,0,0,0,0,0,0,0
AL,HELENE,2012,7,38,20120810,0,,TD,13.6N,44.6W,30,1009,0,0,0,0,0,0,0,0,0,0,0,0
AL,HELENE,2012,7,38,20120810,600,,TD,13.5N,46.3W,30,1008,0,0,0,0,0,0,0,0,0,0,0,0
AL,HELENE,2012,7,38,20120810,1200,,TD,13.4N,48.2W,30,1009,0,0,0,0,0,0,0,0,0,0,0,0
AL,HELENE,2012,7,38,20120810,1800,,TD,13.4N,50.5W,30,1009,0,0,0,0,0,0,0,0,0,0,0,0
AL,HELENE,2012,7,38,20120811,0,,TD,13.4N,52.9W,30,1009,0,0,0,0,0,0,0,0,0,0,0,0
AL,HELENE,2012,7,38,20120811,600,,TD,13.4N,55.4W,30,1009,0,0,0,0,0,0,0,0,0,0,0,0
AL,HELENE,2012,7,38,20120811,1200,,WV,13.3N,57.9W,30,1011,0,0,0,0,0,0,0,0,0,0,0,0
AL,HELENE,2012,7,38,20120811,1800,,WV,13.3N,59.9W,30,1011,0,0,0,0,0,0,0,0,0,0,0,0
AL,HELENE,2012,7,38,20120812,0,,WV,13.5N,61.4W,30,1011,0,0,0,0,0,0,0,0,0,0,0,0
AL,HELENE,2012,7,38,20120812,600,,WV,13.7N,63.2W,30,1011,0,0,0,0,0,0,0,0,0,0,0,0
AL,HELENE,2012,7,38,20120812,1200,,WV,13.9N,65.6W,30,1011,0,0,0,0,0,0,0,0,0,0,0,0
AL,HELENE,2012,7,38,20120812,1800,,WV,14.1N,68.0W,30,1010,0,0,0,0,0,0,0,0,0,0,0,0
AL,HELENE,2012,7,38,20120813,0,,WV,14.1N,70.4W,30,1009,0,0,0,0,0,0,0,0,0,0,0,0
AL,HELENE,2012,7,38,20120813,600,,WV,14.1N,72.7W,30,1009,0,0,0,0,0,0,0,0,0,0,0,0
AL,HELENE,2012,7,38,20120813,1200,,WV,14.1N,74.9W,30,1008,0,0,0,0,0,0,0,0,0,0,0,0
AL,HELENE,2012,7,38,20120813,1800,,WV,14.1N,76.6W,30,1008,0,0,0,0,0,0,0,0,0,0,0,0
AL,HELENE,2012,7,38,20120814,0,,WV,14.1N,78.4W,30,1008,0,0,0,0,0,0,0,0,0,0,0,0
AL,HELENE,2012,7,38,20120814,600,,WV,14.1N,80.1W,30,1009,0,0,0,0,0,0,0,0,0,0,0,0
AL,HELENE,2012,7,38,20120814,1200,,WV,14.1N,81.8W,30,1009,0,0,0,0,0,0,0,0,0,0,0,0
AL,HELENE,2012,7,38,20120814,1800,,WV,14.3N,83.6W,30,1009,0,0,0,0,0,0,0,0,0,0,0,0
AL,HELENE,2012,7,38,20120815,0,,WV,14.7N,85.3W,30,1010,0,0,0,0,0,0,0,0,0,0,0,0
AL,HELENE,2012,7,38,20120815,600,,WV,15.2N,87.0W,30,1010,0,0,0,0,0,0,0,0,0,0,0,0
AL,HELENE,2012,7,38,20120815,1200,,LO,15.7N,88.6W,30,1011,0,0,0,0,0,0,0,0,0,0,0,0
AL,HELENE,2012,7,38,20120815,1800,,LO,16.5N,89.5W,25,1011,0,0,0,0,0,0,0,0,0,0,0,0
AL,HELENE,2012,7,38,20120816,0,,LO,17.5N,90.5W,25,1011,0,0,0,0,0,0,0,0,0,0,0,0
AL,HELENE,2012,7,38,20120816,600,,LO,18.5N,91.0W,25,1011,0,0,0,0,0,0,0,0,0,0,0,0
AL,HELENE,2012,7,38,20120816,1200,,LO,19.2N,91.5W,25,1011,0,0,0,0,0,0,0,0,0,0,0,0
AL,HELENE,2012,7,38,20120816,1800,,LO,19.3N,92.6W,25,1011,0,0,0,0,0,0,0,0,0,0,0,0
AL,HELENE,2012,7,38,20120817,0,,LO,19.3N,94.2W,25,1011,0,0,0,0,0,0,0,0,0,0,0,0
AL,HELENE,2012,7,38,20120817,600,,LO,19.7N,95.2W,25,1011,0,0,0,0,0,0,0,0,0,0,0,0
AL,HELENE,2012,7,38,20120817,1200,,TD,19.9N,95.7W,30,1009,0,0,0,0,0,0,0,0,0,0,0,0
AL,HELENE,2012,7,38,20120817,1800,,TS,20.3N,95.9W,40,1004,0,20,20,0,0,0,0,0,0,0,0,0
AL,HELENE,2012,7,38,20120818,0,,TS,20.8N,96.1W,35,1006,0,30,30,0,0,0,0,0,0,0,0,0
AL,HELENE,2012,7,38,20120818,600,,TD,21.4N,96.8W,30,1007,0,0,0,0,0,0,0,0,0,0,0,0
AL,HELENE,2012,7,38,20120818,1200,L,TD,21.9N,97.7W,30,1008,0,0,0,0,0,0,0,0,0,0,0,0
AL,HELENE,2012,7,38,20120818,1800,,TD,22.5N,98.7W,25,1009,0,0,0,0,0,0,0,0,0,0,0,0
AL,HELENE,2012,7,38,20120819,0,,LO,22.7N,98.9W,25,1009,0,0,0,0,0,0,0,0,0,0,0,0
AL,GORDON,2012,8,26,20120815,1200,,TD,27.6N,54.6W,30,1013,0,0,0,0,0,0,0,0,0,0,0,0
AL,GORDON,2012,8,26,20120815,1800,,TD,29.1N,55.1W,30,1012,0,0,0,0,0,0,0,0,0,0,0,0
AL,GORDON,2012,8,26,20120816,0,,TS,30.5N,55.4W,35,1010,20,20,0,0,0,0,0,0,0,0,0,0
AL,GORDON,2012,8,26,20120816,600,,TS,31.7N,55.2W,40,1009,30,30,0,0,0,0,0,0,0,0,0,0
AL,GORDON,2012,8,26,20120816,1200,,TS,32.9N,54.4W,45,1006,40,40,20,20,0,0,0,0,0,0,0,0
AL,GORDON,2012,8,26,20120816,1800,,TS,33.9N,53.0W,55,998,40,50,30,20,20,20,0,0,0,0,0,0
AL,GORDON,2012,8,26,20120817,0,,TS,34.3N,51.1W,60,995,40,50,30,20,20,20,0,0,0,0,0,0
AL,GORDON,2012,8,26,20120817,600,,TS,34.6N,49.1W,55,998,40,50,50,20,20,30,20,0,0,0,0,0
AL,GORDON,2012,8,26,20120817,1200,,TS,34.4N,47.0W,55,997,60,70,70,60,20,30,30,0,0,0,0,0
AL,GORDON,2012,8,26,20120817,1800,,TS,34.3N,45.0W,55,993,70,90,90,70,20,40,40,0,0,0,0,0
AL,GORDON,2012,8,26,20120818,0,,TS,34.2N,43.1W,60,990,70,90,100,70,20,40,40,0,0,0,0,0
AL,GORDON,2012,8,26,20120818,600,,HU,34.0N,41.5W,65,987,80,110,110,80,20,50,50,0,0,20,20,0
AL,GORDON,2012,8,26,20120818,1200,,HU,34.0N,39.6W,75,979,80,110,110,80,30,60,60,0,0,30,30,0
AL,GORDON,2012,8,26,20120818,1800,,HU,34.0N,37.5W,90,969,80,110,110,80,40,60,60,20,20,30,30,0
AL,GORDON,2012,8,26,20120819,0,,HU,34.3N,35.0W,95,965,80,110,110,80,40,60,60,40,20,30,30,20
AL,GORDON,2012,8,26,20120819,600,,HU,34.7N,32.6W,90,969,80,110,110,80,40,60,60,40,20,30,30,20
AL,GORDON,2012,8,26,20120819,1200,,HU,35.2N,30.6W,90,969,70,110,110,80,30,60,60,40,20,30,30,20
AL,GORDON,2012,8,26,20120819,1800,,HU,35.7N,28.5W,80,977,70,110,110,80,30,60,60,40,20,30,30,20
AL,GORDON,2012,8,26,20120820,0,,HU,36.4N,26.6W,70,981,70,100,80,70,40,60,50,40,20,30,30,20
AL,GORDON,2012,8,26,20120820,530,L,HU,37.0N,25.1W,65,984,70,100,80,70,40,50,40,40,20,30,20,20
AL,GORDON,2012,8,26,20120820,600,,HU,37.1N,25.0W,65,984,70,100,80,70,40,50,40,40,20,30,20,20
AL,GORDON,2012,8,26,20120820,1200,,TS,37.9N,23.2W,60,990,90,90,60,70,40,50,30,40,0,0,0,0
AL,GORDON,2012,8,26,20120820,1800,,LO,38.9N,21.1W,45,996,90,90,40,60,0,0,0,0,0,0,0,0
AL,GORDON,2012,8,26,20120821,0,,LO,39.8N,19.3W,40,1000,90,90,40,60,0,0,0,0,0,0,0,0
AL,GORDON,2012,8,26,20120821,600,,LO,40.0N,17.7W,40,1002,90,90,40,60,0,0,0,0,0,0,0,0
AL,GORDON,2012,8,26,20120821,1200,,LO,39.8N,16.6W,30,1004,0,0,0,0,0,0,0,0,0,0,0,0
AL,ISAAC,2012,9,51,20120820,1200,,LO,15.7N,44.8W,25,1010,0,0,0,0,0,0,0,0,0,0,0,0
AL,ISAAC,2012,9,51,20120820,1800,,LO,15.6N,46.8W,30,1009,0,0,0,0,0,0,0,0,0,0,0,0
AL,ISAAC,2012,9,51,20120821,0,,LO,15.2N,48.5W,30,1008,0,0,0,0,0,0,0,0,0,0,0,0
AL,ISAAC,2012,9,51,20120821,600,,TD,14.9N,50.1W,30,1007,0,0,0,0,0,0,0,0,0,0,0,0
AL,ISAAC,2012,9,51,20120821,1200,,TD,15.0N,51.6W,30,1006,0,0,0,0,0,0,0,0,0,0,0,0
AL,ISAAC,2012,9,51,20120821,1800,,TS,15.2N,53.1W,35,1005,40,0,0,0,0,0,0,0,0,0,0,0
AL,ISAAC,2012,9,51,20120822,0,,TS,15.4N,54.8W,40,1004,40,0,0,0,0,0,0,0,0,0,0,0
AL,ISAAC,2012,9,51,20120822,600,,TS,15.7N,56.6W,45,1003,50,0,0,0,0,0,0,0,0,0,0,0
AL,ISAAC,2012,9,51,20120822,1200,,TS,15.9N,58.6W,45,1004,90,0,0,40,0,0,0,0,0,0,0,0
AL,ISAAC,2012,9,51,20120822,1800,,TS,16.1N,60.4W,45,1004,150,0,0,60,0,0,0,0,0,0,0,0
AL,ISAAC,2012,9,51,20120823,0,,TS,15.7N,62.0W,45,1004,200,0,0,70,0,0,0,0,0,0,0,0
AL,ISAAC,2012,9,51,20120823,600,,TS,15.0N,63.4W,45,1004,180,30,0,80,0,0,0,0,0,0,0,0
AL,ISAAC,2012,9,51,20120823,1200,,TS,15.1N,65.0W,45,1003,160,40,0,100,0,0,0,0,0,0,0,0
AL,ISAAC,2012,9,51,20120823,1800,,TS,15.6N,66.4W,45,1003,150,50,0,110,0,0,0,0,0,0,0,0
AL,ISAAC,2012,9,51,20120824,0,,TS,15.7N,67.8W,45,1002,150,60,30,120,0,0,0,0,0,0,0,0
AL,ISAAC,2012,9,51,20120824,600,,TS,15.4N,69.1W,45,998,150,90,50,130,0,0,0,0,0,0,0,0
AL,ISAAC,2012,9,51,20120824,1200,,TS,15.7N,70.4W,50,995,150,120,60,140,60,0,0,0,0,0,0,0
AL,ISAAC,2012,9,51,20120824,1800,,TS,16.6N,71.2W,55,993,180,150,60,150,60,20,0,0,0,0,0,0
AL,ISAAC,2012,9,51,20120825,0,,TS,17.3N,71.8W,55,992,200,150,60,200,60,30,0,0,0,0,0,0
AL,ISAAC,2012,9,51,20120825,600,L,TS,18.3N,72.7W,55,991,180,110,60,180,60,20,0,0,0,0,0,0
AL,ISAAC,2012,9,51,20120825,1200,,TS,19.6N,73.9W,50,997,180,110,50,150,60,0,0,0,0,0,0,0
AL,ISAAC,2012,9,51,20120825,1500,L,TS,20.1N,74.5W,50,997,180,110,50,150,60,0,0,0,0,0,0,0
AL,ISAAC,2012,9,51,20120825,1800,,TS,20.8N,75.2W,50,997,180,120,40,150,60,0,0,0,0,0,0,0
AL,ISAAC,2012,9,51,20120826,0,,TS,21.8N,76.7W,50,997,180,130,40,180,60,0,0,0,0,0,0,0
AL,ISAAC,2012,9,51,20120826,600,,TS,22.7N,78.3W,55,995,180,90,40,180,60,0,0,0,0,0,0,0
AL,ISAAC,2012,9,51,20120826,1200,,TS,23.4N,80.0W,55,995,180,90,40,180,50,0,0,0,0,0,0,0
AL,ISAAC,2012,9,51,20120826,1800,,TS,23.7N,81.4W,50,992,180,90,50,180,50,0,0,20,0,0,0,0
AL,ISAAC,2012,9,51,20120827,0,,TS,24.2N,82.6W,50,990,180,120,50,180,50,0,0,30,0,0,0,0
AL,ISAAC,2012,9,51,20120827,600,,TS,25.0N,83.6W,50,989,180,150,60,180,50,20,0,40,0,0,0,0
AL,ISAAC,2012,9,51,20120827,1200,,TS,25.7N,84.7W,55,987,180,150,70,180,60,40,0,40,0,0,0,0
AL,ISAAC,2012,9,51,20120827,1800,,TS,26.3N,85.7W,60,982,180,150,80,180,60,50,20,50,0,0,0,0
AL,ISAAC,2012,9,51,20120828,0,,TS,26.8N,86.7W,60,979,180,150,100,180,70,60,30,60,0,0,0,0
AL,ISAAC,2012,9,51,20120828,600,,TS,27.4N,87.6W,60,978,180,150,110,170,80,70,40,60,0,0,0,0
AL,ISAAC,2012,9,51,20120828,1200,,HU,28.0N,88.3W,65,975,180,150,120,160,80,80,50,60,60,60,0,0
AL,ISAAC,2012,9,51,20120828,1800,,HU,28.6N,88.8W,70,972,180,150,140,150,90,90,60,60,60,60,0,0
AL,ISAAC,2012,9,51,20120829,0,L,HU,28.9N,89.4W,70,967,180,150,150,140,90,90,60,50,50,60,0,0
AL,ISAAC,2012,9,51,20120829,300,T,HU,29.0N,89.7W,70,965,180,150,150,140,90,90,60,50,50,60,0,0
AL,ISAAC,2012,9,51,20120829,600,,HU,29.1N,90.0W,70,966,180,150,150,130,90,80,60,40,50,50,0,0
AL,ISAAC,2012,9,51,20120829,800,L,HU,29.2N,90.2W,70,966,180,150,150,130,90,80,60,40,50,50,0,0
AL,ISAAC,2012,9,51,20120829,1200,,HU,29.4N,90.5W,65,968,180,150,150,110,80,70,40,30,50,50,0,0
AL,ISAAC,2012,9,51,20120829,1800,,TS,29.7N,90.8W,60,973,180,150,150,90,60,60,20,20,0,0,0,0
AL,ISAAC,2012,9,51,20120830,0,,TS,30.1N,91.1W,55,977,150,150,140,70,40,50,0,0,0,0,0,0
AL,ISAAC,2012,9,51,20120830,600,,TS,30.6N,91.5W,55,982,100,160,140,50,0,40,0,0,0,0,0,0
AL,ISAAC,2012,9,51,20120830,1200,,TS,31.3N,91.9W,45,987,60,160,140,0,0,0,0,0,0,0,0,0
AL,ISAAC,2012,9,51,20120830,1800,,TS,32.1N,92.4W,35,993,0,170,0,0,0,0,0,0,0,0,0,0
AL,ISAAC,2012,9,51,20120831,0,,TD,33.1N,92.9W,30,998,0,0,0,0,0,0,0,0,0,0,0,0
AL,ISAAC,2012,9,51,20120831,600,,TD,34.3N,93.5W,25,1000,0,0,0,0,0,0,0,0,0,0,0,0
AL,ISAAC,2012,9,51,20120831,1200,,TD,35.6N,94.0W,20,1001,0,0,0,0,0,0,0,0,0,0,0,0
AL,ISAAC,2012,9,51,20120831,1800,,TD,36.8N,94.1W,20,1003,0,0,0,0,0,0,0,0,0,0,0,0
AL,ISAAC,2012,9,51,20120901,0,,TD,37.8N,93.9W,20,1004,0,0,0,0,0,0,0,0,0,0,0,0
AL,ISAAC,2012,9,51,20120901,600,,TD,38.4N,93.3W,20,1005,0,0,0,0,0,0,0,0,0,0,0,0
AL,JOYCE,2012,10,12,20120821,1800,,LO,10.7N,31.7W,25,1011,0,0,0,0,0,0,0,0,0,0,0,0
AL,JOYCE,2012,10,12,20120822,0,,LO,11.1N,33.1W,25,1011,0,0,0,0,0,0,0,0,0,0,0,0
AL,JOYCE,2012,10,12,20120822,600,,TD,11.5N,34.5W,25,1011,0,0,0,0,0,0,0,0,0,0,0,0
AL,JOYCE,2012,10,12,20120822,1200,,TD,12.1N,35.8W,30,1009,0,0,0,0,0,0,0,0,0,0,0,0
AL,JOYCE,2012,10,12,20120822,1800,,TD,12.8N,37.3W,30,1009,0,0,0,0,0,0,0,0,0,0,0,0
AL,JOYCE,2012,10,12,20120823,0,,TD,13.5N,38.7W,30,1009,0,0,0,0,0,0,0,0,0,0,0,0
AL,JOYCE,2012,10,12,20120823,600,,TD,14.2N,40.0W,30,1009,0,0,0,0,0,0,0,0,0,0,0,0
AL,JOYCE,2012,10,12,20120823,1200,,TS,14.8N,41.1W,35,1007,120,0,0,120,0,0,0,0,0,0,0,0
AL,JOYCE,2012,10,12,20120823,1800,,TS,15.5N,42.1W,35,1006,180,0,0,180,0,0,0,0,0,0,0,0
AL,JOYCE,2012,10,12,20120824,0,,TD,16.1N,43.2W,30,1008,0,0,0,0,0,0,0,0,0,0,0,0
AL,JOYCE,2012,10,12,20120824,600,,TD,16.7N,44.3W,30,1008,0,0,0,0,0,0,0,0,0,0,0,0
AL,JOYCE,2012,10,12,20120824,1200,,LO,17.4N,45.4W,30,1009,0,0,0,0,0,0,0,0,0,0,0,0
AL,KIRK,2012,11,22,20120828,1800,,TD,23.9N,43.4W,30,1007,0,0,0,0,0,0,0,0,0,0,0,0
AL,KIRK,2012,11,22,20120829,0,,TS,24.0N,44.5W,40,1004,60,0,0,40,0,0,0,0,0,0,0,0
AL,KIRK,2012,11,22,20120829,600,,TS,24.3N,45.5W,40,1003,60,30,0,40,0,0,0,0,0,0,0,0
AL,KIRK,2012,11,22,20120829,1200,,TS,24.6N,46.3W,45,1001,60,30,0,40,0,0,0,0,0,0,0,0
AL,KIRK,2012,11,22,20120829,1800,,TS,25.1N,47.1W,45,999,60,30,0,40,0,0,0,0,0,0,0,0
AL,KIRK,2012,11,22,20120830,0,,TS,25.6N,47.9W,50,995,60,30,0,40,20,0,0,20,0,0,0,0
AL,KIRK,2012,11,22,20120830,600,,TS,26.1N,48.6W,55,992,60,40,20,40,20,0,0,20,0,0,0,0
AL,KIRK,2012,11,22,20120830,1200,,HU,26.8N,49.3W,65,989,60,40,30,50,30,20,20,30,15,0,0,0
AL,KIRK,2012,11,22,20120830,1800,,HU,27.6N,50.1W,75,985,60,40,30,50,30,20,20,30,15,10,10,15
AL,KIRK,2012,11,22,20120831,0,,HU,28.5N,50.5W,80,981,60,40,30,50,30,20,20,30,15,10,10,15
AL,KIRK,2012,11,22,20120831,600,,HU,29.6N,50.7W,90,970,60,40,30,50,30,20,20,30,15,10,10,15
AL,KIRK,2012,11,22,20120831,1200,,HU,30.6N,50.9W,90,972,60,50,40,50,30,30,20,30,15,15,10,15
AL,KIRK,2012,11,22,20120831,1800,,HU,31.7N,50.6W,80,980,60,50,40,50,30,30,20,30,15,15,10,15
AL,KIRK,2012,11,22,20120901,0,,HU,33.1N,50.0W,70,988,60,50,40,50,30,30,20,30,15,15,0,0
AL,KIRK,2012,11,22,20120901,600,,HU,34.6N,48.9W,65,990,60,50,40,50,30,30,20,30,15,15,0,0
AL,KIRK,2012,11,22,20120901,1200,,TS,36.5N,47.3W,60,992,70,60,40,40,30,30,20,20,0,0,0,0
AL,KIRK,2012,11,22,20120901,1800,,TS,38.4N,45.4W,55,996,70,80,30,0,40,50,0,0,0,0,0,0
AL,KIRK,2012,11,22,20120902,0,,TS,40.3N,43.0W,55,998,70,90,50,0,40,50,0,0,0,0,0,0
AL,KIRK,2012,11,22,20120902,600,,TS,42.4N,40.6W,50,1001,70,120,50,0,0,30,0,0,0,0,0,0
AL,KIRK,2012,11,22,20120902,1200,,TS,45.0N,38.1W,50,1002,60,120,0,0,0,20,0,0,0,0,0,0
AL,KIRK,2012,11,22,20120902,1800,,TS,48.1N,34.6W,45,1002,60,120,0,0,0,0,0,0,0,0,0,0
AL,KIRK,2012,11,22,20120903,0,,EX,51.7N,30.9W,45,1002,60,120,0,0,0,0,0,0,0,0,0,0
AL,LESLIE,2012,12,60,20120828,1200,,LO,12.9N,27.4W,20,1010,0,0,0,0,0,0,0,0,0,0,0,0
AL,LESLIE,2012,12,60,20120828,1800,,LO,13.0N,29.6W,20,1010,0,0,0,0,0,0,0,0,0,0,0,0
AL,LESLIE,2012,12,60,20120829,0,,LO,13.1N,31.7W,25,1009,0,0,0,0,0,0,0,0,0,0,0,0
AL,LESLIE,2012,12,60,20120829,600,,LO,13.2N,33.7W,25,1009,0,0,0,0,0,0,0,0,0,0,0,0
AL,LESLIE,2012,12,60,20120829,1200,,LO,13.3N,35.6W,25,1009,0,0,0,0,0,0,0,0,0,0,0,0
AL,LESLIE,2012,12,60,20120829,1800,,LO,13.4N,37.5W,25,1008,0,0,0,0,0,0,0,0,0,0,0,0
AL,LESLIE,2012,12,60,20120830,0,,TD,13.5N,39.2W,30,1007,0,0,0,0,0,0,0,0,0,0,0,0
AL,LESLIE,2012,12,60,20120830,600,,TD,13.6N,40.9W,30,1006,0,0,0,0,0,0,0,0,0,0,0,0
AL,LESLIE,2012,12,60,20120830,1200,,TS,13.8N,42.6W,35,1005,30,0,0,0,0,0,0,0,0,0,0,0
AL,LESLIE,2012,12,60,20120830,1800,,TS,14.2N,44.2W,40,1004,40,30,0,40,0,0,0,0,0,0,0,0
AL,LESLIE,2012,12,60,20120831,0,,TS,14.7N,45.8W,45,1002,40,30,0,40,0,0,0,0,0,0,0,0
AL,LESLIE,2012,12,60,20120831,600,,TS,15.3N,47.4W,50,1001,60,50,30,60,30,0,0,30,0,0,0,0
AL,LESLIE,2012,12,60,20120831,1200,,TS,16.0N,49.0W,55,999,60,50,30,60,30,0,0,30,0,0,0,0
AL,LESLIE,2012,12,60,20120831,1800,,TS,16.5N,50.6W,55,999,80,60,40,70,30,20,0,30,0,0,0,0
AL,LESLIE,2012,12,60,20120901,0,,TS,17.1N,52.2W,60,998,80,60,40,70,30,20,0,30,0,0,0,0
AL,LESLIE,2012,12,60,20120901,600,,TS,17.6N,53.8W,60,996,100,90,50,90,40,20,20,30,0,0,0,0
AL,LESLIE,2012,12,60,20120901,1200,,TS,18.1N,55.3W,60,995,120,140,60,100,50,60,20,30,0,0,0,0
AL,LESLIE,2012,12,60,20120901,1800,,TS,18.8N,56.8W,60,994,120,140,60,120,50,60,20,30,0,0,0,0
AL,LESLIE,2012,12,60,20120902,0,,TS,19.6N,58.1W,60,994,150,150,60,140,80,90,20,0,0,0,0,0
AL,LESLIE,2012,12,60,20120902,600,,TS,20.4N,59.4W,55,995,150,150,60,140,80,90,0,0,0,0,0,0
AL,LESLIE,2012,12,60,20120902,1200,,TS,21.2N,60.7W,50,997,180,180,60,140,90,90,0,0,0,0,0,0
AL,LESLIE,2012,12,60,20120902,1800,,TS,22.1N,61.4W,50,997,180,160,60,140,100,100,0,0,0,0,0,0
AL,LESLIE,2012,12,60,20120903,0,,TS,22.9N,61.7W,50,997,180,160,60,140,120,100,0,0,0,0,0,0
AL,LESLIE,2012,12,60,20120903,600,,TS,23.4N,62.2W,50,996,180,160,60,140,120,100,0,0,0,0,0,0
AL,LESLIE,2012,12,60,20120903,1200,,TS,23.5N,62.6W,50,993,180,160,60,140,120,100,0,0,0,0,0,0
AL,LESLIE,2012,12,60,20120903,1800,,TS,23.8N,62.8W,55,990,180,160,60,130,120,100,0,0,0,0,0,0
AL,LESLIE,2012,12,60,20120904,0,,TS,24.2N,62.6W,60,989,180,180,60,120,120,100,0,0,0,0,0,0
AL,LESLIE,2012,12,60,20120904,600,,TS,24.5N,62.5W,60,988,180,180,60,110,100,100,0,0,0,0,0,0
AL,LESLIE,2012,12,60,20120904,1200,,TS,24.8N,62.5W,60,988,180,180,60,100,90,100,0,0,0,0,0,0
AL,LESLIE,2012,12,60,20120904,1800,,TS,25.0N,62.6W,60,988,140,200,60,100,80,90,0,0,0,0,0,0
AL,LESLIE,2012,12,60,20120905,0,,TS,25.2N,62.8W,60,988,140,200,60,100,70,80,0,0,0,0,0,0
AL,LESLIE,2012,12,60,20120905,600,,HU,25.4N,62.8W,65,985,140,200,60,140,70,70,20,30,15,15,0,0
AL,LESLIE,2012,12,60,20120905,1200,,HU,25.6N,62.8W,70,982,140,200,60,140,70,60,20,40,20,20,0,0
AL,LESLIE,2012,12,60,20120905,1800,,HU,25.8N,62.7W,70,982,150,200,60,140,80,60,30,50,20,20,15,15
AL,LESLIE,2012,12,60,20120906,0,,HU,26.0N,62.6W,65,984,160,170,100,150,90,60,40,60,20,20,15,15
AL,LESLIE,2012,12,60,20120906,600,,HU,26.2N,62.5W,65,984,160,170,100,150,90,60,40,70,20,20,15,15
AL,LESLIE,2012,12,60,20120906,1200,,HU,26.3N,62.4W,65,983,160,170,100,150,90,60,40,70,20,20,15,15
AL,LESLIE,2012,12,60,20120906,1800,,HU,26.4N,62.3W,65,982,160,140,100,140,80,60,40,70,20,20,15,15
AL,LESLIE,2012,12,60,20120907,0,,HU,26.5N,62.2W,65,982,160,140,100,140,70,60,40,70,30,30,0,30
AL,LESLIE,2012,12,60,20120907,600,,HU,26.6N,62.2W,65,982,160,140,100,140,70,60,40,70,30,30,0,30
AL,LESLIE,2012,12,60,20120907,1200,,TS,26.8N,62.2W,60,981,160,140,100,140,70,60,40,70,0,0,0,0
AL,LESLIE,2012,12,60,20120907,1800,,TS,27.1N,62.2W,60,981,160,140,100,150,70,0,0,80,0,0,0,0
AL,LESLIE,2012,12,60,20120908,0,,TS,27.4N,62.3W,60,983,160,140,100,150,80,0,0,80,0,0,0,0
AL,LESLIE,2012,12,60,20120908,600,,TS,27.8N,62.4W,55,985,160,140,100,150,80,0,0,80,0,0,0,0
AL,LESLIE,2012,12,60,20120908,1200,,TS,28.3N,62.5W,55,987,160,140,100,150,80,0,0,80,0,0,0,0
AL,LESLIE,2012,12,60,20120908,1800,,TS,29.0N,62.5W,55,988,160,140,100,150,80,0,0,80,0,0,0,0
AL,LESLIE,2012,12,60,20120909,0,,TS,29.7N,62.6W,55,988,160,140,100,150,80,0,0,80,0,0,0,0
AL,LESLIE,2012,12,60,20120909,600,,TS,30.5N,62.6W,55,988,170,150,130,150,80,0,0,80,0,0,0,0
AL,LESLIE,2012,12,60,20120909,1200,,TS,31.5N,62.5W,55,988,170,150,130,150,80,0,80,80,0,0,0,0
AL,LESLIE,2012,12,60,20120909,1800,,TS,32.6N,62.3W,55,988,170,150,120,150,80,80,80,80,0,0,0,0
AL,LESLIE,2012,12,60,20120910,0,,TS,33.8N,62.0W,55,988,170,150,120,150,80,80,80,80,0,0,0,0
AL,LESLIE,2012,12,60,20120910,600,,TS,35.1N,61.6W,60,985,180,180,140,150,80,80,60,70,0,0,0,0
AL,LESLIE,2012,12,60,20120910,1200,,HU,36.4N,60.8W,65,980,180,180,140,150,80,80,60,70,20,20,0,0
AL,LESLIE,2012,12,60,20120910,1800,,HU,38.5N,59.8W,65,975,180,180,140,150,80,100,60,70,20,20,0,0
AL,LESLIE,2012,12,60,20120911,0,,HU,41.1N,58.6W,65,970,180,180,140,150,90,120,60,70,20,20,0,0
AL,LESLIE,2012,12,60,20120911,600,,HU,44.0N,57.3W,65,968,270,270,180,150,120,140,60,60,30,30,0,0
AL,LESLIE,2012,12,60,20120911,900,S,EX,45.8N,56.1W,65,968,270,270,180,150,120,140,60,60,30,30,0,0
AL,LESLIE,2012,12,60,20120911,1200,,EX,47.7N,54.9W,65,970,300,300,180,150,150,150,60,60,30,30,0,0
AL,LESLIE,2012,12,60,20120911,1800,,EX,51.6N,51.9W,60,972,300,300,180,150,150,150,60,60,0,0,0,0
AL,LESLIE,2012,12,60,20120912,0,,EX,55.5N,48.5W,55,975,300,300,180,150,150,150,60,60,0,0,0,0
AL,MICHAEL,2012,13,42,20120902,0,,LO,28.9N,36.7W,20,1015,0,0,0,0,0,0,0,0,0,0,0,0
AL,MICHAEL,2012,13,42,20120902,600,,LO,28.1N,37.9W,25,1015,0,0,0,0,0,0,0,0,0,0,0,0
AL,MICHAEL,2012,13,42,20120902,1200,,LO,27.2N,39.2W,25,1015,0,0,0,0,0,0,0,0,0,0,0,0
AL,MICHAEL,2012,13,42,20120902,1800,,LO,26.4N,40.1W,25,1015,0,0,0,0,0,0,0,0,0,0,0,0
AL,MICHAEL,2012,13,42,20120903,0,,LO,25.8N,40.7W,25,1015,0,0,0,0,0,0,0,0,0,0,0,0
AL,MICHAEL,2012,13,42,20120903,600,,TD,25.4N,41.2W,25,1015,0,0,0,0,0,0,0,0,0,0,0,0
AL,MICHAEL,2012,13,42,20120903,1200,,TD,25.3N,41.7W,25,1014,0,0,0,0,0,0,0,0,0,0,0,0
AL,MICHAEL,2012,13,42,20120903,1800,,TD,25.5N,42.1W,30,1013,0,0,0,0,0,0,0,0,0,0,0,0
AL,MICHAEL,2012,13,42,20120904,0,,TD,25.8N,42.5W,30,1011,0,0,0,0,0,0,0,0,0,0,0,0
AL,MICHAEL,2012,13,42,20120904,600,,TS,26.2N,43.0W,35,1009,30,0,0,20,0,0,0,0,0,0,0,0
AL,MICHAEL,2012,13,42,20120904,1200,,TS,26.7N,43.5W,40,1007,30,30,0,20,0,0,0,0,0,0,0,0
AL,MICHAEL,2012,13,42,20120904,1800,,TS,27.1N,43.7W,45,1006,30,30,20,20,0,0,0,0,0,0,0,0
AL,MICHAEL,2012,13,42,20120905,0,,TS,27.4N,43.8W,45,1005,30,30,20,20,0,0,0,0,0,0,0,0
AL,MICHAEL,2012,13,42,20120905,600,,TS,27.8N,43.8W,45,1005,30,30,20,30,0,0,0,0,0,0,0,0
AL,MICHAEL,2012,13,42,20120905,1200,,TS,28.2N,43.5W,50,1001,50,40,20,30,20,20,0,0,0,0,0,0
AL,MICHAEL,2012,13,42,20120905,1800,,HU,28.6N,43.1W,65,992,50,40,20,30,20,20,0,0,10,10,0,0
AL,MICHAEL,2012,13,42,20120906,0,,HU,29.0N,42.6W,80,981,60,40,20,40,30,20,10,20,10,10,0,10
AL,MICHAEL,2012,13,42,20120906,600,,HU,29.4N,42.0W,95,968,60,60,30,40,30,30,20,20,15,15,10,10
AL,MICHAEL,2012,13,42,20120906,1200,,HU,29.9N,41.4W,100,964,60,60,30,40,30,30,20,20,15,15,10,10
AL,MICHAEL,2012,13,42,20120906,1800,,HU,30.3N,41.0W,95,968,60,60,40,40,30,30,20,20,15,15,10,10
AL,MICHAEL,2012,13,42,20120907,0,,HU,30.6N,40.8W,90,970,60,60,50,50,30,40,30,20,20,20,15,15
AL,MICHAEL,2012,13,42,20120907,600,,HU,30.9N,40.8W,90,970,60,60,50,50,30,40,30,20,20,20,15,15
AL,MICHAEL,2012,13,42,20120907,1200,,HU,31.1N,41.0W,90,970,60,60,50,50,30,40,30,20,20,20,15,15
AL,MICHAEL,2012,13,42,20120907,1800,,HU,31.3N,41.2W,85,973,60,60,50,50,30,30,30,20,20,20,15,15
AL,MICHAEL,2012,13,42,20120908,0,,HU,31.6N,41.5W,80,977,60,60,40,40,30,30,20,20,20,15,15,15
AL,MICHAEL,2012,13,42,20120908,600,,HU,32.0N,41.7W,80,978,60,60,40,40,30,20,20,20,20,15,15,15
AL,MICHAEL,2012,13,42,20120908,1200,,HU,32.4N,41.9W,85,975,60,60,40,40,30,20,20,20,20,15,15,15
AL,MICHAEL,2012,13,42,20120908,1800,,HU,32.9N,42.1W,90,972,60,60,40,40,30,20,20,20,20,15,15,15
AL,MICHAEL,2012,13,42,20120909,0,,HU,33.3N,42.3W,90,973,60,60,40,40,30,30,20,20,20,15,15,15
AL,MICHAEL,2012,13,42,20120909,600,,HU,33.6N,42.6W,85,976,60,60,40,40,30,30,20,20,20,15,15,15
AL,MICHAEL,2012,13,42,20120909,1200,,HU,33.7N,42.9W,85,976,60,60,50,60,30,40,20,30,20,20,15,20
AL,MICHAEL,2012,13,42,20120909,1800,,HU,33.7N,43.5W,80,979,60,60,50,60,30,40,20,30,20,20,15,20
AL,MICHAEL,2012,13,42,20120910,0,,HU,33.6N,44.1W,75,982,70,70,60,60,30,30,30,30,20,15,15,20
AL,MICHAEL,2012,13,42,20120910,600,,HU,33.4N,44.9W,70,985,70,70,60,60,30,30,30,30,20,15,15,20
AL,MICHAEL,2012,13,42,20120910,1200,,HU,33.6N,45.8W,70,986,70,70,60,60,30,30,30,30,20,15,15,15
AL,MICHAEL,2012,13,42,20120910,1800,,HU,33.9N,46.9W,65,988,70,70,60,60,30,30,20,30,20,15,0,15
AL,MICHAEL,2012,13,42,20120911,0,,TS,34.8N,47.8W,60,991,70,70,30,30,30,30,20,20,0,0,0,0
AL,MICHAEL,2012,13,42,20120911,600,,TS,36.4N,47.8W,55,994,70,70,0,0,30,30,0,0,0,0,0,0
AL,MICHAEL,2012,13,42,20120911,1200,,TS,38.2N,47.6W,45,997,70,70,0,0,0,0,0,0,0,0,0,0
AL,MICHAEL,2012,13,42,20120911,1800,,LO,40.2N,46.6W,40,1000,70,70,0,0,0,0,0,0,0,0,0,0
AL,MICHAEL,2012,13,42,20120912,0,,LO,42.5N,45.0W,35,1003,70,70,0,0,0,0,0,0,0,0,0,0
AL,MICHAEL,2012,13,42,20120912,600,,LO,45.0N,42.6W,30,1006,0,0,0,0,0,0,0,0,0,0,0,0
AL,NADINE,2012,14,96,20120910,1200,,TD,15.5N,38.0W,25,1008,0,0,0,0,0,0,0,0,0,0,0,0
AL,NADINE,2012,14,96,20120910,1800,,TD,15.6N,39.4W,25,1007,0,0,0,0,0,0,0,0,0,0,0,0
AL,NADINE,2012,14,96,20120911,0,,TD,15.8N,40.8W,25,1007,0,0,0,0,0,0,0,0,0,0,0,0
AL,NADINE,2012,14,96,20120911,600,,TD,16.0N,41.9W,25,1007,0,0,0,0,0,0,0,0,0,0,0,0
AL,NADINE,2012,14,96,20120911,1200,,TD,16.4N,42.8W,30,1006,0,0,0,0,0,0,0,0,0,0,0,0
AL,NADINE,2012,14,96,20120911,1800,,TD,16.9N,43.7W,30,1006,0,0,0,0,0,0,0,0,0,0,0,0
AL,NADINE,2012,14,96,20120912,0,,TS,17.5N,44.8W,35,1004,100,0,0,40,0,0,0,0,0,0,0,0
AL,NADINE,2012,14,96,20120912,600,,TS,18.1N,45.9W,45,1001,100,50,20,60,0,0,0,0,0,0,0,0
AL,NADINE,2012,14,96,20120912,1200,,TS,18.8N,47.1W,50,997,100,100,20,80,50,50,0,40,0,0,0,0
AL,NADINE,2012,14,96,20120912,1800,,TS,19.5N,48.3W,55,994,100,100,30,100,50,50,0,40,0,0,0,0
AL,NADINE,2012,14,96,20120913,0,,TS,20.2N,49.5W,60,990,120,120,40,110,60,50,0,40,0,0,0,0
AL,NADINE,2012,14,96,20120913,600,,TS,21.0N,50.6W,60,990,150,120,40,120,60,50,0,40,0,0,0,0
AL,NADINE,2012,14,96,20120913,1200,,TS,22.0N,51.7W,60,990,180,130,40,150,60,50,0,40,0,0,0,0
AL,NADINE,2012,14,96,20120913,1800,,TS,23.2N,52.6W,60,989,200,160,60,150,80,50,0,60,0,0,0,0
AL,NADINE,2012,14,96,20120914,0,,TS,24.4N,53.4W,60,989,200,180,60,150,80,50,0,60,0,0,0,0
AL,NADINE,2012,14,96,20120914,600,,TS,25.6N,54.0W,60,987,200,180,60,150,80,50,0,60,0,0,0,0
AL,NADINE,2012,14,96,20120914,1200,,TS,27.0N,54.0W,60,986,200,180,60,150,80,50,0,60,0,0,0,0
AL,NADINE,2012,14,96,20120914,1800,,HU,28.3N,53.7W,65,984,200,180,60,150,80,50,30,60,30,20,0,0
AL,NADINE,2012,14,96,20120915,0,,HU,29.6N,53.3W,70,981,180,180,80,140,80,50,30,60,30,20,0,0
AL,NADINE,2012,14,96,20120915,600,,HU,30.5N,52.2W,70,980,180,180,100,140,80,50,30,60,30,20,0,0
AL,NADINE,2012,14,96,20120915,1200,,HU,30.8N,50.7W,70,980,160,160,120,140,70,60,50,60,20,40,0,0
AL,NADINE,2012,14,96,20120915,1800,,HU,30.8N,49.1W,70,980,160,160,120,140,50,60,60,60,0,40,35,0
AL,NADINE,2012,14,96,20120916,0,,HU,30.7N,47.5W,70,981,140,160,120,140,50,60,60,50,0,40,35,0
AL,NADINE,2012,14,96,20120916,600,,HU,30.6N,45.4W,65,984,140,160,140,140,50,60,60,50,0,40,35,0
AL,NADINE,2012,14,96,20120916,1200,,HU,30.6N,43.0W,65,985,140,160,140,140,50,80,70,50,20,40,30,0
AL,NADINE,2012,14,96,20120916,1800,,HU,30.8N,40.6W,65,985,140,160,140,140,50,80,70,50,20,40,30,0
AL,NADINE,2012,14,96,20120917,0,,TS,31.1N,38.8W,60,986,140,160,140,140,50,80,70,50,0,0,0,0
AL,NADINE,2012,14,96,20120917,600,,TS,31.7N,37.1W,60,987,140,170,140,140,60,90,70,50,0,0,0,0
AL,NADINE,2012,14,96,20120917,1200,,TS,32.5N,35.9W,55,988,140,170,140,140,60,90,70,50,0,0,0,0
AL,NADINE,2012,14,96,20120917,1800,,TS,33.1N,35.1W,55,988,140,170,150,140,60,90,70,50,0,0,0,0
AL,NADINE,2012,14,96,20120918,0,,TS,33.5N,34.5W,50,989,140,170,150,140,60,90,60,50,0,0,0,0
AL,NADINE,2012,14,96,20120918,600,,TS,33.9N,33.9W,50,989,150,170,150,150,30,90,60,30,0,0,0,0
AL,NADINE,2012,14,96,20120918,1200,,TS,34.3N,33.3W,50,989,150,170,150,150,0,80,60,0,0,0,0,0
AL,NADINE,2012,14,96,20120918,1800,,TS,34.9N,32.7W,50,989,200,170,180,200,0,80,60,0,0,0,0,0
AL,NADINE,2012,14,96,20120919,0,,TS,35.5N,32.3W,50,989,200,170,180,200,0,80,80,0,0,0,0,0
AL,NADINE,2012,14,96,20120919,600,,TS,36.1N,32.0W,50,989,200,170,180,200,0,80,80,0,0,0,0,0
AL,NADINE,2012,14,96,20120919,1200,,TS,36.7N,32.0W,50,989,200,150,180,200,0,80,80,60,0,0,0,0
AL,NADINE,2012,14,96,20120919,1800,,TS,37.1N,32.0W,50,987,200,150,180,200,0,80,80,100,0,0,0,0
AL,NADINE,2012,14,96,20120920,0,,TS,37.2N,31.6W,50,986,180,150,180,240,0,80,80,100,0,0,0,0
AL,NADINE,2012,14,96,20120920,600,,TS,36.9N,30.9W,50,986,150,150,180,240,0,80,80,100,0,0,0,0
AL,NADINE,2012,14,96,20120920,1200,,TS,36.5N,30.0W,50,986,150,150,180,270,0,40,60,80,0,0,0,0
AL,NADINE,2012,14,96,20120920,1800,,TS,36.2N,29.0W,55,984,180,150,180,300,0,0,60,80,0,0,0,0
AL,NADINE,2012,14,96,20120921,0,,TS,35.9N,28.2W,55,984,180,150,200,350,0,0,60,80,0,0,0,0
AL,NADINE,2012,14,96,20120921,600,,TS,35.4N,27.4W,55,984,180,150,200,350,0,0,50,80,0,0,0,0
AL,NADINE,2012,14,96,20120921,1200,,TS,34.6N,27.3W,50,984,180,150,200,320,0,0,50,80,0,0,0,0
AL,NADINE,2012,14,96,20120921,1800,,LO,33.6N,27.2W,50,984,180,150,200,300,0,0,50,70,0,0,0,0
AL,NADINE,2012,14,96,20120922,0,,LO,32.5N,26.9W,45,985,180,150,200,280,0,0,0,0,0,0,0,0
AL,NADINE,2012,14,96,20120922,600,,LO,31.8N,26.7W,45,986,200,150,180,240,0,0,0,0,0,0,0,0
AL,NADINE,2012,14,96,20120922,1200,,LO,31.0N,26.4W,45,987,220,120,160,240,0,0,0,0,0,0,0,0
AL,NADINE,2012,14,96,20120922,1800,,LO,30.5N,26.2W,45,987,220,120,150,240,0,0,0,0,0,0,0,0
AL,NADINE,2012,14,96,20120923,0,,TS,30.4N,25.9W,45,987,220,120,150,240,0,0,0,0,0,0,0,0
AL,NADINE,2012,14,96,20120923,600,,TS,30.4N,25.6W,50,987,220,120,150,240,40,0,0,40,0,0,0,0
AL,NADINE,2012,14,96,20120923,1200,,TS,30.6N,25.4W,50,987,200,140,140,200,40,0,0,40,0,0,0,0
AL,NADINE,2012,14,96,20120923,1800,,TS,30.9N,25.8W,50,988,200,140,120,200,40,0,0,40,0,0,0,0
AL,NADINE,2012,14,96,20120924,0,,TS,31.1N,26.2W,45,990,200,140,120,200,0,0,0,0,0,0,0,0
AL,NADINE,2012,14,96,20120924,600,,TS,31.3N,26.7W,45,992,180,140,100,200,0,0,0,0,0,0,0,0
AL,NADINE,2012,14,96,20120924,1200,,TS,31.5N,27.4W,45,995,150,140,90,180,0,0,0,0,0,0,0,0
AL,NADINE,2012,14,96,20120924,1800,,TS,31.8N,28.1W,45,996,150,120,90,160,0,0,0,0,0,0,0,0
AL,NADINE,2012,14,96,20120925,0,,TS,32.1N,28.8W,40,996,150,90,90,160,0,0,0,0,0,0,0,0
AL,NADINE,2012,14,96,20120925,600,,TS,32.1N,29.5W,40,996,150,90,90,160,0,0,0,0,0,0,0,0
AL,NADINE,2012,14,96,20120925,1200,,TS,32.0N,29.9W,40,997,150,90,90,160,0,0,0,0,0,0,0,0
AL,NADINE,2012,14,96,20120925,1800,,TS,31.7N,30.1W,40,997,120,90,90,160,0,0,0,0,0,0,0,0
AL,NADINE,2012,14,96,20120926,0,,TS,31.4N,30.3W,40,998,100,90,90,140,0,0,0,0,0,0,0,0
AL,NADINE,2012,14,96,20120926,600,,TS,31.1N,30.4W,40,998,100,90,90,100,0,0,0,0,0,0,0,0
AL,NADINE,2012,14,96,20120926,1200,,TS,30.7N,30.5W,45,995,100,90,90,100,0,0,0,0,0,0,0,0
AL,NADINE,2012,14,96,20120926,1800,,TS,30.2N,30.7W,50,993,100,90,90,100,50,0,0,50,0,0,0,0
AL,NADINE,2012,14,96,20120927,0,,TS,29.6N,31.0W,50,993,110,60,80,120,50,0,0,50,0,0,0,0
AL,NADINE,2012,14,96,20120927,600,,TS,29.1N,31.4W,50,993,110,60,80,120,50,0,0,50,0,0,0,0
AL,NADINE,2012,14,96,20120927,1200,,TS,28.7N,31.9W,50,993,110,60,80,120,50,0,0,50,0,0,0,0
AL,NADINE,2012,14,96,20120927,1800,,TS,28.5N,32.5W,55,993,120,80,80,120,50,0,0,50,0,0,0,0
AL,NADINE,2012,14,96,20120928,0,,TS,28.5N,33.2W,55,993,120,80,80,120,50,0,0,50,0,0,0,0
AL,NADINE,2012,14,96,20120928,600,,TS,28.7N,33.9W,60,991,120,80,80,100,50,0,0,50,0,0,0,0
AL,NADINE,2012,14,96,20120928,1200,,HU,29.2N,34.4W,65,988,120,70,70,90,40,30,30,40,25,0,0,0
AL,NADINE,2012,14,96,20120928,1800,,HU,29.7N,34.8W,65,988,120,70,70,90,40,30,30,40,25,0,0,0
AL,NADINE,2012,14,96,20120929,0,,HU,30.5N,35.3W,65,988,100,70,60,80,40,30,30,40,25,0,0,0
AL,NADINE,2012,14,96,20120929,600,,HU,31.4N,35.7W,65,988,100,70,60,80,40,30,30,40,25,0,0,0
AL,NADINE,2012,14,96,20120929,1200,,HU,32.6N,36.1W,65,988,100,70,60,80,40,30,30,40,25,20,0,0
AL,NADINE,2012,14,96,20120929,1800,,HU,33.8N,36.6W,70,986,100,70,60,80,40,30,30,40,25,20,0,0
AL,NADINE,2012,14,96,20120930,0,,HU,35.0N,37.1W,75,983,100,70,60,80,40,30,30,40,25,20,0,0
AL,NADINE,2012,14,96,20120930,600,,HU,36.0N,37.6W,75,982,100,70,60,80,40,30,30,40,25,20,0,0
AL,NADINE,2012,14,96,20120930,1200,,HU,36.8N,38.3W,80,978,100,70,60,80,40,30,30,40,25,20,10,20
AL,NADINE,2012,14,96,20120930,1800,,HU,37.2N,38.9W,80,978,110,90,70,80,50,40,40,40,30,25,20,25
AL,NADINE,2012,14,96,20121001,0,,HU,36.9N,39.4W,75,980,110,90,70,80,50,40,40,40,30,25,20,25
AL,NADINE,2012,14,96,20121001,600,,HU,36.4N,39.4W,65,988,110,90,80,90,50,40,40,50,30,0,0,0
AL,NADINE,2012,14,96,20121001,1200,,TS,35.9N,39.4W,60,991,110,90,90,90,50,50,40,50,0,0,0,0
AL,NADINE,2012,14,96,20121001,1800,,TS,35.4N,39.4W,55,995,110,90,90,90,50,50,40,50,0,0,0,0
AL,NADINE,2012,14,96,20121002,0,,TS,34.8N,39.1W,55,995,100,90,90,100,40,40,40,40,0,0,0,0
AL,NADINE,2012,14,96,20121002,600,,TS,34.5N,38.5W,55,995,100,90,90,100,40,40,40,40,0,0,0,0
AL,NADINE,2012,14,96,20121002,1200,,TS,34.3N,37.9W,55,995,70,80,90,70,20,40,30,20,0,0,0,0
AL,NADINE,2012,14,96,20121002,1800,,TS,34.3N,37.1W,55,995,70,80,80,70,20,40,30,20,0,0,0,0
AL,NADINE,2012,14,96,20121003,0,,TS,34.4N,36.2W,50,998,70,80,80,60,20,30,0,0,0,0,0,0
AL,NADINE,2012,14,96,20121003,600,,TS,34.6N,35.3W,45,1000,70,80,80,60,0,0,0,0,0,0,0,0
AL,NADINE,2012,14,96,20121003,1200,,TS,34.9N,34.0W,45,1000,90,90,90,60,0,0,0,0,0,0,0,0
AL,NADINE,2012,14,96,20121003,1800,,TS,35.4N,32.5W,40,1000,90,120,90,60,0,0,0,0,0,0,0,0
AL,NADINE,2012,14,96,20121004,0,,LO,36.3N,30.9W,40,998,100,180,100,60,0,0,0,0,0,0,0,0
AL,NADINE,2012,14,96,20121004,600,,LO,37.6N,29.1W,40,996,100,180,100,60,0,0,0,0,0,0,0,0
AL,OSCAR,2012,15,13,20121002,1200,,LO,12.4N,38.0W,25,1008,0,0,0,0,0,0,0,0,0,0,0,0
AL,OSCAR,2012,15,13,20121002,1800,,LO,13.6N,38.7W,25,1008,0,0,0,0,0,0,0,0,0,0,0,0
AL,OSCAR,2012,15,13,20121003,0,,LO,15.0N,39.6W,30,1007,0,0,0,0,0,0,0,0,0,0,0,0
AL,OSCAR,2012,15,13,20121003,600,,TD,16.3N,40.5W,30,1006,0,0,0,0,0,0,0,0,0,0,0,0
AL,OSCAR,2012,15,13,20121003,1200,,TD,17.4N,41.2W,30,1006,0,0,0,0,0,0,0,0,0,0,0,0
AL,OSCAR,2012,15,13,20121003,1800,,TS,18.2N,41.8W,35,1005,120,120,0,0,0,0,0,0,0,0,0,0
AL,OSCAR,2012,15,13,20121004,0,,TS,18.9N,42.1W,40,1002,140,120,0,0,0,0,0,0,0,0,0,0
AL,OSCAR,2012,15,13,20121004,600,,TS,19.5N,42.2W,40,1001,160,130,0,0,0,0,0,0,0,0,0,0
AL,OSCAR,2012,15,13,20121004,1200,,TS,20.2N,42.0W,45,998,180,140,0,0,0,0,0,0,0,0,0,0
AL,OSCAR,2012,15,13,20121004,1800,,TS,21.0N,41.5W,45,996,180,140,0,0,0,0,0,0,0,0,0,0
AL,OSCAR,2012,15,13,20121005,0,,TS,21.8N,40.6W,45,995,180,140,0,0,0,0,0,0,0,0,0,0
AL,OSCAR,2012,15,13,20121005,600,,TS,22.7N,39.4W,45,994,180,140,0,0,0,0,0,0,0,0,0,0
AL,OSCAR,2012,15,13,20121005,1200,,TS,23.5N,37.8W,45,994,180,140,0,0,0,0,0,0,0,0,0,0
AL,PATTY,2012,16,11,20121010,1800,,LO,25.5N,72.5W,25,1012,0,0,0,0,0,0,0,0,0,0,0,0
AL,PATTY,2012,16,11,20121011,0,,TD,25.4N,72.4W,30,1010,0,0,0,0,0,0,0,0,0,0,0,0
AL,PATTY,2012,16,11,20121011,600,,TS,25.4N,72.2W,35,1009,60,0,0,0,0,0,0,0,0,0,0,0
AL,PATTY,2012,16,11,20121011,1200,,TS,25.5N,72.2W,35,1008,60,0,0,0,0,0,0,0,0,0,0,0
AL,PATTY,2012,16,11,20121011,1800,,TS,25.6N,72.3W,35,1007,60,50,0,0,0,0,0,0,0,0,0,0
AL,PATTY,2012,16,11,20121012,0,,TS,25.5N,72.4W,40,1005,60,50,0,30,0,0,0,0,0,0,0,0
AL,PATTY,2012,16,11,20121012,600,,TS,25.4N,72.3W,40,1005,60,40,0,30,0,0,0,0,0,0,0,0
AL,PATTY,2012,16,11,20121012,1200,,TS,25.3N,72.2W,40,1006,50,30,0,30,0,0,0,0,0,0,0,0
AL,PATTY,2012,16,11,20121012,1800,,TS,25.4N,72.1W,35,1007,40,20,0,30,0,0,0,0,0,0,0,0
AL,PATTY,2012,16,11,20121013,0,,TS,25.4N,71.9W,35,1007,30,0,0,30,0,0,0,0,0,0,0,0
AL,PATTY,2012,16,11,20121013,600,,TD,25.3N,71.7W,30,1008,0,0,0,0,0,0,0,0,0,0,0,0
AL,RAFAEL,2012,17,56,20121012,1800,,TS,14.7N,62.7W,35,1006,0,150,0,0,0,0,0,0,0,0,0,0
AL,RAFAEL,2012,17,56,20121013,0,,TS,15.0N,63.2W,35,1007,0,150,0,0,0,0,0,0,0,0,0,0
AL,RAFAEL,2012,17,56,20121013,600,,TS,15.3N,63.7W,35,1006,0,150,0,0,0,0,0,0,0,0,0,0
AL,RAFAEL,2012,17,56,20121013,1200,,TS,15.6N,63.8W,35,1006,0,150,0,0,0,0,0,0,0,0,0,0
AL,RAFAEL,2012,17,56,20121013,1800,,TS,16.7N,63.6W,40,1004,0,150,0,0,0,0,0,0,0,0,0,0
AL,RAFAEL,2012,17,56,20121014,0,,TS,17.9N,63.5W,45,1004,150,150,0,0,0,0,0,0,0,0,0,0
AL,RAFAEL,2012,17,56,20121014,600,,TS,18.9N,63.6W,45,1003,150,150,0,0,0,0,0,0,0,0,0,0
AL,RAFAEL,2012,17,56,20121014,1200,,TS,19.7N,63.9W,50,999,150,150,0,60,70,0,0,0,0,0,0,0
AL,RAFAEL,2012,17,56,20121014,1800,,TS,20.4N,64.3W,55,994,150,150,0,100,70,0,0,30,0,0,0,0
AL,RAFAEL,2012,17,56,20121015,0,,TS,21.3N,64.7W,60,989,150,150,0,100,70,0,0,30,0,0,0,0
AL,RAFAEL,2012,17,56,20121015,600,,HU,22.0N,65.2W,65,986,150,150,50,100,70,40,15,40,40,20,0,30
AL,RAFAEL,2012,17,56,20121015,1200,,HU,22.6N,65.6W,70,983,180,150,80,120,90,50,20,50,40,20,0,30
AL,RAFAEL,2012,17,56,20121015,1800,,HU,23.6N,65.8W,75,979,180,180,80,120,90,50,20,50,40,20,0,30
AL,RAFAEL,2012,17,56,20121016,0,,HU,24.6N,65.6W,80,974,180,180,80,120,90,50,20,50,40,20,0,30
AL,RAFAEL,2012,17,56,20121016,600,,HU,25.9N,65.3W,80,972,180,180,80,130,90,60,40,60,40,30,20,30
AL,RAFAEL,2012,17,56,20121016,1200,,HU,27.6N,64.9W,80,969,180,180,90,130,80,60,40,60,30,30,30,30
AL,RAFAEL,2012,17,56,20121016,1800,,HU,29.5N,64.2W,75,970,180,180,100,120,80,60,50,60,30,30,30,30
AL,RAFAEL,2012,17,56,20121017,0,,HU,31.6N,63.1W,75,970,180,180,100,120,80,80,60,60,30,40,30,30
AL,RAFAEL,2012,17,56,20121017,600,,HU,34.0N,61.7W,70,972,210,240,120,120,100,120,60,60,40,60,30,30
AL,RAFAEL,2012,17,56,20121017,1200,,HU,36.5N,60.1W,65,972,240,270,150,150,100,120,60,80,50,60,30,30
AL,RAFAEL,2012,17,56,20121017,1800,,EX,38.8N,58.0W,65,972,270,270,150,170,120,120,80,80,0,70,60,0
AL,RAFAEL,2012,17,56,20121018,0,,EX,41.3N,55.0W,65,972,300,300,150,170,120,120,80,80,0,70,60,0
AL,RAFAEL,2012,17,56,20121018,600,,EX,43.4N,50.7W,60,972,300,300,150,170,120,120,80,80,0,0,0,0
AL,RAFAEL,2012,17,56,20121018,1200,,EX,45.2N,46.0W,55,972,300,300,150,170,120,120,80,80,0,0,0,0
AL,RAFAEL,2012,17,56,20121018,1800,,EX,47.0N,41.0W,55,973,240,300,150,170,120,120,80,80,0,0,0,0
AL,RAFAEL,2012,17,56,20121019,0,,EX,49.2N,36.2W,50,975,180,360,400,180,0,0,220,0,0,0,0,0
AL,RAFAEL,2012,17,56,20121019,600,,EX,51.0N,32.5W,50,973,220,360,320,240,0,0,220,0,0,0,0,0
AL,RAFAEL,2012,17,56,20121019,1200,,EX,53.0N,29.5W,50,970,270,390,320,240,0,0,220,0,0,0,0,0
AL,RAFAEL,2012,17,56,20121019,1800,,EX,55.0N,30.0W,50,968,360,360,400,280,0,0,220,0,0,0,0,0
AL,RAFAEL,2012,17,56,20121020,0,,EX,56.5N,33.0W,50,966,450,360,640,480,0,0,240,0,0,0,0,0
AL,RAFAEL,2012,17,56,20121020,600,,EX,56.0N,37.0W,50,966,450,300,540,480,0,0,260,0,0,0,0,0
AL,RAFAEL,2012,17,56,20121020,1200,,EX,53.1N,36.4W,50,967,480,240,450,480,0,0,280,0,0,0,0,0
AL,RAFAEL,2012,17,56,20121020,1800,,EX,50.8N,34.3W,50,970,480,240,480,480,0,0,330,0,0,0,0,0
AL,RAFAEL,2012,17,56,20121021,0,,EX,49.7N,32.2W,45,975,0,240,480,480,0,0,0,0,0,0,0,0
AL,RAFAEL,2012,17,56,20121021,600,,EX,49.2N,31.1W,40,978,0,240,480,480,0,0,0,0,0,0,0,0
AL,RAFAEL,2012,17,56,20121021,1200,,EX,48.2N,30.6W,40,979,0,240,480,480,0,0,0,0,0,0,0,0
AL,RAFAEL,2012,17,56,20121021,1800,,EX,47.0N,30.8W,40,982,0,240,480,480,0,0,0,0,0,0,0,0
AL,RAFAEL,2012,17,56,20121022,0,,EX,45.5N,31.1W,40,983,0,240,480,480,0,0,0,0,0,0,0,0
AL,RAFAEL,2012,17,56,20121022,600,,EX,43.9N,29.8W,40,985,0,240,480,480,0,0,0,0,0,0,0,0
AL,RAFAEL,2012,17,56,20121022,1200,,EX,41.9N,28.3W,40,987,0,240,480,480,0,0,0,0,0,0,0,0
AL,RAFAEL,2012,17,56,20121022,1800,,EX,40.0N,27.0W,40,989,0,240,480,480,0,0,0,0,0,0,0,0
AL,RAFAEL,2012,17,56,20121023,0,,EX,39.2N,25.5W,40,992,0,240,480,480,0,0,0,0,0,0,0,0
AL,RAFAEL,2012,17,56,20121023,600,,EX,39.5N,24.5W,40,992,0,240,480,480,0,0,0,0,0,0,0,0
AL,RAFAEL,2012,17,56,20121023,1200,,EX,39.8N,23.6W,40,992,0,240,480,480,0,0,0,0,0,0,0,0
AL,RAFAEL,2012,17,56,20121023,1800,,EX,40.5N,22.1W,40,992,0,240,480,480,0,0,0,0,0,0,0,0
AL,RAFAEL,2012,17,56,20121024,0,,EX,41.2N,20.1W,40,993,0,240,480,480,0,0,0,0,0,0,0,0
AL,RAFAEL,2012,17,56,20121024,600,,EX,41.6N,18.8W,40,995,0,240,480,480,0,0,0,0,0,0,0,0
AL,RAFAEL,2012,17,56,20121024,1200,,EX,42.1N,17.5W,30,995,0,0,0,0,0,0,0,0,0,0,0,0
AL,RAFAEL,2012,17,56,20121024,1800,,EX,41.9N,16.0W,30,995,0,0,0,0,0,0,0,0,0,0,0,0
AL,RAFAEL,2012,17,56,20121025,0,,EX,41.6N,14.6W,30,995,0,0,0,0,0,0,0,0,0,0,0,0
AL,RAFAEL,2012,17,56,20121025,600,,EX,41.3N,13.3W,30,995,0,0,0,0,0,0,0,0,0,0,0,0
AL,RAFAEL,2012,17,56,20121025,1200,,EX,41.0N,12.0W,30,996,0,0,0,0,0,0,0,0,0,0,0,0
AL,RAFAEL,2012,17,56,20121025,1800,,EX,40.9N,11.2W,30,997,0,0,0,0,0,0,0,0,0,0,0,0
AL,RAFAEL,2012,17,56,20121026,0,,EX,40.7N,10.4W,30,998,0,0,0,0,0,0,0,0,0,0,0,0
AL,RAFAEL,2012,17,56,20121026,600,,EX,40.3N,9.1W,30,999,0,0,0,0,0,0,0,0,0,0,0,0
AL,RAFAEL,2012,17,56,20121026,1200,,EX,40.0N,7.5W,25,1002,0,0,0,0,0,0,0,0,0,0,0,0
AL,SANDY,2012,18,45,20121021,1800,,LO,14.3N,77.4W,25,1006,0,0,0,0,0,0,0,0,0,0,0,0
AL,SANDY,2012,18,45,20121022,0,,LO,13.9N,77.8W,25,1005,0,0,0,0,0,0,0,0,0,0,0,0
AL,SANDY,2012,18,45,20121022,600,,LO,13.5N,78.2W,25,1003,0,0,0,0,0,0,0,0,0,0,0,0
AL,SANDY,2012,18,45,20121022,1200,,TD,13.1N,78.6W,30,1002,0,0,0,0,0,0,0,0,0,0,0,0
AL,SANDY,2012,18,45,20121022,1800,,TS,12.7N,78.7W,35,1000,50,60,0,0,0,0,0,0,0,0,0,0
AL,SANDY,2012,18,45,20121023,0,,TS,12.6N,78.4W,40,998,50,60,0,0,0,0,0,0,0,0,0,0
AL,SANDY,2012,18,45,20121023,600,,TS,12.9N,78.1W,40,998,70,80,0,0,0,0,0,0,0,0,0,0
AL,SANDY,2012,18,45,20121023,1200,,TS,13.4N,77.9W,40,995,100,100,0,0,0,0,0,0,0,0,0,0
AL,SANDY,2012,18,45,20121023,1800,,TS,14.0N,77.6W,45,993,100,120,0,0,0,0,0,0,0,0,0,0
AL,SANDY,2012,18,45,20121024,0,,TS,14.7N,77.3W,55,990,100,150,40,40,0,70,0,0,0,0,0,0
AL,SANDY,2012,18,45,20121024,600,,TS,15.6N,77.1W,60,987,100,150,50,50,50,70,20,20,0,0,0,0
AL,SANDY,2012,18,45,20121024,1200,,HU,16.6N,76.9W,65,981,120,160,70,70,50,60,40,30,20,20,0,0
AL,SANDY,2012,18,45,20121024,1800,,HU,17.7N,76.7W,75,972,150,180,70,70,50,60,40,40,25,30,20,25
AL,SANDY,2012,18,45,20121024,1900,L,HU,17.9N,76.6W,75,971,150,180,70,70,50,60,40,40,25,30,20,25
AL,SANDY,2012,18,45,20121025,0,,HU,18.9N,76.4W,85,964,180,240,70,70,50,60,40,40,30,30,25,25
AL,SANDY,2012,18,45,20121025,525,L,HU,20.0N,76.0W,100,954,240,240,70,120,50,60,40,40,30,30,25,25
AL,SANDY,2012,18,45,20121025,600,,HU,20.1N,76.0W,100,954,240,240,70,120,50,60,40,40,25,20,20,20
AL,SANDY,2012,18,45,20121025,900,T,HU,20.9N,75.7W,95,960,240,240,70,180,50,60,40,40,25,20,20,20
AL,SANDY,2012,18,45,20121025,1200,,HU,21.7N,75.5W,95,966,240,240,70,240,60,60,40,50,30,30,20,20
AL,SANDY,2012,18,45,20121025,1800,,HU,23.3N,75.3W,90,963,270,270,120,270,60,60,40,50,30,30,20,20
AL,SANDY,2012,18,45,20121026,0,,HU,24.8N,75.9W,75,965,300,300,160,270,70,60,40,60,30,30,20,30
AL,SANDY,2012,18,45,20121026,600,,HU,25.7N,76.4W,70,968,300,300,160,240,90,70,50,70,30,20,0,60
AL,SANDY,2012,18,45,20121026,1200,,HU,26.4N,76.9W,65,970,360,240,170,240,90,80,90,120,0,0,0,90
AL,SANDY,2012,18,45,20121026,1800,,HU,27.0N,77.2W,65,971,400,210,170,240,60,70,90,140,0,0,0,90
AL,SANDY,2012,18,45,20121027,0,,TS,27.5N,77.1W,60,969,450,210,180,270,0,0,120,160,0,0,0,0
AL,SANDY,2012,18,45,20121027,600,,TS,28.1N,76.9W,60,968,450,260,180,280,0,0,120,160,0,0,0,0
AL,SANDY,2012,18,45,20121027,1200,,HU,28.8N,76.5W,70,956,450,300,210,280,30,120,160,200,0,0,120,120
AL,SANDY,2012,18,45,20121027,1800,,HU,29.7N,75.6W,70,960,450,300,240,280,30,150,180,200,0,0,150,180
AL,SANDY,2012,18,45,20121028,0,,HU,30.5N,74.7W,65,960,480,300,300,280,30,180,180,210,0,0,150,180
AL,SANDY,2012,18,45,20121028,600,,HU,31.3N,73.9W,65,959,450,300,300,270,0,180,180,210,0,0,150,180
AL,SANDY,2012,18,45,20121028,1200,,HU,32.0N,73.0W,65,954,450,300,300,270,0,150,200,210,0,0,150,180
AL,SANDY,2012,18,45,20121028,1800,,HU,32.8N,72.0W,65,952,450,300,350,270,0,150,200,210,0,0,150,180
AL,SANDY,2012,18,45,20121029,0,,HU,33.9N,71.0W,70,950,450,300,400,270,150,150,200,200,0,0,150,0
AL,SANDY,2012,18,45,20121029,600,,HU,35.3N,70.5W,80,947,420,360,450,270,150,150,200,180,0,0,150,0
AL,SANDY,2012,18,45,20121029,1200,,HU,36.9N,71.0W,85,945,420,420,400,270,200,150,200,180,0,70,120,0
AL,SANDY,2012,18,45,20121029,1800,,HU,38.3N,73.2W,80,940,420,420,400,420,220,150,200,150,180,80,120,0
AL,SANDY,2012,18,45,20121029,2100,S,EX,38.8N,74.0W,75,943,420,420,400,420,220,150,200,150,180,80,120,0
AL,SANDY,2012,18,45,20121029,2330,L,EX,39.4N,74.4W,70,945,460,370,400,490,180,150,80,50,70,80,60,0
AL,SANDY,2012,18,45,20121030,0,,EX,39.5N,74.5W,70,946,460,370,400,490,150,150,80,50,65,0,0,0
AL,SANDY,2012,18,45,20121030,600,,EX,39.9N,76.2W,55,960,450,400,160,530,150,150,30,30,0,0,0,0
AL,SANDY,2012,18,45,20121030,1200,,EX,40.1N,77.8W,50,978,450,490,0,500,0,0,0,260,0,0,0,0
AL,SANDY,2012,18,45,20121030,1800,,EX,40.4N,78.9W,40,986,0,530,0,430,0,0,0,0,0,0,0,0
AL,SANDY,2012,18,45,20121031,0,,EX,40.7N,79.8W,35,992,0,0,0,410,0,0,0,0,0,0,0,0
AL,SANDY,2012,18,45,20121031,600,,EX,41.1N,80.3W,35,993,0,0,0,380,0,0,0,0,0,0,0,0
AL,SANDY,2012,18,45,20121031,1200,,EX,41.5N,80.7W,30,995,0,0,0,0,0,0,0,0,0,0,0,0
AL,TONY,2012,19,20,20121021,1800,,LO,20.1N,50.8W,25,1011,0,0,0,0,0,0,0,0,0,0,0,0
AL,TONY,2012,19,20,20121022,0,,LO,20.4N,51.2W,25,1011,0,0,0,0,0,0,0,0,0,0,0,0
AL,TONY,2012,19,20,20121022,600,,LO,20.8N,51.5W,25,1010,0,0,0,0,0,0,0,0,0,0,0,0
AL,TONY,2012,19,20,20121022,1200,,LO,21.3N,51.7W,30,1009,0,0,0,0,0,0,0,0,0,0,0,0
AL,TONY,2012,19,20,20121022,1800,,TD,21.9N,51.8W,30,1006,0,0,0,0,0,0,0,0,0,0,0,0
AL,TONY,2012,19,20,20121023,0,,TD,22.5N,51.8W,30,1006,0,0,0,0,0,0,0,0,0,0,0,0
AL,TONY,2012,19,20,20121023,600,,TD,23.6N,51.6W,30,1006,0,0,0,0,0,0,0,0,0,0,0,0
AL,TONY,2012,19,20,20121023,1200,,TD,24.7N,51.3W,30,1006,0,0,0,0,0,0,0,0,0,0,0,0
AL,TONY,2012,19,20,20121023,1800,,TD,25.7N,50.6W,30,1005,0,0,0,0,0,0,0,0,0,0,0,0
AL,TONY,2012,19,20,20121024,0,,TS,26.5N,49.6W,35,1004,40,40,0,0,0,0,0,0,0,0,0,0
AL,TONY,2012,19,20,20121024,600,,TS,27.2N,48.5W,40,1003,50,60,40,0,0,0,0,0,0,0,0,0
AL,TONY,2012,19,20,20121024,1200,,TS,27.9N,46.8W,45,1000,50,60,40,30,0,0,0,0,0,0,0,0
AL,TONY,2012,19,20,20121024,1800,,TS,28.7N,44.7W,45,1000,50,60,40,30,0,0,0,0,0,0,0,0
AL,TONY,2012,19,20,20121025,0,,TS,29.5N,42.4W,45,1000,60,70,40,30,0,0,0,0,0,0,0,0
AL,TONY,2012,19,20,20121025,600,,TS,30.1N,40.0W,45,1000,90,70,40,30,0,0,0,0,0,0,0,0
AL,TONY,2012,19,20,20121025,1200,,TS,30.6N,37.6W,35,1000,80,70,40,30,0,0,0,0,0,0,0,0
AL,TONY,2012,19,20,20121025,1800,,EX,31.0N,35.1W,35,1001,60,70,20,0,0,0,0,0,0,0,0,0
AL,TONY,2012,19,20,20121026,0,,EX,31.3N,32.6W,35,1001,60,70,20,0,0,0,0,0,0,0,0,0
AL,TONY,2012,19,20,20121026,600,,EX,31.2N,30.5W,30,1004,0,0,0,0,0,0,0,0,0,0,0,0
AL,TONY,2012,19,20,20121026,1200,,EX,30.9N,28.6W,25,1006,0,0,0,0,0,0,0,0,0,0,0,0
AL,ANDREA,2013,1,14,20130605,1800,,TS,25.1N,86.6W,35,1006,50,120,0,0,0,0,0,0,0,0,0,0
AL,ANDREA,2013,1,14,20130606,0,,TS,25.6N,86.5W,40,1002,60,120,0,0,0,0,0,0,0,0,0,0
AL,ANDREA,2013,1,14,20130606,600,,TS,26.7N,86.1W,50,999,90,120,0,0,50,70,0,0,0,0,0,0
AL,ANDREA,2013,1,14,20130606,1200,,TS,27.8N,84.9W,55,995,90,120,0,0,50,70,0,0,0,0,0,0
AL,ANDREA,2013,1,14,20130606,1800,,TS,28.9N,83.9W,55,993,80,120,60,60,30,30,0,0,0,0,0,0
AL,ANDREA,2013,1,14,20130606,2200,L,TS,29.5N,83.4W,50,992,80,120,60,60,30,30,0,0,0,0,0,0
AL,ANDREA,2013,1,14,20130607,0,,TS,29.8N,83.0W,40,993,120,120,0,0,0,0,0,0,0,0,0,0
AL,ANDREA,2013,1,14,20130607,600,,TS,31.6N,81.4W,40,996,100,120,0,0,0,0,0,0,0,0,0,0
AL,ANDREA,2013,1,14,20130607,1200,,TS,33.5N,80.2W,40,996,100,180,0,0,0,0,0,0,0,0,0,0
AL,ANDREA,2013,1,14,20130607,1800,,EX,35.2N,78.6W,40,996,0,200,0,0,0,0,0,0,0,0,0,0
AL,ANDREA,2013,1,14,20130608,0,,EX,37.4N,76.2W,40,997,0,200,0,0,0,0,0,0,0,0,0,0
AL,ANDREA,2013,1,14,20130608,600,,EX,39.9N,73.6W,40,997,0,200,0,0,0,0,0,0,0,0,0,0
AL,ANDREA,2013,1,14,20130608,1200,,EX,42.4N,70.4W,40,999,0,220,0,0,0,0,0,0,0,0,0,0
AL,ANDREA,2013,1,14,20130608,1800,,EX,44.5N,67.0W,40,1002,0,220,0,0,0,0,0,0,0,0,0,0
AL,BARRY,2013,2,23,20130616,0,,LO,12.4N,81.5W,20,1009,0,0,0,0,0,0,0,0,0,0,0,0
AL,BARRY,2013,2,23,20130616,600,,LO,13.4N,82.0W,20,1009,0,0,0,0,0,0,0,0,0,0,0,0
AL,BARRY,2013,2,23,20130616,1200,,LO,14.2N,82.8W,25,1008,0,0,0,0,0,0,0,0,0,0,0,0
AL,BARRY,2013,2,23,20130616,1800,,LO,14.8N,83.8W,25,1008,0,0,0,0,0,0,0,0,0,0,0,0
AL,BARRY,2013,2,23,20130617,0,,LO,15.3N,84.8W,25,1008,0,0,0,0,0,0,0,0,0,0,0,0
AL,BARRY,2013,2,23,20130617,600,,LO,15.6N,85.9W,25,1008,0,0,0,0,0,0,0,0,0,0,0,0
AL,BARRY,2013,2,23,20130617,1200,,TD,16.0N,87.0W,30,1007,0,0,0,0,0,0,0,0,0,0,0,0
AL,BARRY,2013,2,23,20130617,1800,,TD,16.3N,87.9W,30,1007,0,0,0,0,0,0,0,0,0,0,0,0
AL,BARRY,2013,2,23,20130617,2200,L,TD,16.5N,88.4W,30,1006,0,0,0,0,0,0,0,0,0,0,0,0
AL,BARRY,2013,2,23,20130618,0,,TD,16.6N,88.6W,30,1007,0,0,0,0,0,0,0,0,0,0,0,0
AL,BARRY,2013,2,23,20130618,600,,TD,17.0N,89.3W,25,1009,0,0,0,0,0,0,0,0,0,0,0,0
AL,BARRY,2013,2,23,20130618,1200,,TD,17.6N,90.3W,30,1008,0,0,0,0,0,0,0,0,0,0,0,0
AL,BARRY,2013,2,23,20130618,1800,,TD,18.2N,91.3W,30,1008,0,0,0,0,0,0,0,0,0,0,0,0
AL,BARRY,2013,2,23,20130619,0,,TD,18.8N,92.2W,30,1007,0,0,0,0,0,0,0,0,0,0,0,0
AL,BARRY,2013,2,23,20130619,600,,TD,19.2N,93.1W,30,1007,0,0,0,0,0,0,0,0,0,0,0,0
AL,BARRY,2013,2,23,20130619,1200,,TS,19.5N,94.0W,35,1006,50,30,0,0,0,0,0,0,0,0,0,0
AL,BARRY,2013,2,23,20130619,1800,,TS,19.6N,94.8W,40,1005,70,30,30,30,0,0,0,0,0,0,0,0
AL,BARRY,2013,2,23,20130620,0,,TS,19.6N,95.4W,40,1003,70,40,30,30,0,0,0,0,0,0,0,0
AL,BARRY,2013,2,23,20130620,600,,TS,19.6N,95.9W,40,1003,70,50,30,30,0,0,0,0,0,0,0,0
AL,BARRY,2013,2,23,20130620,1115,L,TS,19.6N,96.4W,40,1003,70,50,30,30,0,0,0,0,0,0,0,0
AL,BARRY,2013,2,23,20130620,1200,,TS,19.6N,96.5W,40,1004,70,30,0,0,0,0,0,0,0,0,0,0
AL,BARRY,2013,2,23,20130620,1800,,TD,19.6N,97.0W,30,1007,0,0,0,0,0,0,0,0,0,0,0,0
AL,BARRY,2013,2,23,20130621,0,,LO,19.6N,97.5W,25,1011,0,0,0,0,0,0,0,0,0,0,0,0
AL,CHANTAL,2013,3,13,20130707,1200,,TS,9.3N,41.4W,35,1011,30,0,0,0,0,0,0,0,0,0,0,0
AL,CHANTAL,2013,3,13,20130707,1800,,TS,9.5N,43.8W,35,1011,40,0,0,0,0,0,0,0,0,0,0,0
AL,CHANTAL,2013,3,13,20130708,0,,TS,9.8N,46.1W,35,1010,40,30,0,0,0,0,0,0,0,0,0,0
AL,CHANTAL,2013,3,13,20130708,600,,TS,10.1N,48.4W,35,1009,40,30,0,0,0,0,0,0,0,0,0,0
AL,CHANTAL,2013,3,13,20130708,1200,,TS,10.7N,50.6W,40,1008,60,60,0,60,0,0,0,0,0,0,0,0
AL,CHANTAL,2013,3,13,20130708,1800,,TS,11.4N,52.9W,45,1007,60,60,0,60,0,0,0,0,0,0,0,0
AL,CHANTAL,2013,3,13,20130709,0,,TS,12.1N,55.2W,50,1006,80,60,0,80,50,0,0,0,0,0,0,0
AL,CHANTAL,2013,3,13,20130709,600,,TS,13.0N,57.7W,50,1005,80,60,0,80,50,0,0,0,0,0,0,0
AL,CHANTAL,2013,3,13,20130709,1200,,TS,13.9N,60.3W,55,1003,80,60,0,80,50,0,0,0,0,0,0,0
AL,CHANTAL,2013,3,13,20130709,1800,,TS,14.8N,62.9W,55,1006,80,60,0,80,50,0,0,0,0,0,0,0
AL,CHANTAL,2013,3,13,20130710,0,,TS,15.6N,65.6W,45,1008,80,60,0,60,0,0,0,0,0,0,0,0
AL,CHANTAL,2013,3,13,20130710,600,,TS,16.2N,68.4W,40,1010,80,0,0,60,0,0,0,0,0,0,0,0
AL,CHANTAL,2013,3,13,20130710,1200,,TS,16.7N,71.2W,40,1011,80,0,0,60,0,0,0,0,0,0,0,0
AL,DORIAN,2013,4,51,20130722,1800,,LO,11.3N,20.0W,25,1009,0,0,0,0,0,0,0,0,0,0,0,0
AL,DORIAN,2013,4,51,20130723,0,,LO,11.5N,20.9W,25,1009,0,0,0,0,0,0,0,0,0,0,0,0
AL,DORIAN,2013,4,51,20130723,600,,LO,11.7N,21.8W,25,1009,0,0,0,0,0,0,0,0,0,0,0,0
AL,DORIAN,2013,4,51,20130723,1200,,LO,12.0N,22.8W,25,1009,0,0,0,0,0,0,0,0,0,0,0,0
AL,DORIAN,2013,4,51,20130723,1800,,TD,12.4N,23.9W,25,1008,0,0,0,0,0,0,0,0,0,0,0,0
AL,DORIAN,2013,4,51,20130724,0,,TD,13.0N,25.4W,30,1007,0,0,0,0,0,0,0,0,0,0,0,0
AL,DORIAN,2013,4,51,20130724,600,,TS,13.5N,27.1W,35,1006,40,0,0,30,0,0,0,0,0,0,0,0
AL,DORIAN,2013,4,51,20130724,1200,,TS,13.9N,29.0W,40,1005,40,0,0,30,0,0,0,0,0,0,0,0
AL,DORIAN,2013,4,51,20130724,1800,,TS,14.4N,30.8W,45,1004,40,0,0,30,0,0,0,0,0,0,0,0
AL,DORIAN,2013,4,51,20130725,0,,TS,14.9N,32.4W,45,1004,40,0,0,30,0,0,0,0,0,0,0,0
AL,DORIAN,2013,4,51,20130725,600,,TS,15.3N,33.9W,50,1002,40,30,0,40,20,0,0,0,0,0,0,0
AL,DORIAN,2013,4,51,20130725,1200,,TS,15.7N,35.5W,50,1002,50,30,20,40,20,0,0,0,0,0,0,0
AL,DORIAN,2013,4,51,20130725,1800,,TS,16.0N,37.1W,50,1003,50,30,20,40,20,0,0,0,0,0,0,0
AL,DORIAN,2013,4,51,20130726,0,,TS,16.4N,38.7W,45,1005,50,30,20,40,0,0,0,0,0,0,0,0
AL,DORIAN,2013,4,51,20130726,600,,TS,16.9N,40.7W,45,1006,50,30,0,40,0,0,0,0,0,0,0,0
AL,DORIAN,2013,4,51,20130726,1200,,TS,17.3N,42.8W,45,1008,50,0,0,50,0,0,0,0,0,0,0,0
AL,DORIAN,2013,4,51,20130726,1800,,TS,17.6N,45.0W,40,1010,50,0,0,50,0,0,0,0,0,0,0,0
AL,DORIAN,2013,4,51,20130727,0,,TS,17.8N,47.1W,35,1012,50,0,0,50,0,0,0,0,0,0,0,0
AL,DORIAN,2013,4,51,20130727,600,,TS,18.0N,49.2W,35,1012,50,0,0,50,0,0,0,0,0,0,0,0
AL,DORIAN,2013,4,51,20130727,1200,,TS,18.3N,51.1W,35,1012,60,0,0,60,0,0,0,0,0,0,0,0
AL,DORIAN,2013,4,51,20130727,1800,,DB,18.6N,53.0W,35,1012,60,0,0,60,0,0,0,0,0,0,0,0
AL,DORIAN,2013,4,51,20130728,0,,DB,19.0N,54.9W,35,1012,60,0,0,60,0,0,0,0,0,0,0,0
AL,DORIAN,2013,4,51,20130728,600,,DB,19.4N,56.8W,35,1013,60,0,0,60,0,0,0,0,0,0,0,0
AL,DORIAN,2013,4,51,20130728,1200,,DB,19.8N,58.6W,35,1013,60,0,0,60,0,0,0,0,0,0,0,0
AL,DORIAN,2013,4,51,20130728,1800,,DB,20.1N,60.3W,30,1013,0,0,0,0,0,0,0,0,0,0,0,0
AL,DORIAN,2013,4,51,20130729,0,,DB,20.4N,62.0W,25,1014,0,0,0,0,0,0,0,0,0,0,0,0
AL,DORIAN,2013,4,51,20130729,600,,DB,20.6N,63.7W,25,1014,0,0,0,0,0,0,0,0,0,0,0,0
AL,DORIAN,2013,4,51,20130729,1200,,DB,20.8N,65.3W,25,1015,0,0,0,0,0,0,0,0,0,0,0,0
AL,DORIAN,2013,4,51,20130729,1800,,DB,21.0N,66.9W,25,1015,0,0,0,0,0,0,0,0,0,0,0,0
AL,DORIAN,2013,4,51,20130730,0,,DB,21.3N,68.5W,25,1015,0,0,0,0,0,0,0,0,0,0,0,0
AL,DORIAN,2013,4,51,20130730,600,,DB,21.5N,69.8W,25,1015,0,0,0,0,0,0,0,0,0,0,0,0
AL,DORIAN,2013,4,51,20130730,1200,,DB,21.7N,71.0W,25,1015,0,0,0,0,0,0,0,0,0,0,0,0
AL,DORIAN,2013,4,51,20130730,1800,,DB,21.9N,72.2W,25,1015,0,0,0,0,0,0,0,0,0,0,0,0
AL,DORIAN,2013,4,51,20130731,0,,DB,22.1N,73.3W,25,1015,0,0,0,0,0,0,0,0,0,0,0,0
AL,DORIAN,2013,4,51,20130731,600,,DB,22.4N,74.4W,25,1015,0,0,0,0,0,0,0,0,0,0,0,0
AL,DORIAN,2013,4,51,20130731,1200,,DB,22.6N,75.3W,25,1015,0,0,0,0,0,0,0,0,0,0,0,0
AL,DORIAN,2013,4,51,20130731,1800,,DB,22.8N,75.9W,25,1015,0,0,0,0,0,0,0,0,0,0,0,0
AL,DORIAN,2013,4,51,20130801,0,,DB,23.0N,76.5W,25,1014,0,0,0,0,0,0,0,0,0,0,0,0
AL,DORIAN,2013,4,51,20130801,600,,DB,23.3N,77.0W,25,1013,0,0,0,0,0,0,0,0,0,0,0,0
AL,DORIAN,2013,4,51,20130801,1200,,DB,23.7N,77.7W,25,1013,0,0,0,0,0,0,0,0,0,0,0,0
AL,DORIAN,2013,4,51,20130801,1800,,DB,24.2N,78.4W,25,1013,0,0,0,0,0,0,0,0,0,0,0,0
AL,DORIAN,2013,4,51,20130802,0,,DB,24.9N,79.0W,25,1013,0,0,0,0,0,0,0,0,0,0,0,0
AL,DORIAN,2013,4,51,20130802,600,,DB,25.7N,79.3W,25,1013,0,0,0,0,0,0,0,0,0,0,0,0
AL,DORIAN,2013,4,51,20130802,1200,,DB,26.5N,79.4W,25,1013,0,0,0,0,0,0,0,0,0,0,0,0
AL,DORIAN,2013,4,51,20130802,1800,,TD,27.4N,79.4W,25,1013,0,0,0,0,0,0,0,0,0,0,0,0
AL,DORIAN,2013,4,51,20130803,0,,TD,28.4N,79.3W,30,1013,0,0,0,0,0,0,0,0,0,0,0,0
AL,DORIAN,2013,4,51,20130803,600,,TD,29.4N,79.1W,30,1013,0,0,0,0,0,0,0,0,0,0,0,0
AL,DORIAN,2013,4,51,20130803,1200,,TD,30.3N,78.8W,30,1013,0,0,0,0,0,0,0,0,0,0,0,0
AL,DORIAN,2013,4,51,20130803,1800,,LO,31.1N,78.1W,30,1013,0,0,0,0,0,0,0,0,0,0,0,0
AL,DORIAN,2013,4,51,20130804,0,,LO,31.8N,77.2W,30,1012,0,0,0,0,0,0,0,0,0,0,0,0
AL,DORIAN,2013,4,51,20130804,600,,LO,32.4N,75.6W,30,1011,0,0,0,0,0,0,0,0,0,0,0,0
AL,ERIN,2013,5,20,20130815,0,,TD,13.9N,23.3W,30,1008,0,0,0,0,0,0,0,0,0,0,0,0
AL,ERIN,2013,5,20,20130815,600,,TS,14.1N,24.6W,35,1007,30,30,0,0,0,0,0,0,0,0,0,0
AL,ERIN,2013,5,20,20130815,1200,,TS,14.3N,25.9W,35,1007,30,30,0,0,0,0,0,0,0,0,0,0
AL,ERIN,2013,5,20,20130815,1800,,TS,14.7N,27.2W,35,1007,30,30,0,0,0,0,0,0,0,0,0,0
AL,ERIN,2013,5,20,20130816,0,,TS,15.3N,28.6W,35,1007,30,30,0,0,0,0,0,0,0,0,0,0
AL,ERIN,2013,5,20,20130816,600,,TS,15.9N,30.0W,35,1007,30,30,0,0,0,0,0,0,0,0,0,0
AL,ERIN,2013,5,20,20130816,1200,,TS,16.5N,31.4W,35,1007,30,30,0,0,0,0,0,0,0,0,0,0
AL,ERIN,2013,5,20,20130816,1800,,TS,17.3N,32.7W,35,1007,30,30,0,0,0,0,0,0,0,0,0,0
AL,ERIN,2013,5,20,20130817,0,,TS,18.0N,33.8W,40,1006,60,50,0,60,0,0,0,0,0,0,0,0
AL,ERIN,2013,5,20,20130817,600,,TS,18.8N,34.7W,40,1006,60,50,0,60,0,0,0,0,0,0,0,0
AL,ERIN,2013,5,20,20130817,1200,,TS,19.6N,35.5W,35,1007,60,0,0,60,0,0,0,0,0,0,0,0
AL,ERIN,2013,5,20,20130817,1800,,TS,20.3N,36.2W,35,1007,60,0,0,60,0,0,0,0,0,0,0,0
AL,ERIN,2013,5,20,20130818,0,,TS,20.6N,37.2W,35,1007,60,0,0,0,0,0,0,0,0,0,0,0
AL,ERIN,2013,5,20,20130818,600,,LO,20.6N,38.0W,30,1008,0,0,0,0,0,0,0,0,0,0,0,0
AL,ERIN,2013,5,20,20130818,1200,,LO,20.5N,38.8W,30,1008,0,0,0,0,0,0,0,0,0,0,0,0
AL,ERIN,2013,5,20,20130818,1800,,LO,20.4N,39.6W,25,1009,0,0,0,0,0,0,0,0,0,0,0,0
AL,ERIN,2013,5,20,20130819,0,,LO,20.3N,40.4W,25,1009,0,0,0,0,0,0,0,0,0,0,0,0
AL,ERIN,2013,5,20,20130819,600,,LO,20.2N,41.2W,25,1009,0,0,0,0,0,0,0,0,0,0,0,0
AL,ERIN,2013,5,20,20130819,1200,,LO,20.1N,42.0W,20,1010,0,0,0,0,0,0,0,0,0,0,0,0
AL,ERIN,2013,5,20,20130819,1800,,LO,20.0N,42.8W,20,1010,0,0,0,0,0,0,0,0,0,0,0,0
AL,FERNAND,2013,6,7,20130825,1200,,TD,18.7N,94.2W,30,1006,0,0,0,0,0,0,0,0,0,0,0,0
AL,FERNAND,2013,6,7,20130825,1800,,TS,18.9N,95.1W,45,1004,30,20,0,30,0,0,0,0,0,0,0,0
AL,FERNAND,2013,6,7,20130826,0,,TS,19.2N,95.9W,50,1001,30,30,30,30,10,0,0,0,0,0,0,0
AL,FERNAND,2013,6,7,20130826,445,L,TS,19.5N,96.3W,50,1001,30,30,30,30,10,0,0,0,0,0,0,0
AL,FERNAND,2013,6,7,20130826,600,,TS,19.7N,96.6W,45,1002,30,30,10,30,0,0,0,0,0,0,0,0
AL,FERNAND,2013,6,7,20130826,1200,,TD,20.1N,97.3W,30,1005,0,0,0,0,0,0,0,0,0,0,0,0
AL,FERNAND,2013,6,7,20130826,1800,,LO,20.5N,98.2W,25,1009,0,0,0,0,0,0,0,0,0,0,0,0
AL,GABRIELLE,2013,7,36,20130904,1800,,TD,16.2N,65.9W,30,1010,0,0,0,0,0,0,0,0,0,0,0,0
AL,GABRIELLE,2013,7,36,20130905,0,,TD,16.7N,66.3W,30,1008,0,0,0,0,0,0,0,0,0,0,0,0
AL,GABRIELLE,2013,7,36,20130905,600,,TD,17.1N,67.0W,30,1008,0,0,0,0,0,0,0,0,0,0,0,0
AL,GABRIELLE,2013,7,36,20130905,1200,,TD,17.4N,67.7W,30,1010,0,0,0,0,0,0,0,0,0,0,0,0
AL,GABRIELLE,2013,7,36,20130905,1800,,DB,17.9N,68.4W,25,1010,0,0,0,0,0,0,0,0,0,0,0,0
AL,GABRIELLE,2013,7,36,20130906,0,,DB,18.8N,68.4W,25,1010,0,0,0,0,0,0,0,0,0,0,0,0
AL,GABRIELLE,2013,7,36,20130906,600,,DB,19.5N,68.5W,20,1010,0,0,0,0,0,0,0,0,0,0,0,0
AL,GABRIELLE,2013,7,36,20130906,1200,,DB,20.0N,68.6W,20,1010,0,0,0,0,0,0,0,0,0,0,0,0
AL,GABRIELLE,2013,7,36,20130906,1800,,DB,20.4N,68.7W,20,1010,0,0,0,0,0,0,0,0,0,0,0,0
AL,GABRIELLE,2013,7,36,20130907,0,,DB,21.2N,68.7W,20,1010,0,0,0,0,0,0,0,0,0,0,0,0
AL,GABRIELLE,2013,7,36,20130907,600,,DB,22.0N,68.8W,20,1010,0,0,0,0,0,0,0,0,0,0,0,0
AL,GABRIELLE,2013,7,36,20130907,1200,,DB,22.8N,69.2W,25,1009,0,0,0,0,0,0,0,0,0,0,0,0
AL,GABRIELLE,2013,7,36,20130907,1800,,DB,23.6N,69.2W,25,1009,0,0,0,0,0,0,0,0,0,0,0,0
AL,GABRIELLE,2013,7,36,20130908,0,,DB,24.4N,69.1W,25,1009,0,0,0,0,0,0,0,0,0,0,0,0
AL,GABRIELLE,2013,7,36,20130908,600,,DB,24.7N,68.9W,25,1009,0,0,0,0,0,0,0,0,0,0,0,0
AL,GABRIELLE,2013,7,36,20130908,1200,,DB,24.8N,68.8W,25,1008,0,0,0,0,0,0,0,0,0,0,0,0
AL,GABRIELLE,2013,7,36,20130908,1800,,DB,24.9N,68.7W,25,1008,0,0,0,0,0,0,0,0,0,0,0,0
AL,GABRIELLE,2013,7,36,20130909,0,,DB,25.1N,68.2W,25,1008,0,0,0,0,0,0,0,0,0,0,0,0
AL,GABRIELLE,2013,7,36,20130909,600,,DB,25.4N,67.8W,25,1008,0,0,0,0,0,0,0,0,0,0,0,0
AL,GABRIELLE,2013,7,36,20130909,1200,,LO,25.9N,66.9W,30,1008,0,0,0,0,0,0,0,0,0,0,0,0
AL,GABRIELLE,2013,7,36,20130909,1800,,LO,26.6N,65.9W,30,1008,0,0,0,0,0,0,0,0,0,0,0,0
AL,GABRIELLE,2013,7,36,20130910,0,,TD,27.6N,65.1W,30,1007,0,0,0,0,0,0,0,0,0,0,0,0
AL,GABRIELLE,2013,7,36,20130910,600,,TS,29.0N,65.0W,40,1005,70,100,0,0,0,0,0,0,0,0,0,0
AL,GABRIELLE,2013,7,36,20130910,1200,,TS,30.1N,64.8W,55,1003,70,100,0,60,20,20,0,20,0,0,0,0
AL,GABRIELLE,2013,7,36,20130910,1800,,TS,31.1N,64.7W,50,1004,90,100,30,60,20,20,0,20,0,0,0,0
AL,GABRIELLE,2013,7,36,20130911,0,,TS,31.9N,64.9W,50,1004,90,100,30,60,20,20,0,20,0,0,0,0
AL,GABRIELLE,2013,7,36,20130911,600,,TS,32.3N,65.4W,45,1008,90,50,30,60,0,0,0,0,0,0,0,0
AL,GABRIELLE,2013,7,36,20130911,1200,,TS,32.5N,65.7W,40,1009,90,40,20,60,0,0,0,0,0,0,0,0
AL,GABRIELLE,2013,7,36,20130911,1800,,TS,32.6N,66.2W,35,1009,90,40,0,50,0,0,0,0,0,0,0,0
AL,GABRIELLE,2013,7,36,20130912,0,,TD,32.9N,66.8W,30,1009,0,0,0,0,0,0,0,0,0,0,0,0
AL,GABRIELLE,2013,7,36,20130912,600,,TD,33.2N,67.4W,30,1009,0,0,0,0,0,0,0,0,0,0,0,0
AL,GABRIELLE,2013,7,36,20130912,1200,,TS,33.6N,67.6W,35,1008,80,90,0,0,0,0,0,0,0,0,0,0
AL,GABRIELLE,2013,7,36,20130912,1800,,TS,34.0N,67.9W,35,1008,80,0,0,0,0,0,0,0,0,0,0,0
AL,GABRIELLE,2013,7,36,20130913,0,,TS,34.7N,68.1W,35,1008,60,0,0,0,0,0,0,0,0,0,0,0
AL,GABRIELLE,2013,7,36,20130913,600,,TD,35.9N,67.5W,30,1007,0,0,0,0,0,0,0,0,0,0,0,0
AL,GABRIELLE,2013,7,36,20130913,1200,,TD,37.7N,66.6W,30,1005,0,0,0,0,0,0,0,0,0,0,0,0
AL,EIGHT,2013,8,4,20130906,1200,,TD,22.4N,97.4W,30,1009,0,0,0,0,0,0,0,0,0,0,0,0
AL,EIGHT,2013,8,4,20130906,1800,L,TD,22.3N,97.9W,30,1008,0,0,0,0,0,0,0,0,0,0,0,0
AL,EIGHT,2013,8,4,20130907,0,,TD,21.9N,98.5W,25,1009,0,0,0,0,0,0,0,0,0,0,0,0
AL,EIGHT,2013,8,4,20130907,600,,LO,21.5N,99.0W,25,1009,0,0,0,0,0,0,0,0,0,0,0,0
AL,HUMBERTO,2013,9,46,20130908,0,,LO,13.0N,17.6W,25,1009,0,0,0,0,0,0,0,0,0,0,0,0
AL,HUMBERTO,2013,9,46,20130908,600,,LO,13.0N,18.4W,25,1009,0,0,0,0,0,0,0,0,0,0,0,0
AL,HUMBERTO,2013,9,46,20130908,1200,,LO,13.0N,19.3W,25,1009,0,0,0,0,0,0,0,0,0,0,0,0
AL,HUMBERTO,2013,9,46,20130908,1800,,TD,13.0N,20.3W,25,1008,0,0,0,0,0,0,0,0,0,0,0,0
AL,HUMBERTO,2013,9,46,20130909,0,,TD,13.1N,21.3W,30,1007,0,0,0,0,0,0,0,0,0,0,0,0
AL,HUMBERTO,2013,9,46,20130909,600,,TS,13.3N,22.4W,35,1006,0,0,40,60,0,0,0,0,0,0,0,0
AL,HUMBERTO,2013,9,46,20130909,1200,,TS,13.5N,23.6W,40,1005,60,0,40,60,0,0,0,0,0,0,0,0
AL,HUMBERTO,2013,9,46,20130909,1800,,TS,13.7N,24.6W,45,1004,80,40,40,60,0,0,0,0,0,0,0,0
AL,HUMBERTO,2013,9,46,20130910,0,,TS,13.9N,25.5W,50,1002,90,60,40,60,40,30,0,0,0,0,0,0
AL,HUMBERTO,2013,9,46,20130910,600,,TS,14.1N,26.5W,55,1000,100,80,50,70,50,30,0,0,0,0,0,0
AL,HUMBERTO,2013,9,46,20130910,1200,,TS,14.3N,27.3W,55,1000,100,80,50,80,50,30,0,30,0,0,0,0
AL,HUMBERTO,2013,9,46,20130910,1800,,TS,14.7N,27.9W,55,999,110,80,50,80,50,30,20,30,0,0,0,0
AL,HUMBERTO,2013,9,46,20130911,0,,TS,15.1N,28.3W,55,998,120,90,60,90,60,40,30,40,0,0,0,0
AL,HUMBERTO,2013,9,46,20130911,600,,TS,15.6N,28.6W,60,994,120,100,60,90,60,40,30,40,0,0,0,0
AL,HUMBERTO,2013,9,46,20130911,1200,,HU,16.3N,28.9W,70,987,120,100,60,90,60,40,30,40,30,20,0,0
AL,HUMBERTO,2013,9,46,20130911,1800,,HU,17.4N,28.9W,80,979,120,100,60,90,60,40,30,40,30,20,0,20
AL,HUMBERTO,2013,9,46,20130912,0,,HU,18.6N,28.9W,80,979,130,120,70,100,60,50,30,50,40,30,20,30
AL,HUMBERTO,2013,9,46,20130912,600,,HU,19.9N,28.9W,80,979,140,130,70,130,60,50,30,50,40,30,20,30
AL,HUMBERTO,2013,9,46,20130912,1200,,HU,21.2N,28.9W,75,980,150,140,70,160,60,50,40,50,40,30,20,30
AL,HUMBERTO,2013,9,46,20130912,1800,,HU,22.3N,29.1W,75,980,160,150,80,160,70,60,40,60,40,30,20,30
AL,HUMBERTO,2013,9,46,20130913,0,,HU,23.2N,29.5W,70,982,180,160,90,160,80,60,40,60,40,30,20,30
AL,HUMBERTO,2013,9,46,20130913,600,,TS,24.0N,30.0W,60,986,200,160,100,160,90,70,50,70,0,0,0,0
AL,HUMBERTO,2013,9,46,20130913,1200,,TS,24.6N,30.8W,55,988,200,160,110,160,90,70,50,70,0,0,0,0
AL,HUMBERTO,2013,9,46,20130913,1800,,TS,24.8N,31.7W,45,995,180,140,100,160,0,0,0,0,0,0,0,0
AL,HUMBERTO,2013,9,46,20130914,0,,LO,24.8N,32.6W,40,999,180,120,80,140,0,0,0,0,0,0,0,0
AL,HUMBERTO,2013,9,46,20130914,600,,LO,24.9N,33.6W,35,1003,180,0,0,120,0,0,0,0,0,0,0,0
AL,HUMBERTO,2013,9,46,20130914,1200,,LO,25.2N,34.8W,35,1004,180,0,0,120,0,0,0,0,0,0,0,0
AL,HUMBERTO,2013,9,46,20130914,1800,,LO,25.5N,36.3W,35,1005,180,0,0,120,0,0,0,0,0,0,0,0
AL,HUMBERTO,2013,9,46,20130915,0,,TS,25.6N,37.8W,35,1004,180,0,0,120,0,0,0,0,0,0,0,0
AL,HUMBERTO,2013,9,46,20130915,600,,TS,25.6N,38.9W,35,1004,190,0,0,120,0,0,0,0,0,0,0,0
AL,HUMBERTO,2013,9,46,20130915,1200,,TS,25.9N,39.7W,35,1004,200,0,0,120,0,0,0,0,0,0,0,0
AL,HUMBERTO,2013,9,46,20130915,1800,,TS,26.4N,40.4W,35,1004,200,0,0,120,0,0,0,0,0,0,0,0
AL,HUMBERTO,2013,9,46,20130916,0,,TS,26.7N,41.3W,35,1004,200,0,0,120,0,0,0,0,0,0,0,0
AL,HUMBERTO,2013,9,46,20130916,600,,TS,26.7N,42.4W,35,1004,190,0,0,110,0,0,0,0,0,0,0,0
AL,HUMBERTO,2013,9,46,20130916,1200,,TS,26.8N,42.9W,40,1000,180,0,0,100,0,0,0,0,0,0,0,0
AL,HUMBERTO,2013,9,46,20130916,1800,,TS,26.9N,43.3W,40,1000,170,0,0,90,0,0,0,0,0,0,0,0
AL,HUMBERTO,2013,9,46,20130917,0,,TS,27.0N,43.2W,35,1002,160,0,0,0,0,0,0,0,0,0,0,0
AL,HUMBERTO,2013,9,46,20130917,600,,TS,27.4N,42.9W,35,1002,140,120,0,0,0,0,0,0,0,0,0,0
AL,HUMBERTO,2013,9,46,20130917,1200,,SS,28.4N,42.6W,40,1000,120,120,0,0,0,0,0,0,0,0,0,0
AL,HUMBERTO,2013,9,46,20130917,1800,,SS,29.5N,42.7W,40,1000,120,0,0,0,0,0,0,0,0,0,0,0
AL,HUMBERTO,2013,9,46,20130918,0,,SS,30.5N,43.2W,35,1003,120,0,0,0,0,0,0,0,0,0,0,0
AL,HUMBERTO,2013,9,46,20130918,600,,SD,31.1N,43.6W,30,1006,0,0,0,0,0,0,0,0,0,0,0,0
AL,HUMBERTO,2013,9,46,20130918,1200,,SD,31.6N,43.9W,30,1006,0,0,0,0,0,0,0,0,0,0,0,0
AL,HUMBERTO,2013,9,46,20130918,1800,,SD,32.0N,44.1W,30,1007,0,0,0,0,0,0,0,0,0,0,0,0
AL,HUMBERTO,2013,9,46,20130919,0,,SD,32.5N,44.3W,30,1007,0,0,0,0,0,0,0,0,0,0,0,0
AL,HUMBERTO,2013,9,46,20130919,600,,SD,33.0N,44.5W,30,1007,0,0,0,0,0,0,0,0,0,0,0,0
AL,INGRID,2013,10,22,20130912,600,,LO,19.3N,92.2W,25,1006,0,0,0,0,0,0,0,0,0,0,0,0
AL,INGRID,2013,10,22,20130912,1200,,LO,19.6N,92.9W,30,1005,0,0,0,0,0,0,0,0,0,0,0,0
AL,INGRID,2013,10,22,20130912,1800,,TD,19.7N,93.6W,30,1004,0,0,0,0,0,0,0,0,0,0,0,0
AL,INGRID,2013,10,22,20130913,0,,TD,19.7N,94.1W,30,1003,0,0,0,0,0,0,0,0,0,0,0,0
AL,INGRID,2013,10,22,20130913,600,,TD,19.6N,94.6W,30,1002,0,0,0,0,0,0,0,0,0,0,0,0
AL,INGRID,2013,10,22,20130913,1200,,TS,19.3N,95.1W,35,1000,40,0,40,40,0,0,0,0,0,0,0,0
AL,INGRID,2013,10,22,20130913,1800,,TS,19.1N,95.3W,40,996,50,30,40,40,0,0,0,0,0,0,0,0
AL,INGRID,2013,10,22,20130914,0,,TS,19.3N,95.3W,50,993,70,40,50,40,40,0,0,0,0,0,0,0
AL,INGRID,2013,10,22,20130914,600,,TS,19.6N,95.1W,55,990,70,60,50,40,40,0,0,0,0,0,0,0
AL,INGRID,2013,10,22,20130914,1200,,TS,20.3N,94.6W,60,989,70,60,50,40,30,0,0,30,0,0,0,0
AL,INGRID,2013,10,22,20130914,1800,,HU,21.0N,94.4W,65,986,70,80,40,40,40,20,0,20,20,0,0,0
AL,INGRID,2013,10,22,20130915,0,,HU,21.6N,94.7W,75,983,70,90,40,50,50,30,20,30,30,0,0,20
AL,INGRID,2013,10,22,20130915,600,,HU,22.0N,95.2W,75,985,70,80,40,60,50,20,20,30,30,0,0,20
AL,INGRID,2013,10,22,20130915,1200,,HU,22.4N,95.6W,65,989,70,70,30,60,40,10,0,30,20,0,0,20
AL,INGRID,2013,10,22,20130915,1800,,HU,22.7N,95.9W,65,987,70,70,30,70,40,10,0,30,20,0,0,0
AL,INGRID,2013,10,22,20130916,0,,HU,23.0N,96.2W,70,989,70,70,30,60,40,20,0,30,15,15,0,0
AL,INGRID,2013,10,22,20130916,600,,TS,23.4N,96.9W,60,990,70,70,30,50,40,20,0,30,0,0,0,0
AL,INGRID,2013,10,22,20130916,1115,L,TS,23.7N,97.7W,55,991,70,60,20,30,30,20,0,0,0,0,0,0
AL,INGRID,2013,10,22,20130916,1200,,TS,23.7N,97.8W,55,991,70,60,20,30,30,20,0,0,0,0,0,0
AL,INGRID,2013,10,22,20130916,1800,,TS,23.7N,98.7W,40,998,70,60,0,20,0,0,0,0,0,0,0,0
AL,INGRID,2013,10,22,20130917,0,,TD,23.7N,99.2W,25,1006,0,0,0,0,0,0,0,0,0,0,0,0
AL,INGRID,2013,10,22,20130917,600,,LO,23.7N,99.7W,20,1008,0,0,0,0,0,0,0,0,0,0,0,0
AL,JERRY,2013,11,33,20130928,0,,LO,21.1N,50.0W,30,1012,0,0,0,0,0,0,0,0,0,0,0,0
AL,JERRY,2013,11,33,20130928,600,,LO,22.2N,50.3W,30,1012,0,0,0,0,0,0,0,0,0,0,0,0
AL,JERRY,2013,11,33,20130928,1200,,LO,23.3N,50.6W,30,1011,0,0,0,0,0,0,0,0,0,0,0,0
AL,JERRY,2013,11,33,20130928,1800,,LO,24.2N,50.6W,30,1011,0,0,0,0,0,0,0,0,0,0,0,0
AL,JERRY,2013,11,33,20130929,0,,TD,24.9N,50.4W,30,1010,0,0,0,0,0,0,0,0,0,0,0,0
AL,JERRY,2013,11,33,20130929,600,,TD,25.6N,49.7W,30,1010,0,0,0,0,0,0,0,0,0,0,0,0
AL,JERRY,2013,11,33,20130929,1200,,TD,26.2N,49.0W,30,1010,0,0,0,0,0,0,0,0,0,0,0,0
AL,JERRY,2013,11,33,20130929,1800,,TD,26.7N,48.2W,30,1010,0,0,0,0,0,0,0,0,0,0,0,0
AL,JERRY,2013,11,33,20130930,0,,TD,27.1N,47.5W,30,1009,0,0,0,0,0,0,0,0,0,0,0,0
AL,JERRY,2013,11,33,20130930,600,,TS,27.2N,46.8W,35,1008,30,30,0,0,0,0,0,0,0,0,0,0
AL,JERRY,2013,11,33,20130930,1200,,TS,27.3N,46.0W,35,1008,40,40,0,0,0,0,0,0,0,0,0,0
AL,JERRY,2013,11,33,20130930,1800,,TS,27.3N,45.0W,40,1006,40,40,0,30,0,0,0,0,0,0,0,0
AL,JERRY,2013,11,33,20131001,0,,TS,27.5N,43.9W,45,1005,50,50,40,40,0,0,0,0,0,0,0,0
AL,JERRY,2013,11,33,20131001,600,,TS,27.7N,43.6W,40,1006,50,50,40,40,0,0,0,0,0,0,0,0
AL,JERRY,2013,11,33,20131001,1200,,TS,28.1N,43.5W,40,1007,40,40,20,30,0,0,0,0,0,0,0,0
AL,JERRY,2013,11,33,20131001,1800,,TS,28.1N,43.5W,40,1007,40,40,20,30,0,0,0,0,0,0,0,0
AL,JERRY,2013,11,33,20131002,0,,TS,28.1N,43.7W,35,1007,40,40,0,30,0,0,0,0,0,0,0,0
AL,JERRY,2013,11,33,20131002,600,,TS,28.1N,43.9W,35,1007,40,40,0,30,0,0,0,0,0,0,0,0
AL,JERRY,2013,11,33,20131002,1200,,TS,28.6N,43.4W,35,1007,40,40,0,30,0,0,0,0,0,0,0,0
AL,JERRY,2013,11,33,20131002,1800,,TS,29.0N,42.9W,35,1007,50,50,0,30,0,0,0,0,0,0,0,0
AL,JERRY,2013,11,33,20131003,0,,TS,29.4N,42.4W,35,1007,60,60,0,0,0,0,0,0,0,0,0,0
AL,JERRY,2013,11,33,20131003,600,,TS,30.1N,41.7W,35,1007,60,60,0,0,0,0,0,0,0,0,0,0
AL,JERRY,2013,11,33,20131003,1200,,TS,30.8N,40.6W,35,1007,60,60,0,0,0,0,0,0,0,0,0,0
AL,JERRY,2013,11,33,20131003,1800,,LO,31.5N,39.3W,35,1008,60,60,0,0,0,0,0,0,0,0,0,0
AL,JERRY,2013,11,33,20131004,0,,LO,32.5N,38.0W,35,1008,60,60,0,0,0,0,0,0,0,0,0,0
AL,JERRY,2013,11,33,20131004,600,,LO,33.1N,36.6W,35,1008,60,60,0,0,0,0,0,0,0,0,0,0
AL,JERRY,2013,11,33,20131004,1200,,LO,33.7N,35.0W,35,1008,60,60,0,0,0,0,0,0,0,0,0,0
AL,JERRY,2013,11,33,20131004,1800,,LO,34.2N,33.7W,35,1008,60,60,0,0,0,0,0,0,0,0,0,0
AL,JERRY,2013,11,33,20131005,0,,LO,34.5N,32.7W,35,1008,60,60,0,0,0,0,0,0,0,0,0,0
AL,JERRY,2013,11,33,20131005,600,,LO,35.0N,31.7W,35,1008,60,60,0,0,0,0,0,0,0,0,0,0
AL,JERRY,2013,11,33,20131005,1200,,LO,35.9N,30.7W,40,1008,60,60,0,0,0,0,0,0,0,0,0,0
AL,JERRY,2013,11,33,20131005,1800,,LO,36.7N,29.8W,40,1008,60,60,0,0,0,0,0,0,0,0,0,0
AL,JERRY,2013,11,33,20131006,0,,LO,38.0N,28.9W,40,1008,60,60,0,0,0,0,0,0,0,0,0,0
AL,KAREN,2013,12,14,20131003,600,,TS,21.5N,86.8W,45,1006,70,70,0,0,0,0,0,0,0,0,0,0
AL,KAREN,2013,12,14,20131003,1200,,TS,22.1N,87.4W,55,1004,100,90,30,60,40,20,0,40,0,0,0,0
AL,KAREN,2013,12,14,20131003,1800,,TS,22.8N,88.1W,55,1001,120,110,30,60,60,40,0,40,0,0,0,0
AL,KAREN,2013,12,14,20131003,2100,P,TS,23.3N,88.5W,55,998,120,110,30,60,60,40,0,40,0,0,0,0
AL,KAREN,2013,12,14,20131004,0,,TS,23.9N,89.0W,50,999,120,110,0,60,60,40,0,0,0,0,0,0
AL,KAREN,2013,12,14,20131004,600,,TS,24.5N,89.5W,45,1002,120,110,0,60,0,0,0,0,0,0,0,0
AL,KAREN,2013,12,14,20131004,1200,,TS,25.2N,89.9W,45,1002,120,110,0,60,0,0,0,0,0,0,0,0
AL,KAREN,2013,12,14,20131004,1800,,TS,25.8N,90.2W,45,1002,100,90,30,20,0,0,0,0,0,0,0,0
AL,KAREN,2013,12,14,20131005,0,,TS,26.1N,90.5W,40,1004,100,90,30,0,0,0,0,0,0,0,0,0
AL,KAREN,2013,12,14,20131005,600,,TS,26.7N,91.0W,40,1007,100,0,0,0,0,0,0,0,0,0,0,0
AL,KAREN,2013,12,14,20131005,1200,,TS,27.6N,91.6W,40,1008,60,0,0,0,0,0,0,0,0,0,0,0
AL,KAREN,2013,12,14,20131005,1800,,TS,27.9N,91.8W,35,1008,30,0,0,0,0,0,0,0,0,0,0,0
AL,KAREN,2013,12,14,20131006,0,,TD,28.1N,91.9W,30,1008,0,0,0,0,0,0,0,0,0,0,0,0
AL,KAREN,2013,12,14,20131006,600,,TD,28.1N,91.9W,25,1009,0,0,0,0,0,0,0,0,0,0,0,0
AL,LORENZO,2013,13,21,20131021,600,,TD,27.6N,55.9W,30,1012,0,0,0,0,0,0,0,0,0,0,0,0
AL,LORENZO,2013,13,21,20131021,1200,,TS,28.2N,55.6W,35,1010,60,60,0,0,0,0,0,0,0,0,0,0
AL,LORENZO,2013,13,21,20131021,1800,,TS,28.8N,55.0W,35,1008,60,60,0,0,0,0,0,0,0,0,0,0
AL,LORENZO,2013,13,21,20131022,0,,TS,29.1N,54.2W,35,1008,60,60,0,0,0,0,0,0,0,0,0,0
AL,LORENZO,2013,13,21,20131022,600,,TS,29.3N,53.3W,40,1005,60,60,0,0,0,0,0,0,0,0,0,0
AL,LORENZO,2013,13,21,20131022,1200,,TS,29.4N,52.4W,45,1000,60,60,40,40,0,0,0,0,0,0,0,0
AL,LORENZO,2013,13,21,20131022,1800,,TS,29.5N,51.5W,45,1000,60,60,40,40,0,0,0,0,0,0,0,0
AL,LORENZO,2013,13,21,20131023,0,,TS,29.5N,50.6W,45,1001,60,60,40,40,0,0,0,0,0,0,0,0
AL,LORENZO,2013,13,21,20131023,600,,TS,29.5N,49.8W,45,1004,60,60,40,40,0,0,0,0,0,0,0,0
AL,LORENZO,2013,13,21,20131023,1200,,TS,29.4N,49.3W,40,1006,60,60,40,40,0,0,0,0,0,0,0,0
AL,LORENZO,2013,13,21,20131023,1800,,TS,29.3N,48.9W,35,1007,60,60,40,40,0,0,0,0,0,0,0,0
AL,LORENZO,2013,13,21,20131024,0,,TD,29.4N,48.4W,30,1008,0,0,0,0,0,0,0,0,0,0,0,0
AL,LORENZO,2013,13,21,20131024,600,,TD,29.7N,48.0W,30,1009,0,0,0,0,0,0,0,0,0,0,0,0
AL,LORENZO,2013,13,21,20131024,1200,,LO,30.1N,47.7W,25,1011,0,0,0,0,0,0,0,0,0,0,0,0
AL,LORENZO,2013,13,21,20131024,1800,,LO,30.5N,47.2W,25,1012,0,0,0,0,0,0,0,0,0,0,0,0
AL,LORENZO,2013,13,21,20131025,0,,LO,30.7N,46.7W,25,1013,0,0,0,0,0,0,0,0,0,0,0,0
AL,LORENZO,2013,13,21,20131025,600,,LO,31.0N,46.1W,25,1013,0,0,0,0,0,0,0,0,0,0,0,0
AL,LORENZO,2013,13,21,20131025,1200,,LO,31.3N,45.7W,25,1013,0,0,0,0,0,0,0,0,0,0,0,0
AL,LORENZO,2013,13,21,20131025,1800,,LO,31.6N,45.3W,25,1013,0,0,0,0,0,0,0,0,0,0,0,0
AL,LORENZO,2013,13,21,20131026,0,,LO,32.1N,44.7W,20,1013,0,0,0,0,0,0,0,0,0,0,0,0
AL,LORENZO,2013,13,21,20131026,600,,LO,32.8N,43.9W,20,1013,0,0,0,0,0,0,0,0,0,0,0,0
AL,MELISSA,2013,14,26,20131117,0,,EX,23.9N,52.4W,35,1006,240,0,0,240,0,0,0,0,0,0,0,0
AL,MELISSA,2013,14,26,20131117,600,,EX,24.3N,52.7W,35,1005,240,0,0,240,0,0,0,0,0,0,0,0
AL,MELISSA,2013,14,26,20131117,1200,,EX,25.0N,52.9W,35,1005,240,0,0,240,0,0,0,0,0,0,0,0
AL,MELISSA,2013,14,26,20131117,1800,,EX,26.0N,52.9W,40,1002,240,150,120,240,0,0,0,0,0,0,0,0
AL,MELISSA,2013,14,26,20131118,0,,EX,27.1N,52.7W,45,997,240,150,120,240,0,0,0,0,0,0,0,0
AL,MELISSA,2013,14,26,20131118,600,,EX,28.3N,52.7W,45,992,240,150,150,240,0,0,0,0,0,0,0,0
AL,MELISSA,2013,14,26,20131118,1200,,SS,29.1N,53.4W,50,987,270,180,180,240,0,60,60,90,0,0,0,0
AL,MELISSA,2013,14,26,20131118,1800,,SS,29.7N,54.0W,50,987,270,180,180,240,60,60,60,90,0,0,0,0
AL,MELISSA,2013,14,26,20131119,0,,SS,30.2N,54.5W,50,985,270,180,180,240,90,60,60,90,0,0,0,0
AL,MELISSA,2013,14,26,20131119,600,,SS,30.8N,54.7W,55,982,240,180,180,210,90,90,60,90,0,0,0,0
AL,MELISSA,2013,14,26,20131119,1200,,SS,31.6N,54.7W,55,982,210,180,180,180,90,90,60,60,0,0,0,0
AL,MELISSA,2013,14,26,20131119,1800,,SS,32.5N,54.4W,50,982,150,180,180,180,90,90,60,60,0,0,0,0
AL,MELISSA,2013,14,26,20131120,0,,SS,33.3N,53.2W,45,985,100,180,180,150,0,0,0,0,0,0,0,0
AL,MELISSA,2013,14,26,20131120,600,,TS,34.1N,51.4W,45,988,90,180,150,120,0,0,0,0,0,0,0,0
AL,MELISSA,2013,14,26,20131120,1200,,TS,35.1N,49.0W,45,988,80,180,150,120,0,0,0,0,0,0,0,0
AL,MELISSA,2013,14,26,20131120,1800,,TS,36.3N,46.4W,45,988,60,180,150,120,0,0,0,0,0,0,0,0
AL,MELISSA,2013,14,26,20131121,0,,TS,37.5N,43.5W,45,984,60,210,150,120,0,0,0,0,0,0,0,0
AL,MELISSA,2013,14,26,20131121,600,,TS,38.8N,40.0W,50,984,60,210,150,120,0,90,90,0,0,0,0,0
AL,MELISSA,2013,14,26,20131121,1200,,TS,39.9N,36.6W,55,980,90,210,180,120,0,90,90,0,0,0,0,0
AL,MELISSA,2013,14,26,20131121,1800,,TS,40.7N,33.3W,55,980,90,210,210,120,0,90,90,0,0,0,0,0
AL,MELISSA,2013,14,26,20131122,0,,LO,41.3N,30.2W,50,984,60,210,210,0,0,90,90,0,0,0,0,0
AL,MELISSA,2013,14,26,20131122,600,,LO,41.6N,27.5W,45,988,60,210,210,0,0,0,0,0,0,0,0,0
AL,MELISSA,2013,14,26,20131122,1200,,EX,41.6N,24.7W,40,992,60,210,210,0,0,0,0,0,0,0,0,0
AL,MELISSA,2013,14,26,20131122,1800,,EX,41.3N,22.0W,40,996,60,210,210,0,0,0,0,0,0,0,0,0
AL,MELISSA,2013,14,26,20131123,0,,EX,40.8N,19.5W,35,1000,0,210,210,0,0,0,0,0,0,0,0,0
AL,MELISSA,2013,14,26,20131123,600,,EX,40.0N,17.1W,35,1004,0,210,210,0,0,0,0,0,0,0,0,0
AL,UNNAMED,2013,15,16,20131203,1800,,EX,34.3N,27.7W,50,1002,160,70,210,300,0,0,0,100,0,0,0,0
AL,UNNAMED,2013,15,16,20131204,0,,EX,33.9N,27.8W,55,1000,160,160,180,300,0,0,0,100,0,0,0,0
AL,UNNAMED,2013,15,16,20131204,600,,EX,33.1N,28.9W,55,997,160,160,180,300,0,0,0,100,0,0,0,0
AL,UNNAMED,2013,15,16,20131204,1200,,EX,32.2N,28.5W,50,995,160,160,180,300,0,0,0,90,0,0,0,0
AL,UNNAMED,2013,15,16,20131204,1800,,EX,31.9N,27.9W,50,995,160,160,180,300,0,0,90,90,0,0,0,0
AL,UNNAMED,2013,15,16,20131205,0,,SS,32.4N,27.5W,45,997,140,170,180,300,0,0,0,0,0,0,0,0
AL,UNNAMED,2013,15,16,20131205,600,,SS,33.0N,27.4W,45,998,140,170,180,300,0,0,0,0,0,0,0,0
AL,UNNAMED,2013,15,16,20131205,1200,,SS,33.5N,27.7W,45,998,130,160,170,240,0,0,0,0,0,0,0,0
AL,UNNAMED,2013,15,16,20131205,1800,,SS,33.7N,27.8W,40,999,120,150,150,150,0,0,0,0,0,0,0,0
AL,UNNAMED,2013,15,16,20131206,0,,SS,33.9N,27.9W,40,999,120,120,120,120,0,0,0,0,0,0,0,0
AL,UNNAMED,2013,15,16,20131206,600,,SS,33.9N,27.1W,40,999,70,0,0,0,0,0,0,0,0,0,0,0
AL,UNNAMED,2013,15,16,20131206,1200,,SS,34.5N,26.9W,40,999,70,0,0,0,0,0,0,0,0,0,0,0
AL,UNNAMED,2013,15,16,20131206,1800,,SS,35.1N,27.0W,40,999,70,0,0,0,0,0,0,0,0,0,0,0
AL,UNNAMED,2013,15,16,20131207,0,,SS,35.8N,27.1W,35,1000,100,0,0,70,0,0,0,0,0,0,0,0
AL,UNNAMED,2013,15,16,20131207,600,,LO,36.5N,27.4W,35,1001,100,0,0,70,0,0,0,0,0,0,0,0
AL,UNNAMED,2013,15,16,20131207,1200,,LO,37.1N,27.8W,30,1003,0,0,0,0,0,0,0,0,0,0,0,0
AL,ARTHUR,2014,1,47,20140628,1800,,LO,32.0N,78.2W,20,1017,0,0,0,0,0,0,0,0,0,0,0,0
AL,ARTHUR,2014,1,47,20140629,0,,LO,31.2N,77.8W,20,1017,0,0,0,0,0,0,0,0,0,0,0,0
AL,ARTHUR,2014,1,47,20140629,600,,LO,30.5N,77.4W,20,1017,0,0,0,0,0,0,0,0,0,0,0,0
AL,ARTHUR,2014,1,47,20140629,1200,,LO,30.0N,77.2W,20,1016,0,0,0,0,0,0,0,0,0,0,0,0
AL,ARTHUR,2014,1,47,20140629,1800,,LO,29.7N,77.2W,25,1015,0,0,0,0,0,0,0,0,0,0,0,0
AL,ARTHUR,2014,1,47,20140630,0,,LO,29.5N,77.5W,25,1014,0,0,0,0,0,0,0,0,0,0,0,0
AL,ARTHUR,2014,1,47,20140630,600,,LO,29.2N,78.0W,25,1013,0,0,0,0,0,0,0,0,0,0,0,0
AL,ARTHUR,2014,1,47,20140630,1200,,LO,28.7N,78.4W,25,1011,0,0,0,0,0,0,0,0,0,0,0,0
AL,ARTHUR,2014,1,47,20140630,1800,,LO,28.1N,78.7W,30,1010,0,0,0,0,0,0,0,0,0,0,0,0
AL,ARTHUR,2014,1,47,20140701,0,,TD,27.7N,78.9W,30,1008,0,0,0,0,0,0,0,0,0,0,0,0
AL,ARTHUR,2014,1,47,20140701,600,,TD,27.5N,79.1W,30,1007,0,0,0,0,0,0,0,0,0,0,0,0
AL,ARTHUR,2014,1,47,20140701,1200,,TS,27.5N,79.2W,35,1005,0,40,40,0,0,0,0,0,0,0,0,0
AL,ARTHUR,2014,1,47,20140701,1800,,TS,27.7N,79.3W,40,1003,40,60,50,40,0,0,0,0,0,0,0,0
AL,ARTHUR,2014,1,47,20140702,0,,TS,27.9N,79.2W,45,999,60,70,50,40,0,0,0,0,0,0,0,0
AL,ARTHUR,2014,1,47,20140702,600,,TS,28.2N,79.1W,50,995,60,70,50,40,30,30,0,0,0,0,0,0
AL,ARTHUR,2014,1,47,20140702,1200,,TS,28.7N,79.0W,55,995,60,70,50,40,30,30,0,0,0,0,0,0
AL,ARTHUR,2014,1,47,20140702,1800,,TS,29.4N,79.1W,60,994,70,70,60,50,30,30,0,30,0,0,0,0
AL,ARTHUR,2014,1,47,20140703,0,,HU,30.1N,79.2W,65,987,70,80,60,50,30,30,20,30,15,15,0,0
AL,ARTHUR,2014,1,47,20140703,600,,HU,30.9N,79.1W,70,984,70,80,60,50,30,30,20,30,15,15,0,0
AL,ARTHUR,2014,1,47,20140703,1200,,HU,31.8N,78.8W,80,981,100,100,60,50,40,50,20,30,20,20,0,0
AL,ARTHUR,2014,1,47,20140703,1800,,HU,32.9N,78.3W,80,978,110,130,80,60,50,60,20,30,30,30,0,20
AL,ARTHUR,2014,1,47,20140704,0,,HU,34.0N,77.3W,85,975,110,130,80,60,50,80,50,30,30,35,30,20
AL,ARTHUR,2014,1,47,20140704,315,L,HU,34.7N,76.6W,85,973,110,130,80,60,50,80,50,30,30,35,30,20
AL,ARTHUR,2014,1,47,20140704,600,,HU,35.3N,76.0W,85,972,100,110,90,40,50,80,50,30,30,35,30,20
AL,ARTHUR,2014,1,47,20140704,800,L,HU,35.8N,75.5W,85,973,100,110,90,40,50,80,50,30,30,35,30,20
AL,ARTHUR,2014,1,47,20140704,1200,,HU,36.8N,74.4W,80,976,100,110,90,60,60,80,40,30,25,35,20,20
AL,ARTHUR,2014,1,47,20140704,1800,,HU,38.4N,72.4W,70,978,120,140,100,70,60,90,40,30,20,60,20,10
AL,ARTHUR,2014,1,47,20140705,0,,HU,40.2N,69.7W,65,976,120,140,100,70,60,100,70,40,45,60,45,0
AL,ARTHUR,2014,1,47,20140705,600,,TS,42.3N,67.6W,60,981,120,140,100,70,50,100,70,40,0,0,0,0
AL,ARTHUR,2014,1,47,20140705,1200,,EX,44.1N,66.5W,60,982,140,180,140,70,0,60,90,0,0,0,0,0
AL,ARTHUR,2014,1,47,20140705,1800,,EX,45.9N,65.3W,55,980,210,180,220,100,0,0,90,0,0,0,0,0
AL,ARTHUR,2014,1,47,20140706,0,,EX,47.1N,64.0W,50,981,90,110,180,180,0,0,90,0,0,0,0,0
AL,ARTHUR,2014,1,47,20140706,600,,EX,47.6N,62.4W,45,982,90,200,0,0,0,0,0,0,0,0,0,0
AL,ARTHUR,2014,1,47,20140706,1200,,EX,48.5N,60.2W,40,986,0,150,0,0,0,0,0,0,0,0,0,0
AL,ARTHUR,2014,1,47,20140706,1800,,EX,50.3N,58.1W,35,989,0,180,0,0,0,0,0,0,0,0,0,0
AL,ARTHUR,2014,1,47,20140707,0,,EX,52.3N,56.4W,35,988,0,240,0,0,0,0,0,0,0,0,0,0
AL,ARTHUR,2014,1,47,20140707,600,,EX,54.2N,55.4W,35,985,0,240,0,0,0,0,0,0,0,0,0,0
AL,ARTHUR,2014,1,47,20140707,1200,,EX,56.0N,54.7W,35,984,320,240,0,0,0,0,0,0,0,0,0,0
AL,ARTHUR,2014,1,47,20140707,1800,,EX,57.3N,54.2W,40,985,320,240,160,0,0,0,0,0,0,0,0,0
AL,ARTHUR,2014,1,47,20140708,0,,EX,58.1N,54.1W,45,988,320,200,150,0,0,0,0,0,0,0,0,0
AL,ARTHUR,2014,1,47,20140708,600,,EX,58.9N,54.7W,40,991,320,180,120,0,0,0,0,0,0,0,0,0
AL,ARTHUR,2014,1,47,20140708,1200,,EX,59.4N,56.1W,35,993,320,0,0,0,0,0,0,0,0,0,0,0
AL,ARTHUR,2014,1,47,20140708,1800,,EX,60.0N,57.0W,30,995,0,0,0,0,0,0,0,0,0,0,0,0
AL,ARTHUR,2014,1,47,20140709,0,,EX,60.3N,56.7W,30,997,0,0,0,0,0,0,0,0,0,0,0,0
AL,ARTHUR,2014,1,47,20140709,600,,EX,60.1N,56.2W,25,1001,0,0,0,0,0,0,0,0,0,0,0,0
AL,ARTHUR,2014,1,47,20140709,1200,,EX,59.8N,55.7W,25,1005,0,0,0,0,0,0,0,0,0,0,0,0
AL,ARTHUR,2014,1,47,20140709,1800,,EX,59.5N,55.0W,25,1008,0,0,0,0,0,0,0,0,0,0,0,0
AL,TWO,2014,2,17,20140719,1200,,LO,9.0N,29.0W,20,1012,0,0,0,0,0,0,0,0,0,0,0,0
AL,TWO,2014,2,17,20140719,1800,,LO,9.4N,30.7W,20,1012,0,0,0,0,0,0,0,0,0,0,0,0
AL,TWO,2014,2,17,20140720,0,,LO,9.7N,31.8W,20,1012,0,0,0,0,0,0,0,0,0,0,0,0
AL,TWO,2014,2,17,20140720,600,,LO,10.0N,33.0W,20,1012,0,0,0,0,0,0,0,0,0,0,0,0
AL,TWO,2014,2,17,20140720,1200,,LO,10.4N,34.4W,20,1012,0,0,0,0,0,0,0,0,0,0,0,0
AL,TWO,2014,2,17,20140720,1800,,LO,10.7N,36.1W,20,1012,0,0,0,0,0,0,0,0,0,0,0,0
AL,TWO,2014,2,17,20140721,0,,LO,11.0N,38.0W,25,1012,0,0,0,0,0,0,0,0,0,0,0,0
AL,TWO,2014,2,17,20140721,600,,LO,11.2N,39.9W,25,1012,0,0,0,0,0,0,0,0,0,0,0,0
AL,TWO,2014,2,17,20140721,1200,,TD,11.4N,41.6W,30,1012,0,0,0,0,0,0,0,0,0,0,0,0
AL,TWO,2014,2,17,20140721,1800,,TD,11.6N,43.1W,30,1012,0,0,0,0,0,0,0,0,0,0,0,0
AL,TWO,2014,2,17,20140722,0,,TD,11.9N,44.4W,30,1012,0,0,0,0,0,0,0,0,0,0,0,0
AL,TWO,2014,2,17,20140722,600,,TD,12.1N,45.7W,30,1012,0,0,0,0,0,0,0,0,0,0,0,0
AL,TWO,2014,2,17,20140722,1200,,TD,12.4N,47.2W,30,1012,0,0,0,0,0,0,0,0,0,0,0,0
AL,TWO,2014,2,17,20140722,1800,,TD,12.8N,48.8W,30,1012,0,0,0,0,0,0,0,0,0,0,0,0
AL,TWO,2014,2,17,20140723,0,,TD,13.2N,50.4W,30,1012,0,0,0,0,0,0,0,0,0,0,0,0
AL,TWO,2014,2,17,20140723,600,,TD,13.7N,52.2W,30,1012,0,0,0,0,0,0,0,0,0,0,0,0
AL,TWO,2014,2,17,20140723,1200,,TD,14.0N,55.0W,30,1012,0,0,0,0,0,0,0,0,0,0,0,0
AL,BERTHA,2014,3,47,20140729,600,,LO,9.6N,37.1W,25,1013,0,0,0,0,0,0,0,0,0,0,0,0
AL,BERTHA,2014,3,47,20140729,1200,,LO,9.5N,38.6W,30,1012,0,0,0,0,0,0,0,0,0,0,0,0
AL,BERTHA,2014,3,47,20140729,1800,,LO,9.5N,40.1W,30,1012,0,0,0,0,0,0,0,0,0,0,0,0
AL,BERTHA,2014,3,47,20140730,0,,LO,9.6N,41.5W,30,1012,0,0,0,0,0,0,0,0,0,0,0,0
AL,BERTHA,2014,3,47,20140730,600,,LO,9.7N,43.0W,30,1012,0,0,0,0,0,0,0,0,0,0,0,0
AL,BERTHA,2014,3,47,20140730,1200,,LO,9.8N,44.7W,30,1012,0,0,0,0,0,0,0,0,0,0,0,0
AL,BERTHA,2014,3,47,20140730,1800,,LO,10.0N,46.4W,30,1011,0,0,0,0,0,0,0,0,0,0,0,0
AL,BERTHA,2014,3,47,20140731,0,,LO,10.4N,48.0W,35,1010,40,40,0,40,0,0,0,0,0,0,0,0
AL,BERTHA,2014,3,47,20140731,600,,LO,10.7N,49.7W,35,1009,40,40,0,40,0,0,0,0,0,0,0,0
AL,BERTHA,2014,3,47,20140731,1200,,LO,11.0N,51.4W,40,1008,40,40,0,40,0,0,0,0,0,0,0,0
AL,BERTHA,2014,3,47,20140731,1800,,LO,11.5N,53.1W,40,1007,40,40,0,40,0,0,0,0,0,0,0,0
AL,BERTHA,2014,3,47,20140801,0,,TS,12.2N,54.6W,40,1007,40,40,0,40,0,0,0,0,0,0,0,0
AL,BERTHA,2014,3,47,20140801,600,,TS,13.0N,56.2W,40,1007,40,40,0,40,0,0,0,0,0,0,0,0
AL,BERTHA,2014,3,47,20140801,1200,,TS,13.8N,58.1W,45,1006,70,40,0,40,0,0,0,0,0,0,0,0
AL,BERTHA,2014,3,47,20140801,1800,,TS,14.5N,60.3W,45,1006,100,40,0,40,0,0,0,0,0,0,0,0
AL,BERTHA,2014,3,47,20140802,0,,TS,15.2N,62.3W,45,1007,100,30,0,40,0,0,0,0,0,0,0,0
AL,BERTHA,2014,3,47,20140802,600,,TS,15.9N,64.1W,40,1008,100,30,0,40,0,0,0,0,0,0,0,0
AL,BERTHA,2014,3,47,20140802,1200,,TS,16.7N,65.9W,40,1009,100,30,0,40,0,0,0,0,0,0,0,0
AL,BERTHA,2014,3,47,20140802,1800,,TS,17.9N,67.6W,40,1010,120,40,0,40,0,0,0,0,0,0,0,0
AL,BERTHA,2014,3,47,20140803,0,,TS,19.2N,69.0W,40,1011,140,70,0,40,0,0,0,0,0,0,0,0
AL,BERTHA,2014,3,47,20140803,600,,TS,20.3N,70.4W,40,1012,140,100,0,50,0,0,0,0,0,0,0,0
AL,BERTHA,2014,3,47,20140803,1200,,TS,21.4N,71.6W,40,1013,140,100,0,50,0,0,0,0,0,0,0,0
AL,BERTHA,2014,3,47,20140803,1400,L,TS,21.8N,71.9W,40,1013,140,100,0,50,0,0,0,0,0,0,0,0
AL,BERTHA,2014,3,47,20140803,1800,,TS,22.7N,72.5W,45,1012,140,100,0,50,0,0,0,0,0,0,0,0
AL,BERTHA,2014,3,47,20140804,0,,TS,24.1N,73.1W,55,1007,140,100,0,40,40,40,0,0,0,0,0,0
AL,BERTHA,2014,3,47,20140804,600,,TS,25.4N,73.5W,60,1004,140,100,0,40,40,40,0,0,0,0,0,0
AL,BERTHA,2014,3,47,20140804,1200,,HU,26.8N,73.6W,70,998,140,100,30,40,40,40,0,0,20,20,0,0
AL,BERTHA,2014,3,47,20140804,1800,,HU,28.5N,73.6W,70,999,120,100,30,40,40,40,0,0,20,20,0,0
AL,BERTHA,2014,3,47,20140805,0,,HU,30.5N,73.4W,65,1001,110,100,30,30,40,40,0,0,20,20,0,0
AL,BERTHA,2014,3,47,20140805,600,,TS,32.5N,73.2W,55,1003,110,100,30,30,40,40,0,0,0,0,0,0
AL,BERTHA,2014,3,47,20140805,1200,,TS,34.2N,72.7W,50,1005,120,100,0,0,30,0,0,0,0,0,0,0
AL,BERTHA,2014,3,47,20140805,1800,,TS,35.5N,71.2W,45,1006,120,120,0,0,0,0,0,0,0,0,0,0
AL,BERTHA,2014,3,47,20140806,0,,TS,36.8N,69.3W,45,1007,120,120,0,0,0,0,0,0,0,0,0,0
AL,BERTHA,2014,3,47,20140806,600,,TS,38.1N,66.9W,45,1007,100,120,0,0,0,0,0,0,0,0,0,0
AL,BERTHA,2014,3,47,20140806,1200,,TS,39.4N,64.1W,45,1006,100,120,0,0,0,0,0,0,0,0,0,0
AL,BERTHA,2014,3,47,20140806,1800,,EX,40.8N,61.3W,45,1002,100,140,0,0,0,0,0,0,0,0,0,0
AL,BERTHA,2014,3,47,20140807,0,,EX,42.1N,58.4W,50,996,30,140,60,30,0,50,0,0,0,0,0,0
AL,BERTHA,2014,3,47,20140807,600,,EX,43.4N,55.6W,45,998,30,140,60,30,0,0,0,0,0,0,0,0
AL,BERTHA,2014,3,47,20140807,1200,,EX,44.6N,52.5W,40,999,0,140,60,0,0,0,0,0,0,0,0,0
AL,BERTHA,2014,3,47,20140807,1800,,EX,46.0N,49.5W,40,1000,0,140,60,0,0,0,0,0,0,0,0,0
AL,BERTHA,2014,3,47,20140808,0,,EX,47.4N,46.6W,35,1001,0,140,0,0,0,0,0,0,0,0,0,0
AL,BERTHA,2014,3,47,20140808,600,,EX,47.9N,43.0W,35,1001,0,140,0,0,0,0,0,0,0,0,0,0
AL,BERTHA,2014,3,47,20140808,1200,,EX,47.5N,39.4W,35,1002,0,140,0,0,0,0,0,0,0,0,0,0
AL,BERTHA,2014,3,47,20140808,1800,,EX,46.9N,34.9W,35,1002,0,140,0,0,0,0,0,0,0,0,0,0
AL,BERTHA,2014,3,47,20140809,0,,EX,47.0N,29.0W,35,1003,0,140,0,0,0,0,0,0,0,0,0,0
AL,BERTHA,2014,3,47,20140809,600,,EX,47.1N,22.0W,35,1003,0,140,0,0,0,0,0,0,0,0,0,0
AL,BERTHA,2014,3,47,20140809,1200,,EX,47.5N,15.0W,35,1003,0,140,0,0,0,0,0,0,0,0,0,0
AL,CRISTOBAL,2014,4,39,20140823,1800,,TD,21.5N,72.2W,30,1005,0,0,0,0,0,0,0,0,0,0,0,0
AL,CRISTOBAL,2014,4,39,20140824,0,,TD,22.0N,72.5W,30,1004,0,0,0,0,0,0,0,0,0,0,0,0
AL,CRISTOBAL,2014,4,39,20140824,600,,TS,22.6N,72.9W,35,1002,60,60,0,0,0,0,0,0,0,0,0,0
AL,CRISTOBAL,2014,4,39,20140824,1200,,TS,23.3N,73.0W,40,1001,60,70,0,0,0,0,0,0,0,0,0,0
AL,CRISTOBAL,2014,4,39,20140824,1800,,TS,24.0N,73.0W,45,1001,60,70,0,0,0,0,0,0,0,0,0,0
AL,CRISTOBAL,2014,4,39,20140825,0,,TS,24.2N,73.0W,45,998,60,80,0,0,0,0,0,0,0,0,0,0
AL,CRISTOBAL,2014,4,39,20140825,600,,TS,24.4N,72.9W,45,996,60,120,0,0,0,0,0,0,0,0,0,0
AL,CRISTOBAL,2014,4,39,20140825,1200,,TS,24.7N,72.7W,50,993,60,120,0,0,0,80,0,0,0,0,0,0
AL,CRISTOBAL,2014,4,39,20140825,1800,,TS,24.9N,72.4W,50,992,60,180,0,0,0,80,0,0,0,0,0,0
AL,CRISTOBAL,2014,4,39,20140826,0,,HU,25.1N,72.1W,65,989,60,180,60,30,0,80,0,0,0,40,0,0
AL,CRISTOBAL,2014,4,39,20140826,600,,HU,25.6N,72.0W,65,989,80,180,60,30,50,90,0,0,25,40,0,0
AL,CRISTOBAL,2014,4,39,20140826,1200,,HU,26.7N,71.8W,65,988,80,180,60,30,50,90,0,0,25,40,0,0
AL,CRISTOBAL,2014,4,39,20140826,1800,,HU,28.1N,71.4W,65,987,180,210,60,60,50,120,0,0,25,50,0,0
AL,CRISTOBAL,2014,4,39,20140827,0,,HU,29.5N,71.5W,70,983,180,210,60,100,90,120,20,20,50,50,10,0
AL,CRISTOBAL,2014,4,39,20140827,600,,HU,30.6N,72.0W,70,983,180,180,60,100,90,100,20,20,50,50,10,0
AL,CRISTOBAL,2014,4,39,20140827,1200,,HU,31.6N,72.2W,70,983,180,180,60,100,90,100,20,20,50,50,10,0
AL,CRISTOBAL,2014,4,39,20140827,1800,,HU,32.3N,71.8W,65,984,180,180,60,70,90,100,30,30,40,50,20,20
AL,CRISTOBAL,2014,4,39,20140828,0,,HU,33.5N,70.7W,65,984,180,180,60,70,90,100,30,30,40,50,20,20
AL,CRISTOBAL,2014,4,39,20140828,600,,HU,34.8N,69.0W,65,982,180,180,60,70,90,100,30,30,40,50,20,20
AL,CRISTOBAL,2014,4,39,20140828,1200,,HU,36.3N,67.1W,70,979,180,180,60,70,90,100,30,30,40,50,20,20
AL,CRISTOBAL,2014,4,39,20140828,1800,,HU,37.5N,63.6W,75,971,180,220,110,60,90,100,40,30,30,50,20,20
AL,CRISTOBAL,2014,4,39,20140829,0,,HU,39.1N,58.8W,75,965,180,220,220,60,90,100,80,40,30,60,20,20
AL,CRISTOBAL,2014,4,39,20140829,600,,HU,41.2N,53.9W,70,967,190,240,220,70,90,120,80,40,40,60,30,0
AL,CRISTOBAL,2014,4,39,20140829,1200,,EX,44.2N,49.0W,65,970,200,270,220,180,100,140,100,70,50,70,40,0
AL,CRISTOBAL,2014,4,39,20140829,1800,,EX,46.7N,45.9W,65,972,200,270,240,200,100,140,100,80,50,70,40,0
AL,CRISTOBAL,2014,4,39,20140830,0,,EX,48.6N,42.8W,65,974,200,270,270,200,100,140,110,100,50,70,40,0
AL,CRISTOBAL,2014,4,39,20140830,600,,EX,49.9N,39.5W,65,974,200,270,270,200,100,140,110,100,50,70,40,0
AL,CRISTOBAL,2014,4,39,20140830,1200,,EX,51.3N,36.2W,60,971,200,300,360,200,100,140,100,80,0,0,0,0
AL,CRISTOBAL,2014,4,39,20140830,1800,,EX,54.0N,32.0W,60,971,240,300,360,200,100,140,100,80,0,0,0,0
AL,CRISTOBAL,2014,4,39,20140831,0,,EX,58.0N,28.9W,60,971,240,300,360,200,100,140,100,80,0,0,0,0
AL,CRISTOBAL,2014,4,39,20140831,600,,EX,61.0N,27.0W,60,963,200,270,240,200,100,140,100,80,0,0,0,0
AL,CRISTOBAL,2014,4,39,20140831,1200,,EX,62.0N,26.0W,60,964,200,270,240,200,100,140,100,80,0,0,0,0
AL,CRISTOBAL,2014,4,39,20140831,1800,,EX,63.0N,24.5W,55,968,200,270,240,200,100,140,100,80,0,0,0,0
AL,CRISTOBAL,2014,4,39,20140901,0,,EX,64.0N,22.0W,50,974,200,270,240,200,100,140,100,80,0,0,0,0
AL,CRISTOBAL,2014,4,39,20140901,600,,EX,65.0N,19.5W,50,978,200,270,240,200,100,140,100,80,0,0,0,0
AL,CRISTOBAL,2014,4,39,20140901,1200,,EX,66.0N,17.0W,45,980,0,200,200,200,0,0,0,0,0,0,0,0
AL,CRISTOBAL,2014,4,39,20140901,1800,,EX,67.0N,15.4W,45,982,0,200,200,200,0,0,0,0,0,0,0,0
AL,CRISTOBAL,2014,4,39,20140902,0,,EX,68.0N,15.0W,40,984,0,200,200,200,0,0,0,0,0,0,0,0
AL,CRISTOBAL,2014,4,39,20140902,600,,EX,69.0N,15.0W,35,985,0,200,200,200,0,0,0,0,0,0,0,0
AL,DOLLY,2014,5,13,20140901,1200,,LO,19.2N,92.3W,25,1009,0,0,0,0,0,0,0,0,0,0,0,0
AL,DOLLY,2014,5,13,20140901,1800,,TD,20.0N,93.2W,30,1009,0,0,0,0,0,0,0,0,0,0,0,0
AL,DOLLY,2014,5,13,20140902,0,,TS,21.3N,93.4W,35,1007,50,70,0,0,0,0,0,0,0,0,0,0
AL,DOLLY,2014,5,13,20140902,600,,TS,22.3N,94.3W,40,1005,70,100,0,0,0,0,0,0,0,0,0,0
AL,DOLLY,2014,5,13,20140902,1200,,TS,22.8N,95.6W,45,1005,70,100,0,0,0,0,0,0,0,0,0,0
AL,DOLLY,2014,5,13,20140902,1800,,TS,22.2N,96.7W,40,1003,120,100,0,0,0,0,0,0,0,0,0,0
AL,DOLLY,2014,5,13,20140903,0,,TS,22.0N,97.3W,40,1001,120,100,0,0,0,0,0,0,0,0,0,0
AL,DOLLY,2014,5,13,20140903,100,P,TS,22.0N,97.4W,40,1000,120,100,0,0,0,0,0,0,0,0,0,0
AL,DOLLY,2014,5,13,20140903,400,L,TS,22.0N,97.7W,40,1002,120,100,0,0,0,0,0,0,0,0,0,0
AL,DOLLY,2014,5,13,20140903,600,,TS,21.9N,98.0W,35,1004,120,0,0,0,0,0,0,0,0,0,0,0
AL,DOLLY,2014,5,13,20140903,1200,,LO,21.8N,98.8W,25,1005,0,0,0,0,0,0,0,0,0,0,0,0
AL,DOLLY,2014,5,13,20140903,1800,,LO,21.7N,99.8W,20,1005,0,0,0,0,0,0,0,0,0,0,0,0
AL,DOLLY,2014,5,13,20140904,0,,LO,21.6N,101.0W,15,1002,0,0,0,0,0,0,0,0,0,0,0,0
AL,EDOUARD,2014,6,47,20140910,1800,,LO,13.7N,33.2W,25,1009,0,0,0,0,0,0,0,0,0,0,0,0
AL,EDOUARD,2014,6,47,20140911,0,,LO,14.2N,34.4W,25,1009,0,0,0,0,0,0,0,0,0,0,0,0
AL,EDOUARD,2014,6,47,20140911,600,,LO,14.9N,35.5W,25,1009,0,0,0,0,0,0,0,0,0,0,0,0
AL,EDOUARD,2014,6,47,20140911,1200,,TD,15.8N,36.5W,30,1008,0,0,0,0,0,0,0,0,0,0,0,0
AL,EDOUARD,2014,6,47,20140911,1800,,TD,16.5N,37.7W,30,1007,0,0,0,0,0,0,0,0,0,0,0,0
AL,EDOUARD,2014,6,47,20140912,0,,TS,17.2N,39.2W,35,1006,40,0,0,0,0,0,0,0,0,0,0,0
AL,EDOUARD,2014,6,47,20140912,600,,TS,17.7N,40.8W,35,1005,60,0,0,0,0,0,0,0,0,0,0,0
AL,EDOUARD,2014,6,47,20140912,1200,,TS,18.3N,42.3W,40,1000,60,0,0,0,0,0,0,0,0,0,0,0
AL,EDOUARD,2014,6,47,20140912,1800,,TS,18.9N,43.6W,40,999,60,0,0,50,0,0,0,0,0,0,0,0
AL,EDOUARD,2014,6,47,20140913,0,,TS,19.6N,44.8W,40,998,60,0,0,50,0,0,0,0,0,0,0,0
AL,EDOUARD,2014,6,47,20140913,600,,TS,20.4N,45.7W,45,997,60,0,0,60,0,0,0,0,0,0,0,0
AL,EDOUARD,2014,6,47,20140913,1200,,TS,21.4N,46.4W,45,996,60,0,0,60,0,0,0,0,0,0,0,0
AL,EDOUARD,2014,6,47,20140913,1800,,TS,22.3N,47.0W,50,995,60,0,0,60,20,0,0,0,0,0,0,0
AL,EDOUARD,2014,6,47,20140914,0,,TS,23.0N,47.9W,55,994,90,90,30,80,30,0,0,30,0,0,0,0
AL,EDOUARD,2014,6,47,20140914,600,,TS,23.7N,49.0W,60,991,120,120,60,100,40,30,0,40,0,0,0,0
AL,EDOUARD,2014,6,47,20140914,1200,,HU,24.4N,50.3W,70,985,120,120,60,100,40,40,30,40,15,15,0,15
AL,EDOUARD,2014,6,47,20140914,1800,,HU,25.1N,51.5W,75,980,120,120,60,100,50,40,30,40,15,15,0,15
AL,EDOUARD,2014,6,47,20140915,0,,HU,25.8N,52.7W,80,975,120,120,60,100,50,40,30,40,20,15,0,15
AL,EDOUARD,2014,6,47,20140915,600,,HU,26.5N,54.0W,85,970,150,100,80,150,60,50,40,50,30,20,10,20
AL,EDOUARD,2014,6,47,20140915,1200,,HU,27.0N,55.1W,90,966,150,100,80,150,60,60,50,60,30,20,10,20
AL,EDOUARD,2014,6,47,20140915,1800,,HU,27.7N,56.1W,95,962,150,130,130,150,70,60,60,70,40,30,20,30
AL,EDOUARD,2014,6,47,20140916,0,,HU,28.5N,56.7W,95,960,150,130,130,150,80,60,60,80,40,30,30,40
AL,EDOUARD,2014,6,47,20140916,600,,HU,29.5N,57.3W,100,956,150,130,130,150,80,70,60,80,40,40,30,40
AL,EDOUARD,2014,6,47,20140916,1200,,HU,30.6N,57.8W,105,955,150,130,130,150,80,80,70,80,40,50,40,40
AL,EDOUARD,2014,6,47,20140916,1800,,HU,31.7N,57.7W,95,958,160,150,130,120,90,90,80,60,40,60,50,30
AL,EDOUARD,2014,6,47,20140917,0,,HU,32.9N,57.0W,85,959,150,160,130,130,90,100,80,60,40,70,60,20
AL,EDOUARD,2014,6,47,20140917,600,,HU,34.3N,56.0W,85,958,150,180,140,90,90,110,90,40,40,70,60,0
AL,EDOUARD,2014,6,47,20140917,1200,,HU,35.7N,54.5W,80,957,150,180,140,90,90,120,90,40,40,70,60,0
AL,EDOUARD,2014,6,47,20140917,1800,,HU,37.2N,52.4W,80,955,150,200,150,90,80,120,100,50,40,70,50,0
AL,EDOUARD,2014,6,47,20140918,0,,HU,38.3N,49.5W,75,958,150,200,150,90,80,120,100,50,40,70,50,0
AL,EDOUARD,2014,6,47,20140918,600,,HU,39.3N,46.7W,70,964,130,200,180,90,80,120,100,50,30,70,50,0
AL,EDOUARD,2014,6,47,20140918,1200,,HU,39.9N,44.1W,70,969,110,200,180,80,80,120,90,50,20,70,70,0
AL,EDOUARD,2014,6,47,20140918,1800,,HU,39.9N,42.1W,65,973,110,200,180,80,70,120,90,50,20,70,70,0
AL,EDOUARD,2014,6,47,20140919,0,,TS,39.9N,40.1W,60,980,110,200,180,80,60,110,90,40,0,0,0,0
AL,EDOUARD,2014,6,47,20140919,600,,TS,39.9N,38.9W,55,988,90,160,150,70,50,100,80,0,0,0,0,0
AL,EDOUARD,2014,6,47,20140919,1200,,TS,39.5N,38.1W,45,994,0,100,80,0,0,0,0,0,0,0,0,0
AL,EDOUARD,2014,6,47,20140919,1800,,LO,39.5N,37.4W,40,1001,0,100,80,0,0,0,0,0,0,0,0,0
AL,EDOUARD,2014,6,47,20140920,0,,LO,39.4N,36.6W,35,1004,0,100,80,0,0,0,0,0,0,0,0,0
AL,EDOUARD,2014,6,47,20140920,600,,LO,39.3N,35.7W,30,1006,0,0,0,0,0,0,0,0,0,0,0,0
AL,EDOUARD,2014,6,47,20140920,1200,,LO,39.1N,34.4W,30,1008,0,0,0,0,0,0,0,0,0,0,0,0
AL,EDOUARD,2014,6,47,20140920,1800,,LO,38.8N,33.0W,25,1010,0,0,0,0,0,0,0,0,0,0,0,0
AL,EDOUARD,2014,6,47,20140921,0,,LO,38.1N,31.8W,25,1012,0,0,0,0,0,0,0,0,0,0,0,0
AL,EDOUARD,2014,6,47,20140921,600,,LO,37.1N,30.9W,25,1013,0,0,0,0,0,0,0,0,0,0,0,0
AL,EDOUARD,2014,6,47,20140921,1200,,LO,36.1N,30.2W,25,1014,0,0,0,0,0,0,0,0,0,0,0,0
AL,EDOUARD,2014,6,47,20140921,1800,,LO,35.1N,30.2W,25,1014,0,0,0,0,0,0,0,0,0,0,0,0
AL,EDOUARD,2014,6,47,20140922,0,,LO,34.2N,30.4W,25,1015,0,0,0,0,0,0,0,0,0,0,0,0
AL,EDOUARD,2014,6,47,20140922,600,,LO,33.4N,30.7W,25,1015,0,0,0,0,0,0,0,0,0,0,0,0
AL,FAY,2014,7,14,20141010,0,,LO,22.0N,61.2W,35,1007,120,0,0,120,0,0,0,0,0,0,0,0
AL,FAY,2014,7,14,20141010,600,,SS,22.7N,62.4W,35,1006,120,0,0,120,0,0,0,0,0,0,0,0
AL,FAY,2014,7,14,20141010,1200,,SS,23.5N,63.3W,35,1005,120,0,0,120,0,0,0,0,0,0,0,0
AL,FAY,2014,7,14,20141010,1800,,SS,24.3N,64.0W,40,1003,120,0,0,120,0,0,0,0,0,0,0,0
AL,FAY,2014,7,14,20141011,0,,SS,25.1N,64.5W,50,999,120,40,40,120,0,0,0,50,0,0,0,0
AL,FAY,2014,7,14,20141011,600,,TS,26.0N,65.0W,55,994,120,40,40,120,0,0,0,50,0,0,0,0
AL,FAY,2014,7,14,20141011,1200,,TS,27.2N,65.3W,60,990,120,80,80,120,50,50,20,50,0,0,0,0
AL,FAY,2014,7,14,20141011,1800,,TS,28.7N,65.4W,60,988,150,140,120,120,50,50,20,50,0,0,0,0
AL,FAY,2014,7,14,20141012,0,,TS,30.2N,65.2W,60,987,150,140,120,120,50,50,60,50,0,0,0,0
AL,FAY,2014,7,14,20141012,600,,HU,31.7N,64.9W,65,985,150,150,120,120,50,60,60,60,0,20,20,0
AL,FAY,2014,7,14,20141012,810,L,HU,32.3N,64.7W,70,984,150,150,120,120,50,60,60,60,0,20,20,0
AL,FAY,2014,7,14,20141012,1200,,HU,33.1N,63.9W,70,983,150,150,120,120,50,60,60,60,0,20,20,0
AL,FAY,2014,7,14,20141012,1800,,TS,33.6N,61.9W,60,986,150,150,120,150,50,60,60,60,0,0,0,0
AL,FAY,2014,7,14,20141013,0,,TS,33.9N,59.0W,50,990,150,150,120,150,50,60,60,60,0,0,0,0
AL,GONZALO,2014,8,39,20141011,1800,,LO,16.4N,54.9W,25,1010,0,0,0,0,0,0,0,0,0,0,0,0
AL,GONZALO,2014,8,39,20141012,0,,TD,16.4N,55.9W,30,1010,0,0,0,0,0,0,0,0,0,0,0,0
AL,GONZALO,2014,8,39,20141012,600,,TD,16.4N,56.9W,30,1008,0,0,0,0,0,0,0,0,0,0,0,0
AL,GONZALO,2014,8,39,20141012,1200,,TS,16.4N,57.9W,35,1006,50,40,0,50,0,0,0,0,0,0,0,0
AL,GONZALO,2014,8,39,20141012,1800,,TS,16.4N,58.8W,40,1004,50,40,0,50,0,0,0,0,0,0,0,0
AL,GONZALO,2014,8,39,20141013,0,,TS,16.5N,59.7W,45,1001,50,40,0,50,0,0,0,0,0,0,0,0
AL,GONZALO,2014,8,39,20141013,600,,TS,16.7N,60.6W,55,996,60,40,20,60,30,0,0,30,0,0,0,0
AL,GONZALO,2014,8,39,20141013,1200,,HU,17.0N,61.5W,65,992,80,50,30,80,30,20,20,30,15,0,0,15
AL,GONZALO,2014,8,39,20141013,1430,L,HU,17.1N,61.8W,65,990,80,50,30,80,30,20,20,30,15,0,0,15
AL,GONZALO,2014,8,39,20141013,1800,,HU,17.6N,62.4W,70,988,90,60,40,90,30,20,20,30,15,10,0,15
AL,GONZALO,2014,8,39,20141013,2245,L,HU,18.1N,63.0W,75,984,90,60,40,90,30,20,20,30,15,10,0,15
AL,GONZALO,2014,8,39,20141013,2315,L,HU,18.2N,63.1W,75,984,90,60,40,90,30,20,20,30,15,10,0,15
AL,GONZALO,2014,8,39,20141014,0,,HU,18.3N,63.2W,80,983,90,60,50,90,30,30,20,30,20,10,10,20
AL,GONZALO,2014,8,39,20141014,600,,HU,19.1N,64.0W,90,976,90,60,50,90,30,30,30,30,20,15,10,20
AL,GONZALO,2014,8,39,20141014,1200,,HU,19.9N,64.8W,95,973,90,60,50,90,30,30,30,30,20,15,10,20
AL,GONZALO,2014,8,39,20141014,1800,,HU,20.8N,65.5W,100,968,90,60,50,90,30,30,30,30,20,15,10,20
AL,GONZALO,2014,8,39,20141015,0,,HU,21.7N,66.2W,115,956,100,60,70,100,30,30,30,40,20,15,15,20
AL,GONZALO,2014,8,39,20141015,600,,HU,22.5N,67.0W,115,953,100,60,70,100,30,30,30,40,20,20,15,20
AL,GONZALO,2014,8,39,20141015,1200,,HU,23.1N,67.7W,115,949,110,80,80,110,50,40,30,40,30,25,15,20
AL,GONZALO,2014,8,39,20141015,1800,,HU,23.8N,68.3W,110,953,110,80,80,110,50,40,30,40,30,25,20,20
AL,GONZALO,2014,8,39,20141016,0,,HU,24.4N,68.6W,110,953,110,90,90,110,60,50,40,50,35,30,25,25
AL,GONZALO,2014,8,39,20141016,600,,HU,25.0N,68.7W,115,948,120,110,90,110,60,50,50,50,35,30,25,25
AL,GONZALO,2014,8,39,20141016,1200,,HU,25.6N,68.7W,125,940,130,130,90,110,70,70,50,50,40,40,25,35
AL,GONZALO,2014,8,39,20141016,1800,,HU,26.5N,68.3W,125,942,130,130,90,110,70,70,50,50,40,40,30,35
AL,GONZALO,2014,8,39,20141017,0,,HU,27.4N,67.8W,120,942,140,150,110,110,80,80,60,60,50,50,35,35
AL,GONZALO,2014,8,39,20141017,600,,HU,28.6N,67.2W,115,945,140,150,110,110,80,80,60,60,50,50,35,35
AL,GONZALO,2014,8,39,20141017,1200,,HU,29.8N,66.5W,110,947,140,150,110,110,80,80,60,60,50,50,50,40
AL,GONZALO,2014,8,39,20141017,1800,,HU,31.0N,65.7W,105,949,140,150,110,110,80,80,60,60,50,50,50,40
AL,GONZALO,2014,8,39,20141018,0,,HU,32.2N,64.9W,95,952,140,150,110,110,80,80,60,60,50,50,50,40
AL,GONZALO,2014,8,39,20141018,30,L,HU,32.3N,64.8W,95,952,140,150,110,110,80,80,60,60,50,50,50,40
AL,GONZALO,2014,8,39,20141018,600,,HU,33.7N,63.9W,90,955,140,150,110,110,80,80,60,60,50,50,50,40
AL,GONZALO,2014,8,39,20141018,1200,,HU,35.6N,62.6W,85,960,150,180,140,100,90,100,80,70,60,60,50,40
AL,GONZALO,2014,8,39,20141018,1800,,HU,38.2N,60.9W,85,964,180,220,160,100,120,120,80,70,60,80,50,40
AL,GONZALO,2014,8,39,20141019,0,,HU,41.2N,58.3W,85,965,180,270,180,90,120,160,90,60,70,100,50,0
AL,GONZALO,2014,8,39,20141019,600,,HU,44.5N,54.8W,80,968,180,270,180,90,120,160,90,40,70,100,50,0
AL,GONZALO,2014,8,39,20141019,1200,,HU,47.8N,50.1W,70,970,180,270,180,90,120,160,90,40,70,100,50,0
AL,GONZALO,2014,8,39,20141019,1800,,EX,50.6N,44.8W,65,976,180,270,240,80,120,160,90,40,70,100,50,0
AL,GONZALO,2014,8,39,20141020,0,,EX,52.6N,38.3W,55,982,180,320,300,0,90,200,0,0,0,0,0,0
AL,GONZALO,2014,8,39,20141020,600,,EX,53.9N,30.9W,50,988,180,320,300,0,60,200,0,0,0,0,0,0
AL,HANNA,2014,9,37,20141021,0,,LO,19.5N,95.3W,25,1002,0,0,0,0,0,0,0,0,0,0,0,0
AL,HANNA,2014,9,37,20141021,600,,LO,19.5N,94.8W,25,1002,0,0,0,0,0,0,0,0,0,0,0,0
AL,HANNA,2014,9,37,20141021,1200,,LO,19.5N,94.2W,25,1001,0,0,0,0,0,0,0,0,0,0,0,0
AL,HANNA,2014,9,37,20141021,1800,,LO,19.5N,93.7W,30,1000,0,0,0,0,0,0,0,0,0,0,0,0
AL,HANNA,2014,9,37,20141022,0,,TD,19.5N,93.3W,30,1000,0,0,0,0,0,0,0,0,0,0,0,0
AL,HANNA,2014,9,37,20141022,600,,TD,19.5N,92.9W,30,1001,0,0,0,0,0,0,0,0,0,0,0,0
AL,HANNA,2014,9,37,20141022,1200,,TD,19.4N,92.4W,30,1002,0,0,0,0,0,0,0,0,0,0,0,0
AL,HANNA,2014,9,37,20141022,1800,,TD,19.3N,91.9W,30,1003,0,0,0,0,0,0,0,0,0,0,0,0
AL,HANNA,2014,9,37,20141023,0,,LO,19.2N,91.3W,25,1004,0,0,0,0,0,0,0,0,0,0,0,0
AL,HANNA,2014,9,37,20141023,600,,LO,18.9N,90.8W,20,1005,0,0,0,0,0,0,0,0,0,0,0,0
AL,HANNA,2014,9,37,20141023,1200,,LO,18.6N,90.5W,20,1006,0,0,0,0,0,0,0,0,0,0,0,0
AL,HANNA,2014,9,37,20141023,1800,,LO,18.2N,90.0W,20,1007,0,0,0,0,0,0,0,0,0,0,0,0
AL,HANNA,2014,9,37,20141024,0,,LO,17.9N,89.4W,20,1008,0,0,0,0,0,0,0,0,0,0,0,0
AL,HANNA,2014,9,37,20141024,600,,LO,18.1N,88.5W,20,1008,0,0,0,0,0,0,0,0,0,0,0,0
AL,HANNA,2014,9,37,20141024,1200,,LO,18.4N,87.7W,20,1008,0,0,0,0,0,0,0,0,0,0,0,0
AL,HANNA,2014,9,37,20141024,1800,,LO,18.8N,87.0W,20,1008,0,0,0,0,0,0,0,0,0,0,0,0
AL,HANNA,2014,9,37,20141025,0,,DB,19.0N,86.2W,20,1008,0,0,0,0,0,0,0,0,0,0,0,0
AL,HANNA,2014,9,37,20141025,600,,DB,18.8N,85.3W,20,1008,0,0,0,0,0,0,0,0,0,0,0,0
AL,HANNA,2014,9,37,20141025,1200,,DB,18.3N,84.5W,25,1008,0,0,0,0,0,0,0,0,0,0,0,0
AL,HANNA,2014,9,37,20141025,1800,,DB,17.7N,83.7W,25,1008,0,0,0,0,0,0,0,0,0,0,0,0
AL,HANNA,2014,9,37,20141026,0,,DB,17.1N,82.9W,25,1007,0,0,0,0,0,0,0,0,0,0,0,0
AL,HANNA,2014,9,37,20141026,600,,DB,16.5N,82.2W,25,1007,0,0,0,0,0,0,0,0,0,0,0,0
AL,HANNA,2014,9,37,20141026,1200,,LO,16.0N,81.8W,30,1006,0,0,0,0,0,0,0,0,0,0,0,0
AL,HANNA,2014,9,37,20141026,1800,,LO,15.5N,81.8W,30,1006,0,0,0,0,0,0,0,0,0,0,0,0
AL,HANNA,2014,9,37,20141027,0,,TD,15.1N,82.0W,30,1006,0,0,0,0,0,0,0,0,0,0,0,0
AL,HANNA,2014,9,37,20141027,600,,TS,15.0N,82.4W,35,1005,0,0,60,70,0,0,0,0,0,0,0,0
AL,HANNA,2014,9,37,20141027,1200,,TS,14.9N,83.0W,35,1005,0,0,60,70,0,0,0,0,0,0,0,0
AL,HANNA,2014,9,37,20141027,1600,L,TS,14.9N,83.3W,35,1005,0,0,0,70,0,0,0,0,0,0,0,0
AL,HANNA,2014,9,37,20141027,1800,,TD,14.9N,83.5W,30,1006,0,0,0,0,0,0,0,0,0,0,0,0
AL,HANNA,2014,9,37,20141028,0,,TD,15.0N,84.3W,30,1007,0,0,0,0,0,0,0,0,0,0,0,0
AL,HANNA,2014,9,37,20141028,600,,LO,15.4N,85.2W,25,1008,0,0,0,0,0,0,0,0,0,0,0,0
AL,HANNA,2014,9,37,20141028,1200,,LO,15.9N,85.9W,20,1009,0,0,0,0,0,0,0,0,0,0,0,0
AL,HANNA,2014,9,37,20141028,1800,,LO,16.5N,86.7W,20,1010,0,0,0,0,0,0,0,0,0,0,0,0
AL,HANNA,2014,9,37,20141029,0,,LO,16.8N,87.6W,20,1010,0,0,0,0,0,0,0,0,0,0,0,0
AL,HANNA,2014,9,37,20141029,600,,LO,16.9N,88.6W,20,1011,0,0,0,0,0,0,0,0,0,0,0,0
AL,HANNA,2014,9,37,20141029,1200,,LO,16.9N,89.6W,20,1011,0,0,0,0,0,0,0,0,0,0,0,0
AL,HANNA,2014,9,37,20141029,1800,,LO,16.8N,90.5W,15,1012,0,0,0,0,0,0,0,0,0,0,0,0
AL,ANA,2015,1,28,20150506,600,,LO,26.8N,79.2W,25,1016,0,0,0,0,0,0,0,0,0,0,0,0
AL,ANA,2015,1,28,20150506,1200,,LO,28.2N,78.5W,25,1015,0,0,0,0,0,0,0,0,0,0,0,0
AL,ANA,2015,1,28,20150506,1800,,LO,29.7N,77.8W,25,1014,0,0,0,0,0,0,0,0,0,0,0,0
AL,ANA,2015,1,28,20150507,0,,LO,30.8N,77.5W,30,1012,0,0,0,0,0,0,0,0,0,0,0,0
AL,ANA,2015,1,28,20150507,600,,LO,30.7N,77.8W,35,1010,0,0,0,100,0,0,0,0,0,0,0,0
AL,ANA,2015,1,28,20150507,1200,,LO,30.6N,77.5W,40,1008,130,0,80,140,0,0,0,0,0,0,0,0
AL,ANA,2015,1,28,20150507,1800,,LO,31.2N,77.5W,40,1005,140,80,80,140,0,0,0,0,0,0,0,0
AL,ANA,2015,1,28,20150508,0,,SS,31.4N,77.6W,40,1003,140,80,80,120,0,0,0,0,0,0,0,0
AL,ANA,2015,1,28,20150508,600,,SS,31.5N,77.6W,40,1002,140,80,80,120,0,0,0,0,0,0,0,0
AL,ANA,2015,1,28,20150508,1200,,SS,31.5N,77.5W,40,1000,130,100,80,100,0,0,0,0,0,0,0,0
AL,ANA,2015,1,28,20150508,1800,,SS,31.6N,77.4W,45,999,100,100,80,100,0,0,0,0,0,0,0,0
AL,ANA,2015,1,28,20150509,0,,SS,31.9N,77.3W,50,998,100,120,80,100,80,0,0,0,0,0,0,0
AL,ANA,2015,1,28,20150509,600,,TS,32.2N,77.5W,50,998,100,110,80,90,70,0,0,0,0,0,0,0
AL,ANA,2015,1,28,20150509,1200,,TS,32.5N,77.8W,50,1001,100,110,80,90,50,50,0,0,0,0,0,0
AL,ANA,2015,1,28,20150509,1800,,TS,32.7N,78.0W,45,1001,100,110,70,90,0,0,0,0,0,0,0,0
AL,ANA,2015,1,28,20150510,0,,TS,33.1N,78.3W,45,1001,90,110,60,50,0,0,0,0,0,0,0,0
AL,ANA,2015,1,28,20150510,600,,TS,33.5N,78.6W,40,1002,80,110,60,40,0,0,0,0,0,0,0,0
AL,ANA,2015,1,28,20150510,1000,L,TS,33.8N,78.8W,40,1002,70,110,60,40,0,0,0,0,0,0,0,0
AL,ANA,2015,1,28,20150510,1200,,TS,33.9N,78.8W,35,1002,70,110,60,20,0,0,0,0,0,0,0,0
AL,ANA,2015,1,28,20150510,1800,,TD,34.3N,78.7W,30,1006,0,0,0,0,0,0,0,0,0,0,0,0
AL,ANA,2015,1,28,20150511,0,,TD,34.7N,78.5W,30,1009,0,0,0,0,0,0,0,0,0,0,0,0
AL,ANA,2015,1,28,20150511,600,,TD,35.5N,78.0W,30,1010,0,0,0,0,0,0,0,0,0,0,0,0
AL,ANA,2015,1,28,20150511,1200,,TD,36.2N,77.3W,30,1012,0,0,0,0,0,0,0,0,0,0,0,0
AL,ANA,2015,1,28,20150511,1800,,TD,37.0N,76.3W,30,1012,0,0,0,0,0,0,0,0,0,0,0,0
AL,ANA,2015,1,28,20150512,0,,LO,38.1N,75.1W,30,1012,0,0,0,0,0,0,0,0,0,0,0,0
AL,ANA,2015,1,28,20150512,600,,LO,39.3N,73.1W,25,1011,0,0,0,0,0,0,0,0,0,0,0,0
AL,ANA,2015,1,28,20150512,1200,,LO,40.8N,70.7W,25,1009,0,0,0,0,0,0,0,0,0,0,0,0
AL,ANA,2015,1,28,20150512,1800,,LO,43.0N,67.0W,25,1005,0,0,0,0,0,0,0,0,0,0,0,0
AL,BILL,2015,2,22,20150616,0,,TS,27.0N,94.3W,45,1005,140,130,0,0,0,0,0,0,0,0,0,0
AL,BILL,2015,2,22,20150616,600,,TS,27.6N,95.2W,45,1001,130,130,0,0,0,0,0,0,0,0,0,0
AL,BILL,2015,2,22,20150616,1200,,TS,28.0N,96.0W,50,997,130,130,0,30,20,20,0,0,0,0,0,0
AL,BILL,2015,2,22,20150616,1645,L,TS,28.2N,96.7W,50,997,130,130,0,30,20,20,0,0,0,0,0,0
AL,BILL,2015,2,22,20150616,1800,,TS,28.2N,96.7W,50,997,130,130,0,30,20,20,0,0,0,0,0,0
AL,BILL,2015,2,22,20150617,0,,TS,29.1N,96.9W,40,998,0,130,0,0,0,0,0,0,0,0,0,0
AL,BILL,2015,2,22,20150617,600,,TD,30.3N,97.1W,30,999,0,0,0,0,0,0,0,0,0,0,0,0
AL,BILL,2015,2,22,20150617,1200,,TD,31.7N,97.4W,30,999,0,0,0,0,0,0,0,0,0,0,0,0
AL,BILL,2015,2,22,20150617,1800,,TD,32.6N,97.5W,25,999,0,0,0,0,0,0,0,0,0,0,0,0
AL,BILL,2015,2,22,20150618,0,,TD,33.5N,97.3W,25,1000,0,0,0,0,0,0,0,0,0,0,0,0
AL,BILL,2015,2,22,20150618,600,,TD,34.2N,96.9W,25,1002,0,0,0,0,0,0,0,0,0,0,0,0
AL,BILL,2015,2,22,20150618,1200,,TD,34.8N,96.3W,20,1003,0,0,0,0,0,0,0,0,0,0,0,0
AL,BILL,2015,2,22,20150618,1800,,LO,35.2N,95.5W,15,1004,0,0,0,0,0,0,0,0,0,0,0,0
AL,BILL,2015,2,22,20150619,0,,LO,35.6N,94.5W,15,1005,0,0,0,0,0,0,0,0,0,0,0,0
AL,BILL,2015,2,22,20150619,600,,LO,35.9N,93.5W,15,1006,0,0,0,0,0,0,0,0,0,0,0,0
AL,BILL,2015,2,22,20150619,1200,,LO,36.3N,92.3W,15,1006,0,0,0,0,0,0,0,0,0,0,0,0
AL,BILL,2015,2,22,20150619,1800,,LO,36.9N,90.9W,20,1005,0,0,0,0,0,0,0,0,0,0,0,0
AL,BILL,2015,2,22,20150620,0,,LO,37.4N,89.4W,20,1004,0,0,0,0,0,0,0,0,0,0,0,0
AL,BILL,2015,2,22,20150620,600,,LO,37.8N,87.8W,15,1002,0,0,0,0,0,0,0,0,0,0,0,0
AL,BILL,2015,2,22,20150620,1200,,LO,38.2N,85.8W,15,1001,0,0,0,0,0,0,0,0,0,0,0,0
AL,BILL,2015,2,22,20150620,1800,,LO,38.5N,83.7W,15,1003,0,0,0,0,0,0,0,0,0,0,0,0
AL,BILL,2015,2,22,20150621,0,,LO,38.9N,81.3W,15,1006,0,0,0,0,0,0,0,0,0,0,0,0
AL,CLAUDETTE,2015,3,15,20150712,0,,LO,35.4N,75.4W,25,1010,0,0,0,0,0,0,0,0,0,0,0,0
AL,CLAUDETTE,2015,3,15,20150712,600,,LO,35.3N,74.6W,25,1010,0,0,0,0,0,0,0,0,0,0,0,0
AL,CLAUDETTE,2015,3,15,20150712,1200,,LO,35.2N,73.6W,25,1010,0,0,0,0,0,0,0,0,0,0,0,0
AL,CLAUDETTE,2015,3,15,20150712,1800,,LO,35.3N,72.8W,25,1010,0,0,0,0,0,0,0,0,0,0,0,0
AL,CLAUDETTE,2015,3,15,20150713,0,,LO,35.5N,72.2W,25,1010,0,0,0,0,0,0,0,0,0,0,0,0
AL,CLAUDETTE,2015,3,15,20150713,600,,TD,36.0N,71.1W,30,1008,0,0,0,0,0,0,0,0,0,0,0,0
AL,CLAUDETTE,2015,3,15,20150713,1200,,TS,36.8N,69.4W,40,1005,60,50,20,30,0,0,0,0,0,0,0,0
AL,CLAUDETTE,2015,3,15,20150713,1800,,TS,37.6N,67.5W,45,1003,60,50,20,30,0,0,0,0,0,0,0,0
AL,CLAUDETTE,2015,3,15,20150714,0,,TS,38.4N,65.7W,45,1004,60,50,20,30,0,0,0,0,0,0,0,0
AL,CLAUDETTE,2015,3,15,20150714,600,,TS,39.4N,64.1W,45,1004,60,60,40,20,0,0,0,0,0,0,0,0
AL,CLAUDETTE,2015,3,15,20150714,1200,,TS,40.7N,62.0W,45,1004,60,70,60,0,0,0,0,0,0,0,0,0
AL,CLAUDETTE,2015,3,15,20150714,1800,,TS,42.0N,60.0W,40,1004,60,70,60,0,0,0,0,0,0,0,0,0
AL,CLAUDETTE,2015,3,15,20150715,0,,LO,43.5N,58.2W,35,1004,60,70,60,0,0,0,0,0,0,0,0,0
AL,CLAUDETTE,2015,3,15,20150715,600,,LO,45.0N,56.9W,30,1004,0,0,0,0,0,0,0,0,0,0,0,0
AL,CLAUDETTE,2015,3,15,20150715,1200,,LO,46.0N,55.9W,30,1004,0,0,0,0,0,0,0,0,0,0,0,0
AL,DANNY,2015,4,31,20150817,0,,LO,9.6N,29.3W,25,1011,0,0,0,0,0,0,0,0,0,0,0,0
AL,DANNY,2015,4,31,20150817,600,,LO,9.6N,30.4W,25,1011,0,0,0,0,0,0,0,0,0,0,0,0
AL,DANNY,2015,4,31,20150817,1200,,LO,9.7N,31.5W,25,1011,0,0,0,0,0,0,0,0,0,0,0,0
AL,DANNY,2015,4,31,20150817,1800,,LO,10.0N,32.6W,25,1010,0,0,0,0,0,0,0,0,0,0,0,0
AL,DANNY,2015,4,31,20150818,0,,LO,10.3N,33.7W,25,1010,0,0,0,0,0,0,0,0,0,0,0,0
AL,DANNY,2015,4,31,20150818,600,,TD,10.4N,34.8W,30,1009,0,0,0,0,0,0,0,0,0,0,0,0
AL,DANNY,2015,4,31,20150818,1200,,TS,10.5N,35.9W,35,1008,40,0,0,40,0,0,0,0,0,0,0,0
AL,DANNY,2015,4,31,20150818,1800,,TS,10.7N,37.1W,40,1006,40,30,0,40,0,0,0,0,0,0,0,0
AL,DANNY,2015,4,31,20150819,0,,TS,10.9N,38.4W,45,1005,50,30,0,40,0,0,0,0,0,0,0,0
AL,DANNY,2015,4,31,20150819,600,,TS,11.0N,39.5W,45,1003,50,30,0,40,0,0,0,0,0,0,0,0
AL,DANNY,2015,4,31,20150819,1200,,TS,11.2N,40.6W,45,1002,50,30,30,40,0,0,0,0,0,0,0,0
AL,DANNY,2015,4,31,20150819,1800,,TS,11.5N,41.5W,50,1001,50,30,20,40,20,0,0,0,0,0,0,0
AL,DANNY,2015,4,31,20150820,0,,TS,11.7N,42.5W,55,1000,50,30,20,40,20,0,0,20,0,0,0,0
AL,DANNY,2015,4,31,20150820,600,,TS,11.9N,43.5W,60,998,50,30,20,40,20,10,10,20,0,0,0,0
AL,DANNY,2015,4,31,20150820,1200,,HU,12.3N,44.4W,65,995,50,30,30,40,20,20,20,20,10,10,10,10
AL,DANNY,2015,4,31,20150820,1800,,HU,12.8N,45.3W,75,990,50,30,30,40,20,20,20,20,10,10,10,10
AL,DANNY,2015,4,31,20150821,0,,HU,13.2N,46.2W,85,981,50,30,30,40,20,20,20,20,10,10,10,10
AL,DANNY,2015,4,31,20150821,600,,HU,13.5N,47.0W,95,973,50,30,30,40,20,20,20,20,10,10,10,10
AL,DANNY,2015,4,31,20150821,1200,,HU,13.8N,47.8W,110,960,50,30,30,50,30,20,20,30,15,10,10,15
AL,DANNY,2015,4,31,20150821,1800,,HU,14.3N,48.6W,105,966,50,30,30,50,30,20,20,30,15,10,10,15
AL,DANNY,2015,4,31,20150822,0,,HU,14.7N,49.4W,95,973,50,30,30,50,30,20,20,30,15,10,10,15
AL,DANNY,2015,4,31,20150822,600,,HU,15.0N,50.3W,85,980,50,30,30,50,30,20,20,30,15,10,10,15
AL,DANNY,2015,4,31,20150822,1200,,HU,15.3N,51.4W,75,985,50,30,30,50,30,20,20,30,15,10,10,15
AL,DANNY,2015,4,31,20150822,1800,,HU,15.5N,52.7W,65,990,50,30,30,50,30,20,20,30,10,10,0,0
AL,DANNY,2015,4,31,20150823,0,,TS,15.6N,54.0W,55,999,50,30,20,50,20,0,0,20,0,0,0,0
AL,DANNY,2015,4,31,20150823,600,,TS,15.7N,55.3W,50,1001,50,30,20,50,20,0,0,0,0,0,0,0
AL,DANNY,2015,4,31,20150823,1200,,TS,15.7N,56.7W,45,1002,50,30,20,40,0,0,0,0,0,0,0,0
AL,DANNY,2015,4,31,20150823,1800,,TS,15.6N,58.2W,40,1004,50,30,0,40,0,0,0,0,0,0,0,0
AL,DANNY,2015,4,31,20150824,0,,TS,15.6N,59.3W,40,1007,50,30,0,0,0,0,0,0,0,0,0,0
AL,DANNY,2015,4,31,20150824,600,,TS,15.8N,60.4W,35,1008,50,30,0,0,0,0,0,0,0,0,0,0
AL,DANNY,2015,4,31,20150824,1200,,TD,15.8N,61.3W,30,1009,0,0,0,0,0,0,0,0,0,0,0,0
AL,ERIKA,2015,5,16,20150824,1800,,TS,14.3N,45.1W,40,1003,70,70,0,0,0,0,0,0,0,0,0,0
AL,ERIKA,2015,5,16,20150825,0,,TS,14.4N,46.9W,40,1003,70,70,0,0,0,0,0,0,0,0,0,0
AL,ERIKA,2015,5,16,20150825,600,,TS,14.7N,48.6W,40,1003,70,70,0,0,0,0,0,0,0,0,0,0
AL,ERIKA,2015,5,16,20150825,1200,,TS,15.0N,50.2W,40,1003,70,70,0,0,0,0,0,0,0,0,0,0
AL,ERIKA,2015,5,16,20150825,1800,,TS,15.3N,51.9W,35,1004,70,70,0,0,0,0,0,0,0,0,0,0
AL,ERIKA,2015,5,16,20150826,0,,TS,15.7N,53.6W,35,1006,90,70,0,0,0,0,0,0,0,0,0,0
AL,ERIKA,2015,5,16,20150826,600,,TS,15.9N,55.2W,35,1005,90,70,0,0,0,0,0,0,0,0,0,0
AL,ERIKA,2015,5,16,20150826,1200,,TS,16.2N,56.8W,40,1005,90,90,0,0,0,0,0,0,0,0,0,0
AL,ERIKA,2015,5,16,20150826,1800,,TS,16.4N,58.2W,40,1005,90,90,0,0,0,0,0,0,0,0,0,0
AL,ERIKA,2015,5,16,20150827,0,,TS,16.6N,59.5W,40,1006,90,90,0,0,0,0,0,0,0,0,0,0
AL,ERIKA,2015,5,16,20150827,600,,TS,16.5N,60.8W,45,1001,100,100,0,0,0,0,0,0,0,0,0,0
AL,ERIKA,2015,5,16,20150827,1200,,TS,16.5N,62.2W,45,1004,120,120,0,0,0,0,0,0,0,0,0,0
AL,ERIKA,2015,5,16,20150827,1800,,TS,16.6N,63.6W,45,1006,120,120,0,0,0,0,0,0,0,0,0,0
AL,ERIKA,2015,5,16,20150828,0,,TS,17.2N,65.1W,45,1006,120,120,0,0,0,0,0,0,0,0,0,0
AL,ERIKA,2015,5,16,20150828,600,,TS,17.5N,66.8W,45,1006,140,120,0,0,0,0,0,0,0,0,0,0
AL,ERIKA,2015,5,16,20150828,1200,,TS,17.6N,68.6W,45,1008,140,120,0,0,0,0,0,0,0,0,0,0
AL,FRED,2015,6,31,20150830,0,,TD,11.6N,17.5W,30,1007,0,0,0,0,0,0,0,0,0,0,0,0
AL,FRED,2015,6,31,20150830,600,,TS,12.2N,18.4W,35,1005,30,30,0,30,0,0,0,0,0,0,0,0
AL,FRED,2015,6,31,20150830,1200,,TS,13.1N,19.5W,45,1004,50,50,0,30,0,0,0,0,0,0,0,0
AL,FRED,2015,6,31,20150830,1800,,TS,14.0N,20.7W,55,998,60,60,30,50,30,30,10,20,0,0,0,0
AL,FRED,2015,6,31,20150831,0,,HU,14.6N,21.7W,65,992,70,70,50,60,40,40,20,30,10,10,10,10
AL,FRED,2015,6,31,20150831,600,,HU,15.3N,22.5W,70,989,70,70,50,60,40,40,20,30,15,10,10,15
AL,FRED,2015,6,31,20150831,1200,,HU,16.1N,23.3W,75,986,70,70,50,60,40,40,20,30,15,10,10,15
AL,FRED,2015,6,31,20150831,1800,,HU,16.8N,24.1W,70,988,70,70,50,60,40,40,20,30,15,10,10,15
AL,FRED,2015,6,31,20150901,0,,HU,17.4N,24.9W,65,991,70,70,50,60,40,40,20,30,10,10,0,10
AL,FRED,2015,6,31,20150901,600,,TS,17.8N,25.7W,60,994,70,70,40,60,30,30,0,30,0,0,0,0
AL,FRED,2015,6,31,20150901,1200,,TS,18.2N,26.7W,50,1000,70,40,40,70,30,0,0,30,0,0,0,0
AL,FRED,2015,6,31,20150901,1800,,TS,18.7N,27.6W,45,1003,70,40,40,70,0,0,0,0,0,0,0,0
AL,FRED,2015,6,31,20150902,0,,TS,19.1N,28.7W,45,1003,70,40,40,70,0,0,0,0,0,0,0,0
AL,FRED,2015,6,31,20150902,600,,TS,19.3N,29.7W,40,1004,70,40,40,70,0,0,0,0,0,0,0,0
AL,FRED,2015,6,31,20150902,1200,,TS,19.6N,30.5W,40,1005,60,40,0,50,0,0,0,0,0,0,0,0
AL,FRED,2015,6,31,20150902,1800,,TS,20.0N,31.4W,35,1006,60,30,0,50,0,0,0,0,0,0,0,0
AL,FRED,2015,6,31,20150903,0,,TS,20.4N,32.2W,35,1006,60,30,0,50,0,0,0,0,0,0,0,0
AL,FRED,2015,6,31,20150903,600,,TS,20.7N,32.9W,40,1005,60,40,0,40,0,0,0,0,0,0,0,0
AL,FRED,2015,6,31,20150903,1200,,TS,21.3N,33.7W,40,1005,60,40,0,40,0,0,0,0,0,0,0,0
AL,FRED,2015,6,31,20150903,1800,,TS,21.8N,34.9W,35,1005,60,40,0,40,0,0,0,0,0,0,0,0
AL,FRED,2015,6,31,20150904,0,,TS,21.9N,36.0W,35,1005,60,40,0,40,0,0,0,0,0,0,0,0
AL,FRED,2015,6,31,20150904,600,,TS,22.0N,36.9W,35,1005,60,40,0,40,0,0,0,0,0,0,0,0
AL,FRED,2015,6,31,20150904,1200,,TD,22.2N,37.9W,30,1005,0,0,0,0,0,0,0,0,0,0,0,0
AL,FRED,2015,6,31,20150904,1800,,TD,22.4N,38.7W,30,1006,0,0,0,0,0,0,0,0,0,0,0,0
AL,FRED,2015,6,31,20150905,0,,TS,22.7N,39.6W,35,1006,30,0,0,0,0,0,0,0,0,0,0,0
AL,FRED,2015,6,31,20150905,600,,TS,23.0N,40.6W,35,1007,30,0,0,0,0,0,0,0,0,0,0,0
AL,FRED,2015,6,31,20150905,1200,,TD,23.3N,41.5W,30,1008,0,0,0,0,0,0,0,0,0,0,0,0
AL,FRED,2015,6,31,20150905,1800,,TD,23.5N,42.2W,30,1008,0,0,0,0,0,0,0,0,0,0,0,0
AL,FRED,2015,6,31,20150906,0,,TD,23.8N,42.9W,30,1009,0,0,0,0,0,0,0,0,0,0,0,0
AL,FRED,2015,6,31,20150906,600,,TD,24.5N,43.3W,30,1010,0,0,0,0,0,0,0,0,0,0,0,0
AL,FRED,2015,6,31,20150906,1200,,TD,25.3N,43.2W,25,1010,0,0,0,0,0,0,0,0,0,0,0,0
AL,GRACE,2015,7,17,20150905,600,,TD,12.0N,23.1W,25,1010,0,0,0,0,0,0,0,0,0,0,0,0
AL,GRACE,2015,7,17,20150905,1200,,TD,12.2N,24.4W,30,1008,0,0,0,0,0,0,0,0,0,0,0,0
AL,GRACE,2015,7,17,20150905,1800,,TS,12.3N,25.7W,35,1007,30,0,0,30,0,0,0,0,0,0,0,0
AL,GRACE,2015,7,17,20150906,0,,TS,12.4N,26.9W,40,1005,30,0,0,30,0,0,0,0,0,0,0,0
AL,GRACE,2015,7,17,20150906,600,,TS,12.5N,28.0W,45,1002,50,30,30,50,0,0,0,0,0,0,0,0
AL,GRACE,2015,7,17,20150906,1200,,TS,12.7N,29.2W,50,1000,50,30,30,50,20,0,0,0,0,0,0,0
AL,GRACE,2015,7,17,20150906,1800,,TS,12.9N,30.5W,45,1002,50,30,30,50,0,0,0,0,0,0,0,0
AL,GRACE,2015,7,17,20150907,0,,TS,13.2N,31.9W,45,1002,50,30,30,50,0,0,0,0,0,0,0,0
AL,GRACE,2015,7,17,20150907,600,,TS,13.5N,33.4W,45,1002,50,30,30,50,0,0,0,0,0,0,0,0
AL,GRACE,2015,7,17,20150907,1200,,TS,13.7N,35.0W,40,1004,50,20,20,50,0,0,0,0,0,0,0,0
AL,GRACE,2015,7,17,20150907,1800,,TS,13.8N,36.7W,40,1004,50,0,0,50,0,0,0,0,0,0,0,0
AL,GRACE,2015,7,17,20150908,0,,TS,13.9N,38.4W,35,1005,40,0,0,40,0,0,0,0,0,0,0,0
AL,GRACE,2015,7,17,20150908,600,,TS,14.0N,40.1W,35,1005,40,0,0,40,0,0,0,0,0,0,0,0
AL,GRACE,2015,7,17,20150908,1200,,TD,14.0N,41.8W,30,1006,0,0,0,0,0,0,0,0,0,0,0,0
AL,GRACE,2015,7,17,20150908,1800,,TD,14.0N,43.4W,30,1006,0,0,0,0,0,0,0,0,0,0,0,0
AL,GRACE,2015,7,17,20150909,0,,TD,14.0N,44.9W,25,1006,0,0,0,0,0,0,0,0,0,0,0,0
AL,GRACE,2015,7,17,20150909,600,,TD,14.0N,46.4W,25,1006,0,0,0,0,0,0,0,0,0,0,0,0
AL,HENRI,2015,8,13,20150908,600,,LO,31.1N,62.2W,20,1014,0,0,0,0,0,0,0,0,0,0,0,0
AL,HENRI,2015,8,13,20150908,1200,,LO,30.9N,61.9W,25,1012,0,0,0,0,0,0,0,0,0,0,0,0
AL,HENRI,2015,8,13,20150908,1800,,TD,30.8N,61.6W,30,1011,0,0,0,0,0,0,0,0,0,0,0,0
AL,HENRI,2015,8,13,20150909,0,,TS,30.8N,61.4W,35,1009,80,0,0,0,0,0,0,0,0,0,0,0
AL,HENRI,2015,8,13,20150909,600,,TS,30.8N,61.2W,35,1007,80,0,0,0,0,0,0,0,0,0,0,0
AL,HENRI,2015,8,13,20150909,1200,,TS,30.8N,61.0W,40,1005,80,80,0,0,0,0,0,0,0,0,0,0
AL,HENRI,2015,8,13,20150909,1800,,TS,30.9N,60.8W,45,1003,120,120,0,0,0,0,0,0,0,0,0,0
AL,HENRI,2015,8,13,20150910,0,,TS,31.2N,60.8W,45,1003,150,150,0,0,0,0,0,0,0,0,0,0
AL,HENRI,2015,8,13,20150910,600,,TS,31.6N,60.9W,45,1005,150,150,0,0,0,0,0,0,0,0,0,0
AL,HENRI,2015,8,13,20150910,1200,,TS,32.2N,60.9W,40,1006,150,150,0,0,0,0,0,0,0,0,0,0
AL,HENRI,2015,8,13,20150910,1800,,TS,33.2N,60.9W,40,1007,150,150,0,0,0,0,0,0,0,0,0,0
AL,HENRI,2015,8,13,20150911,0,,TS,34.3N,60.7W,40,1009,150,150,0,0,0,0,0,0,0,0,0,0
AL,HENRI,2015,8,13,20150911,600,,TS,35.7N,60.3W,40,1010,150,150,0,0,0,0,0,0,0,0,0,0
AL,NINE,2015,9,19,20150915,0,,LO,11.5N,40.3W,20,1011,0,0,0,0,0,0,0,0,0,0,0,0
AL,NINE,2015,9,19,20150915,600,,LO,11.7N,41.1W,20,1011,0,0,0,0,0,0,0,0,0,0,0,0
AL,NINE,2015,9,19,20150915,1200,,LO,11.9N,41.9W,20,1011,0,0,0,0,0,0,0,0,0,0,0,0
AL,NINE,2015,9,19,20150915,1800,,LO,12.5N,42.4W,20,1011,0,0,0,0,0,0,0,0,0,0,0,0
AL,NINE,2015,9,19,20150916,0,,LO,13.3N,42.7W,25,1010,0,0,0,0,0,0,0,0,0,0,0,0
AL,NINE,2015,9,19,20150916,600,,LO,14.0N,43.1W,25,1009,0,0,0,0,0,0,0,0,0,0,0,0
AL,NINE,2015,9,19,20150916,1200,,TD,14.5N,43.7W,25,1009,0,0,0,0,0,0,0,0,0,0,0,0
AL,NINE,2015,9,19,20150916,1800,,TD,15.0N,44.4W,25,1009,0,0,0,0,0,0,0,0,0,0,0,0
AL,NINE,2015,9,19,20150917,0,,TD,15.3N,44.8W,25,1008,0,0,0,0,0,0,0,0,0,0,0,0
AL,NINE,2015,9,19,20150917,600,,TD,15.6N,45.0W,30,1006,0,0,0,0,0,0,0,0,0,0,0,0
AL,NINE,2015,9,19,20150917,1200,,TD,15.9N,45.1W,30,1006,0,0,0,0,0,0,0,0,0,0,0,0
AL,NINE,2015,9,19,20150917,1800,,TD,16.3N,45.1W,25,1007,0,0,0,0,0,0,0,0,0,0,0,0
AL,NINE,2015,9,19,20150918,0,,TD,16.8N,45.2W,25,1007,0,0,0,0,0,0,0,0,0,0,0,0
AL,NINE,2015,9,19,20150918,600,,TD,17.3N,45.8W,25,1007,0,0,0,0,0,0,0,0,0,0,0,0
AL,NINE,2015,9,19,20150918,1200,,TD,17.6N,46.6W,25,1007,0,0,0,0,0,0,0,0,0,0,0,0
AL,NINE,2015,9,19,20150918,1800,,TD,17.9N,47.3W,25,1007,0,0,0,0,0,0,0,0,0,0,0,0
AL,NINE,2015,9,19,20150919,0,,TD,18.1N,48.1W,25,1008,0,0,0,0,0,0,0,0,0,0,0,0
AL,NINE,2015,9,19,20150919,600,,TD,18.3N,48.8W,25,1009,0,0,0,0,0,0,0,0,0,0,0,0
AL,NINE,2015,9,19,20150919,1200,,TD,18.5N,49.4W,25,1009,0,0,0,0,0,0,0,0,0,0,0,0
AL,IDA,2015,10,51,20150915,1200,,LO,9.4N,24.2W,25,1010,0,0,0,0,0,0,0,0,0,0,0,0
AL,IDA,2015,10,51,20150915,1800,,LO,9.7N,25.5W,25,1010,0,0,0,0,0,0,0,0,0,0,0,0
AL,IDA,2015,10,51,20150916,0,,LO,10.1N,26.6W,25,1010,0,0,0,0,0,0,0,0,0,0,0,0
AL,IDA,2015,10,51,20150916,600,,LO,10.4N,27.6W,25,1010,0,0,0,0,0,0,0,0,0,0,0,0
AL,IDA,2015,10,51,20150916,1200,,LO,10.7N,28.6W,25,1010,0,0,0,0,0,0,0,0,0,0,0,0
AL,IDA,2015,10,51,20150916,1800,,LO,11.0N,29.6W,25,1009,0,0,0,0,0,0,0,0,0,0,0,0
AL,IDA,2015,10,51,20150917,0,,LO,11.3N,30.7W,25,1009,0,0,0,0,0,0,0,0,0,0,0,0
AL,IDA,2015,10,51,20150917,600,,LO,11.6N,31.8W,25,1008,0,0,0,0,0,0,0,0,0,0,0,0
AL,IDA,2015,10,51,20150917,1200,,LO,12.0N,32.9W,25,1008,0,0,0,0,0,0,0,0,0,0,0,0
AL,IDA,2015,10,51,20150917,1800,,LO,12.3N,33.9W,25,1008,0,0,0,0,0,0,0,0,0,0,0,0
AL,IDA,2015,10,51,20150918,0,,LO,12.6N,34.9W,25,1008,0,0,0,0,0,0,0,0,0,0,0,0
AL,IDA,2015,10,51,20150918,600,,TD,12.9N,35.7W,25,1007,0,0,0,0,0,0,0,0,0,0,0,0
AL,IDA,2015,10,51,20150918,1200,,TD,13.2N,36.4W,25,1007,0,0,0,0,0,0,0,0,0,0,0,0
AL,IDA,2015,10,51,20150918,1800,,TD,13.4N,37.0W,30,1006,0,0,0,0,0,0,0,0,0,0,0,0
AL,IDA,2015,10,51,20150919,0,,TS,13.7N,37.6W,35,1005,80,80,0,30,0,0,0,0,0,0,0,0
AL,IDA,2015,10,51,20150919,600,,TS,14.1N,38.4W,35,1005,90,90,0,30,0,0,0,0,0,0,0,0
AL,IDA,2015,10,51,20150919,1200,,TS,14.6N,39.4W,35,1005,90,90,0,30,0,0,0,0,0,0,0,0
AL,IDA,2015,10,51,20150919,1800,,TS,15.1N,40.6W,35,1005,100,100,0,30,0,0,0,0,0,0,0,0
AL,IDA,2015,10,51,20150920,0,,TS,15.6N,41.9W,40,1004,110,110,0,40,0,0,0,0,0,0,0,0
AL,IDA,2015,10,51,20150920,600,,TS,16.2N,43.1W,40,1004,120,120,0,40,0,0,0,0,0,0,0,0
AL,IDA,2015,10,51,20150920,1200,,TS,16.9N,44.4W,40,1004,130,130,0,40,0,0,0,0,0,0,0,0
AL,IDA,2015,10,51,20150920,1800,,TS,17.8N,45.6W,40,1003,140,140,0,40,0,0,0,0,0,0,0,0
AL,IDA,2015,10,51,20150921,0,,TS,18.8N,46.5W,40,1003,150,150,0,40,0,0,0,0,0,0,0,0
AL,IDA,2015,10,51,20150921,600,,TS,19.7N,47.3W,45,1002,150,160,0,40,0,0,0,0,0,0,0,0
AL,IDA,2015,10,51,20150921,1200,,TS,20.5N,48.1W,45,1001,150,170,0,40,0,0,0,0,0,0,0,0
AL,IDA,2015,10,51,20150921,1800,,TS,20.9N,48.7W,45,1001,150,180,0,40,0,0,0,0,0,0,0,0
AL,IDA,2015,10,51,20150922,0,,TS,21.3N,48.9W,40,1002,150,180,0,40,0,0,0,0,0,0,0,0
AL,IDA,2015,10,51,20150922,600,,TS,21.4N,48.5W,40,1002,140,170,0,40,0,0,0,0,0,0,0,0
AL,IDA,2015,10,51,20150922,1200,,TS,21.4N,47.9W,40,1002,130,160,0,40,0,0,0,0,0,0,0,0
AL,IDA,2015,10,51,20150922,1800,,TS,21.1N,47.4W,40,1003,130,160,0,40,0,0,0,0,0,0,0,0
AL,IDA,2015,10,51,20150923,0,,TS,20.9N,47.2W,35,1004,120,150,0,40,0,0,0,0,0,0,0,0
AL,IDA,2015,10,51,20150923,600,,TS,20.6N,47.2W,35,1004,120,140,0,40,0,0,0,0,0,0,0,0
AL,IDA,2015,10,51,20150923,1200,,TS,20.3N,47.2W,35,1004,120,130,0,40,0,0,0,0,0,0,0,0
AL,IDA,2015,10,51,20150923,1800,,TS,19.9N,46.9W,35,1004,120,130,0,0,0,0,0,0,0,0,0,0
AL,IDA,2015,10,51,20150924,0,,TS,19.7N,46.4W,35,1004,0,120,0,0,0,0,0,0,0,0,0,0
AL,IDA,2015,10,51,20150924,600,,TD,19.7N,45.7W,30,1005,0,0,0,0,0,0,0,0,0,0,0,0
AL,IDA,2015,10,51,20150924,1200,,TD,20.0N,45.2W,30,1005,0,0,0,0,0,0,0,0,0,0,0,0
AL,IDA,2015,10,51,20150924,1800,,TD,20.5N,45.0W,30,1005,0,0,0,0,0,0,0,0,0,0,0,0
AL,IDA,2015,10,51,20150925,0,,TD,21.0N,45.0W,30,1006,0,0,0,0,0,0,0,0,0,0,0,0
AL,IDA,2015,10,51,20150925,600,,TD,21.4N,45.0W,30,1006,0,0,0,0,0,0,0,0,0,0,0,0
AL,IDA,2015,10,51,20150925,1200,,TD,21.8N,45.1W,30,1006,0,0,0,0,0,0,0,0,0,0,0,0
AL,IDA,2015,10,51,20150925,1800,,TD,22.2N,45.2W,30,1006,0,0,0,0,0,0,0,0,0,0,0,0
AL,IDA,2015,10,51,20150926,0,,TD,22.6N,45.5W,30,1006,0,0,0,0,0,0,0,0,0,0,0,0
AL,IDA,2015,10,51,20150926,600,,TD,23.1N,45.8W,30,1006,0,0,0,0,0,0,0,0,0,0,0,0
AL,IDA,2015,10,51,20150926,1200,,TD,23.6N,46.2W,30,1006,0,0,0,0,0,0,0,0,0,0,0,0
AL,IDA,2015,10,51,20150926,1800,,TD,24.0N,46.7W,30,1006,0,0,0,0,0,0,0,0,0,0,0,0
AL,IDA,2015,10,51,20150927,0,,TD,24.3N,47.2W,30,1006,0,0,0,0,0,0,0,0,0,0,0,0
AL,IDA,2015,10,51,20150927,600,,TD,24.5N,47.7W,25,1007,0,0,0,0,0,0,0,0,0,0,0,0
AL,IDA,2015,10,51,20150927,1200,,LO,24.6N,48.1W,25,1007,0,0,0,0,0,0,0,0,0,0,0,0
AL,IDA,2015,10,51,20150927,1800,,LO,24.5N,48.7W,25,1007,0,0,0,0,0,0,0,0,0,0,0,0
AL,IDA,2015,10,51,20150928,0,,LO,24.1N,49.3W,20,1008,0,0,0,0,0,0,0,0,0,0,0,0
AL,JOAQUIN,2015,11,76,20150926,1800,,LO,26.8N,68.7W,20,1011,0,0,0,0,0,0,0,0,0,0,0,0
AL,JOAQUIN,2015,11,76,20150927,0,,LO,26.9N,68.6W,20,1011,0,0,0,0,0,0,0,0,0,0,0,0
AL,JOAQUIN,2015,11,76,20150927,600,,LO,27.0N,68.5W,20,1010,0,0,0,0,0,0,0,0,0,0,0,0
AL,JOAQUIN,2015,11,76,20150927,1200,,LO,27.1N,68.6W,25,1009,0,0,0,0,0,0,0,0,0,0,0,0
AL,JOAQUIN,2015,11,76,20150927,1800,,LO,27.2N,68.8W,30,1007,0,0,0,0,0,0,0,0,0,0,0,0
AL,JOAQUIN,2015,11,76,20150928,0,,TD,27.4N,69.0W,30,1007,0,0,0,0,0,0,0,0,0,0,0,0
AL,JOAQUIN,2015,11,76,20150928,600,,TD,27.6N,69.3W,30,1007,0,0,0,0,0,0,0,0,0,0,0,0
AL,JOAQUIN,2015,11,76,20150928,1200,,TD,27.7N,69.7W,30,1006,0,0,0,0,0,0,0,0,0,0,0,0
AL,JOAQUIN,2015,11,76,20150928,1800,,TD,27.4N,70.0W,30,1003,0,0,0,0,0,0,0,0,0,0,0,0
AL,JOAQUIN,2015,11,76,20150929,0,,TS,26.9N,70.1W,35,1002,0,60,0,0,0,0,0,0,0,0,0,0
AL,JOAQUIN,2015,11,76,20150929,600,,TS,26.5N,70.3W,35,1002,0,60,0,0,0,0,0,0,0,0,0,0
AL,JOAQUIN,2015,11,76,20150929,1200,,TS,26.2N,70.5W,45,999,0,70,0,0,0,0,0,0,0,0,0,0
AL,JOAQUIN,2015,11,76,20150929,1800,,TS,26.0N,70.8W,55,992,60,80,0,0,30,50,0,0,0,0,0,0
AL,JOAQUIN,2015,11,76,20150930,0,,TS,25.8N,71.3W,60,985,70,80,30,30,40,50,0,0,0,0,0,0
AL,JOAQUIN,2015,11,76,20150930,600,,HU,25.4N,71.8W,65,978,80,90,40,40,40,50,30,30,30,30,20,20
AL,JOAQUIN,2015,11,76,20150930,1200,,HU,24.9N,72.2W,70,971,90,110,60,60,40,50,30,30,30,30,20,20
AL,JOAQUIN,2015,11,76,20150930,1800,,HU,24.4N,72.5W,80,961,100,120,80,80,40,50,30,30,30,30,20,20
AL,JOAQUIN,2015,11,76,20151001,0,,HU,23.9N,72.9W,100,951,100,130,90,90,40,50,30,40,30,30,20,20
AL,JOAQUIN,2015,11,76,20151001,600,,HU,23.5N,73.3W,110,947,110,140,100,100,50,60,40,40,30,30,25,25
AL,JOAQUIN,2015,11,76,20151001,1200,L,HU,23.1N,73.7W,115,942,110,150,120,110,60,60,40,50,35,30,30,30
AL,JOAQUIN,2015,11,76,20151001,1800,,HU,23.0N,74.2W,115,936,110,160,130,110,60,70,50,60,40,35,35,35
AL,JOAQUIN,2015,11,76,20151002,0,,HU,22.9N,74.4W,120,931,120,170,130,120,70,70,60,70,40,35,40,40
AL,JOAQUIN,2015,11,76,20151002,600,,HU,23.0N,74.7W,120,935,120,180,140,120,80,80,60,70,45,40,40,40
AL,JOAQUIN,2015,11,76,20151002,1200,,HU,23.4N,74.8W,115,937,130,180,140,120,80,80,70,70,45,45,45,45
AL,JOAQUIN,2015,11,76,20151002,1600,L,HU,23.6N,74.8W,110,940,130,180,140,120,80,80,70,70,45,45,45,45
AL,JOAQUIN,2015,11,76,20151002,1800,,HU,23.8N,74.7W,110,941,140,180,140,120,80,80,70,70,50,45,45,45
AL,JOAQUIN,2015,11,76,20151002,2100,L,HU,24.1N,74.5W,110,942,140,180,140,120,80,80,70,70,50,45,45,45
AL,JOAQUIN,2015,11,76,20151003,0,,HU,24.3N,74.3W,115,943,140,180,140,120,80,90,70,70,50,50,45,45
AL,JOAQUIN,2015,11,76,20151003,600,,HU,24.8N,73.6W,120,945,150,180,140,120,80,90,60,60,50,50,40,45
AL,JOAQUIN,2015,11,76,20151003,1200,,HU,25.4N,72.6W,135,934,150,180,130,110,80,90,60,60,45,55,40,40
AL,JOAQUIN,2015,11,76,20151003,1800,,HU,26.3N,71.0W,130,934,160,180,130,110,70,90,60,50,45,55,40,40
AL,JOAQUIN,2015,11,76,20151004,0,,HU,27.4N,69.5W,115,941,160,180,130,110,70,90,50,50,40,50,35,35
AL,JOAQUIN,2015,11,76,20151004,600,,HU,28.9N,68.3W,105,949,160,180,120,110,70,90,50,40,40,50,35,30
AL,JOAQUIN,2015,11,76,20151004,1200,,HU,30.4N,67.2W,95,956,160,170,120,110,60,80,50,40,35,50,35,30
AL,JOAQUIN,2015,11,76,20151004,1800,,HU,31.6N,66.5W,85,958,170,170,120,110,60,80,50,40,35,45,30,25
AL,JOAQUIN,2015,11,76,20151005,0,,HU,32.6N,66.0W,75,961,170,170,130,120,60,80,50,40,35,40,30,20
AL,JOAQUIN,2015,11,76,20151005,600,,HU,33.6N,65.6W,75,964,170,170,130,120,60,70,50,50,35,40,30,20
AL,JOAQUIN,2015,11,76,20151005,1200,,HU,34.4N,65.2W,75,964,170,170,140,130,70,70,50,50,35,35,30,20
AL,JOAQUIN,2015,11,76,20151005,1800,,HU,35.3N,64.5W,75,964,170,170,150,130,70,80,50,50,35,35,25,20
AL,JOAQUIN,2015,11,76,20151006,0,,HU,36.2N,63.6W,75,967,160,180,160,140,80,80,60,60,35,35,25,25
AL,JOAQUIN,2015,11,76,20151006,600,,HU,37.0N,62.3W,75,970,160,180,170,150,90,90,70,60,40,35,25,30
AL,JOAQUIN,2015,11,76,20151006,1200,,HU,37.9N,60.4W,70,974,160,190,190,150,90,100,80,70,40,40,25,30
AL,JOAQUIN,2015,11,76,20151006,1800,,HU,38.8N,58.0W,70,974,160,190,200,150,90,110,90,70,40,40,25,30
AL,JOAQUIN,2015,11,76,20151007,0,,HU,39.6N,54.9W,70,974,160,200,220,160,90,120,100,80,40,45,25,30
AL,JOAQUIN,2015,11,76,20151007,600,,HU,40.3N,51.5W,65,977,160,210,230,160,90,140,120,80,40,50,30,0
AL,JOAQUIN,2015,11,76,20151007,1200,,TS,41.0N,47.5W,60,977,160,230,250,160,0,150,130,80,0,0,0,0
AL,JOAQUIN,2015,11,76,20151007,1800,,TS,41.5N,43.3W,60,977,160,240,260,160,0,160,140,80,0,0,0,0
AL,JOAQUIN,2015,11,76,20151008,0,,LO,41.9N,39.1W,55,977,160,250,270,150,0,160,150,0,0,0,0,0
AL,JOAQUIN,2015,11,76,20151008,600,,LO,42.4N,35.0W,50,977,170,260,270,140,0,160,160,0,0,0,0,0
AL,JOAQUIN,2015,11,76,20151008,1200,,LO,43.0N,31.0W,45,980,180,270,280,140,0,0,0,0,0,0,0,0
AL,JOAQUIN,2015,11,76,20151008,1800,,LO,43.5N,27.3W,45,984,180,280,270,140,0,0,0,0,0,0,0,0
AL,JOAQUIN,2015,11,76,20151009,0,,EX,43.9N,24.1W,45,987,190,280,270,130,0,0,0,0,0,0,0,0
AL,JOAQUIN,2015,11,76,20151009,600,,EX,44.1N,21.9W,45,988,190,290,250,130,0,0,0,0,0,0,0,0
AL,JOAQUIN,2015,11,76,20151009,1200,,EX,44.2N,19.9W,45,988,200,280,230,140,0,0,0,0,0,0,0,0
AL,JOAQUIN,2015,11,76,20151009,1800,,EX,44.1N,18.2W,40,989,200,270,210,160,0,0,0,0,0,0,0,0
AL,JOAQUIN,2015,11,76,20151010,0,,EX,43.8N,16.4W,35,992,200,260,200,200,0,0,0,0,0,0,0,0
AL,JOAQUIN,2015,11,76,20151010,600,,EX,43.4N,15.0W,35,993,200,230,240,240,0,0,0,0,0,0,0,0
AL,JOAQUIN,2015,11,76,20151010,1200,,EX,43.1N,13.9W,35,996,180,200,0,0,0,0,0,0,0,0,0,0
AL,JOAQUIN,2015,11,76,20151010,1800,,EX,42.8N,12.9W,30,998,0,0,0,0,0,0,0,0,0,0,0,0
AL,JOAQUIN,2015,11,76,20151011,0,,EX,42.5N,12.0W,30,999,0,0,0,0,0,0,0,0,0,0,0,0
AL,JOAQUIN,2015,11,76,20151011,600,,EX,42.2N,11.3W,30,1000,0,0,0,0,0,0,0,0,0,0,0,0
AL,JOAQUIN,2015,11,76,20151011,1200,,EX,41.8N,10.8W,35,1001,0,0,0,120,0,0,0,0,0,0,0,0
AL,JOAQUIN,2015,11,76,20151011,1800,,EX,41.2N,10.5W,35,1001,0,0,140,140,0,0,0,0,0,0,0,0
AL,JOAQUIN,2015,11,76,20151012,0,,EX,40.4N,10.2W,35,1002,0,0,120,140,0,0,0,0,0,0,0,0
AL,JOAQUIN,2015,11,76,20151012,600,,EX,39.8N,9.7W,35,1002,0,0,120,140,0,0,0,0,0,0,0,0
AL,JOAQUIN,2015,11,76,20151012,1200,,EX,39.5N,9.1W,35,1003,0,0,120,140,0,0,0,0,0,0,0,0
AL,JOAQUIN,2015,11,76,20151012,1800,,EX,39.1N,8.8W,30,1005,0,0,0,0,0,0,0,0,0,0,0,0
AL,JOAQUIN,2015,11,76,20151013,0,,EX,38.6N,8.9W,25,1007,0,0,0,0,0,0,0,0,0,0,0,0
AL,JOAQUIN,2015,11,76,20151013,600,,EX,38.0N,9.1W,20,1009,0,0,0,0,0,0,0,0,0,0,0,0
AL,JOAQUIN,2015,11,76,20151013,1200,,EX,37.3N,9.2W,20,1010,0,0,0,0,0,0,0,0,0,0,0,0
AL,JOAQUIN,2015,11,76,20151013,1800,,EX,36.6N,9.1W,20,1010,0,0,0,0,0,0,0,0,0,0,0,0
AL,JOAQUIN,2015,11,76,20151014,0,,EX,36.0N,9.0W,20,1011,0,0,0,0,0,0,0,0,0,0,0,0
AL,JOAQUIN,2015,11,76,20151014,600,,EX,35.5N,8.7W,20,1011,0,0,0,0,0,0,0,0,0,0,0,0
AL,JOAQUIN,2015,11,76,20151014,1200,,EX,35.1N,8.4W,20,1011,0,0,0,0,0,0,0,0,0,0,0,0
AL,JOAQUIN,2015,11,76,20151014,1800,,EX,35.0N,8.0W,15,1012,0,0,0,0,0,0,0,0,0,0,0,0
AL,JOAQUIN,2015,11,76,20151015,0,,EX,35.2N,7.7W,15,1012,0,0,0,0,0,0,0,0,0,0,0,0
AL,KATE,2015,12,20,20151108,1800,,TD,22.2N,71.5W,30,1010,0,0,0,0,0,0,0,0,0,0,0,0
AL,KATE,2015,12,20,20151109,0,,TD,22.8N,72.6W,30,1010,0,0,0,0,0,0,0,0,0,0,0,0
AL,KATE,2015,12,20,20151109,600,,TS,23.4N,73.7W,35,1010,50,0,0,30,0,0,0,0,0,0,0,0
AL,KATE,2015,12,20,20151109,1200,,TS,24.1N,74.8W,40,1008,60,0,0,30,0,0,0,0,0,0,0,0
AL,KATE,2015,12,20,20151109,1800,,TS,25.0N,75.7W,45,1008,70,0,0,30,0,0,0,0,0,0,0,0
AL,KATE,2015,12,20,20151110,0,,TS,26.4N,76.2W,50,1006,70,50,0,20,20,0,0,0,0,0,0,0
AL,KATE,2015,12,20,20151110,600,,TS,28.0N,76.2W,55,1003,70,50,20,20,20,0,0,0,0,0,0,0
AL,KATE,2015,12,20,20151110,1200,,TS,29.5N,75.4W,60,998,70,70,20,20,20,10,0,0,0,0,0,0
AL,KATE,2015,12,20,20151110,1800,,TS,31.2N,74.0W,60,993,70,70,20,20,20,10,0,0,0,0,0,0
AL,KATE,2015,12,20,20151111,0,,HU,33.1N,71.3W,65,990,80,80,60,20,20,30,0,0,0,20,0,0
AL,KATE,2015,12,20,20151111,600,,HU,35.2N,67.6W,70,985,80,100,100,20,30,60,0,0,0,20,0,0
AL,KATE,2015,12,20,20151111,1200,,HU,36.2N,62.5W,75,980,120,180,180,50,60,90,60,0,0,30,0,0
AL,KATE,2015,12,20,20151111,1800,,HU,37.6N,58.2W,65,980,150,200,180,60,60,90,60,0,0,40,0,0
AL,KATE,2015,12,20,20151112,0,,EX,38.9N,55.0W,65,980,180,210,180,90,90,110,60,0,0,40,0,0
AL,KATE,2015,12,20,20151112,600,,EX,40.0N,52.0W,65,980,220,220,180,120,120,120,60,0,0,40,0,0
AL,KATE,2015,12,20,20151112,1200,,EX,41.3N,50.4W,55,981,220,220,180,120,120,120,60,0,0,0,0,0
AL,KATE,2015,12,20,20151112,1800,,EX,41.9N,49.9W,55,983,220,220,180,120,120,120,60,0,0,0,0,0
AL,KATE,2015,12,20,20151113,0,,EX,41.5N,49.2W,50,985,540,520,200,220,120,120,60,0,0,0,0,0
AL,KATE,2015,12,20,20151113,600,,EX,40.8N,47.5W,45,985,620,460,180,220,0,0,0,0,0,0,0,0
AL,KATE,2015,12,20,20151113,1200,,EX,40.7N,45.4W,45,987,710,400,150,220,0,0,0,0,0,0,0,0
